3069 3061 3052 3050 3047 3057 3067 3060 3052 3057 3064 3059 3051 3051 3053 3047 3040 3040 3042 3044 3046 3045 3044 3044 3046 3041 3031 3031 3038 3039 3036 3033 3029 3025 3022 3022 3025 3023 3012 3010 3020 3025 3018 3013 3009 3009 3019 3026 3021 3018 3017 3016 3015 3015 3016 3015 3010 3007 3015 3021 3014 3006 3014 3022 
3068 3064 3060 3057 3054 3055 3057 3054 3050 3054 3058 3054 3047 3046 3046 3046 3045 3045 3045 3042 3040 3038 3036 3040 3046 3044 3035 3033 3035 3036 3036 3033 3027 3025 3027 3028 3029 3026 3020 3018 3022 3024 3020 3018 3017 3017 3019 3020 3020 3019 3020 3019 3016 3012 3011 3011 3012 3013 3013 3012 3007 3002 3009 3017 
3067 3067 3068 3064 3060 3054 3047 3047 3048 3050 3053 3049 3043 3041 3040 3044 3050 3050 3047 3041 3034 3030 3029 3035 3047 3047 3040 3035 3032 3033 3036 3033 3026 3025 3031 3034 3032 3030 3028 3026 3024 3023 3022 3023 3025 3025 3019 3015 3018 3020 3022 3023 3016 3010 3007 3006 3014 3020 3011 3003 3000 2997 3004 3011 
3058 3062 3066 3062 3057 3052 3048 3048 3048 3051 3054 3049 3043 3041 3040 3043 3048 3046 3042 3035 3028 3028 3033 3038 3043 3044 3041 3038 3036 3037 3041 3040 3033 3031 3032 3031 3027 3025 3026 3026 3023 3021 3023 3024 3021 3019 3018 3018 3018 3019 3020 3020 3017 3014 3009 3006 3010 3014 3011 3007 3000 2994 3004 3014 
3049 3057 3065 3059 3053 3051 3050 3049 3048 3052 3056 3050 3043 3041 3040 3043 3046 3043 3037 3030 3022 3026 3037 3040 3040 3040 3041 3041 3039 3042 3047 3047 3041 3037 3033 3028 3021 3019 3024 3025 3021 3020 3024 3024 3016 3012 3018 3021 3019 3017 3017 3017 3019 3019 3012 3006 3006 3007 3010 3012 3000 2990 3003 3017 
3052 3057 3063 3055 3048 3048 3049 3048 3048 3048 3048 3044 3040 3041 3044 3046 3049 3044 3038 3033 3029 3034 3041 3044 3043 3044 3046 3047 3046 3047 3048 3046 3042 3038 3034 3029 3025 3022 3023 3022 3019 3018 3020 3021 3018 3016 3017 3017 3017 3016 3016 3015 3016 3015 3009 3004 3007 3009 3014 3018 3011 3003 3010 3017 
3056 3058 3060 3052 3043 3045 3048 3048 3047 3043 3039 3038 3037 3042 3048 3050 3051 3046 3039 3037 3038 3041 3046 3047 3046 3048 3051 3053 3053 3051 3048 3045 3043 3039 3035 3031 3029 3026 3022 3019 3017 3016 3016 3017 3020 3020 3016 3013 3014 3015 3014 3013 3013 3012 3007 3003 3007 3012 3019 3025 3021 3018 3017 3016 
3024 3022 3021 3021 3021 3021 3021 3021 3022 3021 3020 3022 3024 3029 3036 3035 3033 3032 3031 3031 3031 3034 3038 3042 3045 3048 3051 3052 3051 3049 3047 3045 3041 3037 3031 3027 3027 3025 3023 3021 3019 3019 3022 3024 3025 3025 3020 3016 3016 3015 3016 3016 3017 3018 3016 3015 3011 3008 3014 3020 3019 3019 3020 3022 
2988 2983 2978 2987 2996 2994 2991 2993 2994 2997 3000 3004 3009 3015 3022 3018 3012 3015 3022 3023 3022 3025 3030 3036 3044 3048 3051 3050 3048 3047 3047 3044 3039 3033 3026 3023 3024 3024 3025 3024 3022 3023 3028 3032 3032 3030 3025 3021 3017 3016 3018 3020 3022 3025 3028 3028 3015 3003 3009 3014 3016 3018 3024 3029 
2992 2987 2981 2988 2995 2994 2992 2992 2992 2998 3005 3007 3009 3011 3013 3015 3017 3020 3023 3025 3027 3028 3031 3037 3047 3052 3055 3054 3050 3048 3048 3046 3043 3039 3034 3031 3029 3027 3026 3025 3022 3021 3023 3025 3024 3023 3022 3020 3016 3014 3015 3017 3020 3022 3020 3018 3013 3009 3014 3020 3020 3021 3024 3027 
3003 2997 2991 2993 2997 2997 2998 2996 2994 3003 3014 3013 3010 3008 3005 3014 3027 3028 3026 3028 3032 3034 3033 3040 3051 3057 3059 3057 3052 3050 3050 3049 3047 3045 3044 3041 3035 3030 3028 3025 3021 3018 3016 3015 3014 3014 3017 3018 3014 3011 3012 3012 3016 3017 3009 3003 3009 3016 3022 3028 3026 3024 3024 3024 
2992 2989 2987 2990 2993 2993 2992 2994 2996 3005 3015 3014 3012 3013 3014 3021 3030 3030 3026 3029 3035 3039 3042 3049 3060 3063 3063 3059 3054 3051 3049 3049 3048 3048 3046 3044 3039 3034 3030 3027 3023 3021 3019 3016 3011 3010 3017 3021 3015 3011 3011 3011 3014 3016 3006 2999 3007 3015 3024 3032 3031 3031 3029 3026 
2976 2979 2981 2985 2989 2987 2985 2991 2998 3006 3015 3015 3013 3019 3027 3030 3032 3030 3027 3031 3037 3044 3051 3060 3069 3071 3066 3061 3055 3051 3049 3048 3049 3049 3048 3045 3042 3038 3032 3028 3026 3025 3023 3019 3010 3008 3018 3024 3016 3010 3010 3011 3014 3015 3004 2997 3005 3013 3025 3035 3037 3039 3035 3030 
2980 2981 2983 2987 2991 2989 2986 2991 2996 3005 3014 3014 3012 3017 3023 3027 3030 3030 3030 3034 3040 3045 3050 3056 3063 3064 3061 3059 3058 3057 3057 3056 3056 3056 3055 3052 3047 3041 3036 3033 3032 3030 3025 3019 3011 3006 3011 3015 3014 3013 3009 3006 3009 3011 3007 3004 3006 3010 3023 3036 3037 3037 3032 3027 
2989 2988 2986 2990 2995 2992 2990 2991 2993 3003 3013 3013 3011 3013 3015 3020 3026 3030 3034 3039 3044 3046 3046 3049 3052 3054 3054 3057 3061 3064 3067 3067 3065 3064 3064 3061 3052 3045 3041 3039 3039 3036 3028 3019 3011 3004 3003 3003 3012 3016 3007 3001 3004 3008 3011 3013 3008 3006 3021 3036 3034 3032 3027 3022 
2997 2993 2990 2996 3001 3001 3001 3001 3000 3008 3018 3016 3012 3016 3022 3026 3030 3034 3038 3045 3053 3053 3049 3050 3053 3056 3060 3064 3068 3072 3075 3076 3076 3077 3080 3076 3066 3055 3045 3038 3036 3034 3031 3024 3012 3003 3002 3003 3006 3008 3004 3001 3006 3011 3014 3016 3012 3009 3019 3028 3031 3034 3027 3020 
3004 2999 2994 3001 3009 3012 3015 3012 3009 3016 3023 3020 3015 3022 3033 3035 3035 3038 3042 3051 3063 3062 3055 3054 3057 3063 3071 3075 3077 3080 3083 3085 3088 3092 3097 3094 3083 3068 3048 3034 3031 3030 3034 3031 3013 3001 3005 3006 3001 2997 3000 3004 3011 3017 3017 3017 3015 3015 3016 3018 3028 3038 3028 3019 
3006 3003 3000 3003 3006 3008 3011 3012 3013 3019 3026 3024 3020 3026 3035 3037 3037 3041 3046 3053 3060 3060 3057 3057 3059 3066 3075 3078 3078 3081 3088 3093 3094 3096 3100 3098 3090 3076 3054 3038 3034 3033 3038 3036 3020 3009 3008 3006 3001 2998 3002 3006 3013 3018 3018 3017 3015 3013 3015 3018 3027 3036 3029 3022 
3006 3006 3006 3003 2999 3000 3000 3007 3015 3021 3027 3028 3028 3030 3034 3036 3037 3043 3050 3053 3053 3055 3058 3060 3061 3068 3077 3079 3076 3081 3094 3099 3098 3097 3098 3097 3094 3083 3060 3044 3040 3038 3042 3041 3030 3020 3011 3005 3004 3004 3006 3009 3014 3018 3018 3017 3013 3009 3015 3021 3027 3032 3029 3026 
3010 3013 3016 3013 3010 3008 3006 3012 3019 3024 3028 3030 3031 3032 3034 3039 3046 3049 3050 3050 3049 3053 3059 3061 3062 3068 3077 3081 3081 3086 3096 3100 3100 3099 3100 3099 3097 3087 3066 3051 3048 3045 3046 3043 3034 3024 3010 3001 3002 3003 3006 3010 3015 3019 3021 3022 3015 3009 3017 3025 3026 3028 3029 3029 
3016 3022 3027 3028 3028 3024 3019 3021 3024 3027 3029 3031 3031 3033 3034 3045 3059 3057 3049 3047 3047 3052 3059 3062 3063 3068 3077 3083 3088 3093 3097 3100 3100 3101 3103 3103 3099 3089 3071 3059 3057 3054 3050 3045 3036 3025 3008 2996 2997 2999 3004 3009 3015 3021 3026 3029 3019 3010 3019 3028 3026 3024 3029 3033 
3015 3019 3024 3023 3021 3021 3020 3023 3026 3028 3031 3032 3033 3033 3034 3043 3055 3052 3045 3045 3048 3054 3062 3065 3065 3070 3078 3085 3091 3096 3099 3101 3102 3102 3103 3103 3101 3092 3075 3063 3061 3058 3054 3048 3039 3027 3011 2999 2999 3000 3007 3013 3015 3017 3024 3028 3016 3007 3016 3023 3021 3019 3023 3026 
3011 3012 3014 3008 3003 3009 3016 3021 3025 3029 3032 3033 3034 3033 3033 3038 3044 3043 3039 3043 3049 3057 3066 3069 3068 3073 3080 3086 3091 3096 3101 3103 3103 3103 3102 3102 3103 3096 3079 3066 3062 3058 3057 3052 3042 3031 3017 3006 3003 3003 3012 3018 3014 3012 3018 3022 3011 3002 3009 3015 3014 3014 3014 3014 
3009 3009 3009 3003 2998 3005 3014 3021 3028 3033 3037 3037 3037 3038 3039 3042 3045 3043 3040 3046 3055 3064 3073 3077 3078 3081 3086 3090 3094 3097 3101 3103 3103 3102 3100 3100 3101 3097 3084 3074 3069 3065 3063 3058 3046 3033 3021 3010 3006 3005 3012 3017 3012 3008 3013 3016 3011 3006 3009 3013 3012 3010 3013 3015 
3008 3007 3007 3003 2999 3006 3014 3023 3033 3038 3044 3044 3043 3045 3048 3051 3053 3049 3044 3052 3064 3074 3082 3087 3091 3093 3095 3096 3098 3100 3101 3102 3101 3100 3099 3098 3097 3095 3090 3085 3080 3075 3073 3066 3050 3035 3023 3013 3009 3006 3009 3011 3008 3005 3009 3012 3013 3015 3015 3014 3011 3008 3016 3023 
3008 3008 3009 3006 3004 3009 3014 3024 3034 3041 3047 3047 3047 3052 3058 3061 3063 3060 3056 3062 3071 3080 3087 3093 3098 3100 3101 3102 3102 3102 3103 3103 3103 3101 3099 3098 3097 3096 3093 3090 3087 3082 3076 3065 3046 3031 3024 3018 3012 3008 3009 3009 3008 3007 3008 3009 3015 3020 3017 3015 3011 3009 3015 3021 
3008 3011 3013 3012 3010 3012 3014 3024 3034 3041 3048 3049 3049 3057 3068 3072 3074 3074 3073 3075 3077 3083 3091 3096 3101 3104 3107 3107 3105 3105 3106 3107 3106 3105 3101 3099 3099 3097 3094 3091 3091 3087 3075 3060 3038 3022 3024 3023 3016 3011 3009 3009 3010 3011 3009 3009 3016 3021 3018 3014 3013 3011 3011 3012 
3011 3012 3014 3014 3014 3012 3011 3019 3028 3038 3047 3051 3054 3066 3081 3084 3083 3083 3083 3082 3082 3085 3090 3095 3100 3105 3108 3109 3106 3106 3106 3106 3107 3106 3103 3101 3099 3097 3093 3091 3091 3087 3075 3060 3037 3020 3021 3020 3016 3013 3009 3007 3010 3013 3013 3013 3016 3019 3017 3014 3013 3011 3010 3009 
3017 3014 3012 3013 3014 3011 3007 3012 3019 3031 3045 3053 3060 3077 3096 3096 3091 3089 3088 3087 3085 3086 3087 3091 3097 3103 3108 3108 3106 3104 3102 3103 3105 3105 3105 3103 3099 3096 3092 3089 3086 3082 3075 3063 3041 3023 3016 3011 3014 3015 3009 3006 3010 3014 3017 3020 3017 3015 3015 3015 3012 3009 3010 3012 
3021 3016 3012 3012 3013 3011 3010 3012 3014 3029 3045 3055 3065 3082 3101 3101 3096 3093 3092 3091 3089 3089 3090 3092 3095 3100 3104 3105 3103 3101 3100 3101 3103 3105 3106 3104 3098 3093 3092 3089 3087 3082 3076 3065 3043 3024 3016 3010 3013 3015 3009 3005 3008 3013 3019 3024 3017 3011 3013 3015 3013 3011 3011 3011 
3024 3019 3014 3011 3008 3013 3019 3017 3015 3029 3046 3057 3067 3082 3098 3100 3099 3097 3095 3094 3094 3096 3099 3098 3095 3096 3098 3099 3098 3098 3099 3101 3102 3104 3106 3103 3095 3091 3091 3091 3090 3087 3079 3066 3042 3023 3018 3014 3014 3013 3008 3004 3007 3011 3019 3026 3015 3006 3010 3015 3015 3016 3012 3007 
3021 3018 3015 3012 3008 3015 3022 3020 3016 3031 3048 3060 3070 3082 3093 3096 3096 3094 3093 3095 3098 3100 3102 3100 3096 3095 3097 3096 3095 3095 3097 3099 3100 3102 3104 3103 3096 3093 3094 3095 3095 3091 3081 3066 3040 3020 3016 3013 3013 3013 3008 3006 3008 3012 3020 3027 3015 3006 3009 3012 3014 3015 3012 3008 
3013 3014 3015 3013 3011 3015 3020 3020 3019 3033 3049 3062 3075 3082 3087 3087 3086 3086 3087 3093 3100 3101 3100 3099 3098 3098 3099 3097 3095 3094 3094 3095 3096 3099 3102 3103 3100 3099 3101 3101 3100 3095 3083 3065 3037 3015 3009 3005 3011 3014 3010 3008 3012 3016 3022 3027 3018 3010 3009 3008 3008 3009 3011 3013 
3005 3011 3017 3015 3013 3015 3017 3018 3019 3031 3044 3060 3076 3081 3084 3084 3082 3082 3082 3090 3101 3102 3099 3099 3099 3099 3100 3098 3094 3093 3093 3094 3095 3097 3101 3102 3100 3100 3101 3102 3101 3095 3081 3062 3035 3015 3008 3005 3010 3014 3012 3010 3010 3012 3019 3025 3016 3009 3009 3009 3009 3009 3013 3017 
2996 3008 3020 3017 3014 3014 3014 3014 3015 3023 3032 3052 3074 3080 3084 3085 3085 3082 3078 3086 3100 3103 3102 3100 3097 3098 3100 3098 3093 3092 3094 3096 3096 3097 3101 3101 3098 3096 3096 3096 3097 3092 3075 3057 3035 3019 3016 3013 3012 3012 3014 3014 3004 2998 3010 3020 3011 3004 3010 3016 3017 3018 3019 3019 
2995 3006 3018 3015 3013 3011 3009 3011 3013 3018 3022 3044 3069 3079 3084 3086 3087 3083 3079 3085 3097 3101 3101 3099 3096 3097 3101 3099 3094 3094 3097 3098 3097 3098 3100 3100 3096 3093 3092 3092 3094 3089 3072 3054 3034 3020 3018 3017 3013 3011 3016 3018 3008 3000 3011 3019 3010 3003 3011 3018 3021 3025 3022 3019 
3002 3004 3007 3008 3009 3006 3003 3008 3013 3014 3015 3037 3063 3076 3087 3089 3087 3086 3084 3088 3093 3095 3096 3095 3094 3096 3101 3101 3098 3098 3100 3100 3098 3098 3100 3098 3093 3089 3089 3090 3091 3087 3071 3053 3032 3017 3016 3014 3012 3012 3020 3025 3022 3020 3022 3023 3016 3009 3012 3014 3022 3029 3023 3017 
3004 3001 2999 3002 3005 3002 2999 3005 3011 3012 3011 3033 3059 3074 3086 3088 3087 3087 3086 3088 3091 3093 3095 3095 3094 3096 3100 3100 3097 3096 3098 3099 3098 3099 3100 3099 3093 3089 3088 3088 3089 3083 3067 3050 3030 3016 3015 3014 3012 3012 3020 3027 3027 3028 3028 3027 3021 3015 3014 3014 3021 3028 3024 3019 
2997 2997 2997 2999 3001 3000 2998 3002 3008 3010 3011 3033 3059 3070 3078 3082 3086 3085 3083 3086 3091 3096 3101 3101 3098 3097 3099 3096 3089 3087 3090 3093 3095 3099 3103 3103 3099 3095 3090 3087 3086 3078 3060 3043 3028 3017 3017 3016 3012 3011 3016 3020 3019 3018 3025 3031 3026 3022 3019 3017 3020 3023 3025 3026 
2995 2995 2994 2996 2998 2997 2995 2999 3004 3007 3010 3030 3052 3064 3072 3079 3085 3084 3080 3084 3092 3098 3103 3102 3098 3097 3097 3094 3088 3086 3087 3089 3093 3098 3104 3106 3102 3097 3090 3085 3083 3075 3056 3039 3025 3016 3017 3017 3013 3011 3014 3015 3014 3014 3023 3031 3031 3031 3028 3025 3022 3020 3024 3029 
3004 2998 2992 2994 2997 2994 2990 2994 2999 3003 3007 3020 3035 3051 3068 3078 3086 3083 3076 3083 3094 3097 3097 3096 3093 3094 3096 3098 3098 3096 3091 3090 3091 3095 3104 3106 3102 3095 3087 3081 3080 3073 3055 3038 3024 3014 3016 3017 3016 3015 3013 3012 3014 3016 3022 3029 3037 3044 3042 3040 3030 3021 3022 3023 
3008 3001 2995 2995 2996 2992 2988 2992 2998 3001 3003 3011 3020 3039 3061 3074 3085 3082 3074 3081 3093 3096 3093 3092 3092 3093 3096 3099 3103 3101 3094 3090 3089 3093 3101 3104 3100 3094 3085 3079 3078 3071 3053 3036 3022 3013 3015 3017 3018 3018 3015 3014 3015 3017 3020 3024 3038 3050 3049 3048 3037 3026 3024 3023 
3004 3004 3004 3001 2997 2993 2989 2995 3001 3000 2998 3005 3013 3028 3046 3064 3082 3081 3074 3079 3090 3092 3091 3094 3098 3099 3098 3097 3098 3097 3094 3091 3089 3090 3094 3097 3098 3095 3087 3081 3077 3068 3049 3033 3023 3015 3016 3016 3018 3020 3022 3022 3018 3015 3016 3018 3031 3042 3044 3044 3040 3036 3034 3031 
3002 3006 3009 3003 2996 2994 2993 2999 3007 3003 2997 3003 3010 3022 3036 3055 3076 3079 3076 3080 3087 3090 3091 3096 3102 3103 3099 3097 3095 3095 3095 3093 3091 3090 3091 3093 3096 3095 3090 3083 3076 3064 3046 3031 3023 3018 3017 3017 3018 3020 3024 3026 3021 3016 3014 3014 3026 3038 3040 3042 3042 3042 3039 3036 
3003 3004 3005 2998 2990 2994 2999 3007 3016 3011 3005 3010 3018 3026 3035 3050 3068 3076 3081 3084 3085 3091 3098 3101 3101 3100 3099 3098 3097 3098 3100 3099 3097 3095 3095 3094 3093 3092 3093 3088 3073 3059 3046 3034 3026 3020 3021 3020 3017 3016 3020 3022 3022 3021 3017 3016 3028 3039 3040 3041 3041 3041 3036 3031 
3006 3004 3002 2996 2989 2996 3004 3013 3021 3017 3011 3015 3021 3027 3032 3044 3059 3072 3084 3085 3083 3090 3101 3103 3099 3099 3100 3100 3098 3098 3102 3102 3100 3099 3099 3097 3091 3089 3094 3089 3069 3053 3044 3035 3027 3022 3023 3022 3016 3012 3015 3018 3021 3024 3019 3016 3028 3039 3040 3041 3039 3037 3033 3028 
3014 3007 3000 2999 2999 3001 3004 3012 3019 3018 3016 3015 3014 3017 3021 3035 3052 3066 3077 3080 3079 3086 3095 3098 3097 3098 3102 3100 3094 3094 3097 3097 3095 3096 3101 3100 3090 3086 3087 3081 3062 3046 3037 3029 3024 3021 3020 3019 3014 3011 3011 3012 3016 3018 3015 3014 3025 3035 3039 3042 3035 3029 3028 3028 
3017 3009 3002 3004 3006 3006 3005 3011 3018 3019 3018 3014 3010 3011 3014 3027 3044 3058 3072 3077 3079 3084 3092 3094 3094 3097 3102 3100 3092 3090 3093 3094 3091 3094 3102 3102 3091 3083 3082 3073 3054 3039 3031 3025 3023 3021 3019 3017 3014 3012 3009 3007 3011 3014 3011 3010 3020 3030 3035 3040 3031 3022 3024 3026 
3004 3007 3010 3009 3008 3008 3008 3013 3018 3018 3016 3016 3016 3017 3018 3025 3034 3049 3068 3078 3085 3090 3094 3094 3092 3094 3098 3096 3090 3089 3093 3093 3089 3091 3097 3098 3092 3086 3079 3067 3048 3034 3030 3027 3025 3023 3020 3018 3018 3017 3012 3008 3010 3011 3006 3004 3013 3023 3025 3027 3024 3021 3021 3021 
2995 3005 3015 3012 3009 3010 3011 3014 3017 3016 3013 3016 3020 3021 3021 3023 3025 3043 3066 3081 3091 3095 3096 3094 3091 3091 3094 3093 3089 3089 3093 3093 3089 3089 3093 3094 3094 3088 3075 3060 3042 3030 3030 3029 3027 3025 3021 3019 3020 3020 3014 3009 3009 3008 3003 3000 3009 3017 3016 3016 3018 3021 3019 3017 
2999 3004 3008 3007 3006 3009 3013 3013 3012 3010 3008 3012 3016 3017 3017 3021 3025 3047 3075 3088 3096 3099 3099 3098 3094 3093 3093 3092 3090 3090 3092 3092 3092 3091 3090 3090 3093 3087 3071 3055 3039 3030 3033 3033 3028 3024 3021 3018 3015 3013 3014 3014 3009 3005 3005 3005 3010 3014 3013 3011 3018 3024 3024 3023 
3004 3003 3003 3004 3004 3009 3014 3012 3008 3006 3004 3007 3012 3013 3014 3019 3025 3049 3080 3093 3098 3100 3101 3100 3097 3095 3093 3093 3092 3092 3092 3092 3094 3093 3089 3088 3092 3086 3068 3052 3038 3031 3035 3035 3028 3022 3019 3016 3011 3008 3014 3017 3010 3005 3008 3012 3013 3013 3010 3007 3017 3026 3027 3028 
3009 3006 3003 3004 3006 3009 3013 3013 3012 3008 3004 3004 3005 3010 3016 3019 3021 3042 3070 3083 3091 3096 3100 3098 3094 3094 3097 3097 3096 3095 3095 3095 3095 3095 3094 3092 3089 3083 3071 3058 3043 3032 3031 3029 3023 3018 3015 3012 3008 3006 3011 3015 3013 3011 3016 3019 3018 3017 3011 3005 3012 3019 3024 3030 
3012 3008 3003 3005 3007 3009 3012 3013 3015 3009 3003 3002 3002 3009 3017 3020 3021 3038 3062 3076 3086 3093 3098 3097 3093 3094 3099 3100 3098 3097 3097 3097 3096 3096 3098 3095 3088 3080 3074 3064 3048 3037 3031 3026 3021 3017 3014 3012 3009 3008 3012 3016 3017 3019 3024 3028 3025 3022 3014 3006 3011 3016 3024 3032 
3008 3008 3007 3008 3009 3007 3006 3009 3013 3009 3003 3006 3010 3015 3020 3027 3035 3051 3070 3083 3095 3099 3100 3099 3097 3096 3095 3094 3093 3094 3097 3098 3097 3096 3097 3095 3092 3085 3075 3067 3063 3058 3049 3041 3038 3034 3030 3027 3027 3028 3031 3033 3033 3033 3037 3040 3038 3036 3030 3024 3029 3033 3035 3037 
3006 3009 3012 3011 3010 3006 3001 3006 3013 3009 3004 3010 3018 3021 3022 3034 3049 3063 3077 3090 3103 3105 3101 3101 3102 3099 3092 3089 3090 3092 3097 3098 3098 3097 3096 3095 3095 3090 3077 3072 3077 3077 3065 3056 3053 3050 3045 3042 3044 3045 3047 3049 3047 3046 3049 3051 3051 3050 3046 3042 3046 3049 3046 3043 
3013 3015 3016 3014 3012 3009 3005 3011 3018 3014 3009 3013 3019 3024 3028 3042 3058 3073 3088 3097 3103 3104 3103 3105 3109 3106 3098 3097 3099 3099 3096 3097 3102 3102 3099 3096 3094 3092 3089 3088 3089 3087 3076 3068 3062 3057 3054 3052 3052 3051 3051 3052 3057 3061 3057 3053 3059 3064 3061 3058 3059 3060 3057 3054 
3019 3020 3021 3018 3015 3012 3009 3015 3023 3020 3015 3018 3023 3029 3035 3049 3066 3082 3097 3102 3103 3103 3104 3108 3114 3112 3104 3103 3107 3105 3096 3096 3105 3107 3101 3096 3094 3095 3100 3102 3100 3096 3087 3078 3071 3065 3064 3062 3059 3057 3055 3056 3066 3074 3063 3056 3066 3075 3074 3072 3071 3070 3067 3064 
3016 3021 3026 3024 3021 3020 3018 3023 3028 3029 3029 3036 3045 3046 3045 3056 3070 3080 3089 3095 3099 3102 3103 3106 3110 3108 3102 3103 3109 3108 3103 3101 3103 3101 3096 3095 3098 3100 3103 3104 3102 3099 3090 3082 3078 3074 3072 3070 3065 3061 3062 3063 3065 3066 3063 3061 3066 3070 3071 3071 3072 3072 3072 3072 
3014 3022 3031 3029 3028 3028 3028 3031 3034 3038 3043 3054 3066 3063 3056 3063 3074 3079 3081 3088 3096 3100 3102 3104 3107 3105 3100 3103 3110 3111 3109 3106 3101 3097 3092 3093 3101 3106 3105 3105 3104 3101 3092 3086 3084 3082 3080 3077 3070 3065 3068 3069 3063 3059 3063 3065 3065 3065 3068 3071 3072 3074 3076 3079 
3027 3027 3028 3033 3038 3040 3041 3044 3046 3048 3050 3060 3072 3072 3069 3072 3077 3079 3080 3085 3092 3096 3099 3100 3100 3097 3094 3096 3104 3108 3109 3106 3101 3095 3089 3090 3099 3104 3107 3106 3100 3095 3089 3083 3078 3075 3079 3081 3074 3070 3072 3073 3071 3070 3071 3073 3071 3069 3070 3072 3079 3086 3082 3078 
3039 3033 3027 3037 3048 3052 3055 3056 3057 3057 3056 3066 3079 3082 3083 3082 3080 3079 3078 3082 3087 3092 3096 3096 3093 3090 3087 3091 3098 3104 3109 3107 3100 3093 3087 3088 3096 3103 3109 3108 3097 3089 3085 3080 3071 3068 3078 3083 3078 3074 3075 3077 3078 3080 3080 3079 3075 3072 3072 3073 3086 3098 3088 3078 
3040 3039 3038 3049 3060 3060 3060 3061 3062 3059 3056 3066 3078 3082 3084 3085 3086 3086 3086 3087 3089 3090 3091 3089 3086 3085 3086 3089 3093 3098 3104 3104 3098 3095 3094 3094 3097 3100 3103 3103 3097 3091 3086 3080 3072 3068 3075 3080 3080 3081 3083 3084 3081 3079 3077 3076 3072 3070 3075 3080 3087 3094 3085 3076 
3040 3045 3050 3061 3072 3069 3065 3066 3067 3062 3057 3065 3077 3082 3086 3089 3092 3093 3094 3093 3091 3089 3086 3082 3079 3080 3086 3088 3087 3092 3100 3101 3097 3096 3100 3101 3098 3096 3097 3098 3097 3094 3087 3080 3072 3067 3072 3077 3082 3088 3090 3091 3084 3078 3075 3072 3069 3068 3078 3087 3089 3091 3082 3074 