3059 3055 3050 3050 3049 3051 3054 3045 3034 3035 3037 3040 3044 3043 3041 3036 3031 3023 3014 3016 3022 3027 3031 3030 3024 3023 3024 3022 3017 3017 3020 3021 3021 3020 3017 3015 3014 3012 3009 3006 3002 3002 3009 3011 3005 3002 3005 3008 3009 3010 3012 3014 3013 3013 3014 3013 3008 3003 2995 2987 2993 2998 3001 3003 
3054 3051 3049 3046 3044 3047 3050 3047 3043 3038 3033 3037 3043 3039 3033 3029 3026 3023 3020 3019 3019 3021 3025 3025 3023 3021 3020 3020 3021 3019 3014 3013 3015 3016 3015 3011 3006 3004 3008 3010 3008 3009 3012 3013 3010 3007 3006 3005 3007 3008 3007 3007 3011 3015 3014 3012 3007 3003 2997 2993 2997 3000 3001 3002 
3049 3048 3047 3043 3039 3043 3047 3050 3052 3042 3030 3034 3042 3035 3025 3022 3021 3023 3025 3021 3015 3015 3018 3020 3021 3020 3017 3018 3024 3020 3009 3006 3010 3012 3013 3008 2998 2997 3007 3014 3014 3015 3015 3015 3015 3013 3006 3002 3004 3005 3001 3000 3009 3016 3014 3010 3006 3002 3000 2998 3000 3003 3001 3000 
3042 3045 3047 3042 3036 3040 3045 3045 3045 3036 3026 3029 3033 3030 3024 3024 3025 3025 3024 3023 3021 3019 3018 3019 3021 3020 3016 3017 3021 3018 3008 3006 3012 3015 3016 3013 3006 3005 3011 3014 3013 3012 3011 3010 3011 3010 3007 3005 3004 3003 3003 3004 3009 3013 3007 3003 3005 3007 3002 2998 2998 2997 3001 3004 
3034 3041 3048 3040 3033 3037 3043 3040 3037 3030 3022 3023 3025 3025 3024 3027 3030 3027 3023 3024 3027 3024 3017 3018 3021 3020 3016 3015 3017 3014 3007 3007 3014 3018 3019 3017 3014 3013 3014 3014 3012 3009 3007 3006 3007 3007 3008 3008 3003 3001 3005 3009 3010 3009 3001 2995 3004 3012 3005 2998 2995 2992 3000 3008 
3041 3044 3048 3042 3036 3041 3047 3042 3037 3032 3027 3027 3027 3026 3024 3027 3030 3028 3024 3025 3028 3026 3020 3020 3023 3022 3019 3018 3017 3014 3009 3009 3014 3018 3019 3018 3011 3010 3014 3016 3015 3014 3014 3014 3011 3010 3012 3012 3008 3006 3008 3010 3008 3006 3004 3004 3010 3014 3011 3007 3000 2993 2997 3001 
3048 3048 3048 3044 3040 3046 3052 3045 3037 3034 3032 3031 3030 3027 3024 3026 3031 3029 3026 3026 3028 3027 3024 3023 3024 3023 3022 3020 3017 3014 3011 3011 3014 3017 3020 3018 3008 3006 3014 3019 3018 3019 3023 3023 3017 3013 3016 3017 3014 3011 3012 3011 3006 3002 3009 3014 3016 3017 3017 3016 3005 2995 2994 2994 
3015 3016 3016 3016 3016 3022 3028 3022 3016 3015 3016 3015 3014 3012 3010 3012 3016 3019 3023 3024 3025 3023 3019 3019 3020 3019 3017 3015 3013 3012 3012 3013 3014 3016 3018 3018 3016 3016 3017 3018 3018 3019 3020 3020 3014 3010 3014 3016 3013 3012 3014 3014 3010 3007 3011 3013 3010 3008 3011 3014 3007 3001 2999 2997 
2978 2980 2981 2986 2990 2995 3000 2997 2993 2994 2997 2997 2996 2996 2995 2997 2999 3008 3019 3022 3022 3019 3014 3014 3016 3014 3011 3009 3008 3009 3013 3015 3014 3014 3015 3018 3025 3027 3021 3018 3018 3018 3017 3015 3009 3007 3012 3015 3012 3011 3015 3018 3015 3012 3012 3011 3003 2997 3004 3009 3008 3007 3004 3001 
2981 2981 2981 2986 2991 2990 2989 2990 2991 2994 2996 2998 3000 3000 3000 2998 2997 3005 3015 3021 3025 3025 3022 3019 3016 3014 3013 3010 3007 3008 3012 3013 3011 3008 3006 3007 3012 3015 3013 3012 3011 3010 3009 3007 3004 3002 3002 3002 3004 3005 3006 3007 3007 3007 3007 3007 3003 2999 3006 3012 3011 3010 3006 3002 
2990 2987 2985 2990 2996 2988 2979 2986 2994 2996 2998 3002 3007 3007 3007 3002 2997 3002 3011 3020 3030 3033 3032 3026 3016 3014 3016 3013 3006 3006 3012 3011 3006 3001 2995 2993 2996 2999 3003 3005 3003 3002 3000 2998 2998 2996 2991 2989 2994 2998 2996 2995 2998 3000 3002 3003 3003 3003 3009 3014 3014 3012 3007 3002 
2987 2985 2982 2988 2993 2990 2987 2989 2992 2996 3001 3002 3004 3007 3010 3006 2999 3008 3022 3029 3033 3036 3038 3032 3022 3019 3019 3016 3011 3010 3013 3011 3005 2999 2995 2993 2994 2995 2996 2998 2998 2998 2996 2994 2993 2992 2990 2990 2993 2996 2996 2997 2997 2997 2997 2997 3002 3006 3010 3013 3012 3011 3007 3003 
2983 2980 2977 2983 2989 2993 2997 2994 2990 2996 3004 3002 2999 3005 3013 3009 3002 3015 3035 3039 3037 3038 3042 3038 3030 3025 3022 3019 3017 3015 3014 3011 3004 2999 2996 2994 2994 2992 2991 2991 2994 2995 2994 2991 2988 2987 2991 2993 2993 2994 2999 3002 2998 2995 2992 2991 3000 3009 3010 3010 3009 3008 3007 3005 
2978 2977 2976 2983 2991 2996 3000 2998 2995 3001 3007 3008 3007 3011 3016 3015 3012 3021 3035 3040 3043 3045 3046 3041 3032 3027 3025 3023 3021 3019 3018 3015 3012 3008 3003 2999 2996 2994 2994 2994 2992 2991 2993 2993 2990 2988 2990 2992 2993 2994 2995 2995 2994 2993 2995 2997 3003 3008 3012 3014 3010 3006 3006 3006 
2973 2975 2976 2985 2994 2998 3001 3002 3002 3006 3011 3015 3018 3019 3019 3021 3024 3027 3030 3039 3050 3052 3050 3043 3034 3029 3028 3026 3025 3023 3022 3021 3022 3018 3011 3004 2998 2996 3001 3000 2991 2987 2992 2995 2992 2990 2990 2990 2993 2994 2989 2985 2988 2991 2998 3005 3006 3007 3014 3020 3012 3004 3005 3007 
2983 2984 2984 2989 2994 2999 3003 3005 3007 3012 3017 3020 3022 3023 3024 3026 3028 3032 3036 3044 3053 3053 3047 3040 3033 3030 3029 3028 3026 3025 3023 3023 3025 3023 3017 3011 3004 3000 3001 2999 2991 2987 2988 2989 2988 2988 2989 2990 2993 2995 2990 2988 2992 2996 3001 3005 3003 3002 3011 3019 3009 2999 3003 3006 
2996 2996 2995 2995 2994 2999 3005 3008 3011 3017 3025 3025 3023 3026 3029 3030 3030 3036 3045 3051 3055 3051 3042 3036 3032 3030 3030 3029 3027 3026 3024 3024 3025 3025 3024 3019 3010 3004 3000 2996 2992 2988 2983 2981 2982 2984 2987 2991 2993 2995 2994 2994 2999 3003 3003 3002 2998 2995 3006 3016 3005 2994 2999 3004 
3000 3000 3000 2997 2995 3001 3008 3011 3015 3023 3032 3031 3027 3028 3030 3029 3027 3035 3046 3052 3056 3052 3043 3040 3040 3040 3039 3038 3037 3034 3030 3027 3026 3026 3026 3025 3022 3016 3006 3000 2998 2994 2988 2984 2988 2990 2992 2993 2994 2995 2995 2997 3004 3009 3009 3008 3002 2997 3007 3016 3010 3004 3004 3005 
2999 3001 3002 2999 2996 3003 3011 3015 3018 3029 3040 3037 3032 3030 3029 3026 3023 3032 3045 3052 3056 3053 3046 3047 3052 3053 3051 3050 3049 3045 3037 3031 3027 3026 3028 3031 3036 3032 3015 3005 3005 3002 2995 2992 2997 3000 2998 2997 2996 2995 2996 2998 3007 3015 3017 3018 3009 3002 3010 3018 3018 3018 3012 3006 
3000 3003 3007 3004 3001 3009 3018 3022 3025 3032 3040 3038 3035 3033 3030 3029 3027 3034 3043 3050 3055 3055 3051 3053 3058 3062 3064 3064 3064 3060 3053 3043 3031 3026 3029 3032 3037 3033 3019 3008 3003 2999 2994 2992 2997 2999 2997 2995 2995 2995 2998 3001 3007 3011 3015 3018 3011 3006 3008 3010 3014 3017 3011 3005 
3001 3006 3012 3010 3008 3017 3026 3029 3031 3034 3036 3037 3038 3036 3033 3033 3035 3038 3042 3048 3054 3056 3056 3058 3062 3069 3077 3080 3079 3076 3071 3058 3036 3027 3030 3033 3033 3029 3020 3010 2998 2990 2988 2988 2993 2995 2993 2992 2993 2995 3001 3005 3004 3004 3010 3014 3011 3008 3003 2999 3005 3011 3007 3003 
3001 3005 3009 3009 3010 3020 3030 3033 3034 3035 3035 3036 3037 3037 3036 3037 3040 3041 3040 3047 3055 3057 3057 3062 3070 3078 3085 3087 3086 3082 3077 3064 3044 3034 3034 3035 3037 3033 3023 3012 3001 2993 2989 2987 2991 2994 2995 2996 2996 2997 3002 3006 3005 3006 3010 3014 3011 3008 3004 3000 3004 3008 3004 3000 
3002 3002 3002 3005 3009 3020 3032 3034 3035 3035 3035 3035 3036 3037 3038 3041 3044 3042 3039 3046 3057 3059 3055 3064 3079 3087 3090 3090 3087 3083 3078 3068 3053 3044 3039 3040 3045 3042 3026 3013 3007 3000 2992 2987 2990 2994 3000 3004 3002 3001 3003 3005 3008 3011 3014 3015 3011 3007 3007 3007 3007 3006 3001 2995 
2999 2999 2998 3003 3008 3020 3032 3033 3033 3033 3033 3035 3038 3038 3037 3040 3045 3044 3041 3047 3057 3059 3058 3067 3082 3089 3092 3091 3087 3084 3081 3073 3061 3052 3046 3043 3045 3041 3028 3019 3012 3005 2997 2992 2996 3000 3002 3004 3004 3004 3004 3005 3008 3011 3013 3014 3011 3009 3007 3005 3004 3003 2998 2993 
2996 2996 2996 3001 3007 3019 3032 3032 3030 3030 3030 3036 3043 3039 3033 3037 3044 3046 3046 3050 3055 3060 3064 3071 3081 3088 3092 3091 3086 3084 3086 3080 3068 3059 3053 3047 3040 3034 3031 3026 3017 3009 3003 3000 3006 3008 3003 3000 3003 3006 3005 3004 3005 3006 3010 3013 3013 3013 3005 2999 2998 2998 2995 2992 
2997 2998 2998 3003 3008 3019 3030 3032 3032 3033 3033 3039 3045 3042 3035 3038 3043 3048 3052 3056 3059 3064 3069 3075 3082 3088 3092 3092 3089 3089 3092 3087 3075 3065 3059 3052 3044 3038 3034 3028 3018 3010 3004 3001 3005 3006 3002 3000 3003 3005 3004 3002 3002 3002 3005 3008 3009 3011 3005 3000 3000 3000 2997 2995 
3002 3002 3003 3007 3011 3019 3028 3033 3037 3039 3040 3043 3047 3045 3041 3041 3043 3050 3060 3064 3066 3070 3073 3078 3083 3088 3093 3094 3094 3095 3099 3094 3082 3072 3064 3058 3055 3048 3038 3027 3017 3009 3003 2998 2998 2998 3000 3002 3003 3003 3001 2999 2998 2997 2999 3000 3003 3005 3006 3007 3006 3005 3003 3000 
3006 3005 3003 3008 3013 3020 3027 3033 3039 3041 3042 3044 3047 3046 3045 3047 3049 3057 3066 3070 3071 3074 3078 3082 3087 3090 3092 3094 3096 3098 3099 3095 3086 3078 3071 3066 3063 3055 3042 3028 3016 3006 3001 2997 2997 2997 2999 3001 3001 3001 3001 3001 2999 2997 2999 3000 3001 3002 3006 3010 3007 3005 3006 3007 
3009 3005 3000 3007 3014 3021 3027 3033 3039 3041 3041 3044 3046 3047 3048 3054 3062 3067 3071 3072 3073 3077 3083 3087 3091 3092 3090 3092 3096 3097 3095 3092 3089 3085 3080 3075 3069 3061 3046 3031 3015 3003 3000 2998 3000 3001 3000 2999 2999 3000 3004 3006 3003 3000 3003 3005 3004 3002 3006 3009 3005 3000 3009 3017 
3009 3004 2999 3006 3012 3020 3027 3035 3043 3046 3048 3051 3055 3056 3056 3063 3071 3074 3075 3076 3076 3079 3084 3088 3093 3093 3091 3091 3095 3094 3091 3089 3088 3086 3084 3079 3073 3063 3047 3031 3013 3000 2999 3000 3003 3004 3001 3000 3000 3002 3005 3007 3003 3001 3004 3007 3005 3003 3007 3010 3005 3002 3010 3018 
3007 3003 3000 3004 3008 3017 3027 3038 3049 3055 3061 3066 3072 3071 3070 3073 3077 3079 3080 3080 3080 3081 3081 3086 3092 3094 3092 3092 3092 3091 3088 3086 3085 3084 3084 3081 3073 3062 3046 3029 3009 2997 3000 3002 3005 3006 3005 3004 3004 3004 3004 3004 3001 2999 3003 3006 3005 3005 3009 3012 3009 3007 3010 3012 
3007 3002 2997 3001 3004 3013 3022 3035 3048 3058 3068 3074 3080 3082 3082 3080 3079 3081 3083 3084 3083 3082 3081 3084 3090 3092 3093 3092 3091 3090 3088 3086 3084 3083 3084 3082 3076 3065 3045 3026 3006 2995 2998 3001 3003 3005 3005 3005 3005 3005 3003 3002 3000 3000 3004 3008 3007 3007 3009 3011 3010 3009 3008 3008 
3008 3000 2992 2997 3002 3008 3013 3027 3041 3056 3070 3077 3082 3086 3091 3086 3077 3079 3084 3086 3086 3085 3083 3083 3085 3088 3091 3092 3091 3090 3089 3087 3086 3084 3083 3082 3081 3070 3044 3022 3004 2993 2994 2995 2998 3001 3002 3004 3004 3003 3002 3000 3000 3001 3009 3015 3011 3008 3008 3008 3007 3006 3007 3007 
3007 3000 2994 2996 2999 3004 3009 3024 3040 3056 3071 3077 3081 3087 3094 3087 3077 3079 3085 3086 3086 3085 3084 3084 3084 3086 3089 3091 3093 3091 3087 3085 3085 3084 3083 3083 3083 3071 3044 3022 3006 2995 2993 2993 2998 3001 3001 3001 3002 3002 3002 3002 3001 3002 3009 3014 3010 3006 3005 3003 3003 3004 3005 3006 
3002 3002 3003 3000 2996 3002 3008 3027 3047 3059 3070 3075 3079 3084 3089 3086 3081 3082 3085 3085 3083 3083 3084 3085 3086 3087 3088 3091 3096 3092 3083 3079 3081 3083 3084 3083 3081 3070 3046 3026 3010 2999 2996 2995 3002 3006 3001 2998 2999 3001 3005 3007 3004 3002 3004 3006 3004 3002 2998 2995 2998 3001 3003 3005 
2998 3003 3007 3002 2997 3003 3010 3029 3049 3061 3073 3076 3078 3080 3083 3084 3084 3085 3085 3084 3082 3081 3081 3084 3087 3087 3085 3088 3094 3092 3084 3081 3082 3083 3083 3082 3079 3067 3045 3026 3010 3000 2997 2997 3004 3008 3002 2997 2998 3000 3005 3008 3006 3003 3001 3000 3000 3000 2996 2992 2997 3002 3002 3002 
2995 3001 3006 3004 3001 3007 3013 3028 3044 3061 3079 3079 3076 3076 3076 3081 3088 3089 3088 3085 3083 3079 3075 3078 3085 3086 3082 3083 3088 3091 3093 3092 3087 3084 3082 3079 3074 3062 3039 3020 3005 2996 2997 2999 3003 3005 3003 3001 3000 3000 3002 3004 3005 3006 3001 2997 2997 2997 2997 2997 3003 3009 3003 2997 
2993 2998 3004 3005 3006 3008 3009 3022 3036 3057 3079 3080 3076 3074 3073 3080 3090 3091 3089 3087 3084 3080 3075 3078 3085 3086 3082 3082 3085 3089 3095 3095 3089 3085 3081 3077 3071 3058 3033 3014 3002 2995 2998 3000 3002 3004 3005 3005 3001 2999 2999 3001 3004 3006 3003 3001 3000 2999 2999 2999 3004 3009 3000 2991 
2989 2995 3001 3006 3011 3003 2995 3008 3022 3046 3072 3077 3079 3077 3075 3080 3088 3090 3091 3088 3085 3083 3083 3085 3087 3088 3089 3088 3088 3087 3087 3086 3084 3083 3082 3078 3070 3054 3026 3007 3001 2998 3000 3001 3001 3003 3007 3008 3000 2995 2996 2998 3001 3005 3009 3012 3009 3005 3001 2996 2998 3000 2993 2985 
2988 2994 2999 3004 3010 2999 2987 2998 3011 3038 3066 3074 3078 3078 3075 3079 3084 3087 3089 3088 3085 3085 3087 3087 3086 3088 3090 3090 3089 3086 3082 3080 3081 3081 3082 3077 3067 3050 3022 3005 3003 3002 3002 3001 3000 3001 3008 3010 3001 2995 2998 3000 3000 3002 3011 3019 3016 3013 3009 3004 3001 2998 2992 2986 
2991 2994 2997 2998 3000 2994 2987 2995 3005 3032 3061 3070 3074 3075 3075 3076 3076 3080 3083 3084 3084 3084 3084 3083 3082 3082 3083 3084 3086 3085 3081 3079 3078 3078 3079 3074 3062 3046 3024 3011 3011 3009 3003 2999 2999 3000 3007 3010 3005 3002 3007 3010 3002 2998 3009 3019 3021 3023 3026 3028 3018 3008 3004 2999 
2990 2993 2996 2996 2995 2992 2987 2995 3003 3027 3053 3063 3069 3073 3075 3074 3072 3074 3079 3081 3083 3083 3083 3082 3080 3079 3079 3081 3084 3084 3081 3080 3078 3078 3078 3072 3058 3044 3027 3017 3018 3015 3006 3000 3000 3001 3007 3011 3008 3006 3010 3012 3003 2997 3006 3016 3024 3031 3037 3041 3029 3016 3012 3008 
2982 2991 3000 3000 2999 2994 2988 2999 3012 3025 3038 3051 3065 3071 3077 3075 3072 3074 3076 3079 3083 3085 3087 3086 3084 3082 3082 3082 3083 3083 3083 3083 3083 3082 3079 3072 3058 3044 3030 3021 3021 3020 3014 3009 3006 3006 3011 3013 3009 3006 3003 3001 3001 3001 3004 3009 3024 3039 3038 3037 3029 3022 3015 3007 
2980 2990 3001 3001 3001 2996 2992 3004 3018 3023 3027 3042 3060 3069 3076 3075 3071 3073 3075 3079 3083 3086 3089 3088 3085 3083 3081 3081 3081 3082 3083 3085 3086 3084 3079 3071 3057 3044 3032 3024 3024 3023 3019 3015 3010 3009 3013 3014 3009 3004 2998 2995 3001 3005 3003 3004 3025 3043 3038 3033 3029 3024 3016 3009 
2987 2991 2994 2996 2998 3001 3004 3012 3020 3022 3024 3037 3053 3063 3070 3070 3067 3071 3077 3081 3084 3087 3089 3087 3083 3079 3075 3076 3080 3082 3081 3082 3084 3082 3076 3069 3058 3046 3033 3025 3024 3023 3019 3014 3010 3007 3011 3012 3005 2999 2997 2997 3003 3007 3004 3004 3024 3042 3037 3032 3025 3019 3016 3014 
2994 2992 2991 2994 2997 3004 3011 3015 3020 3021 3023 3033 3044 3055 3064 3066 3065 3071 3079 3083 3086 3088 3089 3086 3082 3077 3072 3074 3081 3083 3082 3082 3082 3080 3075 3067 3056 3044 3032 3024 3023 3022 3018 3014 3009 3006 3009 3009 3002 2996 2998 3000 3004 3008 3005 3004 3023 3039 3035 3031 3023 3016 3017 3018 
2996 2995 2994 2998 3003 3004 3006 3010 3014 3019 3024 3027 3028 3042 3059 3066 3071 3075 3080 3084 3088 3089 3089 3086 3083 3080 3077 3079 3084 3087 3089 3087 3082 3078 3076 3067 3049 3034 3025 3020 3020 3019 3018 3015 3011 3008 3008 3007 3002 2999 3001 3003 3006 3008 3004 3003 3018 3031 3032 3032 3025 3017 3020 3023 
2997 2997 2997 3000 3003 3003 3004 3006 3009 3016 3023 3020 3016 3032 3054 3065 3073 3076 3079 3083 3088 3089 3088 3086 3084 3083 3082 3083 3086 3090 3094 3091 3082 3077 3075 3065 3042 3027 3022 3018 3019 3018 3018 3016 3011 3008 3007 3005 3003 3001 3003 3005 3007 3007 3004 3003 3012 3022 3027 3031 3025 3019 3022 3024 
2996 2997 2999 2994 2989 2998 3008 3008 3006 3009 3013 3014 3013 3030 3051 3060 3065 3069 3072 3077 3081 3082 3083 3084 3086 3087 3086 3086 3085 3086 3088 3088 3085 3078 3068 3055 3040 3031 3029 3027 3026 3024 3019 3015 3010 3006 3006 3005 3004 3003 3003 3003 3003 3004 3003 3003 3007 3011 3015 3019 3021 3023 3020 3018 
2994 2997 3000 2990 2980 2994 3011 3008 3003 3004 3005 3008 3011 3028 3048 3056 3059 3064 3068 3072 3076 3079 3081 3084 3087 3089 3090 3088 3084 3083 3085 3085 3085 3077 3060 3046 3036 3031 3031 3031 3030 3027 3020 3014 3008 3004 3004 3004 3005 3005 3004 3003 3001 3000 3001 3002 3003 3004 3007 3010 3017 3023 3019 3014 
2993 2995 2996 2991 2986 2994 3003 3003 3002 3003 3003 3006 3009 3025 3044 3055 3063 3068 3072 3077 3082 3085 3088 3088 3087 3088 3091 3089 3084 3083 3085 3084 3080 3069 3052 3038 3027 3020 3016 3015 3018 3019 3016 3012 3007 3003 3003 3002 3003 3005 3009 3010 3002 2996 2997 2998 3002 3005 3006 3008 3009 3011 3016 3021 
2994 2994 2994 2992 2991 2993 2996 2999 3001 3002 3003 3005 3008 3023 3041 3055 3067 3073 3076 3081 3087 3090 3092 3090 3086 3087 3090 3088 3082 3081 3085 3082 3074 3062 3045 3030 3019 3011 3006 3004 3009 3012 3013 3013 3009 3006 3003 3002 3004 3007 3015 3019 3006 2995 2996 2998 3003 3008 3008 3007 3005 3003 3014 3025 
2998 2997 2997 2996 2996 2995 2994 2996 2999 3002 3006 3008 3010 3024 3040 3054 3068 3076 3081 3086 3090 3089 3086 3084 3082 3083 3085 3082 3076 3075 3077 3076 3070 3059 3042 3028 3018 3012 3011 3010 3011 3013 3017 3020 3023 3022 3015 3010 3015 3020 3028 3032 3020 3011 3014 3016 3018 3019 3017 3015 3012 3009 3014 3020 
3002 3000 2999 2999 3000 2996 2992 2994 2997 3003 3008 3011 3013 3026 3042 3056 3070 3079 3086 3090 3092 3089 3082 3080 3080 3080 3081 3078 3073 3071 3072 3071 3067 3058 3042 3029 3020 3015 3017 3017 3016 3017 3022 3028 3035 3037 3026 3019 3026 3032 3040 3044 3034 3026 3029 3032 3031 3031 3027 3024 3020 3017 3017 3017 
3001 2998 2996 2999 3002 2998 2994 2995 2997 3002 3009 3016 3024 3039 3056 3066 3075 3082 3089 3092 3092 3090 3086 3085 3084 3083 3082 3081 3081 3079 3076 3075 3076 3069 3053 3042 3035 3031 3030 3030 3031 3032 3034 3036 3040 3042 3038 3036 3039 3044 3051 3054 3045 3037 3036 3036 3040 3044 3044 3043 3035 3028 3030 3031 
3000 2997 2993 2999 3004 3001 2997 2998 2999 3005 3011 3023 3036 3052 3070 3076 3079 3085 3092 3093 3092 3091 3090 3090 3089 3087 3083 3084 3088 3086 3080 3079 3082 3078 3063 3053 3049 3046 3044 3044 3047 3048 3046 3044 3046 3047 3049 3051 3052 3054 3060 3062 3054 3047 3043 3041 3049 3057 3059 3061 3050 3040 3042 3044 
3003 3000 2996 3003 3009 3010 3011 3015 3019 3025 3031 3041 3053 3068 3083 3083 3079 3083 3088 3092 3095 3094 3092 3093 3096 3094 3090 3089 3090 3088 3083 3080 3081 3075 3064 3056 3053 3053 3057 3061 3064 3064 3056 3051 3053 3054 3054 3055 3057 3059 3057 3055 3054 3053 3049 3048 3056 3064 3068 3071 3063 3056 3054 3053 
3007 3004 3001 3008 3015 3020 3024 3031 3038 3044 3048 3058 3069 3081 3094 3090 3080 3081 3085 3091 3097 3097 3093 3096 3101 3101 3097 3094 3091 3089 3086 3082 3079 3073 3065 3059 3057 3059 3069 3076 3079 3077 3065 3058 3060 3061 3060 3059 3063 3063 3055 3049 3054 3058 3056 3055 3062 3070 3075 3080 3075 3069 3065 3061 
3012 3016 3019 3025 3031 3031 3031 3036 3042 3046 3050 3059 3070 3079 3088 3088 3085 3084 3084 3087 3091 3092 3092 3094 3097 3096 3093 3090 3087 3086 3085 3083 3082 3079 3073 3067 3062 3060 3064 3069 3075 3077 3071 3067 3067 3067 3065 3064 3065 3063 3057 3052 3057 3062 3060 3060 3066 3071 3074 3076 3071 3065 3065 3065 
3019 3028 3037 3042 3047 3043 3038 3042 3046 3049 3051 3060 3071 3077 3082 3085 3089 3086 3082 3083 3085 3088 3092 3093 3093 3092 3090 3087 3084 3083 3084 3085 3086 3084 3080 3074 3067 3062 3061 3064 3072 3077 3076 3075 3074 3073 3070 3068 3066 3064 3058 3055 3060 3065 3065 3066 3069 3072 3072 3072 3067 3061 3065 3068 
3035 3039 3043 3051 3059 3053 3048 3053 3059 3059 3058 3063 3068 3075 3082 3083 3081 3082 3084 3087 3089 3091 3091 3093 3097 3094 3089 3087 3088 3088 3088 3088 3088 3086 3080 3074 3067 3064 3069 3073 3076 3077 3074 3072 3071 3069 3064 3060 3063 3063 3057 3053 3060 3066 3067 3069 3072 3075 3071 3067 3066 3064 3065 3066 
3051 3050 3049 3059 3069 3064 3057 3063 3071 3069 3066 3065 3065 3073 3083 3080 3074 3078 3086 3090 3094 3093 3091 3094 3100 3097 3088 3087 3091 3092 3091 3091 3091 3087 3080 3073 3067 3067 3076 3081 3079 3077 3073 3071 3069 3065 3057 3053 3060 3063 3056 3051 3059 3066 3069 3071 3075 3077 3069 3062 3065 3067 3065 3064 
3046 3054 3062 3066 3069 3065 3060 3067 3076 3074 3070 3072 3074 3077 3079 3080 3082 3082 3082 3085 3089 3091 3093 3093 3093 3091 3086 3086 3088 3088 3085 3083 3082 3079 3075 3071 3066 3064 3067 3069 3069 3071 3076 3077 3072 3067 3063 3061 3066 3068 3061 3056 3061 3066 3068 3070 3072 3072 3068 3064 3064 3064 3064 3063 
3041 3058 3075 3072 3068 3066 3063 3071 3081 3079 3075 3078 3083 3080 3075 3081 3090 3086 3077 3079 3084 3090 3095 3093 3087 3085 3084 3084 3085 3083 3079 3075 3073 3071 3070 3068 3065 3062 3059 3058 3059 3065 3078 3084 3075 3069 3068 3069 3072 3073 3066 3060 3063 3065 3067 3069 3068 3068 3066 3065 3063 3062 3062 3062 