3054 3054 3053 3050 3047 3059 3072 3068 3062 3053 3044 3047 3053 3055 3056 3054 3051 3055 3063 3060 3054 3056 3061 3069 3078 3076 3067 3062 3061 3059 3058 3056 3052 3050 3051 3049 3041 3036 3032 3030 3031 3029 3021 3016 3021 3022 3014 3009 3012 3015 3017 3017 3009 3005 3014 3021 3009 2999 2999 2999 3001 3002 2996 2990 
3054 3052 3050 3046 3043 3048 3054 3055 3056 3053 3050 3054 3059 3057 3054 3053 3053 3055 3058 3060 3061 3062 3062 3065 3071 3069 3062 3059 3058 3058 3058 3055 3049 3047 3048 3047 3042 3037 3031 3030 3035 3035 3026 3021 3021 3020 3015 3011 3013 3015 3014 3013 3007 3004 3010 3015 3006 2999 3000 3001 3003 3004 2998 2991 
3055 3051 3046 3043 3039 3038 3036 3042 3049 3053 3057 3061 3066 3060 3052 3052 3055 3055 3054 3060 3069 3068 3063 3062 3063 3061 3058 3056 3056 3057 3058 3055 3046 3043 3045 3045 3043 3038 3030 3029 3038 3041 3032 3025 3021 3018 3016 3014 3015 3014 3012 3009 3005 3003 3007 3009 3003 2998 3001 3003 3005 3006 2999 2993 
3047 3045 3043 3040 3037 3040 3044 3050 3056 3057 3057 3059 3061 3057 3053 3054 3057 3056 3053 3059 3069 3068 3062 3061 3062 3064 3065 3065 3064 3062 3059 3054 3047 3043 3041 3040 3039 3039 3037 3037 3037 3036 3034 3030 3025 3021 3019 3017 3016 3014 3009 3004 3002 3001 3007 3011 3006 3001 3001 3001 3003 3004 3000 2995 
3040 3040 3040 3038 3035 3044 3053 3058 3063 3060 3057 3056 3055 3054 3053 3056 3060 3058 3053 3059 3070 3068 3061 3060 3062 3066 3072 3074 3073 3068 3061 3054 3049 3043 3037 3034 3035 3039 3045 3045 3036 3032 3035 3036 3029 3024 3022 3020 3017 3013 3005 2998 2998 2998 3007 3013 3008 3004 3001 2998 3001 3003 3000 2997 
3045 3043 3041 3039 3038 3043 3048 3053 3057 3057 3057 3056 3055 3053 3051 3053 3058 3055 3049 3056 3067 3070 3070 3070 3069 3072 3076 3079 3080 3075 3066 3060 3055 3051 3048 3045 3041 3039 3040 3039 3036 3035 3036 3036 3032 3029 3028 3024 3018 3011 3006 3002 3001 3001 3002 3004 3005 3006 3003 3000 2999 2998 2998 2997 
3050 3046 3041 3041 3042 3042 3043 3047 3051 3054 3057 3056 3055 3052 3048 3051 3055 3052 3045 3052 3064 3073 3079 3080 3077 3077 3080 3083 3086 3082 3072 3065 3061 3059 3061 3057 3047 3039 3034 3032 3036 3038 3036 3035 3035 3035 3033 3029 3018 3009 3008 3006 3005 3003 2998 2994 3002 3009 3005 3002 2997 2994 2996 2998 
3017 3017 3017 3010 3002 3010 3018 3022 3024 3028 3032 3031 3029 3030 3031 3032 3033 3032 3031 3038 3048 3056 3063 3067 3070 3074 3080 3081 3079 3077 3074 3071 3067 3063 3061 3056 3047 3040 3036 3033 3031 3031 3033 3035 3036 3035 3031 3027 3021 3015 3011 3006 3006 3004 2996 2991 2998 3004 3001 2997 2997 2996 2998 3000 
2980 2985 2989 2974 2959 2974 2992 2994 2996 3000 3005 3003 3000 3005 3013 3012 3009 3012 3016 3023 3031 3038 3044 3052 3061 3070 3078 3078 3070 3070 3076 3077 3073 3067 3059 3053 3046 3042 3039 3034 3025 3022 3029 3035 3036 3035 3028 3024 3024 3023 3014 3006 3006 3004 2995 2988 2994 2998 2995 2992 2996 3000 3001 3002 
2966 2975 2983 2973 2963 2976 2990 2994 2996 3000 3004 3003 3001 3003 3005 3006 3006 3013 3021 3027 3033 3041 3050 3059 3066 3073 3079 3080 3077 3076 3079 3078 3075 3070 3064 3058 3051 3045 3038 3032 3024 3022 3031 3036 3036 3035 3032 3029 3029 3026 3017 3009 3008 3006 3005 3004 3003 3001 2997 2992 2994 2995 2996 2998 
2957 2968 2980 2977 2973 2983 2993 2997 3002 3004 3007 3007 3007 3004 2999 3002 3007 3017 3029 3035 3037 3047 3060 3068 3073 3077 3080 3083 3086 3085 3081 3078 3076 3074 3070 3064 3057 3048 3037 3029 3024 3024 3033 3038 3036 3035 3036 3035 3033 3030 3021 3013 3010 3008 3016 3022 3014 3006 3000 2994 2991 2989 2991 2993 
2965 2973 2981 2981 2980 2988 2997 3000 3002 3006 3010 3013 3015 3009 3002 3007 3016 3028 3041 3048 3054 3062 3070 3074 3076 3079 3083 3084 3082 3082 3082 3082 3083 3081 3078 3073 3066 3056 3041 3032 3032 3034 3037 3040 3041 3042 3043 3043 3042 3039 3030 3021 3015 3010 3014 3017 3012 3008 3001 2995 2992 2988 2991 2994 
2977 2980 2984 2985 2987 2994 3001 3002 3002 3007 3013 3018 3023 3016 3006 3013 3026 3040 3053 3063 3072 3077 3080 3080 3077 3080 3086 3084 3076 3076 3082 3087 3090 3089 3086 3081 3075 3064 3046 3037 3043 3045 3042 3041 3046 3049 3050 3051 3051 3049 3040 3030 3021 3013 3010 3007 3009 3009 3003 2996 2993 2989 2992 2996 
2977 2981 2985 2987 2988 2995 3002 3003 3004 3008 3013 3015 3017 3015 3011 3022 3037 3049 3061 3068 3074 3079 3084 3082 3078 3080 3085 3085 3081 3081 3084 3087 3089 3089 3087 3085 3083 3074 3054 3041 3041 3041 3043 3047 3053 3059 3060 3060 3059 3056 3047 3038 3024 3012 3008 3004 3003 3003 2999 2996 2990 2984 2990 2996 
2975 2981 2986 2987 2989 2995 3001 3004 3005 3008 3012 3010 3008 3011 3016 3031 3048 3059 3067 3071 3072 3078 3086 3084 3078 3079 3084 3087 3088 3088 3087 3086 3087 3087 3087 3088 3090 3083 3062 3045 3036 3033 3043 3053 3062 3069 3069 3069 3066 3062 3054 3045 3027 3012 3007 3003 2998 2994 2995 2995 2986 2978 2987 2996 
2980 2984 2987 2990 2993 3000 3008 3010 3011 3014 3018 3016 3012 3021 3031 3044 3056 3065 3072 3074 3074 3077 3081 3083 3083 3083 3083 3084 3087 3088 3087 3086 3085 3086 3088 3089 3088 3081 3065 3051 3041 3037 3044 3053 3066 3075 3074 3072 3070 3066 3058 3048 3029 3012 3006 3001 2997 2993 2994 2995 2990 2985 2991 2996 
2987 2988 2989 2993 2997 3007 3016 3017 3018 3022 3025 3024 3021 3034 3049 3058 3064 3070 3076 3077 3077 3076 3075 3081 3090 3089 3082 3080 3083 3085 3086 3086 3084 3085 3089 3089 3084 3077 3066 3056 3048 3043 3045 3052 3069 3080 3076 3073 3072 3070 3061 3050 3030 3013 3005 2998 2996 2995 2995 2995 2996 2996 2996 2997 
2996 2995 2994 2998 3001 3009 3016 3020 3024 3024 3023 3024 3024 3039 3057 3066 3072 3075 3077 3078 3079 3078 3075 3079 3088 3089 3084 3082 3083 3084 3087 3087 3085 3085 3087 3086 3081 3076 3071 3065 3056 3050 3049 3053 3071 3083 3081 3078 3076 3071 3062 3051 3032 3014 3007 3000 2997 2995 2994 2994 2995 2996 2996 2995 
3006 3004 3001 3003 3005 3009 3014 3021 3028 3024 3017 3020 3025 3042 3061 3072 3080 3080 3077 3078 3082 3080 3076 3078 3084 3086 3088 3087 3084 3084 3088 3089 3088 3086 3084 3082 3079 3077 3077 3074 3065 3057 3053 3055 3073 3086 3087 3086 3079 3072 3062 3051 3033 3016 3010 3003 2999 2994 2994 2993 2993 2993 2993 2993 
3007 3004 3002 3005 3008 3011 3014 3021 3028 3025 3021 3028 3037 3051 3067 3075 3080 3080 3077 3079 3084 3083 3081 3081 3084 3087 3089 3088 3084 3085 3090 3091 3089 3085 3081 3079 3080 3080 3081 3078 3069 3062 3056 3058 3072 3084 3086 3086 3082 3076 3063 3050 3032 3015 3008 3002 2999 2995 2996 2996 2992 2989 2991 2994 
3004 3002 3000 3005 3011 3014 3016 3020 3025 3027 3029 3040 3052 3064 3074 3077 3077 3077 3078 3081 3085 3086 3086 3086 3087 3088 3089 3088 3084 3086 3092 3093 3089 3083 3077 3076 3081 3084 3084 3081 3072 3065 3060 3060 3071 3079 3082 3084 3085 3081 3065 3048 3029 3013 3005 2999 2998 2998 3000 3001 2992 2984 2990 2997 
3004 3005 3005 3012 3018 3020 3021 3022 3024 3029 3035 3045 3056 3066 3076 3077 3074 3075 3077 3079 3082 3083 3083 3083 3083 3085 3087 3087 3085 3086 3089 3090 3090 3086 3079 3078 3082 3085 3085 3082 3074 3068 3064 3063 3072 3078 3079 3080 3082 3081 3065 3048 3030 3013 3008 3004 3003 3002 3004 3006 2996 2987 2994 3002 
3005 3010 3015 3021 3027 3028 3028 3026 3024 3031 3040 3047 3053 3063 3075 3075 3071 3073 3076 3077 3076 3076 3075 3076 3077 3079 3083 3085 3086 3086 3084 3086 3091 3091 3085 3082 3083 3084 3084 3082 3076 3071 3067 3067 3074 3078 3076 3075 3078 3077 3064 3049 3031 3016 3014 3012 3010 3008 3010 3011 3002 2993 3000 3007 
3007 3008 3009 3016 3023 3025 3027 3029 3031 3037 3043 3052 3061 3070 3080 3078 3073 3073 3076 3076 3074 3073 3073 3075 3078 3080 3082 3084 3086 3085 3083 3085 3091 3091 3086 3083 3083 3083 3084 3082 3076 3072 3070 3071 3077 3081 3078 3076 3076 3074 3063 3050 3031 3015 3011 3008 3007 3006 3005 3005 3001 2998 3004 3009 
3009 3002 2995 3003 3012 3016 3020 3031 3043 3044 3044 3058 3074 3082 3088 3084 3077 3076 3077 3076 3074 3074 3074 3078 3083 3084 3083 3083 3084 3084 3085 3086 3090 3089 3085 3083 3083 3084 3083 3081 3075 3072 3072 3075 3081 3085 3083 3081 3077 3071 3062 3051 3030 3012 3004 2997 2999 3000 2996 2992 2998 3003 3007 3010 
3006 2999 2993 2999 3005 3009 3012 3026 3041 3047 3051 3065 3081 3085 3086 3083 3078 3077 3078 3076 3074 3074 3075 3078 3083 3085 3083 3084 3085 3086 3086 3087 3088 3088 3087 3087 3086 3085 3084 3081 3077 3075 3076 3078 3082 3085 3085 3084 3078 3072 3063 3052 3030 3011 3004 2998 2999 3000 2994 2989 2996 3003 3006 3010 
3000 2999 2999 2999 3000 3002 3004 3017 3031 3046 3062 3073 3083 3082 3079 3078 3078 3078 3078 3076 3074 3074 3075 3078 3082 3083 3082 3084 3089 3090 3087 3086 3085 3088 3093 3094 3091 3088 3085 3083 3081 3081 3081 3082 3081 3082 3086 3087 3081 3074 3065 3053 3032 3013 3009 3005 3004 3003 2997 2991 2996 3000 3005 3009 
2997 2998 2999 2998 2998 2999 3000 3012 3025 3044 3064 3075 3083 3081 3075 3077 3080 3080 3079 3077 3076 3076 3076 3079 3084 3085 3082 3085 3091 3092 3089 3088 3089 3091 3096 3096 3090 3086 3085 3084 3083 3083 3083 3083 3081 3081 3086 3088 3083 3077 3065 3052 3030 3011 3005 3001 3001 3001 2998 2997 2998 3000 3007 3014 
2997 2996 2996 2996 2997 2998 2999 3010 3023 3041 3060 3071 3081 3080 3076 3078 3083 3082 3080 3079 3080 3079 3077 3082 3090 3090 3085 3086 3091 3093 3091 3092 3096 3098 3099 3095 3086 3082 3086 3086 3083 3082 3083 3083 3082 3083 3086 3088 3086 3081 3065 3048 3026 3006 2996 2989 2991 2994 2999 3004 3003 3002 3013 3024 
2996 2996 2996 2997 2998 3000 3002 3013 3026 3043 3061 3071 3079 3079 3076 3079 3083 3083 3082 3081 3081 3081 3080 3084 3091 3090 3084 3085 3091 3092 3090 3091 3095 3097 3096 3092 3083 3079 3083 3085 3083 3082 3082 3082 3082 3083 3086 3088 3088 3084 3065 3045 3024 3004 2995 2988 2992 2996 3001 3005 3003 3002 3013 3023 
2995 2998 3000 3000 2999 3003 3006 3019 3033 3049 3065 3072 3078 3078 3076 3078 3081 3083 3086 3083 3079 3080 3084 3086 3087 3086 3082 3084 3089 3089 3086 3085 3086 3088 3090 3088 3081 3077 3079 3080 3082 3082 3081 3081 3081 3082 3085 3089 3091 3087 3065 3043 3023 3006 3000 2995 3001 3006 3002 2999 2999 3000 3007 3014 
2996 2999 3002 3000 2999 3004 3010 3024 3038 3052 3066 3072 3077 3076 3073 3076 3079 3082 3084 3082 3078 3079 3083 3086 3088 3086 3083 3083 3087 3087 3085 3083 3081 3082 3087 3087 3081 3078 3079 3081 3083 3083 3081 3080 3081 3082 3086 3089 3089 3084 3060 3037 3021 3007 3001 2998 3005 3011 3006 3001 3001 3002 3005 3008 
2997 3000 3002 2999 2996 3004 3012 3026 3041 3052 3062 3069 3076 3073 3068 3072 3078 3079 3078 3078 3078 3078 3078 3084 3092 3092 3087 3085 3085 3085 3085 3082 3078 3080 3088 3089 3082 3080 3085 3087 3086 3084 3082 3081 3082 3083 3088 3090 3085 3075 3051 3029 3018 3007 3000 2995 3003 3010 3010 3011 3009 3007 3006 3005 
3002 3005 3009 3005 3001 3007 3014 3025 3037 3048 3058 3067 3076 3074 3069 3072 3077 3077 3076 3077 3079 3079 3077 3083 3093 3094 3088 3086 3086 3086 3086 3083 3078 3078 3084 3087 3084 3084 3088 3089 3087 3085 3083 3082 3082 3083 3085 3085 3079 3070 3047 3026 3013 3002 2999 2997 3004 3011 3012 3014 3013 3012 3011 3009 
3010 3016 3022 3017 3012 3013 3015 3020 3026 3039 3053 3066 3078 3078 3076 3077 3078 3078 3078 3079 3081 3081 3080 3084 3092 3092 3088 3088 3090 3091 3089 3085 3079 3076 3077 3080 3086 3090 3090 3088 3085 3083 3084 3084 3082 3079 3076 3074 3073 3069 3049 3029 3007 2990 2997 3005 3009 3013 3011 3009 3012 3016 3019 3023 
3011 3018 3026 3023 3019 3018 3017 3019 3022 3035 3050 3063 3075 3078 3079 3078 3077 3078 3078 3081 3084 3084 3082 3085 3091 3091 3087 3088 3091 3093 3092 3089 3082 3078 3077 3079 3087 3091 3088 3086 3084 3084 3085 3085 3082 3079 3073 3069 3071 3067 3048 3029 3007 2990 2999 3007 3010 3013 3010 3008 3012 3016 3021 3027 
3003 3011 3018 3020 3021 3020 3018 3022 3027 3037 3048 3058 3069 3073 3076 3076 3075 3076 3077 3081 3088 3088 3085 3086 3090 3089 3086 3086 3087 3090 3094 3093 3087 3084 3085 3087 3088 3087 3082 3081 3084 3086 3085 3084 3084 3083 3077 3072 3072 3066 3045 3026 3015 3005 3005 3005 3007 3008 3009 3010 3010 3010 3015 3020 
3000 3006 3013 3017 3022 3021 3019 3026 3033 3040 3048 3056 3063 3069 3074 3075 3074 3074 3075 3081 3089 3089 3085 3086 3089 3088 3086 3085 3086 3089 3095 3095 3089 3087 3090 3090 3087 3084 3080 3079 3084 3086 3084 3083 3085 3084 3078 3074 3071 3064 3042 3024 3018 3013 3007 3002 3004 3005 3007 3008 3006 3003 3007 3011 
3002 3006 3010 3015 3019 3021 3022 3030 3039 3046 3052 3056 3059 3065 3072 3074 3075 3074 3072 3078 3087 3087 3083 3084 3088 3088 3085 3085 3088 3091 3094 3093 3087 3086 3088 3089 3086 3083 3082 3081 3083 3084 3083 3082 3082 3081 3077 3073 3068 3059 3039 3022 3016 3010 3003 2997 3002 3005 3003 3000 2997 2995 2997 2999 
3004 3007 3010 3016 3022 3027 3032 3038 3044 3050 3055 3056 3057 3063 3071 3073 3073 3072 3069 3075 3084 3084 3081 3083 3087 3088 3086 3086 3088 3090 3092 3091 3088 3087 3088 3087 3084 3082 3082 3081 3080 3080 3081 3081 3079 3077 3075 3072 3067 3058 3037 3019 3012 3006 2999 2994 3000 3004 3000 2995 2993 2990 2993 2996 
3006 3009 3013 3024 3034 3044 3053 3051 3048 3052 3056 3058 3059 3064 3070 3069 3068 3067 3068 3072 3079 3080 3079 3082 3086 3089 3091 3089 3085 3085 3088 3090 3091 3090 3088 3085 3081 3078 3078 3077 3074 3074 3077 3079 3075 3071 3070 3069 3070 3065 3036 3012 3006 3000 2998 2996 2999 3002 2999 2996 2995 2994 3001 3008 
3008 3012 3016 3030 3044 3055 3066 3059 3051 3052 3054 3055 3056 3061 3067 3067 3065 3065 3067 3070 3074 3077 3078 3082 3086 3090 3094 3092 3086 3085 3087 3090 3093 3093 3089 3085 3080 3078 3078 3077 3073 3073 3078 3079 3073 3069 3068 3068 3070 3065 3035 3009 3003 2997 2996 2995 2998 3000 2998 2996 2996 2996 3004 3013 
3009 3013 3018 3033 3049 3056 3063 3057 3051 3047 3043 3043 3044 3052 3062 3065 3067 3068 3069 3070 3071 3075 3080 3083 3086 3090 3094 3095 3094 3093 3091 3091 3093 3092 3090 3087 3084 3084 3086 3086 3082 3081 3084 3084 3077 3072 3073 3072 3066 3056 3034 3014 3008 3001 2995 2990 2995 2999 2998 2996 2995 2994 3001 3008 
3011 3015 3018 3034 3051 3056 3060 3055 3048 3041 3032 3031 3031 3043 3058 3064 3068 3070 3071 3071 3071 3074 3080 3083 3084 3088 3094 3097 3097 3096 3094 3093 3092 3091 3089 3087 3086 3086 3089 3090 3087 3085 3088 3087 3079 3074 3077 3076 3064 3050 3031 3015 3010 3004 2994 2987 2994 3000 2999 2997 2995 2993 2998 3002 
3016 3016 3016 3030 3044 3051 3058 3050 3041 3031 3020 3017 3015 3033 3056 3063 3065 3069 3073 3074 3075 3077 3078 3079 3079 3084 3093 3095 3092 3092 3095 3094 3090 3088 3086 3085 3082 3081 3083 3083 3081 3081 3085 3085 3079 3076 3081 3080 3065 3048 3025 3007 3006 3004 2996 2989 2996 3003 3003 3002 2998 2994 2995 2996 
3019 3017 3015 3026 3038 3045 3052 3042 3031 3021 3011 3006 3003 3025 3053 3062 3065 3068 3072 3075 3078 3078 3077 3076 3076 3081 3091 3092 3087 3088 3093 3093 3088 3085 3084 3082 3079 3077 3077 3078 3079 3081 3084 3085 3080 3077 3081 3080 3062 3043 3018 2998 3001 3003 2996 2991 2997 3003 3004 3004 2999 2995 2993 2992 
3018 3019 3019 3026 3033 3035 3037 3025 3013 3009 3005 3004 3003 3023 3049 3061 3069 3070 3068 3072 3077 3077 3076 3077 3079 3082 3085 3086 3083 3084 3086 3086 3084 3082 3081 3080 3079 3077 3074 3075 3083 3088 3088 3087 3080 3076 3076 3070 3050 3030 3007 2990 2993 2996 2993 2991 2994 2998 2998 2998 2996 2995 2993 2991 
3019 3021 3023 3025 3027 3026 3024 3013 3001 3000 3001 3001 3001 3019 3041 3056 3070 3070 3066 3069 3075 3076 3075 3078 3082 3083 3082 3081 3080 3080 3082 3082 3082 3081 3080 3080 3081 3079 3075 3076 3087 3094 3091 3087 3081 3075 3071 3063 3040 3018 3001 2987 2990 2992 2992 2992 2993 2994 2994 2994 2994 2995 2993 2991 
3022 3025 3027 3023 3018 3019 3021 3014 3006 3002 2998 2998 2998 3009 3022 3042 3064 3068 3066 3068 3072 3075 3078 3082 3085 3085 3083 3081 3080 3080 3082 3084 3087 3088 3087 3086 3085 3085 3086 3088 3093 3095 3091 3086 3080 3074 3069 3059 3035 3014 3006 2999 2998 2998 2998 2998 2995 2993 2994 2995 2995 2994 2995 2996 
3024 3026 3029 3020 3010 3013 3016 3013 3009 3003 2996 2996 2996 3002 3009 3031 3057 3065 3067 3068 3070 3075 3081 3085 3088 3088 3085 3083 3081 3080 3082 3085 3088 3090 3090 3090 3088 3089 3094 3097 3097 3095 3089 3083 3078 3072 3065 3054 3030 3011 3009 3007 3004 3001 3002 3002 2997 2993 2995 2997 2995 2993 2996 2999 
3020 3022 3024 3017 3010 3008 3007 3006 3005 3001 2995 2996 2998 3006 3015 3032 3050 3061 3069 3072 3074 3077 3081 3084 3088 3090 3093 3090 3085 3082 3082 3081 3079 3080 3086 3088 3087 3087 3088 3090 3093 3091 3083 3076 3073 3067 3054 3041 3029 3018 3007 2999 2997 2997 2998 2999 2999 2999 2999 2999 2995 2991 2992 2992 
3018 3018 3019 3015 3010 3005 3000 3001 3003 2999 2995 2996 2999 3008 3019 3030 3041 3054 3069 3075 3077 3079 3081 3084 3088 3093 3098 3096 3089 3084 3083 3079 3073 3074 3083 3087 3087 3086 3084 3085 3089 3088 3079 3071 3068 3060 3042 3028 3026 3021 3005 2992 2993 2994 2995 2996 3000 3003 3001 3000 2995 2991 2990 2990 
3021 3018 3016 3014 3011 3009 3006 3004 3002 2999 2997 2996 2995 3001 3009 3017 3023 3040 3060 3071 3078 3081 3082 3085 3090 3094 3097 3097 3093 3090 3087 3083 3079 3080 3086 3089 3089 3087 3085 3085 3089 3089 3083 3074 3062 3048 3029 3015 3014 3010 3000 2991 2995 2997 2995 2995 2998 3002 3001 3000 2999 2997 3000 3003 
3022 3018 3013 3012 3012 3011 3010 3006 3002 3000 3000 2996 2992 2996 3001 3006 3009 3029 3053 3068 3079 3082 3082 3085 3090 3093 3095 3096 3096 3094 3089 3087 3085 3086 3088 3089 3089 3087 3084 3084 3088 3090 3085 3076 3056 3037 3019 3005 3003 3001 2996 2993 2997 3000 2996 2993 2997 3001 3001 3002 3002 3002 3007 3012 
3018 3014 3010 3009 3008 3007 3007 3007 3007 3005 3003 2999 2996 2997 3000 3005 3012 3032 3056 3069 3078 3081 3082 3083 3084 3087 3090 3090 3089 3089 3088 3090 3093 3091 3084 3081 3083 3083 3082 3083 3089 3089 3080 3069 3050 3034 3021 3009 3001 2996 3000 3004 3004 3003 2997 2993 2996 2999 3003 3007 3003 3000 3001 3003 
3013 3011 3008 3006 3004 3004 3003 3007 3012 3009 3005 3002 2998 2998 2999 3005 3014 3034 3058 3070 3077 3080 3082 3082 3081 3082 3085 3085 3084 3085 3088 3092 3098 3095 3082 3076 3079 3081 3080 3082 3088 3088 3076 3063 3046 3031 3022 3012 3000 2993 3004 3012 3009 3006 2998 2993 2996 2999 3006 3012 3006 3001 2998 2996 
3010 3007 3005 3005 3004 3001 2998 3002 3006 3005 3004 3001 2997 2999 3004 3008 3013 3031 3055 3069 3078 3083 3087 3090 3092 3092 3089 3088 3088 3088 3088 3089 3091 3090 3086 3086 3088 3089 3086 3085 3086 3084 3077 3067 3049 3033 3020 3009 3005 3003 3004 3005 3005 3004 2999 2995 3003 3010 3018 3024 3019 3013 3011 3009 
3005 3004 3003 3003 3003 2999 2994 2997 3001 3002 3004 3001 2997 3002 3010 3013 3014 3031 3054 3068 3078 3086 3091 3097 3103 3100 3093 3090 3092 3091 3089 3087 3084 3085 3091 3095 3097 3096 3092 3088 3084 3081 3078 3071 3052 3035 3019 3007 3011 3011 3003 2998 3001 3003 3000 2998 3009 3020 3028 3034 3030 3025 3023 3020 
2996 2997 2997 2998 2999 3000 3000 3001 3002 3008 3013 3015 3015 3019 3024 3032 3040 3053 3068 3076 3080 3084 3089 3094 3100 3100 3096 3094 3095 3094 3093 3090 3086 3087 3095 3099 3098 3096 3092 3088 3085 3082 3081 3075 3058 3041 3025 3013 3013 3011 3004 2998 2999 3000 3000 3002 3008 3015 3022 3028 3028 3028 3021 3015 
2989 2991 2992 2994 2995 3001 3007 3006 3005 3013 3023 3028 3033 3036 3039 3050 3064 3074 3082 3083 3082 3084 3087 3092 3098 3100 3098 3098 3098 3097 3096 3093 3088 3089 3098 3102 3099 3096 3092 3089 3085 3083 3084 3080 3063 3047 3032 3019 3016 3013 3005 2999 2998 2998 3002 3006 3008 3011 3017 3023 3027 3030 3020 3010 
3003 3000 2996 3002 3009 3013 3017 3015 3013 3019 3026 3033 3039 3043 3046 3055 3067 3076 3085 3087 3086 3088 3091 3092 3092 3091 3091 3092 3092 3091 3087 3084 3083 3085 3091 3095 3096 3095 3090 3086 3084 3083 3084 3081 3070 3058 3044 3033 3032 3029 3018 3010 3011 3011 3009 3009 3015 3020 3026 3031 3028 3026 3023 3021 
3017 3009 3001 3011 3023 3025 3026 3024 3022 3026 3030 3038 3046 3049 3053 3060 3070 3079 3087 3090 3090 3092 3095 3092 3086 3084 3085 3086 3087 3085 3078 3076 3079 3081 3084 3087 3093 3093 3088 3084 3083 3083 3084 3082 3077 3070 3057 3047 3048 3045 3031 3021 3023 3024 3017 3012 3021 3030 3034 3038 3029 3021 3026 3031 
3017 3014 3010 3021 3033 3033 3032 3030 3028 3033 3038 3042 3046 3052 3058 3064 3070 3076 3082 3087 3091 3091 3090 3090 3090 3090 3089 3088 3089 3087 3083 3081 3082 3083 3086 3089 3092 3092 3089 3087 3084 3082 3080 3080 3083 3081 3064 3052 3053 3051 3040 3033 3035 3035 3027 3021 3027 3032 3029 3027 3026 3025 3032 3039 
3017 3018 3020 3031 3043 3041 3038 3036 3034 3040 3046 3047 3047 3055 3064 3068 3071 3074 3077 3084 3091 3090 3085 3088 3095 3096 3092 3091 3090 3089 3087 3085 3085 3086 3089 3091 3090 3090 3091 3089 3086 3081 3077 3078 3090 3092 3072 3057 3058 3056 3050 3044 3046 3046 3037 3030 3033 3034 3024 3015 3022 3028 3037 3046