3,5
4,5
5,5
6,5
7,5
8,5
44,5
45,5
46,5
47,5
48,5
49,5
116,5
117,5
118,5
3,6
4,6
5,6
6,6
7,6
8,6
44,6
45,6
46,6
47,6
48,6
49,6
106,6
107,6
108,6
116,6
117,6
118,6
2,7
3,7
4,7
5,7
6,7
43,7
44,7
45,7
46,7
47,7
106,7
107,7
108,7
116,7
117,7
118,7
2,8
3,8
4,8
43,8
44,8
45,8
106,8
107,8
108,8
116,8
117,8
118,8
2,9
3,9
4,9
43,9
44,9
45,9
106,9
107,9
108,9
116,9
117,9
118,9
0,10
1,10
2,10
3,10
4,10
5,10
6,10
7,10
8,10
10,10
11,10
12,10
13,10
14,10
15,10
16,10
17,10
18,10
25,10
26,10
27,10
28,10
29,10
30,10
31,10
32,10
41,10
42,10
43,10
44,10
45,10
46,10
47,10
48,10
49,10
51,10
52,10
53,10
54,10
55,10
56,10
57,10
58,10
61,10
62,10
63,10
64,10
65,10
66,10
67,10
68,10
75,10
76,10
77,10
78,10
79,10
80,10
81,10
82,10
83,10
84,10
86,10
87,10
88,10
89,10
90,10
91,10
92,10
104,10
105,10
106,10
107,10
108,10
109,10
110,10
111,10
112,10
116,10
117,10
118,10
119,10
120,10
121,10
122,10
123,10
124,10
125,10
133,10
134,10
135,10
136,10
137,10
138,10
139,10
140,10
155,10
156,10
157,10
158,10
159,10
160,10
161,10
162,10
166,10
167,10
168,10
169,10
170,10
171,10
172,10
173,10
174,10
181,10
182,10
183,10
184,10
185,10
186,10
187,10
188,10
189,10
190,10
192,10
193,10
194,10
195,10
196,10
197,10
198,10
206,10
207,10
208,10
209,10
210,10
211,10
212,10
213,10
219,10
220,10
221,10
222,10
223,10
224,10
225,10
226,10
229,10
230,10
231,10
232,10
233,10
234,10
235,10
236,10
237,10
0,11
1,11
2,11
3,11
4,11
5,11
6,11
7,11
8,11
10,11
11,11
12,11
13,11
14,11
15,11
16,11
17,11
18,11
19,11
25,11
26,11
27,11
28,11
29,11
30,11
31,11
32,11
41,11
42,11
43,11
44,11
45,11
46,11
47,11
48,11
49,11
51,11
52,11
53,11
54,11
55,11
56,11
57,11
58,11
60,11
61,11
62,11
63,11
64,11
65,11
66,11
67,11
68,11
69,11
75,11
76,11
77,11
78,11
79,11
80,11
81,11
82,11
83,11
84,11
85,11
86,11
87,11
88,11
89,11
90,11
91,11
92,11
93,11
104,11
105,11
106,11
107,11
108,11
109,11
110,11
111,11
112,11
116,11
117,11
118,11
119,11
120,11
121,11
122,11
123,11
124,11
125,11
126,11
131,11
132,11
133,11
134,11
135,11
136,11
137,11
138,11
139,11
140,11
141,11
153,11
154,11
155,11
156,11
157,11
158,11
159,11
160,11
161,11
162,11
166,11
167,11
168,11
169,11
170,11
171,11
172,11
173,11
174,11
175,11
181,11
182,11
183,11
184,11
185,11
186,11
187,11
188,11
189,11
190,11
191,11
192,11
193,11
194,11
195,11
196,11
197,11
198,11
199,11
204,11
205,11
206,11
207,11
208,11
209,11
210,11
211,11
212,11
213,11
214,11
219,11
220,11
221,11
222,11
223,11
224,11
225,11
226,11
229,11
230,11
231,11
232,11
233,11
234,11
235,11
236,11
237,11
238,11
2,12
3,12
4,12
10,12
11,12
12,12
13,12
14,12
15,12
16,12
17,12
18,12
19,12
25,12
26,12
27,12
28,12
29,12
30,12
43,12
44,12
45,12
51,12
52,12
53,12
54,12
55,12
56,12
60,12
61,12
62,12
63,12
64,12
65,12
66,12
67,12
68,12
69,12
70,12
75,12
76,12
77,12
78,12
79,12
80,12
81,12
82,12
83,12
84,12
85,12
86,12
87,12
88,12
89,12
90,12
91,12
92,12
93,12
94,12
106,12
107,12
108,12
116,12
117,12
118,12
119,12
120,12
121,12
122,12
123,12
124,12
125,12
126,12
131,12
132,12
133,12
134,12
135,12
136,12
137,12
138,12
139,12
140,12
141,12
153,12
154,12
155,12
156,12
157,12
158,12
159,12
160,12
161,12
162,12
166,12
167,12
168,12
169,12
170,12
171,12
172,12
173,12
174,12
175,12
181,12
182,12
183,12
184,12
185,12
186,12
187,12
188,12
189,12
190,12
191,12
192,12
193,12
194,12
195,12
196,12
197,12
198,12
199,12
200,12
204,12
205,12
206,12
207,12
208,12
209,12
210,12
211,12
212,12
213,12
214,12
219,12
220,12
221,12
222,12
223,12
224,12
229,12
230,12
231,12
232,12
233,12
234,12
235,12
236,12
237,12
238,12
2,13
3,13
4,13
17,13
18,13
19,13
20,13
25,13
26,13
27,13
28,13
43,13
44,13
45,13
51,13
52,13
53,13
54,13
59,13
60,13
61,13
62,13
67,13
68,13
69,13
70,13
75,13
76,13
77,13
78,13
83,13
84,13
85,13
86,13
91,13
92,13
93,13
94,13
106,13
107,13
108,13
116,13
117,13
118,13
119,13
124,13
125,13
126,13
127,13
130,13
131,13
132,13
133,13
139,13
140,13
141,13
142,13
152,13
153,13
154,13
155,13
173,13
174,13
175,13
176,13
181,13
182,13
183,13
184,13
189,13
190,13
191,13
192,13
197,13
198,13
199,13
200,13
203,13
204,13
205,13
206,13
212,13
213,13
214,13
215,13
219,13
220,13
221,13
222,13
236,13
237,13
238,13
239,13
2,14
3,14
4,14
18,14
19,14
20,14
25,14
26,14
27,14
43,14
44,14
45,14
51,14
52,14
53,14
59,14
60,14
61,14
62,14
68,14
69,14
70,14
71,14
75,14
76,14
77,14
83,14
84,14
85,14
86,14
92,14
93,14
94,14
106,14
107,14
108,14
116,14
117,14
118,14
124,14
125,14
126,14
127,14
130,14
131,14
132,14
140,14
141,14
142,14
152,14
153,14
154,14
155,14
174,14
175,14
176,14
181,14
182,14
183,14
189,14
190,14
191,14
192,14
198,14
199,14
200,14
203,14
204,14
205,14
213,14
214,14
215,14
219,14
220,14
221,14
237,14
238,14
239,14
2,15
3,15
4,15
11,15
12,15
13,15
14,15
15,15
16,15
17,15
18,15
19,15
20,15
25,15
26,15
27,15
43,15
44,15
45,15
51,15
52,15
53,15
59,15
60,15
61,15
68,15
69,15
70,15
71,15
75,15
76,15
77,15
83,15
84,15
85,15
92,15
93,15
94,15
106,15
107,15
108,15
116,15
117,15
118,15
125,15
126,15
127,15
130,15
131,15
132,15
133,15
134,15
135,15
136,15
137,15
138,15
139,15
140,15
141,15
142,15
152,15
153,15
154,15
167,15
168,15
169,15
170,15
171,15
172,15
173,15
174,15
175,15
176,15
181,15
182,15
183,15
189,15
190,15
191,15
198,15
199,15
200,15
203,15
204,15
205,15
206,15
207,15
208,15
209,15
210,15
211,15
212,15
213,15
214,15
215,15
219,15
220,15
221,15
230,15
231,15
232,15
233,15
234,15
235,15
236,15
237,15
238,15
239,15
2,16
3,16
4,16
10,16
11,16
12,16
13,16
14,16
15,16
16,16
17,16
18,16
19,16
20,16
25,16
26,16
27,16
43,16
44,16
45,16
51,16
52,16
53,16
59,16
60,16
61,16
69,16
70,16
71,16
75,16
76,16
77,16
83,16
84,16
85,16
92,16
93,16
94,16
106,16
107,16
108,16
116,16
117,16
118,16
125,16
126,16
127,16
130,16
131,16
132,16
133,16
134,16
135,16
136,16
137,16
138,16
139,16
140,16
141,16
142,16
152,16
153,16
154,16
166,16
167,16
168,16
169,16
170,16
171,16
172,16
173,16
174,16
175,16
176,16
181,16
182,16
183,16
189,16
190,16
191,16
198,16
199,16
200,16
203,16
204,16
205,16
206,16
207,16
208,16
209,16
210,16
211,16
212,16
213,16
214,16
215,16
219,16
220,16
221,16
229,16
230,16
231,16
232,16
233,16
234,16
235,16
236,16
237,16
238,16
239,16
2,17
3,17
4,17
9,17
10,17
11,17
12,17
13,17
14,17
15,17
18,17
19,17
20,17
25,17
26,17
27,17
43,17
44,17
45,17
51,17
52,17
53,17
59,17
60,17
61,17
68,17
69,17
70,17
71,17
75,17
76,17
77,17
83,17
84,17
85,17
92,17
93,17
94,17
106,17
107,17
108,17
116,17
117,17
118,17
125,17
126,17
127,17
130,17
131,17
132,17
152,17
153,17
154,17
165,17
166,17
167,17
168,17
169,17
170,17
171,17
174,17
175,17
176,17
181,17
182,17
183,17
189,17
190,17
191,17
198,17
199,17
200,17
203,17
204,17
205,17
219,17
220,17
221,17
228,17
229,17
230,17
231,17
232,17
233,17
234,17
237,17
238,17
239,17
2,18
3,18
4,18
9,18
10,18
11,18
18,18
19,18
20,18
25,18
26,18
27,18
43,18
44,18
45,18
51,18
52,18
53,18
59,18
60,18
61,18
62,18
68,18
69,18
70,18
71,18
75,18
76,18
77,18
83,18
84,18
85,18
92,18
93,18
94,18
106,18
107,18
108,18
116,18
117,18
118,18
125,18
126,18
127,18
130,18
131,18
132,18
133,18
152,18
153,18
154,18
155,18
165,18
166,18
167,18
174,18
175,18
176,18
181,18
182,18
183,18
189,18
190,18
191,18
198,18
199,18
200,18
203,18
204,18
205,18
206,18
219,18
220,18
221,18
228,18
229,18
230,18
237,18
238,18
239,18
2,19
3,19
4,19
9,19
10,19
11,19
17,19
18,19
19,19
20,19
25,19
26,19
27,19
43,19
44,19
45,19
51,19
52,19
53,19
59,19
60,19
61,19
62,19
67,19
68,19
69,19
70,19
75,19
76,19
77,19
83,19
84,19
85,19
92,19
93,19
94,19
106,19
107,19
108,19
116,19
117,19
118,19
125,19
126,19
127,19
130,19
131,19
132,19
133,19
152,19
153,19
154,19
155,19
165,19
166,19
167,19
173,19
174,19
175,19
176,19
181,19
182,19
183,19
189,19
190,19
191,19
198,19
199,19
200,19
203,19
204,19
205,19
206,19
219,19
220,19
221,19
228,19
229,19
230,19
236,19
237,19
238,19
239,19
2,20
3,20
4,20
9,20
10,20
11,20
12,20
13,20
14,20
15,20
16,20
17,20
18,20
19,20
20,20
25,20
26,20
27,20
43,20
44,20
45,20
51,20
52,20
53,20
60,20
61,20
62,20
63,20
64,20
65,20
66,20
67,20
68,20
69,20
70,20
75,20
76,20
77,20
83,20
84,20
85,20
92,20
93,20
94,20
106,20
107,20
108,20
109,20
110,20
116,20
117,20
118,20
125,20
126,20
127,20
131,20
132,20
133,20
134,20
135,20
136,20
137,20
138,20
139,20
140,20
141,20
153,20
154,20
155,20
156,20
157,20
158,20
159,20
160,20
161,20
162,20
165,20
166,20
167,20
168,20
169,20
170,20
171,20
172,20
173,20
174,20
175,20
176,20
181,20
182,20
183,20
189,20
190,20
191,20
198,20
199,20
200,20
204,20
205,20
206,20
207,20
208,20
209,20
210,20
211,20
212,20
213,20
214,20
219,20
220,20
221,20
228,20
229,20
230,20
231,20
232,20
233,20
234,20
235,20
236,20
237,20
238,20
239,20
2,21
3,21
4,21
9,21
10,21
11,21
12,21
13,21
14,21
15,21
16,21
17,21
18,21
19,21
20,21
25,21
26,21
27,21
43,21
44,21
45,21
51,21
52,21
53,21
60,21
61,21
62,21
63,21
64,21
65,21
66,21
67,21
68,21
69,21
75,21
76,21
77,21
83,21
84,21
85,21
92,21
93,21
94,21
106,21
107,21
108,21
109,21
110,21
111,21
112,21
116,21
117,21
118,21
125,21
126,21
127,21
131,21
132,21
133,21
134,21
135,21
136,21
137,21
138,21
139,21
140,21
141,21
153,21
154,21
155,21
156,21
157,21
158,21
159,21
160,21
161,21
162,21
165,21
166,21
167,21
168,21
169,21
170,21
171,21
172,21
173,21
174,21
175,21
176,21
181,21
182,21
183,21
189,21
190,21
191,21
198,21
199,21
200,21
204,21
205,21
206,21
207,21
208,21
209,21
210,21
211,21
212,21
213,21
214,21
219,21
220,21
221,21
228,21
229,21
230,21
231,21
232,21
233,21
234,21
235,21
236,21
237,21
238,21
239,21
2,22
3,22
4,22
10,22
11,22
12,22
13,22
14,22
15,22
16,22
17,22
18,22
19,22
20,22
25,22
26,22
27,22
43,22
44,22
45,22
51,22
52,22
53,22
61,22
62,22
63,22
64,22
65,22
66,22
67,22
68,22
75,22
76,22
77,22
83,22
84,22
85,22
92,22
93,22
94,22
107,22
108,22
109,22
110,22
111,22
112,22
116,22
117,22
118,22
125,22
126,22
127,22
133,22
134,22
135,22
136,22
137,22
138,22
139,22
140,22
141,22
155,22
156,22
157,22
158,22
159,22
160,22
161,22
162,22
166,22
167,22
168,22
169,22
170,22
171,22
172,22
173,22
174,22
175,22
176,22
181,22
182,22
183,22
189,22
190,22
191,22
198,22
199,22
200,22
206,22
207,22
208,22
209,22
210,22
211,22
212,22
213,22
214,22
219,22
220,22
221,22
229,22
230,22
231,22
232,22
233,22
234,22
235,22
236,22
237,22
238,22
239,22
