87,5
88,5
89,5
108,5
109,5
110,5
87,6
88,6
89,6
108,6
109,6
110,6
124,6
125,6
126,6
87,7
88,7
89,7
108,7
109,7
110,7
124,7
125,7
126,7
108,8
109,8
110,8
124,8
125,8
126,8
108,9
109,9
110,9
124,9
125,9
126,9
2,10
3,10
4,10
5,10
6,10
7,10
8,10
9,10
10,10
11,10
13,10
14,10
15,10
16,10
17,10
18,10
19,10
26,10
27,10
28,10
29,10
30,10
31,10
32,10
33,10
38,10
39,10
40,10
41,10
48,10
49,10
50,10
51,10
56,10
57,10
58,10
59,10
60,10
61,10
62,10
63,10
77,10
78,10
79,10
80,10
81,10
82,10
83,10
84,10
87,10
88,10
89,10
94,10
95,10
96,10
97,10
98,10
99,10
100,10
101,10
102,10
103,10
104,10
108,10
109,10
110,10
111,10
112,10
113,10
114,10
115,10
116,10
117,10
122,10
123,10
124,10
125,10
126,10
127,10
128,10
129,10
130,10
2,11
3,11
4,11
5,11
6,11
7,11
8,11
9,11
10,11
11,11
12,11
13,11
14,11
15,11
16,11
17,11
18,11
19,11
20,11
25,11
26,11
27,11
28,11
29,11
30,11
31,11
32,11
33,11
34,11
39,11
40,11
41,11
48,11
49,11
50,11
51,11
54,11
55,11
56,11
57,11
58,11
59,11
60,11
61,11
62,11
63,11
64,11
77,11
78,11
79,11
80,11
81,11
82,11
83,11
84,11
87,11
88,11
89,11
93,11
94,11
95,11
96,11
97,11
98,11
99,11
100,11
101,11
102,11
103,11
104,11
108,11
109,11
110,11
111,11
112,11
113,11
114,11
115,11
116,11
117,11
118,11
122,11
123,11
124,11
125,11
126,11
127,11
128,11
129,11
130,11
2,12
3,12
4,12
5,12
6,12
7,12
8,12
9,12
10,12
11,12
12,12
13,12
14,12
15,12
16,12
17,12
18,12
19,12
20,12
21,12
25,12
26,12
27,12
28,12
29,12
30,12
31,12
32,12
33,12
34,12
35,12
39,12
40,12
41,12
42,12
48,12
49,12
50,12
54,12
55,12
56,12
57,12
58,12
59,12
60,12
61,12
62,12
63,12
64,12
77,12
78,12
79,12
80,12
81,12
82,12
87,12
88,12
89,12
93,12
94,12
95,12
96,12
97,12
98,12
99,12
100,12
101,12
102,12
103,12
104,12
108,12
109,12
110,12
111,12
112,12
113,12
114,12
115,12
116,12
117,12
118,12
124,12
125,12
126,12
2,13
3,13
4,13
5,13
10,13
11,13
12,13
13,13
18,13
19,13
20,13
21,13
24,13
25,13
26,13
27,13
32,13
33,13
34,13
35,13
39,13
40,13
41,13
42,13
47,13
48,13
49,13
50,13
53,13
54,13
55,13
56,13
62,13
63,13
64,13
65,13
77,13
78,13
79,13
80,13
87,13
88,13
89,13
92,13
93,13
94,13
95,13
100,13
101,13
102,13
103,13
104,13
108,13
109,13
110,13
111,13
116,13
117,13
118,13
119,13
124,13
125,13
126,13
2,14
3,14
4,14
10,14
11,14
12,14
13,14
19,14
20,14
21,14
24,14
25,14
26,14
27,14
33,14
34,14
35,14
36,14
40,14
41,14
42,14
47,14
48,14
49,14
53,14
54,14
55,14
63,14
64,14
65,14
77,14
78,14
79,14
87,14
88,14
89,14
92,14
93,14
94,14
95,14
101,14
102,14
103,14
104,14
108,14
109,14
110,14
116,14
117,14
118,14
119,14
124,14
125,14
126,14
2,15
3,15
4,15
10,15
11,15
12,15
19,15
20,15
21,15
24,15
25,15
26,15
33,15
34,15
35,15
36,15
40,15
41,15
42,15
43,15
47,15
48,15
49,15
53,15
54,15
55,15
56,15
57,15
58,15
59,15
60,15
61,15
62,15
63,15
64,15
65,15
77,15
78,15
79,15
87,15
88,15
89,15
92,15
93,15
94,15
101,15
102,15
103,15
104,15
108,15
109,15
110,15
117,15
118,15
119,15
124,15
125,15
126,15
2,16
3,16
4,16
10,16
11,16
12,16
19,16
20,16
21,16
24,16
25,16
26,16
34,16
35,16
36,16
41,16
42,16
43,16
46,16
47,16
48,16
49,16
53,16
54,16
55,16
56,16
57,16
58,16
59,16
60,16
61,16
62,16
63,16
64,16
65,16
77,16
78,16
79,16
87,16
88,16
89,16
92,16
93,16
94,16
101,16
102,16
103,16
104,16
108,16
109,16
110,16
117,16
118,16
119,16
124,16
125,16
126,16
2,17
3,17
4,17
10,17
11,17
12,17
19,17
20,17
21,17
24,17
25,17
26,17
33,17
34,17
35,17
36,17
41,17
42,17
43,17
46,17
47,17
48,17
53,17
54,17
55,17
77,17
78,17
79,17
87,17
88,17
89,17
92,17
93,17
94,17
101,17
102,17
103,17
104,17
108,17
109,17
110,17
117,17
118,17
119,17
124,17
125,17
126,17
2,18
3,18
4,18
10,18
11,18
12,18
19,18
20,18
21,18
24,18
25,18
26,18
27,18
33,18
34,18
35,18
36,18
41,18
42,18
43,18
44,18
45,18
46,18
47,18
48,18
53,18
54,18
55,18
56,18
77,18
78,18
79,18
87,18
88,18
89,18
92,18
93,18
94,18
95,18
101,18
102,18
103,18
104,18
108,18
109,18
110,18
117,18
118,18
119,18
124,18
125,18
126,18
2,19
3,19
4,19
10,19
11,19
12,19
19,19
20,19
21,19
24,19
25,19
26,19
27,19
32,19
33,19
34,19
35,19
42,19
43,19
44,19
45,19
46,19
47,19
48,19
53,19
54,19
55,19
56,19
77,19
78,19
79,19
87,19
88,19
89,19
92,19
93,19
94,19
95,19
100,19
101,19
102,19
103,19
104,19
108,19
109,19
110,19
117,19
118,19
119,19
124,19
125,19
126,19
2,20
3,20
4,20
10,20
11,20
12,20
19,20
20,20
21,20
25,20
26,20
27,20
28,20
29,20
30,20
31,20
32,20
33,20
34,20
35,20
42,20
43,20
44,20
45,20
46,20
47,20
54,20
55,20
56,20
57,20
58,20
59,20
60,20
61,20
62,20
63,20
64,20
77,20
78,20
79,20
87,20
88,20
89,20
93,20
94,20
95,20
96,20
97,20
98,20
99,20
100,20
101,20
102,20
103,20
104,20
108,20
109,20
110,20
117,20
118,20
119,20
124,20
125,20
126,20
127,20
128,20
2,21
3,21
4,21
10,21
11,21
12,21
19,21
20,21
21,21
25,21
26,21
27,21
28,21
29,21
30,21
31,21
32,21
33,21
34,21
42,21
43,21
44,21
45,21
46,21
47,21
54,21
55,21
56,21
57,21
58,21
59,21
60,21
61,21
62,21
63,21
64,21
77,21
78,21
79,21
87,21
88,21
89,21
93,21
94,21
95,21
96,21
97,21
98,21
99,21
100,21
101,21
102,21
103,21
104,21
108,21
109,21
110,21
117,21
118,21
119,21
124,21
125,21
126,21
127,21
128,21
129,21
130,21
2,22
3,22
4,22
10,22
11,22
12,22
19,22
20,22
21,22
26,22
27,22
28,22
29,22
30,22
31,22
32,22
33,22
43,22
44,22
45,22
46,22
56,22
57,22
58,22
59,22
60,22
61,22
62,22
63,22
64,22
77,22
78,22
79,22
87,22
88,22
89,22
94,22
95,22
96,22
97,22
98,22
99,22
100,22
101,22
102,22
103,22
108,22
109,22
110,22
117,22
118,22
119,22
125,22
126,22
127,22
128,22
129,22
130,22
101,23
102,23
103,23
100,24
101,24
102,24
103,24
93,25
94,25
95,25
96,25
97,25
98,25
99,25
100,25
101,25
102,25
103,25
93,26
94,26
95,26
96,26
97,26
98,26
99,26
100,26
101,26
102,26
94,27
95,27
96,27
97,27
98,27
99,27
100,27
101,27
