3066 3066 3067 3060 3052 3057 3062 3058 3053 3054 3056 3051 3046 3047 3050 3051 3051 3050 3049 3049 3050 3047 3043 3041 3039 3039 3041 3043 3044 3038 3028 3022 3020 3021 3025 3029 3033 3034 3033 3031 3028 3025 3024 3023 3024 3024 3023 3025 3034 3040 3034 3027 3021 3017 3025 3030 3026 3021 3013 3006 3014 3021 3019 3017
3063 3065 3068 3061 3054 3058 3062 3057 3051 3051 3052 3051 3049 3049 3048 3047 3046 3043 3038 3039 3043 3043 3041 3039 3037 3035 3035 3035 3036 3035 3030 3028 3028 3027 3026 3026 3028 3030 3032 3031 3028 3026 3024 3023 3024 3025 3022 3021 3028 3032 3025 3019 3021 3023 3029 3033 3024 3015 3014 3013 3018 3022 3020 3019
3059 3064 3069 3063 3056 3059 3062 3056 3050 3049 3049 3051 3053 3050 3046 3044 3042 3035 3027 3029 3036 3038 3038 3037 3035 3032 3028 3027 3029 3031 3032 3034 3035 3033 3027 3024 3024 3026 3030 3032 3029 3026 3023 3022 3025 3026 3021 3018 3022 3023 3016 3012 3021 3029 3034 3036 3021 3009 3014 3020 3021 3023 3022 3021
3062 3062 3062 3058 3055 3057 3059 3058 3057 3051 3044 3045 3048 3049 3049 3044 3037 3032 3028 3029 3032 3034 3034 3032 3028 3024 3019 3020 3026 3029 3030 3032 3034 3032 3026 3023 3023 3027 3033 3035 3033 3031 3029 3029 3032 3032 3026 3023 3025 3026 3021 3019 3024 3028 3031 3032 3019 3009 3015 3021 3020 3019 3018 3016
3065 3060 3055 3054 3053 3055 3057 3061 3065 3053 3039 3040 3044 3048 3053 3044 3032 3029 3029 3029 3028 3029 3030 3027 3022 3016 3011 3014 3022 3027 3028 3030 3033 3031 3024 3021 3023 3027 3035 3039 3037 3036 3036 3036 3039 3039 3032 3028 3029 3029 3027 3026 3027 3028 3028 3027 3017 3009 3016 3022 3018 3015 3013 3011
3059 3056 3054 3054 3053 3053 3052 3052 3052 3047 3041 3040 3040 3041 3042 3038 3031 3030 3030 3031 3031 3030 3028 3024 3020 3018 3018 3021 3026 3028 3029 3031 3035 3034 3027 3025 3029 3032 3033 3034 3035 3035 3031 3031 3038 3041 3033 3027 3028 3029 3027 3026 3025 3024 3025 3024 3019 3014 3017 3020 3017 3015 3015 3014
3052 3053 3054 3054 3053 3050 3047 3042 3037 3040 3043 3041 3037 3034 3031 3030 3030 3031 3032 3033 3033 3031 3026 3022 3019 3021 3027 3029 3030 3030 3030 3032 3037 3037 3030 3030 3036 3037 3031 3028 3033 3033 3025 3024 3037 3044 3034 3026 3027 3028 3027 3026 3023 3020 3021 3021 3021 3020 3019 3017 3017 3016 3017 3018
3026 3023 3019 3022 3026 3022 3018 3018 3019 3020 3021 3022 3023 3020 3017 3018 3020 3019 3018 3017 3017 3016 3015 3013 3012 3015 3021 3024 3024 3025 3027 3028 3028 3028 3027 3028 3029 3030 3029 3029 3031 3030 3024 3023 3033 3038 3034 3030 3027 3025 3027 3027 3025 3022 3019 3017 3018 3018 3014 3011 3013 3015 3020 3025
2999 2990 2981 2988 2995 2992 2987 2993 3000 2999 2997 3001 3007 3005 3003 3005 3008 3007 3003 3000 2998 3000 3003 3004 3003 3007 3015 3017 3016 3018 3023 3023 3018 3018 3024 3025 3021 3021 3026 3030 3029 3027 3023 3022 3028 3032 3034 3033 3026 3021 3026 3029 3027 3025 3018 3013 3014 3015 3009 3004 3009 3014 3024 3033
2984 2982 2980 2987 2995 2990 2984 2995 3008 3012 3014 3014 3013 3009 3003 3005 3008 3005 3001 3001 3002 3005 3009 3010 3011 3015 3019 3020 3018 3020 3023 3024 3022 3023 3027 3028 3025 3024 3027 3030 3031 3031 3027 3026 3030 3034 3038 3039 3033 3029 3030 3032 3030 3028 3023 3019 3015 3010 3006 3002 3009 3015 3022 3028
2972 2978 2984 2991 2998 2992 2985 3001 3020 3030 3039 3032 3023 3014 3006 3006 3008 3006 3001 3004 3009 3013 3016 3019 3022 3024 3026 3025 3022 3022 3024 3026 3027 3029 3032 3033 3031 3030 3029 3030 3034 3035 3032 3030 3033 3037 3042 3045 3041 3037 3036 3035 3033 3031 3029 3026 3016 3006 3003 3001 3008 3016 3019 3022
2983 2989 2995 2996 2997 2995 2992 3007 3024 3039 3055 3051 3044 3033 3021 3015 3012 3007 3001 3000 3001 3006 3014 3019 3023 3027 3030 3029 3026 3026 3029 3030 3029 3030 3033 3034 3032 3030 3029 3031 3036 3038 3038 3038 3040 3043 3047 3049 3042 3037 3035 3033 3031 3029 3029 3027 3017 3009 3010 3012 3015 3017 3018 3019
2999 3003 3007 3001 2996 2998 3000 3013 3027 3048 3069 3070 3067 3053 3037 3025 3015 3008 3001 2996 2991 2997 3009 3017 3023 3028 3034 3034 3031 3032 3034 3034 3029 3029 3034 3035 3031 3029 3030 3032 3037 3042 3044 3047 3048 3049 3052 3052 3042 3034 3032 3030 3028 3027 3026 3025 3019 3014 3020 3025 3022 3019 3018 3016
2998 3000 3002 2997 2992 2996 3001 3012 3023 3046 3070 3073 3073 3063 3052 3036 3018 3008 3001 2997 2993 2998 3007 3017 3028 3033 3036 3035 3032 3031 3032 3032 3029 3030 3034 3035 3032 3030 3028 3029 3035 3040 3042 3045 3050 3054 3055 3054 3044 3036 3036 3037 3036 3034 3033 3030 3024 3019 3023 3026 3021 3017 3019 3020
2994 2994 2994 2991 2988 2994 3000 3009 3018 3041 3067 3072 3074 3071 3067 3046 3020 3008 3002 2999 2998 3001 3006 3018 3034 3039 3037 3034 3031 3030 3029 3028 3028 3030 3034 3035 3034 3030 3025 3025 3032 3037 3037 3040 3050 3057 3057 3055 3046 3039 3042 3045 3045 3045 3041 3037 3031 3025 3024 3023 3019 3015 3020 3026
2997 2999 3001 2997 2994 2996 3000 3009 3020 3039 3058 3071 3082 3082 3078 3055 3027 3013 3004 3002 3002 3006 3011 3021 3033 3038 3039 3038 3037 3034 3030 3030 3033 3035 3036 3037 3037 3035 3030 3029 3033 3037 3042 3048 3056 3062 3059 3055 3047 3041 3046 3050 3049 3047 3044 3040 3033 3027 3025 3022 3019 3015 3020 3025
3002 3007 3013 3008 3002 3000 2999 3011 3024 3037 3049 3070 3092 3093 3088 3065 3036 3020 3007 3004 3006 3011 3018 3024 3030 3035 3041 3044 3044 3041 3033 3033 3039 3042 3039 3039 3041 3041 3037 3035 3034 3038 3049 3058 3064 3067 3061 3055 3047 3042 3049 3054 3051 3048 3045 3042 3034 3028 3024 3021 3019 3017 3019 3022
2997 3004 3012 3009 3006 3002 2998 3009 3022 3039 3057 3074 3091 3093 3092 3071 3044 3025 3009 3004 3004 3010 3019 3026 3031 3037 3043 3045 3043 3040 3037 3038 3042 3042 3038 3037 3042 3043 3039 3039 3042 3047 3058 3068 3073 3076 3074 3070 3062 3057 3060 3061 3056 3051 3049 3046 3042 3037 3033 3029 3026 3024 3027 3031
2988 2997 3006 3007 3008 3004 2998 3007 3018 3043 3071 3080 3086 3090 3093 3076 3052 3031 3010 3002 3000 3007 3018 3027 3035 3041 3046 3044 3038 3037 3041 3043 3044 3041 3035 3035 3041 3043 3040 3041 3050 3060 3069 3077 3082 3087 3089 3090 3083 3077 3073 3068 3062 3056 3054 3052 3051 3049 3044 3040 3036 3033 3039 3045
2988 2997 3006 3011 3015 3009 3003 3009 3017 3045 3075 3083 3086 3088 3090 3075 3055 3032 3008 3000 2999 3004 3014 3025 3038 3047 3051 3051 3045 3044 3045 3045 3044 3042 3039 3040 3044 3047 3048 3052 3061 3070 3077 3084 3088 3092 3094 3095 3090 3085 3079 3074 3071 3068 3066 3064 3065 3066 3063 3059 3049 3039 3040 3042
2990 3000 3009 3016 3023 3016 3009 3012 3017 3044 3076 3084 3088 3087 3085 3072 3055 3031 3004 2997 2998 3002 3008 3022 3042 3053 3058 3059 3058 3054 3048 3045 3044 3044 3046 3048 3050 3054 3059 3065 3073 3079 3085 3089 3092 3094 3095 3095 3092 3089 3083 3079 3082 3084 3080 3078 3081 3084 3084 3082 3062 3043 3037 3031
2995 3003 3011 3016 3021 3015 3009 3014 3020 3047 3078 3086 3089 3086 3081 3067 3051 3029 3006 2999 3000 3003 3009 3025 3047 3058 3062 3063 3061 3058 3054 3053 3054 3055 3056 3058 3061 3065 3069 3075 3081 3086 3087 3089 3092 3095 3097 3097 3094 3090 3088 3086 3089 3092 3089 3087 3089 3091 3089 3087 3072 3057 3050 3044
3001 3007 3012 3013 3014 3010 3006 3015 3025 3052 3081 3088 3091 3085 3077 3062 3045 3027 3010 3003 3001 3006 3013 3030 3051 3062 3066 3065 3060 3059 3061 3065 3070 3071 3068 3068 3074 3078 3080 3083 3088 3090 3088 3087 3091 3095 3099 3101 3095 3091 3092 3094 3096 3097 3095 3093 3092 3091 3088 3084 3079 3075 3071 3067
3006 3011 3016 3016 3015 3012 3008 3017 3027 3055 3085 3091 3092 3087 3080 3066 3050 3031 3012 3005 3004 3009 3016 3032 3052 3064 3069 3069 3064 3064 3067 3071 3077 3079 3078 3080 3085 3088 3088 3089 3089 3089 3087 3087 3090 3092 3095 3097 3094 3092 3096 3099 3097 3096 3096 3095 3095 3094 3091 3088 3086 3084 3082 3079
3010 3016 3021 3022 3022 3018 3013 3019 3027 3056 3089 3093 3092 3090 3087 3075 3060 3038 3013 3006 3007 3012 3018 3033 3051 3064 3072 3074 3071 3070 3071 3074 3078 3083 3088 3092 3094 3096 3095 3093 3087 3084 3087 3089 3089 3089 3088 3088 3090 3093 3099 3102 3097 3093 3094 3095 3097 3098 3098 3097 3093 3090 3088 3086
3013 3017 3022 3021 3020 3019 3018 3029 3041 3065 3092 3094 3091 3091 3092 3081 3067 3044 3017 3011 3014 3019 3026 3039 3056 3067 3075 3077 3076 3075 3074 3077 3082 3087 3095 3098 3098 3097 3095 3092 3087 3085 3089 3092 3091 3089 3087 3086 3089 3093 3101 3105 3099 3093 3094 3095 3099 3102 3100 3099 3098 3097 3093 3089
3015 3017 3020 3016 3013 3017 3023 3042 3063 3079 3094 3093 3089 3091 3095 3085 3072 3049 3024 3019 3022 3029 3038 3050 3065 3074 3078 3079 3078 3077 3077 3079 3086 3092 3099 3101 3098 3094 3091 3088 3088 3089 3093 3095 3094 3092 3091 3090 3090 3093 3102 3108 3102 3096 3096 3096 3101 3105 3101 3097 3101 3104 3097 3089
3014 3017 3020 3016 3011 3019 3027 3053 3080 3088 3095 3091 3085 3090 3096 3088 3076 3060 3041 3037 3039 3046 3055 3065 3075 3080 3081 3082 3082 3082 3081 3083 3089 3094 3097 3098 3097 3094 3090 3088 3090 3093 3097 3099 3096 3095 3095 3095 3094 3094 3101 3106 3103 3101 3099 3097 3102 3106 3101 3097 3100 3103 3099 3094
3011 3017 3023 3019 3015 3023 3031 3061 3093 3095 3093 3087 3081 3087 3097 3091 3081 3073 3066 3063 3063 3068 3076 3081 3086 3086 3083 3084 3087 3088 3087 3089 3093 3094 3091 3092 3096 3097 3092 3089 3092 3095 3100 3103 3099 3097 3100 3102 3099 3097 3099 3101 3104 3107 3102 3098 3102 3105 3102 3099 3097 3096 3099 3103
3011 3017 3024 3022 3019 3026 3034 3064 3096 3097 3093 3086 3078 3086 3096 3093 3085 3083 3083 3080 3076 3079 3085 3088 3088 3086 3082 3083 3087 3088 3087 3088 3091 3092 3089 3090 3096 3098 3093 3091 3093 3095 3100 3102 3099 3097 3101 3103 3099 3096 3095 3096 3102 3106 3101 3097 3102 3106 3103 3100 3096 3094 3099 3103
3015 3019 3024 3024 3024 3030 3036 3063 3092 3094 3093 3086 3078 3084 3095 3093 3089 3091 3095 3089 3080 3081 3085 3086 3085 3083 3080 3080 3083 3083 3082 3083 3086 3088 3090 3093 3097 3098 3094 3092 3093 3094 3097 3098 3097 3097 3099 3100 3095 3092 3092 3093 3097 3100 3097 3096 3102 3107 3103 3099 3097 3096 3096 3097
3013 3018 3023 3023 3024 3033 3042 3066 3091 3094 3094 3088 3080 3086 3094 3092 3087 3091 3098 3093 3083 3082 3085 3085 3084 3082 3080 3081 3082 3082 3081 3081 3083 3086 3089 3092 3094 3095 3094 3093 3093 3094 3096 3097 3097 3097 3097 3096 3093 3091 3091 3092 3096 3099 3097 3096 3100 3104 3101 3098 3098 3097 3093 3089
3006 3014 3022 3020 3017 3035 3053 3073 3093 3096 3095 3091 3085 3089 3095 3089 3079 3083 3093 3090 3082 3082 3086 3087 3087 3086 3083 3084 3086 3085 3082 3081 3084 3086 3087 3088 3087 3087 3091 3093 3092 3094 3097 3099 3097 3096 3093 3092 3093 3094 3094 3094 3099 3102 3100 3098 3098 3097 3096 3096 3097 3098 3089 3079
3005 3012 3019 3018 3016 3035 3055 3074 3092 3094 3094 3091 3088 3090 3093 3088 3080 3082 3086 3086 3084 3084 3085 3088 3091 3090 3085 3084 3086 3085 3081 3080 3082 3084 3086 3085 3083 3083 3087 3091 3093 3096 3100 3102 3098 3095 3093 3092 3094 3096 3097 3097 3100 3102 3099 3097 3097 3097 3096 3095 3094 3093 3079 3065
3010 3013 3017 3017 3018 3033 3049 3068 3087 3090 3090 3089 3088 3089 3090 3091 3092 3086 3078 3082 3089 3089 3084 3088 3097 3094 3084 3081 3082 3082 3080 3078 3078 3080 3084 3085 3083 3082 3083 3087 3095 3101 3106 3106 3099 3095 3095 3095 3096 3098 3100 3102 3100 3098 3094 3091 3098 3104 3100 3095 3088 3081 3064 3047
3012 3012 3012 3017 3022 3035 3049 3066 3083 3085 3086 3087 3088 3087 3087 3089 3092 3085 3075 3081 3092 3091 3085 3089 3099 3096 3085 3080 3080 3080 3079 3078 3076 3077 3083 3086 3084 3083 3083 3087 3095 3102 3105 3105 3098 3094 3094 3094 3096 3097 3098 3099 3098 3097 3093 3091 3099 3105 3100 3094 3083 3071 3055 3040
3009 3007 3006 3016 3026 3042 3059 3070 3081 3081 3080 3083 3087 3086 3084 3081 3079 3078 3078 3084 3093 3092 3087 3090 3096 3095 3088 3083 3079 3078 3079 3078 3075 3077 3083 3087 3088 3089 3089 3091 3094 3097 3097 3097 3095 3092 3090 3089 3092 3094 3090 3088 3093 3098 3098 3097 3098 3099 3096 3092 3078 3063 3054 3046
3007 3006 3006 3017 3029 3049 3069 3075 3080 3080 3079 3081 3084 3084 3082 3078 3073 3075 3081 3086 3092 3092 3089 3090 3093 3092 3089 3085 3082 3081 3082 3081 3077 3078 3084 3088 3089 3090 3091 3093 3093 3093 3093 3093 3094 3093 3088 3086 3091 3093 3087 3083 3092 3099 3099 3098 3096 3094 3094 3092 3074 3057 3051 3045
3006 3011 3015 3023 3031 3054 3079 3082 3081 3082 3082 3080 3078 3080 3084 3081 3077 3079 3083 3086 3088 3089 3089 3089 3089 3088 3085 3085 3088 3089 3088 3086 3081 3082 3087 3089 3086 3085 3088 3090 3091 3093 3093 3094 3097 3097 3090 3087 3092 3095 3091 3089 3095 3099 3096 3092 3091 3091 3093 3093 3073 3053 3044 3034
3005 3013 3020 3026 3032 3058 3086 3086 3082 3083 3084 3080 3075 3080 3086 3084 3080 3082 3087 3087 3086 3087 3089 3089 3087 3086 3084 3087 3093 3094 3091 3088 3084 3085 3090 3090 3085 3084 3087 3089 3091 3092 3093 3095 3097 3097 3090 3086 3091 3095 3092 3091 3095 3098 3093 3088 3089 3089 3089 3088 3068 3048 3039 3030
3004 3011 3018 3025 3032 3060 3089 3086 3080 3081 3082 3081 3079 3083 3089 3086 3081 3085 3092 3090 3084 3086 3090 3090 3087 3087 3088 3091 3095 3094 3088 3084 3084 3086 3092 3093 3088 3087 3091 3093 3093 3092 3092 3093 3093 3091 3086 3082 3087 3091 3090 3090 3093 3095 3091 3087 3090 3091 3081 3070 3055 3040 3038 3036
3004 3011 3018 3028 3038 3063 3089 3085 3078 3079 3081 3082 3082 3086 3091 3089 3085 3088 3094 3091 3085 3086 3091 3091 3088 3089 3091 3094 3097 3095 3089 3086 3086 3088 3091 3092 3089 3088 3093 3094 3092 3091 3092 3093 3091 3089 3085 3083 3087 3090 3089 3090 3092 3094 3090 3087 3089 3088 3071 3054 3043 3033 3034 3034
3006 3015 3023 3037 3052 3069 3087 3083 3076 3078 3081 3083 3086 3089 3092 3092 3092 3092 3092 3091 3089 3089 3090 3091 3093 3093 3092 3093 3096 3097 3097 3096 3092 3090 3087 3086 3086 3087 3089 3090 3088 3088 3093 3096 3094 3093 3092 3091 3093 3094 3091 3090 3093 3095 3093 3090 3084 3077 3057 3039 3033 3028 3024 3021
3010 3019 3028 3045 3062 3074 3085 3081 3076 3078 3081 3084 3087 3090 3092 3094 3095 3092 3087 3088 3091 3090 3088 3090 3095 3095 3092 3092 3095 3097 3100 3099 3094 3089 3083 3082 3085 3087 3087 3087 3085 3087 3095 3099 3098 3096 3096 3097 3098 3098 3093 3090 3093 3096 3092 3087 3076 3064 3045 3027 3025 3022 3017 3012
3018 3027 3035 3050 3064 3074 3084 3082 3078 3080 3083 3082 3082 3086 3092 3092 3091 3086 3079 3082 3088 3088 3085 3087 3094 3095 3093 3092 3093 3092 3091 3089 3086 3083 3079 3081 3088 3091 3089 3088 3086 3088 3098 3104 3100 3098 3098 3099 3102 3102 3096 3091 3094 3095 3083 3071 3060 3048 3034 3021 3020 3018 3014 3011
3024 3033 3042 3054 3066 3076 3085 3084 3082 3083 3085 3082 3078 3083 3091 3090 3088 3081 3074 3076 3083 3085 3084 3087 3093 3095 3093 3092 3092 3089 3084 3081 3080 3079 3079 3083 3091 3095 3091 3088 3086 3089 3100 3106 3102 3099 3098 3098 3102 3104 3096 3090 3090 3087 3071 3056 3045 3034 3026 3017 3016 3014 3012 3009
3026 3037 3047 3059 3071 3079 3087 3087 3086 3088 3091 3085 3079 3083 3090 3088 3085 3080 3074 3075 3077 3082 3088 3093 3097 3095 3090 3090 3095 3093 3085 3080 3079 3080 3086 3091 3095 3095 3089 3085 3085 3088 3096 3102 3102 3101 3096 3093 3097 3098 3091 3082 3071 3060 3050 3039 3032 3025 3022 3019 3016 3012 3010 3007
3029 3042 3054 3065 3076 3083 3089 3089 3088 3091 3094 3088 3081 3084 3089 3088 3084 3080 3077 3075 3074 3081 3092 3097 3098 3095 3090 3090 3096 3094 3087 3082 3079 3082 3091 3096 3097 3095 3089 3085 3086 3088 3094 3098 3100 3100 3093 3089 3091 3091 3082 3072 3055 3040 3033 3027 3023 3018 3020 3021 3016 3011 3008 3006
3034 3050 3066 3074 3082 3085 3088 3087 3086 3089 3093 3090 3087 3088 3091 3091 3090 3087 3083 3082 3082 3086 3091 3094 3094 3095 3096 3094 3091 3090 3091 3089 3084 3085 3090 3095 3097 3097 3095 3093 3092 3093 3096 3098 3096 3094 3091 3087 3082 3076 3066 3055 3045 3036 3032 3027 3023 3019 3021 3022 3017 3012 3010 3007
3040 3058 3075 3081 3086 3087 3087 3086 3084 3087 3090 3090 3091 3091 3092 3093 3094 3092 3088 3088 3089 3090 3091 3091 3091 3094 3099 3097 3088 3088 3094 3094 3088 3087 3090 3094 3096 3098 3097 3097 3095 3095 3097 3097 3093 3090 3088 3085 3074 3064 3053 3044 3040 3036 3032 3029 3026 3023 3024 3026 3021 3016 3013 3010
3051 3062 3073 3079 3084 3085 3085 3085 3085 3083 3081 3084 3088 3088 3086 3087 3089 3089 3088 3090 3092 3092 3091 3092 3094 3095 3095 3093 3087 3087 3092 3092 3087 3087 3092 3094 3093 3091 3090 3089 3089 3090 3094 3097 3095 3092 3085 3077 3068 3059 3055 3050 3048 3046 3042 3039 3036 3034 3036 3039 3036 3033 3023 3012
3062 3067 3073 3077 3082 3084 3084 3085 3085 3081 3076 3081 3087 3085 3082 3083 3086 3088 3089 3091 3093 3093 3092 3093 3096 3095 3092 3090 3087 3087 3090 3089 3086 3088 3093 3094 3089 3086 3084 3084 3085 3087 3092 3095 3095 3092 3081 3072 3063 3056 3056 3056 3055 3055 3051 3048 3046 3045 3048 3051 3049 3047 3032 3017
3077 3077 3077 3079 3081 3084 3087 3085 3082 3082 3081 3085 3089 3087 3083 3088 3094 3094 3092 3091 3090 3093 3096 3097 3097 3095 3092 3091 3091 3091 3090 3088 3086 3087 3093 3093 3088 3086 3089 3091 3094 3095 3093 3091 3085 3080 3077 3072 3064 3058 3056 3055 3058 3060 3056 3053 3053 3053 3056 3059 3053 3047 3040 3032
3088 3084 3081 3080 3079 3084 3089 3085 3081 3083 3086 3088 3090 3088 3084 3091 3100 3099 3094 3091 3088 3092 3098 3099 3098 3095 3093 3093 3096 3094 3090 3087 3085 3087 3093 3093 3087 3086 3091 3096 3100 3100 3093 3085 3076 3070 3072 3072 3066 3060 3058 3056 3061 3064 3060 3056 3058 3059 3062 3065 3056 3047 3047 3047
3083 3083 3083 3082 3080 3082 3084 3083 3081 3086 3091 3089 3086 3086 3088 3090 3092 3092 3092 3091 3089 3089 3090 3093 3096 3097 3098 3098 3100 3097 3091 3088 3086 3088 3092 3092 3088 3086 3085 3088 3097 3097 3082 3071 3070 3069 3070 3071 3068 3066 3065 3064 3064 3064 3060 3057 3055 3053 3057 3059 3054 3048 3053 3057
3079 3082 3085 3084 3082 3081 3079 3080 3082 3088 3095 3091 3084 3086 3091 3089 3086 3087 3090 3091 3090 3088 3084 3088 3095 3099 3102 3103 3102 3099 3092 3089 3088 3088 3091 3092 3090 3086 3081 3082 3093 3093 3072 3060 3065 3069 3069 3069 3070 3071 3071 3070 3067 3064 3061 3058 3053 3049 3052 3055 3052 3050 3059 3068
3087 3088 3089 3091 3093 3086 3078 3081 3085 3092 3100 3098 3093 3093 3093 3092 3091 3091 3092 3094 3096 3096 3094 3096 3099 3100 3099 3099 3098 3096 3092 3090 3089 3091 3095 3096 3093 3089 3085 3083 3085 3083 3074 3069 3071 3073 3069 3067 3071 3073 3072 3070 3069 3068 3065 3063 3057 3051 3053 3054 3056 3058 3069 3080
3094 3094 3093 3097 3102 3091 3078 3082 3088 3095 3103 3103 3102 3099 3095 3095 3096 3095 3094 3097 3102 3103 3102 3102 3103 3101 3098 3095 3094 3093 3092 3091 3090 3092 3097 3099 3095 3091 3089 3084 3077 3073 3075 3076 3077 3076 3069 3065 3071 3074 3072 3070 3070 3070 3069 3067 3060 3054 3054 3054 3060 3065 3078 3090
3092 3094 3095 3095 3094 3092 3091 3091 3092 3093 3094 3099 3105 3102 3097 3097 3098 3097 3096 3099 3105 3104 3099 3098 3100 3099 3097 3095 3092 3091 3091 3091 3090 3090 3091 3091 3090 3089 3086 3082 3076 3073 3075 3077 3079 3078 3071 3066 3068 3070 3071 3071 3067 3064 3064 3063 3060 3057 3058 3060 3062 3064 3074 3083
3092 3094 3097 3092 3087 3094 3102 3099 3096 3091 3086 3095 3107 3105 3099 3099 3100 3099 3097 3101 3108 3105 3097 3095 3096 3097 3097 3094 3091 3089 3090 3090 3089 3087 3085 3084 3086 3085 3083 3080 3074 3071 3074 3077 3080 3080 3072 3066 3066 3067 3071 3072 3064 3058 3059 3060 3060 3059 3062 3065 3064 3064 3070 3076
3106 3103 3100 3096 3093 3092 3091 3091 3090 3093 3095 3101 3107 3104 3099 3099 3099 3101 3103 3102 3100 3098 3096 3095 3095 3094 3092 3090 3088 3085 3083 3081 3080 3079 3078 3077 3077 3077 3076 3073 3067 3065 3072 3077 3079 3079 3075 3071 3068 3066 3066 3066 3063 3060 3060 3060 3061 3062 3062 3063 3068 3072 3071 3070
3120 3111 3102 3100 3098 3090 3081 3082 3085 3094 3104 3106 3107 3103 3099 3098 3099 3103 3108 3102 3091 3091 3095 3096 3094 3091 3087 3086 3085 3082 3076 3072 3071 3070 3071 3071 3070 3069 3070 3067 3061 3060 3070 3077 3077 3078 3078 3076 3071 3065 3062 3059 3061 3062 3061 3060 3062 3064 3062 3061 3071 3080 3073 3065
3111 3107 3102 3100 3098 3092 3086 3085 3084 3091 3099 3100 3100 3099 3099 3100 3103 3101 3097 3092 3087 3086 3088 3090 3091 3089 3084 3080 3077 3074 3073 3070 3067 3066 3068 3069 3070 3071 3071 3070 3069 3067 3065 3065 3069 3072 3072 3072 3070 3068 3065 3063 3069 3073 3068 3063 3063 3063 3060 3057 3061 3064 3067 3069
3103 3103 3102 3100 3097 3094 3091 3087 3084 3088 3094 3094 3093 3095 3098 3102 3107 3099 3086 3082 3082 3081 3080 3083 3089 3087 3081 3075 3069 3067 3070 3068 3063 3062 3065 3068 3071 3072 3071 3073 3076 3074 3061 3054 3060 3065 3066 3068 3070 3071 3068 3067 3077 3083 3074 3066 3064 3063 3058 3054 3051 3048 3061 3073
