3060 3050 3061 3049 3055 3056 3057 3052 3035 3054 3054 3041 3044 3039 3028 3029 3032 3030 3028 3022 3034 3032 3033 3016 3009 3009 3014 3009 3010 3003 2992 3002 3010 3017 3000 2995 3003 3005 2997 2993 3009 2992 2998 2999 2999 2996 3009 3018 3010 3004 3002 3017 3006 3015 3012 2994 3000 3003 3005 3012 3014 2998 2989 2990
3046 3054 3049 3038 3046 3036 3050 3050 3029 3042 3040 3051 3034 3033 3038 3038 3025 3020 3023 3025 3029 3023 3017 3012 3021 3014 2999 3004 3018 3004 3008 3017 3017 3008 3010 3006 3017 3007 2998 2995 3006 3020 3025 2999 2999 2997 3003 2993 3004 3013 3029 3010 3006 3013 3010 2992 3006 3000 3002 2995 3007 2996 2995 2982
3048 3026 3023 3036 3032 3040 3040 3035 3036 3026 3036 3026 3030 3038 3021 3028 3011 3018 3024 3020 3025 3033 3024 3014 3011 3016 3018 3018 3010 3013 3021 3029 3008 3002 2996 3011 3023 3018 3001 3005 3004 3002 3007 3004 3005 3002 2997 2999 3008 3008 3015 3010 2998 2999 2993 3005 2999 2988 2988 2991 2989 3012 2995 2989
3042 3024 3042 3045 3029 3046 3032 3031 3039 3037 3026 3038 3033 3027 3010 3023 3020 3015 3008 3031 3017 3005 3020 3003 3005 3013 3015 2997 3018 3008 3015 3008 3014 3012 3020 3011 3008 3016 3011 3017 3013 3008 3007 3018 3000 2995 3000 3012 3011 3026 2994 3005 3003 3007 3012 3013 3006 3007 2999 2988 3002 2996 2994 2991
3045 3039 3036 3035 3049 3044 3029 3036 3034 3034 3039 3021 3035 3007 3025 3010 3019 3012 3027 3019 3019 3012 3022 2999 3008 3013 3011 3018 3018 3018 2993 2996 3023 3019 3013 3010 3004 3004 3012 3019 3006 2989 3010 3009 3006 3014 2997 3010 3000 3009 2996 2998 3016 3003 3006 2997 3013 3017 3015 2993 2990 2983 2989 3008
3036 3039 3042 3032 3017 3024 3010 3028 3030 3027 3015 3013 3024 3030 3018 3018 3004 3022 3016 3032 3009 3016 3001 3007 3004 3014 3020 3003 3014 3013 3015 3013 3006 2999 3009 3006 3006 2994 3010 3004 3003 2997 3006 2998 3002 3014 2988 2999 3006 3006 3008 3016 3008 2992 2999 3001 3017 3011 3009 2995 2998 2979 2997 2995
3047 3039 3032 3026 3015 3018 3010 3023 3026 3037 3014 3027 3031 3028 3022 3007 3015 3014 3014 3031 3002 2997 2992 3008 3010 3019 3004 2997 2999 3002 3006 3011 2996 2994 3013 2989 3000 3004 2995 3002 3000 2989 2998 2988 2989 2998 2993 3002 3006 3010 3008 3004 2994 2991 3004 2990 2996 3011 2993 3006 3005 2985 2991 2995
3012 2998 2998 2999 3003 2996 3003 3007 3003 2999 3015 3007 3013 2995 3002 2996 2992 2994 3008 2997 2995 2997 2986 2988 2996 2995 2997 2987 2986 2998 2996 2994 2993 2995 3001 3000 2979 2973 2991 3000 2989 2994 2991 2993 2997 3003 2998 3000 3010 2999 3014 3005 2995 2997 3000 2992 3007 3017 2990 2996 2996 2985 2993 2999
2972 2967 2964 2973 2950 2964 2975 2968 2981 2984 2996 2990 2973 2967 2976 2980 2971 2979 2983 2976 2989 2987 2966 2968 2976 2996 2986 2984 3000 2988 2979 2991 2991 2986 2991 2982 2995 2987 2986 2982 2990 2993 2996 3005 2990 2987 2979 2984 2986 2994 2986 2997 2991 2984 2990 2977 2996 3004 2988 2991 2996 3000 3007 3003
2963 2968 2969 2961 2970 2967 2982 2974 2979 2976 2989 2977 2968 2976 2966 2970 2975 2979 2965 2983 2987 2973 2970 2977 2987 2980 2970 2983 2979 2981 2986 2983 2983 2989 2988 2980 2982 2960 2985 2992 2989 2982 2999 2994 3000 3008 2995 2996 2988 2999 2993 2997 3005 3005 2990 2977 2994 3000 2994 2990 2982 2999 2987 2993
2965 2958 2979 2977 2978 2973 2969 2970 2986 2968 2964 2965 2964 2961 2971 2977 2974 2983 2976 2976 2974 2974 2979 2977 2995 2983 2981 2983 2996 2992 2997 2977 2987 2992 2980 2978 2988 2974 2984 2987 3003 2989 2998 2999 2994 2987 3004 3006 2998 3003 2997 2983 3007 3020 2991 2996 2982 3008 2991 2979 2988 2980 3001 2973
2954 2959 2974 2987 2976 2973 2961 2986 2975 2975 2969 2960 2976 2970 2971 2978 2988 3002 2991 2989 2963 2980 2988 2986 2995 2979 2984 2977 2991 2983 2994 2990 2989 2994 2996 2980 2978 2986 2989 2996 3006 2997 3001 2993 3012 3009 3004 2995 3004 3002 2980 2989 2998 3007 2996 2999 2976 3004 2999 2990 3004 2992 2982 2993
2954 2965 2977 2971 2971 2977 2974 2979 2992 2984 2981 2974 2984 2974 2976 2988 2988 2983 2983 2995 2982 2980 2997 2990 2981 2975 2977 2983 2987 2980 3001 2997 2986 3000 2987 3003 3008 3010 2995 3006 3003 3008 3019 3015 3017 3028 3015 3019 3012 3011 3004 3010 3014 3005 3008 3001 2995 3002 2988 2987 2987 2982 2977 2982
2974 2990 2971 2990 2990 2964 2982 2974 2972 2970 2973 2971 2975 2987 2977 2983 2992 2984 2991 2987 2976 2974 2988 2995 2992 3001 2990 3000 2997 2993 2984 2994 3001 2993 2994 2997 3011 3010 3010 3011 3017 3015 3032 3031 3017 3017 3028 3021 3033 3005 3015 3007 3023 3025 3010 3001 2995 2986 2999 2997 2988 2985 2988 2985
2974 2991 2976 2983 2977 2980 2970 2987 2983 2979 2978 2991 2986 2977 2978 2986 2997 2991 2971 2972 2981 2983 2975 2990 2975 2992 3002 2993 2997 2987 3000 3000 3002 3002 2989 3006 3006 3011 3012 3009 3024 3032 3019 3009 3022 3017 3034 3028 3021 3027 3014 3010 3014 3015 3005 2998 2997 3001 2997 2992 2996 2985 2980 2989
2985 2987 2991 2984 2974 2968 2988 2979 2984 2989 2986 2974 2977 2978 2968 2972 2978 2978 2971 2982 2985 2982 2987 2984 2999 3001 2993 2996 3011 3013 3019 3004 3012 3004 3013 3016 3018 3008 3027 3029 3025 3032 3035 3022 3033 3030 3026 3028 3029 3005 3013 3005 3025 3020 3021 3001 3011 2994 2996 2999 2995 2982 2981 2993
3004 2987 2989 2997 2989 3002 2991 2988 3001 2986 2985 2992 2978 2992 2987 2975 2989 2970 2973 2982 2989 3003 2979 2987 2993 2987 2994 3007 3003 3014 3009 3015 3010 3019 3035 3012 3009 3022 3014 3041 3042 3039 3035 3031 3037 3034 3034 3018 3030 3017 3016 3017 3020 3015 3018 3003 2989 2985 3000 3004 2987 2990 2990 2986
3011 2997 3000 3006 2992 2989 3002 2999 2991 2984 2990 2980 2984 2988 2989 2977 2973 2969 2969 2992 2993 2993 3002 2973 2995 2999 2985 2988 3002 3000 3013 3014 3017 3008 3007 3014 3018 3010 3020 3025 3022 3031 3031 3029 3034 3031 3030 3020 3027 3023 3027 3023 3012 3023 3025 3003 3013 3002 2991 3006 3004 2992 2983 2983
2996 2984 2979 2986 2988 2999 2996 3004 2992 2995 2986 2990 2978 2977 2982 2991 2969 2987 2991 2996 2994 3000 2990 2996 2989 3004 3010 3006 2994 3002 3005 3017 3012 3015 3019 3019 3018 3019 3016 3012 3019 3029 3041 3039 3047 3034 3047 3037 3026 3040 3028 3028 3034 3026 3013 3008 3001 3009 3006 3014 3004 2996 2982 2982
3003 2992 2999 2982 2988 2995 2999 3005 2990 2997 2994 2999 3002 2991 2983 2980 2989 2998 3005 2980 2991 2998 2972 2998 3004 3012 3017 3007 3008 3008 3010 3026 3026 3012 3023 3015 3022 3020 3017 3025 3022 3028 3038 3050 3051 3055 3030 3032 3031 3027 3026 3035 3025 3030 3021 3020 3025 3029 3014 3003 3013 2995 2996 2999
3007 3003 3004 2997 3004 3011 2995 3003 3017 3008 2987 2985 2998 2982 2991 2995 2999 2998 3009 3001 2983 2986 2983 2997 3006 3006 3010 3014 3007 3014 3011 3012 3022 3022 3025 3012 3021 3021 3031 3020 3028 3035 3042 3062 3059 3058 3047 3048 3029 3024 3029 3032 3027 3024 3012 3025 3023 3023 3015 3006 3001 3010 2985 2997
3006 3020 3009 3004 3006 3008 3004 3006 3019 3010 2992 3003 3012 2993 2993 3003 3008 3001 3004 3000 2999 2996 2996 2999 3020 3023 3017 3017 3021 3015 3025 3028 3028 3028 3009 3023 3022 3026 3026 3020 3027 3041 3050 3044 3061 3051 3053 3050 3037 3041 3041 3035 3022 3019 3012 3006 3013 3029 3006 3009 3000 3002 2999 2992
3021 3006 3014 3018 3012 3018 3019 3009 3039 3002 3012 3004 3014 3021 3005 3016 3015 3008 3012 3009 3007 3008 3005 3017 3022 3034 3028 3012 3022 3025 3035 3032 3011 3020 3001 3012 3016 3018 3022 3019 3029 3037 3049 3054 3055 3062 3056 3042 3038 3032 3028 3023 3044 3027 3017 3018 3013 3023 3009 2996 3007 3013 3012 3024
3019 3001 2999 3011 3013 2998 3009 3013 3009 3019 3001 3014 3017 3007 3013 3005 3014 3010 3010 3016 3015 3002 3013 3025 3028 3021 3012 3022 3014 3025 3013 3025 3017 3012 3018 3016 3010 3012 3015 3023 3040 3036 3027 3040 3052 3059 3046 3049 3032 3027 3025 3032 3031 3020 3024 3003 3022 3031 3020 3010 3003 3012 3007 2997
3016 3013 2999 2995 2997 3003 2993 2995 3003 3012 2995 3010 2999 3003 2997 3008 2987 3006 2997 3010 3013 3000 3000 3019 3032 3031 3024 3016 3014 3007 3018 3011 3012 3025 3021 3019 3018 3020 3014 3012 3020 3022 3034 3040 3050 3049 3041 3030 3043 3038 3027 3043 3031 3031 3030 3032 3020 3022 3024 3004 3010 3021 3015 3002
3013 2997 2996 2995 2997 2989 2996 2996 2994 2987 3000 2997 2993 3005 2995 2997 2988 2988 3000 3003 3003 2998 3000 3001 3028 3021 3030 3031 3026 3019 3009 3035 3018 3018 3017 3023 3013 3016 3018 3021 3031 3031 3034 3019 3042 3040 3033 3034 3024 3026 3040 3026 3031 3044 3025 3032 3042 3027 3028 3033 3008 3013 3013 3012
3008 2987 2974 2997 3001 2995 2992 2989 2991 2990 2996 2996 3001 3011 2992 2994 3002 2997 3002 3004 3007 2997 2998 3018 3017 3012 3020 3023 3022 3015 3020 3029 3023 3018 3017 3025 3030 3025 3014 3014 3033 3024 3023 3028 3050 3049 3054 3058 3052 3045 3043 3028 3041 3023 3029 3034 3030 3013 3029 3019 3028 3014 3031 3020
3001 2996 2992 2987 2996 2995 3003 2971 2986 2994 2989 2992 2997 2988 3008 2992 3006 3009 2988 2991 2999 2990 2999 3012 3021 3024 3023 3013 3032 3021 3018 3028 3018 3020 3017 3027 3016 3022 3015 3019 3027 3033 3035 3037 3040 3062 3057 3070 3066 3050 3049 3055 3056 3034 3025 3030 3039 3023 3031 3028 3015 3022 3018 3026
2979 2990 2990 2982 2998 2990 2986 2984 2988 2983 2995 2981 3007 3001 2995 3009 2999 3003 2990 2989 2996 2998 3007 3011 3018 3000 3002 3016 3028 3027 3027 3020 3023 3032 3023 3027 3012 3024 3022 3027 3025 3028 3036 3040 3055 3069 3064 3067 3073 3077 3090 3088 3069 3053 3049 3025 3035 3034 3027 3023 3030 3028 3017 3027
2986 2993 2996 2985 3000 2992 2987 2987 2990 2988 2991 2986 2985 3003 2999 2995 3001 2991 2974 2987 2994 3001 3001 3015 3013 3027 3025 3025 3026 3020 3026 3016 3029 3021 3024 3015 3028 3026 3025 3032 3025 3029 3042 3037 3076 3068 3086 3079 3098 3085 3105 3092 3070 3035 3047 3040 3029 3037 3036 3025 3017 3035 3038 3024
2987 2978 2985 2990 2980 2997 2980 2977 2992 2996 2984 2989 2994 2986 2993 2976 2992 2989 3001 2992 2983 3008 3006 3008 3022 3030 3033 3028 3025 3023 3021 3021 3010 3016 3016 3029 3014 3021 3026 3020 3017 3030 3041 3061 3065 3082 3087 3082 3078 3095 3095 3089 3066 3044 3041 3041 3034 3029 3029 3019 3041 3028 3034 3029
2988 2996 2989 2987 2989 2992 2976 2973 2980 2983 2989 2979 2993 2982 2989 2992 2988 2974 2985 2992 2990 2988 2996 3017 3034 3032 3026 3016 3008 3022 3027 3015 3021 3016 3012 3031 3021 3026 3018 3019 3033 3045 3045 3058 3071 3077 3095 3084 3085 3090 3076 3068 3072 3055 3057 3039 3029 3023 3021 3031 3032 3030 3037 3014
2995 2987 2988 2977 2989 2983 2984 2973 2973 2985 2993 2983 2997 2996 2991 3005 2987 2981 2975 2986 2997 2992 2996 3014 3035 3016 3028 3007 3029 3023 3020 3025 3024 3033 3004 3020 3020 3019 3022 3018 3022 3042 3064 3064 3091 3079 3083 3099 3076 3073 3083 3073 3074 3058 3047 3045 3045 3027 3026 3042 3047 3040 3033 3036
2986 2993 2991 2995 2993 2988 2991 2984 2988 2992 3001 2996 2986 3001 2998 3009 2989 2993 2985 2997 2999 3009 3002 3014 3018 3023 3025 3011 3020 3020 3020 3019 3030 3022 3012 3033 3016 3021 3019 3039 3040 3045 3063 3080 3087 3087 3088 3093 3088 3086 3084 3081 3067 3071 3056 3037 3033 3033 3033 3046 3044 3038 3042 3030
3014 3003 3004 3016 3023 3021 3006 3009 2995 3004 3020 3005 2993 3008 2999 3005 3007 2997 2987 2998 2993 3001 3005 3008 3028 3023 3032 3027 3019 3018 3025 3032 3023 3026 3025 3017 3029 3029 3041 3037 3054 3077 3070 3081 3090 3088 3092 3094 3088 3084 3090 3087 3059 3039 3046 3041 3033 3031 3050 3055 3041 3027 3024 3040
2999 3013 3015 3009 3027 3016 3005 3012 2993 3003 3014 2995 3005 2994 3000 2994 3000 3002 3006 3005 2994 2987 3007 3001 3009 3021 3046 3028 3032 3020 3030 3017 3027 3025 3026 3026 3030 3032 3038 3055 3069 3076 3080 3083 3095 3080 3096 3103 3095 3089 3086 3084 3064 3038 3056 3052 3053 3031 3044 3054 3035 3016 3038 3027
2987 2984 3007 2993 3004 2988 3000 2992 2984 3007 3017 2993 2998 2991 2985 2979 2979 2985 2975 2985 3002 2995 2994 2991 3003 3015 3024 3039 3024 3032 3029 3022 3031 3031 3033 3029 3043 3044 3048 3051 3066 3079 3086 3083 3094 3079 3098 3096 3103 3089 3084 3089 3060 3047 3054 3056 3043 3050 3064 3068 3033 3027 3027 3025
2971 2987 2996 3000 2991 2988 2995 2982 2992 3007 2998 2998 2995 2981 3007 2981 2998 2986 2979 2986 2977 2989 2980 2990 3010 3020 3023 3037 3033 3036 3040 3036 3039 3035 3035 3045 3047 3049 3060 3077 3071 3087 3084 3091 3080 3092 3085 3097 3096 3091 3093 3080 3061 3065 3070 3065 3059 3048 3061 3076 3049 3015 3036 3017
2992 2979 2991 2985 2975 2986 2999 2995 2985 2995 2992 2982 2990 2995 2984 2993 2992 2990 2995 2992 2978 2986 2992 2987 2985 3007 3038 3050 3039 3041 3041 3042 3035 3034 3039 3042 3050 3059 3087 3065 3079 3089 3082 3084 3083 3089 3093 3092 3097 3090 3095 3091 3086 3076 3078 3091 3055 3055 3054 3058 3041 3029 3021 3025
2988 2999 2994 2984 2986 2995 2982 2993 2988 2998 2987 2990 3013 3000 2995 2989 2999 2999 2986 2986 2996 2979 2996 2992 2985 3008 3036 3045 3048 3063 3052 3047 3049 3071 3052 3056 3063 3075 3077 3081 3070 3082 3090 3082 3097 3087 3097 3095 3091 3088 3081 3096 3082 3082 3077 3078 3082 3053 3055 3065 3046 3026 3003 2998
2985 2992 2987 2984 2984 2994 3003 3005 2987 2999 3005 3004 2985 2990 2992 2984 2989 2994 3000 2990 2994 2989 2994 2991 3005 3013 3048 3059 3053 3062 3067 3067 3054 3061 3077 3061 3087 3070 3066 3068 3068 3068 3081 3079 3080 3084 3068 3089 3089 3101 3106 3093 3086 3090 3080 3073 3065 3070 3080 3072 3053 3035 3029 3008
2984 2988 2994 2983 2976 2993 3012 2985 2987 2999 2999 3005 3001 2986 2989 2998 2993 2997 2991 2985 2997 2991 2996 2994 3005 3019 3050 3060 3041 3074 3069 3071 3072 3072 3073 3062 3081 3066 3062 3066 3061 3071 3083 3082 3084 3074 3090 3087 3102 3095 3096 3087 3087 3091 3085 3073 3086 3069 3072 3062 3051 3029 3033 3021
2991 2987 2991 2986 2989 2997 3007 2995 2992 2986 2999 2995 3003 2991 2992 2996 2988 2985 2993 2987 2991 3010 2998 2991 3002 3023 3045 3044 3040 3058 3068 3075 3075 3073 3081 3072 3073 3083 3079 3067 3067 3075 3081 3092 3079 3081 3090 3083 3101 3094 3091 3088 3095 3086 3073 3074 3063 3058 3078 3063 3051 3035 3022 3009
3004 2987 2980 2987 2998 2992 2988 2990 2983 2990 2990 2986 2989 2995 2981 2981 2990 2998 2983 2991 2997 2994 3006 3004 3005 3026 3031 3051 3055 3075 3074 3066 3072 3075 3073 3076 3079 3074 3073 3068 3074 3084 3078 3080 3078 3079 3096 3094 3087 3100 3092 3088 3082 3090 3080 3064 3069 3070 3079 3056 3037 3036 3018 3012
3002 2994 2995 2988 2987 2985 2990 2993 2992 2995 2978 2990 2987 2989 2985 2982 2987 2992 2979 2994 2995 2985 2984 3000 2997 3018 3028 3052 3051 3061 3057 3074 3067 3063 3069 3080 3073 3086 3071 3071 3071 3075 3080 3073 3095 3088 3084 3078 3081 3086 3088 3095 3094 3088 3074 3058 3086 3074 3079 3072 3040 3025 3019 3014
2991 2988 2984 2984 2984 2994 2993 2996 2998 3000 2990 2988 2982 2994 2996 2983 2997 2976 2986 2989 2994 2975 2997 2985 3004 3002 3014 3021 3050 3042 3055 3061 3075 3075 3080 3077 3080 3077 3069 3075 3080 3079 3089 3088 3086 3084 3086 3079 3087 3068 3078 3074 3076 3082 3086 3065 3092 3074 3057 3050 3032 3029 3025 3026
2993 2983 2995 3003 2980 2988 2991 2975 2970 2985 2986 2977 2984 2990 2979 2986 2976 2983 2997 2992 2991 2989 2989 2986 2994 3006 3012 3020 3037 3058 3075 3068 3071 3076 3070 3075 3081 3065 3068 3083 3067 3068 3065 3076 3088 3082 3091 3084 3070 3081 3075 3075 3082 3080 3077 3078 3088 3074 3062 3049 3049 3018 3027 3008
2990 2988 2995 2981 2977 2975 2987 2974 2989 2989 2988 2994 2992 2993 3001 2984 2978 2983 2999 2999 2984 2988 2997 3004 2997 3003 3004 3015 3045 3073 3072 3072 3070 3071 3066 3079 3067 3071 3079 3086 3071 3070 3082 3058 3079 3075 3082 3089 3074 3082 3078 3072 3095 3081 3070 3076 3079 3084 3058 3039 3040 3016 3012 3011
2992 2980 3003 2980 2986 2979 2982 2977 2981 2990 2990 2993 2989 2993 2993 2984 2999 2981 2987 2990 2996 2996 2989 2983 2997 2998 2991 3024 3046 3066 3063 3076 3067 3076 3074 3058 3063 3065 3062 3072 3077 3074 3064 3080 3084 3071 3081 3083 3091 3086 3083 3074 3071 3091 3083 3069 3071 3073 3049 3043 3045 3028 3024 3021
2990 2999 3005 2989 2992 2983 2974 2983 2972 2984 2996 2992 2990 2988 2991 2992 2997 2989 2982 2986 2985 2997 3008 2995 2998 2990 2979 3005 3023 3040 3059 3064 3061 3059 3065 3072 3052 3053 3076 3077 3086 3069 3074 3078 3081 3079 3069 3086 3081 3084 3066 3082 3093 3099 3079 3067 3062 3067 3049 3041 3022 3020 3035 3017
2975 2990 2997 2992 2997 2984 2967 2973 2967 2977 2994 2985 2982 2979 2991 2999 3001 2996 2985 2980 2983 2981 2989 2988 2991 2989 2995 3011 3019 3022 3048 3068 3080 3056 3073 3074 3067 3051 3071 3078 3082 3066 3096 3089 3096 3101 3079 3073 3086 3081 3072 3075 3088 3088 3088 3084 3059 3057 3044 3043 3036 3034 3025 3017
2970 2990 2993 2987 2985 2986 2975 2977 2969 2977 2976 2991 2988 2998 2989 2986 3007 2997 2990 2960 2972 2967 2991 2987 2979 2996 2992 3002 3004 3027 3045 3061 3054 3065 3074 3069 3071 3055 3064 3075 3072 3074 3071 3084 3087 3093 3080 3080 3081 3090 3068 3072 3086 3085 3083 3063 3057 3062 3061 3045 3041 3042 3034 3005
2972 2987 2990 2990 2993 2985 2981 2980 2979 2983 2982 2983 2990 2990 2977 2993 2981 2984 2988 2980 2994 2989 2993 2977 2994 2987 2988 3003 2999 3013 3040 3048 3059 3062 3075 3065 3065 3068 3068 3069 3073 3076 3075 3076 3089 3089 3079 3084 3068 3070 3072 3074 3064 3080 3077 3078 3070 3068 3056 3043 3045 3043 3023 3005
2985 2980 2987 2986 2972 2989 2974 2986 2998 2990 2986 2988 2990 2987 2978 2992 2987 2975 2984 2995 2995 2986 2996 2983 2990 2993 2987 2990 3004 3005 3029 3050 3064 3057 3072 3059 3060 3051 3065 3068 3060 3069 3074 3089 3089 3101 3085 3085 3073 3067 3073 3067 3068 3081 3073 3069 3065 3059 3054 3043 3033 3025 3019 3020
2988 2978 2985 2983 2985 2988 2977 2990 2983 2983 2980 2994 2966 2982 2977 2988 2981 2977 2992 2987 2967 2988 2998 3001 3000 2990 2988 2989 3003 3000 3027 3034 3046 3052 3065 3067 3058 3069 3079 3075 3077 3072 3097 3086 3097 3088 3101 3092 3089 3076 3087 3078 3073 3070 3068 3064 3065 3064 3052 3060 3042 3036 3023 3014
2983 2984 2985 2990 2986 2979 2970 2977 2974 2987 2985 2973 2968 2973 2977 2976 2984 2985 2987 2985 2971 3001 2997 3014 3016 3018 2990 2991 2996 2992 3016 3024 3048 3060 3058 3056 3061 3055 3085 3079 3084 3080 3101 3092 3094 3091 3093 3090 3085 3088 3081 3091 3094 3077 3073 3067 3064 3050 3050 3056 3055 3026 3036 3008
2982 2999 2970 2984 3002 2992 2985 2976 2991 2979 2986 2991 2996 2995 2998 2992 2983 2990 3009 3000 2996 3003 3011 3013 3022 3020 3021 3003 2999 2996 3017 3027 3047 3055 3055 3069 3071 3067 3078 3093 3089 3080 3080 3084 3093 3090 3087 3095 3095 3087 3088 3086 3094 3074 3071 3065 3050 3033 3046 3048 3047 3041 3027 3020
2970 2981 2983 2990 2999 2998 2995 2993 3005 3006 3005 2988 3010 3008 3013 3005 3007 3003 3005 3011 3014 3016 3002 3022 3020 3030 3033 3023 2995 3004 3013 3022 3045 3060 3062 3065 3072 3083 3072 3091 3081 3082 3083 3086 3093 3091 3093 3097 3102 3083 3084 3088 3086 3081 3058 3051 3047 3033 3042 3055 3049 3047 3032 3027
2987 2990 2991 2989 3006 2992 2984 2993 2990 2990 3004 3002 3005 3016 3012 3000 2996 2998 3012 3010 3023 3016 3012 3026 3027 3048 3043 3024 3003 3012 3012 3029 3065 3070 3075 3068 3073 3055 3083 3074 3066 3073 3094 3081 3087 3098 3106 3088 3090 3100 3088 3080 3082 3081 3067 3052 3053 3033 3046 3052 3049 3049 3038 3022
3001 3000 2998 2979 2977 2992 2984 2992 3003 2996 2990 3004 3002 3015 2999 3015 3013 2996 2994 2999 3008 3012 3018 3034 3049 3060 3047 3028 3007 3007 3016 3046 3066 3088 3087 3069 3055 3053 3080 3065 3069 3085 3086 3097 3104 3095 3079 3099 3097 3094 3072 3075 3064 3053 3039 3059 3044 3030 3041 3037 3039 3021 3034 3032
3001 2991 2997 2986 2990 2997 2991 2983 2991 2996 2998 3011 3016 3004 3003 3007 2999 3011 3004 3018 3010 3016 3021 3032 3043 3046 3061 3042 3027 3020 3038 3060 3076 3088 3073 3088 3065 3063 3075 3087 3077 3096 3091 3094 3097 3084 3093 3089 3087 3095 3084 3069 3060 3050 3057 3057 3048 3031 3030 3022 3041 3037 3035 3046
2991 2998 2991 2999 2995 2997 3002 2992 2981 2992 3003 2996 3010 3002 2992 2998 3007 3009 3015 3013 3012 3028 3027 3035 3033 3054 3048 3050 3038 3037 3060 3065 3083 3084 3083 3078 3066 3075 3083 3077 3094 3093 3096 3098 3087 3092 3083 3094 3092 3088 3091 3069 3066 3036 3060 3064 3031 3015 3018 3028 3027 3022 3035 3044
2999 3006 2993 2990 2984 2992 2990 3002 3004 2995 2996 2998 3008 3006 3021 3007 3008 2994 2999 3022 3019 3030 3038 3042 3055 3042 3058 3046 3049 3052 3044 3061 3073 3091 3084 3094 3067 3064 3074 3077 3076 3093 3095 3094 3091 3081 3092 3105 3099 3085 3084 3074 3068 3062 3053 3039 3042 3023 3040 3028 3030 3050 3039 3043
2977 2985 2991 2995 2987 2993 2992 3004 2990 2987 2998 3002 3011 3019 3007 2997 3000 3007 3014 3018 3021 3031 3048 3062 3052 3068 3067 3064 3071 3056 3067 3075 3073 3092 3087 3095 3092 3078 3064 3072 3081 3079 3085 3073 3083 3104 3096 3103 3089 3085 3080 3075 3074 3065 3048 3032 3029 3037 3043 3039 3045 3043 3048 3039
