3078 3059 3045 3048 3046 3049 3061 3053 3037 3052 3052 3066 3030 3025 3035 3033 3026 3043 3041 3042 3043 3029 3027 3018 3017 3030 3042 3029 3028 3029 3020 3020 3026 3019 3005 2996 3002 3003 3002 2995 3005 3005 2996 3017 3007 3005 3003 3003 2995 3008 3003 3012 3018 3000 3009 3006 3020 3012 3007 3012 3005 3010 3012 2999
3066 3059 3047 3045 3045 3057 3036 3051 3032 3041 3039 3039 3042 3037 3030 3034 3036 3040 3041 3041 3036 3036 3023 3021 3020 3019 3015 3021 3025 3018 3015 3025 3044 3014 3003 3001 3013 3018 3011 2996 3011 3004 3001 3007 3007 3015 3007 3010 3010 3008 3023 3036 3021 3011 3005 2996 3014 3016 3004 3010 2996 3002 3022 3005
3063 3045 3053 3051 3044 3049 3047 3039 3051 3045 3044 3044 3040 3027 3033 3039 3030 3034 3032 3025 3034 3027 3025 3022 3024 3023 3023 3012 3012 3019 3014 3027 3025 3011 3001 3003 3007 3021 3009 3010 3003 3012 3007 3013 3024 3029 3018 3028 3022 3024 3011 3037 3017 3014 3022 2998 3009 3003 3003 3004 3015 3003 3010 3007
3043 3050 3041 3036 3036 3039 3054 3039 3036 3028 3025 3043 3040 3042 3048 3040 3039 3025 3032 3030 3031 3030 3038 3024 3016 3008 3009 3024 3014 3028 3018 3011 3011 3020 3010 3005 3012 3009 3023 3023 3015 3010 3001 3013 3022 3011 3012 3015 3031 3028 3027 3030 3016 3003 3017 3015 3024 3021 3005 3018 3014 3018 3005 2998
3050 3036 3051 3037 3050 3058 3041 3047 3039 3032 3029 3035 3030 3024 3047 3040 3023 3019 3014 3036 3014 3021 3015 3022 3015 3010 3022 3012 3006 3006 3014 3016 3006 3017 3009 3018 3021 3019 3023 3013 3009 3006 3022 3025 3019 3028 3013 3013 3024 3019 3037 3019 3018 3015 3021 3021 3017 3023 3020 3023 3012 3006 3002 2998
3050 3045 3051 3047 3026 3042 3041 3050 3045 3017 3032 3035 3030 3038 3027 3039 3034 3024 3014 3030 3019 3023 3012 3017 3023 3025 3011 3010 3018 3018 3009 3020 3013 3002 3009 3017 3009 3007 3009 3009 3006 2999 3018 3017 3006 3003 3009 2996 3008 3012 3011 3030 3001 3007 3018 3008 3014 3017 3008 2990 3021 3012 3010 3008
3070 3059 3033 3037 3032 3034 3033 3033 3026 3037 3041 3044 3037 3037 3024 3030 3037 3023 3052 3042 3023 3010 3017 3009 3030 3028 3016 3023 3017 3024 3003 3011 3007 3005 2997 3006 3009 3005 2999 3007 3002 3021 3008 3018 3011 3002 3008 3012 3014 3017 2998 3010 2994 2996 3005 3003 3004 3014 3003 3006 2992 3018 3011 3025
3029 3021 3012 3019 3008 3002 3023 3015 3011 3020 3007 3015 2994 3015 3000 3011 3004 3008 3007 3013 3017 3008 2990 3000 3010 3006 3002 3013 2999 3006 3000 3005 3002 3016 2994 3007 3001 3010 2998 3006 2992 3002 3005 3019 3010 3005 3005 3001 3004 3002 2995 2989 2995 2999 3011 2995 2998 2996 3010 2999 3007 3006 3012 3024
2994 2986 2991 2996 2968 2993 2979 2992 2987 2982 2983 2995 2992 2984 2992 2997 2991 2990 3004 2993 2999 2988 2966 2993 2987 2995 2990 2995 2999 3004 2996 2996 3005 3014 2990 2997 2987 2996 2988 2991 2993 3001 2994 3005 2996 2993 2995 2990 2995 2996 2984 3000 3002 3012 3000 3001 3007 3008 3009 3024 3010 3001 3002 2998
3001 2993 2988 2977 2972 2983 2992 2987 2984 2985 2978 2986 2994 2986 2991 2973 2987 2991 2985 2986 2990 2994 2987 2996 2979 2994 3002 2986 2996 2996 2998 2998 3006 3000 2991 3000 2990 2979 2993 2988 3004 2999 3001 3003 2998 3004 3007 2989 3004 2994 3001 2988 2992 3009 2989 3003 2995 2987 3004 3000 3004 3008 3004 3003
2990 2984 2994 2991 2980 2978 2978 2977 2991 2989 2983 2988 2994 2988 2989 2982 2987 2984 2992 2989 2983 2986 2991 2988 2985 2999 2992 2990 2990 3000 2984 2982 2994 2994 3001 2988 2993 3000 2992 3000 3006 3002 3005 2994 2992 3005 3011 3000 3014 3020 3000 2994 2999 2990 2986 3003 2998 2998 2998 3014 2996 3008 3003 2994
2968 2982 2992 2992 2988 2991 3003 2996 2979 2982 2980 2996 3002 2986 2995 2993 2985 2981 3000 2983 2982 2981 2997 2971 2984 2993 2997 2994 3000 3006 3001 3001 2996 2983 2995 3008 2996 2999 3003 2996 2996 3016 3007 2994 2994 3008 3012 3002 3004 3001 2999 3000 2990 3010 3007 2995 2994 2992 3006 3005 3003 3005 2993 2993
2977 2970 2975 2982 2989 2996 2992 2994 2980 2981 2976 2992 2996 2998 2978 2990 2974 2998 2994 2987 2995 2980 2980 2993 2993 2997 2998 2994 3004 3009 3017 3001 2991 2984 2991 3008 3014 3004 3015 3010 3001 3007 3004 2998 3005 3006 3023 3003 3000 3000 2989 2991 3005 2999 3007 2998 2992 2995 3011 3014 3007 2993 3005 2994
2978 2978 2972 2986 2999 2994 2999 2992 3000 2984 2991 2990 2995 2982 2985 2992 2981 2993 3000 2997 2995 2998 3001 3003 2999 3000 3006 3010 2999 2993 3007 2998 2991 2987 2995 3000 3012 3010 2999 3014 3006 3001 2993 2993 3003 3007 2992 2995 3016 2997 3002 2994 3003 3018 3006 3000 2998 2993 3009 3017 2992 3010 2982 2993
2980 3002 2987 2986 2991 2994 2993 2979 2983 2995 2987 3000 3005 2987 2983 2983 2977 2995 3005 2993 2986 2997 2999 3005 3000 3008 3005 3004 3001 2987 2999 2994 2985 2994 2995 3005 3008 3021 3005 3008 3005 3011 3005 3008 3009 2996 3008 3013 2999 3000 2997 3007 3013 3009 3000 2991 3003 3008 3012 3007 2998 2990 2992 2999
2999 3000 2994 3010 2990 2989 3002 2991 2989 2993 2992 2993 3003 2996 2989 2998 3006 3001 2989 2987 2987 2989 2998 3004 3002 3011 2995 3000 2991 2991 2989 2994 3001 2998 3013 2996 3012 3006 3002 3001 3001 3004 3003 3006 3009 3004 2992 3010 2999 3002 3000 2999 3008 3023 3000 2996 3000 3009 3010 3006 2992 2999 2989 3001
3012 2999 3007 3002 3007 3004 2995 3000 3000 2993 2999 2997 3004 2997 3005 3003 3002 2999 3006 2994 3000 2995 2996 2996 3002 3002 2988 3002 3007 2988 2990 2993 2989 2988 2997 2992 2990 3007 2997 2990 3009 3005 3009 3006 3010 3007 2997 2996 3000 3009 3007 3003 3019 3025 3016 3004 3002 3005 3002 3009 3009 2984 2990 2991
3016 2996 2999 3000 3006 3002 3000 3002 3012 3003 3013 2994 2993 3004 2986 3009 2997 3003 3010 3008 3010 2998 2997 3007 3008 3001 2993 3001 3005 2987 2991 2994 2989 2988 2991 3007 2998 2997 3001 2995 3022 3017 3018 3011 2999 2996 3000 3004 2996 3003 3013 3009 3024 3006 3009 3002 2998 2997 3008 3004 3005 2999 3001 2996
2999 3004 3007 3001 2994 2995 3007 3005 3015 3005 3008 3002 3003 3007 3009 3005 3013 3006 3019 2994 3001 2996 2996 2996 2992 3004 3000 3003 2992 3004 3012 2989 2998 2996 2986 3018 2989 3002 3000 3003 3007 3001 3000 3008 2994 3003 3012 3023 3008 2996 3014 3011 3019 3010 3014 3014 3014 2993 3007 2998 2988 3004 2993 2997
3000 2999 2987 3006 2998 2999 2992 3008 3016 3013 3005 3012 3005 3010 3011 3018 3007 2991 2994 2995 3001 3004 2996 2992 3005 3010 3009 3006 3008 3013 2996 3008 2996 2997 3010 3005 3000 3013 3002 3008 3010 3013 3008 3011 3003 3010 3011 3021 3011 3012 3014 3012 3013 3016 3009 3010 3017 3003 3008 3000 2997 2992 3004 3008
3008 2997 3014 3007 3020 3007 2995 3012 2995 3016 3008 2996 3013 3009 3012 3013 2993 2998 2987 2992 3004 3005 3004 3004 2997 3007 3008 3006 3005 3003 3005 3009 3004 3002 3006 3010 3001 3017 3010 3020 3011 3017 3018 3026 3020 3010 3017 3006 3022 3018 3030 3030 3032 3026 3030 3019 3019 3022 3008 3020 3009 2990 3007 2998
3006 3007 3029 3008 3016 3026 3019 3009 3016 3007 3008 3018 3018 3016 3016 3026 3012 2999 3008 3018 3021 3011 3012 3009 3009 3013 3010 3010 3024 3013 3033 3013 3008 3020 3019 3014 3016 3019 3022 3012 3018 3019 3015 3020 3026 3031 3019 3027 3023 3028 3026 3044 3039 3034 3023 3022 3033 3013 3024 3023 2999 2988 3004 3017
3036 3020 3022 3015 3031 3036 3035 3031 3031 3029 3027 3032 3019 3035 3041 3030 3023 3023 3023 3019 3041 3030 3026 3029 3021 3015 3029 3031 3021 3016 3025 3021 3035 3025 3008 3009 3025 3016 3013 3016 3014 3025 3033 3045 3035 3027 3022 3040 3031 3038 3039 3033 3021 3038 3036 3045 3033 3030 3020 3002 3015 3006 2998 3014
3028 3012 3016 3014 3031 3022 3023 3035 3023 3022 3031 3022 3021 3031 3026 3023 3028 3019 3009 3011 3031 3026 3029 3026 3005 3014 3021 3031 3016 3021 3020 3025 3015 3016 3015 3018 3019 3023 3019 3015 3027 3041 3029 3031 3042 3029 3024 3039 3032 3031 3039 3035 3046 3028 3041 3039 3034 3022 3020 3003 3011 3001 3017 3017
3022 3010 3015 3015 3008 3006 3013 2998 3012 3015 3012 3003 3002 3000 3018 3024 3000 3016 2993 3013 3007 3008 3004 3011 3013 3010 3012 3008 3013 3009 2994 3005 3011 3012 3017 3026 3017 3030 3031 3022 3038 3032 3025 3009 3034 3017 3013 3034 3029 3049 3062 3046 3049 3048 3050 3028 3032 3036 3024 3016 3010 3017 3017 3033
3004 3009 2993 3014 3013 3016 3017 2995 2996 3010 3001 3007 2994 3012 3017 3013 3017 3002 3006 3006 2996 2999 2996 3010 3009 3000 2989 3003 3004 3001 2988 3015 3003 3009 3022 3010 3021 3018 3018 3021 3029 3033 3036 3030 3021 3030 3031 3027 3030 3043 3043 3046 3047 3044 3044 3019 3029 3033 3007 3020 3009 3021 3029 3010
2992 2999 2999 3011 3016 3015 3006 3007 3000 2988 2992 2999 2995 3009 3006 3005 3007 3002 3004 2992 3002 2986 3002 2987 2996 2986 2997 2989 2994 2997 2989 3008 2995 3014 3017 3023 3037 3033 3030 3036 3023 3024 3024 3032 3023 3039 3030 3030 3038 3062 3024 3059 3051 3032 3027 3029 3046 3045 3039 3022 3024 3016 3019 3025
2983 2983 2989 3002 3015 3008 3002 2993 2997 3001 2994 3002 3011 2996 3011 2998 3003 3007 2994 3005 2998 2990 3004 3004 3014 2991 2987 2981 3008 2996 3008 2988 3005 3015 3018 3024 3042 3034 3039 3021 3027 3016 3031 3042 3041 3032 3042 3043 3041 3046 3043 3053 3051 3059 3051 3049 3058 3044 3045 3031 3030 3016 3025 3029
3006 3012 2997 3001 3017 3003 2985 3002 3001 2998 2995 2990 3018 3014 2997 3010 3001 2995 3005 2996 2984 3012 2993 3005 3008 3005 2993 2996 3012 3009 3001 3009 3016 3028 3022 3021 3036 3033 3023 3022 3026 3032 3029 3034 3034 3038 3041 3039 3043 3039 3054 3060 3058 3060 3067 3045 3066 3050 3043 3044 3018 3012 3022 3039
3001 2994 3009 3004 3006 3009 2990 3005 3009 2998 2997 3008 3000 3006 3000 3010 2999 2995 2990 2989 2998 2998 2994 3006 2998 3007 3001 3009 3009 2995 2998 3013 3024 3015 3036 3030 3043 3029 3025 3032 3031 3030 3032 3040 3024 3034 3045 3037 3041 3046 3050 3059 3081 3073 3071 3065 3071 3061 3060 3045 3033 3030 3040 3026
3010 3003 2997 3010 3010 3010 2991 3000 3000 2993 2989 3001 3001 3001 2987 2990 2997 2992 2991 2996 3001 2999 3001 3000 2994 3002 3005 2990 3006 2992 2994 2999 3021 3026 3032 3032 3034 3038 3030 3031 3043 3033 3036 3033 3037 3031 3033 3030 3045 3055 3068 3069 3072 3080 3085 3069 3078 3072 3047 3039 3041 3030 3028 3031
3005 3004 3010 3003 3019 3002 3000 2994 2980 2982 2988 2999 3002 2995 2983 2999 2992 2998 2993 2992 2999 2994 2996 2991 2999 3005 3008 3008 3021 3004 3004 3013 3007 3024 3023 3023 3040 3031 3029 3035 3038 3038 3032 3048 3046 3040 3029 3033 3052 3050 3066 3079 3090 3093 3088 3092 3088 3080 3063 3031 3044 3041 3025 3041
3008 2995 3005 3008 3027 2999 2991 3005 3005 2990 2993 2994 2988 3012 3005 3010 2996 3008 2999 2990 3001 2991 3005 3011 3011 3006 3003 3005 3008 3009 3005 3015 3020 3027 3037 3048 3033 3028 3039 3036 3027 3035 3044 3040 3040 3041 3040 3041 3048 3057 3069 3069 3092 3102 3096 3088 3108 3093 3065 3066 3059 3027 3038 3043
3006 3016 3000 3004 3011 3002 3001 3012 3002 2997 3007 2999 3003 2997 2995 2998 3011 3008 2992 3009 3008 3000 3015 3003 3014 3004 3018 3011 2999 3025 3011 3017 3030 3040 3043 3047 3047 3037 3027 3031 3042 3042 3049 3034 3045 3057 3054 3051 3062 3066 3084 3095 3101 3109 3099 3090 3086 3094 3070 3059 3038 3045 3027 3036
3026 3016 3016 3020 3018 3023 3019 3011 3013 3019 3011 3005 3019 3008 3003 3011 3023 3000 3020 3011 3009 3014 3013 3016 3009 2996 3011 3019 3016 3020 3013 3014 3037 3049 3054 3045 3034 3032 3040 3035 3044 3054 3039 3046 3051 3054 3067 3076 3083 3090 3088 3092 3091 3102 3092 3093 3090 3093 3071 3063 3047 3045 3046 3033
3029 3016 3026 3029 3036 3029 3021 3023 3026 3016 3022 3016 3015 3010 3010 3024 3015 3013 3013 3009 3001 3025 3016 3008 3004 3002 3019 3020 3002 3016 3017 3025 3035 3042 3050 3048 3062 3051 3038 3049 3065 3055 3043 3046 3056 3075 3077 3094 3086 3090 3093 3103 3100 3093 3096 3099 3087 3078 3071 3051 3054 3040 3044 3025
2996 3012 2993 3007 3012 3018 3023 3015 3000 3016 3002 3016 2996 3014 3015 3003 3003 2992 3000 3009 3007 3021 3003 3012 3020 3005 3006 3003 3008 3001 3006 3020 3015 3038 3040 3050 3052 3052 3046 3046 3055 3064 3067 3066 3080 3082 3084 3085 3085 3086 3098 3096 3098 3090 3084 3104 3097 3068 3072 3061 3044 3054 3045 3032
2984 2994 3014 3000 3010 3002 2990 3000 2988 3004 3010 3011 2997 3012 3012 3000 3002 3001 3011 3004 3003 3000 3008 2998 3004 3006 3009 2996 2997 2997 3012 3011 3025 3044 3047 3054 3062 3064 3061 3068 3067 3081 3077 3088 3091 3089 3092 3088 3093 3087 3094 3099 3105 3113 3094 3097 3102 3079 3079 3050 3056 3061 3038 3034
2990 3006 3002 3020 2986 3013 3000 3001 2999 3001 3018 2990 3007 2995 2998 3014 3007 3000 3006 3009 3021 2996 3004 3003 3005 3006 3016 3012 3003 2999 3000 3008 3028 3056 3040 3060 3067 3069 3066 3073 3068 3072 3073 3085 3085 3092 3092 3095 3105 3095 3092 3093 3098 3103 3112 3096 3094 3082 3078 3076 3069 3047 3048 3035
3006 3000 2998 2998 3002 3006 3007 2992 2999 3002 3018 3004 3003 3017 2997 3005 2995 3009 3003 2999 3007 2998 3001 2988 3002 3007 3003 2996 2983 2982 3004 3018 3038 3054 3056 3064 3070 3077 3077 3073 3077 3079 3098 3087 3079 3082 3086 3107 3095 3095 3082 3090 3097 3105 3109 3102 3095 3096 3082 3069 3055 3051 3047 3037
3011 2997 2992 3011 3006 3004 3001 3005 2995 3008 3012 3013 2995 3010 2987 3005 2992 2996 2997 3002 2989 3004 2991 3003 2998 3005 3003 3000 3004 2999 3008 3023 3027 3050 3058 3067 3075 3082 3083 3085 3082 3089 3088 3088 3085 3075 3083 3087 3086 3085 3098 3097 3104 3094 3109 3103 3088 3070 3076 3064 3062 3052 3044 3038
3007 3008 2992 2995 2994 2996 2996 3009 3003 3005 3008 2999 3005 2997 3014 2998 3008 2982 2989 2984 2998 2999 2986 2994 3004 2988 3005 3002 3004 3003 3007 3019 3035 3048 3067 3069 3094 3086 3079 3081 3080 3089 3084 3081 3084 3085 3083 3082 3084 3087 3094 3114 3105 3093 3101 3078 3084 3094 3081 3081 3060 3034 3029 3043
3001 2995 2981 2989 3006 2994 3002 3006 3007 3001 2995 3007 3005 3010 3008 3008 2992 2999 2998 3001 2991 3000 3002 2995 2994 2998 3003 3003 3000 3006 3013 3023 3035 3041 3067 3081 3077 3095 3069 3077 3098 3071 3095 3083 3090 3082 3086 3084 3087 3074 3095 3082 3098 3087 3093 3091 3082 3093 3078 3074 3050 3048 3040 3035
2992 2984 2985 2990 3007 3007 2997 2989 3010 3006 3005 3009 3027 3012 3008 3013 3007 2995 3004 3003 2993 2993 2993 2990 2996 2999 2996 3010 2997 3006 3003 3013 3029 3046 3066 3073 3085 3087 3088 3083 3097 3092 3082 3079 3088 3084 3082 3104 3101 3098 3093 3088 3086 3080 3094 3077 3093 3087 3083 3071 3060 3041 3023 3043
3022 3007 2994 2995 3010 3011 3003 2999 3002 2997 2985 2989 3008 2998 3003 3006 3011 3013 2998 3009 3005 3008 3002 2994 2998 3008 2999 3000 2997 2999 3002 3010 3038 3049 3066 3076 3078 3090 3091 3087 3080 3083 3070 3088 3088 3101 3094 3086 3091 3086 3099 3091 3095 3088 3092 3101 3084 3090 3081 3067 3058 3049 3029 3034
3005 3000 2990 3001 3013 3006 3006 3008 3008 3009 2988 2991 2993 2991 3000 3010 3012 3017 3018 3009 3004 2990 3009 3000 3021 3021 3013 3008 3015 3000 3003 3014 3033 3041 3058 3081 3087 3086 3092 3096 3082 3078 3060 3057 3073 3093 3090 3085 3094 3096 3101 3108 3090 3095 3095 3089 3085 3079 3076 3069 3038 3036 3035 3033
3001 3009 3008 3006 3002 3010 2994 3012 3017 3009 3004 2993 2997 3002 2998 3004 2992 3004 3000 2996 3001 3006 2994 2999 3010 2999 3013 3013 3015 3022 2996 3019 3033 3048 3068 3076 3069 3096 3098 3086 3080 3059 3077 3072 3085 3090 3092 3090 3107 3088 3090 3102 3092 3098 3082 3096 3087 3084 3077 3074 3044 3014 3031 3023
2993 3001 3009 2996 3000 3006 2999 3004 3010 3009 3006 2991 3010 3003 3003 2991 2981 3000 3005 3000 3006 3000 3002 3012 3012 3001 2997 3011 3016 3004 3005 3008 3019 3035 3055 3064 3089 3066 3091 3088 3074 3060 3067 3072 3077 3077 3092 3096 3097 3080 3094 3092 3084 3091 3091 3091 3095 3079 3076 3050 3031 3022 3034 3028
2990 2997 2988 2991 2996 2995 2994 2999 3009 3004 3000 3001 3004 2998 3002 2998 2999 2986 2998 2999 2997 2990 2985 2996 3001 3013 3011 3002 3005 2996 3000 3012 3001 3024 3034 3061 3059 3089 3088 3082 3077 3065 3083 3077 3081 3081 3102 3079 3087 3095 3093 3084 3084 3087 3090 3085 3101 3081 3075 3053 3030 3036 3037 3035
2992 2992 2995 2993 2995 2988 2992 2997 2981 2990 2991 2988 2995 3008 3012 3005 2993 3002 2999 2984 2995 3006 2983 2978 3006 3008 3007 3000 3009 2991 2995 3003 2998 3018 3025 3037 3059 3078 3095 3080 3074 3066 3062 3081 3089 3111 3091 3085 3092 3092 3087 3094 3075 3097 3089 3078 3080 3068 3063 3054 3039 3030 3039 3023
2993 2993 2995 3005 2997 2989 2999 2999 2998 3000 2994 2992 2992 2992 2984 2996 3001 3002 3006 2996 2989 2981 3001 2996 3002 3011 3010 3002 3008 3004 3001 3011 3005 3020 3024 3030 3062 3078 3082 3084 3080 3079 3071 3077 3084 3075 3081 3083 3088 3074 3094 3105 3082 3092 3071 3070 3079 3067 3063 3059 3034 3037 3037 3033
2990 2998 3008 3005 3001 3003 3009 2989 2997 3011 2995 3016 2990 2986 3008 3004 3008 3004 3015 2995 2987 3000 3002 3010 3009 3012 3006 3015 3007 2998 3019 3016 3028 3027 3016 3040 3075 3080 3078 3072 3078 3076 3075 3084 3079 3091 3088 3080 3085 3083 3098 3098 3091 3087 3089 3084 3074 3051 3056 3060 3037 3021 3032 3022
2999 3010 3007 2995 2989 2990 2997 2983 3008 2998 3000 3008 3009 2993 2993 2991 3001 3004 2993 2985 3000 3016 3002 3007 2995 3007 3003 3016 3001 3009 3004 3013 3016 3015 3025 3029 3049 3081 3075 3077 3071 3078 3083 3083 3081 3080 3086 3091 3089 3087 3096 3106 3083 3097 3091 3079 3059 3065 3060 3044 3047 3026 3045 3022
3001 3001 2994 3002 2986 2989 2986 2988 2994 2994 3001 2998 2997 3002 2998 3002 3004 3012 2999 2992 2997 3003 2990 3003 3000 3016 2998 3011 3012 3013 3011 3010 2993 3003 3016 3038 3051 3067 3078 3077 3073 3074 3083 3080 3090 3081 3082 3080 3095 3105 3097 3097 3080 3087 3090 3078 3068 3063 3062 3049 3041 3035 3034 3025
3007 2999 2989 3009 3000 3003 2995 2987 2982 2987 2988 2980 2994 3003 2990 2991 2997 2996 2997 3014 3015 3011 2993 2992 3016 3019 3017 3013 2997 3010 3016 3015 3011 3011 3017 3042 3067 3065 3079 3057 3064 3078 3084 3086 3087 3094 3089 3084 3093 3103 3095 3085 3085 3083 3084 3070 3060 3046 3059 3046 3040 3038 3024 3022
3007 2994 3008 2988 2992 2999 2992 2988 2988 2989 2977 2978 2994 2999 2981 2995 3004 3005 3004 3006 3008 2995 2994 3000 3017 3028 3014 2999 2994 2997 3019 3012 2994 3013 3021 3043 3074 3068 3079 3081 3068 3073 3076 3086 3081 3094 3092 3091 3105 3097 3092 3096 3090 3084 3081 3063 3060 3057 3040 3056 3046 3046 3026 3027
3010 2995 3013 3013 3014 3005 2999 2999 2994 2991 2989 2997 2998 2996 3002 2991 3006 2993 3017 3003 3004 3007 2997 3017 3015 3028 3023 3030 3026 3023 3020 3018 3009 3032 3031 3058 3075 3069 3083 3083 3089 3102 3075 3100 3086 3079 3093 3098 3089 3101 3104 3107 3099 3093 3083 3059 3065 3056 3070 3060 3045 3048 3037 3029
3020 3011 3009 3005 3004 3000 2996 3002 2997 3006 3003 2998 3015 3015 3004 3008 3009 3013 2996 3007 2990 3010 3019 3011 3020 3026 3030 3035 3053 3047 3033 3024 3027 3032 3049 3072 3072 3089 3090 3099 3090 3088 3101 3098 3098 3099 3103 3099 3097 3091 3096 3107 3101 3104 3073 3063 3058 3061 3062 3057 3063 3058 3056 3025
3009 3017 3009 3012 3012 2992 2991 2998 3001 3000 2998 3016 3008 3018 3012 3003 3014 3017 3005 3010 3000 3014 3015 3026 3028 3025 3041 3036 3044 3033 3032 3030 3012 3033 3050 3079 3085 3079 3101 3086 3096 3092 3082 3086 3087 3096 3086 3095 3096 3092 3090 3095 3083 3072 3058 3059 3050 3060 3065 3055 3065 3054 3037 3052
3013 3002 3009 2998 3014 2997 2985 2998 2990 3009 3029 3018 3018 3006 3001 3013 3024 3025 2995 3018 3006 3002 3018 3023 3019 3049 3037 3052 3065 3048 3034 3031 3028 3039 3075 3078 3093 3081 3074 3078 3082 3094 3096 3103 3101 3099 3099 3088 3080 3082 3072 3077 3062 3057 3057 3054 3048 3062 3066 3061 3048 3050 3030 3027
3009 2998 3008 2994 3002 2999 2987 3002 2996 2999 3014 3012 3017 3024 3016 3015 3019 3022 3016 3012 3008 2997 3015 3015 3021 3030 3041 3048 3041 3042 3036 3048 3030 3047 3073 3089 3091 3071 3086 3081 3097 3098 3107 3096 3095 3106 3094 3090 3092 3078 3085 3063 3078 3054 3064 3029 3040 3051 3070 3059 3050 3054 3052 3035
3009 3012 3002 3004 3006 3002 2998 3003 3003 2998 2998 3012 3019 3014 3013 3019 3020 3027 3015 3003 3016 3010 3011 3029 3023 3036 3048 3053 3050 3048 3040 3024 3035 3049 3064 3081 3084 3093 3082 3104 3109 3096 3101 3088 3097 3102 3113 3106 3104 3090 3076 3074 3068 3070 3065 3047 3044 3055 3062 3050 3055 3041 3033 3036
3009 3007 2998 3014 3012 3005 3017 3018 3001 3009 3019 3019 3010 3020 3011 3006 3011 3009 3002 3017 3014 3027 3021 3033 3038 3037 3046 3056 3053 3042 3037 3045 3048 3051 3062 3086 3082 3087 3085 3092 3102 3092 3106 3105 3096 3094 3098 3113 3107 3091 3082 3082 3076 3092 3061 3047 3051 3058 3045 3045 3064 3052 3041 3038
3018 3005 2993 3013 3022 3023 3016 3009 3006 3006 3011 3015 3001 3011 3018 3012 2992 3005 3006 2999 3019 3011 3033 3038 3044 3044 3053 3049 3047 3041 3062 3061 3066 3050 3070 3078 3088 3095 3081 3086 3089 3098 3095 3093 3094 3077 3094 3095 3088 3098 3082 3088 3082 3086 3070 3062 3056 3067 3056 3062 3047 3046 3051 3059
