3054 3057 3034 3042 3052 3054 3041 3047 3045 3049 3067 3077 3093 3111 3111 3111 3096 3093 3097 3094 3087 3088 3099 3091 3080 3086 3096 3087 3070 3087 3086 3081 3082 3080 3080 3079 3093 3089 3085 3088 3086 3083 3099 3107 3082 3076 3079 3090 3110 3100 3100 3102 3119 3108 3080 3078 3087 3093 3085 3093 3103 3097 3099 3090
3047 3048 3046 3045 3046 3041 3030 3045 3045 3050 3071 3082 3092 3094 3099 3091 3102 3088 3097 3094 3092 3084 3095 3082 3097 3082 3080 3087 3074 3078 3087 3082 3096 3103 3080 3085 3100 3085 3083 3091 3104 3105 3100 3107 3095 3094 3094 3094 3099 3100 3098 3094 3092 3102 3088 3090 3099 3102 3099 3088 3108 3098 3098 3099
3061 3062 3040 3046 3036 3041 3037 3045 3062 3057 3063 3088 3082 3089 3109 3109 3090 3084 3085 3091 3090 3072 3075 3083 3084 3082 3094 3081 3084 3073 3091 3094 3087 3099 3088 3091 3094 3087 3098 3107 3095 3109 3103 3102 3092 3099 3087 3094 3103 3089 3091 3099 3086 3096 3086 3083 3086 3089 3088 3095 3106 3106 3103 3099
3044 3051 3042 3041 3024 3037 3033 3018 3048 3036 3060 3074 3095 3087 3112 3094 3089 3088 3084 3080 3083 3083 3078 3088 3089 3070 3067 3079 3071 3090 3089 3082 3089 3093 3098 3094 3092 3099 3105 3100 3117 3103 3095 3089 3092 3087 3079 3096 3094 3099 3082 3089 3099 3088 3092 3086 3090 3089 3108 3096 3101 3085 3099 3088
3058 3045 3024 3035 3021 3043 3018 3030 3035 3052 3049 3056 3079 3080 3090 3097 3096 3101 3082 3089 3087 3075 3082 3082 3100 3077 3080 3073 3076 3087 3079 3079 3091 3093 3103 3087 3091 3095 3098 3108 3117 3117 3102 3079 3094 3080 3082 3079 3083 3093 3078 3087 3089 3106 3086 3091 3107 3094 3087 3085 3087 3081 3096 3105
3048 3032 3042 3041 3041 3030 3029 3029 3022 3032 3055 3064 3081 3086 3085 3080 3081 3085 3096 3097 3074 3081 3081 3082 3086 3073 3072 3076 3079 3094 3082 3079 3088 3097 3096 3087 3094 3110 3102 3105 3093 3093 3088 3097 3093 3078 3094 3092 3091 3093 3091 3100 3094 3095 3094 3095 3092 3084 3085 3097 3091 3094 3091 3086
3035 3027 3023 3031 3042 3038 3032 3014 3039 3040 3044 3045 3068 3067 3074 3072 3092 3093 3084 3085 3086 3076 3065 3068 3078 3074 3074 3083 3081 3083 3083 3078 3095 3086 3094 3088 3105 3098 3101 3089 3098 3085 3084 3068 3084 3092 3093 3091 3093 3095 3093 3089 3090 3090 3092 3083 3079 3088 3082 3092 3090 3094 3084 3093
3008 2993 2993 3006 3004 2993 3008 3006 2997 3012 3020 3022 3048 3056 3058 3074 3068 3066 3057 3074 3076 3066 3057 3059 3074 3073 3060 3065 3069 3072 3072 3072 3074 3075 3080 3072 3088 3079 3100 3078 3088 3092 3079 3080 3071 3069 3078 3086 3090 3094 3094 3083 3082 3077 3087 3087 3083 3072 3079 3088 3094 3092 3092 3086
2978 2943 2950 2950 2954 2960 2975 2979 2963 2984 2990 3017 3037 3043 3036 3038 3045 3046 3057 3047 3044 3050 3052 3056 3044 3049 3067 3063 3059 3065 3063 3075 3072 3063 3054 3069 3081 3091 3082 3088 3080 3074 3071 3061 3060 3070 3064 3067 3084 3077 3081 3086 3087 3086 3079 3084 3092 3079 3083 3076 3081 3072 3074 3078
2961 2961 2943 2957 2971 2975 2976 2981 2981 2978 2972 3005 3022 3020 3033 3040 3046 3053 3043 3045 3051 3051 3054 3067 3049 3062 3052 3056 3049 3057 3085 3060 3060 3069 3063 3073 3070 3079 3079 3089 3083 3088 3069 3086 3065 3075 3071 3075 3080 3083 3092 3085 3078 3083 3082 3078 3063 3070 3073 3073 3087 3077 3082 3084
2954 2963 2960 2964 2960 2968 2975 2978 2970 2965 2982 2986 2995 3004 3034 3036 3048 3041 3040 3028 3047 3043 3054 3046 3062 3061 3046 3056 3073 3063 3055 3077 3069 3077 3072 3062 3080 3077 3085 3078 3079 3083 3086 3086 3086 3077 3084 3081 3100 3092 3091 3099 3088 3089 3076 3087 3071 3072 3068 3081 3079 3093 3091 3077
2968 2973 2977 2964 2975 2962 2976 2975 2961 2967 2978 2995 3012 3016 3022 3041 3060 3036 3042 3048 3048 3039 3042 3041 3050 3063 3055 3057 3057 3064 3077 3083 3068 3085 3070 3071 3084 3078 3088 3098 3084 3091 3085 3092 3082 3077 3082 3085 3082 3097 3096 3082 3086 3094 3081 3081 3071 3077 3089 3095 3087 3077 3095 3096
2971 2973 2983 2971 2973 2965 2976 2975 2962 2981 2980 2995 3000 3022 3044 3046 3053 3060 3055 3061 3060 3049 3046 3043 3049 3067 3063 3072 3055 3068 3071 3077 3075 3064 3071 3085 3072 3073 3089 3089 3089 3092 3089 3083 3077 3077 3081 3097 3081 3096 3089 3082 3101 3080 3073 3084 3088 3095 3084 3091 3062 3062 3078 3086
2962 2977 2990 2982 2970 2974 2970 2964 2977 2959 2994 2994 3001 3007 3020 3048 3064 3045 3049 3053 3048 3043 3043 3042 3055 3053 3064 3062 3060 3054 3073 3064 3089 3061 3070 3082 3079 3076 3091 3090 3081 3089 3084 3087 3080 3086 3074 3086 3095 3084 3094 3079 3082 3090 3082 3064 3092 3098 3086 3078 3074 3084 3082 3084
2971 2981 2970 2979 2979 2966 2958 2973 2976 2970 2996 2986 2984 3002 3014 3034 3068 3045 3042 3046 3048 3043 3049 3057 3053 3069 3066 3063 3041 3054 3051 3071 3084 3086 3087 3089 3085 3096 3073 3084 3095 3087 3093 3091 3078 3090 3090 3085 3085 3072 3071 3091 3079 3078 3077 3080 3080 3100 3090 3083 3086 3071 3084 3082
2986 2978 2979 2968 2980 2973 2987 2989 2979 2992 2981 3001 2990 3003 3019 3035 3050 3052 3053 3039 3048 3045 3055 3053 3058 3050 3052 3064 3049 3046 3053 3064 3076 3096 3082 3090 3087 3084 3078 3074 3074 3090 3083 3102 3087 3076 3088 3086 3080 3075 3082 3082 3077 3070 3081 3079 3097 3088 3092 3084 3081 3092 3085 3081
2999 3002 2980 2989 2989 2992 2982 2999 2999 3001 2992 2986 3009 3023 3019 3042 3042 3052 3044 3038 3043 3058 3065 3062 3058 3056 3053 3067 3055 3060 3063 3074 3083 3072 3063 3091 3085 3085 3078 3073 3073 3083 3088 3083 3083 3065 3080 3082 3078 3078 3088 3075 3083 3089 3081 3082 3079 3078 3085 3081 3074 3093 3096 3075
3007 2993 2974 2996 2993 3003 3007 3000 2991 2986 2982 3002 3007 3003 3012 3019 3054 3059 3048 3059 3050 3057 3052 3058 3071 3050 3057 3060 3043 3068 3062 3059 3078 3079 3084 3075 3079 3092 3081 3082 3073 3072 3074 3100 3076 3087 3074 3085 3066 3078 3079 3079 3084 3087 3089 3073 3074 3083 3082 3081 3088 3095 3078 3075
2997 2983 2998 3020 3013 2997 3007 2994 3005 2990 2985 2980 3002 2996 3004 3006 3024 3051 3054 3040 3049 3041 3048 3048 3047 3069 3064 3069 3061 3079 3065 3071 3085 3080 3070 3082 3079 3069 3081 3093 3087 3070 3085 3084 3071 3081 3082 3083 3078 3084 3084 3071 3081 3074 3085 3089 3091 3083 3093 3080 3090 3092 3083 3099
2999 2985 2993 3002 3009 3003 2992 3001 3001 2994 2992 2992 2998 3000 2997 3012 3028 3040 3042 3048 3048 3030 3046 3048 3049 3056 3071 3071 3061 3058 3075 3080 3077 3085 3078 3086 3083 3077 3079 3088 3067 3084 3086 3087 3079 3071 3084 3075 3083 3080 3089 3084 3071 3076 3072 3077 3075 3085 3093 3085 3075 3084 3080 3088
3003 2993 3004 3000 3008 2996 2997 2992 2996 2997 2997 2993 2981 2997 2993 3002 3016 3030 3037 3040 3051 3051 3048 3046 3055 3050 3059 3059 3068 3060 3074 3076 3077 3075 3081 3079 3084 3089 3083 3077 3065 3074 3079 3081 3084 3081 3077 3090 3088 3086 3081 3088 3082 3082 3078 3076 3081 3084 3079 3092 3076 3081 3080 3098
2994 3008 2988 2992 3005 3012 2996 2991 3001 2998 3006 2998 2995 2997 2996 3009 3023 3030 3037 3046 3043 3045 3044 3053 3062 3052 3061 3057 3066 3069 3066 3057 3076 3075 3082 3088 3077 3076 3092 3080 3086 3081 3084 3085 3081 3087 3090 3092 3078 3077 3090 3096 3082 3079 3084 3079 3089 3083 3072 3078 3076 3079 3094 3091
3015 2998 3012 3001 3007 3000 2998 3016 3004 3001 3000 3002 3003 2996 3001 3010 3019 3028 3039 3061 3046 3057 3052 3060 3069 3067 3057 3061 3068 3059 3065 3083 3076 3081 3071 3074 3066 3086 3089 3093 3076 3078 3091 3088 3080 3076 3083 3096 3085 3065 3094 3095 3070 3092 3088 3105 3085 3081 3088 3073 3077 3068 3075 3098
3023 2999 3013 3022 3003 3004 3001 3002 3010 3014 3001 3017 3004 3002 3005 3006 3015 3032 3045 3049 3053 3060 3062 3059 3073 3060 3058 3066 3073 3072 3066 3069 3075 3078 3086 3067 3079 3093 3093 3106 3097 3093 3088 3086 3085 3065 3084 3074 3083 3075 3079 3088 3090 3096 3095 3093 3082 3084 3082 3076 3076 3078 3092 3096
3022 3017 2984 3005 3006 3001 3004 2994 3009 2999 3000 3006 3011 3014 2992 3003 3009 3013 3032 3044 3053 3062 3059 3065 3071 3063 3066 3070 3065 3063 3057 3067 3073 3087 3088 3082 3095 3089 3089 3092 3091 3093 3091 3075 3084 3084 3076 3077 3072 3086 3083 3092 3090 3092 3092 3084 3072 3079 3087 3075 3090 3087 3087 3083
3023 3009 3002 3007 3011 3013 2996 2996 2993 3002 2998 2998 3006 3006 2985 2999 3014 3006 3027 3035 3057 3060 3072 3066 3065 3072 3072 3068 3072 3077 3070 3063 3083 3087 3076 3082 3103 3108 3086 3078 3078 3093 3092 3072 3076 3058 3083 3081 3076 3072 3081 3081 3098 3092 3091 3084 3081 3080 3083 3091 3077 3083 3078 3078
2983 3002 3006 3003 2997 2997 2997 3006 2996 3003 2995 3009 2982 2984 2995 3005 3001 2985 2998 3025 3038 3051 3072 3063 3058 3068 3071 3074 3078 3089 3082 3077 3090 3088 3076 3085 3085 3090 3085 3070 3080 3090 3092 3084 3088 3067 3076 3069 3071 3066 3083 3084 3088 3082 3083 3074 3089 3088 3093 3091 3090 3086 3082 3085
2987 3011 3002 2998 3008 3003 2984 2992 2999 3016 3002 2995 2997 2999 2998 2997 2995 2988 2995 3017 3028 3055 3056 3058 3067 3064 3073 3068 3086 3071 3086 3086 3088 3085 3077 3089 3079 3091 3091 3090 3084 3082 3097 3090 3073 3077 3085 3092 3081 3080 3082 3078 3079 3084 3099 3076 3080 3071 3094 3078 3092 3072 3081 3080
2989 2991 3008 3011 3003 3003 2998 2993 2997 3008 2994 2987 2989 2982 2997 2996 2992 2988 3005 3014 3031 3043 3063 3067 3077 3068 3075 3068 3083 3081 3079 3090 3091 3087 3083 3084 3089 3082 3093 3095 3082 3092 3095 3083 3093 3088 3076 3088 3096 3094 3088 3087 3075 3077 3082 3082 3079 3079 3095 3095 3069 3060 3070 3090
2976 3006 2990 2988 2999 2989 2990 2999 2992 3008 2990 2983 2992 3000 2985 2985 2991 2985 3000 3003 3033 3045 3051 3073 3071 3071 3071 3076 3079 3073 3080 3070 3081 3072 3086 3080 3076 3090 3091 3090 3084 3070 3090 3094 3090 3088 3084 3080 3087 3097 3080 3078 3085 3096 3089 3096 3086 3074 3083 3090 3069 3055 3066 3076
3005 2977 2987 2995 2995 2982 2998 2994 3000 2998 3003 2982 2992 2987 2992 2999 3000 2983 2995 2996 3016 3034 3061 3065 3074 3080 3077 3071 3073 3076 3073 3065 3080 3085 3083 3069 3089 3093 3104 3078 3086 3067 3089 3078 3080 3092 3080 3102 3088 3088 3081 3088 3089 3107 3089 3085 3093 3085 3086 3088 3075 3068 3060 3052
2991 2993 2984 2994 3005 2994 2992 2995 2994 3001 2992 2988 2988 2991 2987 2986 2973 2981 2978 3003 3016 3039 3049 3074 3072 3074 3082 3069 3075 3074 3071 3063 3083 3078 3072 3083 3084 3078 3078 3090 3095 3081 3094 3092 3089 3086 3084 3080 3088 3073 3089 3084 3086 3095 3091 3089 3082 3081 3069 3082 3085 3075 3076 3043
2990 2984 2987 2980 2994 2975 2985 2991 3007 2986 2984 2981 2982 2980 2991 2996 2972 2984 2988 2990 3007 3022 3046 3072 3074 3073 3067 3071 3073 3068 3055 3062 3065 3078 3078 3080 3079 3078 3088 3088 3081 3080 3091 3089 3093 3075 3086 3078 3086 3084 3081 3096 3069 3072 3067 3072 3081 3079 3069 3082 3070 3076 3068 3051
2985 2998 2999 2992 3013 3006 3009 2998 2995 2988 2992 2994 3004 2987 3000 3001 2988 2988 2991 2998 3008 3021 3046 3055 3078 3089 3077 3068 3068 3068 3072 3073 3069 3081 3087 3081 3084 3072 3080 3079 3086 3073 3085 3076 3079 3084 3078 3076 3076 3081 3081 3074 3070 3064 3075 3065 3092 3080 3076 3067 3051 3074 3056 3050
3010 3015 3016 3002 2996 3013 3019 3021 3019 3002 2999 3010 2990 3002 3015 3012 3011 3002 3006 3013 3011 3033 3061 3073 3079 3077 3082 3081 3091 3073 3073 3072 3072 3065 3077 3087 3078 3078 3080 3077 3078 3078 3089 3093 3073 3088 3087 3088 3076 3067 3078 3073 3074 3068 3064 3071 3078 3089 3084 3073 3081 3051 3048 3036
3008 3003 3016 3008 3013 3014 3026 3028 3015 3008 3015 2998 3003 3003 3010 3006 3018 3013 3016 3022 3027 3030 3058 3079 3068 3070 3091 3087 3099 3100 3078 3065 3077 3078 3090 3087 3070 3079 3077 3090 3083 3080 3073 3086 3089 3095 3087 3075 3070 3065 3067 3088 3077 3068 3078 3066 3082 3069 3076 3070 3057 3045 3040 3025
3005 2998 2996 2992 3006 3000 2999 3003 3002 3004 2999 2986 3000 2985 3002 3017 3011 3019 3023 3017 3031 3044 3070 3072 3079 3084 3080 3072 3078 3089 3085 3090 3078 3073 3084 3074 3074 3065 3078 3076 3086 3089 3089 3075 3090 3089 3083 3071 3083 3059 3073 3092 3071 3069 3079 3071 3074 3072 3060 3064 3046 3049 3051 3031
2987 2996 2983 2991 2994 2989 2998 3004 3001 2997 2992 3007 2997 2998 3001 3020 3022 3023 3029 3036 3051 3052 3072 3073 3080 3071 3081 3082 3075 3083 3078 3093 3084 3089 3073 3073 3076 3061 3077 3074 3079 3083 3085 3087 3097 3071 3099 3079 3077 3084 3085 3079 3072 3088 3073 3069 3079 3070 3059 3056 3040 3044 3038 3035
3000 2991 2987 2985 2983 2982 3007 2983 2985 2988 3006 3009 3019 3028 3029 3043 3033 3044 3052 3059 3063 3052 3074 3081 3062 3072 3067 3078 3077 3079 3082 3078 3076 3080 3076 3081 3090 3090 3088 3075 3079 3080 3086 3082 3072 3077 3088 3088 3081 3076 3062 3065 3078 3080 3066 3059 3064 3070 3071 3057 3051 3033 3019 3014
3000 2992 2985 3000 2979 2998 3015 3008 3012 3008 3013 3032 3025 3045 3043 3058 3060 3061 3053 3063 3071 3072 3076 3074 3084 3072 3073 3082 3064 3074 3076 3085 3085 3069 3079 3081 3087 3085 3085 3083 3081 3068 3078 3060 3072 3067 3085 3075 3075 3072 3073 3063 3063 3069 3078 3082 3066 3066 3054 3057 3054 3025 3003 3008
3018 3004 3020 3010 3023 3020 3017 3019 3016 3029 3037 3047 3052 3057 3048 3047 3056 3063 3062 3068 3069 3077 3074 3076 3063 3075 3067 3064 3069 3073 3076 3073 3086 3069 3077 3083 3084 3078 3078 3073 3081 3069 3079 3083 3079 3078 3072 3072 3060 3071 3064 3069 3055 3071 3074 3082 3087 3080 3055 3045 3036 3031 3029 3004
3019 3022 3022 3023 3049 3045 3045 3041 3040 3021 3056 3052 3048 3053 3062 3044 3070 3064 3062 3065 3069 3072 3085 3080 3073 3071 3060 3058 3075 3068 3071 3073 3067 3077 3057 3070 3074 3076 3082 3075 3080 3078 3084 3081 3079 3083 3066 3064 3071 3063 3075 3067 3067 3081 3066 3081 3081 3076 3053 3041 3027 3021 3023 3016
3039 3052 3032 3060 3038 3043 3045 3056 3055 3049 3040 3054 3071 3050 3060 3059 3060 3055 3069 3064 3068 3068 3079 3075 3068 3068 3067 3076 3065 3073 3080 3078 3077 3076 3087 3081 3069 3071 3078 3072 3081 3076 3092 3070 3069 3077 3073 3074 3069 3075 3067 3079 3082 3073 3068 3073 3079 3081 3064 3056 3056 3017 3028 3007
3071 3061 3042 3052 3051 3061 3057 3063 3064 3049 3051 3060 3065 3052 3051 3053 3053 3057 3060 3068 3067 3079 3076 3071 3066 3078 3072 3082 3069 3074 3088 3081 3076 3076 3077 3075 3067 3061 3073 3080 3082 3096 3077 3082 3067 3079 3086 3086 3064 3077 3085 3081 3071 3069 3086 3084 3087 3074 3070 3077 3036 3048 3044 3035
3063 3064 3058 3060 3050 3052 3056 3059 3059 3058 3055 3060 3040 3045 3038 3056 3051 3060 3062 3073 3068 3070 3073 3080 3078 3083 3076 3080 3079 3075 3076 3080 3065 3073 3059 3058 3080 3066 3081 3068 3066 3075 3075 3086 3076 3088 3082 3078 3069 3069 3069 3076 3081 3082 3083 3080 3090 3078 3084 3080 3062 3059 3043 3037
3084 3060 3063 3067 3055 3067 3060 3058 3068 3061 3052 3061 3057 3038 3044 3042 3063 3060 3072 3058 3061 3065 3064 3077 3073 3067 3066 3072 3061 3080 3090 3081 3072 3077 3065 3056 3069 3064 3078 3075 3082 3071 3070 3080 3077 3083 3073 3081 3072 3073 3074 3085 3086 3081 3073 3084 3084 3094 3088 3073 3065 3054 3053 3044
3058 3062 3074 3077 3074 3066 3064 3064 3066 3059 3063 3054 3040 3055 3037 3050 3056 3053 3048 3064 3068 3065 3072 3071 3078 3078 3072 3084 3075 3083 3068 3070 3067 3081 3081 3072 3066 3073 3062 3065 3076 3066 3064 3080 3074 3076 3086 3084 3079 3060 3070 3076 3081 3071 3074 3084 3085 3085 3085 3091 3073 3073 3058 3055
3066 3063 3068 3077 3080 3077 3061 3066 3062 3061 3057 3057 3053 3056 3046 3054 3060 3061 3062 3066 3067 3075 3071 3078 3075 3066 3073 3081 3068 3080 3075 3068 3074 3086 3076 3092 3079 3078 3067 3072 3084 3074 3078 3070 3074 3059 3072 3068 3089 3082 3069 3079 3083 3077 3062 3081 3078 3094 3093 3085 3076 3081 3066 3058
3061 3065 3070 3081 3082 3066 3060 3052 3063 3062 3057 3061 3054 3050 3056 3055 3053 3067 3065 3065 3078 3069 3075 3066 3068 3080 3082 3069 3083 3062 3087 3081 3072 3068 3076 3083 3089 3077 3067 3071 3074 3090 3088 3070 3080 3077 3071 3079 3084 3086 3099 3085 3080 3078 3078 3064 3077 3085 3078 3086 3081 3079 3081 3068
3075 3067 3088 3070 3070 3070 3059 3070 3063 3065 3055 3066 3070 3057 3069 3051 3053 3050 3064 3073 3065 3065 3074 3074 3069 3081 3085 3084 3063 3070 3091 3077 3075 3073 3086 3078 3081 3074 3075 3083 3092 3081 3085 3070 3073 3084 3084 3093 3080 3084 3084 3069 3082 3083 3078 3085 3078 3068 3090 3078 3068 3072 3084 3068
3058 3074 3074 3074 3073 3068 3075 3069 3049 3055 3059 3071 3064 3063 3049 3067 3065 3056 3064 3064 3068 3078 3080 3073 3070 3075 3080 3075 3075 3069 3080 3076 3073 3076 3080 3079 3088 3093 3075 3086 3078 3076 3085 3078 3080 3086 3074 3079 3085 3090 3066 3080 3076 3072 3065 3074 3075 3086 3074 3075 3086 3070 3085 3083
3071 3079 3092 3071 3062 3066 3076 3079 3070 3059 3065 3069 3065 3079 3071 3060 3062 3055 3066 3066 3063 3081 3079 3059 3054 3065 3061 3075 3068 3073 3078 3068 3068 3076 3079 3075 3075 3086 3076 3087 3086 3082 3090 3083 3094 3083 3075 3080 3067 3078 3081 3069 3083 3074 3084 3080 3078 3095 3100 3091 3071 3092 3098 3099
3078 3084 3074 3068 3065 3073 3077 3076 3071 3068 3070 3076 3068 3070 3066 3054 3054 3049 3056 3053 3071 3075 3064 3066 3068 3080 3075 3075 3075 3065 3067 3064 3062 3068 3078 3084 3068 3069 3066 3075 3069 3074 3069 3092 3086 3081 3074 3077 3080 3084 3077 3080 3081 3076 3079 3080 3075 3082 3097 3096 3099 3085 3087 3091
3100 3088 3074 3062 3073 3076 3076 3079 3083 3095 3075 3080 3067 3072 3064 3066 3053 3058 3045 3051 3052 3063 3071 3063 3073 3074 3080 3069 3066 3070 3067 3065 3062 3057 3073 3067 3087 3072 3054 3073 3066 3068 3057 3078 3094 3081 3097 3092 3083 3062 3076 3071 3084 3065 3071 3069 3074 3076 3087 3096 3090 3086 3092 3080
3077 3073 3064 3072 3071 3076 3064 3066 3075 3073 3062 3068 3080 3054 3065 3059 3053 3048 3055 3044 3053 3068 3064 3063 3077 3064 3080 3069 3063 3076 3090 3064 3071 3068 3064 3061 3070 3078 3067 3063 3064 3074 3071 3061 3066 3092 3084 3084 3089 3064 3078 3077 3068 3071 3057 3067 3067 3079 3076 3106 3083 3080 3085 3083
3065 3065 3058 3059 3059 3074 3073 3074 3070 3073 3052 3079 3075 3082 3059 3063 3062 3063 3045 3045 3051 3054 3077 3073 3062 3088 3063 3082 3071 3072 3088 3080 3072 3070 3069 3075 3078 3069 3071 3070 3064 3064 3067 3071 3085 3068 3075 3075 3072 3070 3072 3067 3071 3062 3059 3060 3076 3078 3081 3094 3088 3074 3085 3078
3074 3072 3074 3085 3077 3067 3068 3065 3070 3060 3069 3078 3071 3069 3073 3059 3064 3063 3057 3056 3057 3076 3054 3073 3081 3076 3087 3088 3079 3082 3074 3085 3071 3077 3062 3069 3081 3066 3084 3073 3069 3070 3071 3073 3080 3094 3081 3068 3083 3083 3068 3064 3071 3078 3075 3068 3093 3085 3084 3095 3079 3079 3076 3065
3082 3083 3070 3076 3077 3071 3066 3070 3068 3083 3068 3076 3087 3080 3076 3068 3066 3066 3078 3074 3047 3055 3062 3064 3067 3066 3078 3079 3095 3079 3077 3078 3079 3077 3065 3059 3068 3070 3073 3082 3076 3087 3085 3096 3096 3092 3096 3083 3073 3071 3079 3075 3069 3072 3083 3076 3079 3092 3074 3085 3089 3086 3073 3071
3081 3079 3073 3081 3075 3063 3066 3077 3088 3083 3081 3084 3078 3065 3070 3060 3074 3064 3065 3060 3061 3057 3065 3060 3078 3073 3075 3084 3070 3068 3085 3071 3065 3082 3069 3075 3071 3075 3080 3081 3083 3078 3079 3086 3086 3086 3092 3075 3096 3084 3086 3078 3087 3085 3080 3085 3096 3085 3092 3081 3083 3072 3083 3071
3091 3082 3087 3075 3073 3076 3075 3080 3083 3089 3080 3086 3082 3093 3084 3067 3064 3074 3063 3079 3063 3066 3070 3059 3071 3065 3065 3067 3075 3072 3071 3074 3080 3063 3077 3077 3086 3071 3085 3072 3094 3070 3080 3068 3088 3091 3094 3070 3082 3079 3071 3084 3084 3083 3077 3089 3090 3080 3087 3082 3073 3062 3076 3086
3090 3069 3081 3083 3071 3071 3075 3068 3084 3097 3077 3080 3070 3063 3077 3083 3068 3075 3066 3066 3068 3059 3075 3059 3066 3064 3056 3064 3066 3083 3074 3063 3083 3086 3077 3086 3084 3075 3074 3074 3077 3083 3080 3073 3079 3086 3079 3095 3064 3081 3089 3084 3076 3081 3094 3090 3092 3078 3078 3092 3072 3072 3072 3064
3081 3074 3075 3068 3075 3051 3069 3079 3080 3086 3077 3061 3076 3082 3081 3089 3074 3069 3071 3066 3076 3053 3066 3052 3053 3048 3067 3055 3070 3075 3068 3065 3072 3071 3088 3080 3067 3065 3060 3062 3069 3064 3079 3079 3078 3077 3095 3096 3097 3068 3085 3068 3073 3071 3093 3092 3084 3061 3068 3068 3084 3068 3081 3059
3078 3067 3082 3073 3057 3082 3080 3074 3073 3069 3078 3073 3064 3073 3072 3069 3076 3086 3081 3079 3063 3057 3057 3064 3044 3051 3065 3063 3086 3071 3068 3054 3078 3074 3075 3069 3071 3080 3064 3071 3062 3067 3059 3070 3076 3081 3077 3077 3074 3070 3063 3073 3078 3082 3080 3084 3074 3068 3070 3063 3079 3083 3080 3058
3063 3087 3080 3073 3070 3077 3087 3081 3059 3069 3071 3062 3075 3061 3058 3074 3095 3070 3073 3077 3057 3066 3060 3056 3053 3056 3061 3074 3076 3075 3058 3065 3055 3057 3083 3059 3069 3068 3063 3054 3053 3055 3064 3062 3070 3060 3064 3077 3056 3054 3056 3065 3081 3070 3076 3075 3075 3074 3075 3073 3085 3066 3080 3069
