3059 3057 3055 3054 3052 3054 3057 3054 3051 3051 3051 3049 3046 3043 3041 3040 3039 3042 3046 3040 3031 3032 3037 3040 3041 3041 3041 3038 3034 3035 3040 3042 3040 3037 3034 3028 3019 3019 3029 3031 3019 3013 3017 3019 3017 3015 3010 3008 3012 3016 3021 3023 3015 3008 3007 3007 3003 3000 3003 3006 3004 3003 3006 3008
3056 3052 3049 3048 3048 3052 3057 3054 3050 3047 3045 3041 3037 3036 3036 3037 3037 3038 3040 3038 3034 3036 3040 3044 3048 3046 3041 3036 3032 3032 3035 3032 3025 3022 3022 3021 3018 3019 3025 3025 3017 3013 3015 3016 3014 3013 3011 3010 3011 3012 3015 3017 3015 3013 3012 3011 3008 3006 3006 3005 3002 2998 3000 3002
3052 3048 3043 3043 3043 3050 3056 3053 3049 3044 3039 3033 3027 3029 3031 3034 3036 3035 3034 3035 3038 3040 3042 3048 3056 3052 3041 3034 3030 3028 3029 3023 3011 3007 3011 3015 3017 3019 3020 3019 3016 3014 3013 3013 3011 3010 3012 3012 3010 3008 3009 3010 3015 3019 3017 3016 3014 3011 3008 3005 2999 2993 2994 2995
3050 3047 3044 3045 3046 3050 3055 3050 3044 3041 3040 3033 3026 3027 3029 3031 3034 3034 3034 3036 3039 3041 3041 3041 3041 3038 3034 3028 3023 3020 3019 3016 3011 3010 3011 3013 3016 3017 3017 3017 3018 3018 3016 3015 3015 3015 3017 3018 3016 3014 3012 3011 3014 3016 3015 3014 3013 3011 3010 3009 3005 3001 3002 3003
3048 3046 3044 3046 3049 3051 3053 3046 3038 3039 3041 3034 3026 3025 3026 3029 3032 3034 3035 3037 3041 3041 3040 3034 3026 3024 3026 3023 3016 3011 3008 3009 3013 3013 3011 3011 3014 3016 3014 3015 3020 3022 3019 3017 3019 3020 3022 3023 3022 3020 3015 3012 3012 3012 3013 3013 3011 3010 3012 3014 3011 3009 3010 3010
3039 3042 3045 3042 3038 3040 3042 3037 3032 3034 3037 3034 3030 3028 3027 3027 3028 3031 3034 3034 3032 3032 3033 3029 3022 3020 3022 3019 3013 3010 3010 3011 3013 3013 3013 3013 3013 3013 3012 3012 3015 3015 3012 3010 3011 3012 3013 3014 3017 3018 3013 3010 3011 3012 3009 3006 3007 3008 3008 3007 3006 3005 3008 3011
3029 3038 3047 3037 3027 3028 3030 3028 3025 3028 3033 3034 3035 3032 3028 3026 3024 3028 3034 3030 3023 3023 3027 3025 3019 3017 3019 3016 3010 3009 3012 3013 3013 3013 3015 3015 3013 3011 3009 3009 3009 3008 3005 3003 3003 3003 3003 3005 3011 3015 3011 3008 3011 3012 3004 2998 3002 3005 3003 3001 3000 3000 3006 3012
3008 3012 3017 3009 3001 3004 3008 3009 3008 3008 3009 3011 3014 3011 3007 3007 3008 3011 3015 3013 3008 3006 3007 3009 3011 3011 3011 3009 3005 3004 3005 3006 3006 3006 3008 3008 3004 3001 3000 3000 3003 3005 3002 3001 3001 3000 2997 2996 3002 3006 3002 2999 3002 3003 2998 2994 2996 2998 2998 2997 2997 2997 3002 3008
2986 2985 2983 2978 2973 2979 2985 2988 2991 2987 2982 2985 2989 2988 2985 2987 2991 2993 2994 2993 2992 2989 2985 2991 3002 3005 3003 3001 2999 2998 2997 2997 2998 2999 3001 3000 2994 2991 2990 2992 2998 3001 3000 2999 3000 2998 2991 2987 2992 2996 2992 2990 2992 2994 2992 2990 2990 2991 2992 2993 2994 2994 2999 3004
2982 2984 2985 2981 2977 2980 2984 2986 2987 2984 2980 2983 2989 2988 2985 2986 2989 2992 2994 2995 2995 2993 2989 2991 2996 2998 2999 2998 2998 2999 3001 3001 2999 2998 2997 2997 2995 2994 2991 2992 2999 3003 3002 3001 3003 3003 2998 2995 2995 2996 2996 2996 2997 2998 2995 2992 2992 2992 2993 2993 2999 3004 3006 3007
2981 2987 2993 2989 2985 2986 2987 2986 2985 2983 2980 2985 2992 2991 2988 2988 2990 2993 2997 2999 3001 3000 2997 2994 2990 2991 2995 2997 2997 3000 3006 3007 3002 2998 2995 2994 2998 2998 2993 2993 3001 3006 3004 3004 3008 3009 3007 3004 3000 2998 3001 3004 3005 3005 3000 2995 2995 2995 2994 2994 3005 3016 3014 3012
2982 2987 2992 2988 2983 2984 2986 2986 2985 2985 2983 2988 2994 2990 2984 2989 2996 2998 2997 2997 2997 2996 2994 2993 2993 2994 2997 2997 2994 2995 2999 3000 3000 2998 2995 2996 3002 3003 2996 2995 3002 3005 3004 3003 3004 3006 3007 3006 3001 2998 3000 3003 3003 3003 3003 3003 3000 2997 2999 3001 3005 3010 3008 3007
2984 2987 2990 2985 2979 2982 2986 2986 2986 2986 2987 2991 2995 2988 2979 2989 3004 3003 2996 2993 2991 2990 2989 2992 2997 3000 3001 2998 2991 2988 2989 2992 2997 2998 2995 2998 3006 3008 2999 2997 3002 3004 3003 3001 3000 3000 3005 3007 3002 2998 2999 2999 2999 2999 3006 3011 3005 3000 3005 3009 3004 3000 3000 3000
2990 2987 2984 2983 2983 2985 2988 2989 2990 2991 2992 2994 2997 2992 2986 2991 2998 2997 2993 2991 2990 2989 2987 2990 2996 2999 3001 2997 2990 2988 2989 2992 2996 2997 2994 2996 3004 3006 2998 2995 2998 3001 3003 3004 3002 3001 3000 2999 2998 2997 2999 3001 2999 2998 3004 3009 3005 3003 3005 3007 3000 2993 2998 3002
2997 2987 2977 2982 2988 2989 2990 2993 2995 2996 2997 2998 2998 2997 2996 2993 2990 2989 2989 2990 2991 2990 2986 2989 2994 2998 3000 2997 2989 2988 2992 2995 2997 2996 2991 2992 3001 3003 2996 2993 2994 2997 3004 3008 3006 3003 2995 2990 2993 2996 3000 3003 3000 2998 3001 3004 3005 3005 3004 3002 2994 2987 2996 3006
3001 2996 2991 2991 2991 2992 2993 2997 3001 2999 2997 2999 3001 3000 2999 2995 2990 2990 2991 2992 2992 2991 2989 2991 2994 2997 3002 3000 2993 2991 2992 2994 2999 2999 2994 2993 2996 2998 2996 2995 2994 2997 3005 3009 3007 3002 2995 2991 2995 2999 3001 3002 3000 2998 2999 2999 3001 3003 3002 3001 2996 2992 2998 3004
3003 3007 3011 3002 2993 2994 2996 3001 3006 3001 2995 2999 3004 3003 3000 2996 2993 2993 2995 2995 2994 2994 2994 2994 2993 2997 3004 3003 2998 2994 2990 2992 3001 3003 2998 2994 2992 2992 2996 2998 2996 2998 3005 3010 3005 3001 2997 2995 3000 3003 3002 3001 3000 2999 2997 2995 2996 2998 3001 3003 3001 3000 3000 3000
3004 3006 3008 2999 2991 2994 2999 3000 3001 3000 2998 3000 3002 3001 3000 2997 2994 2995 2997 2997 2997 2996 2995 2994 2993 2996 3000 3000 2997 2994 2991 2993 2999 3001 2999 2996 2993 2992 2995 2997 2996 2998 3004 3008 3004 3001 2998 2997 3000 3001 2999 2998 3001 3004 3002 3001 3002 3002 3003 3003 3004 3004 3004 3003
3005 3001 2997 2992 2986 2994 3001 2998 2992 2997 3002 3001 2997 2998 2999 2998 2995 2996 2999 3000 3001 2998 2995 2993 2993 2994 2995 2995 2994 2993 2993 2994 2995 2997 2999 2999 2997 2995 2993 2993 2995 2998 3003 3005 3003 3001 3000 2998 2998 2997 2994 2993 3002 3010 3011 3012 3010 3009 3006 3003 3005 3007 3008 3009
3002 2998 2993 2990 2986 2993 3001 2996 2990 2997 3007 3003 2997 2996 2998 2997 2997 2997 2998 2999 3001 2998 2995 2993 2992 2992 2991 2991 2990 2992 2994 2995 2994 2995 2997 2998 2997 2995 2993 2992 2993 2996 3000 3003 3001 2999 2997 2996 2998 3000 2995 2994 3001 3008 3009 3010 3009 3009 3009 3009 3009 3009 3010 3011
2997 2995 2992 2989 2986 2993 3000 2995 2990 2999 3011 3006 2998 2995 2995 2997 2999 2998 2996 2997 2999 2998 2995 2993 2991 2990 2988 2987 2987 2989 2995 2997 2995 2994 2994 2994 2995 2995 2993 2992 2991 2992 2998 3001 2998 2995 2992 2992 3000 3006 3000 2996 2999 3003 3002 3003 3005 3007 3012 3017 3013 3010 3011 3012
3000 2997 2995 2993 2991 2995 3001 2998 2995 3001 3009 3006 3002 2998 2994 2995 2997 2998 2999 2999 2997 2996 2996 2993 2989 2989 2990 2989 2987 2989 2995 2998 2997 2996 2994 2993 2993 2993 2993 2992 2990 2990 2996 3000 2999 2997 2993 2992 3001 3007 3003 3001 3002 3004 3001 3000 3004 3008 3013 3018 3016 3015 3017 3019
3005 3002 2999 2998 2998 3000 3002 3003 3003 3003 3003 3005 3007 3002 2995 2994 2994 2999 3005 3002 2995 2995 2997 2993 2987 2988 2994 2993 2988 2989 2994 2997 2999 2999 2997 2994 2992 2991 2992 2992 2989 2989 2996 3000 3001 3000 2997 2995 3001 3005 3006 3007 3008 3008 3002 2998 3005 3010 3012 3015 3019 3023 3026 3029
3010 3008 3007 3004 3001 3001 3002 3003 3003 3003 3002 3005 3009 3005 2999 2998 2998 3001 3006 3003 2996 2995 2998 2995 2990 2991 2996 2995 2990 2991 2996 2997 2997 2997 2998 2997 2995 2992 2990 2989 2990 2993 2997 3000 3001 3001 3000 2999 3002 3004 3008 3011 3012 3013 3009 3006 3012 3018 3018 3017 3017 3017 3023 3028
3013 3016 3018 3010 3001 3001 3001 3000 3000 3002 3004 3006 3009 3008 3006 3005 3005 3005 3006 3003 2998 2998 2998 2998 2997 2997 2998 2997 2993 2994 2998 2998 2992 2992 2999 3002 2999 2994 2985 2984 2994 3000 3000 3000 2999 3000 3002 3004 3003 3003 3008 3013 3017 3020 3019 3019 3024 3029 3026 3023 3013 3004 3012 3020
3013 3015 3016 3008 3000 3000 3000 2999 2998 3000 3002 3003 3004 3006 3007 3009 3010 3009 3007 3004 3001 2999 2997 2997 2997 2997 2998 2996 2992 2993 2999 2999 2994 2994 3000 3003 3003 3000 2992 2990 2998 3003 3001 3000 2999 2999 3001 3002 3002 3003 3006 3009 3011 3012 3012 3014 3020 3026 3023 3020 3009 2999 3007 3014
3009 3008 3007 3003 2998 2998 2999 2999 2999 2998 2997 2997 2997 3001 3006 3010 3013 3012 3010 3007 3005 3000 2995 2992 2992 2993 2996 2994 2989 2990 2998 3001 2999 2999 3000 3002 3005 3006 3005 3004 3004 3003 3001 3000 3000 3000 2997 2996 2999 3002 3001 3001 2998 2996 2996 2997 3007 3016 3014 3011 3006 3001 3005 3009
3005 3004 3003 3002 3002 3001 3001 3001 3002 3001 3001 2999 2997 3001 3007 3010 3012 3009 3004 3004 3005 3001 2994 2992 2991 2993 2996 2994 2990 2991 2996 3000 3002 3002 2999 3000 3006 3009 3008 3007 3004 3002 3000 2999 3000 3000 2995 2993 2995 2998 2999 2999 2994 2989 2991 2994 3003 3010 3007 3004 3004 3004 3006 3007
3000 3002 3003 3006 3009 3008 3005 3006 3006 3008 3009 3006 3001 3004 3009 3008 3006 3000 2993 2995 3001 3000 2996 2994 2995 2996 2997 2996 2994 2994 2995 2998 3002 3002 2996 2997 3004 3007 3004 3001 3001 2999 2997 2996 2999 3000 2995 2992 2990 2991 2999 3003 2995 2989 2994 2999 3004 3008 3002 2997 3003 3010 3009 3008
2999 3002 3005 3007 3009 3007 3004 3005 3006 3010 3015 3010 3004 3005 3008 3006 3003 2997 2990 2994 3001 3000 2994 2994 2998 2999 2999 2998 2997 2996 2996 2998 3001 3000 2996 2996 3002 3004 3001 2999 3000 2999 2997 2996 3000 3002 2996 2991 2988 2988 2997 3003 2996 2991 2997 3002 3003 3004 2999 2995 3004 3012 3010 3008
3001 3005 3010 3007 3003 3001 2998 3000 3002 3009 3018 3012 3004 3003 3003 3003 3002 2999 2995 2998 3004 2999 2990 2992 3000 3003 3003 3002 3000 3000 2999 2999 2998 2998 2997 2997 2997 2998 2999 3000 3001 3001 2999 2999 3004 3005 2998 2992 2989 2988 2995 2999 2996 2993 2999 3003 3001 2999 2998 2998 3006 3013 3010 3007
3001 3006 3010 3008 3005 3001 2997 2999 3002 3010 3019 3013 3006 3002 3000 3000 3000 2999 2998 3000 3003 2998 2990 2993 3002 3005 3003 3003 3002 3001 3001 3000 2998 2998 2999 2999 2997 2996 2998 3000 3001 3002 3001 3001 3004 3005 3001 2997 2991 2987 2993 2997 2997 2997 3000 3003 3001 3000 2999 2999 3006 3012 3011 3010
3000 3003 3007 3010 3013 3008 3002 3004 3007 3012 3017 3013 3007 3003 2998 2997 2997 2998 3000 3000 2999 2997 2994 2997 3004 3004 3001 3000 3002 3002 3000 2999 2999 3000 3003 3003 3000 2999 3000 3001 3001 3002 3004 3004 3001 3001 3005 3006 2995 2987 2992 2996 2998 3000 3001 3001 3004 3006 3002 2999 3004 3009 3012 3014
2999 3002 3005 3010 3015 3010 3005 3007 3009 3012 3014 3011 3008 3004 3000 2998 2996 2998 3001 3000 2997 2996 2996 2999 3003 3002 2999 3000 3002 3002 3000 2999 3000 3001 3003 3002 2999 2998 3001 3002 3002 3002 3005 3005 3003 3002 3007 3008 2998 2991 2994 2997 3000 3001 3001 3001 3006 3009 3004 2999 3003 3008 3012 3016
2999 3002 3004 3006 3008 3008 3007 3008 3008 3009 3010 3008 3007 3006 3006 3002 2996 2999 3003 3002 2998 2997 2997 2998 2999 2999 3000 3001 3004 3003 2999 2998 3000 3000 2997 2995 2993 2994 2999 3003 3003 3004 3003 3004 3007 3009 3007 3004 3001 2998 3000 3001 3001 3001 3001 3003 3007 3011 3005 3000 3005 3009 3012 3015
3001 3002 3003 3004 3005 3007 3009 3007 3004 3005 3005 3006 3006 3007 3009 3004 2997 2999 3004 3002 2997 2997 2999 2999 2997 2997 2999 3002 3004 3004 3000 2999 3001 3000 2997 2994 2993 2994 2998 3001 3003 3003 3002 3003 3009 3011 3005 3002 3001 3001 3001 3001 2999 2999 3000 3001 3003 3005 3003 3001 3005 3009 3009 3010
3005 3003 3001 3003 3005 3007 3008 3004 2998 3000 3002 3004 3007 3007 3007 3003 2998 3000 3003 3000 2995 2997 3003 3002 2998 2997 2997 3000 3004 3005 3004 3003 3004 3003 3003 3001 2999 2997 2995 2995 2998 3001 3002 3004 3005 3006 3003 3000 3000 2999 2998 2996 2996 2995 2995 2996 2993 2992 2997 3002 3004 3006 3003 3001
3006 3003 2999 3001 3003 3005 3008 3003 2998 2999 3001 3003 3005 3005 3004 3001 2998 2999 3001 3000 2997 3000 3005 3004 3000 2997 2996 2998 3001 3003 3004 3004 3005 3004 3003 3002 3000 2998 2994 2994 2998 3002 3004 3005 3004 3002 3002 3001 2999 2997 2998 2999 2998 2997 2994 2991 2987 2984 2993 3001 3001 3001 2999 2998
3002 3001 3000 2999 2999 3003 3007 3006 3005 3005 3005 3003 3000 3000 3001 2999 2997 2996 2997 3001 3005 3005 3003 3002 3001 2999 2997 2996 2995 2996 2998 3001 3003 3003 2998 2994 2993 2993 2996 2998 3002 3006 3008 3009 3004 3002 3004 3004 2998 2995 3003 3010 3009 3006 2996 2988 2986 2986 2992 2997 2995 2994 2998 3002
2997 3000 3002 3000 2999 3003 3008 3009 3009 3006 3003 3001 2998 2999 3000 2998 2995 2995 2996 3002 3010 3008 3002 3000 3001 2999 2997 2996 2994 2993 2994 2996 3001 3001 2996 2993 2990 2991 2997 3001 3005 3007 3009 3008 3003 3001 3004 3005 2996 2992 3004 3013 3012 3010 2999 2989 2987 2987 2992 2996 2993 2991 2998 3006
2990 2999 3007 3006 3005 3008 3011 3011 3009 3002 2994 2997 3001 3001 3000 2996 2993 2995 2999 3003 3009 3007 3003 3000 2998 2997 2998 2998 2998 2996 2991 2991 2996 3000 3003 3001 2995 2993 2998 3002 3004 3005 3002 3000 2999 2999 3002 3001 2995 2991 2997 3003 3005 3006 3001 2996 2991 2987 2993 2999 2997 2995 3002 3008
2987 2998 3010 3010 3009 3010 3011 3010 3009 3002 2994 2998 3006 3004 3000 2996 2992 2994 2999 3003 3007 3006 3003 3000 2997 2998 3001 3002 3002 2998 2992 2990 2994 2999 3006 3006 2997 2994 2997 3000 3002 3002 2998 2997 2998 3000 3002 3001 2995 2991 2995 2999 3002 3005 3003 3001 2996 2991 2995 3000 2999 2998 3003 3008
2989 3000 3011 3011 3010 3008 3005 3007 3009 3010 3010 3011 3013 3008 3002 2998 2994 2994 2997 3000 3003 3002 3001 2999 2998 3001 3007 3008 3004 3001 2997 2996 2996 2999 3005 3004 2996 2993 2995 2997 2998 2998 2999 3000 3003 3005 3007 3006 2999 2994 3000 3004 3006 3007 3006 3005 3003 3000 2998 2996 2997 2999 3000 3001
2993 3001 3010 3009 3009 3006 3003 3006 3010 3014 3018 3018 3017 3012 3006 3002 2998 2997 2998 2998 2999 2999 2999 2999 3000 3005 3011 3010 3005 3001 3000 2999 2998 2999 3003 3002 2996 2994 2996 2997 2997 2998 3000 3002 3005 3007 3010 3010 3003 2999 3003 3006 3007 3008 3008 3007 3006 3005 3000 2994 2997 2999 2998 2997
2998 3000 3003 3003 3003 3006 3009 3010 3010 3009 3008 3010 3014 3013 3011 3010 3008 3007 3007 3002 2995 2994 2997 3001 3005 3007 3008 3006 3002 2999 2997 2998 2999 3000 3001 3000 2997 2998 3002 3005 3005 3004 3002 3001 3002 3004 3007 3010 3008 3006 3003 3002 3005 3008 3006 3005 3003 3002 3000 2998 2996 2994 2996 2998
3001 3000 2999 2999 2999 3006 3014 3013 3010 3006 3002 3005 3010 3012 3014 3013 3012 3012 3013 3005 2994 2993 2998 3002 3007 3008 3005 3003 3001 2999 2996 2996 3000 3001 3000 2999 2999 3001 3006 3009 3010 3009 3004 3002 3002 3003 3006 3008 3011 3011 3005 3002 3006 3009 3006 3003 3002 3001 3001 3001 2997 2993 2996 2998
3001 3000 2998 3000 3002 3008 3014 3012 3009 3007 3005 3004 3004 3006 3008 3007 3003 3005 3009 3006 3000 3001 3005 3006 3004 3004 3005 3007 3009 3005 2997 2996 2999 3002 3003 3004 3003 3002 3001 3002 3007 3009 3006 3005 3009 3010 3006 3004 3008 3011 3013 3013 3012 3011 3008 3005 3005 3005 3003 3002 3001 3000 3000 3000
3001 3000 2999 3002 3006 3010 3015 3012 3008 3007 3007 3003 2999 3000 3003 3001 2997 3000 3005 3005 3003 3005 3009 3008 3003 3003 3006 3010 3013 3010 3000 2997 3000 3003 3007 3009 3008 3005 2999 2999 3006 3010 3008 3008 3013 3015 3007 3002 3008 3013 3017 3020 3016 3013 3009 3005 3007 3009 3005 3001 3002 3004 3002 2999
3000 3000 3000 3005 3009 3014 3018 3013 3006 3003 3001 2999 2997 2998 3000 2998 2995 2998 3002 3001 2998 2999 3001 3004 3009 3010 3009 3009 3010 3009 3007 3006 3006 3008 3012 3014 3015 3013 3007 3006 3011 3013 3012 3011 3012 3011 3008 3007 3014 3019 3014 3010 3012 3013 3007 3002 3008 3013 3004 2995 2998 3000 2996 2992
2999 3001 3002 3007 3012 3016 3020 3013 3005 3001 2998 2997 2996 2997 2997 2996 2994 2997 3001 3000 2996 2995 2995 3002 3012 3014 3010 3008 3006 3008 3012 3013 3011 3012 3015 3018 3018 3017 3012 3010 3013 3015 3013 3012 3011 3009 3008 3009 3017 3021 3011 3004 3010 3014 3006 3000 3009 3015 3004 2993 2996 2998 2993 2987
2996 2999 3003 3008 3013 3015 3016 3009 3002 3001 3001 3000 2998 2998 2999 2999 2999 3002 3006 3004 3000 2998 2997 3000 3007 3008 3006 3004 3001 3004 3011 3014 3012 3012 3013 3012 3011 3008 3004 3004 3008 3010 3008 3007 3010 3011 3008 3006 3009 3011 3009 3009 3012 3014 3008 3004 3007 3008 3004 3000 3003 3006 2997 2988
2994 2998 3003 3007 3012 3012 3012 3006 3000 3002 3005 3003 3000 3000 3001 3002 3002 3005 3009 3007 3003 3001 2998 3000 3003 3004 3002 3000 2997 3000 3009 3013 3011 3010 3009 3007 3004 3001 2999 3000 3004 3006 3003 3003 3008 3011 3007 3003 3002 3003 3008 3013 3013 3012 3009 3005 3004 3002 3004 3005 3008 3011 3000 2990
2994 2998 3003 3003 3003 3003 3004 3003 3001 3003 3005 3004 3001 3003 3005 3004 3002 3003 3005 3005 3004 3002 3001 3002 3005 3004 3002 3000 2998 2998 3002 3003 3001 3001 3002 3002 3001 3001 3001 3003 3008 3009 3005 3002 3002 3003 3006 3007 3006 3006 3010 3012 3008 3004 2998 2994 2996 2999 3001 3003 3004 3006 3000 2995
2995 2998 3002 2999 2996 2997 2999 3001 3003 3005 3006 3004 3002 3005 3008 3006 3002 3002 3002 3003 3003 3003 3002 3003 3005 3005 3003 3001 2998 2997 2995 2994 2994 2995 2997 2999 2999 3001 3003 3006 3010 3011 3007 3002 2998 2997 3005 3010 3009 3008 3010 3010 3004 2998 2991 2985 2990 2995 2998 3000 3001 3002 3000 2999
2999 2999 2999 3000 3001 3007 3013 3011 3008 3006 3005 3003 3000 3004 3010 3007 3002 3002 3005 3004 3002 3001 3002 3001 3000 3002 3005 3003 2997 2996 2998 2998 2997 2998 3001 3002 2999 2999 3003 3005 3005 3006 3008 3008 3003 3000 3004 3007 3006 3006 3006 3006 3004 3001 2996 2991 2993 2996 2995 2994 2997 2999 2999 2998
3003 3000 2998 3002 3007 3015 3024 3019 3013 3008 3005 3002 2999 3004 3011 3008 3003 3004 3008 3006 3001 3000 3002 3000 2997 3000 3008 3006 2997 2995 3000 3001 3000 3001 3005 3004 2999 2997 3002 3004 3002 3003 3009 3012 3008 3004 3005 3005 3005 3004 3004 3004 3005 3005 3001 2997 2997 2997 2993 2990 2994 2998 2998 2999
3008 3009 3010 3013 3015 3017 3019 3019 3018 3012 3005 3002 3000 3003 3008 3009 3009 3012 3014 3011 3006 3004 3005 3004 3002 3005 3011 3009 3000 2997 2999 3002 3005 3007 3007 3005 3000 3000 3004 3006 3004 3002 3003 3005 3011 3014 3010 3007 3007 3008 3008 3010 3012 3013 3008 3004 3007 3008 3002 2996 2999 3002 3004 3007
3012 3017 3021 3022 3022 3017 3013 3018 3024 3016 3006 3003 3001 3002 3005 3010 3016 3018 3020 3016 3010 3008 3007 3007 3007 3009 3013 3011 3003 3000 3000 3003 3010 3012 3009 3006 3002 3001 3005 3007 3005 3003 2998 3000 3014 3022 3015 3010 3010 3010 3012 3014 3017 3018 3013 3010 3015 3018 3009 3001 3002 3004 3008 3013
3011 3014 3017 3017 3017 3012 3006 3015 3026 3022 3014 3009 3003 3005 3009 3013 3017 3019 3019 3018 3017 3014 3010 3008 3005 3005 3007 3005 3000 3000 3004 3005 3003 3005 3012 3011 3001 2998 3002 3006 3008 3008 3006 3007 3015 3020 3017 3015 3011 3009 3009 3009 3007 3005 3005 3006 3013 3018 3007 2996 2995 2994 2996 2998
3010 3011 3012 3012 3013 3007 3000 3013 3029 3026 3022 3014 3005 3008 3013 3016 3018 3019 3019 3021 3023 3019 3013 3008 3004 3001 3000 2999 2998 3001 3008 3006 2997 3000 3014 3016 3001 2995 3000 3005 3010 3013 3014 3014 3016 3018 3019 3019 3013 3008 3007 3005 2998 2993 2997 3001 3010 3017 3004 2992 2988 2984 2985 2986
3007 3009 3012 3010 3008 3008 3007 3015 3025 3022 3017 3009 3001 3005 3011 3012 3010 3017 3025 3027 3026 3020 3013 3007 3001 3000 3001 3003 3005 3007 3011 3010 3004 3004 3010 3011 3007 3004 3004 3005 3010 3013 3011 3012 3016 3019 3018 3017 3013 3009 3006 3003 2999 2996 3000 3004 3003 3001 3003 3004 2997 2990 2995 2999
3004 3008 3012 3008 3004 3009 3014 3018 3021 3018 3013 3005 2997 3002 3010 3008 3003 3014 3031 3033 3029 3021 3013 3006 2999 2999 3002 3006 3011 3013 3014 3013 3011 3008 3005 3006 3012 3013 3008 3006 3011 3013 3009 3009 3016 3020 3017 3014 3012 3010 3005 3001 2999 2999 3004 3006 2995 2987 3002 3015 3006 2996 3004 3012
3012 3012 3011 3007 3002 3008 3014 3018 3021 3016 3009 3002 2994 3000 3008 3009 3008 3017 3029 3032 3032 3025 3015 3009 3005 3002 3000 3002 3006 3011 3015 3016 3013 3010 3004 3004 3010 3012 3009 3008 3012 3013 3009 3008 3013 3015 3012 3008 3003 2999 3002 3004 3003 3002 3003 3003 2997 2993 3004 3014 3006 3000 2999 2999
3020 3015 3010 3005 3000 3007 3015 3018 3021 3014 3006 2998 2991 2997 3007 3010 3012 3019 3027 3032 3035 3029 3018 3013 3012 3006 2998 2997 3002 3009 3017 3019 3016 3011 3004 3002 3007 3010 3010 3011 3013 3012 3008 3006 3010 3011 3007 3002 2993 2988 2999 3008 3007 3005 3002 2999 2999 3000 3006 3012 3007 3003 2994 2986
