3073 3069 3062 3075 3056 3073 3071 3048 3069 3058 3057 3056 3051 3051 3046 3043 3053 3050 3039 3047 3055 3045 3045 3054 3059 3053 3057 3040 3057 3051 3040 3040 3031 3029 3052 3044 3036 3033 3033 3034 3040 3031 3034 3036 3033 3038 3039 3032 3035 3047 3035 3025 3029 3043 3032 3039 3050 3069 3041 3032 3039 3036 3040 3035
3061 3058 3073 3072 3059 3066 3076 3062 3049 3065 3039 3057 3041 3039 3044 3055 3060 3047 3049 3043 3046 3023 3047 3043 3054 3051 3055 3060 3049 3042 3033 3032 3040 3040 3036 3038 3032 3037 3017 3022 3039 3041 3035 3025 3037 3034 3034 3035 3017 3024 3032 3041 3033 3037 3035 3031 3043 3035 3043 3026 3025 3035 3039 3049
3053 3061 3062 3069 3074 3071 3072 3060 3051 3051 3055 3043 3041 3048 3049 3049 3067 3050 3047 3046 3040 3045 3058 3034 3054 3053 3055 3051 3047 3051 3024 3039 3026 3035 3048 3034 3030 3033 3012 3022 3039 3043 3022 3008 3015 3032 3023 3030 3027 3031 3029 3041 3039 3033 3032 3030 3026 3022 3031 3023 3030 3031 3034 3031
3053 3051 3053 3047 3063 3062 3060 3051 3062 3058 3046 3052 3041 3044 3031 3050 3053 3036 3042 3027 3021 3035 3048 3039 3044 3048 3053 3033 3025 3026 3037 3044 3036 3050 3024 3042 3035 3037 3018 3020 3012 3038 3020 3031 3026 3026 3029 3015 3029 3029 3039 3027 3043 3028 3031 3038 3042 3028 3028 3021 3023 3026 3033 3034
3051 3051 3053 3043 3031 3043 3055 3053 3056 3058 3041 3039 3038 3046 3044 3038 3051 3049 3023 3032 3021 3020 3050 3043 3030 3035 3039 3029 3035 3024 3017 3034 3033 3024 3012 3021 3029 3030 3015 3017 3020 3023 3015 3042 3024 3030 3045 3036 3032 3029 3044 3043 3047 3048 3046 3047 3044 3057 3050 3038 3038 3044 3041 3024
3061 3050 3040 3047 3051 3040 3035 3045 3045 3046 3043 3048 3037 3036 3041 3047 3031 3037 3032 3032 3033 3029 3032 3031 3030 3030 3037 3032 3033 3036 3032 3042 3028 3015 3015 3028 3023 3020 3018 3011 3029 3026 3009 3025 3025 3029 3024 3037 3034 3031 3049 3026 3031 3044 3029 3036 3033 3045 3053 3046 3044 3038 3035 3046
3059 3056 3038 3043 3051 3055 3042 3034 3025 3033 3053 3057 3038 3037 3053 3044 3035 3040 3030 3043 3032 3024 3047 3036 3034 3036 3040 3021 3016 3033 3035 3025 3036 3029 3030 3014 3015 3016 3009 3021 3023 3021 3016 3018 3032 3039 3022 3029 3037 3034 3038 3024 3035 3050 3041 3040 3052 3066 3049 3059 3045 3044 3057 3066
3013 3016 3001 3022 3025 3019 3007 3009 3006 2999 3022 3016 3029 3023 3015 3016 3012 3021 3014 3011 3004 3017 3018 3022 3020 3017 3018 3021 3024 3016 3025 3028 3029 3023 3028 3020 3021 3026 3031 3012 3016 3022 3025 3022 3031 3022 3031 3024 3036 3031 3035 3042 3030 3034 3041 3039 3050 3057 3046 3053 3047 3049 3050 3049
2968 2983 2977 2964 2995 2978 2980 2971 2986 2983 2998 3000 2991 2982 2989 2988 3010 2993 3011 3007 3002 2992 3001 3006 3018 3007 3013 3002 3012 3007 3011 3015 3013 3007 3018 3004 3003 3013 3024 3014 3013 3022 3022 3020 3017 3046 3047 3024 3041 3038 3039 3050 3038 3040 3039 3030 3061 3060 3042 3055 3045 3048 3044 3029
2969 2970 2989 2987 2984 2971 2965 2980 2974 2973 3001 2989 2985 2976 2985 2998 3004 2995 3005 3010 3003 2995 3003 3017 3010 2992 2990 3011 3020 3017 3008 3012 3007 3014 3009 3023 3018 3024 3025 3024 3029 3024 3023 3012 3044 3039 3047 3049 3039 3034 3034 3051 3040 3021 3035 3033 3042 3051 3046 3037 3041 3060 3058 3045
2972 2974 2988 2985 2986 2980 2965 2985 2987 2976 2994 2994 2992 3002 2995 2998 2996 2992 3007 3019 3001 3000 3024 3010 3009 3005 3013 3007 3010 3013 3010 3028 3010 3014 3009 3037 3041 3028 3032 3019 3033 3019 3013 3030 3043 3042 3038 3051 3038 3027 3031 3038 3024 3030 3048 3042 3048 3053 3038 3056 3063 3057 3063 3066
2972 2978 2988 2985 2977 2989 2983 2976 2976 2996 2980 2979 2992 2988 3002 3008 2992 3001 3014 3003 3007 3013 3020 3003 3025 3010 3024 3008 3012 3015 3022 3012 3007 3019 3027 3033 3012 3024 3017 3018 3031 3033 3027 3030 3035 3026 3034 3040 3035 3043 3044 3047 3028 3054 3037 3031 3044 3051 3050 3065 3059 3063 3068 3062
2979 2983 2989 2994 2988 2993 2999 2994 2993 2992 2991 2979 2995 2994 2990 2998 2990 3001 2990 3028 3022 3023 3026 3009 3006 3018 3018 3027 3025 3020 3019 3002 3002 3007 3015 3022 3008 3023 3019 3020 3021 3028 3044 3027 3048 3035 3047 3034 3041 3050 3049 3048 3048 3043 3039 3038 3044 3058 3061 3049 3069 3082 3071 3066
2982 3003 3000 2995 2998 3002 3015 3000 3001 2986 2999 2997 3003 2996 3003 2996 2987 3003 3021 3005 3020 3008 2999 3008 3018 3017 3007 3017 3016 3025 3023 3005 3016 3007 3008 3024 3021 3007 3004 3020 3013 3029 3043 3034 3036 3036 3034 3039 3037 3043 3040 3054 3040 3054 3035 3037 3047 3057 3066 3055 3068 3075 3085 3078
2981 2994 2974 2991 2997 3011 3023 2994 2981 2992 2995 2993 2994 3006 3006 2997 2990 3012 3021 3017 3020 3007 2997 2999 3010 3002 3017 3016 3016 3011 3016 3015 3017 3013 3014 3007 3003 3006 3002 3028 3011 3031 3047 3054 3042 3039 3039 3060 3040 3041 3038 3048 3046 3054 3040 3035 3054 3063 3069 3070 3088 3066 3081 3089
2988 2996 2990 2994 2994 3006 2991 2990 2988 2985 3003 3002 2999 3001 2998 2993 3012 3000 3005 3013 3017 2995 3001 3006 3002 3017 3017 3018 3015 3009 3026 3014 3012 3016 3016 2999 3024 3006 3019 3025 3025 3032 3045 3055 3053 3032 3046 3050 3058 3044 3045 3058 3040 3056 3039 3058 3059 3083 3073 3094 3094 3086 3089 3094
3011 3002 3012 3000 3007 3006 2993 2994 3001 3001 2992 2999 3005 3009 3010 2998 3000 3006 3015 2999 3008 3007 3005 3001 3014 3021 3014 3016 3008 3020 3014 3006 3017 3009 3013 3020 3008 3020 3024 3020 3010 3024 3038 3046 3054 3059 3046 3046 3039 3045 3042 3044 3043 3038 3040 3059 3065 3088 3100 3100 3099 3095 3101 3107
3005 3012 3014 3019 3014 3007 3010 3000 2995 2992 2984 2999 3007 3003 2989 3003 3014 2996 3000 3006 3012 3006 3003 3005 3019 3012 3022 3020 3011 3026 3005 3016 3011 3003 3002 3013 3015 3010 3014 3019 3021 3023 3035 3035 3050 3059 3062 3046 3048 3052 3045 3041 3041 3051 3047 3065 3088 3095 3097 3106 3114 3109 3101 3101
3019 3017 3021 3015 3011 3016 3004 3008 3002 3009 3000 3012 2999 3008 3000 3004 3016 3002 3019 3013 3018 3006 3008 3003 3015 3016 3006 3020 3015 3009 3022 3009 3016 3013 3008 2994 3010 3021 3014 3014 3011 3013 3034 3040 3055 3049 3067 3054 3051 3063 3063 3042 3053 3054 3065 3079 3094 3094 3085 3089 3104 3098 3096 3100
3021 3010 3026 3017 3014 3020 3006 2996 2999 3016 3004 3007 3015 3010 3003 3000 3004 2996 3011 3020 3010 3008 3000 3016 3006 3011 3012 3029 3002 2999 3008 3004 3019 3024 3009 3011 3020 3005 3020 3010 3004 3018 3030 3043 3042 3061 3059 3061 3064 3069 3065 3078 3066 3074 3066 3075 3093 3092 3075 3077 3093 3089 3095 3098
3016 3016 3009 3021 3018 3006 3007 3006 3003 3007 3008 3007 2996 2999 2988 2990 3003 3002 3012 3014 3014 3011 3020 2988 3017 3004 3006 3025 3027 3024 3011 3010 3020 3020 3019 3023 3005 2996 3013 3017 3007 3021 3025 3029 3051 3068 3069 3065 3071 3077 3086 3076 3081 3082 3095 3081 3089 3113 3088 3098 3078 3088 3094 3091
3011 3015 2995 3002 3005 3005 3013 3001 3005 3009 3006 3014 3005 2996 3002 2993 3019 3004 3009 3013 3013 3001 3005 3015 3017 3010 3019 3024 3005 3006 3008 3010 3018 3005 3018 3011 2997 3000 3007 3004 3009 3020 3024 3024 3060 3061 3069 3083 3071 3063 3092 3101 3093 3084 3087 3093 3103 3101 3091 3081 3086 3095 3104 3110
3005 3003 2998 3011 3007 3017 3016 3003 2997 3002 3004 3000 3007 3001 2994 3010 3005 3023 3019 3012 3013 3005 3016 3018 3026 3007 3025 3020 3008 3000 3016 3026 3025 3012 3010 3004 3006 3001 3002 3009 3008 3012 3000 3029 3046 3058 3075 3074 3077 3080 3086 3110 3100 3097 3101 3077 3085 3090 3084 3082 3097 3103 3103 3100
3004 3014 3011 3003 3025 3007 3011 3007 3011 3003 3006 2992 2993 3013 2991 2998 3018 3004 3016 3023 3025 3013 3009 3010 3009 3023 3013 3027 3008 3014 3016 3016 3015 3017 3005 3004 3015 3008 3003 3009 3003 3011 3014 3023 3067 3073 3057 3076 3072 3089 3087 3109 3091 3102 3086 3101 3099 3089 3082 3096 3079 3104 3093 3110
3023 3041 3026 3010 3021 3000 3002 3005 3017 3007 3004 2995 3008 3015 3015 3004 3013 3024 3018 3021 3027 3016 3016 3025 3006 3015 3023 3016 3014 3015 3013 3024 3027 3015 3023 3016 3010 3007 3005 3017 3005 3012 3018 3029 3047 3076 3080 3075 3069 3093 3088 3103 3096 3101 3097 3087 3096 3091 3105 3089 3105 3081 3093 3096
3033 3026 3032 3036 3036 3004 3005 3002 3002 3001 3002 2997 3012 3007 3000 3013 3006 3020 3026 3011 3012 3017 3017 3015 3019 2996 3014 3023 3014 3017 3012 3018 3022 3022 3028 3034 3000 3005 3018 3005 3012 3016 3025 3033 3063 3071 3070 3083 3093 3092 3095 3084 3098 3088 3088 3079 3084 3098 3102 3109 3101 3102 3093 3088
3015 3023 3034 3021 3016 3011 3004 3020 3018 2998 3009 3009 2997 3006 2999 3012 3021 3016 3021 3002 3017 3008 3012 3004 3000 3008 3010 3013 3011 3021 2997 3029 3021 3015 3020 3021 3017 3012 3008 3009 3011 3022 3019 3042 3055 3063 3077 3082 3083 3088 3090 3094 3084 3092 3101 3094 3100 3101 3102 3103 3084 3092 3097 3094
3027 3014 3021 3017 3021 3008 3006 3014 2991 2997 3005 2999 3010 3014 3011 3004 3011 3010 3019 3020 3020 3021 3003 3021 3009 3007 3013 3004 3000 3017 3010 3015 3011 3012 3015 3028 3017 3015 3003 3005 3026 3020 3038 3036 3050 3064 3086 3087 3083 3086 3095 3087 3093 3083 3094 3090 3099 3096 3096 3102 3105 3107 3110 3107
3022 3018 3028 3028 3013 3013 3015 3012 3019 3013 3001 2995 3004 3005 3015 3003 3025 3016 3006 3011 3013 3010 3003 3011 2997 3002 3004 3019 3001 3005 3007 3013 3003 3006 2998 3014 3017 3021 3010 3015 3025 3028 3014 3039 3052 3063 3071 3088 3090 3088 3088 3089 3096 3093 3091 3093 3100 3102 3105 3100 3107 3099 3095 3106
3017 3018 3032 3028 3013 3016 3008 3009 3011 3012 2997 2996 3002 3017 3009 3018 3018 3002 3010 2995 3016 3005 3006 3018 2997 3016 3003 3015 3011 3003 3017 3005 3009 3005 2994 3012 3023 3027 3015 3006 3018 3025 3020 3020 3039 3058 3064 3076 3074 3081 3087 3095 3094 3094 3099 3095 3095 3091 3091 3094 3104 3081 3096 3096
3027 3025 3034 3024 3033 3023 3022 3007 3005 3003 3010 3004 2998 3015 3004 3005 3005 3011 2999 2995 3005 3009 3004 3015 3009 3015 3003 3005 2999 3006 3009 3014 3015 3009 3008 3010 3010 3019 3022 3020 3021 3026 3027 3026 3021 3035 3048 3058 3085 3105 3091 3094 3095 3088 3097 3086 3085 3108 3115 3106 3103 3092 3089 3090
3031 3027 3028 3041 3035 3028 3012 2997 2996 3001 2992 3000 3000 3004 3000 3004 3016 2998 3000 3003 3035 3011 3007 3012 3018 3017 3012 3010 3009 3013 3019 3023 3006 2999 3007 2992 3014 3020 3019 3015 3016 3021 3012 3023 3030 3022 3047 3055 3085 3088 3086 3092 3091 3081 3091 3109 3094 3105 3111 3105 3101 3086 3087 3094
3056 3037 3031 3046 3022 3012 3017 3013 3006 3005 3008 3006 3002 3008 3006 3007 3005 3000 3010 3011 3004 3008 3014 3015 3011 3012 3004 3012 3009 3024 3021 3010 3020 3011 2993 3014 3025 3025 3022 3017 3014 3032 3012 3025 3034 3033 3045 3046 3047 3079 3074 3096 3077 3087 3088 3094 3089 3090 3111 3108 3105 3087 3092 3088
3050 3036 3032 3045 3042 3015 2998 3015 3006 3005 3005 3005 3014 3002 3003 3005 3012 3002 3002 3012 3004 3009 3015 3010 2999 2993 3003 3006 3009 3023 3023 3010 3011 3008 3005 3000 3023 3016 3022 2997 3028 3017 3032 3024 3027 3032 3032 3044 3073 3076 3080 3073 3088 3089 3102 3087 3082 3083 3095 3091 3102 3098 3099 3101
3038 3037 3032 3043 3041 3019 3007 3017 3006 3017 2993 3005 3021 3001 3006 3013 2996 3016 3009 3008 3015 3016 3010 3004 3026 3009 3008 3007 3003 3013 3016 3005 2996 3013 3015 3017 3020 3018 3017 3021 3021 3023 3022 3025 3035 3017 3026 3046 3061 3073 3077 3086 3084 3101 3085 3079 3070 3096 3100 3085 3101 3102 3098 3116
3045 3034 3034 3040 3036 3018 3008 3006 3017 3008 3012 3011 3009 3008 3032 3010 3011 3006 3021 3009 3001 3010 3010 3004 3007 3017 3000 2997 3013 3018 3006 3007 3007 3006 3010 3022 3003 3019 3004 3008 3022 3006 3022 3015 3050 3035 3012 3035 3049 3080 3077 3080 3086 3092 3077 3079 3083 3087 3087 3098 3099 3111 3101 3106
3033 3038 3030 3023 3026 3020 3015 3014 3008 3010 3021 3010 3014 3015 3012 3003 3004 3006 2997 3008 3008 3003 3009 3009 3021 3012 3019 3011 3009 3011 3016 3006 3006 3006 3011 3002 3017 3024 3006 3001 3015 3019 3021 3025 3024 3017 3007 3036 3052 3066 3079 3081 3068 3089 3072 3095 3082 3088 3089 3081 3083 3096 3090 3105
3040 3037 3012 3017 3027 3006 3008 3009 3010 3012 3012 3009 3011 2991 3014 3014 3019 3006 3024 3010 2982 3006 2993 3014 3020 3011 3025 3004 3008 3004 3012 3005 3001 3013 3015 3008 3019 3019 3010 2999 3009 3018 3034 3026 3018 3018 3025 3025 3053 3082 3085 3072 3093 3091 3085 3087 3087 3099 3098 3086 3097 3090 3101 3101
3041 3022 3025 3018 3023 3018 3026 3012 3003 2996 3004 3001 3003 3017 3015 3005 3014 2995 3003 3009 3005 3005 3006 3010 3007 3011 3000 3019 3005 3014 2991 3008 3012 3006 3012 3012 3000 3015 3017 3013 3016 3015 3020 3021 3005 3013 3008 3023 3045 3066 3080 3071 3082 3075 3087 3088 3107 3086 3092 3104 3095 3084 3091 3095
3028 3014 3015 3012 3015 3005 3022 3004 3008 3017 2996 3003 2993 3005 3013 2997 2999 3004 3014 3005 3009 3011 2995 3004 3021 3009 3002 3007 2994 2987 3013 3013 3005 3004 3014 3005 3011 3010 3014 3014 3014 3009 3005 3026 3011 3004 3012 3021 3048 3083 3080 3083 3089 3092 3082 3093 3088 3091 3102 3106 3106 3088 3098 3095
3022 3026 3018 3030 3010 3008 3010 3008 2992 3001 3005 2999 2994 3001 2994 3009 2988 3000 3012 3018 3000 3000 3002 3010 3000 3001 3009 3011 2995 2987 3006 2994 3000 3005 2997 3004 3017 3017 3022 3010 3008 3007 3009 3008 3011 3006 3020 3024 3058 3087 3091 3085 3084 3102 3087 3102 3094 3085 3085 3091 3096 3107 3098 3094
3010 3013 3014 3007 3016 3004 3020 3005 2998 2998 3004 2999 2998 3005 3014 3004 3012 3005 3008 3002 3006 3005 2997 3004 3008 3008 3008 3010 3004 2996 2994 2999 2999 3003 3010 3007 3009 3015 3005 3017 3004 2996 3012 3013 3007 3018 3021 3031 3060 3079 3085 3086 3094 3093 3101 3094 3106 3091 3090 3083 3095 3116 3093 3088
3003 3011 3015 3013 3016 3021 3022 3016 2995 2991 2993 3002 2991 2996 3017 3005 3007 3008 3007 3016 3008 3014 3014 3017 3011 3005 3010 3003 3003 3013 3010 3006 3012 3005 3005 3011 3014 3007 3020 3019 3016 3004 3005 3020 3003 3001 3008 3026 3071 3080 3066 3099 3081 3099 3092 3083 3087 3097 3102 3096 3106 3105 3088 3090
3005 3007 3021 3015 3021 3016 3010 2998 2995 3003 3006 2995 3004 3005 3009 3005 3005 3011 3013 3008 3020 3009 3009 3011 3005 3017 3010 3006 2998 3010 2997 3014 3010 3005 3011 3005 3013 3008 3009 3019 3012 3008 3012 3006 2988 3005 3031 3050 3069 3088 3091 3087 3108 3085 3081 3086 3095 3105 3089 3100 3097 3098 3096 3080
3012 3003 3024 3022 3024 3011 3008 3014 3016 3003 2985 3004 2985 2999 2996 3011 3007 3008 2999 3007 3016 2998 3007 3008 3004 3003 3012 3008 3014 3015 3006 3009 3017 3010 3017 3006 3013 3020 3024 3010 3019 3016 3011 3016 3016 3013 3047 3073 3082 3079 3090 3089 3089 3092 3083 3099 3099 3095 3097 3093 3093 3100 3092 3078
3017 3017 3018 3023 3018 3017 3009 3011 2998 2997 2997 2980 2978 2984 3003 3009 3009 2997 3012 3004 3005 2986 3003 3005 3000 3014 3006 3004 3012 3011 3010 3024 3016 3021 3019 3017 3020 3011 3013 3018 3028 3033 3025 3038 3035 3036 3048 3075 3090 3096 3080 3080 3098 3098 3079 3095 3106 3104 3096 3088 3075 3093 3088 3079
3020 3013 3018 3010 3007 3014 3018 2995 2987 3012 2993 2989 2988 3000 2996 3001 3010 2997 3008 3014 3010 3014 3004 2999 3010 3018 3014 3010 3012 3019 3017 3010 3009 3010 3017 3018 3014 3011 3023 3031 3043 3037 3043 3061 3039 3060 3068 3086 3100 3087 3082 3084 3099 3098 3103 3105 3105 3098 3077 3101 3082 3078 3083 3072
3000 3008 3003 3008 3007 3008 3008 3008 2990 2999 2996 3008 2992 2989 3007 2994 3007 3006 3000 3002 3010 2998 2994 3009 2990 3009 3000 3014 3011 3005 3021 3020 3015 3011 3019 3023 3020 3022 3025 3046 3054 3070 3065 3090 3086 3080 3075 3086 3081 3089 3085 3092 3105 3105 3103 3086 3089 3098 3093 3092 3091 3084 3085 3073
2995 3004 2998 2997 3011 3005 3001 2996 3004 2999 2995 2997 2997 3000 3006 3012 2994 3011 3003 3024 3005 2999 2987 3001 2993 3000 3010 3000 3011 3011 3010 3019 3019 3019 3030 3039 3025 3034 3054 3055 3058 3086 3075 3092 3084 3094 3100 3091 3092 3095 3086 3086 3091 3100 3099 3098 3097 3096 3078 3101 3094 3092 3088 3068
3002 3007 2997 3010 3013 2998 2990 3005 3009 3011 2996 3009 3002 3015 3002 3004 3003 3002 3013 3005 3010 3008 2985 3000 3002 3022 3003 3002 3017 3010 3017 3024 3024 3033 3022 3039 3054 3062 3072 3068 3062 3075 3090 3094 3090 3104 3084 3108 3090 3098 3090 3087 3086 3080 3094 3098 3093 3094 3093 3088 3086 3076 3089 3082
2996 3004 3019 3002 3014 3012 3022 3012 3015 3001 3006 2993 3005 3008 3006 3001 3012 3016 3018 3008 3008 3000 2997 3005 3016 3001 3003 3015 3025 3013 3033 3036 3043 3044 3052 3051 3052 3061 3052 3069 3075 3074 3083 3092 3084 3094 3093 3099 3111 3089 3085 3088 3078 3093 3080 3083 3102 3112 3104 3089 3098 3089 3085 3085
2992 3003 3005 3016 2996 3013 3018 3026 3011 3008 3009 3000 3011 3009 3018 3021 3007 3017 3017 3008 2998 2996 2998 3008 3011 3023 3018 3025 3025 3034 3039 3064 3049 3065 3070 3058 3064 3067 3067 3062 3069 3064 3087 3092 3086 3094 3091 3101 3098 3087 3103 3099 3091 3102 3089 3072 3094 3114 3095 3099 3092 3086 3077 3082
3011 3010 3005 3008 3018 3009 3018 3016 2997 3015 3006 3012 3006 3006 3016 3015 3013 3003 2994 3019 3015 3003 3008 3016 3018 3033 3033 3030 3046 3046 3068 3064 3067 3065 3067 3069 3060 3069 3059 3073 3071 3083 3075 3082 3074 3078 3092 3093 3091 3086 3093 3088 3103 3080 3088 3094 3092 3087 3091 3089 3075 3095 3090 3078
3016 3017 3019 3013 3024 3011 3017 3017 3008 3010 3010 3016 3006 3000 2993 3001 3006 2999 2999 3004 3004 3008 3025 3031 3036 3044 3043 3043 3053 3057 3067 3069 3073 3081 3072 3076 3070 3068 3060 3082 3066 3068 3065 3076 3075 3069 3079 3070 3097 3092 3094 3085 3095 3084 3086 3073 3083 3091 3075 3084 3085 3083 3090 3093
3010 3019 2999 3020 3010 3018 3035 3015 3003 3006 3004 3007 3006 3000 3002 3002 2997 3004 3006 3014 3007 3013 3031 3032 3051 3057 3054 3055 3068 3063 3065 3061 3077 3077 3074 3074 3054 3063 3057 3071 3067 3077 3068 3069 3077 3070 3068 3070 3082 3085 3087 3087 3092 3089 3090 3079 3081 3086 3100 3091 3083 3065 3069 3081
3004 2991 3022 3006 3026 3037 3024 3025 3012 2996 3011 3001 3000 2994 2997 3002 2988 3008 3014 3021 3009 3022 3024 3051 3060 3064 3057 3051 3062 3067 3064 3064 3051 3071 3080 3070 3074 3066 3074 3069 3063 3070 3069 3072 3071 3069 3067 3066 3070 3085 3071 3074 3091 3096 3068 3075 3078 3083 3085 3072 3070 3077 3075 3071
3020 3007 2999 3023 3017 3028 3019 3011 3026 3007 2999 3008 3004 3006 3012 3004 3010 3021 3006 3028 3028 3028 3044 3067 3073 3069 3066 3064 3069 3065 3059 3075 3070 3071 3064 3067 3064 3074 3074 3068 3073 3080 3070 3078 3075 3067 3073 3069 3070 3072 3068 3074 3070 3065 3073 3085 3067 3073 3075 3073 3086 3095 3080 3083
3029 3024 3006 3019 3029 3021 3026 3017 3016 3020 3019 3002 3001 3012 3001 3019 3016 3015 2994 3020 3028 3049 3049 3044 3063 3073 3073 3068 3084 3069 3061 3058 3072 3067 3064 3060 3072 3072 3081 3082 3072 3076 3068 3067 3072 3051 3066 3067 3084 3077 3066 3082 3063 3065 3090 3080 3074 3081 3086 3114 3092 3108 3088 3079
3015 3015 3014 3007 3021 3014 3021 3030 3010 3022 3006 3009 3009 3024 3030 3020 3013 3017 3007 3029 3042 3057 3046 3060 3076 3078 3072 3080 3074 3078 3068 3072 3069 3079 3066 3064 3067 3060 3074 3085 3072 3079 3077 3070 3066 3052 3059 3079 3059 3083 3074 3077 3077 3091 3067 3078 3079 3073 3083 3079 3069 3074 3082 3079
2997 3004 3030 3004 3024 3019 3033 3027 3012 3013 3008 3016 3023 3017 3028 3022 3028 3034 3037 3038 3060 3053 3059 3060 3065 3073 3068 3079 3058 3064 3066 3069 3076 3073 3077 3074 3067 3062 3067 3077 3087 3085 3073 3078 3068 3075 3075 3073 3075 3079 3059 3063 3076 3083 3071 3052 3067 3078 3064 3061 3059 3061 3065 3073
3000 3011 3009 3013 3016 3019 3015 3021 3013 3019 3013 3022 3019 3019 3013 3028 3020 3028 3031 3062 3039 3052 3060 3065 3065 3083 3058 3064 3065 3072 3072 3073 3074 3075 3088 3062 3065 3086 3065 3088 3081 3100 3078 3065 3082 3077 3070 3066 3069 3067 3069 3054 3079 3065 3064 3073 3067 3084 3078 3071 3069 3074 3078 3062
3012 3018 3004 3019 3017 3016 3012 3027 2998 2988 3009 3016 3012 3012 3025 3034 3031 3038 3046 3059 3059 3058 3070 3065 3078 3074 3070 3052 3066 3062 3062 3071 3079 3065 3080 3074 3074 3066 3082 3070 3077 3090 3072 3083 3079 3074 3067 3073 3070 3074 3052 3052 3059 3053 3068 3060 3063 3059 3079 3066 3072 3090 3074 3060
3017 3001 3018 3016 3021 3021 3004 3018 3010 3015 3021 3020 3005 3027 3035 3035 3020 3032 3041 3054 3057 3072 3076 3077 3073 3070 3063 3059 3059 3066 3062 3066 3084 3065 3073 3075 3058 3066 3071 3087 3063 3068 3068 3079 3088 3074 3070 3070 3065 3077 3061 3061 3053 3064 3073 3079 3076 3055 3061 3051 3066 3081 3076 3072
3000 3014 3025 3014 3015 3010 3023 3014 3018 3019 3012 3022 3019 3015 3032 3042 3039 3037 3042 3059 3063 3077 3071 3075 3080 3067 3058 3053 3064 3073 3049 3059 3066 3070 3072 3066 3058 3076 3075 3077 3054 3062 3069 3068 3069 3079 3067 3063 3061 3066 3070 3085 3081 3085 3079 3074 3069 3078 3071 3065 3062 3076 3069 3073
