3082 3064 3039 3051 3062 3050 3057 3046 3041 3049 3063 3042 3032 3035 3027 3031 3025 3031 3035 3032 3040 3042 3017 3023 3028 3018 3029 3029 3036 3026 3025 3034 3020 3014 3015 2998 3015 3009 3006 3001 2991 3007 3011 3008 3000 3008 2996 3002 3010 3009 3016 3006 3013 2999 3015 3010 3014 3024 3020 3002 3019 3005 2996 2984
3069 3058 3042 3052 3046 3063 3037 3042 3060 3041 3048 3041 3040 3045 3038 3026 3039 3041 3027 3036 3018 3024 3032 3033 3011 3021 3034 3027 3027 3021 3025 3017 3030 3015 3012 3008 3006 3016 3009 3012 3013 3016 3005 3022 3017 3012 3006 3017 3016 3019 3029 3032 3022 3006 3008 3017 3017 3007 3012 3002 3005 3018 3007 3002
3052 3045 3041 3063 3036 3040 3052 3048 3049 3052 3046 3045 3042 3043 3033 3031 3044 3036 3028 3023 3026 3038 3018 3026 3030 3015 3020 3008 3026 3020 3024 3017 3018 3022 3024 3009 3008 3018 3010 3012 3006 3002 3007 3008 3020 3027 3028 3020 3019 3017 3024 3020 3018 3017 3004 3011 2998 2997 3004 3007 3004 2993 3010 3005
3056 3055 3053 3044 3047 3036 3042 3029 3054 3043 3036 3039 3048 3044 3048 3033 3022 3038 3017 3024 3032 3016 3021 3031 3023 3010 3016 3022 3012 3019 3025 3019 3023 3024 3000 3014 3005 3008 3025 3019 3014 3004 2998 3016 3019 3013 3025 3019 3017 3015 3020 3025 3020 3013 3015 3008 3009 3021 3015 3021 3018 3023 3001 3004
3038 3047 3045 3041 3041 3045 3045 3030 3031 3038 3036 3034 3031 3030 3045 3041 3032 3035 3015 3016 3034 3021 3016 3023 3004 3018 3025 3023 3020 3004 2998 3006 3021 3020 3009 3024 3023 3031 3031 3010 2998 2992 3018 3020 3015 3025 3023 3005 3016 3009 3038 3027 3022 3003 3010 3020 3033 3023 3035 3016 3019 3015 3006 3000
3046 3031 3039 3034 3030 3035 3041 3049 3041 3037 3038 3035 3045 3037 3035 3037 3024 3027 3015 3022 3035 3027 3006 3016 3010 3017 3022 3018 3024 3019 3000 3015 3005 3018 3007 3010 3030 3014 3012 3012 2995 2998 3010 3012 3012 3017 3009 3008 3009 3019 3016 3016 3013 3008 3008 3006 3024 3011 3014 3010 3017 3016 3012 3000
3064 3051 3035 3033 3023 3023 3028 3037 3038 3034 3029 3034 3052 3020 3015 3028 3032 3028 3030 3035 3030 3035 3014 3008 3028 3017 3018 3013 3027 3026 3004 3009 3004 3005 3007 3000 3006 3000 3007 2989 3008 3006 3013 3015 3010 3015 3006 3000 3007 3014 2995 2995 3004 3018 3006 3008 3008 2989 2997 3003 3007 3006 3017 3021
3029 3022 3011 2992 3005 3004 3011 3012 3021 2997 3009 3006 3007 3007 3008 3004 3017 3022 3017 3013 3015 3011 3005 2997 3009 3002 3016 3004 3001 2992 2996 2997 3006 3001 2993 3004 3001 2993 3000 2987 3005 2996 2995 3002 3002 3007 3006 2990 3007 3000 3002 2983 3007 3009 3009 2998 3001 3005 3009 2999 2997 2998 3023 3007
2984 2983 2962 2974 2989 2982 2981 2994 2978 2980 2977 2981 2982 2996 2993 2997 2995 2988 2991 2996 2997 2997 2976 2990 2986 2977 2985 2992 2993 3002 2992 3006 2997 3002 2991 2986 2996 2992 2990 2988 2997 3010 2998 3006 3016 2993 3005 2988 2992 2992 2994 3005 3010 3005 2998 3001 2989 3000 3001 3012 2998 3005 3014 3007
2994 2983 2988 2992 2987 2982 2977 2989 2974 2981 2981 2991 2993 2995 2992 2982 2990 2986 2979 3007 2984 2989 2999 2996 2980 3003 2984 2989 2989 2990 2990 3000 2993 3007 3001 2988 3011 2991 2990 3000 3003 2988 2989 2988 2999 3000 3012 3000 2988 2990 2993 3001 2990 2995 3004 2993 3000 2996 3004 3004 3013 3006 3006 3011
2988 2993 2985 2987 2985 2983 2978 2985 2989 2987 2984 2987 2996 2984 2966 2992 2990 2987 2987 2991 2982 2985 2992 3001 2989 3004 2989 3003 2990 2988 2987 2994 2993 3002 2994 2981 2983 2990 3000 2992 3000 3020 3007 2996 3000 3002 3001 3004 3011 3004 2997 2992 3002 3004 3011 2998 2998 2983 2998 3004 2999 3009 3002 3000
2985 2977 2977 2981 2988 2998 2983 2984 2991 2976 2973 2976 2994 2994 2980 3000 2993 2993 2984 2985 2983 2988 2999 2988 2991 2989 3004 3008 3009 3005 3001 2990 2993 3000 3000 3002 2999 3003 3010 3010 2994 3001 2997 2988 2996 2989 2996 3006 3006 3003 3003 3000 2996 3006 2985 3008 2987 2986 3003 3003 3007 3011 2996 2999
2955 2961 2978 2989 2976 2986 3004 2988 2990 2974 2983 2999 2989 2993 2996 2996 2996 2988 2995 2995 2988 2992 2985 2979 2985 2994 3001 3002 2996 2990 3015 3009 2994 3000 2998 2998 3016 3015 3022 3008 3005 3003 2995 3004 3001 3017 3009 2997 2992 3000 3003 2997 2998 3007 3017 3016 3008 2992 3004 3009 3003 3007 2990 2992
2973 2978 2972 2990 3000 2992 2990 3002 2987 2969 2978 2988 2994 2982 2984 2988 2974 2991 2990 2994 2995 2986 2999 2996 2992 3001 3016 3007 2999 3016 3001 3005 3006 2984 2999 3016 3014 3005 3001 3009 3010 3006 2999 3010 3007 3019 3008 3007 3001 2990 3004 2998 3004 3002 3003 2996 3013 2994 3002 3005 3007 3004 2991 2987
2978 2976 2993 2989 2991 2990 3003 2994 2996 2991 2996 2992 3005 2999 2986 2995 2988 3001 3003 3004 2991 3003 2994 3007 2994 3010 3000 2990 2995 2993 2991 2998 2999 3003 2994 3006 3009 3018 2999 2997 3001 3002 3003 3007 3007 3006 3005 3013 3002 2997 3004 3001 3009 3009 3001 2997 3001 3010 2995 3004 2993 2990 2988 3000
2999 2989 2986 2993 2999 3010 3006 2999 2998 2994 3001 3005 2984 2995 2995 2990 2997 2997 3002 2999 2988 2989 2997 3010 3000 3003 3006 3005 2995 2991 2994 2996 3003 3005 2992 3002 3004 3011 3002 2993 2990 3009 3001 3018 2999 3013 2998 2998 2996 3008 3006 3008 3002 3006 2995 2995 3007 3008 3006 2995 3000 2981 2981 2991
2996 3004 3000 2994 3009 3002 2998 3006 3005 3006 2990 3004 3004 3003 2994 3013 2992 3004 2993 2984 2999 2997 2999 3003 3003 3002 2999 3006 3005 3001 3006 3005 2995 2999 2997 2996 3007 2992 2998 3002 2989 3000 3004 3005 3008 2990 2997 3000 3007 3010 3011 3001 3017 3017 3006 3010 3000 2999 3006 3016 3003 2994 2997 2991
3010 3005 2988 3012 2993 3011 2999 3006 2999 3005 2999 3011 3001 2985 3018 3024 3001 3007 3007 2993 2999 3010 3003 3003 2996 2991 2995 3003 3006 3007 3003 2994 2990 2998 2994 3002 2996 3004 2991 2999 3004 3009 3004 2994 3004 2998 2998 2999 3009 3012 3021 3021 3021 3014 3007 3013 3005 2999 3002 3007 2994 2992 2989 3007
3007 2997 2984 3006 3011 2992 2991 3000 3016 3002 3005 3008 3003 3006 3000 3017 3002 3002 2999 2998 2998 2994 2993 3004 3002 3001 3014 3001 3004 3017 3003 2994 2999 2994 2993 3003 2998 3006 3003 2987 3010 3013 3008 3001 3007 3005 2995 3009 3005 3011 3008 3021 3021 3011 3010 3009 2991 3001 3010 3005 3005 3001 3013 2991
3019 3002 2999 3003 3000 3006 2998 3006 3014 3000 3007 2999 3001 3001 3010 3015 3004 3015 2995 3003 2997 3003 2998 2985 2999 2990 3003 3007 3009 3012 3020 2998 3008 2988 2994 2999 2999 2999 3008 3015 3010 3020 3024 3017 3005 3014 3005 3014 3011 3012 3028 3031 3011 3021 3014 3005 3011 2997 3007 3005 2999 3012 3000 2990
3008 3024 3004 3007 3006 3003 2999 3015 3007 3011 3013 2999 3013 2999 2995 3014 2997 3004 3002 3001 2999 3013 2999 3001 2999 2997 3005 2997 2996 3009 3015 3000 3008 3005 2995 3011 3027 3014 3005 3014 3015 3011 3030 3023 3023 3024 3018 3011 3014 3025 3019 3031 3040 3020 3023 3003 3011 3007 3006 3023 3004 2990 3001 3005
3019 3018 3006 3011 3028 3020 3016 3013 3020 3024 3021 3018 3020 3017 3013 3024 3008 3001 3014 3011 3016 3015 3005 3008 3007 3012 3006 3017 3018 3018 3021 3022 3021 3006 3009 3011 3025 3018 3024 3019 3018 3020 3012 3027 3028 3026 3024 3029 3017 3037 3027 3029 3030 3031 3027 3015 3017 3019 3022 3004 3006 3006 3006 3003
3020 3019 3012 3021 3041 3023 3030 3024 3016 3034 3025 3027 3028 3044 3036 3033 3029 3026 3020 3022 3018 3023 3029 3026 3028 3031 3013 3025 3026 3023 3024 3029 3026 3023 3023 3014 3011 3013 3020 3026 3018 3015 3025 3028 3014 3021 3035 3022 3029 3038 3029 3033 3033 3039 3031 3036 3027 3029 3027 2999 2997 3004 3009 3021
3019 3014 3027 3025 3029 3028 3034 3024 3020 3027 3039 3030 3033 3028 3010 3043 3027 3031 3021 3017 3012 3020 3015 3018 3022 3019 3024 3023 3031 3031 3027 3020 3026 3012 3022 3025 3029 3022 3019 3015 3025 3036 3026 3027 3032 3028 3029 3034 3053 3035 3036 3034 3030 3029 3040 3040 3031 3029 3023 3008 3010 2999 3004 3010
3013 3005 3016 3018 3008 3008 3014 3002 3015 3008 3004 3010 3009 3013 3022 3025 3026 3017 2999 3001 2998 3006 3010 3007 3015 3008 3013 3003 3004 3008 3003 3020 3003 3016 3018 3013 3013 3027 3007 3021 3031 3037 3037 3029 3010 3033 3034 3036 3040 3046 3051 3039 3050 3056 3047 3033 3035 3034 3021 3008 3007 3021 3018 3026
3005 3006 3016 3005 3013 3009 3013 3004 3007 3012 3004 3007 3001 3008 3004 3010 3013 3014 2997 3008 3008 2997 3011 3006 3008 3019 2994 2999 2985 3000 3004 3003 3007 3011 3016 3022 3024 3024 3026 3029 3026 3034 3034 3034 3024 3025 3026 3027 3034 3047 3043 3056 3052 3047 3043 3034 3029 3041 3028 3019 3012 3022 3013 3021
2994 3004 2990 3019 3017 3015 3017 3003 2995 3004 2995 3002 3005 3000 2992 2998 3001 3011 3012 3013 3009 2992 3008 3006 3001 2998 2977 2977 3009 2999 3006 2999 3004 3024 3018 3029 3045 3042 3035 3029 3025 3025 3035 3025 3029 3026 3040 3036 3048 3046 3050 3043 3052 3044 3033 3035 3044 3030 3034 3027 3020 3025 3021 3018
3000 3000 3000 2993 3008 3018 2990 2996 2994 2996 3004 2996 3013 3014 3005 3007 3008 3003 3002 3004 2999 2995 3015 3008 2995 3007 2998 2983 3012 3008 3001 3022 3019 3006 3014 3026 3023 3034 3031 3029 3026 3043 3019 3029 3023 3056 3041 3047 3048 3040 3040 3044 3056 3063 3054 3047 3031 3046 3037 3028 3017 3023 3022 3015
3003 2999 3001 3006 3018 3011 3002 2991 3001 3013 2997 2994 3005 3019 3013 3014 3000 3000 2991 3002 2991 3002 3000 3004 3015 3009 3001 3000 2996 3005 3009 3011 3021 3019 3030 3036 3015 3032 3034 3024 3014 3037 3036 3033 3033 3046 3033 3029 3034 3043 3039 3042 3047 3082 3050 3043 3056 3059 3036 3032 3030 3019 3032 3028
3008 2995 3011 3005 3012 3015 3011 3006 2996 2991 2984 2999 3008 3006 3007 3008 2999 2998 2995 2996 2996 3007 3010 2996 3012 3012 3004 2998 2996 3006 3008 3007 3023 3029 3026 3018 3033 3039 3033 3034 3044 3021 3031 3025 3036 3040 3043 3039 3044 3046 3052 3067 3070 3078 3052 3067 3056 3051 3051 3028 3034 3021 3035 3042
3019 2995 3006 2993 3021 3008 3006 3002 2998 2982 3007 2989 3011 3001 2992 2999 3001 3002 3004 3011 2985 3005 2993 2997 3004 2999 3011 2996 2997 3005 3008 3005 3020 3024 3032 3042 3045 3030 3044 3029 3036 3036 3026 3038 3042 3027 3035 3047 3037 3051 3058 3063 3092 3092 3069 3076 3069 3068 3045 3034 3040 3029 3032 3036
3001 3004 3002 3003 3006 3004 3008 2996 3003 3001 2974 2998 3003 2992 2983 2988 2994 3003 3011 2993 3006 3001 3010 3012 2997 3001 3003 3006 2995 3005 3000 3003 3008 3018 3031 3028 3030 3031 3041 3025 3048 3034 3042 3042 3033 3037 3037 3047 3051 3068 3070 3072 3086 3091 3090 3087 3085 3079 3067 3045 3041 3029 3044 3032
3011 3012 3000 3013 3008 2999 2998 2995 2989 2983 3002 2990 2988 3000 2982 3005 3003 2994 2998 2999 2996 2997 3014 3010 3012 3010 3000 3004 2996 3021 3019 3011 3036 3035 3032 3038 3023 3026 3032 3030 3038 3045 3042 3036 3040 3038 3039 3046 3059 3053 3059 3086 3088 3098 3089 3099 3104 3087 3082 3054 3048 3049 3040 3038
3024 3011 3005 3013 3024 3001 3005 2990 3013 3001 2988 3008 2998 3005 2997 3008 3014 3005 2995 3015 3002 3005 3007 3003 3009 2998 3004 3014 3007 3013 3009 3025 3037 3033 3040 3038 3031 3022 3036 3042 3040 3038 3047 3035 3039 3056 3066 3054 3056 3071 3079 3097 3103 3105 3098 3091 3094 3098 3068 3056 3041 3045 3036 3043
3017 3032 3019 3013 3029 3025 3021 3017 3019 3028 3016 3010 3013 3009 3004 3017 3013 3019 3011 3015 3005 3020 3024 3025 3006 3020 3021 3017 3017 3017 3028 3035 3038 3043 3045 3060 3047 3047 3040 3035 3044 3056 3037 3045 3051 3059 3078 3072 3086 3086 3076 3092 3086 3095 3090 3085 3092 3098 3069 3060 3065 3034 3042 3043
3030 3019 3022 3028 3018 3021 3029 3004 3013 3016 3007 3007 3030 3003 3006 3006 3019 3027 3020 3015 3012 3014 3008 3027 3006 3005 3009 3019 3019 3014 3019 3032 3032 3041 3044 3049 3051 3041 3035 3047 3046 3052 3057 3048 3066 3076 3077 3095 3088 3097 3102 3096 3100 3079 3091 3098 3084 3079 3071 3058 3060 3041 3041 3036
2996 3000 3011 3013 3013 2985 3017 3002 3013 3009 3011 3015 3014 3005 3004 3001 3001 3004 3017 3021 3003 3012 2999 3006 3009 3010 3018 2997 3013 3011 3010 3031 3025 3033 3045 3046 3065 3051 3054 3049 3062 3064 3077 3061 3078 3072 3087 3097 3089 3090 3090 3096 3102 3089 3109 3107 3085 3079 3064 3061 3042 3046 3047 3019
2999 3005 3017 2991 3000 3010 3002 3000 2994 2988 3018 3019 3013 3005 3003 2991 3005 3006 3011 3019 3010 3018 3001 3013 2997 3013 3015 3007 3001 3016 3006 3010 3027 3029 3057 3055 3061 3052 3065 3054 3066 3066 3078 3068 3085 3077 3085 3091 3091 3095 3086 3096 3105 3114 3093 3098 3097 3086 3065 3062 3054 3049 3034 3028
3008 3002 3006 3005 3016 3015 2994 3002 2989 3018 3001 3016 3000 2995 2999 2999 2988 2998 3018 3012 3016 2996 2987 2997 3014 3006 3006 3005 2998 3001 3000 3018 3035 3051 3066 3054 3062 3067 3077 3071 3071 3070 3090 3088 3090 3079 3088 3100 3096 3085 3086 3090 3105 3107 3111 3104 3088 3096 3082 3064 3057 3051 3048 3028
3012 2989 2989 3006 3013 3009 3008 3005 3006 2992 3016 3008 2990 2997 3008 3008 2992 2997 2998 3003 3003 2994 2992 2997 3004 3012 3013 3007 2994 2990 3000 3018 3045 3037 3070 3064 3071 3073 3074 3075 3072 3091 3085 3087 3079 3071 3087 3093 3096 3088 3094 3106 3105 3119 3098 3105 3083 3086 3083 3072 3067 3051 3045 3019
3012 3005 2993 3004 3000 3005 3006 3002 2995 3006 3012 3017 3010 3002 3008 2995 2989 2999 2996 3008 3008 3010 3006 3005 2994 3008 3001 3005 3005 2991 3010 3012 3035 3047 3059 3072 3084 3080 3078 3096 3093 3103 3097 3089 3084 3085 3081 3088 3094 3082 3098 3094 3104 3108 3106 3094 3087 3089 3077 3066 3061 3035 3044 3039
3017 3001 3009 2989 3014 3003 2997 3012 3006 3010 3001 3003 3000 2995 2996 3012 3006 2988 3003 2992 2996 2990 3009 2996 2998 3006 3012 2994 2998 2987 3010 3016 3044 3055 3065 3077 3084 3097 3071 3092 3077 3092 3085 3090 3080 3087 3099 3085 3089 3093 3086 3091 3090 3094 3098 3092 3094 3084 3081 3073 3061 3049 3038 3039
3000 2993 2986 2985 3013 3013 3004 3004 3010 2998 2999 3015 2998 3007 3004 3014 2992 3000 2990 2981 2999 2999 3003 3000 2997 2993 2999 2990 3000 3001 3004 3023 3033 3038 3062 3064 3074 3101 3085 3092 3092 3088 3093 3092 3094 3100 3094 3105 3097 3092 3110 3095 3100 3076 3086 3082 3083 3088 3075 3071 3044 3042 3029 3029
3003 2993 2988 3002 2999 3004 3009 3001 3007 3005 3004 3003 3001 3010 3001 3004 3001 3018 3005 3001 3000 2986 3000 3003 3003 2995 3004 2996 3015 2993 2997 3017 3033 3049 3059 3088 3098 3080 3069 3075 3087 3090 3089 3079 3087 3092 3086 3096 3097 3099 3090 3088 3100 3073 3084 3080 3085 3090 3075 3067 3047 3042 3045 3041
3002 3002 2996 3007 3018 3007 3004 3007 3010 3002 2980 2983 3010 3010 3005 3014 3013 3016 2997 2996 3002 2993 3003 3009 2999 3000 3019 3004 3005 3007 3006 3020 3026 3050 3062 3073 3083 3101 3085 3089 3093 3084 3086 3078 3086 3076 3075 3082 3082 3085 3104 3086 3088 3096 3087 3089 3092 3096 3083 3069 3045 3042 3039 3027
3012 2999 2992 3016 3006 3003 3014 3014 3015 3004 2986 2989 3002 2985 3007 3011 3023 3006 3003 3001 3011 3000 2999 3012 3013 3004 3010 3016 3010 2995 3014 3021 3029 3048 3070 3068 3074 3101 3099 3084 3083 3077 3061 3073 3086 3085 3078 3084 3099 3100 3099 3098 3103 3105 3099 3096 3102 3091 3076 3078 3050 3024 3042 3042
2985 2994 3005 3009 3017 3013 2996 3004 3008 3002 2986 3008 2996 2998 3006 2996 2996 2994 3001 3002 3011 3009 3003 2991 3013 3008 3013 3009 3015 3007 3006 3011 3014 3038 3060 3076 3078 3078 3087 3088 3077 3066 3077 3088 3079 3086 3093 3088 3085 3104 3087 3090 3103 3088 3092 3087 3084 3087 3082 3064 3044 3028 3024 3035
3001 2998 3008 3018 3007 3016 3001 3016 3008 2995 3001 2989 3010 3003 2994 2993 2994 2999 3003 2998 3009 2999 3002 3006 3008 3007 2998 2998 3005 3006 3004 2990 3014 3033 3047 3067 3076 3073 3087 3075 3066 3066 3086 3086 3080 3094 3088 3095 3099 3097 3103 3099 3093 3087 3087 3099 3095 3077 3060 3055 3041 3022 3030 3017
2998 3007 3002 2993 3006 2992 2995 3003 3025 2995 2994 2989 3003 3026 3003 3000 2993 2993 3007 2990 2983 3007 2994 2984 3008 3013 3003 3008 3006 3022 3009 3003 3003 3021 3040 3055 3065 3073 3085 3079 3076 3069 3081 3075 3085 3080 3085 3085 3092 3099 3101 3082 3082 3084 3083 3094 3091 3089 3075 3050 3036 3049 3021 3032
2997 3001 2987 2996 2994 2993 2996 2995 2993 2994 2994 2997 3003 2999 3009 3005 2998 3000 2997 2998 2999 2983 2978 2988 2988 2994 3010 3002 2988 2995 2984 2997 3002 3008 3020 3044 3062 3073 3091 3087 3069 3066 3084 3073 3086 3088 3100 3107 3087 3099 3084 3092 3080 3087 3090 3078 3080 3083 3069 3044 3042 3035 3037 3027
2991 2988 2998 3000 2995 2989 2995 3001 3002 2997 3001 2988 3004 2989 2995 3006 3007 3006 3001 2996 2995 2987 3005 3004 2998 3003 3005 3018 2999 3003 3008 3011 2996 3012 3018 3037 3060 3077 3073 3083 3077 3075 3072 3075 3084 3081 3090 3086 3071 3083 3085 3096 3087 3084 3093 3082 3082 3066 3053 3041 3037 3033 3041 3035
2994 2999 3007 3001 2996 2998 2998 2995 2999 3006 2999 2990 2988 2992 3008 3005 3009 3012 3012 2999 2994 2983 3011 3014 3006 3004 3005 3006 3005 3000 3015 3016 3022 3010 3024 3038 3066 3083 3067 3089 3080 3080 3073 3082 3069 3077 3089 3094 3087 3075 3092 3095 3097 3085 3100 3097 3067 3062 3060 3051 3046 3025 3034 3029
3005 3001 2996 2990 2992 2987 2996 3002 3000 2985 2994 3006 2990 3001 3003 3004 3003 3001 2986 2990 2981 3010 3012 2994 3000 3004 2999 3003 3019 3014 3010 3014 3002 3006 3019 3025 3055 3078 3076 3066 3088 3082 3083 3079 3088 3083 3081 3087 3092 3099 3102 3095 3097 3081 3089 3092 3075 3061 3058 3062 3045 3028 3022 3027
2989 3006 3003 2987 2998 2991 2979 2996 2991 3000 2988 3007 2998 2995 2992 2984 3004 2990 2995 2998 2997 3007 3002 3001 2997 2997 3012 3004 3011 2997 3011 3005 2998 3002 3017 3030 3065 3068 3078 3083 3067 3079 3080 3075 3085 3074 3095 3080 3112 3105 3096 3093 3093 3094 3084 3060 3065 3059 3060 3059 3032 3033 3032 3026
3006 2998 3010 3000 3000 2981 3002 2980 2986 2997 2999 2989 2996 2993 2988 2980 2982 2996 3010 3000 3002 3003 3001 3004 3013 3012 3021 3010 3001 3007 3017 3012 3006 3012 3021 3044 3053 3072 3078 3077 3073 3076 3069 3084 3087 3099 3097 3099 3090 3108 3099 3086 3080 3095 3083 3072 3064 3058 3051 3061 3050 3037 3026 3026
3014 2999 3009 3002 3004 2996 2996 2992 2978 2982 3000 2991 2995 2990 2978 2996 2987 3005 3013 3005 3020 2994 3003 3004 3031 3031 3013 3012 2992 2999 3012 3007 3007 3012 3032 3036 3069 3070 3078 3070 3068 3083 3093 3087 3091 3097 3096 3084 3088 3095 3103 3100 3086 3084 3071 3069 3049 3043 3054 3048 3044 3030 3034 3035
3011 3007 3014 3008 3012 2991 2998 3011 2999 2999 2991 2988 3007 2988 2989 3004 3004 2996 3005 3007 2989 2994 3007 3005 3033 3031 3021 3021 3013 3016 3012 3012 2996 3029 3031 3053 3072 3070 3072 3087 3076 3090 3087 3092 3108 3085 3085 3099 3092 3106 3107 3100 3100 3094 3077 3066 3054 3055 3059 3051 3049 3041 3033 3027
3014 3014 3006 3024 3016 3006 3014 2993 2997 3009 2988 3001 3010 3005 3009 3018 3016 3009 3004 3003 2992 2997 3018 3027 3028 3017 3024 3038 3040 3046 3016 3013 3017 3029 3056 3061 3067 3070 3089 3100 3087 3084 3095 3103 3105 3106 3098 3102 3105 3095 3104 3110 3090 3097 3071 3058 3071 3054 3057 3056 3061 3052 3050 3047
3005 3012 3013 3014 3001 2995 2997 3010 3006 3002 3015 3017 3003 3017 3008 3014 3007 3007 3002 2995 2997 3009 3027 3015 3019 3027 3038 3053 3054 3037 3026 3032 3013 3040 3049 3078 3085 3083 3089 3088 3095 3093 3092 3082 3102 3101 3107 3094 3085 3087 3089 3073 3076 3078 3074 3061 3060 3061 3048 3057 3056 3061 3040 3033
3009 3007 3004 3006 3003 2989 2989 3005 2993 3015 3020 3025 3023 3004 3003 3011 3019 3016 3015 3015 3004 3027 3016 3024 3026 3032 3044 3045 3042 3051 3031 3024 3027 3032 3066 3087 3088 3089 3079 3086 3086 3091 3086 3095 3090 3092 3103 3082 3079 3068 3075 3075 3072 3051 3061 3053 3063 3058 3047 3050 3052 3046 3023 3027
3001 3000 3020 3015 3004 3001 3008 2990 2994 3003 3000 3018 3020 3006 3011 3022 3023 3013 3011 3012 3005 3003 3012 3030 3017 3035 3043 3052 3043 3041 3030 3035 3033 3039 3063 3081 3089 3076 3092 3092 3088 3101 3088 3096 3106 3106 3089 3106 3079 3081 3075 3070 3053 3069 3061 3037 3056 3053 3053 3053 3054 3046 3054 3033
3005 2997 3004 3009 3013 3006 2999 2999 2998 3003 3010 3017 3014 3024 3003 3014 3016 3013 3011 3000 3006 3021 3021 3022 3037 3025 3032 3040 3058 3049 3029 3040 3037 3040 3067 3085 3095 3090 3090 3101 3107 3105 3102 3093 3086 3099 3102 3118 3098 3086 3072 3073 3078 3087 3061 3044 3033 3059 3045 3059 3059 3047 3039 3042
3020 3015 3005 3003 3013 3023 2996 3015 3015 3012 3011 3001 3019 3017 3016 3015 3013 3001 3006 3010 3018 3007 3018 3033 3036 3037 3060 3058 3045 3046 3049 3049 3043 3064 3071 3086 3078 3085 3094 3088 3087 3090 3100 3099 3101 3101 3115 3105 3097 3101 3076 3085 3075 3087 3064 3063 3069 3063 3057 3042 3058 3047 3059 3052
3024 3011 3001 3014 3016 3013 3021 3028 3011 3025 3010 3011 2988 3000 3006 3005 3006 3003 2999 3011 3018 3016 3028 3035 3040 3045 3061 3060 3042 3053 3061 3066 3063 3062 3083 3080 3089 3084 3090 3091 3078 3098 3084 3093 3080 3096 3098 3102 3092 3098 3090 3067 3084 3074 3067 3063 3070 3054 3057 3067 3053 3048 3068 3067
