3062 3063 3065 3062 3075 3076 3060 3042 3059 3051 3057 3063 3050 3041 3027 3055 3045 3039 3037 3039 3039 3053 3047 3046 3064 3047 3050 3034 3040 3033 3043 3043 3029 3026 3038 3051 3050 3032 3031 3032 3035 3037 3025 3035 3022 3038 3036 3041 3042 3044 3025 3038 3040 3038 3036 3035 3046 3060 3032 3036 3039 3052 3036 3041
3060 3074 3053 3074 3070 3077 3069 3073 3057 3049 3051 3052 3044 3054 3045 3047 3052 3060 3041 3058 3052 3043 3053 3054 3049 3041 3053 3044 3048 3053 3043 3037 3054 3037 3024 3048 3021 3027 3030 3019 3026 3050 3031 3025 3027 3034 3021 3041 3024 3029 3040 3038 3039 3049 3033 3035 3035 3040 3032 3027 3030 3034 3032 3030
3049 3055 3066 3062 3079 3072 3065 3073 3067 3039 3046 3035 3042 3040 3042 3051 3056 3053 3029 3041 3044 3038 3034 3049 3051 3054 3066 3063 3050 3041 3033 3029 3035 3034 3038 3024 3032 3026 3017 3014 3028 3043 3024 3024 3029 3020 3036 3022 3031 3026 3025 3025 3030 3030 3030 3021 3032 3011 3017 3027 3020 3035 3037 3027
3051 3079 3060 3059 3051 3063 3049 3055 3048 3042 3043 3041 3036 3040 3035 3048 3058 3042 3036 3042 3036 3034 3042 3027 3044 3042 3037 3051 3023 3037 3026 3040 3047 3033 3035 3023 3021 3044 3012 3016 3025 3020 3033 3021 3015 3022 3029 3022 3022 3021 3030 3032 3039 3037 3037 3044 3028 3037 3026 3043 3021 3028 3028 3024
3050 3049 3068 3045 3045 3030 3034 3049 3043 3050 3070 3036 3046 3040 3041 3029 3053 3038 3027 3048 3026 3024 3038 3047 3042 3032 3041 3036 3014 3038 3044 3044 3015 3027 3016 3021 3025 3025 3020 3009 3018 3003 3022 3033 3031 3021 3034 3032 3032 3034 3043 3041 3037 3037 3040 3052 3033 3032 3045 3031 3049 3034 3024 3027
3053 3061 3059 3050 3043 3049 3038 3049 3034 3044 3041 3045 3052 3026 3032 3033 3033 3035 3035 3039 3027 3034 3032 3037 3030 3029 3029 3036 3031 3032 3037 3040 3017 3018 3030 3010 3016 3026 3025 3027 3025 3030 3040 3032 3029 3032 3028 3018 3040 3037 3041 3030 3033 3038 3045 3039 3050 3043 3049 3049 3050 3041 3044 3042
3064 3046 3041 3048 3055 3051 3039 3032 3036 3029 3042 3042 3050 3043 3040 3037 3032 3036 3035 3025 3025 3038 3040 3044 3026 3024 3027 3029 3021 3028 3032 3030 3037 3037 3033 3006 3018 3021 3014 3017 3026 3024 3016 3014 3030 3023 3020 3025 3038 3044 3042 3026 3034 3035 3041 3034 3039 3058 3057 3067 3049 3059 3046 3057
3012 3009 3010 3015 3029 3006 3016 3021 3006 3015 3015 3014 3024 3014 3011 3013 3019 3019 3017 3015 3010 3005 3014 3025 3023 3000 3015 3017 3012 3019 3032 3030 3031 3015 3021 3026 3013 3018 3010 3015 3018 3024 3013 3021 3034 3028 3029 3028 3031 3049 3032 3028 3039 3039 3041 3042 3043 3051 3052 3051 3067 3039 3047 3035
2976 2972 2982 2980 2987 2987 2984 2990 2981 2988 3012 3009 2989 2999 2990 2990 3000 3009 2998 3005 2996 2996 3001 3012 3013 3003 3004 3001 3005 3015 3012 3013 3007 3006 3024 3019 3013 3011 3019 3003 3015 3031 3015 3016 3023 3029 3045 3043 3036 3045 3048 3034 3039 3021 3036 3047 3050 3048 3032 3046 3054 3057 3039 3033
2972 2970 2971 2989 2989 2977 2970 2975 2966 2973 2993 2989 2992 2990 2993 2990 2991 3012 3000 3012 2999 2999 3004 3015 3017 3000 3011 3010 3009 3013 3021 3021 3009 3013 3013 3018 3030 3021 3031 3011 3008 3015 3023 3034 3033 3040 3049 3029 3039 3039 3050 3044 3035 3037 3050 3040 3040 3050 3034 3043 3051 3050 3060 3032
2980 2986 2979 2990 2990 2982 2974 2976 2984 2977 2989 2991 2982 2999 2998 2999 3003 3006 3019 2995 3012 3001 3012 3004 3006 3012 3002 3018 3022 3016 3013 3006 3024 3034 3019 3027 3031 3024 3026 3027 3020 3033 3011 3033 3033 3034 3044 3037 3042 3047 3044 3030 3042 3024 3031 3037 3034 3047 3052 3051 3046 3049 3065 3044
2977 2975 2982 2987 2996 2985 2987 2982 2990 2989 2984 2984 2995 2992 2998 3007 2997 2994 3022 3005 3019 3022 3021 2999 3019 3015 3009 3019 3007 3015 3006 3003 3007 3019 3025 3018 3027 3011 3015 3012 3029 3026 3017 3016 3023 3030 3043 3050 3031 3048 3050 3037 3047 3040 3022 3035 3038 3053 3045 3061 3067 3068 3066 3078
2979 2984 3000 2981 2983 2988 3000 3000 3003 2986 2981 2982 2991 3001 2991 2993 2993 3001 3008 3008 3030 3021 3022 3014 3012 3019 3019 3017 3026 3013 3022 3022 2999 3014 3009 3013 3022 3015 3010 3023 3020 3031 3022 3033 3028 3047 3036 3031 3054 3042 3045 3040 3039 3043 3041 3033 3034 3053 3055 3065 3065 3071 3081 3066
2979 2980 2989 2997 2993 2993 2995 2997 2996 3004 2991 2980 2998 3002 2988 3006 2988 2999 3012 3000 3016 3028 3010 3011 3000 3016 3012 3019 3013 3011 3027 3015 3022 3004 3012 3020 3015 3008 3013 3022 3042 3023 3041 3035 3047 3039 3037 3038 3041 3041 3052 3039 3051 3037 3038 3054 3044 3047 3059 3064 3064 3063 3069 3076
2986 2989 3003 2983 2996 3007 2999 3007 2987 2996 2983 2998 3005 3000 2995 3000 2996 2997 3008 3019 3014 3012 2995 3000 3012 3016 3003 3026 3010 3009 3020 3016 3003 3017 3003 3013 2993 3014 3016 3019 3024 3030 3051 3042 3041 3019 3040 3046 3037 3043 3045 3053 3042 3051 3045 3039 3068 3070 3062 3062 3079 3081 3092 3088
2999 2997 3001 2996 3005 3004 3011 3008 2990 2999 3001 2998 2998 3005 2999 3004 3005 3006 3003 3010 3007 3011 3004 3000 3009 3019 3017 3023 3018 3011 3012 3014 3010 3021 3020 3014 3013 3003 3012 3014 3023 3024 3036 3050 3058 3023 3042 3047 3043 3041 3044 3044 3050 3058 3037 3045 3067 3081 3077 3075 3084 3082 3091 3092
3014 3006 3025 3005 3011 3003 3002 2996 3003 2997 3003 2997 2992 3005 3001 2999 3013 3006 3007 3007 3011 2988 3018 3008 3007 3013 3018 3024 3004 3022 3014 3010 3018 3028 3016 3001 3009 3017 3005 3023 3006 3031 3041 3040 3043 3048 3054 3050 3047 3035 3043 3037 3036 3040 3042 3070 3067 3086 3096 3100 3103 3101 3101 3097
3018 3022 3010 3017 3007 2996 2999 2994 2994 2998 2997 2993 2994 2997 3004 2999 3003 3005 3007 3009 3015 3005 2999 3018 3008 3015 3015 3016 3017 3005 3015 3013 3007 3001 3004 3002 3018 3013 3015 3020 3017 3018 3038 3027 3053 3057 3054 3051 3043 3054 3055 3051 3059 3040 3041 3059 3070 3083 3106 3102 3114 3099 3096 3103
3021 3010 3022 3027 3014 3001 2995 3003 2993 3006 3007 3006 3008 3009 2998 3008 3018 3015 3004 3004 3013 3012 3012 3001 3004 3021 3015 3011 3031 3004 3018 3002 3025 3013 3006 3008 3022 3023 3018 3009 3006 3013 3029 3044 3036 3057 3047 3049 3053 3061 3053 3056 3048 3064 3058 3068 3078 3081 3104 3090 3088 3099 3103 3089
3015 3018 3025 3019 3016 3005 3006 2990 2997 3000 2995 3002 3008 3011 2993 3000 3000 3012 3026 3015 3003 3003 3015 3009 3011 3015 3006 3015 3017 3010 3010 3012 3017 3007 3014 3011 3001 3008 3004 3018 3008 3021 3012 3043 3051 3068 3048 3064 3062 3067 3054 3062 3063 3064 3071 3075 3086 3084 3087 3093 3086 3088 3095 3093
3024 3009 3010 3015 3005 3002 3003 3005 3008 3005 3016 3000 3005 3003 2995 3000 3002 3009 3015 3014 3012 3012 3012 3008 2998 2992 3009 3013 3007 3016 3009 3007 3014 3010 3010 3006 3005 3004 3009 3014 3024 3019 3028 3029 3049 3057 3060 3091 3070 3078 3067 3073 3087 3074 3083 3090 3089 3101 3099 3073 3103 3086 3104 3085
3016 3000 3005 3012 2998 3020 3003 3004 2994 2994 2993 3008 2998 3005 3000 2997 3008 3014 3020 3012 3001 2999 3017 3015 3001 3009 3012 3022 3018 3021 3008 3011 3002 3010 3010 3004 2995 2995 3005 3001 3015 3017 3015 3042 3047 3071 3069 3076 3067 3071 3093 3086 3077 3086 3099 3088 3102 3097 3089 3080 3099 3099 3094 3091
3022 3008 3012 3008 2999 3010 3013 2999 3001 2995 2995 3013 3004 3000 3007 2988 2996 3011 3018 3012 3022 3010 3014 3010 3004 3030 3024 3017 3008 3007 3007 3017 3011 3014 3019 3011 3005 3002 3005 3013 3014 3002 3002 3019 3044 3059 3072 3075 3069 3082 3088 3100 3094 3094 3098 3107 3108 3095 3087 3085 3097 3091 3107 3114
3013 3000 3022 3012 3011 3019 3003 2993 2999 2988 3008 3004 3009 3010 2993 3014 2994 3010 3020 3015 3026 3020 2998 3014 3020 3017 3025 3022 3012 3005 3008 3014 3018 3015 3013 3009 3004 3010 3001 3012 3010 3001 3007 3022 3052 3072 3075 3081 3081 3089 3096 3095 3106 3100 3088 3080 3103 3090 3089 3091 3094 3113 3102 3105
3025 3027 3025 3032 3029 3009 3004 3010 3011 2994 3009 3017 3010 3001 3002 3021 3020 3012 3013 3011 3019 3025 3024 3017 3002 3000 3021 3022 3008 3007 3007 3014 3018 3027 3013 3010 3012 3017 3010 3020 3022 3006 3027 3025 3049 3069 3070 3076 3088 3089 3100 3096 3090 3096 3093 3103 3084 3097 3105 3092 3100 3096 3093 3098
3022 3031 3036 3025 3027 3019 3017 3000 3016 2994 2987 3007 3011 2999 3007 3008 3023 3008 3020 3023 3012 3017 3006 3013 3004 3003 3020 3010 3013 3024 3022 3007 3023 3020 3022 3016 3011 3008 3010 3017 3013 3007 3024 3039 3051 3074 3079 3083 3093 3100 3097 3102 3089 3088 3070 3096 3106 3100 3112 3103 3093 3086 3099 3092
3012 3007 3023 3036 3016 3010 3000 3017 3003 3008 3008 3005 3013 3014 3011 3009 2998 3023 3023 3022 3018 3020 3012 3019 2998 3011 3017 3022 3017 3014 3005 3023 3005 3014 3035 3018 3008 3004 3012 3007 3019 3028 3022 3035 3050 3074 3084 3083 3088 3093 3098 3092 3085 3092 3088 3099 3105 3088 3101 3094 3099 3095 3101 3095
3016 3022 3036 3024 3036 3025 3004 3008 3020 3006 3003 2999 3005 3000 3017 3002 3017 3022 3020 3018 3011 3006 3013 3004 3005 3010 3020 3021 3018 3016 3009 3016 3010 3027 3011 3022 3017 3015 3005 3005 3019 3028 3021 3040 3053 3052 3076 3079 3093 3090 3080 3094 3098 3093 3099 3090 3108 3101 3101 3102 3094 3112 3096 3101
3029 3015 3030 3018 3017 3020 3018 3014 3003 3008 2996 2987 2992 3001 3009 3000 3015 3015 3012 3004 3005 2994 3009 3005 3003 2996 3010 3019 3005 3007 3002 3014 3014 3009 3020 3012 3025 3028 3015 3023 3020 3019 3017 3027 3043 3048 3073 3097 3090 3082 3088 3091 3110 3093 3092 3092 3092 3104 3093 3103 3095 3091 3093 3102
3024 3037 3032 3026 3020 3020 3028 3011 3026 3009 2997 2995 2999 3003 3009 3020 3013 3029 3006 3017 3012 3001 3008 3014 3006 3007 3012 3009 3000 3002 3008 3006 3000 2994 3026 3001 3003 3015 3004 3018 3022 3025 3017 3040 3044 3043 3069 3067 3096 3078 3081 3087 3092 3105 3098 3094 3088 3094 3088 3108 3092 3100 3111 3103
3033 3028 3039 3011 3025 3015 3011 3020 3006 3002 2998 3006 2992 3006 3002 3015 2991 3003 2987 3001 3013 3005 3022 3019 3006 3026 3013 3010 3002 3004 3023 3012 3022 3006 2993 3004 3015 3018 3018 3028 3021 3022 3030 3022 3029 3028 3055 3084 3079 3092 3089 3097 3094 3083 3098 3096 3115 3107 3106 3110 3095 3102 3093 3098
3042 3041 3044 3036 3041 3028 3013 3010 2992 3002 3022 2991 3004 3006 2993 3013 3002 2998 2989 3002 3008 3020 3005 3018 3018 3025 3024 3011 3014 3015 3014 3018 3014 3019 3006 3014 3016 3017 3021 3022 3011 3004 3014 3017 3032 3033 3053 3057 3080 3098 3086 3094 3083 3093 3084 3078 3104 3103 3098 3109 3102 3086 3077 3090
3039 3034 3046 3033 3039 3022 3015 2999 2999 2992 2991 3009 3009 3004 2991 3003 3002 3001 3007 3008 3007 3013 3016 3011 3012 3017 3003 3019 3016 3024 3007 3011 3007 2998 3007 3001 3012 3018 3031 3014 3031 3013 3019 3024 3017 3035 3036 3052 3068 3078 3074 3072 3075 3083 3082 3085 3104 3096 3101 3111 3093 3089 3082 3097
3039 3049 3048 3035 3024 3027 3010 3000 2997 3001 3001 3020 3009 3006 3010 3002 3006 3012 3013 3000 3004 3014 3011 3015 3001 3002 2997 3009 3007 3008 3020 2997 2998 2998 3014 3011 3015 3019 3015 3022 3008 3023 3017 3031 3019 3034 3030 3042 3056 3078 3089 3074 3078 3080 3078 3080 3076 3085 3101 3090 3088 3092 3108 3110
3038 3040 3032 3039 3055 3031 3023 3007 3000 3005 3013 3012 3011 3006 3014 3010 2998 3007 3011 3009 3017 3021 3011 3002 3011 3009 2999 3002 3005 3007 3010 3010 3011 3002 3018 3019 3018 3023 3024 3020 3022 3022 3031 3020 3032 3031 3035 3041 3053 3085 3076 3082 3088 3103 3078 3077 3084 3084 3092 3097 3109 3117 3101 3109
3037 3039 3026 3028 3029 3021 2997 3005 3011 3007 3008 3017 3008 3013 3008 2999 3005 3007 3011 3020 3009 3014 3000 3001 3019 3003 3006 3011 3014 3008 3001 3005 3014 2998 3011 3015 3008 2995 3002 3011 3019 3019 3009 3028 3025 3023 3023 3035 3050 3073 3068 3077 3086 3089 3078 3072 3081 3084 3090 3092 3098 3102 3121 3114
3043 3039 3035 3027 3022 3015 3014 3018 3009 3014 3011 3004 3003 3006 3020 3006 3010 3008 3021 3017 3005 3005 3005 3012 3014 3013 3012 3011 3020 3014 3018 3002 3007 3009 3002 3021 3013 3020 3003 3008 3014 3023 3018 3033 3024 3020 3020 3027 3055 3087 3065 3076 3092 3097 3092 3082 3085 3093 3089 3096 3096 3100 3085 3095
3030 3032 3021 3015 3012 3009 3010 3009 3011 3020 3009 3009 3001 3005 3008 3008 3009 3011 3007 3004 3017 3002 3000 3004 3012 3015 3012 3022 3019 3016 2990 3004 3012 2995 3015 3013 3005 3018 3017 2999 3028 3015 3016 3024 3019 3010 3018 3033 3056 3077 3066 3082 3082 3096 3101 3089 3086 3093 3084 3096 3096 3083 3092 3094
3035 3026 3008 3012 3020 3020 3015 3005 3011 3001 3009 3004 3001 3003 3013 2999 3005 3001 3004 3006 2999 3007 2999 2989 3007 3007 3015 3009 3008 3011 3004 3011 3015 3000 3018 3010 3016 3008 3014 3016 3017 3031 3021 3028 3012 2998 3025 3021 3054 3078 3088 3093 3078 3075 3085 3091 3086 3094 3093 3102 3094 3099 3092 3108
3023 3026 3016 3020 3000 3019 3021 3013 2997 3011 3011 3006 3008 2998 2998 3020 2997 3000 3005 3004 2993 2994 2999 2997 3004 3000 3012 3020 3001 3008 3005 3012 3001 2998 3012 2999 3005 3006 3014 3008 3018 3017 3023 3015 3010 3019 3004 3013 3068 3070 3082 3089 3090 3085 3096 3091 3099 3101 3101 3114 3095 3093 3091 3091
3023 3007 3020 3004 3018 3017 3020 3006 2993 2993 3005 3015 3004 3001 3007 3007 2994 3000 3001 3006 3000 3016 3003 2999 3006 3002 3003 3009 2995 3003 3001 2999 3021 3001 2999 3012 3016 3009 3011 3013 3005 3009 3006 3000 3015 3008 3017 3018 3048 3079 3081 3086 3088 3086 3085 3110 3092 3072 3097 3085 3094 3091 3081 3095
3025 3010 3021 3014 3020 3009 3015 3014 3006 3000 2999 2993 2997 3014 2996 3006 3002 2986 3008 2998 3006 3005 2999 3014 3002 3010 3003 3017 3003 2991 3000 2999 2996 3007 3003 2988 3013 3008 3008 2999 3005 3012 3007 3011 3017 3013 3020 3038 3052 3080 3071 3082 3087 3099 3107 3102 3095 3097 3094 3090 3098 3103 3098 3078
3018 3016 3014 3023 3010 3012 3002 3005 2996 2999 2993 2988 2988 3002 3003 3003 3002 3013 3011 3015 3019 3005 3020 3013 3004 3008 3004 3007 3010 2998 3007 2986 2994 2993 3018 3009 3017 3011 3016 3020 3012 3015 3005 2997 2996 3018 3026 3045 3071 3083 3080 3093 3076 3090 3095 3104 3092 3090 3091 3100 3089 3102 3088 3086
3003 3014 3033 3019 3011 3012 2999 2999 3006 2991 3010 3000 3000 3011 3016 3010 2994 3014 3002 2997 3012 3004 3004 3001 3013 3007 2997 3009 3008 3018 3008 3017 3019 3019 3007 3025 3017 3019 3011 3015 3023 3020 3009 2998 3000 3001 3018 3042 3068 3086 3092 3080 3089 3084 3087 3093 3088 3102 3092 3089 3094 3097 3077 3076
3006 3018 3009 3017 3029 3017 3003 3000 2991 3008 2994 2994 3004 2996 3014 3001 3002 3002 3017 3002 3006 2998 2991 3007 3006 3006 3002 3021 3014 3014 3012 3007 3028 3018 3009 3014 3018 3014 3008 3007 3033 3017 3012 3024 3011 3011 3044 3061 3068 3075 3091 3095 3106 3093 3091 3087 3096 3109 3092 3096 3100 3099 3082 3072
3001 3001 3013 3027 3012 3015 2999 3003 3008 3006 2991 2993 2982 2989 3009 3006 3000 3004 3001 3007 2999 2996 3004 3011 3008 3013 3015 3021 3017 3014 3014 3016 3028 3030 3033 3012 3015 3011 3005 3015 3032 3034 3037 3024 3043 3028 3061 3073 3074 3086 3091 3089 3091 3101 3101 3100 3103 3103 3096 3097 3098 3093 3082 3054
3012 3007 3011 3027 3016 3007 3011 3017 3002 3001 2994 2991 2981 2998 2996 3012 3000 3003 3003 3018 3007 3010 3007 2998 3005 3012 3017 3014 3009 3009 3002 3009 3010 3013 3019 3027 3024 3010 3021 3035 3038 3050 3055 3054 3063 3066 3065 3091 3080 3096 3092 3103 3097 3109 3107 3098 3098 3094 3083 3094 3087 3090 3077 3079
3009 3010 3003 3015 2999 2998 3017 3001 2998 2987 2998 3000 3008 2981 3009 3001 3007 2996 3021 3008 3014 3010 3008 3007 3015 3005 3015 3008 3013 2991 3010 3014 3020 3013 3009 3022 3026 3021 3023 3038 3057 3053 3058 3074 3082 3073 3094 3079 3083 3078 3083 3088 3099 3113 3104 3108 3098 3078 3109 3082 3102 3102 3086 3072
3006 3010 3012 2988 3012 3002 3002 3002 3001 2996 3000 3004 3001 2999 2997 3006 3009 2998 3027 3008 3010 3012 3011 3003 3008 3000 3017 3010 3010 3016 3018 3023 3012 3028 3025 3036 3022 3039 3038 3051 3047 3068 3075 3087 3087 3097 3092 3097 3099 3095 3089 3087 3093 3098 3093 3091 3097 3093 3091 3096 3104 3082 3093 3075
3002 3006 3004 3012 3014 3004 2996 3004 2997 3016 2997 2996 3007 3007 3003 2998 3011 3005 3021 2997 3002 3014 2986 2998 3013 3002 3016 2998 3012 3018 3025 3026 3026 3027 3030 3039 3044 3064 3061 3079 3081 3073 3091 3083 3101 3101 3095 3100 3111 3095 3099 3078 3089 3084 3084 3088 3094 3096 3092 3111 3096 3087 3081 3083
3001 3004 3004 3011 3000 3010 3006 3022 2999 3007 3005 3006 3002 3007 3007 3004 3016 3019 3016 2998 3013 3000 2999 2991 3023 3017 3004 3024 3023 3034 3042 3047 3045 3047 3054 3051 3057 3055 3060 3065 3071 3080 3074 3100 3080 3094 3111 3107 3115 3099 3092 3086 3093 3095 3084 3092 3096 3103 3091 3085 3085 3086 3087 3076
2994 3005 3010 3016 3005 3014 3018 3014 3009 3010 3001 3006 3000 3004 3011 3013 3002 3014 3011 3016 3003 3004 3005 3009 3023 3018 3010 3036 3035 3033 3044 3054 3058 3062 3069 3065 3064 3059 3066 3072 3058 3079 3071 3080 3086 3080 3082 3089 3097 3091 3106 3096 3099 3095 3093 3084 3095 3105 3094 3096 3079 3081 3102 3082
3006 3021 3009 3007 3014 3021 3020 3011 3013 3012 3001 3008 3010 2999 3004 3014 3020 2998 2992 3011 3005 3010 3012 3020 3021 3032 3027 3042 3053 3047 3058 3053 3075 3062 3066 3075 3060 3062 3065 3066 3078 3068 3074 3080 3085 3073 3087 3092 3087 3091 3101 3096 3093 3092 3091 3086 3101 3105 3090 3082 3090 3083 3093 3103
3004 3022 3026 3005 3012 3009 3032 3020 2992 2995 3026 3010 2997 3003 2989 3002 3005 3000 3006 3002 3001 3016 3020 3029 3034 3036 3034 3048 3050 3053 3072 3075 3068 3078 3081 3080 3071 3065 3068 3080 3071 3075 3071 3073 3064 3058 3078 3087 3082 3100 3089 3082 3100 3079 3088 3085 3085 3086 3083 3088 3076 3082 3077 3091
2992 3003 3000 3013 3006 3020 3045 3011 3013 3005 3014 3008 3004 2999 2995 2999 2994 3013 3013 3012 3007 3019 3044 3032 3046 3061 3056 3053 3049 3068 3055 3067 3078 3066 3077 3083 3071 3067 3055 3074 3067 3068 3066 3084 3074 3071 3071 3069 3088 3081 3082 3084 3082 3087 3083 3086 3092 3081 3068 3095 3085 3079 3079 3084
2993 3008 3005 3005 3023 3033 3033 3030 3007 2989 3001 3005 3014 2997 2999 2992 2991 3002 3008 3007 3020 3025 3029 3053 3054 3052 3059 3062 3063 3066 3052 3055 3072 3072 3064 3076 3075 3074 3080 3075 3073 3086 3080 3062 3067 3067 3059 3070 3082 3061 3080 3072 3087 3089 3086 3092 3088 3067 3070 3084 3074 3063 3074 3067
3021 3008 3005 3029 3020 3017 3014 3017 3001 3001 3010 2991 2993 3014 2999 3002 3011 3015 3008 3011 3011 3038 3037 3053 3071 3057 3071 3079 3072 3076 3074 3067 3076 3063 3059 3084 3069 3050 3065 3061 3075 3071 3080 3071 3058 3065 3068 3071 3072 3074 3076 3066 3076 3074 3083 3093 3077 3081 3091 3090 3090 3094 3078 3077
3026 3020 3013 3014 3016 3021 3013 3019 3016 3008 3007 3023 2996 3014 3018 3017 3011 3013 3013 3012 3048 3050 3055 3065 3060 3078 3071 3067 3075 3066 3081 3062 3072 3062 3071 3069 3068 3079 3088 3077 3072 3081 3076 3077 3064 3060 3058 3068 3080 3068 3064 3064 3062 3063 3075 3079 3084 3067 3075 3095 3089 3100 3101 3090
3010 3019 3022 3009 3018 3012 3019 3024 3021 3002 3008 3007 3012 3012 3015 3030 3022 3028 3010 3035 3048 3057 3059 3066 3076 3072 3076 3066 3062 3061 3077 3061 3072 3060 3064 3073 3065 3082 3086 3076 3087 3081 3076 3084 3064 3068 3067 3069 3071 3068 3075 3073 3077 3081 3067 3071 3081 3091 3077 3093 3075 3082 3079 3081
3005 3008 3010 3014 3001 3018 3023 3009 3011 3021 3010 3015 3016 3006 3026 3027 3028 3022 3027 3040 3052 3060 3065 3071 3075 3064 3081 3064 3067 3062 3066 3070 3068 3080 3076 3073 3066 3072 3078 3079 3084 3094 3069 3073 3068 3067 3064 3048 3072 3069 3069 3075 3083 3083 3078 3076 3072 3082 3072 3071 3059 3059 3067 3078
3010 3021 3021 3018 3024 3007 3013 3011 3014 3007 3012 3006 3018 3019 3026 3017 3023 3028 3033 3041 3043 3065 3056 3058 3087 3080 3051 3071 3063 3061 3077 3071 3067 3075 3076 3078 3067 3065 3070 3084 3079 3084 3085 3066 3080 3074 3075 3063 3067 3074 3071 3060 3058 3077 3077 3063 3070 3070 3071 3073 3075 3074 3069 3067
3027 3018 3017 3026 3022 3023 3012 3015 3008 3003 3018 3009 3004 3017 3023 3019 3021 3035 3047 3043 3062 3051 3059 3072 3086 3063 3065 3066 3073 3068 3072 3066 3063 3065 3081 3069 3054 3084 3082 3080 3085 3081 3082 3079 3086 3061 3064 3071 3069 3065 3050 3054 3061 3054 3070 3069 3073 3070 3063 3070 3084 3090 3064 3054
3019 3025 3003 3006 3020 3017 3002 3013 3007 3013 3015 3007 3013 3023 3019 3026 3027 3027 3044 3062 3057 3067 3066 3070 3075 3070 3061 3054 3064 3062 3058 3069 3066 3066 3096 3086 3061 3067 3072 3078 3080 3046 3062 3085 3076 3067 3074 3069 3062 3074 3069 3071 3066 3077 3067 3076 3075 3061 3060 3058 3071 3086 3065 3066
3016 3015 3016 3008 3026 3012 3017 3021 3023 3014 3023 3019 3013 3025 3022 3030 3024 3044 3048 3059 3082 3079 3066 3082 3071 3068 3049 3057 3066 3068 3069 3062 3057 3065 3068 3075 3065 3060 3066 3065 3071 3059 3062 3071 3073 3080 3073 3060 3070 3062 3073 3078 3084 3077 3078 3085 3082 3069 3060 3064 3070 3082 3080 3072
