3067 3066 3067 3061 3047 3055 3060 3049 3056 3053 3049 3052 3045 3048 3027 3044 3036 3034 3040 3053 3027 3038 3053 3039 3039 3040 3055 3040 3030 3028 3034 3053 3040 3035 3033 3028 3026 3017 3023 3036 3012 3012 3006 3010 3007 3029 3006 3002 3006 3029 3008 3034 3022 3003 3006 3010 3002 2992 3005 3004 2983 3002 3015 3018
3055 3057 3061 3058 3051 3064 3052 3046 3051 3042 3052 3040 3029 3026 3036 3042 3033 3041 3048 3037 3025 3038 3030 3034 3054 3048 3047 3035 3039 3030 3036 3028 3025 3021 3036 3018 3025 3018 3034 3035 3031 3008 3004 3018 3008 3014 3000 3005 3004 3017 3025 3025 3010 3022 3011 3000 3002 2993 3005 3002 2998 3003 2999 3002
3041 3046 3038 3038 3047 3046 3048 3046 3056 3053 3039 3032 3037 3024 3034 3046 3032 3036 3023 3023 3042 3030 3048 3054 3052 3049 3036 3024 3028 3028 3028 3019 3003 3001 3019 3011 3016 3030 3033 3025 3026 3009 3005 3022 3017 2999 3019 3014 3016 3007 3008 3008 3026 3035 3018 3021 3008 3025 3008 3003 3002 3002 2989 2999
3058 3051 3031 3049 3041 3054 3045 3045 3045 3041 3040 3042 3033 3025 3019 3022 3031 3040 3035 3038 3043 3035 3048 3037 3045 3038 3028 3019 3018 3020 3013 3019 3015 3013 3021 3021 3031 3025 3014 3013 3005 3017 3016 3015 3009 3019 3027 3019 3023 3011 2999 3016 3019 3014 3004 3010 3009 3024 2996 3011 3002 3002 2996 2995
3037 3048 3051 3048 3041 3051 3053 3047 3036 3037 3036 3045 3017 3027 3024 3030 3029 3033 3032 3046 3045 3041 3031 3038 3026 3020 3025 3024 3011 3022 2996 3014 3027 3004 3012 3006 3029 3018 3013 3026 3018 3019 3021 3010 3024 3023 3018 3022 3019 3028 3013 3017 3015 3014 3023 3008 3018 3022 3005 3007 3003 3014 3018 3009
3041 3041 3039 3045 3040 3030 3043 3031 3026 3037 3047 3030 3030 3028 3014 3028 3030 3028 3037 3023 3024 3023 3040 3030 3018 3019 3028 3008 3010 3021 3016 3015 3009 3011 3019 3017 3017 3001 3010 3007 3026 3013 3003 3008 3012 3011 3017 3016 3014 3013 3017 3008 3014 3010 3009 3001 3007 2996 3006 3002 3007 3013 3009 3006
3034 3026 3055 3029 3039 3018 3036 3032 3031 3030 3029 3028 3039 3016 3029 3020 3030 3026 3050 3026 3017 3023 3018 3025 3018 3018 3021 3016 3006 2987 3010 3015 3007 2999 3017 3016 3011 3014 2994 3016 3007 3003 3001 2991 2996 3002 3003 3000 2998 3019 3005 3002 3014 3015 3008 2996 3007 2994 3007 3007 2997 2993 3001 3009
3007 3011 3021 3013 3006 3004 2996 3008 3008 2994 3002 3001 3005 3006 3019 3012 3014 3008 3009 3013 3004 2990 3000 3010 3005 3008 3007 3011 3009 3001 3010 2999 3001 3001 3009 3010 3007 3001 2999 2997 3000 2994 3018 2997 3002 3006 2995 3000 2985 3005 3003 2997 3000 2987 2997 2998 2989 2984 3000 2984 3001 2998 2982 3015
2993 2992 2986 2965 2973 2969 2988 2986 3004 2990 2973 2985 2976 2993 2987 2978 2995 2991 2998 2997 2980 2988 2976 2991 2994 2997 3004 2999 3003 2990 2996 3003 2986 2996 3008 3008 2992 2976 2976 2982 3007 3011 2994 3002 2989 2987 2998 2985 3003 2999 2989 2994 2989 3001 2988 2997 2982 2987 2984 3000 2997 2992 3010 3008
2980 2994 2982 2978 2982 2982 2978 2985 2993 2967 2974 2978 2991 2982 2977 2991 2988 2995 2978 2993 2998 2994 2991 2993 2986 2997 2989 3002 2996 3000 3004 3007 2996 2997 2999 3005 3000 2996 2986 2993 2991 3010 3000 2996 2997 3000 2997 2992 2997 2992 2991 3003 2992 2989 2987 2996 2997 2991 2989 2997 2996 2995 3009 3012
2982 2970 2982 2988 2989 2987 2995 2978 2990 2970 2978 2985 2989 2989 2989 2982 2993 3003 3001 2992 3000 2990 2995 3003 2987 2993 2988 2997 3003 3003 3004 3004 3003 2999 2993 2990 3005 2995 2989 2987 3004 2999 3003 3002 3009 3018 3007 2999 2990 3004 2998 3013 3005 3001 2991 2993 2989 2993 2995 2991 3009 3012 3006 3010
2998 2988 2988 2988 2983 2985 2992 2986 3002 2983 2983 2989 2993 2983 2978 2986 2996 2982 2998 3001 2997 2991 2991 2998 3011 2987 2990 2997 2981 2985 2998 2990 2998 3005 2986 2994 2999 3005 2993 2993 2992 2999 3001 3001 3005 2998 2995 3009 2988 2987 2995 2997 3002 3005 3000 2999 3007 2996 3006 2999 3009 3010 3013 3006
2985 2992 2990 2994 2978 2966 2986 2988 2991 2982 2989 2981 2989 2995 2987 2987 3001 2999 2999 2985 2992 2974 2995 2976 2993 2993 2999 2986 2981 2991 2991 2980 3002 2995 2994 2994 3018 3008 3000 2992 2999 2995 2999 2991 3006 3007 3000 3008 3004 2998 3004 2994 2998 2995 3004 3015 3008 3013 2992 3008 3001 2996 2998 2993
2981 2979 2984 2989 2984 2989 2974 2981 2980 2998 2996 3003 3003 2994 2986 2990 2999 3001 2998 2995 2984 2995 2997 3000 3007 3000 2993 2992 2980 2974 2989 2986 2992 2986 3002 3001 3016 3018 3001 3003 2993 2996 3010 2999 2994 2991 2996 2998 2998 2992 2990 3006 3013 2993 2997 3005 3008 3007 2994 3004 2992 2991 2995 3010
3011 2993 2977 2978 2986 2982 2973 2991 3006 2988 2993 2998 2990 2997 2984 2982 2987 2984 2983 3005 2990 2982 2989 2970 2994 3001 2999 3003 2984 2996 3003 2985 2998 3000 2990 2997 2995 3007 3000 2998 2993 2994 3002 3006 3009 3001 3003 2993 2984 2987 3007 3004 2998 2995 3001 2999 2995 3009 3003 3006 2986 2987 2995 3019
3006 3002 2990 2988 2980 2997 2992 2986 2987 2996 3005 2994 3008 3003 3003 2982 2984 2998 2995 2999 2989 3002 2988 2998 2988 3001 3001 2999 2986 2984 2989 3003 2991 3006 2991 2998 2994 2993 2996 2985 2986 2996 2997 3000 2992 3002 2995 2979 2981 3001 3003 3004 2995 2997 2990 2995 3004 3003 3001 3002 3003 2991 2999 3013
3012 2997 3009 3003 2992 2993 2987 2996 3007 3002 2992 3011 2991 3008 2995 2989 2992 2992 2996 3004 2993 2992 2996 2990 2990 2992 3005 2997 3003 2988 2981 2992 3000 2999 3004 2983 2996 2992 2994 2992 2991 2994 3010 3007 2999 3005 3004 3002 2980 2992 3007 2995 2995 2987 2992 2994 2993 2991 3001 3004 2998 2996 3013 2994
3000 3016 3005 2991 2989 3002 2992 2996 3004 3001 3012 2990 3003 2992 2997 3001 2991 2990 2993 2992 2996 2997 2999 2987 3001 2999 2998 2995 2997 3000 2985 2998 3006 2998 2997 3007 2990 2998 2998 2994 3003 3015 3008 3008 3006 2999 2993 2996 3003 3009 2998 2987 3012 3002 3004 2996 3002 3004 3012 3002 2994 3005 3000 3000
3005 3003 2988 2995 2991 2986 2999 3004 2992 3001 3002 2989 2997 2996 3004 3006 2999 2991 2998 3004 2997 3001 2995 2991 2987 2988 2996 3005 2994 2993 3000 2987 3003 2992 3009 2999 2993 2983 2999 2987 2983 2998 3003 3009 3002 2993 3000 3004 3003 2986 2986 2989 2987 3011 3019 3006 3010 3015 3004 2999 3006 3012 3012 3014
3007 2997 2991 3000 2982 3001 3003 2983 2998 3004 3008 3004 3002 2999 2996 2996 3003 2991 3002 2995 3000 2997 2997 2983 2998 2984 2998 2998 3001 2994 2988 3001 2993 2998 3009 2992 3006 2991 2986 2988 2995 2999 3002 3009 3003 2998 2993 2994 3000 3000 2984 2991 2994 3012 3006 3011 3011 3004 3008 2994 3012 3012 3017 3006
3000 2991 2978 2984 2984 2995 3010 3002 2987 3003 3019 3012 2997 3001 2987 3002 3000 2994 2993 2989 2992 2987 2994 3000 3001 2980 2990 2995 2984 2988 3000 2994 2994 2995 3001 2994 2993 3004 2996 2989 2994 2988 2988 2992 2998 2998 2991 2989 3006 3004 3004 2993 2994 2993 2995 3008 3005 3006 3016 3012 3016 3019 3014 3007
2997 3000 3004 2996 2985 2995 2997 2996 3010 2993 3012 3003 2991 3014 2997 2995 3007 3005 3009 3009 3009 2990 2993 2991 2986 2983 2993 3000 2995 2989 2999 2989 3000 2998 3000 2985 2995 2993 2992 2984 2983 2990 3006 3005 3002 2998 2985 2999 3015 3000 3005 3006 2994 2996 3003 2996 3006 3005 3011 3020 3020 3011 3012 3018
3007 3003 3005 2988 3001 2997 3002 2994 3002 3009 2994 2999 3001 3002 2995 2985 2996 2997 3015 3007 2988 2995 2989 2999 2982 2985 2993 3002 2980 2989 3005 2993 3000 2999 2994 2993 2993 2992 2984 2992 2987 2993 2987 3004 3000 3003 2994 2991 3006 2996 3014 3012 3008 3000 3004 2995 3010 2997 3015 3009 3026 3011 3026 3030
3009 3004 2998 3004 3002 2998 2997 3019 3010 3001 2986 3006 3005 3007 3000 2997 3008 3013 3005 3009 2999 3010 3001 2998 2989 2978 2999 3005 2983 2985 2990 2995 2995 3002 2982 2989 2998 2990 2993 2990 2995 2993 2991 2999 3010 3003 2995 2987 3003 3005 3005 3002 3014 3020 3008 2986 3009 3002 3008 3009 3025 3017 3020 3029
3008 3020 3014 3000 2989 3005 3004 3004 2993 3009 3004 3008 3006 3015 3014 3006 2999 2996 3009 2989 2991 3008 2997 3008 2997 3007 3009 2997 2997 2993 2992 2981 2998 2998 3006 3005 2987 2990 2989 2990 2990 2995 2995 2989 2999 2991 3002 3005 2996 3013 3006 3013 3020 3010 3024 3023 3014 3029 3032 3013 3016 3004 3009 3019
3009 3008 3010 3025 2995 2993 2994 3010 2993 2992 3007 3010 3003 3007 2996 3004 3006 3007 3005 3003 2998 2991 3005 2996 2988 2999 3002 2999 2992 2998 3002 2991 2993 2990 3002 3003 3006 3000 2997 2985 3005 3005 2998 2996 3004 2999 2997 3015 2995 3006 3001 3004 3006 3007 3016 3011 3013 3034 3024 3018 3011 3016 3008 3008
3001 3007 3011 2999 2999 2986 2994 2991 2992 3002 3004 2993 3000 2998 3007 3018 3013 3007 2998 3004 2998 3013 2999 2996 2995 2974 3002 3000 2980 2995 3012 3001 3003 2991 2991 3011 3011 2999 3001 3011 3006 3009 3004 2994 2992 2998 3000 2994 2988 3000 2996 2997 2995 3000 2993 3003 3013 3015 3028 3009 3003 2987 3000 3011
3000 2996 2999 2996 3013 2996 3001 2996 2990 2999 3002 2988 2995 3003 3014 3018 3011 3011 3004 2998 3013 2997 2992 2983 2986 2991 2995 2995 2992 2995 2985 2995 3002 3003 3009 2993 3011 3013 3014 3007 3005 2998 2999 2999 3007 2995 3002 2992 2993 2987 2999 2987 2991 2983 2992 2999 3010 3012 3012 3004 3022 3017 3004 2999
2991 3006 3011 3014 3013 3004 2997 3007 3009 3010 3011 3002 3013 3004 3006 3014 3004 2998 2991 2992 3006 2992 3002 2997 2993 2990 2991 2992 2978 2992 3005 3003 3012 2988 2994 2993 3003 3016 3001 3004 3007 2994 2996 2997 2999 2993 3000 3003 2988 2981 3002 2996 2998 3004 2998 2992 2999 3006 2985 2993 2994 3011 3009 3001
2985 3008 3009 3010 3016 3009 3007 3003 3015 3009 3020 2998 3010 3004 3006 3005 3002 2995 2984 2990 2997 3008 2992 3005 3004 3007 2995 2983 2991 2995 2996 2989 3000 2999 2988 2996 3007 3010 3000 2998 2994 3015 2996 2990 2998 3007 3005 2989 2991 2982 2992 3003 3002 2986 2995 2993 2998 3003 2992 2995 2999 3014 3014 2997
2987 3017 3004 3011 2986 3001 2991 2988 2992 3001 3025 3009 2994 3008 2996 3003 3013 3003 2994 2990 3003 2996 2992 2987 2993 3013 3007 2999 2999 2994 3010 3004 3000 2993 3000 3000 2997 2990 3000 2994 3008 3006 3011 2986 3000 3004 2997 2985 2981 2976 3002 3001 2994 2991 3012 3007 3000 3001 2996 2998 2997 3005 2999 3009
2980 3009 3010 3007 2990 2992 2999 2999 3000 3008 3022 3015 3005 3006 2994 2989 2999 3001 2995 2995 2999 3001 2988 2993 2995 3016 2985 3003 2979 2997 3004 2997 3004 2994 2997 3006 2985 3000 2998 3004 3003 3000 3003 3000 3009 3007 2997 3001 2995 2983 2992 2988 3002 2999 2983 2990 2999 2992 2985 2993 3008 3012 3003 3003
3002 3006 3004 3005 3011 3011 3001 3009 3012 2998 3011 3004 3013 3001 2997 2987 2992 2994 2998 3004 2998 2998 3005 2993 3001 2997 3002 2997 3002 3000 2994 3005 2996 2998 3011 3009 2990 3000 2991 3000 2987 3013 3002 3012 3001 2996 3010 3017 3009 2986 2981 2995 3002 2984 3001 3017 3005 3007 2998 2989 2999 3015 3017 3012
2996 2997 2995 3012 3010 3007 3002 3006 3005 3007 3009 3014 3019 3003 3003 2979 2987 2998 3004 2987 2997 3002 2989 2984 2992 3019 2996 2988 3002 2993 2999 2989 2988 3005 2998 3003 2998 2990 2991 3005 2999 3004 3005 2999 3005 2991 3000 3002 2988 2990 2998 2995 3008 3000 3002 3001 3000 3017 3001 2997 3009 3011 3017 3026
3004 2999 3000 3003 3002 3009 3016 2998 3005 3005 2997 3012 3010 3006 2987 3000 2995 2998 3006 2997 2993 2998 2998 2987 2989 2998 2998 3007 2991 3001 3003 2993 2992 2999 3008 2991 2993 2990 2999 2994 3001 3017 3001 2984 3020 3010 2994 3008 2997 3006 3005 2999 3007 2990 2995 3005 3005 3020 2998 3001 3003 3008 3005 3015
3009 3009 2998 3003 2998 3013 3003 3006 2997 3006 3000 2996 2994 3003 2999 2990 2993 2981 3004 3002 2994 2995 2995 2995 2998 2998 2995 2999 2996 3001 2990 2998 3006 2989 2998 2986 2986 2989 2992 3001 3012 3006 3002 2990 3008 3015 3002 3008 3007 3002 3002 2995 3002 3006 3003 3001 2999 2994 3004 3004 3008 3008 3003 3007
3015 3004 2996 2989 3012 3006 3010 2998 2996 3002 3009 3000 3012 2997 3004 3003 2993 2993 3010 3013 2995 2999 2995 3008 2990 2992 3004 3000 2999 3021 3000 2994 3014 3012 2998 3001 2992 2994 2991 3009 2997 2997 3001 3004 3007 3014 3003 2998 2999 3004 2984 2998 2987 2989 2980 2993 2986 3008 3003 2999 3009 3008 2995 3000
3004 3011 2989 3007 3004 3010 3009 2985 3002 2989 3003 3021 2995 3000 3004 2993 2995 3010 2994 2997 2990 2994 3006 3005 3000 2996 2993 3002 3003 3006 3004 3001 3018 3002 2999 3004 2995 3003 2991 2993 2988 2999 2999 2994 3005 2995 3011 2998 3003 3003 2993 3008 2995 2985 2994 2993 2989 2980 2991 3011 3007 3004 3001 2994
3017 3001 3003 3003 2988 3000 3017 3007 2993 3007 3016 3004 3007 2999 2997 2998 2999 2999 3004 3001 3006 3012 2999 3004 3008 3001 2992 2992 2997 2992 2997 2996 3002 2998 2999 2998 2981 2989 2998 2999 3002 3020 3005 3007 3002 3000 3003 3001 2992 2982 3010 3004 3008 3018 2998 2991 2993 2993 3002 2995 2989 2984 2999 3000
2995 2989 3003 2997 3008 3011 3004 3007 3013 3004 3001 3016 2996 2991 3010 2999 3012 2995 3013 3004 3022 3020 2995 3007 3002 3004 2986 2994 2989 2989 2976 2996 3003 3010 3004 2995 2991 2990 3000 3008 3006 3005 3010 3003 2996 2996 2997 3009 2994 2985 2997 3011 3014 3017 2987 2990 2984 2993 2987 2997 2988 2978 2994 3003
2991 3006 3005 3002 3000 3009 3013 3013 3012 3018 2990 2996 2993 3009 3005 2991 2994 2992 3001 3001 3012 3014 3008 3001 2999 2997 2995 3010 3000 2997 2993 2987 2993 3000 2999 2996 2985 2999 2995 2991 2992 2998 3003 2994 2989 2988 2996 3008 2985 2986 3003 3008 3013 3007 2998 2991 2995 2991 2984 3000 3008 2989 3003 3013
2980 2994 3014 3005 3019 3002 3014 3017 3003 2998 2991 3002 2997 2990 3015 2995 2994 2997 3000 2997 3007 3003 3001 2998 2993 2991 3009 3001 3002 2994 3001 2990 2996 2990 3012 3013 2986 2990 2997 3008 3005 2997 2995 3012 3009 2998 3003 2996 2997 2991 2995 2994 2998 2990 2998 2997 2986 2991 2996 2999 2996 3006 2998 3001
2990 2988 3020 3009 2998 3004 3014 3014 3000 3018 3017 3004 3021 3011 3002 2997 2989 2999 3002 2996 3008 2989 3003 2990 3011 2987 3006 3007 3009 3002 2985 2990 2993 3000 3003 3001 2999 2999 2980 3000 2996 2999 2993 2999 3008 2997 3011 2990 2994 2998 3002 3017 2993 3002 2997 3006 3010 3016 3000 2992 2992 2996 3014 2997
2990 2999 3010 3007 2999 3003 3003 2990 3012 3016 3015 3014 3023 3007 3014 2995 3004 2997 3008 2993 2984 2995 3006 2998 3000 2998 3007 3012 3005 3000 3000 2998 2996 3002 3005 3002 2999 2997 2997 3001 3003 2992 3001 2999 3000 3016 3019 3014 3007 3001 2999 3009 3001 3010 3012 3005 3007 3006 2991 2993 2993 2993 2988 3002
3008 3002 3011 2998 2994 2994 2995 3011 3014 3023 3013 3010 3015 3012 3022 3007 3004 3012 3003 3001 2986 2990 2979 3006 2999 3004 3000 3011 3002 2988 2992 2995 3000 3003 2996 3006 2994 2996 3008 3001 3001 3001 3003 3003 3011 2996 3005 3010 2996 3013 2998 3001 3000 3004 3005 3001 3004 3007 3010 3000 3003 2999 2996 3000
3007 2998 3000 2993 3004 3008 3023 3014 3015 3003 3015 2994 3014 3013 3010 3018 3013 3021 2999 3006 3005 2985 2994 3003 2999 3010 3006 2997 2993 2984 2994 2993 3006 3005 2998 3005 2994 3005 2998 2999 3018 3011 3004 3001 2998 3003 3004 2994 3008 3005 3000 3000 3006 3002 3010 3008 3007 2996 3000 3011 2999 3010 3001 2997
3018 2995 3005 3003 3006 3006 3006 3010 3005 3014 2998 3000 2995 3006 3016 3000 3010 3017 3015 3001 2996 2988 3021 3003 2996 2991 3003 3002 3001 3002 2991 2982 2992 2998 3013 3004 3005 3011 3001 2999 3009 2995 2994 3005 3014 3015 3009 3001 3008 2999 3006 3013 3008 3009 3019 3010 3004 3008 3011 3004 2997 2993 3007 3010
3002 2995 2992 3007 3019 3004 3010 2999 3013 3011 3011 2999 2987 3006 3004 2982 3000 2998 3006 3011 3004 3005 3009 3015 3000 2995 3001 3007 3022 3004 3005 2991 2996 3013 3004 3010 3007 2995 2998 2999 3014 3004 2995 3016 3014 3010 3004 3013 3011 3007 3012 3010 3015 3019 3008 2999 3011 2998 2999 3000 3002 3015 3007 3001
3007 2993 3006 3013 3012 3015 3019 3008 3012 3007 2983 3001 3009 2995 2988 2999 2992 2999 3001 2995 3005 2996 2997 3007 3011 3011 2995 3005 3008 3005 3009 3003 3007 3013 3014 3025 3018 3013 3006 3006 3015 3000 3012 2997 3006 3000 3011 3018 3015 3021 3007 3012 3010 3010 3010 3002 3012 3006 2990 2996 2995 3002 2999 2999
3010 3006 2998 3009 3013 3021 3016 3008 3006 2993 3000 2998 3003 3004 3003 2996 2990 2996 2997 2999 2996 3000 2981 3001 3020 3015 3007 3016 3008 3009 3013 3007 3018 3015 3005 3017 3017 3011 3015 3015 3018 3007 3017 3011 3008 3010 2998 3014 3004 3008 3010 3002 3013 3012 3002 3007 3023 3005 3012 3006 2998 2986 2999 2985
2991 2991 2998 3009 3014 3005 3011 3003 2990 2987 3013 3002 2999 2997 2999 2991 2990 3001 3002 3005 3000 3009 2999 2991 3017 3009 3009 3013 2997 3004 3016 3013 3009 3012 3012 3020 3007 3022 2999 2995 3027 2992 3001 3002 3002 3016 3015 3004 3004 3014 3017 3001 3012 3015 3007 3001 3006 3001 2999 3003 3008 3006 2997 2988
3001 3002 3002 3005 3012 3004 3010 2995 3010 2997 2993 3007 2998 2999 3006 3012 2996 3002 3010 3006 3002 3017 3000 2995 2996 3012 3011 2991 3003 3007 3007 3024 3004 3011 3015 3013 2999 3003 2994 3009 2998 3012 2999 2999 3012 3016 3011 2998 3000 2995 3011 3004 2998 3012 3018 3005 3003 2998 2997 3018 3018 3005 3001 2992
3000 2989 3003 3003 3000 3006 2991 3001 2991 2997 2998 3009 3000 3008 2994 3004 3003 3006 3013 3009 2993 2997 2997 2996 3009 3001 3009 3003 2987 2999 3002 3007 3003 2996 2984 2985 3001 2996 3003 3005 3007 3016 3004 3009 2992 2995 3010 3010 3015 3011 3012 3019 3001 3007 2997 2991 3000 2994 3000 3001 3000 3005 2996 2990
2992 2997 3000 3000 2998 2995 3000 2990 2997 3009 3003 3006 3002 3009 3002 3020 2997 2995 2994 3006 2997 3004 3000 2994 3000 3003 3000 2999 2990 3006 2985 2986 2987 2993 2993 2993 3008 2998 2997 3012 3008 3007 3005 2997 2992 2997 3007 3004 3020 3007 3017 3000 3001 2983 2992 2979 2982 3000 2994 3005 2993 3008 2989 3004
2999 3002 2997 3000 3002 3009 3024 3013 3018 2995 3006 3008 2988 3010 3002 3009 3015 2985 3010 3011 2996 3005 3007 3007 3009 3016 2995 3008 2999 2993 3007 3002 2995 2997 2999 2999 3008 3002 2996 2996 3002 3008 3003 3013 2998 2998 3000 3000 2998 3011 2992 3004 3008 3010 2993 3001 2993 3003 2988 2990 2998 3002 3002 2999
3010 2999 2998 2999 3011 3001 3027 3021 3012 2986 3009 2998 2997 3004 3003 3011 3004 3017 3016 2997 2986 3002 3000 3008 3000 3002 3015 2998 3009 3003 2998 3001 2992 3004 3008 2995 3005 2999 3005 3002 3015 2986 3010 3015 3013 3007 3005 3000 2998 3003 3006 3005 3005 3011 3006 2990 2987 2996 2990 2989 2991 3012 2995 3002
3016 3018 2996 3014 3006 3019 3017 3021 3023 3018 3016 3009 3006 3007 3012 3021 3013 3004 3024 3010 3006 2989 2996 3003 3001 3007 3011 3005 3005 2995 2992 3005 3001 3004 3000 2997 3005 3001 2992 3005 3000 3002 3010 3000 3009 3024 3013 3011 3007 3004 3009 3007 3010 3018 3003 3020 3011 3006 3009 3003 2991 2992 3001 3004
3015 3012 3013 3034 3012 3014 3006 3010 3011 3009 3002 3013 2995 2993 3005 3013 3014 3016 3026 2993 3011 2998 3011 3008 2998 3007 3000 3005 3006 2992 3000 2996 3004 3011 3002 2994 2993 3006 2993 3005 3005 3013 3009 2997 3007 3017 3012 3005 3024 3003 3008 3013 3020 3019 3013 3009 3018 3021 3008 3001 3006 3007 3017 3014
3026 3028 3024 3012 3007 3021 2999 3017 3015 3038 3008 3015 3009 3005 3009 3015 3004 3019 3016 3022 3002 3016 3015 3002 2998 3006 3006 3005 2995 3003 3014 3003 3011 3008 3013 3011 3000 3008 3004 3005 3009 3012 3005 3003 3013 3015 3002 3016 3007 3010 3016 3023 3008 2999 3002 3005 3013 3017 3002 2995 2995 2989 3004 3006
2991 3010 3021 3020 3013 3007 3011 3015 3026 3031 3019 3006 3009 3007 3012 3004 3022 3027 3029 3021 3019 3013 3018 3007 3012 3008 3005 3001 2991 2996 3001 3004 2999 3005 3017 3012 3002 2997 3003 3010 3006 3009 3013 3021 3023 3015 3019 3013 3018 3006 3008 3002 3003 2982 2999 2990 3000 3028 2991 2986 2983 2991 2973 2984
3001 3010 3007 3011 2996 2994 3008 3010 3021 3016 3015 3002 3005 3001 3003 3019 3009 3016 3028 3023 3029 3022 3013 3007 3001 3001 2999 2989 2995 3001 3013 3019 3007 3001 3015 3013 3022 2991 3010 3016 3010 3006 3015 3015 3016 3008 3027 3009 3014 3013 3012 2992 3000 2993 2986 3011 3001 2998 3007 2998 2996 2973 2990 2990
2996 3001 3011 3017 3003 3010 3015 3015 3021 3014 3012 2997 3011 3000 3013 3022 3004 3023 3034 3031 3023 3026 3002 3012 3006 3002 3000 3004 3012 3011 3007 3008 3002 3011 2986 3001 3009 3003 3005 2995 3013 3021 3007 3021 3016 3011 3020 3010 3007 3021 2996 2999 3004 2997 3003 3013 2991 2992 3002 3016 3018 2988 2986 3012
3016 3010 3011 3010 2988 2999 3020 3020 3030 3026 3008 3011 2994 2997 2997 3011 3010 3014 3039 3039 3024 3013 3014 3001 2998 2998 2993 2999 3008 3009 3006 3022 3009 3015 2988 3002 2999 2998 3017 3020 3004 3008 3007 3016 3008 3017 3014 3007 3015 3001 2991 3006 3005 3006 3008 3017 2994 2999 3000 3027 3008 2995 2997 2995
3017 3022 2998 2998 2989 3004 3024 3019 3019 3019 3019 2990 2995 2998 3011 3020 3008 3021 3022 3026 3037 3020 3030 3010 3007 3002 3002 2993 3001 3013 3018 3021 3010 3019 2995 2995 3020 3001 3011 3009 3016 3021 3005 3003 3012 3010 2997 3016 2998 2973 3005 3010 3010 3001 3001 2997 3007 3007 3010 3016 3002 3014 2994 2990
