3065 3057 3049 3044 3039 3033 3028 3028 3030 3031 3033 3031 3028 3037 3049 3039 3022 3019 3021 3018 3013 3010 3008 3008 3010 3010 3009 3010 3011 3008 3002 3002 3008 3008 3002 3003 3015 3016 3003 2996 2998 3001 3004 3006 3005 3004 3004 3003 2999 2998 3005 3009 3001 2993 2985 2980 2988 2995 2991 2988 2994 2999 2994 2989
3060 3054 3049 3045 3041 3034 3028 3028 3028 3029 3030 3029 3028 3031 3035 3029 3021 3020 3022 3020 3015 3012 3009 3007 3005 3005 3007 3009 3012 3011 3008 3006 3007 3004 2998 2998 3008 3011 3006 3002 3001 3000 3000 3001 3004 3005 3002 2999 2999 2999 2999 2999 2995 2992 2990 2988 2992 2996 2999 3001 3000 2998 2995 2992
3054 3052 3049 3046 3042 3036 3029 3027 3026 3027 3027 3028 3029 3025 3021 3020 3020 3022 3024 3022 3017 3014 3011 3006 3000 3001 3004 3009 3013 3014 3013 3011 3006 3001 2994 2993 3000 3005 3008 3008 3003 2999 2996 2997 3004 3007 3000 2995 2998 3000 2994 2989 2990 2991 2994 2997 2997 2998 3006 3014 3006 2998 2996 2995
3047 3043 3039 3037 3035 3030 3025 3029 3034 3031 3027 3027 3028 3024 3018 3017 3016 3019 3024 3022 3016 3014 3013 3010 3005 3005 3009 3011 3013 3014 3013 3011 3009 3004 2999 2997 3001 3004 3007 3008 3009 3007 3000 2996 2998 2998 2995 2993 2997 3000 2998 2996 2998 2999 2996 2994 2999 3004 3005 3005 3000 2995 2996 2997
3039 3034 3028 3028 3027 3025 3022 3032 3043 3036 3027 3026 3027 3022 3016 3014 3012 3017 3025 3021 3014 3013 3016 3014 3010 3010 3013 3014 3013 3013 3012 3011 3011 3008 3003 3001 3002 3003 3005 3009 3015 3015 3004 2995 2992 2990 2990 2991 2996 3000 3002 3003 3006 3007 2997 2991 3002 3011 3003 2996 2994 2992 2996 2999
3039 3033 3027 3030 3033 3029 3024 3030 3036 3029 3021 3021 3023 3020 3016 3013 3011 3015 3022 3018 3011 3011 3015 3013 3007 3008 3015 3013 3007 3004 3003 3003 3003 3003 3002 3001 3002 3003 3004 3005 3008 3009 3004 3002 3003 3003 2997 2994 2996 2999 3003 3006 3006 3005 2997 2991 3000 3006 3001 2997 2994 2992 2995 2998
3038 3032 3026 3032 3039 3034 3027 3027 3028 3022 3015 3016 3019 3018 3015 3013 3011 3014 3019 3015 3008 3009 3015 3011 3003 3006 3016 3012 3000 2994 2994 2994 2995 2997 3000 3001 3002 3003 3002 3002 3001 3001 3004 3009 3016 3017 3005 2997 2996 2998 3004 3009 3006 3002 2997 2992 2997 3001 3000 2999 2995 2992 2994 2996
3010 3003 2996 2998 2999 2999 2998 2996 2995 2994 2992 2997 3002 3001 2998 2999 3001 3002 3002 2997 2991 2992 2996 2994 2988 2991 2998 2997 2991 2988 2988 2987 2986 2986 2987 2990 2993 2994 2992 2990 2991 2993 2996 3000 3005 3006 2998 2992 2992 2993 2999 3003 3001 2998 2992 2988 2996 3002 2997 2993 2992 2991 2991 2991
2980 2972 2964 2959 2955 2960 2965 2963 2960 2963 2967 2976 2984 2983 2979 2983 2991 2989 2983 2978 2974 2973 2975 2975 2973 2974 2978 2980 2981 2982 2982 2981 2977 2975 2974 2977 2983 2985 2980 2978 2981 2984 2987 2990 2991 2991 2989 2987 2987 2989 2993 2997 2995 2993 2987 2983 2994 3003 2994 2986 2988 2990 2987 2985
2967 2965 2962 2963 2963 2964 2966 2964 2961 2963 2967 2971 2975 2975 2974 2980 2989 2987 2981 2978 2977 2978 2981 2980 2977 2977 2980 2981 2982 2982 2981 2980 2980 2979 2978 2979 2984 2984 2979 2977 2982 2985 2984 2984 2985 2986 2987 2988 2988 2989 2992 2995 2997 2998 2993 2989 2994 2998 2993 2989 2991 2992 2990 2988
2956 2961 2966 2972 2978 2976 2972 2970 2967 2968 2969 2968 2967 2968 2971 2978 2988 2986 2981 2981 2983 2986 2990 2989 2985 2983 2984 2984 2985 2983 2981 2981 2984 2985 2984 2984 2986 2985 2979 2978 2984 2987 2983 2980 2981 2983 2987 2990 2990 2990 2991 2994 3000 3004 3001 2997 2994 2991 2992 2993 2994 2995 2994 2992
2959 2963 2967 2973 2979 2978 2976 2974 2973 2973 2974 2975 2974 2975 2976 2979 2984 2985 2984 2984 2984 2985 2988 2986 2982 2984 2990 2990 2986 2983 2981 2982 2986 2988 2987 2987 2988 2988 2984 2984 2987 2988 2987 2986 2983 2982 2988 2992 2993 2993 2991 2990 2996 3001 2998 2995 2992 2989 2989 2990 2991 2993 2994 2994
2966 2966 2967 2972 2978 2978 2978 2978 2978 2979 2980 2982 2985 2984 2982 2980 2979 2983 2989 2987 2983 2983 2984 2982 2978 2984 2997 2997 2987 2982 2981 2982 2987 2989 2989 2990 2990 2991 2991 2991 2989 2989 2993 2993 2985 2982 2989 2994 2996 2996 2990 2986 2991 2995 2993 2991 2989 2988 2986 2984 2987 2990 2993 2996
2973 2973 2973 2975 2977 2976 2975 2975 2976 2981 2986 2986 2986 2985 2983 2983 2983 2985 2988 2986 2982 2981 2981 2981 2981 2986 2995 2995 2989 2985 2983 2984 2986 2988 2991 2994 2995 2996 2995 2993 2989 2989 2995 2996 2987 2982 2988 2993 2995 2995 2992 2990 2995 2998 2994 2991 2994 2996 2991 2987 2988 2989 2992 2995
2979 2980 2981 2979 2976 2973 2970 2971 2973 2982 2992 2989 2984 2983 2982 2985 2989 2988 2985 2983 2981 2979 2978 2981 2986 2990 2992 2992 2991 2989 2987 2985 2985 2987 2993 2998 3001 3002 2997 2993 2989 2989 2996 2998 2987 2982 2987 2992 2993 2994 2995 2997 3002 3004 2998 2993 3000 3006 2999 2993 2991 2989 2991 2993
2987 2988 2989 2987 2984 2981 2978 2980 2981 2987 2993 2989 2983 2985 2988 2991 2993 2991 2988 2986 2984 2982 2980 2980 2981 2984 2989 2991 2991 2990 2988 2986 2984 2985 2988 2993 2999 3000 2994 2989 2987 2989 2998 3002 2992 2986 2989 2991 2992 2992 2994 2996 2998 3000 2998 2996 2997 2997 2993 2988 2990 2991 2991 2990
2995 2996 2998 2996 2994 2992 2991 2992 2994 2994 2993 2988 2981 2987 2996 2998 2997 2995 2992 2991 2989 2987 2983 2979 2973 2977 2987 2991 2990 2989 2988 2987 2984 2983 2982 2985 2994 2996 2988 2984 2984 2988 3000 3005 2997 2991 2992 2992 2991 2991 2991 2992 2992 2993 2998 3000 2992 2984 2982 2981 2987 2993 2990 2987
2998 2997 2997 3000 3003 2998 2993 2995 2998 2997 2994 2990 2984 2987 2992 2995 2996 2996 2995 2992 2989 2987 2984 2982 2980 2983 2989 2991 2989 2988 2989 2990 2990 2988 2984 2986 2995 2998 2990 2987 2989 2993 2999 3002 2997 2993 2993 2992 2989 2987 2989 2991 2993 2996 2999 3000 2993 2986 2988 2989 2990 2991 2993 2994
2999 2996 2993 3003 3013 3003 2992 2995 3001 2999 2996 2993 2990 2986 2983 2988 2995 2996 2996 2992 2988 2986 2984 2987 2993 2994 2994 2991 2987 2987 2991 2994 2997 2996 2990 2991 2999 3001 2995 2993 2997 3000 2998 2996 2995 2994 2994 2993 2987 2983 2987 2991 2998 3003 3000 2998 2996 2994 2999 3002 2995 2987 2997 3006
3001 2998 2995 3004 3013 3005 2995 2998 3002 2999 2996 2995 2994 2988 2982 2987 2996 2998 2998 2992 2985 2985 2987 2991 2996 2997 2995 2992 2988 2988 2991 2994 2998 2998 2994 2995 3001 3003 2998 2997 3001 3002 2997 2994 2994 2995 2994 2993 2990 2989 2990 2992 2999 3004 3002 3000 3000 3000 3004 3007 2998 2990 2997 3005
3004 3001 2998 3004 3011 3006 3001 3001 3002 2999 2996 2996 2997 2991 2983 2989 2998 3000 3000 2992 2982 2984 2991 2995 2997 2996 2995 2993 2990 2990 2991 2993 2996 2998 2997 2999 3003 3004 3000 2999 3002 3002 2997 2994 2995 2995 2994 2993 2996 2998 2995 2994 2999 3004 3003 3002 3004 3005 3008 3009 3002 2994 2997 2999
3010 3006 3002 3007 3013 3010 3007 3007 3008 3005 3001 3000 3000 2998 2996 2999 3005 3006 3006 3000 2993 2994 2999 3002 3004 3004 3003 3000 2996 2996 2998 3001 3003 3004 3004 3005 3006 3006 3005 3005 3009 3010 3005 3002 3003 3003 3002 3002 3007 3009 3005 3002 3006 3010 3009 3008 3010 3011 3010 3010 3005 3000 2999 2999
3017 3012 3007 3012 3017 3015 3013 3015 3017 3013 3007 3005 3004 3008 3013 3015 3015 3015 3014 3013 3011 3009 3007 3010 3014 3016 3015 3011 3004 3004 3010 3013 3014 3014 3013 3012 3010 3010 3011 3014 3019 3021 3016 3012 3013 3014 3015 3016 3019 3021 3016 3013 3016 3018 3016 3015 3016 3017 3013 3010 3007 3005 3003 3002
3020 3014 3009 3011 3013 3012 3010 3012 3016 3013 3009 3008 3008 3010 3013 3013 3011 3010 3010 3011 3013 3010 3004 3006 3013 3016 3016 3013 3008 3008 3011 3015 3020 3021 3018 3016 3015 3014 3014 3016 3022 3023 3018 3014 3013 3013 3015 3017 3018 3018 3016 3016 3017 3019 3017 3016 3015 3014 3011 3007 3007 3007 3009 3010
3019 3014 3009 3007 3005 3003 3001 3004 3008 3008 3009 3010 3011 3008 3004 3001 2999 2998 2998 3002 3007 3003 2994 2996 3005 3009 3012 3011 3010 3008 3008 3012 3022 3025 3021 3020 3021 3020 3017 3016 3020 3020 3014 3009 3006 3005 3010 3012 3008 3007 3010 3013 3014 3015 3015 3015 3011 3007 3005 3003 3005 3007 3014 3021
3011 3009 3007 3003 2999 2998 2997 2999 3002 3002 3002 3004 3008 3003 2995 2993 2994 2993 2991 2995 3002 2999 2992 2994 3001 3005 3008 3010 3012 3011 3010 3015 3026 3030 3027 3026 3028 3027 3020 3016 3018 3018 3014 3011 3007 3005 3006 3006 3003 3002 3006 3010 3009 3009 3008 3007 3005 3003 3001 2999 3003 3006 3011 3016
2998 3000 3003 2999 2994 2994 2995 2996 2997 2994 2990 2994 3001 2995 2986 2987 2992 2991 2988 2991 2997 2996 2994 2995 2999 3003 3006 3010 3014 3016 3017 3022 3032 3036 3034 3035 3037 3034 3024 3017 3016 3016 3016 3016 3012 3008 3003 2999 3000 3001 3003 3005 3003 3000 2997 2995 2998 3000 2998 2996 3000 3004 3003 3002
2993 2997 3002 2999 2996 2994 2991 2992 2994 2990 2987 2990 2996 2992 2987 2989 2994 2992 2988 2990 2994 2995 2996 2998 3001 3004 3007 3011 3015 3018 3021 3027 3036 3042 3044 3044 3043 3039 3030 3023 3020 3019 3020 3020 3016 3011 3005 2999 3000 3000 3001 3001 2999 2996 2994 2992 2996 2999 2995 2991 2997 3003 2999 2995
2994 2999 3005 3004 3002 2995 2987 2989 2992 2991 2990 2991 2992 2994 2995 2996 2998 2995 2990 2990 2992 2995 2998 3001 3005 3008 3010 3013 3016 3019 3023 3029 3039 3047 3055 3055 3047 3041 3037 3033 3028 3025 3026 3024 3019 3014 3009 3005 3002 2999 2997 2996 2996 2996 2994 2993 2996 2998 2992 2986 2994 3002 2997 2992
2993 2997 3000 3003 3005 2996 2986 2988 2991 2991 2990 2992 2994 2996 2998 2997 2995 2992 2989 2989 2991 2994 2997 3002 3007 3011 3013 3015 3018 3021 3027 3034 3043 3052 3061 3062 3051 3043 3038 3034 3031 3029 3029 3026 3020 3015 3013 3011 3007 3003 2996 2991 2992 2993 2994 2995 2996 2996 2991 2986 2993 2999 2994 2990
2992 2990 2989 2997 3006 2998 2988 2990 2993 2990 2987 2993 3000 2999 2997 2991 2986 2984 2985 2988 2991 2993 2994 3000 3008 3012 3015 3018 3020 3025 3032 3039 3047 3055 3065 3065 3055 3045 3035 3029 3031 3031 3030 3026 3019 3015 3017 3019 3016 3011 2997 2986 2987 2988 2992 2996 2994 2993 2991 2989 2992 2994 2991 2987
2992 2988 2984 2993 3003 2998 2991 2990 2991 2988 2985 2991 3000 2997 2992 2987 2982 2982 2984 2987 2990 2991 2991 2997 3007 3013 3016 3019 3024 3028 3031 3038 3048 3058 3068 3070 3060 3050 3040 3035 3037 3037 3032 3027 3021 3019 3025 3028 3023 3015 3000 2987 2987 2987 2992 2996 2992 2989 2990 2991 2991 2990 2989 2987
2995 2989 2983 2990 2998 2997 2995 2990 2985 2984 2984 2988 2993 2989 2983 2983 2984 2985 2985 2987 2989 2988 2986 2994 3006 3012 3014 3019 3028 3030 3025 3031 3045 3059 3073 3075 3064 3056 3053 3050 3049 3045 3035 3027 3026 3027 3035 3038 3027 3015 3003 2993 2992 2991 2993 2995 2990 2986 2989 2992 2990 2988 2988 2988
3003 2997 2992 2995 2998 3000 3002 2996 2989 2989 2990 2994 2998 2992 2985 2986 2990 2992 2992 2993 2994 2993 2991 2998 3009 3014 3014 3021 3031 3033 3027 3033 3051 3066 3078 3080 3070 3063 3062 3060 3058 3052 3038 3030 3032 3036 3043 3045 3033 3021 3011 3002 2999 2997 2999 2999 2994 2989 2992 2994 2991 2988 2990 2992
3017 3013 3009 3007 3005 3009 3013 3008 3003 3004 3005 3010 3015 3008 2999 2999 3001 3004 3006 3006 3005 3004 3004 3009 3017 3019 3018 3023 3033 3037 3036 3046 3065 3078 3084 3084 3076 3070 3066 3064 3063 3057 3043 3035 3040 3044 3047 3047 3041 3033 3024 3016 3009 3004 3008 3010 3004 2998 2998 2998 2995 2993 2995 2998
3019 3016 3013 3009 3004 3009 3013 3010 3005 3005 3006 3011 3016 3011 3003 3003 3006 3007 3007 3006 3005 3006 3008 3013 3019 3021 3021 3025 3032 3039 3046 3057 3073 3082 3085 3083 3077 3072 3069 3067 3068 3064 3049 3041 3046 3050 3052 3052 3047 3041 3032 3023 3013 3006 3008 3009 3005 3001 3000 2999 2998 2997 2999 3000
3004 3002 3000 2997 2993 2997 3001 2998 2993 2991 2990 2993 2998 2998 2996 2998 3002 2999 2994 2992 2992 2994 2999 3006 3015 3020 3023 3026 3029 3039 3055 3066 3073 3078 3080 3078 3072 3069 3068 3070 3075 3072 3057 3047 3050 3053 3057 3057 3050 3043 3033 3023 3011 3001 2997 2994 2996 2998 2998 2998 3000 3001 3000 2998
2992 2992 2993 2991 2989 2991 2993 2989 2985 2983 2981 2983 2986 2989 2992 2994 2997 2993 2986 2984 2984 2988 2994 3002 3011 3019 3025 3028 3031 3042 3061 3071 3073 3075 3077 3077 3072 3069 3069 3072 3079 3078 3063 3054 3055 3057 3061 3062 3054 3044 3031 3019 3009 2999 2992 2986 2992 2997 2996 2995 2999 3002 2998 2993
2982 2989 2995 2994 2992 2990 2988 2986 2985 2983 2982 2983 2984 2987 2990 2990 2991 2989 2987 2986 2985 2989 2995 3002 3009 3017 3024 3032 3040 3050 3063 3070 3071 3075 3080 3081 3077 3074 3071 3072 3079 3079 3069 3062 3062 3063 3066 3065 3056 3044 3025 3008 3005 3002 2994 2987 2994 3000 2995 2990 2994 2998 2992 2985
2977 2986 2995 2994 2993 2989 2985 2986 2987 2986 2985 2984 2984 2987 2990 2989 2987 2987 2987 2986 2984 2988 2993 3001 3009 3018 3027 3038 3050 3059 3065 3070 3072 3076 3082 3083 3081 3078 3075 3075 3080 3080 3073 3067 3066 3067 3070 3070 3059 3045 3022 3003 3004 3003 2995 2988 2995 3000 2994 2989 2993 2996 2991 2985
2981 2985 2989 2991 2992 2988 2985 2989 2995 2992 2988 2987 2987 2991 2995 2991 2986 2985 2987 2985 2982 2984 2989 2999 3010 3022 3034 3048 3063 3069 3069 3072 3077 3081 3083 3083 3081 3081 3082 3083 3083 3081 3074 3069 3068 3069 3074 3075 3062 3048 3026 3008 3005 3002 2994 2988 2993 2998 2995 2993 2995 2997 2998 2998
2983 2985 2987 2988 2990 2987 2984 2990 2998 2996 2993 2991 2990 2993 2996 2992 2985 2985 2987 2985 2981 2984 2989 2998 3010 3023 3038 3054 3070 3076 3073 3075 3080 3083 3083 3082 3081 3082 3086 3088 3085 3081 3076 3073 3071 3072 3077 3078 3064 3049 3029 3011 3007 3002 2996 2991 2994 2996 2996 2995 2996 2998 3002 3006
2982 2986 2991 2989 2986 2985 2983 2987 2991 2995 2999 2996 2992 2992 2992 2989 2986 2987 2989 2987 2985 2989 2996 3002 3006 3018 3035 3051 3068 3077 3079 3080 3080 3081 3083 3082 3078 3079 3085 3087 3084 3081 3081 3080 3078 3077 3078 3075 3063 3049 3029 3012 3009 3007 3002 2997 2998 2998 2994 2992 2995 2999 3002 3004
2985 2987 2990 2987 2983 2983 2984 2986 2988 2994 3000 2999 2996 2992 2988 2987 2986 2987 2989 2988 2986 2991 2999 3003 3003 3015 3034 3051 3066 3076 3081 3082 3080 3080 3082 3082 3079 3079 3085 3086 3081 3079 3083 3084 3083 3081 3078 3072 3060 3046 3027 3012 3011 3009 3005 3001 2999 2998 2995 2993 2996 2999 3001 3002
2996 2989 2982 2981 2980 2983 2987 2990 2993 2993 2992 2996 3002 2996 2988 2984 2981 2983 2987 2987 2985 2989 2994 2999 3003 3018 3041 3055 3064 3070 3074 3077 3078 3080 3081 3083 3084 3085 3085 3083 3077 3075 3080 3084 3085 3084 3078 3069 3053 3037 3023 3011 3011 3010 3003 2997 2996 2995 2999 3002 3000 2997 2998 2998
3000 2989 2977 2977 2977 2983 2989 2992 2995 2990 2984 2992 3003 2997 2988 2983 2978 2981 2986 2987 2986 2988 2991 2995 3000 3016 3041 3055 3060 3065 3069 3073 3076 3078 3079 3082 3086 3087 3083 3079 3073 3071 3077 3082 3083 3083 3076 3066 3046 3029 3019 3011 3010 3008 3000 2994 2994 2994 3001 3007 3000 2993 2994 2995
2988 2984 2979 2977 2975 2983 2992 2992 2991 2985 2979 2984 2992 2992 2990 2987 2983 2984 2987 2989 2991 2992 2994 2991 2987 3001 3027 3043 3052 3061 3070 3073 3071 3071 3074 3076 3079 3079 3077 3074 3069 3068 3074 3076 3074 3072 3070 3063 3042 3024 3019 3013 3008 3003 2997 2993 2994 2996 2998 3000 2994 2988 2990 2992
2979 2980 2981 2979 2976 2984 2993 2990 2986 2981 2976 2980 2985 2988 2991 2989 2986 2986 2987 2990 2993 2994 2994 2989 2981 2992 3016 3033 3046 3058 3069 3072 3069 3069 3071 3073 3074 3074 3073 3071 3068 3068 3073 3074 3068 3064 3064 3059 3036 3018 3016 3013 3006 2999 2995 2992 2994 2995 2995 2995 2989 2984 2987 2990
2978 2981 2983 2982 2981 2984 2987 2985 2982 2981 2981 2985 2990 2990 2988 2987 2987 2986 2983 2985 2987 2989 2991 2992 2993 3000 3011 3027 3046 3058 3064 3070 3074 3078 3079 3079 3078 3077 3077 3076 3073 3074 3081 3083 3075 3067 3062 3053 3029 3011 3008 3006 3004 3002 2997 2991 2990 2989 2992 2994 2990 2986 2988 2991
2979 2982 2985 2986 2987 2986 2983 2981 2978 2982 2987 2991 2994 2990 2985 2985 2987 2984 2981 2981 2982 2985 2990 2995 3002 3005 3006 3020 3044 3056 3060 3068 3078 3083 3085 3084 3081 3079 3081 3080 3078 3079 3086 3088 3078 3068 3059 3046 3024 3006 3002 3000 3003 3004 2997 2991 2987 2984 2989 2994 2991 2987 2989 2990
2983 2985 2988 2991 2994 2989 2984 2981 2978 2985 2993 2995 2995 2989 2983 2981 2980 2980 2981 2981 2981 2986 2993 2997 2999 3000 3001 3014 3036 3051 3060 3068 3074 3079 3082 3083 3082 3082 3083 3083 3081 3080 3083 3082 3073 3064 3052 3039 3025 3012 3004 2998 2999 3000 2996 2992 2986 2982 2990 2996 2991 2987 2987 2986
2988 2988 2989 2993 2998 2992 2986 2982 2978 2987 2998 2998 2996 2989 2982 2978 2976 2978 2982 2982 2981 2987 2996 2998 2996 2995 2995 3007 3029 3046 3059 3067 3071 3076 3081 3083 3082 3083 3084 3084 3083 3082 3080 3077 3070 3060 3044 3030 3023 3015 3004 2995 2996 2996 2994 2992 2987 2983 2991 2999 2993 2987 2985 2984
2991 2989 2986 2986 2987 2989 2992 2988 2983 2989 2996 2997 2998 2993 2986 2983 2980 2980 2982 2983 2985 2989 2995 2995 2993 2992 2990 3001 3021 3038 3053 3064 3071 3078 3086 3087 3080 3077 3079 3080 3081 3081 3079 3076 3070 3059 3035 3017 3012 3007 2998 2990 2992 2993 2991 2990 2990 2992 2998 3003 2995 2986 2987 2988
2993 2988 2983 2981 2979 2988 2996 2992 2986 2989 2993 2996 2998 2994 2989 2986 2983 2982 2981 2983 2987 2989 2992 2992 2991 2989 2986 2995 3013 3030 3048 3061 3070 3079 3089 3089 3079 3073 3075 3077 3080 3081 3078 3075 3070 3058 3028 3006 3004 3000 2993 2988 2990 2991 2989 2988 2993 2999 3003 3006 2996 2987 2989 2991
2986 2985 2984 2985 2987 2990 2992 2987 2981 2984 2988 2987 2986 2985 2984 2982 2981 2978 2974 2976 2979 2982 2984 2987 2990 2991 2989 2995 3005 3022 3044 3058 3065 3073 3083 3085 3079 3075 3073 3074 3080 3082 3076 3070 3065 3053 3028 3008 3004 3001 3000 2999 2996 2993 2990 2989 2992 2996 2999 3001 2995 2989 2988 2987
2981 2983 2985 2990 2994 2991 2988 2983 2977 2979 2982 2980 2977 2978 2980 2980 2979 2975 2969 2970 2974 2976 2978 2984 2991 2994 2992 2994 2999 3015 3041 3056 3061 3069 3078 3082 3080 3077 3072 3073 3080 3083 3075 3067 3061 3050 3029 3011 3005 3001 3005 3007 3001 2995 2993 2991 2992 2993 2995 2997 2994 2992 2987 2983
2986 2992 2997 2998 2998 2992 2985 2983 2983 2979 2975 2980 2986 2988 2989 2986 2981 2980 2979 2981 2983 2985 2986 2992 3001 3002 2999 2999 3001 3017 3045 3063 3073 3080 3084 3085 3082 3081 3081 3081 3082 3081 3079 3074 3065 3052 3033 3016 3009 3004 3004 3004 3002 3000 3001 3001 2998 2995 2998 3000 2995 2990 2987 2984
2991 2999 3007 3004 3001 2992 2983 2985 2988 2980 2971 2981 2995 2997 2997 2991 2983 2984 2988 2990 2992 2993 2993 2999 3009 3010 3005 3003 3003 3019 3048 3070 3084 3090 3088 3086 3084 3084 3089 3089 3083 3080 3083 3081 3069 3056 3037 3021 3013 3007 3004 3002 3003 3004 3008 3011 3003 2997 3000 3002 2995 2988 2987 2986
2995 2995 2996 2997 2999 2995 2991 2991 2992 2987 2981 2989 2999 2997 2993 2989 2985 2987 2991 2995 2998 2998 2995 2999 3005 3008 3009 3011 3015 3030 3055 3072 3082 3085 3081 3080 3083 3085 3086 3086 3083 3082 3086 3086 3077 3065 3044 3026 3016 3009 3013 3015 3011 3007 3007 3006 3001 2997 2997 2997 2995 2992 2992 2991
2998 2992 2986 2991 2997 2998 2999 2998 2996 2994 2991 2996 3002 2998 2990 2988 2987 2990 2995 3000 3005 3003 2999 2999 3002 3007 3013 3020 3026 3041 3062 3074 3079 3079 3074 3075 3082 3085 3084 3083 3083 3085 3089 3090 3085 3074 3051 3032 3019 3012 3021 3026 3018 3011 3006 3002 3000 2998 2996 2994 2995 2996 2997 2997
2991 2990 2989 2992 2994 2998 3001 3000 2999 2995 2991 2994 2998 2997 2994 2993 2992 2997 3002 3006 3008 3011 3014 3015 3015 3019 3026 3035 3047 3057 3066 3072 3077 3079 3077 3078 3081 3084 3084 3085 3086 3087 3091 3092 3091 3083 3062 3044 3034 3026 3026 3025 3023 3020 3012 3005 3009 3013 3006 3000 3002 3003 2999 2994
2985 2988 2992 2992 2992 2997 3003 3003 3001 2996 2991 2992 2993 2996 2998 2998 2998 3003 3010 3012 3012 3019 3029 3030 3028 3031 3038 3050 3066 3072 3070 3070 3075 3078 3080 3081 3081 3082 3085 3087 3088 3090 3092 3094 3096 3092 3073 3056 3048 3040 3031 3024 3027 3028 3017 3009 3019 3027 3016 3006 3008 3010 3001 2991
2977 2982 2988 2990 2992 2996 2999 2999 2999 2995 2991 2988 2985 2993 3004 3008 3011 3015 3021 3025 3030 3035 3039 3041 3040 3040 3041 3049 3061 3069 3072 3073 3072 3074 3081 3084 3084 3084 3085 3086 3087 3087 3087 3087 3087 3083 3072 3062 3057 3052 3046 3041 3038 3034 3025 3020 3030 3038 3025 3013 3014 3015 3008 3002
2969 2976 2984 2988 2993 2994 2995 2996 2997 2994 2991 2984 2977 2991 3011 3018 3023 3027 3032 3039 3047 3050 3050 3051 3052 3050 3044 3047 3056 3065 3075 3076 3069 3070 3081 3087 3087 3087 3086 3085 3086 3085 3083 3080 3077 3074 3071 3068 3066 3064 3061 3057 3048 3039 3034 3030 3041 3049 3033 3019 3020 3020 3016 3012
