3075 3072 3067 3068 3064 3066 3056 3048 3061 3071 3071 3056 3044 3059 3067 3052 3040 3033 3053 3035 3048 3043 3031 3044 3057 3051 3048 3027 3030 3028 3020 3036 3023 3032 3024 3036 3026 3031 3027 3027 3012 3027 3029 3026 3039 3038 3027 3035 3022 3030 3028 3034 3051 3024 3047 3056 3039 3035 3045 3052 3042 3060 3058 3035
3065 3079 3073 3072 3045 3051 3076 3051 3054 3053 3052 3057 3047 3048 3066 3051 3048 3052 3048 3043 3041 3032 3039 3028 3034 3045 3030 3044 3042 3035 3032 3047 3056 3036 3037 3035 3043 3036 3029 3035 3045 3045 3034 3026 3024 3031 3032 3039 3021 3027 3032 3031 3045 3041 3050 3039 3046 3049 3054 3047 3053 3051 3036 3055
3083 3060 3062 3057 3032 3054 3062 3048 3053 3057 3059 3067 3044 3046 3067 3064 3039 3053 3056 3051 3056 3034 3037 3042 3035 3045 3029 3037 3033 3048 3059 3062 3046 3037 3034 3040 3035 3048 3042 3024 3054 3037 3054 3038 3035 3017 3031 3036 3026 3034 3051 3041 3030 3041 3043 3044 3045 3043 3053 3059 3046 3046 3052 3059
3066 3056 3062 3048 3056 3049 3042 3052 3048 3049 3050 3042 3055 3045 3055 3052 3043 3046 3030 3043 3041 3050 3044 3039 3044 3045 3047 3053 3053 3059 3070 3055 3050 3035 3038 3030 3021 3032 3019 3033 3036 3043 3026 3027 3029 3029 3039 3029 3035 3033 3023 3025 3037 3048 3053 3051 3057 3055 3047 3057 3051 3038 3059 3055
3076 3071 3048 3062 3053 3046 3047 3036 3048 3060 3047 3047 3047 3051 3040 3051 3039 3041 3033 3049 3043 3047 3042 3048 3050 3051 3060 3059 3069 3073 3071 3059 3072 3039 3038 3028 3009 3020 3015 3035 3043 3024 3023 3026 3036 3018 3018 3032 3022 3011 3023 3024 3047 3052 3053 3063 3048 3054 3051 3059 3050 3057 3072 3050
3064 3049 3048 3044 3043 3042 3037 3059 3040 3039 3058 3052 3065 3051 3056 3042 3035 3038 3038 3037 3048 3048 3025 3049 3040 3059 3037 3060 3066 3061 3067 3057 3048 3044 3028 3026 3014 3023 3022 3026 3030 3035 3019 3021 3009 3027 3025 3023 3028 3029 3024 3024 3022 3045 3046 3052 3055 3046 3054 3055 3052 3048 3041 3051
3066 3030 3050 3052 3055 3051 3050 3046 3053 3036 3049 3053 3054 3051 3050 3041 3052 3048 3049 3046 3052 3036 3042 3049 3041 3039 3035 3050 3051 3057 3054 3047 3043 3049 3031 3022 3031 3015 3019 3013 3024 3018 3016 3014 3026 3028 3028 3036 3036 3040 3034 3039 3037 3039 3039 3047 3060 3056 3035 3040 3053 3060 3047 3052
3028 3024 3015 3015 3017 3018 3015 3011 3024 3033 3035 3020 3032 3027 3020 3035 3019 3031 3028 3028 3034 3020 3030 3033 3018 3021 3013 3023 3038 3053 3074 3063 3053 3056 3031 3023 3015 3027 3026 2999 3019 3024 3028 3021 3012 3018 3017 3025 3036 3045 3035 3022 3021 3038 3045 3033 3044 3047 3051 3053 3057 3053 3064 3060
3014 2998 3003 2988 2976 2983 2990 2988 2999 3012 2990 3011 3020 3005 3009 2995 3020 3003 3011 3007 3016 3025 3020 3013 3010 3014 3013 3005 3013 3036 3065 3058 3072 3067 3019 3026 3011 3026 3024 3006 3018 3012 2996 3012 3006 3008 3016 3008 3020 3023 3026 3032 3027 3040 3031 3045 3054 3048 3063 3066 3057 3046 3045 3056
2972 3001 3002 2990 2977 2987 3000 3000 3000 3005 3008 3000 3005 3004 2998 3006 3009 3005 3020 3003 3020 3029 3019 3001 3013 3011 3003 3003 3020 3041 3053 3079 3079 3055 3039 3031 3015 3011 3020 3003 3022 3016 3017 3017 3025 3029 3031 3035 3033 3025 3033 3025 3022 3042 3036 3042 3047 3045 3063 3058 3051 3055 3061 3065
2980 2993 2984 2983 2989 3003 2997 2996 3015 3007 3007 2986 2977 2991 2990 3008 3002 3017 3018 3015 3021 3014 3007 2985 3005 2993 3003 3006 3020 3043 3070 3084 3075 3069 3053 3041 3019 3006 3006 3017 2995 3012 3014 3016 3042 3052 3064 3063 3045 3031 3032 3046 3028 3038 3048 3036 3033 3036 3042 3051 3060 3060 3067 3058
2969 2994 2990 2995 2997 2984 2988 2994 3002 3010 3003 2997 3005 2995 2993 2992 3002 3010 3015 3023 3041 3031 3019 3012 3005 3010 2992 3006 3032 3045 3063 3071 3085 3068 3050 3042 3024 2996 3012 3012 2995 3012 3026 3032 3040 3068 3063 3069 3049 3031 3041 3020 3025 3021 3033 3031 3043 3056 3053 3049 3066 3078 3073 3074
2983 2986 3002 2990 3000 3009 3011 2997 3006 2995 3016 2996 3002 3012 3001 3002 2983 3002 3028 3043 3062 3050 3025 3023 3024 3019 3005 3012 3013 3041 3070 3088 3091 3078 3075 3047 3009 2997 3011 3030 3019 3020 3026 3034 3051 3075 3081 3071 3042 3029 3026 3040 3023 3022 3030 3043 3037 3045 3052 3053 3057 3064 3063 3074
2975 2994 2990 2988 2995 3009 2997 2988 2995 2992 2992 2998 3005 2993 2998 2989 2994 3016 3036 3053 3060 3053 3039 3033 3013 3014 2999 3020 3025 3031 3068 3084 3088 3090 3067 3058 3031 3025 3021 3011 3032 3020 3021 3045 3060 3083 3073 3079 3068 3036 3041 3016 3020 3018 3030 3031 3038 3052 3059 3056 3073 3066 3084 3068
2982 2982 2980 3003 3003 3006 2995 2975 2992 3000 3000 3004 3005 3023 3011 2996 3006 3023 3059 3061 3067 3063 3043 3024 3016 3015 3009 2999 3014 3042 3062 3085 3081 3087 3067 3064 3027 3022 3027 3015 3020 3009 3031 3052 3064 3093 3079 3076 3070 3041 3044 3030 3010 3017 3022 3043 3030 3046 3053 3073 3064 3065 3076 3086
3001 3003 3007 3009 3001 2995 2996 3013 2997 3009 3007 3003 3004 3007 3011 3010 3017 3016 3057 3069 3064 3057 3050 3046 3034 3029 3010 3016 3024 3031 3053 3078 3080 3076 3077 3054 3046 3021 3019 3006 3007 3018 3035 3048 3077 3067 3097 3077 3055 3050 3036 3027 3011 3016 3013 3019 3043 3048 3059 3063 3066 3056 3067 3078
3017 3020 3012 3004 2988 3014 3023 3022 3016 3013 3014 3003 3009 2996 3013 3010 3035 3034 3046 3054 3076 3063 3058 3057 3040 3028 3019 3016 3011 3029 3047 3076 3073 3067 3065 3070 3044 3019 3008 3023 3013 3027 3030 3062 3070 3073 3086 3079 3058 3042 3022 3011 3024 3012 3009 3013 3032 3046 3057 3069 3069 3067 3077 3071
3032 3023 3014 3017 3017 3005 3024 3024 3016 3010 3011 3004 2991 3005 3006 3023 3009 3036 3037 3066 3059 3066 3067 3055 3049 3035 3013 3019 3015 3023 3049 3072 3070 3078 3073 3053 3044 3045 3027 3022 3001 3014 3027 3049 3063 3077 3074 3088 3059 3040 3024 3011 3013 3025 3014 3019 3029 3039 3055 3061 3061 3068 3069 3064
3012 3006 3015 3003 3011 3007 3023 3021 3013 3014 3018 3013 2992 3002 3006 3027 3003 3026 3041 3049 3059 3059 3066 3063 3041 3034 3006 3004 3017 3021 3048 3065 3072 3073 3070 3046 3048 3029 3025 3012 3013 3019 3021 3050 3061 3075 3086 3078 3062 3042 3041 3016 3007 3025 3009 3010 3021 3021 3043 3052 3051 3071 3076 3083
3009 3012 3018 3001 3028 3011 3025 3011 3015 3003 3015 3012 3002 3008 3008 3002 3009 3026 3035 3059 3073 3072 3086 3056 3048 3027 3012 3022 3028 3028 3054 3056 3072 3075 3071 3068 3054 3035 3026 3010 3010 3013 3028 3049 3071 3080 3079 3082 3045 3047 3028 3023 3009 3000 3009 3032 3018 3018 3031 3045 3052 3068 3063 3069
3012 3017 3021 3025 3018 3023 3011 2998 2992 3009 3019 3011 3012 3020 3009 3006 3006 3014 3033 3057 3088 3069 3083 3067 3060 3045 3023 3014 3027 3051 3040 3060 3064 3100 3087 3078 3042 3022 3013 3011 3015 3019 3036 3054 3071 3078 3080 3079 3055 3032 3017 3003 3022 3016 3018 3022 3014 3016 3019 3026 3048 3072 3055 3054
3021 3015 3022 3002 3005 3015 3007 3002 3015 3014 3014 3010 3015 3016 3002 2998 2989 3021 3020 3048 3075 3063 3069 3067 3059 3040 3019 3017 3035 3040 3045 3054 3065 3064 3067 3080 3056 3033 3020 3005 3003 3013 3032 3066 3074 3089 3070 3076 3050 3033 3016 3013 3019 3006 3017 3019 3009 3019 3026 3020 3035 3060 3067 3066
3019 3015 3019 3023 3027 3019 3008 3011 3010 3006 3010 3018 3022 3016 3004 3005 3012 3004 3013 3035 3060 3066 3074 3072 3075 3069 3044 3028 3025 3045 3026 3060 3068 3086 3084 3070 3046 3020 3025 3013 3020 3029 3052 3069 3086 3075 3082 3078 3045 3041 3013 3016 3015 3011 3012 3015 3008 2995 3023 3016 3032 3046 3054 3056
3018 3016 3006 3012 3017 3015 3022 3009 3029 3017 3019 3021 3016 3008 3015 3009 3017 3009 3014 3036 3049 3056 3078 3070 3074 3061 3037 3038 3032 3040 3057 3053 3064 3067 3088 3064 3058 3034 3020 3016 3024 3036 3040 3083 3078 3087 3079 3067 3068 3040 3023 3022 3018 3009 3016 3013 3009 3009 3011 3031 3041 3040 3055 3079
3015 3009 3015 3014 3016 3032 3019 3017 3001 3002 3007 2992 3019 3017 3017 3018 3023 3018 3024 3032 3056 3056 3064 3061 3068 3071 3053 3043 3037 3033 3047 3061 3080 3084 3085 3063 3063 3051 3030 3012 3022 3032 3052 3069 3087 3082 3086 3067 3063 3038 3020 3018 3012 3017 3025 2995 3012 3022 3039 3037 3043 3032 3064 3079
3028 3018 3014 3029 3019 3018 3018 3019 3011 3017 3000 3008 3023 3012 3018 3010 3018 3015 3031 3031 3036 3055 3047 3080 3074 3061 3063 3047 3037 3055 3049 3068 3081 3082 3087 3083 3057 3047 3029 3018 3034 3035 3056 3064 3081 3072 3079 3078 3037 3037 3031 3009 3005 3013 2999 3008 3012 3013 3032 3029 3020 3027 3046 3057
3028 3025 3008 3018 3025 3017 3027 3015 3023 3024 3007 3019 3005 3011 3011 3016 3020 3022 3019 3021 3044 3066 3069 3076 3074 3065 3075 3055 3034 3030 3060 3072 3072 3071 3090 3081 3062 3043 3030 3025 3025 3035 3053 3073 3078 3077 3078 3068 3047 3032 3018 3014 3023 3014 3005 3011 3034 3016 3009 3004 3029 3040 3047 3063
3021 3026 3027 3011 3035 3017 3022 3031 3040 3034 3003 3000 3004 3008 3024 3005 3004 3006 3012 3016 3041 3060 3065 3082 3084 3069 3062 3052 3050 3039 3059 3046 3073 3081 3076 3072 3063 3046 3036 3034 3040 3040 3068 3072 3077 3077 3083 3068 3044 3023 3006 3011 3013 3014 3008 3021 3013 3009 3011 3003 3014 3024 3041 3060
3018 3023 3009 3028 3031 3020 3019 3015 3034 3027 2994 3017 3001 3010 3020 3015 3019 3007 3023 3035 3035 3056 3059 3067 3087 3077 3063 3053 3068 3044 3047 3061 3074 3081 3080 3068 3065 3038 3023 3027 3040 3058 3072 3096 3100 3076 3076 3059 3049 3021 3015 3016 3007 3009 3005 3009 3006 3006 3014 3021 3009 3027 3044 3073
3011 3018 3020 3013 3020 3031 3023 3037 3050 3029 3015 3011 3007 3021 3020 3014 3003 3015 3007 3027 3028 3037 3063 3074 3082 3085 3065 3073 3058 3055 3051 3056 3068 3085 3081 3075 3065 3050 3035 3023 3041 3055 3078 3090 3089 3082 3079 3070 3050 3032 3023 3014 3012 2996 3004 3005 3012 3004 3006 3008 3005 3016 3042 3069
3034 3025 3031 3034 3045 3045 3033 3042 3044 3031 3017 3009 3027 3024 3003 3009 3012 3009 3018 3016 3021 3034 3054 3069 3079 3070 3078 3066 3047 3036 3053 3073 3085 3084 3080 3086 3066 3059 3055 3051 3070 3061 3084 3107 3074 3074 3064 3050 3033 3031 3012 3031 3018 3002 3016 3010 3009 2999 3004 3022 3015 3023 3035 3055
3035 3013 3007 3037 3051 3059 3051 3062 3055 3040 3036 3012 3018 3010 3010 3011 3019 3022 3020 3010 3015 3023 3047 3062 3086 3070 3072 3057 3058 3044 3056 3056 3081 3088 3077 3091 3070 3059 3065 3055 3058 3068 3082 3072 3084 3066 3068 3055 3036 3026 3015 3017 3015 3008 3012 3017 3022 3007 3018 3020 3022 3014 3029 3051
3019 3021 3011 3032 3030 3057 3072 3071 3072 3074 3046 3036 3029 3014 3014 3015 3027 3019 3018 3008 2997 3024 3036 3060 3091 3091 3082 3068 3068 3064 3061 3072 3076 3083 3086 3080 3082 3070 3070 3067 3070 3081 3086 3083 3079 3068 3067 3043 3022 2996 3026 3010 3008 3025 3016 3014 3009 3009 3014 3014 3021 3033 3037 3043
3015 3026 3010 3030 3050 3065 3077 3070 3081 3071 3065 3054 3044 3014 3019 3016 3019 3012 3009 3021 3000 3020 3023 3047 3072 3085 3077 3070 3070 3076 3072 3072 3072 3080 3073 3078 3073 3071 3075 3075 3068 3073 3085 3079 3088 3062 3066 3044 3014 3006 2997 3007 3020 3016 3006 3022 3014 3001 3008 3021 3034 3034 3056 3059
3015 3026 3024 3034 3037 3061 3077 3079 3083 3075 3079 3063 3066 3037 3030 3026 3014 3014 3006 3016 3005 3011 3025 3041 3074 3087 3080 3085 3083 3081 3071 3081 3081 3083 3087 3076 3086 3084 3076 3077 3080 3081 3085 3077 3087 3075 3061 3024 3012 3012 3015 3008 3004 3009 3017 3021 3009 3006 3011 3025 3031 3045 3052 3060
3017 3015 3014 3032 3022 3037 3065 3067 3067 3073 3071 3064 3062 3048 3037 3036 3032 3021 3018 3008 3008 3020 3024 3050 3075 3080 3081 3074 3087 3088 3081 3077 3084 3090 3079 3087 3097 3068 3072 3083 3066 3075 3078 3084 3076 3070 3042 3021 3028 3028 3011 2989 3001 3013 3007 2998 3012 3005 3024 3027 3062 3054 3073 3069
3020 3026 3012 3016 3020 3036 3039 3057 3067 3069 3076 3073 3071 3064 3059 3038 3042 3031 3017 3010 3016 3025 3023 3033 3082 3081 3065 3083 3085 3084 3074 3083 3085 3099 3089 3089 3077 3067 3074 3072 3073 3072 3089 3081 3095 3082 3048 3022 3015 3012 3018 3008 3008 3009 3011 3020 3014 3020 3035 3053 3061 3064 3079 3078
3005 3016 3020 3013 3006 3016 3031 3043 3047 3068 3059 3070 3081 3057 3061 3058 3060 3052 3027 3036 3041 3037 3050 3051 3081 3087 3072 3081 3092 3083 3077 3077 3087 3099 3097 3091 3089 3073 3080 3070 3072 3078 3079 3079 3088 3074 3053 3011 3011 3014 3022 3014 3021 3009 3010 3015 3018 3026 3046 3072 3082 3073 3068 3068
3022 3018 3006 3011 3018 3015 3009 3028 3047 3053 3055 3063 3072 3071 3074 3064 3081 3064 3052 3046 3039 3034 3044 3058 3077 3090 3079 3082 3087 3075 3086 3083 3098 3086 3080 3084 3085 3081 3091 3078 3082 3085 3087 3074 3076 3082 3045 3034 3013 3004 3019 2994 3014 3025 3022 3026 3041 3065 3073 3070 3071 3076 3070 3096
3003 3009 3004 3007 3006 3011 3018 3018 3021 3043 3062 3065 3076 3076 3073 3077 3074 3077 3068 3056 3067 3056 3070 3062 3092 3086 3084 3084 3090 3090 3098 3084 3087 3090 3088 3077 3079 3083 3083 3080 3088 3088 3070 3087 3087 3081 3053 3035 3024 3021 3013 3011 3028 3042 3049 3053 3062 3080 3070 3073 3075 3091 3070 3074
3009 3000 3013 3019 3001 3012 3008 3011 3012 3030 3027 3033 3057 3060 3061 3067 3071 3078 3076 3075 3060 3072 3059 3075 3076 3085 3085 3080 3085 3096 3090 3086 3101 3087 3085 3091 3079 3074 3096 3072 3082 3092 3094 3094 3086 3089 3049 3040 3033 3018 3024 3042 3056 3060 3061 3052 3069 3065 3077 3080 3086 3090 3086 3100
3012 3012 3018 3002 3010 3011 3009 3005 3018 3028 3032 3020 3042 3047 3043 3057 3077 3089 3073 3082 3081 3079 3069 3079 3090 3081 3084 3093 3095 3091 3082 3080 3088 3091 3097 3078 3089 3085 3084 3084 3083 3096 3099 3099 3086 3086 3068 3050 3034 3022 3036 3050 3057 3070 3066 3075 3075 3070 3068 3073 3088 3088 3086 3096
3009 3015 3014 3024 3005 3001 3002 3021 3018 3013 3019 3003 3022 3020 3034 3053 3068 3090 3074 3075 3082 3076 3069 3077 3087 3090 3079 3088 3077 3098 3097 3083 3086 3083 3079 3072 3088 3083 3079 3088 3087 3088 3092 3094 3081 3085 3063 3064 3063 3052 3051 3054 3064 3066 3072 3073 3079 3083 3093 3087 3076 3088 3082 3083
3002 3014 3003 3002 3004 3008 3007 3001 3009 3008 3021 3013 3011 3022 3023 3032 3055 3055 3066 3065 3078 3071 3083 3085 3087 3090 3083 3086 3102 3090 3075 3081 3088 3084 3096 3080 3092 3073 3094 3072 3079 3085 3082 3084 3083 3077 3101 3073 3073 3073 3064 3058 3075 3076 3079 3074 3094 3088 3087 3080 3080 3076 3069 3070
3013 3012 3017 3006 3006 3013 3004 3011 3020 3009 3004 3008 3008 3009 3009 3016 3046 3044 3072 3092 3082 3073 3083 3075 3071 3072 3084 3083 3094 3097 3093 3093 3090 3085 3092 3092 3083 3082 3087 3088 3096 3083 3088 3087 3103 3088 3086 3082 3077 3079 3083 3072 3082 3081 3069 3078 3077 3070 3071 3065 3084 3090 3083 3084
3019 3014 3005 3015 3005 3005 3019 3018 3004 3007 3016 2999 3009 3014 3023 3008 3018 3033 3062 3063 3061 3077 3069 3076 3074 3092 3082 3088 3093 3102 3096 3106 3091 3100 3102 3085 3083 3090 3102 3091 3087 3101 3089 3100 3087 3078 3080 3085 3086 3092 3081 3080 3083 3082 3086 3082 3079 3079 3071 3060 3084 3091 3089 3086
3018 3015 3018 3006 2998 3009 3009 3007 3016 3026 3005 2995 2995 3016 3007 3009 3007 3022 3052 3057 3068 3069 3083 3073 3075 3090 3093 3097 3100 3107 3087 3090 3099 3096 3087 3092 3090 3098 3083 3091 3081 3101 3090 3095 3094 3081 3090 3100 3084 3082 3085 3078 3083 3086 3077 3098 3084 3077 3072 3073 3075 3073 3079 3081
2993 3005 3017 3002 2994 3010 2994 3002 3017 3008 3011 3005 3002 3004 3018 3004 2994 3019 3026 3046 3059 3060 3077 3078 3088 3080 3082 3082 3107 3108 3084 3082 3096 3092 3103 3086 3092 3081 3080 3084 3092 3090 3083 3090 3081 3086 3090 3099 3085 3086 3093 3090 3080 3080 3094 3091 3097 3079 3083 3074 3073 3069 3079 3084
3001 3010 3004 3010 3005 3006 3016 3010 3006 3005 3008 2993 3000 3006 3011 3002 3013 3012 3035 3030 3063 3071 3065 3072 3085 3087 3077 3092 3081 3092 3086 3099 3098 3088 3098 3100 3103 3099 3094 3097 3087 3083 3087 3093 3082 3072 3079 3077 3089 3094 3093 3084 3083 3082 3084 3091 3089 3087 3093 3086 3085 3063 3077 3099
3002 3006 2999 3008 2994 3015 3016 3008 3004 2998 3017 2998 3001 3001 3003 3009 3011 3008 3001 3034 3042 3074 3071 3083 3079 3092 3076 3081 3077 3086 3098 3095 3094 3092 3095 3106 3100 3095 3096 3096 3108 3095 3091 3096 3089 3078 3082 3101 3092 3091 3096 3073 3076 3075 3097 3101 3078 3070 3079 3116 3091 3081 3076 3089
3009 3002 3011 3019 3008 3000 3010 3022 3005 3005 3017 3000 3009 3005 3014 3003 3013 3016 3024 3022 3062 3072 3077 3095 3083 3074 3085 3086 3090 3088 3100 3085 3092 3076 3097 3104 3110 3100 3085 3073 3077 3094 3089 3093 3100 3086 3059 3084 3098 3087 3090 3086 3082 3076 3078 3079 3073 3087 3080 3100 3080 3079 3086 3074
2996 3008 3015 2994 2987 3002 2989 3008 2997 3014 3010 3008 3007 3010 3000 3006 3016 3011 3013 3035 3053 3061 3071 3073 3087 3089 3085 3105 3081 3100 3100 3095 3087 3090 3096 3092 3104 3081 3083 3078 3082 3094 3084 3085 3096 3098 3084 3095 3086 3093 3086 3093 3091 3083 3084 3076 3083 3078 3074 3073 3078 3078 3079 3088
2985 2999 3012 2999 3013 3009 3001 3010 3017 3007 3012 3016 3004 2988 3008 3009 3003 3028 3020 3039 3051 3048 3071 3070 3083 3072 3082 3074 3082 3087 3090 3097 3091 3086 3090 3084 3093 3093 3092 3076 3079 3093 3090 3075 3096 3099 3089 3087 3088 3083 3080 3079 3087 3085 3071 3070 3080 3086 3073 3062 3070 3080 3086 3086
2991 3004 2999 3012 3010 3008 3008 3019 3008 3015 3011 3004 2999 3007 3002 3004 3022 3027 3015 3022 3029 3047 3064 3072 3082 3073 3061 3067 3090 3087 3089 3078 3092 3092 3087 3092 3080 3087 3083 3069 3074 3088 3076 3088 3080 3091 3095 3083 3087 3075 3077 3101 3085 3090 3074 3074 3066 3091 3081 3063 3059 3079 3070 3079
2993 3002 2982 3003 3003 3002 3000 3007 3016 3009 3012 3013 3012 3014 3000 3009 3018 3003 3018 3010 3029 3044 3067 3061 3080 3085 3082 3074 3077 3085 3096 3091 3086 3103 3089 3086 3080 3087 3091 3092 3083 3085 3089 3087 3065 3087 3084 3079 3086 3082 3077 3087 3090 3081 3079 3070 3069 3076 3088 3072 3051 3078 3073 3078
3016 3002 3000 3009 2999 2992 3004 2998 3000 3009 3009 3012 3008 2997 3014 2990 3010 3023 3033 3031 3017 3028 3057 3069 3088 3083 3063 3073 3080 3079 3093 3084 3093 3106 3095 3087 3073 3076 3097 3086 3074 3082 3085 3083 3087 3074 3084 3087 3083 3073 3083 3090 3085 3072 3073 3060 3070 3068 3089 3071 3072 3065 3065 3074
3022 3011 3012 3020 2999 2998 3008 3004 3013 2994 3009 3014 3008 2999 3008 3007 3019 3018 3035 3022 3034 3047 3066 3069 3075 3074 3080 3069 3086 3089 3091 3079 3103 3100 3080 3088 3090 3083 3086 3081 3077 3081 3084 3089 3078 3081 3073 3085 3085 3084 3086 3082 3081 3068 3060 3063 3078 3079 3082 3070 3075 3073 3076 3093
3020 3014 3013 3013 3021 3017 3018 3010 2999 3004 3007 3010 3009 3011 3005 3025 3027 3024 3021 3035 3041 3051 3076 3097 3086 3083 3083 3090 3097 3078 3081 3092 3088 3097 3075 3092 3089 3084 3078 3080 3082 3094 3076 3082 3083 3084 3062 3070 3080 3095 3083 3099 3086 3082 3076 3085 3081 3082 3084 3081 3094 3080 3092 3097
3015 3014 3010 3008 3012 3015 3004 3009 3019 3017 3006 3010 3022 3019 3014 3032 3021 3025 3029 3043 3052 3070 3068 3083 3089 3070 3073 3091 3076 3086 3087 3091 3087 3093 3103 3099 3097 3103 3074 3072 3067 3086 3074 3096 3083 3075 3079 3075 3075 3075 3083 3092 3080 3078 3077 3090 3090 3080 3065 3077 3072 3088 3084 3075
3018 3009 3024 3021 3020 3012 3014 3031 3025 3024 3037 3019 3014 3011 3013 3020 3017 3020 3035 3040 3057 3089 3091 3097 3077 3071 3082 3080 3075 3080 3084 3091 3086 3097 3083 3083 3090 3103 3094 3087 3070 3071 3084 3088 3096 3092 3087 3082 3085 3078 3093 3079 3087 3085 3088 3081 3090 3091 3078 3081 3069 3080 3075 3081
3021 3016 3004 3010 3017 3009 3021 3014 3020 3021 3026 3016 3004 3027 3010 3007 3032 3029 3030 3055 3067 3077 3090 3091 3094 3084 3074 3084 3083 3088 3084 3094 3094 3092 3080 3081 3099 3081 3089 3085 3079 3085 3089 3073 3087 3090 3091 3083 3094 3079 3071 3082 3074 3084 3078 3068 3061 3079 3074 3080 3086 3077 3082 3086
3034 3016 3001 3003 3012 3013 3006 3019 3005 3027 3037 3023 3015 3021 3018 3022 3029 3042 3062 3065 3088 3097 3104 3100 3103 3086 3057 3080 3097 3079 3096 3094 3098 3099 3086 3084 3099 3091 3085 3093 3077 3079 3077 3086 3081 3081 3094 3090 3080 3092 3082 3076 3086 3090 3070 3077 3065 3065 3070 3091 3079 3071 3077 3074
3008 3026 3017 3016 3019 2994 3010 3005 3011 3022 3017 3028 3023 3024 3022 3048 3050 3053 3059 3074 3072 3083 3083 3085 3088 3086 3086 3078 3094 3099 3096 3102 3112 3097 3089 3086 3074 3082 3083 3083 3071 3078 3076 3086 3082 3087 3090 3085 3077 3072 3080 3087 3082 3100 3083 3076 3087 3065 3071 3078 3084 3069 3065 3070
3003 3011 3035 3022 3016 3011 3002 3018 3012 3026 3036 3015 3022 3035 3032 3057 3067 3063 3076 3070 3074 3066 3089 3083 3075 3095 3076 3073 3103 3112 3103 3109 3092 3107 3100 3079 3089 3072 3071 3078 3066 3066 3070 3076 3089 3097 3083 3087 3075 3070 3064 3084 3079 3089 3084 3088 3082 3058 3089 3079 3081 3067 3066 3068
