3108 3115 3123 3113 3104 3114 3125 3126 3125 3124 3122 3115 3108 3117 3131 3130 3124 3122 3120 3119 3120 3121 3122 3121 3119 3111 3099 3097 3103 3104 3099 3098 3101 3099 3092 3090 3094 3097 3100 3102 3103 3102 3098 3096 3094 3092 3088 3086 3091 3095 3093 3090 3082 3076 3078 3079 3076 3071 3062 3053 3036 3020 3028 3035 
3106 3114 3123 3117 3112 3115 3118 3120 3121 3116 3111 3109 3108 3114 3122 3121 3117 3117 3118 3117 3114 3115 3119 3118 3114 3109 3101 3099 3100 3101 3102 3103 3103 3100 3095 3094 3096 3098 3099 3099 3099 3099 3099 3099 3094 3091 3087 3086 3089 3092 3093 3092 3086 3081 3078 3075 3073 3071 3060 3050 3033 3017 3020 3024 
3104 3113 3123 3121 3120 3116 3112 3114 3118 3109 3099 3102 3108 3111 3113 3111 3109 3112 3117 3114 3108 3110 3115 3114 3110 3107 3104 3100 3096 3098 3105 3108 3105 3102 3099 3098 3099 3099 3098 3097 3095 3096 3101 3102 3095 3089 3087 3086 3088 3090 3093 3094 3091 3086 3078 3070 3071 3070 3059 3047 3030 3013 3013 3013 
3102 3106 3110 3107 3104 3105 3107 3110 3113 3108 3101 3104 3109 3112 3115 3114 3111 3110 3109 3108 3106 3107 3109 3108 3105 3103 3100 3098 3095 3096 3100 3103 3103 3102 3100 3099 3098 3097 3097 3094 3089 3089 3095 3098 3094 3091 3088 3086 3085 3085 3090 3093 3087 3080 3072 3065 3067 3067 3054 3040 3022 3004 3010 3015 
3100 3098 3096 3092 3088 3095 3102 3105 3108 3106 3103 3106 3110 3114 3117 3116 3114 3109 3102 3101 3103 3104 3103 3102 3101 3099 3096 3095 3094 3094 3095 3097 3100 3102 3101 3100 3097 3095 3095 3092 3084 3081 3088 3093 3094 3093 3089 3086 3082 3081 3088 3091 3083 3074 3067 3061 3064 3065 3049 3032 3013 2995 3006 3018 
3101 3102 3102 3097 3092 3097 3102 3102 3101 3102 3102 3106 3109 3111 3113 3110 3107 3106 3107 3107 3106 3106 3107 3104 3100 3096 3092 3090 3088 3090 3095 3098 3099 3100 3099 3098 3095 3094 3096 3095 3090 3087 3087 3089 3094 3097 3094 3092 3088 3086 3088 3088 3081 3074 3070 3066 3067 3067 3049 3032 3016 3000 3006 3012 
3102 3106 3110 3104 3098 3100 3104 3099 3094 3097 3101 3105 3108 3108 3108 3103 3098 3104 3113 3114 3110 3110 3111 3107 3100 3094 3088 3084 3082 3086 3095 3098 3098 3097 3097 3096 3094 3093 3096 3098 3097 3094 3086 3085 3094 3100 3099 3098 3095 3093 3089 3085 3079 3074 3073 3072 3071 3069 3051 3033 3020 3006 3006 3006 
3069 3073 3077 3075 3074 3078 3081 3079 3076 3078 3081 3082 3083 3086 3091 3090 3088 3091 3096 3096 3094 3095 3096 3092 3086 3082 3079 3077 3075 3079 3087 3091 3091 3091 3090 3088 3086 3085 3087 3088 3087 3084 3078 3077 3088 3095 3093 3090 3088 3085 3083 3080 3075 3070 3068 3065 3064 3061 3045 3028 3017 3006 3004 3001 
3032 3035 3039 3043 3047 3052 3057 3057 3057 3057 3058 3057 3055 3062 3072 3076 3079 3078 3075 3076 3077 3078 3079 3076 3071 3069 3069 3068 3067 3071 3079 3084 3084 3084 3082 3080 3078 3076 3076 3076 3076 3074 3069 3069 3081 3089 3085 3081 3078 3076 3075 3074 3070 3066 3061 3057 3055 3052 3037 3023 3014 3006 3001 2997 
3021 3029 3038 3043 3049 3050 3050 3051 3053 3055 3057 3056 3055 3061 3070 3073 3075 3075 3074 3074 3075 3074 3073 3073 3072 3072 3072 3070 3068 3070 3075 3079 3081 3081 3080 3079 3078 3077 3077 3077 3076 3076 3074 3075 3082 3086 3085 3083 3077 3072 3070 3068 3068 3067 3062 3057 3048 3039 3027 3015 3009 3003 3000 2997 
3013 3028 3042 3049 3056 3051 3045 3048 3052 3055 3059 3059 3058 3063 3070 3072 3073 3074 3075 3075 3075 3073 3069 3071 3076 3078 3077 3074 3069 3069 3072 3075 3078 3079 3079 3079 3079 3079 3079 3079 3079 3080 3082 3084 3084 3084 3086 3085 3077 3069 3065 3063 3067 3069 3065 3059 3042 3025 3016 3007 3004 3000 3000 2999 
3009 3023 3037 3043 3050 3047 3044 3047 3050 3055 3060 3064 3067 3070 3073 3075 3076 3077 3078 3078 3076 3075 3073 3074 3076 3078 3080 3079 3076 3075 3075 3077 3080 3081 3080 3079 3079 3079 3081 3081 3080 3081 3084 3086 3085 3083 3081 3080 3077 3074 3070 3066 3065 3064 3057 3048 3028 3009 3006 3003 3002 3000 2999 2998 
3006 3018 3030 3036 3042 3043 3044 3046 3047 3054 3062 3069 3076 3077 3077 3078 3080 3081 3081 3080 3078 3077 3078 3078 3076 3078 3083 3085 3084 3082 3080 3080 3084 3084 3082 3080 3078 3078 3083 3084 3082 3082 3084 3086 3085 3083 3076 3072 3078 3081 3076 3071 3064 3057 3046 3034 3012 2993 2997 3001 3000 3000 2998 2996 
3006 3019 3033 3038 3044 3045 3046 3048 3050 3056 3062 3068 3072 3074 3074 3075 3076 3078 3079 3080 3080 3080 3080 3080 3080 3083 3086 3088 3088 3087 3085 3085 3087 3087 3084 3082 3081 3080 3077 3077 3079 3081 3083 3085 3085 3083 3078 3075 3078 3079 3074 3069 3061 3051 3037 3023 3009 2996 2997 2999 3000 3001 3000 3000 
3008 3023 3037 3043 3048 3048 3048 3051 3054 3058 3063 3065 3066 3067 3068 3069 3071 3073 3075 3079 3083 3082 3080 3082 3086 3088 3089 3091 3092 3092 3091 3091 3091 3090 3087 3086 3086 3082 3071 3067 3075 3081 3082 3083 3084 3084 3082 3080 3078 3076 3071 3065 3057 3047 3029 3012 3008 3004 3000 2997 3000 3002 3003 3005 
3009 3022 3036 3043 3051 3055 3058 3059 3060 3065 3070 3069 3065 3067 3069 3071 3072 3073 3074 3077 3082 3082 3081 3083 3086 3087 3086 3087 3090 3091 3090 3089 3088 3087 3085 3085 3086 3083 3076 3073 3077 3080 3081 3081 3078 3077 3078 3078 3075 3071 3069 3065 3050 3035 3019 3004 3004 3003 3003 3002 3002 3002 3005 3007 
3010 3021 3032 3043 3054 3062 3070 3069 3067 3072 3079 3074 3066 3068 3072 3074 3074 3074 3073 3075 3079 3081 3082 3083 3084 3083 3081 3082 3086 3087 3086 3085 3082 3081 3083 3084 3084 3085 3085 3084 3081 3080 3080 3078 3072 3068 3072 3074 3070 3067 3068 3065 3042 3021 3008 2997 2999 3000 3004 3008 3005 3003 3005 3008 
3006 3015 3024 3038 3053 3061 3069 3069 3068 3073 3078 3074 3068 3070 3074 3075 3076 3075 3074 3077 3080 3081 3081 3080 3079 3079 3080 3081 3082 3083 3082 3081 3079 3078 3079 3080 3080 3081 3083 3084 3083 3082 3081 3078 3072 3069 3073 3074 3067 3060 3058 3052 3030 3011 3006 3000 2998 2997 3002 3007 3006 3005 3007 3009 
3001 3008 3014 3032 3050 3057 3063 3066 3069 3071 3074 3073 3071 3073 3076 3077 3077 3077 3077 3079 3082 3081 3078 3075 3073 3075 3080 3081 3080 3079 3078 3078 3077 3076 3076 3076 3076 3077 3078 3080 3083 3084 3082 3079 3075 3073 3076 3075 3064 3054 3045 3034 3018 3004 3006 3007 3000 2994 2999 3003 3005 3007 3009 3010 
2999 3002 3006 3022 3040 3052 3064 3068 3071 3072 3072 3073 3074 3074 3074 3075 3077 3077 3077 3078 3079 3078 3075 3073 3071 3073 3078 3078 3073 3072 3075 3076 3074 3074 3075 3074 3072 3073 3077 3080 3082 3083 3081 3078 3075 3073 3076 3075 3063 3051 3036 3021 3009 2999 3003 3005 3000 2996 3000 3003 3001 2999 3005 3011 
2999 2998 2997 3011 3026 3047 3068 3072 3075 3073 3071 3073 3076 3074 3070 3072 3076 3076 3075 3074 3074 3073 3071 3071 3070 3073 3077 3073 3064 3065 3072 3075 3072 3072 3075 3074 3069 3069 3077 3082 3081 3080 3078 3077 3074 3072 3075 3074 3063 3050 3029 3010 3002 2996 2998 2999 3000 3001 3003 3004 2995 2987 3000 3012 
3007 3008 3008 3015 3023 3044 3067 3071 3073 3071 3069 3072 3076 3074 3071 3072 3074 3074 3075 3075 3075 3075 3073 3072 3071 3072 3075 3072 3066 3067 3074 3076 3074 3074 3076 3075 3069 3068 3073 3077 3078 3078 3077 3076 3075 3074 3075 3072 3059 3045 3024 3006 3002 2999 2999 3000 3004 3008 3004 2999 2996 2993 3001 3010 
3020 3024 3029 3027 3025 3043 3062 3066 3069 3068 3066 3069 3073 3075 3076 3074 3070 3072 3075 3077 3080 3079 3078 3076 3073 3072 3072 3072 3072 3074 3078 3079 3078 3078 3078 3076 3071 3068 3068 3069 3074 3077 3076 3076 3077 3077 3074 3068 3053 3037 3020 3006 3006 3005 3004 3004 3011 3016 3004 2992 2999 3006 3007 3007 
3022 3029 3036 3035 3034 3048 3063 3068 3071 3070 3068 3070 3073 3076 3078 3075 3071 3071 3074 3077 3079 3080 3078 3077 3075 3074 3072 3073 3074 3075 3075 3076 3078 3079 3078 3076 3073 3070 3068 3068 3074 3078 3077 3077 3078 3078 3076 3071 3058 3044 3026 3011 3009 3008 3005 3003 3009 3013 3002 2992 3001 3009 3007 3005 
3020 3029 3037 3042 3046 3057 3068 3073 3077 3075 3071 3073 3075 3077 3080 3077 3073 3072 3072 3074 3077 3077 3077 3077 3077 3076 3074 3074 3074 3072 3069 3070 3076 3078 3077 3076 3076 3074 3071 3071 3076 3079 3079 3078 3078 3078 3078 3076 3069 3059 3038 3019 3014 3008 3003 2999 3001 3002 2999 2996 3001 3005 3004 3003 
3029 3039 3048 3054 3059 3066 3073 3074 3075 3074 3073 3073 3074 3077 3079 3076 3072 3072 3073 3074 3075 3076 3078 3079 3078 3076 3072 3072 3073 3071 3068 3069 3075 3076 3074 3073 3074 3074 3072 3072 3077 3079 3078 3077 3077 3078 3079 3078 3072 3064 3047 3032 3022 3013 3007 3002 3000 2999 2999 2999 3002 3006 3004 3002 
3046 3055 3065 3069 3073 3075 3078 3074 3069 3070 3072 3072 3072 3074 3077 3074 3068 3070 3075 3075 3073 3076 3082 3082 3080 3075 3069 3068 3071 3071 3070 3071 3074 3074 3070 3069 3071 3072 3071 3073 3077 3079 3076 3074 3076 3077 3078 3077 3070 3063 3055 3047 3033 3020 3014 3009 3004 3000 3001 3001 3005 3009 3006 3002 
3058 3066 3074 3076 3078 3079 3080 3075 3070 3070 3071 3072 3073 3074 3074 3071 3067 3069 3073 3073 3071 3074 3079 3080 3080 3077 3072 3070 3071 3072 3072 3073 3075 3075 3074 3074 3074 3074 3074 3074 3077 3077 3074 3072 3075 3077 3076 3074 3071 3067 3064 3058 3044 3032 3025 3018 3012 3006 3007 3008 3009 3009 3007 3004 
3067 3072 3077 3077 3077 3078 3079 3078 3076 3073 3069 3072 3077 3074 3069 3068 3067 3068 3068 3069 3069 3070 3072 3075 3079 3080 3079 3077 3073 3073 3076 3077 3078 3080 3084 3085 3083 3080 3078 3077 3076 3075 3072 3071 3075 3077 3073 3070 3074 3076 3072 3067 3057 3047 3038 3028 3022 3016 3017 3017 3012 3006 3007 3007 
3068 3074 3079 3079 3079 3079 3079 3079 3078 3074 3071 3074 3078 3075 3071 3070 3070 3069 3067 3068 3070 3070 3069 3073 3080 3082 3080 3078 3075 3074 3075 3077 3078 3080 3083 3083 3081 3080 3079 3079 3078 3076 3073 3072 3076 3077 3073 3071 3076 3080 3077 3073 3064 3055 3048 3040 3034 3029 3029 3028 3023 3017 3017 3017 
3063 3071 3079 3081 3082 3081 3081 3078 3075 3075 3076 3076 3075 3076 3078 3076 3073 3071 3069 3070 3073 3073 3072 3075 3082 3082 3076 3075 3078 3076 3073 3073 3077 3077 3073 3071 3071 3073 3077 3079 3080 3079 3075 3074 3076 3077 3076 3075 3078 3079 3079 3077 3066 3057 3055 3053 3049 3045 3042 3040 3040 3040 3036 3033 
3063 3070 3077 3081 3085 3082 3080 3076 3073 3074 3076 3076 3074 3077 3080 3079 3076 3074 3072 3073 3074 3073 3072 3074 3079 3077 3072 3073 3077 3076 3071 3071 3076 3076 3070 3067 3070 3073 3076 3079 3080 3080 3077 3075 3076 3077 3076 3076 3077 3079 3080 3079 3067 3058 3060 3062 3057 3052 3049 3046 3051 3056 3051 3047 
3069 3071 3072 3080 3088 3083 3077 3074 3072 3072 3072 3073 3075 3076 3079 3079 3079 3078 3077 3075 3072 3071 3071 3070 3070 3069 3068 3070 3075 3074 3071 3072 3077 3078 3073 3072 3076 3078 3078 3078 3079 3079 3077 3076 3077 3077 3075 3074 3075 3077 3079 3078 3067 3058 3063 3066 3059 3052 3050 3049 3058 3067 3063 3059 
3070 3070 3070 3078 3086 3083 3079 3076 3073 3073 3073 3074 3076 3077 3078 3078 3078 3077 3076 3074 3072 3072 3073 3071 3069 3067 3067 3070 3074 3075 3073 3074 3079 3080 3077 3078 3083 3084 3081 3079 3078 3077 3077 3078 3078 3078 3075 3073 3076 3078 3082 3084 3072 3062 3065 3066 3060 3054 3053 3053 3060 3066 3066 3066 
3066 3068 3070 3074 3078 3082 3086 3081 3076 3077 3078 3079 3080 3079 3078 3075 3073 3071 3069 3071 3073 3076 3078 3078 3076 3073 3069 3071 3077 3079 3077 3078 3082 3083 3082 3084 3089 3090 3086 3081 3076 3074 3078 3081 3081 3079 3077 3076 3078 3082 3091 3096 3082 3070 3066 3062 3059 3057 3059 3060 3057 3055 3060 3065 
3064 3067 3070 3074 3077 3081 3085 3082 3078 3078 3079 3080 3081 3078 3075 3073 3072 3070 3067 3070 3075 3077 3079 3079 3079 3076 3072 3073 3079 3081 3080 3081 3083 3085 3085 3087 3090 3090 3087 3082 3074 3072 3078 3081 3081 3079 3076 3075 3080 3085 3094 3098 3085 3073 3067 3061 3059 3058 3060 3061 3054 3047 3055 3063 
3065 3068 3071 3078 3084 3080 3075 3076 3077 3076 3075 3076 3077 3074 3069 3071 3075 3074 3071 3073 3077 3076 3073 3074 3077 3076 3075 3076 3081 3083 3082 3082 3083 3084 3087 3087 3084 3082 3083 3080 3073 3070 3075 3079 3078 3076 3073 3073 3082 3089 3091 3090 3078 3068 3066 3063 3058 3054 3054 3053 3049 3045 3053 3061 
3065 3068 3071 3078 3084 3079 3074 3076 3078 3076 3072 3073 3074 3071 3066 3069 3074 3074 3072 3074 3078 3076 3071 3072 3077 3078 3076 3078 3081 3083 3082 3081 3080 3081 3086 3085 3080 3078 3081 3080 3074 3072 3075 3077 3077 3076 3073 3073 3084 3092 3090 3086 3075 3066 3065 3064 3057 3051 3051 3051 3047 3043 3051 3060 
3064 3067 3070 3072 3074 3080 3086 3084 3080 3076 3072 3071 3071 3070 3069 3068 3067 3067 3068 3072 3077 3076 3073 3076 3082 3081 3076 3076 3079 3080 3080 3078 3075 3076 3080 3082 3081 3081 3082 3082 3079 3077 3078 3078 3078 3078 3077 3079 3087 3093 3093 3090 3077 3066 3065 3063 3056 3049 3052 3055 3047 3039 3049 3059 
3062 3066 3069 3068 3067 3079 3092 3087 3080 3076 3073 3071 3068 3070 3071 3069 3064 3065 3067 3071 3075 3076 3076 3078 3082 3081 3078 3076 3076 3076 3076 3075 3073 3074 3076 3078 3080 3082 3082 3082 3080 3079 3078 3077 3077 3078 3079 3081 3088 3094 3094 3092 3077 3064 3063 3062 3056 3050 3055 3059 3050 3041 3050 3059 
3061 3064 3066 3067 3067 3077 3088 3084 3079 3077 3076 3072 3067 3069 3073 3072 3070 3070 3070 3071 3073 3076 3078 3078 3076 3078 3083 3080 3073 3070 3069 3072 3076 3077 3073 3073 3078 3080 3080 3079 3077 3075 3073 3072 3073 3074 3077 3080 3087 3093 3093 3090 3073 3059 3060 3060 3058 3057 3060 3062 3056 3052 3057 3063 
3058 3061 3065 3065 3065 3073 3081 3080 3077 3078 3080 3073 3066 3068 3073 3073 3072 3072 3073 3072 3071 3074 3080 3078 3072 3075 3085 3083 3074 3069 3069 3072 3078 3079 3073 3072 3077 3079 3079 3077 3074 3072 3071 3071 3072 3073 3077 3081 3088 3094 3092 3087 3069 3055 3059 3062 3062 3062 3062 3063 3061 3058 3062 3066 
3053 3058 3064 3062 3059 3064 3069 3072 3075 3080 3085 3077 3067 3067 3070 3069 3067 3070 3074 3072 3068 3072 3079 3078 3073 3075 3082 3083 3081 3080 3079 3079 3079 3077 3075 3076 3079 3081 3078 3075 3071 3069 3073 3076 3077 3079 3082 3085 3093 3098 3092 3084 3065 3050 3062 3071 3067 3063 3062 3061 3060 3059 3064 3070 
3048 3055 3062 3060 3058 3060 3061 3067 3073 3081 3089 3080 3069 3067 3068 3067 3065 3068 3073 3071 3066 3070 3077 3076 3072 3073 3077 3081 3084 3085 3086 3083 3078 3076 3077 3079 3080 3080 3078 3074 3070 3069 3074 3078 3080 3082 3085 3088 3095 3098 3090 3079 3062 3049 3062 3073 3068 3063 3060 3058 3059 3060 3064 3068 
3046 3052 3057 3062 3068 3067 3067 3069 3071 3081 3091 3083 3072 3069 3068 3068 3067 3068 3069 3068 3065 3067 3072 3071 3068 3067 3068 3071 3077 3081 3084 3082 3075 3074 3078 3079 3078 3077 3079 3078 3073 3071 3073 3075 3077 3079 3084 3088 3090 3089 3080 3071 3062 3056 3059 3061 3061 3060 3056 3053 3058 3063 3060 3057 
3046 3051 3055 3063 3072 3071 3070 3070 3070 3078 3088 3083 3074 3071 3069 3069 3069 3068 3066 3065 3065 3066 3068 3068 3066 3065 3064 3067 3073 3079 3083 3082 3074 3073 3079 3080 3076 3076 3080 3081 3075 3071 3073 3074 3074 3077 3083 3088 3086 3083 3073 3065 3063 3060 3056 3052 3055 3057 3053 3050 3057 3064 3058 3051 
3050 3057 3063 3063 3062 3066 3069 3069 3069 3072 3075 3074 3073 3072 3070 3070 3071 3068 3064 3064 3066 3067 3069 3070 3071 3071 3070 3073 3078 3082 3085 3084 3078 3077 3081 3082 3080 3079 3082 3080 3072 3069 3073 3075 3074 3075 3083 3089 3086 3082 3073 3064 3062 3060 3054 3050 3053 3056 3053 3050 3055 3059 3058 3057 
3055 3061 3067 3062 3057 3062 3068 3069 3069 3066 3063 3068 3073 3073 3071 3071 3072 3068 3062 3063 3067 3069 3070 3072 3075 3075 3075 3077 3081 3084 3086 3085 3082 3081 3082 3082 3081 3080 3081 3079 3070 3067 3074 3077 3075 3076 3085 3090 3084 3078 3070 3064 3061 3058 3054 3050 3053 3055 3053 3052 3053 3055 3058 3061 
3064 3063 3062 3061 3061 3064 3067 3067 3067 3063 3059 3065 3074 3074 3073 3071 3068 3066 3063 3065 3069 3071 3073 3074 3074 3074 3074 3077 3081 3084 3084 3084 3084 3082 3078 3075 3075 3076 3077 3076 3070 3068 3077 3082 3082 3084 3093 3095 3077 3063 3064 3064 3059 3055 3054 3053 3055 3056 3057 3058 3056 3054 3055 3056 
3070 3063 3056 3060 3063 3064 3065 3066 3066 3061 3056 3063 3071 3073 3073 3069 3066 3065 3065 3067 3071 3073 3075 3075 3073 3073 3074 3077 3081 3083 3081 3082 3085 3083 3076 3072 3072 3073 3074 3073 3068 3069 3079 3086 3087 3090 3096 3094 3069 3052 3059 3063 3058 3054 3055 3055 3055 3055 3059 3062 3058 3053 3053 3052 
3066 3060 3053 3056 3060 3062 3063 3064 3065 3062 3058 3058 3059 3062 3065 3066 3067 3068 3069 3072 3075 3076 3075 3073 3070 3072 3077 3080 3081 3081 3080 3080 3081 3081 3079 3078 3077 3075 3074 3071 3066 3067 3079 3088 3090 3090 3083 3075 3064 3056 3059 3062 3062 3062 3059 3055 3051 3047 3053 3059 3054 3050 3052 3053 
3062 3056 3051 3054 3058 3059 3061 3063 3065 3062 3060 3055 3051 3054 3058 3063 3067 3070 3072 3075 3078 3077 3074 3071 3068 3071 3078 3081 3080 3079 3079 3079 3078 3079 3082 3082 3080 3077 3074 3070 3065 3066 3079 3089 3090 3087 3070 3058 3059 3060 3061 3062 3065 3067 3061 3054 3048 3042 3049 3055 3051 3048 3051 3054 
3058 3056 3054 3056 3059 3058 3056 3059 3064 3062 3060 3058 3056 3055 3055 3059 3064 3067 3069 3071 3072 3071 3068 3068 3069 3071 3072 3075 3078 3079 3078 3079 3083 3083 3079 3076 3075 3075 3075 3074 3071 3073 3083 3087 3076 3066 3059 3054 3059 3063 3064 3065 3060 3055 3053 3051 3050 3050 3051 3052 3049 3046 3051 3056 
3053 3055 3056 3057 3059 3056 3052 3057 3062 3061 3059 3059 3060 3056 3052 3055 3061 3064 3065 3066 3067 3065 3062 3065 3070 3070 3068 3071 3077 3079 3076 3079 3085 3085 3077 3072 3072 3073 3076 3078 3076 3078 3085 3083 3063 3049 3049 3051 3058 3064 3067 3067 3055 3045 3046 3047 3051 3055 3053 3050 3047 3045 3050 3056 
3049 3053 3056 3055 3053 3056 3059 3057 3056 3054 3053 3055 3057 3053 3048 3051 3056 3058 3059 3059 3059 3059 3058 3063 3070 3072 3072 3076 3083 3082 3074 3072 3074 3077 3078 3079 3078 3077 3075 3073 3071 3070 3074 3072 3059 3050 3051 3053 3055 3059 3063 3064 3049 3038 3040 3043 3048 3053 3055 3055 3049 3042 3046 3050 
3047 3052 3057 3052 3048 3055 3063 3057 3050 3049 3049 3051 3054 3050 3045 3047 3052 3053 3053 3053 3053 3054 3054 3060 3069 3073 3074 3079 3086 3083 3071 3065 3064 3069 3079 3084 3083 3080 3074 3069 3065 3063 3063 3061 3056 3052 3053 3054 3054 3055 3060 3061 3045 3032 3036 3040 3046 3051 3056 3060 3050 3042 3043 3045 
3052 3054 3056 3054 3052 3054 3055 3053 3050 3051 3053 3052 3052 3052 3051 3052 3054 3054 3053 3054 3055 3054 3052 3057 3065 3067 3065 3065 3068 3067 3063 3061 3061 3065 3071 3075 3075 3073 3067 3062 3059 3057 3057 3058 3060 3060 3055 3052 3057 3061 3062 3060 3046 3036 3040 3045 3048 3051 3053 3055 3054 3053 3054 3055 
3056 3056 3055 3055 3055 3052 3049 3049 3050 3053 3057 3054 3050 3053 3056 3056 3055 3054 3053 3055 3057 3055 3051 3055 3062 3061 3056 3054 3053 3053 3055 3057 3059 3061 3064 3066 3068 3066 3061 3057 3054 3052 3052 3055 3063 3067 3057 3051 3060 3067 3064 3059 3048 3039 3045 3049 3050 3050 3051 3052 3058 3063 3064 3064 
3052 3056 3060 3055 3049 3052 3055 3054 3052 3058 3065 3062 3058 3054 3050 3051 3054 3055 3055 3059 3064 3064 3060 3062 3067 3066 3061 3057 3054 3053 3056 3058 3059 3060 3059 3061 3065 3066 3063 3061 3060 3058 3058 3060 3064 3066 3062 3059 3061 3063 3064 3062 3052 3044 3047 3050 3051 3052 3055 3058 3058 3058 3059 3061 
3050 3057 3064 3054 3044 3052 3061 3059 3055 3062 3071 3069 3064 3055 3044 3046 3052 3055 3057 3063 3071 3072 3069 3069 3072 3070 3065 3060 3055 3054 3057 3059 3060 3058 3055 3056 3062 3065 3066 3066 3065 3064 3064 3065 3065 3066 3066 3066 3061 3059 3063 3065 3056 3049 3050 3052 3053 3054 3059 3063 3058 3052 3055 3058 
3062 3064 3066 3059 3051 3055 3059 3060 3060 3063 3066 3063 3058 3051 3042 3044 3050 3054 3059 3062 3065 3065 3064 3066 3068 3065 3058 3056 3058 3061 3063 3063 3060 3059 3060 3062 3066 3068 3068 3069 3069 3069 3070 3069 3066 3063 3062 3061 3058 3057 3059 3061 3057 3054 3057 3059 3059 3059 3058 3058 3057 3057 3059 3062 
3073 3070 3068 3063 3059 3058 3057 3061 3064 3063 3061 3057 3052 3046 3041 3043 3047 3054 3061 3061 3059 3059 3059 3062 3065 3060 3051 3053 3062 3067 3069 3067 3061 3060 3065 3069 3070 3071 3071 3071 3073 3074 3075 3073 3066 3060 3058 3057 3055 3054 3056 3057 3058 3059 3063 3067 3065 3064 3058 3053 3057 3061 3063 3065 
3072 3067 3062 3064 3066 3064 3061 3059 3058 3059 3061 3057 3052 3049 3046 3048 3052 3055 3058 3060 3061 3058 3054 3058 3067 3068 3063 3063 3068 3071 3073 3071 3065 3064 3068 3069 3068 3067 3067 3067 3069 3070 3070 3069 3063 3059 3058 3056 3050 3046 3049 3052 3053 3054 3058 3061 3063 3065 3063 3060 3065 3070 3070 3070 
3072 3064 3056 3065 3073 3069 3064 3058 3051 3055 3061 3058 3053 3052 3051 3054 3057 3057 3055 3058 3063 3058 3048 3054 3069 3075 3074 3074 3074 3075 3078 3076 3069 3067 3070 3069 3065 3063 3063 3063 3064 3065 3066 3065 3060 3057 3058 3056 3046 3039 3043 3046 3047 3049 3052 3056 3062 3067 3067 3067 3073 3079 3077 3075 