3063 3057 3066 3078 3058 3062 3057 3071 3053 3048 3050 3052 3051 3040 3051 3052 3045 3041 3045 3041 3040 3038 3037 3060 3061 3045 3049 3031 3042 3048 3037 3034 3023 3032 3040 3050 3044 3043 3033 3027 3032 3031 3030 3030 3029 3038 3039 3039 3045 3044 3039 3037 3038 3037 3041 3039 3050 3058 3053 3042 3034 3048 3042 3029
3055 3054 3071 3068 3068 3073 3080 3059 3056 3051 3045 3050 3047 3049 3055 3065 3048 3052 3049 3038 3044 3049 3040 3052 3037 3055 3051 3046 3039 3040 3034 3035 3014 3028 3043 3048 3036 3030 3034 3028 3028 3037 3027 3026 3029 3041 3028 3028 3029 3025 3032 3033 3036 3047 3023 3032 3043 3040 3037 3018 3030 3030 3036 3049
3049 3056 3070 3065 3088 3073 3065 3065 3052 3059 3044 3042 3049 3041 3047 3049 3056 3048 3035 3039 3033 3036 3039 3044 3050 3054 3052 3059 3063 3035 3035 3042 3048 3037 3039 3029 3035 3022 3019 3028 3038 3029 3019 3006 3022 3032 3020 3019 3021 3025 3036 3041 3032 3037 3044 3045 3033 3025 3026 3022 3032 3043 3033 3043
3052 3062 3069 3045 3050 3062 3050 3052 3058 3051 3045 3044 3046 3046 3038 3050 3047 3049 3040 3043 3038 3041 3037 3039 3041 3048 3044 3049 3031 3037 3040 3034 3033 3026 3032 3035 3034 3032 3022 3023 3023 3040 3026 3012 3015 3030 3020 3029 3025 3027 3034 3031 3031 3045 3041 3030 3034 3032 3038 3032 3030 3028 3035 3035
3056 3062 3054 3053 3028 3042 3044 3055 3053 3051 3074 3044 3045 3036 3026 3059 3047 3048 3031 3030 3032 3025 3036 3027 3032 3032 3035 3039 3022 3019 3026 3032 3042 3005 3016 3028 3020 3018 3017 3026 3014 3020 3024 3029 3029 3033 3027 3027 3028 3029 3039 3033 3044 3033 3033 3038 3041 3038 3043 3033 3033 3039 3039 3034
3048 3051 3060 3044 3055 3043 3032 3044 3049 3056 3063 3037 3031 3040 3046 3028 3035 3028 3035 3030 3015 3031 3029 3039 3040 3034 3023 3037 3042 3025 3040 3038 3035 3029 3015 3027 3025 3029 3022 3020 3023 3034 3030 3030 3025 3029 3029 3034 3026 3039 3036 3029 3038 3045 3039 3038 3056 3061 3048 3048 3049 3047 3040 3037
3056 3047 3041 3044 3061 3048 3045 3032 3023 3035 3039 3045 3051 3032 3050 3028 3035 3030 3028 3026 3026 3030 3043 3042 3026 3031 3023 3029 3032 3033 3038 3028 3043 3033 3011 3011 3017 3003 3016 3020 3015 3021 3026 3035 3020 3027 3025 3034 3039 3050 3036 3037 3029 3049 3033 3034 3056 3057 3057 3064 3055 3042 3041 3056
3004 3013 3000 3011 3024 3018 3005 3015 3009 3007 3027 3020 3021 3022 3010 3026 3006 3014 3027 3011 3019 3013 3011 3024 3019 3030 3014 3019 3011 3022 3015 3029 3031 3023 3012 3017 3005 3010 3026 3020 3018 3027 3022 3027 3034 3028 3047 3034 3034 3040 3029 3041 3037 3035 3040 3039 3043 3059 3058 3065 3043 3051 3050 3044
2971 2968 2982 2992 2977 2978 2972 2976 2986 2996 2991 2998 2995 2989 2996 3004 2996 3000 3007 3013 2986 2992 2991 3002 3007 3006 3004 3014 3023 3018 3020 3015 3004 3017 3004 3021 3017 3004 3014 3024 3021 3027 3025 3026 3033 3044 3036 3025 3040 3032 3047 3036 3036 3019 3032 3037 3059 3044 3058 3054 3056 3040 3042 3030
2973 2979 2994 2990 2986 2980 2972 2979 2996 2986 2988 3005 2990 2995 2986 2983 2998 2997 3016 3001 2992 2991 3015 3003 3007 2999 2994 3011 3014 3020 3001 3024 3017 3019 3021 3024 3022 3015 3021 3010 3038 3046 3022 3024 3022 3041 3032 3053 3040 3038 3032 3043 3036 3021 3045 3042 3050 3044 3049 3050 3050 3060 3045 3036
2976 2974 2985 2996 2992 2966 2967 2980 2980 2972 2989 2987 2986 3008 2996 3005 2998 2989 3009 3004 2998 3016 3017 3023 3011 3019 3018 3001 3017 3007 3014 3010 3025 3027 3020 3022 3022 3027 3025 3033 3029 3018 3032 3020 3045 3032 3042 3042 3036 3043 3046 3046 3034 3021 3040 3034 3052 3053 3049 3051 3058 3057 3060 3059
2973 2985 2988 2986 2979 2990 2985 2984 2991 2999 2983 2983 2988 3002 3007 3012 3005 3018 3003 3016 3020 3013 3018 3019 3022 3013 3003 3011 3032 3013 3007 3010 3019 3013 3024 3025 3023 3032 3019 3023 3027 3018 3034 3037 3037 3027 3046 3050 3044 3044 3050 3042 3043 3033 3045 3044 3044 3041 3044 3065 3058 3075 3060 3053
2978 2990 2995 2997 2989 2998 2995 3003 3006 2982 2989 2995 2991 3010 3009 2995 2994 2999 3017 3018 3028 3024 3017 3019 3030 3020 3016 3023 3029 3033 3020 3004 3015 3010 3007 3014 3017 3017 3015 3025 3032 3025 3038 3043 3032 3036 3036 3035 3030 3040 3039 3038 3035 3046 3032 3048 3042 3054 3048 3057 3056 3071 3065 3064
2982 2980 2995 2993 2994 3009 3006 2999 2996 2989 2999 2995 2995 2994 2996 3003 2990 2994 3008 3024 3024 3011 3002 3008 3021 3009 3000 3004 3015 3017 3032 3012 3011 3020 3024 3011 3013 3010 3013 3015 3023 3025 3042 3046 3048 3035 3044 3048 3040 3040 3050 3045 3048 3060 3051 3030 3040 3051 3062 3063 3081 3070 3057 3085
2991 2981 2977 2994 2992 3007 3009 3000 2995 2997 2994 3005 3001 2999 2987 2998 3007 3009 3012 3003 2996 3003 2991 3000 3013 3012 3016 3020 3014 3014 3014 3012 3014 3013 3019 3022 3011 3014 3018 3014 3031 3039 3045 3044 3049 3030 3043 3037 3051 3045 3047 3041 3051 3051 3047 3036 3050 3066 3080 3074 3078 3074 3077 3097
3000 2990 2992 3000 3000 3015 2991 2997 2990 2982 3004 3005 2993 2999 2988 3005 3003 3010 3013 3012 3019 2999 3011 3005 3019 3019 3017 3025 3015 3020 3005 3014 3031 3013 3015 3004 3009 3009 3016 3011 3023 3040 3039 3060 3051 3044 3046 3051 3051 3044 3034 3045 3039 3046 3047 3044 3056 3067 3099 3088 3091 3102 3094 3096
3001 3019 3016 3007 3004 3001 2997 2995 3006 3001 2981 2994 3002 3018 3002 3008 2994 3001 3013 3000 3002 2995 2993 3001 3009 3012 3019 3018 3022 3016 3016 3012 3027 3016 3015 3013 3004 3004 3027 3021 3015 3039 3049 3052 3055 3055 3059 3051 3052 3047 3044 3042 3051 3044 3049 3050 3072 3103 3091 3109 3104 3106 3101 3096
3010 3018 3013 3019 3004 3009 2989 3010 3007 2999 2996 3004 3000 3009 2997 3007 3010 3011 3007 3011 3014 3006 3012 3002 3013 3016 3017 3016 3025 3022 3015 3010 3007 3013 3001 3003 3008 3024 3011 3008 3012 3032 3017 3041 3047 3056 3057 3068 3053 3052 3037 3040 3040 3044 3051 3057 3077 3100 3095 3102 3098 3103 3106 3093
3012 3013 3015 3005 3016 2998 3004 3011 3001 2995 3009 3005 3014 2990 3007 3011 3002 3013 3026 3010 3008 3019 2994 3012 3020 3016 3008 3011 3010 3008 3019 3007 3003 3016 3022 3008 3018 3012 3011 3002 3017 3006 3015 3031 3033 3057 3057 3069 3069 3064 3043 3059 3052 3067 3076 3073 3072 3086 3082 3106 3105 3085 3086 3105
3008 3017 3028 3010 3006 3013 2988 2999 3012 2997 3011 2998 3007 3006 2988 3005 3018 3013 3004 3012 3006 2999 2997 3008 3005 3006 3008 3015 3018 3002 3010 3012 3014 3019 3011 3001 3014 3020 3007 3010 3011 3019 3024 3027 3038 3049 3060 3074 3064 3063 3072 3064 3062 3068 3069 3070 3091 3093 3091 3097 3098 3087 3088 3101
3022 3013 3015 2994 3008 3003 2992 3009 2996 3002 3008 3014 3005 3004 3000 2985 3006 3007 3012 3014 3008 3007 2999 3020 3013 2996 3012 3026 3020 3004 3016 3021 3026 3011 3016 3014 3006 2992 3012 3007 3016 3030 3021 3046 3054 3062 3063 3068 3075 3082 3082 3080 3078 3071 3086 3087 3091 3102 3091 3088 3077 3084 3097 3097
3004 3015 3000 3008 3011 3001 2996 2995 3002 3000 3015 3000 3012 2999 3000 3002 2997 3019 3022 3002 3012 3007 3007 3004 3006 3018 3016 3017 3020 3019 3008 3007 3009 3004 3012 2996 3008 2991 3007 3023 3020 3023 3031 3017 3051 3063 3066 3066 3069 3070 3088 3088 3094 3084 3092 3085 3097 3100 3093 3086 3084 3097 3080 3099
3009 3015 3020 3004 3007 3013 3008 3012 3003 3001 2997 3009 3017 3005 3007 2999 2998 3009 3015 3011 3011 3028 3009 3020 3015 3007 3015 3008 3018 3013 3001 3019 3013 3015 3021 3027 3008 3000 3004 3011 3010 3018 3012 3016 3047 3055 3064 3074 3072 3068 3094 3094 3102 3107 3094 3098 3093 3092 3080 3093 3095 3092 3096 3107
3014 3020 3013 3017 2997 3016 3007 3010 3013 2999 2997 3010 3004 2996 2999 2989 3007 3018 3011 3019 3023 3021 3016 3026 3021 3021 3020 3015 3008 3008 3020 3036 3023 3013 3013 3017 3004 3013 3009 3012 3015 3021 3020 3027 3045 3064 3072 3081 3079 3083 3092 3100 3099 3080 3102 3092 3087 3098 3087 3100 3091 3092 3106 3103
3018 3029 3029 3032 3016 3020 3007 2996 3005 3010 3012 3019 2999 3016 3003 3008 3021 3016 3004 3005 3014 3020 3011 3022 3003 3011 3014 3024 3018 3020 3011 3011 3024 3030 3024 3008 3000 3017 3017 3010 3005 3007 3023 3025 3064 3069 3082 3067 3080 3092 3092 3092 3098 3071 3087 3088 3087 3093 3098 3101 3100 3088 3092 3109
3025 3028 3039 3021 3023 3020 3000 3029 3003 3004 3008 2994 2996 3005 3016 3000 3016 3000 3017 3026 3012 3016 3020 3025 3017 3029 3025 3017 3016 3015 3011 3028 3009 3016 3011 3006 3008 3013 3018 3017 3017 3005 3023 3033 3051 3067 3084 3076 3078 3086 3094 3096 3086 3095 3085 3080 3095 3097 3107 3119 3099 3086 3087 3091
3005 3023 3027 3010 3027 3018 3010 3014 3023 3001 3007 3008 3014 3005 3000 3017 3015 3020 3016 3014 3010 3013 3008 3007 3010 2997 3013 3022 3008 3015 3019 3016 3014 3021 3016 3023 3013 3009 3011 3020 3016 3012 3022 3036 3046 3070 3079 3096 3081 3089 3086 3096 3088 3091 3094 3093 3099 3098 3104 3098 3104 3098 3101 3102
3011 3020 3031 3031 2997 3003 3007 3015 3011 3019 3013 3009 2997 2999 3006 3019 3013 3019 3023 3009 3004 3012 3006 3019 3006 3016 3006 3020 3018 3011 3016 3017 3016 3016 3004 3028 3022 3015 2995 3003 3025 3024 3030 3045 3036 3072 3081 3082 3075 3100 3094 3092 3093 3087 3099 3104 3097 3104 3103 3109 3098 3090 3100 3102
3022 3031 3039 3033 3016 3017 3024 3022 3030 3025 3003 2994 2997 3008 3018 3017 3028 2999 3007 3002 3003 3005 3009 3023 2992 3001 3017 3006 3011 3009 2999 3017 3001 2990 3011 3006 3024 3021 3014 3005 3017 3017 3043 3034 3036 3065 3058 3070 3079 3078 3098 3080 3092 3095 3089 3097 3096 3092 3095 3091 3098 3102 3093 3098
3017 3038 3030 3030 3009 3016 3011 3016 3011 3005 3005 2992 3002 2992 3011 3004 3022 3021 3018 3000 3008 3001 3008 3002 2999 3023 3007 2989 3008 3003 2997 3005 3005 2999 3014 3004 3015 3020 3013 3012 3029 3013 3025 3028 3035 3056 3065 3076 3080 3076 3091 3080 3092 3106 3090 3088 3091 3110 3085 3100 3093 3105 3086 3098
3024 3033 3029 3048 3023 3006 3004 3015 3001 3006 2991 3009 3011 2999 3005 3004 2995 2999 3000 3009 3004 3006 2995 3013 3008 3015 3016 3013 3009 3005 3006 3015 3020 3022 2993 3011 3018 3014 3013 3016 3031 3011 3024 3028 3038 3037 3061 3071 3087 3084 3094 3091 3092 3091 3087 3104 3093 3099 3109 3092 3100 3090 3103 3106
3046 3039 3047 3027 3037 3019 3008 3013 2998 3005 3002 3009 2998 2999 3004 2999 3020 3007 3000 3004 3006 3001 3003 3009 3016 3016 2996 2996 3006 3015 3002 3015 3016 3008 3012 3013 3005 3013 3018 3029 3006 3012 3021 3023 3027 3022 3052 3067 3082 3093 3098 3090 3090 3079 3093 3096 3103 3102 3096 3108 3097 3094 3088 3091
3031 3053 3047 3034 3031 3017 3002 3017 2999 2997 2993 3003 3013 3005 3000 3000 3014 3003 3004 3016 3001 3013 3005 2994 3007 3015 3012 3006 2999 3003 3001 3020 3008 3013 2997 2990 3015 3015 3022 3007 3020 3020 3027 3025 3021 3031 3034 3043 3073 3079 3089 3090 3090 3070 3088 3097 3094 3098 3100 3100 3103 3097 3089 3084
3039 3054 3038 3038 3026 3034 3008 3005 3003 2997 3023 3015 3024 2999 3012 3004 3013 2995 3008 2997 3024 3008 3007 3007 3017 3010 3003 3012 3000 3011 3006 3012 3001 3003 2994 3007 3010 3007 3026 3019 3017 3014 3032 3033 3006 3028 3033 3041 3068 3080 3081 3072 3084 3078 3089 3092 3079 3093 3094 3101 3101 3098 3100 3103
3041 3052 3035 3031 3031 3028 3005 3007 3001 2994 3000 3012 3015 3015 3005 2999 3011 3009 2997 3014 3010 3005 3004 3006 3015 2996 3006 2997 3013 3024 3013 3001 3013 2996 3015 3011 3010 3008 3010 3003 3021 3021 3018 3023 3027 3024 3023 3041 3065 3070 3077 3086 3093 3084 3088 3086 3088 3079 3090 3095 3099 3100 3118 3116
3034 3032 3026 3044 3041 3021 3017 2995 3009 3004 2997 3004 3014 3011 3011 3007 2996 3018 3021 3001 3012 3003 3017 3009 3010 2998 3007 3006 3023 3008 3008 3018 3011 3002 3012 3025 3001 3011 3013 3018 3019 3018 3019 3015 3025 3020 3032 3032 3060 3070 3074 3089 3082 3089 3096 3079 3078 3087 3077 3107 3100 3107 3107 3114
3031 3039 3028 3023 3025 3023 3005 2997 3010 3021 3005 3011 3006 3005 3007 3011 3010 3003 3011 3022 3002 2990 3012 3023 3018 3016 3010 3010 3026 3012 2997 3021 3015 3018 2995 3008 3017 3019 3001 3009 3028 3013 3026 3031 3038 3023 3029 3042 3055 3083 3076 3063 3084 3091 3078 3085 3094 3097 3090 3087 3089 3092 3097 3098
3032 3027 3022 3004 3005 3028 3018 3011 3013 3005 3000 3009 3004 3010 3022 3014 2998 3003 2999 3007 3010 2995 3007 3005 3012 3012 3016 3011 3025 3003 2994 2993 3007 3003 2998 2999 3014 3017 3014 3015 3015 3017 3031 3025 3029 3024 3018 3008 3048 3069 3081 3076 3090 3085 3087 3091 3098 3086 3094 3084 3101 3095 3086 3094
3033 3017 3022 3013 3017 3012 3030 3013 3012 3013 3008 3014 2999 2990 3009 2999 3001 2999 3013 2994 2992 3001 3012 3002 3010 3016 3015 3012 3017 3004 3015 3010 3000 3008 3017 3015 3009 3006 3009 3010 3017 3020 3025 3028 3012 3011 3006 3022 3051 3086 3085 3090 3084 3079 3083 3091 3092 3097 3093 3098 3099 3094 3100 3096
3031 3031 3021 3020 3018 3017 3019 3008 2999 3004 2997 3000 3007 3010 3000 2991 3000 3000 3002 3001 2991 3000 3013 3002 3007 3014 3017 3010 2997 2995 3005 3018 3015 3014 3003 2996 2999 3011 2998 3005 3021 3032 3012 3021 3012 3007 3013 3017 3059 3089 3073 3084 3095 3079 3084 3100 3091 3096 3090 3106 3099 3091 3101 3095
3030 3024 3027 3008 3020 3012 3004 3014 3003 2996 2994 3016 3004 3011 3007 3004 2995 2997 3001 3002 3005 3000 3001 2997 3005 2998 3017 3001 3003 3000 3007 3007 3010 3009 3001 3012 3005 3007 3014 3016 3011 3008 3022 3018 3021 3011 3017 3021 3047 3068 3073 3089 3098 3093 3102 3093 3084 3085 3081 3094 3090 3100 3103 3086
3016 3002 3025 3008 3009 3009 3022 2999 2996 3009 3013 3001 3013 3002 3012 2986 2998 3002 3000 2997 3004 3012 3007 2996 2997 3010 3013 3012 2996 2999 2998 3004 3017 3015 2999 3002 3003 3015 3014 3006 3003 3009 3004 3008 2997 3016 3012 3020 3039 3078 3087 3091 3103 3103 3098 3097 3079 3085 3078 3093 3104 3102 3085 3087
3004 3003 3028 3020 3013 3011 3009 3010 2993 3001 3006 2997 2997 3002 3008 3016 3014 3016 3008 3007 3011 3012 3003 3002 3013 3009 3018 2989 3003 2995 3009 3008 3004 3007 3016 2997 3024 3025 3000 3013 3012 2998 3015 3003 2994 3019 3017 3051 3063 3078 3085 3090 3096 3090 3094 3092 3104 3097 3087 3082 3103 3105 3101 3081
3003 3010 3020 3019 3017 3017 3013 3002 3010 2993 2995 2996 2996 2998 3008 3009 3012 2998 3008 3010 3016 3012 3018 3019 3017 2998 3004 2991 3008 3007 3013 3006 3014 3013 3009 3022 3015 3012 3015 3036 3019 3001 3014 3001 2984 3010 3017 3049 3050 3078 3085 3084 3093 3090 3087 3080 3077 3100 3102 3091 3095 3100 3095 3071
3014 3001 3019 3018 3021 3017 3002 3006 2999 2995 2996 2983 2992 3002 3000 3008 3008 3000 3005 3002 3006 3000 2997 3012 3004 3006 3014 3015 3002 3015 3013 3017 3006 3017 3018 3013 3016 3026 3010 3010 3022 3020 3018 3011 3010 3018 3041 3061 3088 3087 3097 3085 3085 3099 3099 3087 3096 3096 3100 3091 3093 3113 3080 3067
3006 3019 2994 3008 3028 3017 3020 2993 3005 2993 2995 2988 2997 2985 3003 3008 3015 3004 3005 3000 3002 2994 3011 3015 3013 3009 3002 3010 3023 3016 3021 3007 3022 3029 3025 3023 3019 3018 3024 3025 3025 3027 3046 3028 3043 3034 3061 3065 3075 3084 3089 3091 3096 3108 3091 3093 3105 3105 3087 3078 3083 3089 3080 3075
3008 3012 3004 3003 2999 2993 3019 3009 2998 2987 2993 2985 2981 2999 3001 3001 3006 3007 3000 3013 3007 3015 2995 3010 2995 3014 3007 3009 3024 3008 3010 3008 3015 3008 3021 3007 3019 3006 3025 3015 3031 3029 3051 3057 3050 3051 3070 3078 3088 3080 3094 3086 3096 3102 3100 3096 3108 3103 3099 3102 3084 3090 3079 3079
3018 3004 2994 3004 3005 3005 3001 2996 2998 2993 2992 2987 2996 2992 3002 3009 3002 2994 3000 2993 3006 3012 2982 3001 2998 3007 3016 3012 3003 3018 3015 3018 3012 3004 3016 3022 3025 3021 3032 3037 3041 3057 3077 3088 3077 3075 3094 3082 3084 3088 3082 3085 3105 3109 3108 3087 3095 3094 3103 3078 3099 3092 3087 3079
3020 2995 2991 3009 3003 3004 3008 2996 3001 3013 2991 2996 2995 2995 3012 3007 2999 2992 3009 3014 3002 3001 3000 2998 3011 3021 3008 3015 3015 3004 3018 3016 3012 3014 3019 3039 3028 3041 3045 3052 3057 3065 3094 3090 3080 3098 3082 3097 3101 3099 3090 3086 3101 3079 3097 3096 3090 3113 3093 3098 3095 3087 3088 3073
3004 3004 2993 3004 3007 3005 2995 2998 3008 3014 3002 2996 3013 2996 2991 3009 3005 3005 3004 3000 3018 2999 2998 3006 3014 3008 3007 3006 3012 3010 3031 3037 3024 3027 3040 3044 3043 3057 3069 3051 3074 3066 3084 3092 3101 3092 3096 3102 3108 3086 3102 3094 3094 3085 3087 3092 3098 3105 3092 3087 3096 3102 3086 3079
3007 2999 3018 3022 3003 3008 3035 3020 3008 3014 3012 3004 3013 3016 2999 3011 3006 3015 3015 3001 3006 3000 3000 3004 3010 3018 3019 3019 3036 3020 3021 3040 3050 3048 3039 3044 3069 3051 3057 3069 3078 3079 3085 3094 3090 3097 3096 3113 3104 3112 3088 3106 3094 3097 3085 3078 3102 3097 3096 3096 3081 3087 3090 3082
2986 2999 3015 3007 3012 3007 3017 3010 3005 2992 2998 3012 3014 3005 3016 3012 3013 3019 3014 3011 3011 3000 3006 3016 3020 3016 3020 3019 3037 3029 3041 3052 3062 3063 3063 3051 3060 3060 3049 3064 3064 3073 3089 3081 3080 3088 3079 3111 3094 3084 3088 3105 3095 3095 3086 3075 3101 3110 3088 3088 3090 3083 3084 3095
3004 3012 3019 3015 3026 3016 3021 3005 3001 3014 3007 3006 3006 2994 3008 2997 3003 3008 3012 3009 3007 3002 3009 3018 3032 3023 3031 3029 3038 3054 3056 3074 3070 3063 3053 3066 3074 3067 3067 3076 3063 3065 3074 3085 3073 3071 3074 3095 3095 3100 3091 3101 3101 3099 3090 3073 3089 3093 3097 3085 3082 3075 3080 3076
3011 2999 3021 3015 3002 3020 3027 3020 3002 3004 3013 3022 3017 3010 3002 2995 3009 3004 3003 3010 2998 3008 3020 3034 3033 3048 3055 3052 3067 3058 3068 3066 3071 3078 3072 3064 3067 3078 3074 3078 3061 3069 3071 3073 3068 3076 3079 3077 3082 3079 3086 3080 3081 3098 3085 3074 3090 3089 3082 3086 3075 3080 3079 3105
3010 3004 3009 3016 3013 3013 3029 3016 2996 3000 3010 3010 3014 2994 3013 3010 3005 3016 3001 3003 3008 3021 3024 3040 3052 3055 3048 3051 3058 3070 3061 3057 3062 3076 3071 3076 3077 3076 3060 3088 3068 3080 3071 3069 3075 3068 3070 3075 3083 3081 3086 3084 3091 3096 3091 3089 3085 3093 3084 3080 3083 3081 3079 3084
2998 3011 3003 3004 3014 3035 3042 3017 3020 3014 3003 2994 2994 3004 2993 3000 3002 2997 3020 3011 3002 3010 3037 3049 3057 3059 3044 3060 3058 3068 3066 3057 3068 3076 3073 3080 3056 3073 3086 3070 3063 3066 3071 3061 3055 3064 3062 3070 3071 3087 3080 3078 3076 3090 3089 3075 3079 3072 3084 3087 3076 3073 3073 3061
3016 3017 3005 3016 3026 3026 3019 3018 3019 3009 3000 2996 3016 3000 2997 3001 3016 3003 3026 3004 3022 3027 3052 3062 3060 3063 3062 3067 3071 3071 3062 3068 3065 3066 3058 3071 3074 3065 3063 3083 3073 3073 3079 3066 3074 3058 3061 3061 3081 3063 3061 3080 3082 3089 3075 3085 3077 3068 3089 3089 3092 3084 3082 3074
3034 3013 3004 3010 3006 3022 3025 3016 3021 3006 3001 3008 3003 3014 3027 3013 3016 3011 3023 3014 3035 3055 3068 3064 3069 3086 3068 3077 3071 3065 3072 3071 3079 3071 3068 3066 3069 3069 3080 3082 3080 3082 3080 3081 3066 3071 3062 3069 3069 3075 3079 3071 3076 3060 3089 3082 3078 3077 3079 3089 3094 3096 3088 3091
3005 3029 3023 3012 3019 3026 3019 3018 3018 3004 3019 3011 3016 3022 3022 3027 3014 3021 3019 3037 3037 3064 3057 3061 3078 3075 3064 3078 3062 3072 3069 3078 3078 3076 3085 3064 3066 3076 3074 3085 3065 3082 3075 3062 3077 3064 3069 3068 3074 3072 3079 3080 3073 3077 3059 3079 3078 3076 3070 3071 3078 3087 3075 3079
3005 3014 3026 3031 3021 3012 3026 3026 3009 3008 3008 3009 3019 3021 3033 3033 3037 3022 3016 3044 3047 3059 3067 3061 3071 3064 3080 3076 3061 3062 3061 3080 3059 3063 3075 3066 3057 3074 3079 3072 3075 3074 3083 3076 3073 3060 3086 3073 3058 3073 3076 3064 3089 3075 3073 3064 3085 3092 3081 3075 3047 3063 3072 3069
3001 3010 3018 3014 3017 3020 3019 3013 3015 3008 3015 3010 3014 3002 3029 3034 3035 3036 3042 3040 3060 3059 3058 3060 3076 3061 3062 3070 3061 3063 3065 3066 3078 3070 3083 3080 3065 3061 3069 3076 3078 3079 3081 3084 3072 3070 3074 3068 3074 3063 3067 3060 3077 3080 3063 3080 3078 3072 3073 3059 3066 3073 3073 3058
3029 3012 3012 3011 3021 3021 3022 3012 2987 3011 3007 3014 2997 3024 3035 3029 3028 3035 3057 3057 3064 3052 3051 3065 3085 3066 3065 3058 3068 3070 3075 3076 3068 3074 3076 3070 3061 3054 3089 3084 3082 3095 3072 3088 3075 3063 3079 3070 3058 3062 3061 3056 3050 3052 3060 3072 3068 3069 3058 3061 3071 3090 3078 3063
3022 3011 3013 3018 3012 3011 3011 3018 3018 3017 3002 3014 3013 3007 3031 3037 3024 3044 3050 3048 3065 3060 3062 3075 3067 3067 3051 3059 3064 3065 3060 3052 3066 3067 3082 3068 3070 3064 3068 3076 3089 3081 3074 3079 3067 3072 3067 3068 3076 3070 3063 3068 3086 3063 3071 3079 3070 3065 3071 3062 3074 3082 3077 3059
3008 3016 3027 3025 3014 3021 3010 3031 3030 3024 3015 3011 3012 3010 3032 3029 3037 3038 3046 3059 3064 3066 3074 3076 3077 3057 3060 3056 3050 3065 3043 3065 3067 3075 3079 3079 3073 3063 3066 3076 3064 3075 3063 3056 3080 3083 3078 3063 3068 3055 3090 3075 3080 3075 3082 3078 3075 3058 3062 3069 3074 3068 3086 3077
