3053 3063 3077 3052 3046 3052 3056 3044 3060 3052 3055 3051 3040 3019 3041 3039 3028 3030 3029 3024 3026 3015 3028 3012 3000 3005 3012 3020 3004 3012 3006 3008 3014 2998 3007 3013 2997 3003 3007 2992 3005 3022 2999 2992 3001 3003 3003 3012 3004 3009 3011 3008 3008 3003 3004 2996 3011 3009 3021 3005 3002 2993 2984 2993
3049 3047 3045 3058 3046 3040 3038 3039 3038 3044 3047 3048 3046 3035 3028 3029 3029 3022 3024 3026 3026 3020 3028 3018 3011 3007 3005 3001 3011 3016 3018 3028 3019 3006 3005 3008 3005 2999 2990 2987 3000 3006 3012 2997 3004 2986 3003 2993 2999 3002 3014 3011 3009 3010 3000 3018 2998 2995 3003 3019 3000 3000 3006 2980
3043 3038 3038 3044 3040 3044 3031 3031 3027 3024 3046 3028 3025 3022 3038 3020 3011 3009 3018 3030 3026 3020 3017 3025 3023 2997 3008 3010 3015 3000 3016 3024 3018 3002 2998 3021 3017 3027 3003 2984 2996 3016 3012 3011 3002 2991 3002 3014 3004 3014 3022 3014 2994 3016 2997 3013 3005 2993 2987 2987 3006 3022 3006 2985
3044 3035 3024 3042 3041 3030 3034 3025 3038 3020 3028 3018 3028 3042 3018 3028 3022 3029 3018 3012 3022 3013 3013 3028 3021 3009 3002 3013 3013 3005 3018 3016 3009 3011 3018 3009 3003 3006 3005 2992 3006 3009 3014 3004 3010 3000 3003 2998 3001 3025 3018 3016 2997 3008 2997 3003 3003 3002 3000 2996 2994 3002 2994 2991
3040 3040 3050 3051 3049 3041 3029 3045 3048 3027 3020 3035 3017 3016 3017 3016 3030 3010 3017 3020 3023 3016 2996 2994 3002 3010 3015 3025 3018 3020 3001 3005 3011 3027 3013 3000 3004 3006 3008 3016 3013 3017 3013 3014 3009 3007 3005 3015 3009 2997 3011 3001 3005 3007 3007 3006 3014 3004 2996 3002 2987 2986 2993 3004
3028 3038 3035 3040 3040 3036 3031 3027 3042 3031 3032 3017 3024 3025 3030 3015 3018 3024 3012 3029 3015 3010 3007 3003 2997 3009 3005 3005 3015 3010 3009 3008 3002 3011 3015 2999 3003 3001 3008 3014 3004 3000 3003 2996 2994 3006 3007 3003 3002 3019 3006 3007 3007 3012 2992 2998 3012 3007 3013 2996 2991 2986 3000 2996
3037 3025 3045 3017 3018 3030 3032 3018 3046 3018 3019 3031 3020 3014 3026 3025 3012 3016 3022 3004 3016 3009 3009 3011 3015 3013 3010 3008 2990 2998 2991 3015 3002 2998 3000 2992 3001 3003 3007 2994 2997 2998 2989 2992 2996 2999 2986 2988 3012 3011 3033 3012 3006 2998 2982 3005 2993 3012 3007 3000 2995 2994 2995 2985
3001 3008 3001 2998 3001 3001 2995 3008 3003 3022 3010 2999 2993 3007 3005 3005 2999 2994 2996 2996 2995 3006 2986 2990 2989 3007 2991 2990 2985 3001 2998 2988 2989 2988 2987 2987 2996 2983 2995 2989 2990 2986 3000 2991 2987 2998 2985 2992 3001 2996 3003 3002 2994 2995 2994 2999 3006 3016 2998 3003 3001 2990 2992 2998
2983 2969 2975 2961 2963 2975 2987 2976 2973 2981 2988 2995 2968 2970 2974 2970 2979 2971 2970 2982 2980 2983 2979 2990 2980 2984 2983 2979 2991 2987 2993 2994 2980 2971 2988 2984 2983 2995 2984 2981 2994 2997 2996 3004 3002 2999 3006 2993 2994 2978 2994 2992 2993 2997 2980 2985 2995 3000 3006 3003 3000 2988 2995 2995
2951 2973 2970 2973 2965 2983 2964 2959 2966 2967 2981 2966 2966 2970 2972 2975 2978 2973 2965 2986 2990 2979 2991 2978 2981 2986 2991 2982 2990 2993 2974 2981 2985 2989 2974 2977 2984 2974 2973 2973 3000 2988 2995 2992 3006 2997 2991 2992 2986 2983 2993 2987 3005 3004 3002 2980 2995 2998 2994 2993 2993 2996 3001 2994
2945 2959 2973 2967 2977 2964 2967 2975 2976 2963 2964 2956 2963 2965 2968 2980 2980 2973 2973 2978 2979 2974 2991 2986 2991 2992 2977 2985 2997 2992 2986 2990 3001 2989 2985 2979 2977 2985 2996 2993 2996 2996 2991 2986 2997 3003 2998 2995 2987 3009 2984 2973 3005 3010 3002 2988 2990 3009 2998 2992 2981 2999 3001 2996
2963 2964 2971 2969 2980 2968 2981 2972 2974 2981 2971 2965 2970 2963 2979 2988 2970 2994 2978 2978 2977 2980 2984 2990 2994 2983 2980 2983 2990 2987 2982 2989 2990 2991 3000 2995 2989 2974 2994 2978 3004 3003 3011 3003 2998 3003 3013 3007 3011 3006 3000 2997 3018 3005 3009 2987 2988 3004 2983 2984 2984 3005 2986 2989
2966 2972 2978 2970 2972 2985 2991 2968 2979 2978 2987 2969 2994 2969 2964 2981 2986 2984 2986 2985 2972 2992 2992 2983 3000 2986 2988 2985 2977 2998 2985 3001 3005 3000 2983 3005 3008 2990 3003 2989 3005 3006 3012 3006 3022 3019 3013 3009 3013 3012 3011 3007 3017 3004 3005 2995 2989 3000 2997 3001 2991 2972 2988 2980
2963 2978 2975 2974 2983 2988 2983 2969 2991 2983 2981 2983 2984 2989 2972 2985 2985 2985 2975 2975 2982 2981 2993 2984 2978 2978 2980 2986 2990 2991 2990 3004 2983 3013 3012 3000 3009 2996 3000 3021 3013 3013 3016 3017 3028 3022 3023 3022 3013 3018 3009 3014 3012 3012 3002 3006 3015 2997 2993 2998 2983 2976 2981 2989
2987 2985 2976 2978 2974 2970 2968 2977 2972 2976 2976 2974 2965 2985 2980 2987 2981 2993 2968 2977 2979 2985 2986 2987 2989 2991 2988 2997 2988 2998 2988 2989 3002 2996 3002 3004 3002 3020 3023 3022 3027 3026 3032 3026 3013 3023 3018 3020 3022 3017 3011 3001 3017 3027 3020 3002 3012 3000 2999 2983 2978 2978 2982 2988
3001 2984 2984 2989 2988 2991 2972 2988 2997 2981 2983 2989 2986 2976 2980 2990 2991 2982 2977 2973 2976 2978 2988 2990 2992 2993 2990 3002 3004 2998 3009 2996 3004 2998 3016 3010 3020 3015 3021 3023 3033 3031 3022 3031 3027 3033 3027 3022 3030 3020 3022 3010 3027 3020 3024 2996 3010 2999 3006 3001 2996 2986 2993 2998
3001 2987 2996 2993 2988 2990 3008 2997 2999 2998 2987 2974 2973 2979 2984 2973 2973 2979 2976 2980 2981 2989 2977 2993 2995 2993 2983 2993 2993 3004 3002 3024 3014 3000 3025 3003 3019 3014 3014 3041 3029 3037 3035 3037 3039 3018 3025 3031 3022 3022 3017 3018 3015 3022 3017 3017 2995 2992 3008 3001 3000 3003 2983 2979
2996 3000 2981 2990 3000 2988 3001 3006 2995 3001 2992 2993 2988 2986 2988 2985 2961 2974 2993 2990 2999 3003 2991 2991 2989 2986 3005 3008 3022 3001 3022 3010 3018 3013 3021 3024 3004 3010 3036 3029 3031 3041 3039 3026 3042 3049 3023 3028 3023 3024 3021 3020 3024 3022 3007 3011 3006 3007 2987 3006 3011 2988 2993 2979
3003 3002 2988 2991 2997 2998 3005 2991 2998 2979 2992 2995 2994 2993 2982 2983 2978 2983 2990 2997 2991 2980 2982 2990 3001 2992 3021 3006 3012 3003 3016 3017 3025 3015 3009 3020 3017 3023 3021 3011 3030 3033 3036 3045 3039 3031 3029 3040 3023 3039 3021 3033 3038 3044 3018 3020 3018 3012 3012 2987 2998 2994 2996 2987
3005 2989 2991 2997 2995 2989 3003 3004 2992 2995 2977 3001 2993 3000 2982 2988 2980 2988 2994 3005 2993 3003 2990 2992 3010 2995 3024 3015 3004 3007 3026 3010 3027 3016 3026 3018 3019 3021 3017 3015 3021 3036 3041 3047 3045 3051 3034 3037 3026 3047 3042 3028 3026 3034 3020 3016 3015 3005 3011 3008 2999 3001 3002 2995
3005 3003 2992 3001 2982 3001 3007 3012 3007 2995 2998 2987 2997 2980 2986 2993 2989 2996 3001 3000 2991 2986 2986 3008 3014 3004 3013 3014 3008 3010 3019 3021 3023 3025 3017 3017 3006 3020 3022 3023 3030 3049 3052 3065 3067 3058 3039 3028 3046 3039 3036 3029 3022 3024 3026 3022 3021 3029 3012 3015 3025 3009 3002 2989
3011 2997 3008 3004 3010 3014 3007 3008 3003 3006 3000 2997 3001 2998 2999 2995 3010 3010 3014 3014 2985 3006 2984 2993 3024 3020 3007 3023 3008 3016 3020 3024 3028 3017 3021 3013 3010 3018 3015 3018 3030 3033 3053 3060 3053 3060 3055 3042 3030 3035 3026 3032 3020 3031 3033 3018 3038 3032 3022 3008 3005 2992 2991 3002
3021 2997 3008 3017 3012 3005 3012 3015 3025 3023 3010 3015 3016 3029 3021 3013 3015 3022 2999 3010 3016 3015 3016 3014 3030 3038 3020 3023 3011 3007 3020 3017 3009 3015 3014 3008 3022 3010 3015 3020 3023 3029 3052 3051 3066 3054 3053 3039 3043 3039 3035 3040 3026 3018 3022 3008 3019 3017 3012 3001 3005 3003 2997 3003
3019 3012 3011 3011 3014 3009 3011 3015 3014 3002 3006 3011 3010 3008 3014 3009 3019 3018 3005 3012 3029 3025 3013 3011 3020 3029 3038 3019 3016 3014 3017 3020 3019 3012 3007 3012 3022 3013 3024 3027 3022 3029 3031 3048 3066 3050 3044 3043 3041 3039 3028 3037 3026 3025 3035 3010 3029 3036 3004 3011 3009 3007 3012 3001
3006 3005 2990 2991 2999 3011 2998 3004 2989 2992 2997 2994 3010 3006 3006 2994 3003 3006 3001 3015 3005 3007 3014 3019 3021 3014 3018 3035 3026 3006 3020 3014 3008 3021 3019 3024 3021 3017 3017 3013 3027 3029 3040 3026 3043 3045 3036 3038 3030 3039 3042 3024 3029 3032 3027 3018 3032 3029 3013 3027 3011 3023 3003 3017
3021 2997 2994 2986 2989 2989 2996 2986 2989 2997 2993 3015 3004 3003 2998 2997 2994 3004 2988 3003 3009 3004 3004 3010 3015 3014 3036 3028 3015 3015 3017 3018 3029 3017 3001 3017 3005 3029 3019 3019 3025 3023 3031 3030 3046 3053 3038 3035 3039 3042 3044 3036 3036 3034 3043 3036 3030 3020 3013 3023 3021 3014 3023 3013
2998 3002 2972 2998 2992 2999 2988 2984 2986 2986 2995 3005 3000 2991 2983 2984 2999 3001 2994 2998 2994 3001 2999 3010 3018 3019 3024 3020 3017 3026 3018 3021 3012 3041 3015 3014 3027 3020 3017 3024 3024 3037 3032 3032 3045 3059 3059 3055 3057 3059 3053 3031 3037 3029 3037 3033 3013 3020 3018 3024 3019 3017 3015 3006
2995 2987 2994 2985 2999 2993 2988 2997 2995 2993 2988 2995 2993 3003 3008 3008 3002 2997 2993 2986 2984 2998 3012 3001 3024 3010 3019 3010 3013 3019 3023 3025 3030 3026 3021 3024 3029 3022 3018 3022 3024 3018 3041 3037 3071 3071 3059 3062 3067 3055 3055 3052 3045 3046 3035 3043 3024 3028 3030 3036 3014 3026 3020 3014
2996 2979 2983 2991 3001 2988 2997 2998 3000 2989 2992 2995 3004 2997 2990 3003 2991 2980 2993 2998 2987 2996 3018 3018 3025 3028 3008 3041 3017 3025 3021 3018 3022 3016 3015 3024 3028 3024 3027 3022 3016 3018 3040 3028 3045 3067 3065 3084 3078 3087 3079 3069 3070 3043 3036 3030 3038 3044 3034 3026 3024 3036 3029 3023
2983 2981 2986 2990 2983 2996 2986 2986 2990 2986 3009 2983 2987 2993 2997 2987 2996 2981 3001 2979 2984 2996 3016 3019 3020 3018 3023 3027 3012 3016 3013 3009 3023 3012 3015 3029 3016 3029 3042 3029 3018 3034 3044 3045 3060 3083 3072 3086 3078 3089 3096 3084 3071 3041 3041 3040 3031 3042 3040 3026 3032 3025 3014 3031
2988 2994 2988 2982 2980 2994 2976 2979 2981 2984 2981 2992 2994 2969 2993 2989 2990 2991 2975 2983 2992 2998 3006 3014 3020 3016 3021 3020 3010 3032 3013 3025 3015 3024 3017 3020 3013 3031 3014 3011 3020 3021 3040 3057 3075 3086 3084 3087 3098 3087 3087 3072 3056 3063 3047 3042 3035 3026 3028 3018 3034 3040 3020 3029
2997 2976 2985 2985 2986 2984 2970 2993 2980 2985 2992 2985 2986 2986 2983 2994 2983 2991 2996 2988 2994 2993 3002 3026 3011 3029 3020 3026 3023 3022 3018 3009 3023 3014 3017 3032 3024 3030 3022 3018 3026 3045 3062 3056 3080 3084 3089 3089 3083 3082 3086 3077 3068 3052 3054 3036 3031 3023 3032 3031 3027 3030 3026 3014
2990 2978 2986 2987 2989 2980 2978 2985 2979 2982 2987 2976 2989 2995 2999 3006 2992 2984 2969 2981 2992 2983 3002 3011 3015 3016 3023 3020 3034 3024 3019 3033 3018 3018 3017 3015 3040 3028 3024 3015 3039 3052 3054 3069 3075 3092 3085 3089 3088 3090 3085 3088 3071 3065 3061 3054 3035 3024 3030 3042 3037 3030 3029 3020
2997 2997 2979 2994 3000 2992 2997 2990 2987 2999 2998 2993 2990 2991 3002 3002 2995 2976 2971 2991 3006 2998 2993 3003 3015 3015 3019 3019 3027 3013 3024 3032 3025 3020 3023 3030 3035 3027 3030 3021 3037 3055 3071 3076 3086 3094 3084 3089 3072 3092 3091 3077 3070 3055 3055 3046 3034 3017 3024 3033 3049 3044 3041 3017
3000 3005 3010 3015 3024 3009 3018 2994 2986 3010 3006 3008 2991 3003 2998 2987 3001 3010 2989 2996 2999 3005 3005 3016 3009 3016 3030 3033 3031 3024 3023 3030 3019 3023 3019 3037 3041 3034 3029 3041 3053 3064 3066 3077 3091 3086 3091 3083 3102 3086 3082 3091 3057 3041 3046 3043 3047 3045 3045 3045 3048 3036 3028 3030
3000 3007 3016 3015 3012 2999 3012 2990 3011 3006 3006 3009 2999 2996 3002 3001 3005 2999 3000 2999 3013 3011 3000 2989 3017 3027 3025 3036 3044 3018 3025 3026 3021 3024 3019 3028 3022 3032 3049 3044 3060 3087 3083 3088 3096 3089 3095 3098 3101 3096 3094 3078 3066 3047 3050 3058 3049 3038 3054 3067 3046 3029 3035 3035
2986 2995 2997 3002 2998 2992 2993 2998 3000 3005 3000 3000 2990 2985 2990 2988 3002 2992 2984 2981 2983 2983 2994 3007 2998 3018 3028 3032 3023 3029 3023 3032 3029 3015 3040 3039 3043 3049 3053 3067 3069 3074 3087 3085 3075 3080 3085 3099 3095 3093 3095 3084 3078 3042 3067 3048 3056 3047 3050 3055 3051 3026 3024 3023
2968 2970 2983 2984 2983 2996 2980 2986 2983 2998 2999 2988 2987 2998 2983 2989 2990 2987 2983 2991 2977 2979 2992 2992 2993 3015 3021 3044 3034 3031 3039 3033 3036 3016 3049 3046 3060 3051 3056 3074 3073 3075 3089 3088 3087 3086 3074 3087 3084 3081 3083 3088 3075 3071 3056 3067 3056 3053 3061 3077 3048 3020 3018 3017
2978 2990 2993 2988 2982 2978 2980 2986 2988 2980 2996 2998 3001 2989 3001 2996 2988 2982 2985 2982 2994 2990 2995 2990 2997 3023 3029 3062 3051 3042 3047 3029 3040 3047 3035 3058 3048 3065 3062 3065 3064 3087 3086 3088 3084 3091 3091 3079 3089 3090 3083 3096 3082 3080 3070 3080 3068 3065 3062 3070 3056 3031 3024 3013
2988 2999 2990 2995 2980 3001 3004 2994 2993 2995 2991 2996 3002 3000 2995 2992 2985 2978 2980 2994 2994 2993 3003 2991 2990 3021 3033 3051 3043 3042 3054 3065 3046 3053 3060 3067 3066 3077 3068 3083 3081 3076 3079 3078 3091 3090 3094 3096 3102 3096 3106 3094 3080 3083 3093 3075 3068 3059 3065 3059 3048 3024 3020 3012
3001 2993 2995 2988 2974 2991 2996 2998 2992 2984 3002 2993 2988 3003 2983 2991 2974 2985 2992 2993 2987 2997 3000 2981 2996 3012 3040 3069 3052 3069 3061 3059 3057 3064 3069 3066 3076 3068 3069 3069 3076 3066 3078 3086 3081 3079 3084 3082 3090 3096 3093 3099 3082 3076 3082 3080 3068 3060 3068 3053 3054 3037 3037 3018
2994 2983 2997 3008 2989 2984 3009 2998 2999 2994 3009 2987 2990 2988 2993 2982 2979 2985 2989 2993 2996 2990 3003 2999 3006 3022 3037 3057 3062 3064 3078 3076 3070 3072 3068 3074 3082 3079 3067 3064 3064 3072 3078 3082 3083 3085 3093 3089 3085 3094 3092 3084 3095 3091 3081 3078 3069 3066 3085 3068 3045 3024 3040 3012
2999 2994 2988 2982 2992 3001 2994 3000 2977 2989 3003 3007 2989 3000 2993 2986 2982 2985 2990 2994 2993 2989 3003 2994 3000 3023 3044 3038 3059 3067 3073 3079 3072 3076 3087 3070 3075 3079 3077 3073 3072 3086 3086 3080 3068 3073 3088 3089 3092 3105 3102 3091 3092 3092 3073 3069 3068 3077 3067 3083 3059 3023 3024 3000
2991 3002 2994 2992 2980 3005 2993 2992 2991 2991 2985 2985 2995 3001 2987 2987 2985 2986 2986 2999 3004 2998 2997 3002 3007 3023 3034 3040 3058 3073 3062 3071 3078 3082 3074 3074 3084 3076 3073 3070 3068 3085 3079 3089 3072 3081 3082 3089 3079 3090 3100 3091 3080 3090 3086 3069 3073 3083 3073 3068 3039 3034 3018 3005
2996 2984 2997 2978 2986 2982 2989 2985 2999 2987 2993 3005 2989 2988 2992 2988 2979 2998 2982 2991 2995 2987 2986 2981 3002 3010 3030 3036 3046 3062 3060 3053 3066 3068 3073 3074 3072 3077 3070 3071 3074 3084 3078 3081 3085 3090 3080 3092 3090 3091 3079 3089 3074 3094 3064 3078 3074 3075 3068 3066 3054 3029 3020 3005
2980 2983 2987 3000 2996 2985 2976 2992 2995 2987 2980 2994 2997 2979 2981 2983 2991 2993 2990 2985 2979 2991 2986 2991 3002 3014 3037 3029 3043 3041 3066 3061 3055 3067 3074 3077 3079 3077 3084 3067 3077 3075 3078 3079 3097 3094 3075 3077 3079 3091 3084 3083 3077 3090 3087 3076 3084 3076 3068 3066 3047 3036 3020 3014
2982 3000 2984 2977 2985 2985 2983 2989 2975 2988 2995 2991 2993 2986 2992 2987 2995 2988 3000 2994 2980 2985 2994 2999 2995 2999 3012 3035 3041 3061 3072 3064 3070 3066 3059 3079 3069 3088 3077 3087 3081 3081 3078 3079 3087 3087 3082 3095 3073 3076 3076 3082 3078 3085 3076 3093 3079 3080 3060 3051 3041 3024 3030 3020
2991 2992 2997 2978 2973 2985 2982 2980 2988 2976 2980 2979 2984 2993 2990 2985 2979 2991 2999 3011 2988 2986 2998 2985 2988 3000 3012 3005 3042 3060 3074 3071 3073 3060 3063 3074 3065 3083 3083 3079 3074 3063 3074 3074 3081 3079 3079 3074 3079 3078 3070 3073 3073 3085 3092 3076 3088 3064 3058 3046 3034 3035 3020 2997
2989 2998 2995 2983 2982 2980 2969 2986 2989 2981 3000 2986 2989 2984 2993 2992 2998 2991 2987 2978 2993 2985 3002 2990 3002 2985 3000 2995 3021 3055 3060 3072 3057 3066 3065 3059 3080 3081 3070 3073 3079 3079 3077 3078 3076 3072 3077 3084 3066 3077 3084 3085 3087 3086 3077 3072 3071 3074 3062 3057 3022 3034 3025 3014
2988 2991 2989 2984 2983 2970 2959 2967 2987 2991 2980 2990 2975 2987 3005 2989 3004 2987 2988 2989 2984 2987 2990 2988 3014 2998 2999 3008 3043 3034 3057 3066 3067 3059 3059 3062 3067 3069 3064 3087 3076 3081 3080 3082 3088 3056 3083 3075 3087 3090 3080 3081 3085 3097 3079 3077 3071 3069 3040 3030 3023 3034 3024 3006
2970 2984 2999 3006 2996 2987 2970 2976 2972 2977 2994 2982 2982 2977 2994 3007 3010 2993 2978 2978 2993 2980 2981 2988 2994 2986 2986 3004 3010 3034 3056 3059 3068 3076 3063 3065 3061 3083 3076 3084 3080 3075 3081 3085 3077 3095 3084 3076 3073 3085 3078 3079 3095 3090 3090 3079 3063 3076 3045 3036 3048 3034 3013 3011
2971 2986 2997 2994 2991 2988 2975 2974 2968 2985 2987 2989 2984 2978 2992 2994 3005 2990 2995 2989 2995 2987 2980 2983 2985 2992 2990 3010 3002 3040 3062 3055 3059 3069 3072 3070 3073 3079 3078 3078 3080 3083 3087 3083 3094 3093 3077 3068 3067 3082 3077 3071 3087 3094 3078 3057 3057 3075 3057 3027 3043 3038 3028 3001
2975 2984 2984 2976 2974 2976 2982 2987 2976 2984 2991 2987 2977 2989 2982 2991 2992 2987 3002 2986 2984 2989 2999 2990 2990 2988 2995 2989 3003 3026 3031 3053 3068 3068 3083 3059 3068 3065 3070 3073 3069 3077 3070 3076 3084 3097 3072 3082 3085 3076 3065 3058 3068 3085 3073 3073 3066 3066 3048 3048 3028 3029 3026 3017
2979 2986 2977 2973 2984 2986 2977 2988 2999 2990 2980 2984 2982 2985 2986 2981 2994 2994 2984 2979 2979 2990 3008 2992 2994 2987 2989 2983 3012 3015 3029 3042 3052 3071 3068 3059 3063 3072 3056 3066 3062 3072 3080 3085 3101 3100 3091 3081 3087 3068 3072 3076 3072 3086 3074 3065 3078 3057 3047 3046 3036 3036 3032 3020
2963 2999 2985 2989 2983 2991 2974 2973 2985 2986 2997 2984 2968 2982 2975 2990 2979 2985 2982 3004 2990 2996 3006 3007 3009 2999 2984 2984 2991 3014 3022 3034 3038 3061 3076 3061 3069 3057 3066 3071 3081 3085 3091 3093 3083 3090 3097 3084 3085 3074 3075 3077 3073 3072 3063 3068 3060 3053 3053 3050 3046 3035 3036 3020
2977 2982 2978 2988 2981 2989 2970 2973 2967 2978 2985 2980 2966 2969 2986 2982 2976 2977 2995 3004 2972 2993 3000 3015 3020 3012 2988 2993 3008 2995 3011 3027 3050 3053 3063 3058 3065 3063 3083 3091 3080 3080 3087 3093 3104 3086 3089 3093 3075 3075 3093 3080 3077 3068 3082 3062 3061 3043 3061 3052 3049 3044 3028 3020
2984 2977 2986 2985 3010 2984 2987 2995 2988 2997 2974 2984 2993 2995 3005 2985 2978 2985 2998 3003 2994 2998 3001 3011 3014 3013 3021 2999 2992 3003 3002 3028 3041 3057 3058 3063 3067 3079 3072 3094 3089 3083 3097 3094 3088 3096 3105 3094 3092 3082 3082 3093 3096 3083 3065 3066 3038 3033 3045 3053 3065 3056 3034 3009
2988 2981 2997 2981 3007 2997 2999 2989 2999 2991 2982 3001 3014 3012 3016 2994 2998 2999 2999 3007 3016 3021 3020 3016 3023 3024 3030 3029 3019 2999 3015 3021 3052 3057 3061 3073 3063 3060 3067 3072 3083 3084 3072 3082 3094 3097 3102 3092 3083 3083 3080 3087 3094 3078 3063 3051 3038 3034 3038 3053 3042 3041 3028 3017
2976 2984 2999 3002 2992 2990 3004 2992 2988 2997 2992 3006 3007 3020 3002 3011 3012 2998 2999 3001 3013 3024 3018 3028 3041 3048 3031 3024 3013 2998 3030 3038 3057 3058 3072 3065 3077 3065 3075 3081 3081 3090 3077 3088 3087 3100 3102 3102 3082 3093 3082 3079 3086 3064 3054 3046 3044 3041 3048 3048 3034 3039 3036 3027
2987 2987 2982 2988 2978 2997 2992 2995 3003 2998 2989 2991 3014 3006 3010 3000 3007 3003 2994 2992 3015 3014 3025 3043 3054 3049 3038 3035 3013 3023 3016 3057 3064 3087 3081 3080 3070 3056 3076 3086 3078 3074 3086 3099 3098 3097 3099 3098 3105 3087 3086 3084 3057 3060 3058 3044 3040 3036 3040 3029 3039 3025 3027 3047
2995 3002 3001 3004 2984 2993 3018 2993 2994 3001 2993 3005 3005 3007 3002 3006 2996 3011 3015 3011 3000 3013 3008 3031 3043 3043 3055 3036 3021 3022 3040 3057 3069 3083 3083 3079 3064 3071 3069 3092 3069 3094 3085 3079 3092 3101 3094 3106 3097 3096 3090 3081 3064 3042 3060 3045 3046 3033 3033 3024 3028 3033 3039 3041
3000 2987 2984 2995 2990 3003 2986 2997 2986 3001 3001 3007 3002 2996 2995 3001 2995 3004 3011 3013 3020 3033 3017 3034 3048 3051 3050 3038 3040 3036 3044 3054 3075 3079 3088 3075 3075 3058 3079 3079 3100 3104 3092 3081 3084 3079 3104 3093 3102 3084 3081 3071 3052 3048 3052 3061 3054 3014 3040 3028 3029 3025 3041 3046
2994 2988 2991 2989 2992 2988 2990 3007 2995 2985 2989 3003 3016 3004 3014 2993 2987 3012 3008 3018 3012 3025 3037 3033 3062 3056 3052 3063 3051 3045 3060 3067 3072 3082 3081 3084 3074 3074 3072 3081 3091 3088 3088 3094 3091 3095 3090 3095 3096 3090 3069 3068 3049 3056 3061 3050 3044 3019 3027 3040 3030 3036 3042 3040
2998 3005 2985 2988 2975 2996 2994 2986 3007 3008 3004 2995 3004 3019 3020 3005 3002 3002 3009 3019 3023 3032 3041 3048 3054 3052 3062 3059 3068 3068 3069 3057 3069 3082 3089 3106 3087 3083 3071 3071 3078 3076 3071 3079 3093 3099 3092 3100 3091 3092 3072 3066 3074 3078 3045 3028 3036 3027 3040 3053 3053 3045 3049 3036
