3056 3057 3045 3038 3060 3048 3032 3038 3020 3026 3027 3042 3026 3025 3022 3034 3031 3017 3018 2996 3008 2999 3013 3023 3022 3013 3014 3012 3003 3005 3010 3003 3000 3002 3002 3003 2999 3007 3012 3001 3004 3032 3007 2986 3006 3018 3007 3008 3003 3003 3005 2999 2997 2976 2986 2998 2993 3017 2999 3011 3012 3022 3009 3002
3048 3056 3045 3039 3048 3047 3037 3039 3030 3028 3031 3033 3035 3025 3035 3030 3015 3004 3014 3019 3009 3009 3026 3023 3025 3013 3014 3019 3009 3001 3013 3011 3023 3012 3006 3009 3000 2999 3014 3002 2984 3004 3002 3012 3007 3011 2998 3003 2991 2992 2997 3007 3008 2988 2993 2992 2989 3000 3002 3022 3009 3013 3023 3009
3050 3044 3046 3048 3039 3030 3018 3049 3043 3037 3038 3025 3044 3017 3026 3016 3014 3012 3014 3009 3009 2993 3018 3005 3020 3022 3014 3018 3005 3009 3011 3019 3029 3008 3008 2996 3001 2994 3002 3004 2993 3005 3014 3004 3004 3000 3001 3013 3005 3001 3007 2995 3004 2991 3013 2980 3005 2995 3003 3001 3009 3005 3016 3014
3040 3037 3047 3027 3030 3030 3039 3031 3028 3025 3022 3036 3031 3017 3015 3010 3012 3013 3022 3017 3013 3022 3017 3018 3019 3012 3017 3028 2999 3010 2998 3001 3020 3006 3013 3007 3002 3003 3001 3012 3000 3004 3001 3003 3004 3004 3009 3005 3010 3015 3015 2999 2988 2990 2993 3001 3001 3008 2998 3012 3002 3013 2997 3004
3046 3036 3045 3032 3032 3020 3037 3034 3025 3013 3009 3030 3021 3029 3017 3013 3020 3007 3023 3010 3010 3006 3018 3015 3005 3000 3031 3011 3013 3014 3005 3000 2995 3003 3009 3015 2997 2998 2992 2995 3009 3000 3004 3011 3002 2997 3009 3007 3007 2997 2988 3004 3002 2993 3005 2998 3005 2991 3005 3006 2999 2988 3001 3002
3028 3029 3034 3023 3035 3017 3020 3023 3019 3014 3022 3023 3031 3014 3008 3017 3007 3006 3017 3013 2998 3004 3009 2992 3006 2999 3002 3020 3012 3004 3000 2999 3007 2995 2998 3010 3002 2994 2994 2993 2992 2996 2989 3001 3003 2993 3010 2992 3012 2993 2997 3005 3007 3017 3016 3009 3009 3007 2993 2990 2989 2994 2994 3008
3035 3030 3020 3021 3014 2999 3014 3023 3014 3012 3008 3023 3032 3029 3039 3022 3001 3026 3018 3013 3004 3004 3013 3021 2999 3004 3015 2999 2994 3002 3001 3011 3008 3008 3021 3001 2999 3014 3001 3001 2997 2989 3007 2993 2991 2999 2996 2995 2993 3000 2995 2991 3007 3007 3001 3007 3008 3014 2991 2985 2984 3004 3001 3004
2998 3005 2982 2988 2986 2985 2990 2988 2991 2985 2988 2991 3002 3005 3006 3000 3003 3001 2988 2997 2983 2988 2987 2991 2994 2991 2994 2990 3001 2995 2989 3000 3001 2993 3012 2993 2989 2990 2993 3001 2998 2986 2982 2971 2988 3003 2999 2986 3006 2998 2995 3005 2993 2993 2992 2996 3007 3012 2994 2992 2995 3003 2986 2999
2963 2962 2951 2973 2959 2968 2970 2970 2972 2955 2977 2981 2991 2984 2982 2977 2974 2969 2959 2973 2964 2988 2976 2973 2982 2973 2980 2988 2981 2986 3000 2996 2997 2991 2992 2982 2974 2968 2992 2977 2973 2972 2983 2989 2987 2987 2999 2995 2995 2995 2984 2985 2987 2989 2993 3010 2996 3001 3002 2993 2984 2996 2983 2990
2942 2946 2965 2962 2972 2968 2964 2958 2959 2965 2976 2979 2984 2982 2976 2966 2981 2963 2966 2970 2987 2981 2971 2982 2987 2989 2978 2983 2994 2981 2977 2983 2975 2992 2986 2988 2980 2983 2983 2980 2981 2980 2986 2983 2990 2979 2981 2991 2987 2984 3002 2998 2984 2980 2997 2999 2998 3005 3006 2997 2998 3006 2993 2996
2967 2964 2967 2962 2958 2961 2962 2960 2984 2973 2965 2987 2981 2975 2986 2990 2977 2962 2966 2998 2973 2974 2970 2959 2994 2977 2969 2979 2999 2992 2991 2994 2992 2983 2978 2996 2992 2983 2981 2978 2981 2982 2993 2990 2987 2973 2982 2978 2986 2993 2997 2985 2994 2989 2988 2996 2987 3001 2989 3007 3000 2983 2998 2996
2959 2968 2974 2981 2958 2960 2964 2956 2985 2970 2976 2987 2986 2972 2970 2991 2971 2983 2970 2979 2991 2987 2973 2969 2982 2979 2980 2982 2981 2993 2993 2994 2996 2989 2990 2992 2984 2986 3001 2990 2984 2992 2983 2989 2994 2991 2984 2985 2983 2995 2995 2990 2996 2989 2993 2990 2982 2981 3004 2996 2978 2980 2995 3011
2966 2960 2969 2976 2958 2972 2974 2978 2974 2969 2970 2972 2968 2969 2975 2973 2978 2976 2977 2978 2976 2979 2984 2983 2983 2983 2987 2979 2997 3000 2986 2991 2993 2991 2984 2985 2980 2986 3003 2991 2994 2979 2980 2983 3003 2998 2981 2984 2977 2976 2990 2986 2998 2989 2984 2988 2981 2970 2989 2988 2979 2978 2989 2985
2962 2961 2957 2956 2974 2968 2988 2968 2972 2977 2973 2972 2987 2960 2970 2978 2975 2985 2979 2983 2985 2996 2986 2978 2987 2989 2986 2997 3002 2989 2990 2980 2993 2995 2981 2981 2980 2983 2999 3003 2999 3006 2986 3005 2985 2987 2991 2985 2993 2982 2992 3001 2998 2971 2992 2989 2983 2992 2994 2985 2982 2986 2974 2980
2980 2971 2979 2978 2977 2971 2978 2984 2986 2986 2976 2974 2993 2976 2968 2973 2978 2981 2982 2977 2987 2980 2990 2995 2995 2998 3001 2994 2984 2979 2987 2988 2985 2989 2983 2987 2976 2986 2986 3006 2996 2993 3003 2989 2986 2992 2986 2999 2992 2989 2989 2974 2976 2981 2991 3001 2996 2984 2978 2986 2982 2993 2983 3001
2985 2981 2986 2978 2996 3000 2987 3000 3004 2991 2978 2983 2993 2977 2982 2983 2992 2974 2972 2973 2984 2977 2978 2990 2989 2982 2995 3007 2998 2985 2983 2990 2990 2990 2992 2999 2989 2991 2984 2993 2997 2989 2991 3003 2990 2999 2997 2988 2995 3004 2979 2993 2996 3004 3005 2997 3000 2987 3001 2981 2981 2996 2990 2995
2993 2993 2987 2994 2998 2993 2999 3001 3003 3001 2979 2989 2997 2991 2998 2986 2988 2982 2984 2985 2982 2993 2981 2978 2981 2991 2997 2992 2999 2993 2992 2979 3004 2980 2995 2993 2996 2988 2988 2995 2990 2991 2994 2994 2995 2998 2990 2979 3001 2996 2991 2988 3006 3005 3019 3007 3002 2983 2987 2989 2987 3008 2988 2983
2998 2999 2990 2999 2999 3000 2988 2990 3001 3006 2984 2996 3005 2996 3008 2990 2973 2975 2984 2982 2980 2977 2977 2987 2980 2974 2990 3002 2991 2985 2987 2978 2996 3005 3003 2981 2992 2976 2982 2992 2993 2999 2991 2984 2999 2989 2991 2990 2985 2990 2993 2996 2999 2994 3002 3008 3003 2999 2995 2972 2994 2989 2988 2991
2997 3000 2976 3000 2977 2992 2982 2991 2987 2986 2994 2991 2995 2996 2991 2996 2995 2984 2977 2975 2968 2975 2990 2993 2987 2991 2999 2994 2985 2996 2995 2992 2987 2988 2988 2986 2983 2976 2988 2983 2993 2989 2996 3003 2991 2990 2999 2984 2990 2973 2976 2986 2987 3001 3012 3012 3001 3008 2988 2994 2988 2994 2988 2982
3007 3002 3000 2992 2988 2992 3000 3001 2973 2989 2999 2989 2994 2999 2997 3002 3009 2993 2986 2979 2978 2991 2993 2993 3008 2984 2995 2986 2990 2974 2992 2982 2997 3003 2983 2990 2990 2983 2984 2988 3008 3001 2999 2989 2984 2996 2988 2979 2987 2992 3010 2999 3005 3005 3000 3004 3005 2989 2991 2993 2990 2993 2984 3002
2991 3009 3005 3003 2994 2999 3011 2989 2991 2994 3000 3000 3013 2999 3004 2994 3004 3004 2991 2986 2981 2998 2995 2988 3001 2987 2994 2984 2991 2991 2989 2989 2983 2983 2995 2988 2999 2982 2998 2988 3009 2992 3013 3001 3001 3006 2993 2988 2984 2989 3002 2997 2997 3003 3008 2995 2997 3000 3003 2997 2984 2990 3001 3009
2998 3020 3017 3007 3015 3009 3013 3001 2999 3004 3008 3010 3010 3001 3002 3000 3002 3002 3009 3004 2989 2998 3005 3005 3009 3006 3006 2994 3001 2989 2991 2995 3008 3004 3001 3004 3006 2985 3006 3010 3001 3014 3018 3014 3017 3017 3010 2998 2996 2995 3018 3003 3007 3024 3012 3004 3005 3010 2993 2998 3003 2997 2990 3001
3010 3016 3023 3023 3018 3009 3008 3009 3006 3028 3017 3011 3015 3012 3000 3014 3020 3013 3001 3012 3008 3004 3015 3016 3015 3008 3030 3018 3023 3001 3013 3015 3018 3014 3023 3018 3011 3006 3023 3012 3002 3020 3022 3027 3006 3015 3003 3016 3016 3028 3014 3006 3027 3025 3020 3029 3014 3007 2999 3017 3015 3004 3004 2999
3018 3026 3012 3012 3023 3015 3004 3015 3022 3014 3011 3008 3007 2999 3014 3006 3018 3000 3011 3006 2996 3004 3009 3014 3018 3017 3010 3006 3021 3011 3020 2999 3004 3004 3017 3008 3013 3010 3023 3014 3020 3010 3004 3014 3010 3014 3011 3020 3018 3016 3006 3013 3031 3017 3014 3023 3008 3020 3003 3011 2997 3006 3012 3008
3017 3016 3001 3010 3006 3006 2996 3007 3007 2997 3004 3003 2998 3011 2994 3012 3002 3007 3003 2998 2989 2998 2993 2996 2993 2994 3002 2988 2987 3000 2998 3004 3000 3006 2999 3012 2999 2997 2993 2990 3007 2998 3006 2994 3004 3012 3002 3008 2999 2987 3006 3007 3011 3008 3015 3001 2999 3005 2997 2994 3001 3013 2995 3007
3005 3004 2999 3004 3001 2992 2977 3000 3002 2995 2992 2990 2987 2983 2998 3010 3009 3003 2984 2985 2997 2994 3004 2991 2995 2991 2994 2988 2994 3006 2997 2997 2986 3002 2996 3006 2993 2997 2994 2995 2997 2998 2988 2990 2992 3007 2981 3006 2996 2981 2990 3011 3012 3012 3010 2996 3000 2985 2998 2997 3000 2998 3005 2997
2996 2987 3015 2986 2987 2997 2973 2994 2990 2992 2996 2995 3000 2994 3003 2998 3007 3004 2986 2993 2978 2994 3000 2995 2984 2999 2981 2998 3001 3003 2987 3007 3004 3021 2992 2989 2999 2988 2996 2993 2995 2994 2988 2982 2991 2982 2992 3000 2988 2986 2990 3000 2996 2999 2993 2994 2989 2989 2997 2988 2991 2980 3001 2985
2994 2995 2995 2997 2998 2982 2992 2999 2986 3008 2994 2983 3000 2990 3003 3015 3012 3003 3006 3010 3005 2994 3012 3003 2993 2984 2987 3005 3002 2992 2980 2986 3011 3003 2994 2996 2995 2982 2985 3006 2977 2989 2982 2994 2986 2983 2990 2989 2993 2987 2983 3001 2990 2986 2998 2991 2990 2996 3002 2990 2985 2971 2989 2998
2997 2988 2998 2989 2994 3004 2981 3003 2994 2993 2990 2988 2990 2996 3015 3025 3022 3018 3011 3026 3004 3019 3016 3007 2996 2994 2996 2999 2998 2992 2992 2978 2977 2987 2998 2995 2974 2979 2994 2991 2992 2987 2991 2994 2994 2987 2996 2990 2975 2977 2992 2992 2979 2997 2991 2989 2981 2986 2989 3005 2990 2993 3002 3004
2992 2992 2992 2993 2986 2990 2987 2992 2987 2996 2985 2986 2997 3008 3015 3006 3021 3023 3018 3022 3017 3028 3021 3026 2998 3011 2999 2997 3001 2991 2988 2972 2986 2992 3004 2994 2979 2975 2984 2988 2985 2976 2998 2998 2993 3003 2994 2995 2974 2976 2989 2994 2991 2989 2996 2985 2998 2999 2992 3002 2994 3005 3002 2999
2983 2991 2992 2984 2993 2990 2985 3005 2997 3000 3000 2999 3020 3009 3020 3014 3014 3022 3020 3018 3016 3030 3021 3004 3013 3014 3004 3010 2997 2991 2993 2988 2990 2984 2987 2979 2976 2983 2990 2995 2990 2978 2999 3000 2993 2998 2990 2996 2999 2993 2984 3002 2979 2982 2990 2990 2991 2985 2995 3003 2996 3003 2985 2997
2985 2992 2983 2987 2991 2997 2983 2993 3002 3010 3013 3008 3014 3015 3015 3013 3016 3022 3017 3017 3009 3015 3016 3011 3003 3021 3009 3017 2998 2995 3003 2997 2995 2996 2980 2995 2981 2986 2987 3002 2981 2985 2989 2984 2994 2987 2996 2999 3002 2991 2989 3004 2989 2994 2993 3005 2983 2994 2994 3011 2982 2982 3004 3006
2982 2985 2990 2995 2996 2995 3002 2998 3015 3010 3023 3033 3016 3036 3019 3018 3025 3025 3015 3014 3027 3019 3025 3008 3026 3022 3017 3014 2995 3010 3028 2996 3003 2987 2986 2983 2988 2997 2994 2993 2964 2985 2982 2992 2991 2983 2992 2997 2985 2992 2989 2992 2987 2991 3001 3000 3007 2980 3005 3006 2996 2991 2997 3013
2991 2993 3000 3005 2998 3006 3005 3015 3037 3018 3018 3029 3029 3031 3027 3036 3020 3027 3008 3027 3021 3034 3030 3024 3031 3016 3026 3014 3023 3023 3028 3011 3008 3002 3009 2992 2990 2995 2992 2985 2989 2996 2987 2988 2987 2997 2999 2994 2995 2985 2989 2988 2979 2988 2994 3002 2998 2997 2995 3015 2990 2979 2993 3015
3000 3008 3010 3014 3014 3013 3011 3020 3003 3020 3026 3020 3040 3043 3032 3038 3035 3039 3029 3003 3022 3019 3019 3024 3014 3023 3030 3023 3020 3034 3024 3025 3020 3017 3016 3010 3002 2992 3006 3020 3008 3002 2994 2992 2998 2996 3004 2996 2990 2999 2997 2999 2987 3001 3003 3012 3017 3007 3008 3001 2995 2991 2997 3004
3023 3009 3024 3024 3024 3020 3016 3036 3009 3018 3021 3025 3030 3037 3046 3030 3031 3034 3010 3012 3023 3021 3018 3019 3014 3015 3021 3034 3022 3032 3036 3032 3030 3032 3020 3015 3009 2993 3019 3004 3005 3002 3003 2996 3001 3005 3003 3004 3003 3007 3002 3009 3008 2995 3006 3012 3001 3011 3010 2987 2990 2985 3002 3013
3003 3001 3013 3006 3013 3023 3016 3027 3037 3041 3051 3043 3041 3038 3046 3043 3019 3014 3016 3017 3006 3015 3020 3011 3013 3014 3026 3031 3032 3031 3034 3029 3026 3026 3013 3017 2991 2992 2994 3018 2994 3005 2999 2990 2996 3000 2997 2994 2992 2990 2996 3007 2995 2992 3001 2991 3007 2999 3016 3010 2995 2985 2998 3004
2986 3006 3003 3013 3027 3016 3025 3027 3032 3045 3047 3053 3044 3030 3021 3033 3035 3025 3020 3020 3005 3025 3020 3025 3020 3010 3008 3016 3026 3018 3038 3044 3030 3037 3016 3001 2982 2984 2974 2993 2980 2998 2990 2991 2991 2997 2994 2991 2993 2990 2991 2983 2989 2983 2993 2994 3004 3010 3006 3001 2985 2997 3008 3004
3013 2993 3005 3009 3018 3014 3013 3021 3036 3038 3044 3057 3038 3044 3027 3035 3028 3028 3025 3015 3026 3005 3015 3018 3020 3017 3010 3028 3037 3019 3037 3035 3029 3029 3027 3000 2995 2985 2982 2994 2991 2986 2997 3002 2986 2988 2994 3001 3001 2990 2993 3005 2987 2987 2978 2997 2995 2989 2994 3017 3005 3011 3008 2997
2984 3003 2996 3011 3023 3012 3006 3013 3040 3034 3060 3060 3063 3039 3044 3039 3030 3026 3025 3020 3019 3020 3007 3020 3023 3023 3016 3028 3038 3037 3030 3028 3036 3038 3021 3019 3001 2986 2987 2974 2988 2984 2981 2995 2993 2998 2980 2984 2992 2998 2983 2985 2980 2987 2981 2991 2990 2984 2984 3003 2998 3011 3001 2998
3016 3021 3000 3009 3004 3016 3008 3012 3023 3018 3037 3047 3049 3069 3067 3059 3060 3037 3019 3035 3039 3033 3010 3023 3030 3025 3030 3037 3032 3036 3039 3035 3031 3035 3022 3005 3011 2993 2990 2981 2989 2996 3000 2990 2989 2992 2997 2987 2985 2995 2982 2992 2988 2985 2983 2981 2976 3000 3001 2994 3003 2994 3013 3015
3008 3004 3001 3015 3028 3029 3013 3021 3025 3031 3030 3051 3058 3070 3076 3057 3084 3060 3022 3025 3034 3043 3024 3023 3036 3032 3033 3043 3040 3048 3040 3041 3038 3034 3041 3039 3013 3003 2998 3002 2981 2990 2999 3003 3002 3002 2979 2985 2984 2996 2999 2997 2985 3001 2986 2988 2985 3002 2980 3013 2993 2993 2984 3007
3008 3006 3009 3010 3016 3011 3006 3029 3045 3033 3042 3063 3066 3069 3088 3087 3073 3053 3035 3039 3050 3050 3046 3029 3024 3037 3028 3049 3048 3054 3045 3043 3037 3028 3043 3039 3018 3018 2992 2982 2992 2979 2990 3009 2990 2991 2993 2991 3005 2996 2993 2991 2985 2989 2998 2997 3001 3005 2976 2993 2990 2978 2994 2995
3000 2995 2999 3021 3014 3019 3007 3037 3037 3038 3050 3069 3071 3081 3080 3080 3075 3072 3068 3055 3057 3059 3046 3037 3026 3037 3028 3046 3055 3047 3053 3059 3042 3043 3027 3013 3018 3015 3003 2981 2984 2984 2997 2995 3005 3011 2996 2999 2991 3006 2982 2986 2989 2998 3000 2991 3006 3000 3009 2984 2988 2975 2983 2992
2980 2991 3005 3011 3017 3004 3019 3027 3041 3051 3062 3063 3077 3084 3093 3091 3066 3079 3066 3067 3059 3059 3057 3059 3044 3036 3049 3055 3073 3064 3060 3058 3056 3048 3040 3039 3024 3009 3001 2982 2988 2997 2992 2994 2997 2996 2984 3000 2991 2995 2983 2982 2994 2987 2990 2990 2992 2995 2994 2993 2981 2973 2978 2986
2992 2994 2997 3013 3021 3020 3025 3035 3038 3060 3080 3078 3092 3080 3092 3082 3074 3072 3074 3067 3062 3067 3059 3063 3059 3045 3060 3071 3082 3064 3061 3068 3063 3062 3039 3034 3032 3001 2988 2993 2994 2991 2996 2997 2986 3003 3000 3008 2967 2979 2980 2976 2972 2986 2991 2990 2995 2985 2993 2978 2993 2987 2979 2978
2993 3007 3001 3026 3022 3017 3020 3024 3036 3061 3071 3075 3076 3084 3093 3083 3085 3089 3064 3071 3066 3068 3070 3064 3060 3056 3068 3083 3088 3085 3084 3078 3070 3060 3068 3042 3019 3004 2997 2976 2984 2970 2988 2989 2986 3002 2986 2996 3014 2986 3005 2982 2986 2987 2985 3006 2984 2990 2995 2988 2995 2985 2985 2984
3007 3017 3022 3022 2999 3030 3017 3034 3050 3046 3069 3084 3096 3090 3094 3088 3096 3090 3074 3082 3070 3081 3074 3072 3086 3083 3070 3082 3075 3086 3091 3085 3085 3072 3068 3055 3030 3006 2997 2977 2981 2983 2976 3000 2997 2993 2977 2993 2992 2999 2990 2991 2989 2981 2982 2985 2979 2986 2983 2982 2987 2990 2986 2980
2992 2998 3014 3010 3023 3019 3022 3032 3046 3061 3080 3085 3076 3080 3082 3101 3079 3100 3079 3088 3082 3091 3075 3081 3090 3065 3080 3075 3075 3110 3079 3086 3102 3078 3069 3056 3046 3032 2996 2999 2991 2982 3003 3002 2984 2989 3000 2992 2993 2986 2989 2985 2990 3009 2983 2989 2982 2998 2989 2971 2981 2983 2982 3000
2991 2996 3007 3009 3006 3008 3023 3032 3052 3065 3067 3087 3085 3092 3096 3092 3091 3100 3096 3084 3104 3100 3090 3085 3100 3086 3064 3080 3072 3072 3078 3082 3086 3071 3088 3073 3063 3034 2991 2995 2989 2987 2994 2996 2979 2986 2989 2990 2981 2985 2993 2978 3004 2995 2983 2986 2984 2994 2982 2990 2979 2998 3003 2997
2985 2996 3004 3006 3005 3015 3027 3044 3050 3061 3080 3073 3093 3086 3088 3083 3092 3084 3094 3078 3089 3093 3088 3091 3086 3086 3082 3090 3078 3083 3093 3099 3079 3080 3069 3073 3062 3045 3008 3002 2981 2989 2984 2996 2993 2992 2998 3001 2997 2988 3000 2991 2984 3004 2988 2988 2985 2995 2980 2979 2982 3003 3005 2997
2980 2995 2997 3003 3009 3016 3017 3035 3044 3055 3074 3076 3077 3068 3081 3068 3092 3078 3091 3089 3085 3087 3095 3091 3080 3083 3075 3074 3080 3092 3089 3071 3072 3068 3070 3053 3041 3044 3040 3006 3001 2988 2996 2984 2997 2995 2997 3008 3001 3002 2985 2985 2983 2986 2977 2994 2992 2993 2985 2987 2993 2996 2990 2978
2997 2999 3010 3003 2999 3018 3024 3021 3039 3044 3072 3071 3071 3085 3085 3082 3074 3098 3084 3084 3077 3083 3097 3087 3075 3088 3069 3082 3077 3094 3096 3088 3089 3076 3072 3059 3042 3031 3017 2998 2994 3001 2991 2983 2994 2991 2993 2996 2994 3001 2998 3003 2977 2986 3000 2999 3003 3006 2995 2987 3000 2994 2984 2997
3017 2999 3014 3011 3001 3013 3027 3026 3025 3057 3071 3076 3074 3091 3084 3077 3071 3079 3078 3088 3092 3078 3102 3085 3088 3088 3083 3082 3075 3093 3093 3070 3070 3072 3073 3061 3038 3038 3016 3006 3001 2975 2993 2995 2991 2995 3006 2991 2998 2992 2995 2996 2991 2991 2997 3000 3004 3009 3013 3003 3005 3002 2995 2995
2991 3002 3010 3008 3008 3014 3012 3028 3020 3038 3061 3076 3068 3063 3074 3080 3094 3073 3080 3081 3082 3097 3094 3090 3079 3078 3070 3082 3069 3075 3078 3073 3067 3066 3064 3054 3047 3037 3013 3001 2981 2984 2996 2992 2989 3001 2999 2987 2989 2995 3006 3001 2996 2998 2994 3001 2998 3010 2991 2993 2993 3001 2986 2987
2980 2993 2997 3001 3001 3009 3012 3036 3027 3035 3059 3070 3075 3072 3077 3085 3100 3086 3084 3071 3095 3102 3094 3083 3073 3089 3062 3081 3069 3055 3074 3079 3061 3078 3078 3065 3034 3019 3007 2991 2980 2983 2986 2996 3009 3004 3005 2988 2991 2991 2999 3010 2993 2994 3002 3003 2994 3011 2985 2996 3003 3007 2992 2998
2992 2989 2988 3006 3015 3010 3006 3022 3027 3039 3061 3069 3076 3080 3089 3097 3101 3103 3091 3094 3080 3090 3084 3091 3079 3070 3074 3083 3071 3066 3080 3074 3070 3058 3070 3063 3037 3014 3023 2999 2996 2984 2984 2994 3011 2994 2990 3014 2982 3001 2995 2997 3012 3006 2994 3002 3000 2995 3009 3005 3001 3009 3000 2994
2996 3001 2998 3008 3033 3007 3020 3014 3010 3044 3048 3069 3062 3092 3094 3102 3087 3096 3093 3091 3074 3085 3076 3067 3090 3097 3081 3084 3075 3070 3076 3075 3073 3069 3070 3047 3016 3017 3031 3006 2992 3000 2989 3003 3002 3009 2999 2987 2995 3002 3006 3001 2994 3006 2990 2997 3002 2999 3014 3022 3009 3000 3012 3013
2990 3001 2999 3003 3021 3016 3020 3027 3027 3026 3044 3062 3091 3076 3090 3103 3088 3086 3095 3083 3078 3089 3076 3084 3086 3093 3094 3078 3079 3086 3071 3072 3084 3067 3067 3058 3019 3011 3014 3024 2996 3001 3018 3022 3009 3001 2996 2986 3002 2997 2999 3005 3006 2989 3004 3010 2996 3013 3008 3022 3015 3013 3003 3001
2987 2995 3003 3014 3007 3030 3035 3024 3016 3033 3037 3043 3066 3081 3089 3085 3090 3071 3072 3086 3078 3093 3085 3086 3092 3080 3083 3075 3079 3069 3061 3062 3068 3050 3054 3046 3034 3022 3020 3022 3014 3013 3009 3016 3018 3013 2990 3004 3011 2999 2997 3000 2981 2977 2999 3008 2996 3008 3007 3001 3003 2999 2995 2998
3019 3000 3006 3009 3015 3011 3021 3028 3013 3025 3054 3050 3056 3073 3080 3089 3073 3080 3087 3081 3081 3082 3074 3083 3089 3083 3085 3081 3063 3073 3073 3065 3070 3072 3060 3041 3035 3017 3018 3019 3007 2995 3003 3005 3009 3005 3010 3014 2993 3001 3001 3015 2993 2998 2987 2999 3005 2991 3020 3009 3011 3005 3003 3008
3001 2997 3014 3002 3014 3020 3024 3016 3015 3033 3040 3037 3053 3058 3070 3077 3081 3092 3099 3097 3090 3081 3093 3083 3086 3083 3086 3081 3093 3073 3079 3067 3063 3063 3055 3047 3031 3004 2995 3008 3001 3003 3004 2985 3002 3013 3000 2999 2992 3001 3008 3012 3013 2997 2995 2985 2983 2992 2996 3004 3000 3013 3007 3009
3005 3011 2996 3010 3028 3005 3017 3020 3026 3027 3024 3029 3037 3055 3071 3067 3083 3091 3072 3082 3095 3085 3098 3103 3090 3101 3088 3101 3087 3082 3070 3065 3066 3050 3062 3048 3031 3016 3005 3008 3005 3000 3007 3002 2997 3004 3005 2999 3004 2999 2991 3005 2998 2993 2998 2991 2983 2985 3002 3001 2999 3008 3008 3013
3011 3010 2991 3004 3027 3014 3013 3023 3027 3019 3023 3017 3031 3067 3067 3073 3090 3081 3089 3094 3089 3078 3093 3097 3089 3095 3102 3085 3081 3096 3076 3065 3056 3039 3054 3038 3024 3013 2993 2988 3006 3002 2993 2990 2985 2990 3010 3002 3003 2997 2988 2986 2988 2999 2984 2992 2983 2998 3006 3018 2996 2988 3015 3030
