3066 3063 3050 3049 3055 3041 3025 3031 3052 3055 3057 3056 3034 3029 3044 3046 3050 3040 3052 3028 3020 3022 3030 3052 3038 3043 3040 3032 3032 3026 3032 3017 3024 3012 3022 3027 3030 3017 3023 3029 3026 3025 3024 3029 3022 3017 3023 3019 3031 3025 3033 3030 3029 3032 3032 3033 3030 3029 3025 3035 3025 3020 3020 3031
3070 3051 3041 3039 3062 3051 3051 3045 3048 3047 3043 3038 3040 3042 3026 3037 3031 3032 3049 3051 3036 3049 3038 3045 3043 3043 3050 3031 3035 3026 3021 3041 3023 3031 3028 3039 3035 3038 3026 3026 3035 3036 3030 3033 3021 3022 3026 3023 3028 3037 3029 3021 3029 3030 3041 3036 3027 3023 3030 3026 3020 3037 3041 3026
3051 3041 3041 3041 3032 3044 3051 3056 3052 3032 3037 3052 3035 3034 3022 3033 3037 3037 3037 3054 3041 3045 3032 3043 3023 3027 3043 3035 3028 3036 3035 3040 3044 3049 3045 3040 3047 3033 3040 3038 3043 3040 3049 3042 3028 3014 3029 3022 3034 3037 3036 3034 3016 3033 3023 3011 3010 3011 3021 3012 3020 3029 3045 3036
3048 3044 3051 3042 3060 3052 3044 3054 3053 3041 3026 3040 3038 3053 3045 3026 3046 3041 3034 3037 3042 3035 3028 3037 3026 3026 3027 3036 3032 3033 3021 3020 3031 3034 3034 3031 3036 3034 3027 3019 3032 3036 3038 3028 3028 3021 3019 3010 3028 3042 3024 3022 3024 3031 3024 3029 3014 3021 3031 3021 3019 3032 3036 3021
3053 3053 3054 3051 3045 3052 3068 3043 3052 3045 3051 3033 3025 3031 3027 3030 3029 3029 3028 3027 3023 3020 3021 3029 3026 3019 3024 3054 3048 3028 3016 3012 3015 3022 3013 3028 3025 3006 3025 3007 3029 3036 3022 3028 3025 3019 3032 3011 3029 3022 3025 3013 3029 3008 3013 3013 3017 3012 3010 3015 3008 3019 3027 3013
3059 3043 3034 3050 3040 3042 3052 3041 3035 3038 3029 3025 3034 3038 3022 3031 3024 3029 3027 3014 3024 3031 3024 3020 3016 3026 3031 3018 3034 3028 3027 3013 3027 3020 3018 3025 3010 3022 3007 3020 3022 3015 3019 3026 3014 3020 3006 3022 3010 3004 3010 3008 3018 3012 3016 3007 3019 3020 3024 3025 3037 3019 3019 3043
3037 3045 3041 3046 3043 3032 3025 3036 3030 3024 3032 3026 3036 3032 3031 3033 3021 3015 3020 3015 3028 3025 3029 3027 3029 3023 3023 3026 3010 3015 3040 3024 3030 3027 3022 3016 3008 3017 3023 3032 3018 3020 3018 3022 3017 3013 3010 3004 3004 3013 3019 3023 3014 3010 3017 3019 3031 3041 3021 3013 3023 3022 3044 3059
3013 3021 3016 3026 3011 3009 3019 3004 3023 3015 3012 3010 3001 3006 3016 3006 3017 3022 3014 3024 3018 3006 3012 3011 3009 3014 3008 3015 2991 3014 3020 3011 3014 3010 3020 3014 3014 3019 3015 3018 3020 3004 3010 3028 3026 3020 3007 3006 3017 3006 3002 3012 3005 3015 3023 3015 3020 3030 3030 3034 3020 3030 3040 3038
2970 2979 3003 2986 2983 2983 2980 2992 3000 2991 2992 2993 2977 2990 2992 2997 3003 2999 3004 2989 2997 3006 3000 2998 2991 3005 2988 2995 2991 2991 2999 2992 3006 2997 2987 3000 3000 3011 3008 3005 3008 3003 3013 3018 3004 3014 3010 3005 3004 2995 3034 3013 3024 3030 3013 3014 3005 3012 3020 3019 3045 3030 3029 3023
2970 2975 2974 2973 2976 2979 2983 2992 2990 2997 2986 2990 2985 2984 2987 2988 2996 3006 3001 3003 2994 2989 3003 2995 3005 3010 2988 2994 2987 2998 2991 2999 3009 3013 3005 2986 3002 2994 3010 3005 3018 3005 3019 3019 3008 3005 3017 3019 3016 3013 3004 3027 3026 3031 3027 3028 3012 3036 3019 3024 3035 3029 3032 3030
2980 2972 2990 2972 2972 2970 2976 2983 2997 2994 2996 2991 2993 2983 2979 2984 3010 2996 2999 3003 3004 2996 2999 3009 3010 3013 2997 2985 2985 2995 3005 2987 3017 3014 3004 3008 3021 3012 2998 3009 2994 3018 3010 3001 3008 3005 3011 3023 3022 3023 3013 3029 3022 3037 3028 3017 3020 3017 3034 3025 3036 3031 3040 3037
2966 2957 2980 2977 2984 2985 2990 2979 2992 2989 2986 2995 2983 2998 2994 2995 3015 3000 2990 2999 3006 2986 2996 2999 3006 2997 3001 2987 2994 2997 2995 3008 2999 3008 2996 3003 3021 3008 3007 3010 3020 3020 3014 3013 3006 3011 3017 3020 3013 3017 3022 3024 3021 3037 3021 3016 3025 3025 3037 3033 3031 3052 3041 3029
2964 2982 2974 2970 2969 2978 2992 2979 2982 2990 2991 2989 3003 3014 2997 3006 2997 3000 2988 2987 3010 3007 3002 2998 3002 3016 3001 2996 3001 3007 3004 3005 3002 3006 3006 3000 3005 3004 3020 3025 3028 3020 3025 3020 3014 3005 3002 3026 3018 3026 3024 3014 3017 3027 3010 3035 3036 3038 3042 3035 3032 3041 3037 3022
2979 2991 2989 2990 2977 2991 2984 2983 2982 3001 3007 2998 2998 3005 3005 3007 3001 2999 2993 2991 2994 3000 3007 3004 3005 2998 3009 3011 2997 3006 3000 2995 3008 2999 2993 3008 2998 3006 3012 3010 3020 3028 3014 3017 3006 3010 3005 3026 3004 3027 3021 3014 3023 3007 3009 3019 3026 3049 3035 3028 3032 3045 3035 3035
2985 2991 2972 2988 2991 2982 2994 2996 2997 3005 2999 2998 2999 3004 3003 3008 2989 2988 2989 2992 2994 3005 3001 3006 3002 2998 3001 3001 3007 3001 2994 2997 3000 3011 3003 3006 2992 3015 3012 3012 3005 3013 2999 3007 3011 3023 3007 3002 3018 3003 3008 3015 3016 3015 3028 3023 3017 3035 3042 3026 3040 3028 3048 3046
3002 2983 3008 3003 3000 2986 3005 2989 3004 2989 2985 3004 3003 3009 3001 3006 3003 2998 3000 3005 2999 3005 3009 3010 2998 3002 3016 3006 2992 3002 2990 3007 3001 2999 3002 3010 2999 2998 3017 3009 3013 2997 2993 2995 3006 3022 3009 3010 3024 3002 3010 3001 3004 3024 3010 3020 3023 3025 3030 3042 3031 3040 3036 3038
3012 3016 3014 2993 2996 2998 3000 2993 3002 2999 2996 3001 2985 3000 3002 2993 3006 2994 2993 2985 2997 2997 3013 3020 3002 3007 3003 3006 3010 2986 2991 2999 3013 2998 2998 3002 3006 2999 3011 3019 2989 2996 2991 2994 2999 3015 3012 3000 3017 3009 3002 2996 3012 3017 3013 3015 3017 3038 3034 3042 3037 3044 3039 3043
3022 3025 3003 3007 3008 3002 3003 3003 3013 3016 3006 2992 3002 3001 3011 3002 3006 3007 3007 2999 3005 3002 3014 3017 3003 3002 3016 3012 3005 3006 3004 3003 3013 3021 3007 3013 3008 3005 3018 3024 2996 3001 2998 3009 3006 3009 3019 3018 3006 3007 3006 3003 3011 3027 3008 3018 3018 3028 3036 3037 3038 3037 3030 3033
3013 3010 3003 3008 3012 3000 3007 3017 3018 3014 3013 2999 3012 3000 3013 3003 3008 3008 3008 3009 3015 3004 3012 3006 3002 2998 3008 3006 3004 2999 2997 2990 3011 3007 3009 3012 3005 3002 2995 3016 3000 3005 3007 3008 3013 3018 3010 3010 3006 3015 2999 3024 3019 3015 3018 3011 3005 3039 3038 3040 3052 3041 3036 3025
3013 3009 3011 3006 3003 3020 3023 2998 3015 3020 3017 3007 2996 2999 3001 3019 3017 2998 3010 3020 3011 3008 3014 3005 3012 3008 3009 3013 3003 3006 3001 3004 3019 3020 3013 3000 3000 2997 3007 3000 3004 3006 3014 3012 3015 3018 3011 3007 3021 3008 2998 3004 3017 3014 3013 3004 3013 3018 3025 3041 3048 3055 3053 3042
3015 3007 3017 3018 3022 3008 3015 3020 3002 3014 3021 3019 3010 2996 3013 3013 3009 3010 3004 2987 3007 3016 3006 3019 3007 3015 2993 3005 3000 3004 2993 3007 2998 3017 3010 3008 3013 3003 2998 3006 3015 3012 3015 3013 3023 3026 3027 3007 3015 3015 3012 3007 3008 3033 3015 3027 3025 3022 3023 3048 3048 3037 3040 3056
3007 3019 3010 3022 3012 3022 3012 3024 3019 3023 3018 2996 3004 3011 3008 3013 3016 3016 3008 2994 3008 3008 3012 3011 3020 3006 3001 3012 2999 2996 3005 3008 3003 3010 3005 3005 2994 3000 3018 3013 3008 3017 3015 3008 3011 3022 3017 3011 3014 3013 3017 3017 3016 3017 3015 3012 3000 3036 3027 3048 3053 3044 3051 3065
3003 3017 3009 3011 3009 3006 3001 3019 3034 3021 3006 3002 3010 3006 3002 3014 3018 2999 3001 3004 3006 3016 3018 3012 3019 3002 2994 2992 3000 3006 3010 3012 3007 2993 3010 3009 3009 3015 3009 3012 3007 3015 3006 3000 3020 3005 3005 3008 3009 3018 3025 3016 3003 3006 3020 3006 3020 3023 3031 3034 3062 3066 3075 3079
3015 3009 3013 3012 3020 3017 3013 3013 3021 3006 2995 3000 3002 3014 3002 3012 3001 3013 3017 3014 3007 3016 3007 3012 3016 3011 3002 2999 3003 2995 3015 3009 3013 3001 2998 3011 3012 3011 3008 3009 3008 3013 3011 3005 3018 3002 3004 3019 3007 3008 3015 3020 3026 3026 3016 3025 3020 3020 3038 3040 3064 3077 3070 3077
3014 3020 3030 3016 3017 3002 2998 3024 3030 3020 3017 3006 3007 3004 3021 3022 3025 3026 3007 3021 3016 3014 3033 3017 3024 3014 3007 3007 3003 2993 3001 3005 2999 3009 3003 3005 3017 3005 3013 3023 3009 3010 3007 3003 2997 3002 3022 3025 2999 3000 3003 3025 3017 3015 3005 3020 3005 3016 3046 3050 3052 3054 3074 3073
2999 3017 3016 3021 3018 3008 2993 3020 3032 3030 3024 3025 3011 3019 3019 3015 3023 3021 3017 3032 3023 3012 3025 3016 3015 3000 3003 2999 2996 3003 3012 3005 3005 2992 3003 3013 2999 3004 3024 3005 3014 3014 3017 3015 3003 3008 3005 3008 3014 2998 3012 3026 3016 2998 3021 3008 3019 3028 3043 3034 3049 3071 3072 3075
3023 3005 3021 3022 3028 3005 3015 3013 3042 3024 3022 3022 3014 3031 3016 3018 3023 3013 3021 3022 3012 3017 3027 3019 3015 3003 3009 3011 2997 3010 3008 3015 2995 2990 3008 3014 3008 3017 3016 3021 3007 2999 3016 3001 3013 3009 3018 3019 3022 3024 3024 3027 3012 3015 3015 3013 3021 3015 3015 3037 3049 3069 3082 3073
3015 3018 3019 3020 3016 3010 3018 3023 3032 3029 3022 3023 3033 3025 3006 3036 3035 3030 3017 3032 3016 3014 3037 3019 3010 3016 2989 3007 3004 2998 3003 3010 2990 3007 3009 2994 3008 2996 3008 3011 2998 3014 3012 3002 3018 3018 3008 3009 3023 3025 3019 3012 3015 2998 3002 3003 3020 3023 3024 3034 3050 3057 3080 3072
3011 3017 3030 3021 3017 3024 3037 3021 3022 3021 3029 3024 3024 3026 3022 3009 3007 3016 3010 3031 3017 3027 3029 3026 3021 2999 3015 3005 2997 3003 3017 3014 3004 2985 3005 3009 3003 2993 3001 3023 3003 3007 3027 3022 3012 3015 3006 3007 3018 3019 3022 3016 3007 3000 3005 3011 3018 3004 3025 3027 3043 3056 3049 3074
3026 3017 3023 3019 3025 3017 3021 3027 3009 3007 3012 3023 3033 3029 3023 3016 3021 3018 3040 3020 3022 3027 3040 3030 3005 3013 3016 3012 2989 3007 3007 3009 3003 2989 2995 2998 2989 3009 2995 3003 2996 2997 3003 3025 3025 3020 3030 3004 3022 3007 3000 3000 3004 3002 3004 3005 3023 2998 3022 3016 3029 3049 3035 3056
3013 3010 3017 3012 3016 3011 3016 3013 3026 3015 3017 3020 3034 3033 3037 3041 3044 3041 3036 3032 3033 3036 3031 3024 3026 3026 3011 2990 3010 3002 3008 3022 2999 3000 3014 2990 2990 3002 3008 3007 3012 3005 2998 3012 3013 3020 3020 3012 3015 3014 3004 2996 3006 3011 3014 3015 3011 3006 3015 3016 3023 3035 3049 3071
3019 3015 3023 3021 3012 3013 3007 3008 3000 3008 3002 3024 3034 3037 3046 3053 3042 3036 3031 3030 3040 3029 3035 3033 3019 3010 3006 2995 2995 3003 3008 2995 3011 3000 3010 3006 2995 3000 3005 3013 3007 3010 2997 3003 3015 3021 3030 3006 3023 3007 2991 2999 3018 3024 3020 3019 3006 3011 3016 3008 3022 3028 3039 3052
3020 3016 3010 3019 3018 3020 3011 3007 3000 3010 3008 3028 3023 3034 3045 3043 3047 3027 3024 3031 3043 3038 3042 3033 3014 3019 3003 2999 3003 3002 3004 2995 3001 3017 3012 2999 2993 3002 2992 3019 3024 3014 3022 3011 3018 3023 3015 3020 3002 2993 3006 3009 3007 3018 3010 3026 3013 3011 3020 3015 3024 3038 3046 3046
3013 3012 3014 3025 3006 3010 3004 3018 3014 3003 2992 3021 3020 3035 3043 3049 3049 3041 3026 3032 3052 3038 3032 3038 3020 3017 2994 3004 3002 3005 2997 2988 3015 3019 3015 3016 3009 2998 3007 3009 3014 3025 3023 3012 3018 3016 3006 3011 3006 3006 2999 3013 3014 3013 3018 3011 3016 3018 3010 3019 3023 3032 3037 3047
3019 3005 3014 3016 3025 3035 3012 3010 3008 3010 3011 3021 3040 3048 3040 3043 3031 3042 3039 3047 3035 3055 3032 3049 3007 2998 3012 3003 3005 2994 3000 3010 3014 3001 3005 3003 3005 3006 3010 3008 3003 3001 2999 3014 3015 3014 3013 3003 3011 2991 3013 2999 3030 3003 3011 3012 3022 3012 3017 3015 3023 3021 3031 3042
3004 3009 3018 3006 3028 3013 3031 3014 3002 3017 3015 3025 3020 3042 3045 3041 3029 3043 3030 3040 3033 3045 3035 3027 3013 3006 3007 3006 3007 3017 3012 3006 3012 2994 3003 2996 3010 3014 3003 3006 3007 2992 3019 3017 3012 3019 3007 3007 3009 3016 3002 3003 3020 3011 3022 3017 3016 3011 3017 3009 3028 3028 3029 3043
3016 3006 3003 3007 3009 3017 3020 3013 3004 3003 3012 3024 3030 3034 3037 3033 3039 3052 3040 3036 3034 3035 3028 3028 3009 3011 3007 3007 3009 3001 3009 3022 3015 3010 3008 3001 3007 3008 3008 2997 3010 3005 3006 3012 3021 3020 3017 3016 3003 3003 3011 3007 3019 3021 3023 3000 3004 3003 3022 3003 3018 3033 3038 3033
3006 3011 3019 3012 3019 3019 3008 3012 3008 3023 3022 3030 3015 3020 3023 3032 3039 3042 3037 3035 3036 3037 3027 3026 3014 3005 3007 3015 3010 3019 3005 2999 3018 3012 2997 3009 2993 3013 3006 3010 3003 2997 3005 3008 3027 3022 3029 3012 3011 3006 3010 3015 3005 3016 3006 3007 3015 3006 3023 3020 3029 3024 3022 3028
3002 3008 3019 3016 3016 3013 3006 3011 3004 3022 3021 3021 3012 3013 3024 3019 3036 3034 3039 3041 3041 3041 3037 3013 3012 3010 3006 3001 3000 2996 2995 3006 3016 3012 3004 3005 3001 3005 3004 3006 3000 3003 3002 3009 3019 3018 3017 3019 3005 3008 3006 3013 3021 3009 3003 3025 3008 2993 3020 3029 3022 2997 3021 3039
3008 3015 3012 3015 3007 3018 3006 2996 3002 3014 2998 3012 3003 3018 3010 3020 3003 3024 3026 3038 3043 3039 3028 3038 3006 2997 2986 2993 3001 3005 2998 2989 3002 3006 2995 3002 3005 3015 3013 3006 2989 2997 3011 3028 3019 3015 3013 3021 3022 3005 3004 3021 3011 3008 3013 3012 3012 3009 3022 3020 3015 2998 3018 3046
3024 3011 3019 3012 3012 3002 3019 2994 3003 2998 3015 3018 3021 3015 3018 3028 3020 3019 3027 3041 3050 3040 3023 3010 3004 3004 2991 3003 2994 2996 2999 3002 3011 3001 3008 3008 3005 3014 2993 3008 3005 3006 3027 3021 3019 3014 3013 3019 3007 3012 2993 3004 3022 3014 3015 3028 3026 3026 3011 3024 3012 3008 3031 3042
3004 3013 3018 3017 3016 3009 3004 3009 3002 2992 3010 3007 3003 3016 3013 3009 3018 3015 3019 3031 3039 3036 3024 2997 3014 2994 2994 2997 2996 2993 2988 2998 3006 3011 3002 3012 3007 3006 3006 3001 3002 3002 3020 3028 3015 3020 3006 3017 3008 2992 3009 3012 3008 3007 3020 3025 3031 3019 3020 3009 3011 3029 3044 3051
2990 3006 3011 3012 3007 3008 3015 3013 2997 3002 3008 3017 3021 3011 3004 3009 3010 3006 3007 3023 3037 3027 3013 3011 3029 3015 3029 3017 3001 3016 3010 2994 3014 3012 3016 3016 2996 3000 3007 3012 2995 3006 3004 3012 3025 3023 3019 3013 3014 3006 3018 3018 3019 2998 3016 3012 3026 3025 3019 3015 3015 3012 3037 3046
3000 2997 3008 2996 3005 3016 2989 2996 2997 3004 3021 3018 3030 3003 3013 3016 3026 3006 3015 3013 3038 3034 3034 3024 3011 3014 3014 2999 2993 3016 2996 3012 3009 3013 3015 3005 3014 3022 3002 2991 3002 3010 3020 3010 3013 3008 3008 3013 3013 3016 3013 3032 3024 3011 3026 3015 3015 3035 3014 3009 3020 3025 3049 3054
2995 2999 2996 3006 3005 3008 3002 3005 3008 3005 3014 2999 3011 2998 3001 3000 3013 3003 3000 3018 3032 3031 3019 3020 3007 3004 3010 2990 2996 2996 3003 3002 3006 3014 2996 3001 3000 3010 3001 2996 3005 3019 3001 3014 2996 2994 3009 3010 3027 3017 3020 3033 3016 3012 3016 3025 3015 3022 3027 3026 3040 3056 3058 3054
3013 3003 3008 2996 3012 2999 2995 3005 3011 3017 2995 3005 3002 2996 3020 3005 3010 3008 3005 3010 3034 3029 3005 3013 3008 3010 3004 2998 2994 2998 3011 3002 3005 3023 2999 3004 3015 3006 2995 2998 3007 3003 3011 3006 3006 2995 3006 3023 3015 3027 3031 3030 3032 3014 3031 3011 3022 3013 3043 3048 3048 3074 3061 3067
3012 3014 3002 3006 3014 3007 3005 3012 3013 3008 3000 2996 3004 3012 3018 3009 2997 3017 3027 3013 3022 3031 3017 3020 3006 3017 2992 3005 3003 3009 3002 3014 3010 3009 3008 2998 3009 2995 2994 3008 3003 2997 3009 3012 3003 3001 3005 3012 3016 3018 3015 3009 3023 3014 3013 3016 3029 3021 3043 3052 3063 3066 3052 3077
3018 3019 3010 3012 3011 3011 3004 3012 3004 3012 3005 2992 2989 3003 3001 3007 3000 3008 3013 3018 3019 3031 3017 3000 3010 3007 2996 3001 2996 2987 3017 3008 2998 3000 2998 3005 3013 2991 3005 2994 2998 2998 3012 2995 3012 3008 3007 3024 3012 3013 3012 3012 3016 3016 3012 3014 3035 3046 3041 3076 3073 3065 3063 3074
3015 3006 3009 3011 3012 3012 2996 3006 3004 3006 3010 2990 2990 2996 2996 2994 3010 3013 3006 3009 3013 3023 3025 3028 3031 2998 3012 3005 2999 2998 3009 3012 3000 3009 3014 3005 3010 3003 3000 3013 3009 3006 3021 3008 3014 3014 3013 2995 3002 3002 3017 3034 3028 3028 3031 3042 3029 3034 3074 3085 3082 3070 3075 3077
3006 2994 3005 3010 3025 3012 3007 2994 2999 3007 2998 3007 2994 3004 2993 3005 3014 3024 3006 3014 3030 3017 3036 3024 3021 3019 3002 3010 2996 3003 3009 2995 3003 3014 3000 3005 3002 2999 3005 3018 3015 3001 3023 3023 3006 3005 2999 3002 3019 3011 3025 3029 3021 3032 3040 3050 3036 3055 3069 3077 3087 3075 3089 3099
3014 3005 3004 3012 3023 3010 3000 3007 3002 3004 2995 3014 3010 3003 3017 3006 3019 3014 3002 3004 3035 3026 3025 3011 3022 3013 3021 3002 3010 3015 3014 2998 3015 3008 3015 3007 3002 3004 2997 3014 3008 3013 3025 3011 3019 3016 3009 3001 3015 3028 3028 3031 3037 3040 3049 3055 3054 3065 3058 3074 3078 3084 3080 3105
3023 3005 3012 2999 3008 3007 3005 3013 2995 2998 3002 3006 3015 3024 3004 3011 3008 3001 3007 3021 3017 3031 3010 3013 3013 3012 2996 3020 3010 3013 3010 3025 3013 3011 3012 3005 3005 3007 3007 3009 3007 3007 3013 3011 3024 3018 3012 3038 3037 3039 3038 3045 3035 3031 3045 3064 3067 3067 3079 3086 3072 3074 3096 3104
3013 3003 2992 3001 3014 3009 3016 3011 3004 3009 2988 3000 3012 2998 3006 3009 3009 3002 3009 3014 3023 3027 3028 3013 3013 3012 3008 3010 3008 3003 3002 3013 3017 3010 3007 2999 3008 3013 3006 3006 3007 3003 2996 3008 3022 3030 3026 3042 3043 3046 3043 3039 3047 3061 3054 3062 3070 3076 3069 3075 3064 3059 3066 3063
3014 2999 2968 2992 2996 3015 3013 3016 3018 3005 3009 3006 3001 3003 2999 3004 3009 3015 3008 3024 3021 3035 3029 3014 2990 3007 3014 3011 2998 3000 3003 3007 3007 3002 3004 3010 3016 3000 3012 3016 2997 3003 3009 3018 3021 3034 3051 3051 3056 3059 3049 3060 3066 3060 3062 3063 3059 3071 3070 3073 3053 3069 3062 3055
3000 3006 3003 3007 2992 3006 3008 3015 3018 3006 3002 3016 3000 2999 3007 3016 3004 3018 3012 3010 3014 3027 3023 3012 3005 3005 3003 3008 2998 2991 2994 2995 3002 3003 3000 3005 3007 3008 3011 2997 3010 3008 3016 3026 3036 3053 3048 3059 3052 3049 3075 3069 3062 3073 3076 3052 3069 3066 3059 3058 3067 3074 3059 3055
3008 2999 3004 3005 2999 3010 3018 3000 3013 3011 3005 3026 3012 3008 3004 3015 3005 3008 3012 3007 3007 3005 3018 3002 3014 3010 3005 3006 3005 3002 2996 3000 3016 3010 3013 3008 3001 3016 3021 3004 3017 3019 3028 3045 3054 3063 3072 3065 3060 3059 3065 3060 3061 3066 3069 3064 3075 3065 3065 3053 3062 3081 3070 3060
3014 3014 3022 3008 3010 3014 3002 3015 3002 3014 3018 3027 3017 3020 3017 3011 3019 3025 3019 3016 3028 3010 3023 3016 3028 3022 3017 3011 3005 3000 2996 3003 3022 3023 3013 3013 3003 3017 3023 3036 3034 3032 3039 3061 3067 3073 3070 3080 3066 3065 3067 3063 3063 3071 3073 3074 3079 3078 3068 3075 3081 3094 3068 3075
3022 3028 3041 3019 3013 3017 3004 3020 3009 3019 3013 3017 3039 3020 3032 3015 3020 3017 3034 3028 3018 3027 3016 3022 3030 3030 3031 3015 3012 3015 3006 3003 3016 3008 3024 3008 3012 3026 3024 3027 3037 3049 3059 3062 3073 3079 3063 3058 3063 3074 3065 3072 3080 3077 3078 3058 3078 3083 3080 3083 3086 3084 3065 3065
3002 2994 3031 3025 3022 3012 3005 3019 3006 3017 3012 3015 3020 3037 3035 3020 3032 3038 3038 3028 3028 3036 3036 3038 3032 3027 3018 3012 3016 3020 3011 3024 3013 3028 3019 3015 3020 3033 3032 3048 3061 3063 3061 3067 3073 3071 3065 3058 3064 3062 3061 3065 3069 3077 3066 3092 3086 3072 3088 3076 3077 3076 3092 3083
2987 3004 3020 3017 3018 3010 2997 3005 3023 3018 3001 3008 3041 3019 3032 3028 3034 3039 3034 3038 3032 3034 3038 3036 3040 3025 3012 3009 3012 3019 3015 3004 3020 3023 3015 3020 3022 3031 3037 3042 3059 3071 3061 3071 3074 3077 3067 3066 3062 3069 3062 3078 3075 3056 3075 3087 3080 3079 3078 3081 3078 3082 3098 3098
3007 3009 3027 3014 3005 3002 3023 3005 3010 3015 3015 3018 3019 3018 3028 3029 3034 3024 3041 3031 3030 3026 3026 3025 3024 3024 3016 3008 3008 3006 3023 3008 3008 3013 3033 3020 3031 3046 3050 3050 3063 3063 3063 3069 3061 3075 3063 3059 3068 3063 3061 3061 3070 3065 3068 3069 3075 3086 3084 3086 3073 3081 3092 3090
3029 3019 3011 3002 3009 3022 3022 3009 3008 3026 3017 3026 3007 3033 3018 3023 3012 3016 3015 3015 3027 3034 3018 3018 3015 3021 3016 3012 3019 3008 3005 3019 3025 3012 3027 3036 3050 3056 3065 3070 3064 3055 3075 3085 3062 3071 3057 3062 3081 3073 3063 3065 3065 3056 3069 3073 3069 3086 3083 3073 3074 3090 3069 3083
3033 3020 3013 3006 3006 3011 3021 3023 3013 3015 3013 3008 3010 3003 3008 3016 3008 3021 3016 3013 3019 3028 3009 3017 3025 3014 3013 3021 3019 3016 3016 3018 3015 3017 3024 3030 3041 3047 3053 3053 3057 3062 3049 3072 3072 3077 3063 3067 3068 3053 3069 3057 3066 3075 3069 3079 3079 3068 3078 3085 3063 3084 3084 3085
3022 3026 3008 3018 3011 3027 3008 3011 3017 3000 3004 2999 3005 2994 3000 3002 3005 3012 3010 3010 3030 3015 3017 3023 3004 3020 3014 3016 2998 3005 3016 3028 3027 3024 3044 3053 3035 3026 3052 3058 3060 3053 3071 3073 3077 3085 3077 3075 3076 3062 3066 3067 3087 3081 3081 3086 3083 3083 3063 3064 3061 3069 3072 3077
