3056 3060 3052 3070 3058 3045 3076 3045 3049 3053 3051 3054 3053 3047 3036 3044 3050 3042 3053 3036 3027 3038 3040 3037 3041 3045 3034 3051 3034 3045 3037 3032 3044 3022 3036 3029 3021 3010 3041 3044 3023 3017 3016 3023 3024 3014 3011 3017 3005 3025 3024 3028 3004 3012 3006 3012 2999 3000 3003 3004 3004 3005 3006 3008
3063 3056 3048 3043 3051 3051 3047 3045 3043 3044 3048 3040 3032 3032 3047 3031 3037 3043 3039 3044 3033 3031 3035 3044 3038 3045 3040 3034 3039 3029 3033 3032 3028 3016 3016 3022 3017 3022 3024 3030 3016 3011 3019 3005 3021 3023 3014 3014 3000 3006 3026 3017 3015 3026 3012 3005 3009 3007 3007 3004 2995 3004 2993 2998
3054 3040 3048 3049 3042 3050 3055 3050 3046 3056 3043 3029 3030 3029 3028 3030 3050 3037 3030 3022 3047 3049 3040 3046 3055 3059 3046 3030 3028 3035 3013 3012 3008 3003 3007 3008 3021 3019 3024 3018 3037 3018 3021 3017 3006 3011 3007 3009 2993 3010 3003 2999 3010 3024 3022 3014 3010 3013 3018 3002 2999 3002 2990 3002
3042 3050 3047 3043 3042 3053 3061 3051 3035 3047 3048 3042 3023 3017 3023 3034 3026 3025 3034 3033 3043 3040 3036 3036 3040 3027 3045 3041 3019 3029 3024 3012 3004 3029 3003 3024 3011 3014 3011 3012 3019 3014 3025 3011 3010 3019 3018 3027 3025 3010 3010 3015 3012 3018 3009 3006 3013 3009 3003 3018 3004 2992 2994 2998
3060 3034 3052 3045 3043 3051 3055 3043 3033 3044 3047 3033 3029 3020 3027 3034 3030 3031 3035 3019 3040 3042 3040 3031 3027 3014 3023 3031 3017 3017 3009 3011 3015 3015 3018 3008 3008 3020 3015 3013 3027 3021 3033 3012 3024 3015 3018 3030 3014 3010 3018 3009 3009 3009 3012 3002 3010 3013 2999 3018 3006 3013 3002 3018
3038 3046 3047 3037 3041 3047 3052 3036 3029 3027 3050 3041 3026 3026 3028 3030 3034 3039 3029 3030 3037 3033 3035 3038 3024 3008 3019 3021 3012 3013 3009 2994 3012 3006 3000 3003 3016 3019 3006 3011 3010 3016 3019 3001 3007 3018 3015 3019 3023 3014 3009 3015 3018 3000 3009 3001 3008 3011 3004 3006 3011 3005 3009 3022
3032 3033 3053 3033 3019 3032 3022 3030 3028 3013 3038 3028 3038 3040 3027 3025 3026 3032 3040 3030 3013 3014 3028 3030 3025 3012 3020 3025 3004 3012 3017 3017 3017 3002 3022 3021 3005 3012 3010 3003 3014 3013 3008 3008 2993 3000 3012 3004 2999 3009 3024 3004 3012 3010 3004 3000 2996 3014 3002 3008 2992 3002 2996 3003
3014 3017 3018 3014 3002 3010 3005 3004 3008 3013 3009 3011 3017 3012 2996 2998 3010 3010 3021 3013 3006 3010 3006 3004 3001 3015 3008 3015 2995 3005 3006 3013 3006 3007 2998 2998 3001 3001 2992 2992 3005 3004 2997 2998 3004 2994 3002 3000 3001 3001 2993 3004 3001 3006 3008 2993 3008 2998 2988 2986 3002 3000 3010 3007
2979 2992 2976 2980 2975 2987 3000 2989 2995 2980 2985 2982 2991 2981 2979 2988 2983 2986 2993 2989 2990 2979 2977 2979 3004 2995 2998 2990 2993 3002 2992 2992 2997 2999 2993 2998 2988 2989 2989 2990 3008 2999 3003 3001 3007 2995 2987 2991 2992 2986 2999 2995 2999 3004 2983 2996 2997 2993 2990 2995 2998 2994 3005 2994
2983 2982 2993 2979 2976 2979 2993 2993 2984 3002 2968 2977 2995 2988 2988 2983 2977 2981 2990 2986 2994 2984 2987 2983 2996 2993 2998 2992 3004 3007 2995 3008 2993 2993 2997 3001 2984 2995 3004 2996 3006 3006 3011 3002 3000 3008 2996 2996 2984 3006 2996 2998 3002 2997 2996 2995 3000 2981 2990 2986 2995 3003 3007 3007
2983 2990 2996 2996 2989 2981 2977 2980 2984 2971 2969 2983 2989 2990 2992 2987 2987 2994 2997 3001 2994 3004 2997 2988 2986 2989 2996 2990 2993 3000 3004 3011 3009 3008 3000 3003 3014 3001 2990 2986 2993 3006 3009 3000 3006 3010 3002 3002 3008 3002 2983 3008 3010 3009 3003 3001 3002 2995 2997 2997 3007 3009 3009 3008
2972 2993 2996 2986 2976 2983 2981 2984 2984 2983 2986 2976 2991 2988 2989 2978 2998 2999 3002 2998 2985 2994 2995 2989 2990 2995 3002 2997 2997 2985 3006 3002 2995 3001 3004 2990 3005 3005 2996 3002 3003 3012 3003 3003 2995 2996 3000 2997 3002 3000 3004 3005 3003 3002 2992 3003 2990 2995 3001 3000 3003 3003 3003 3008
2980 2982 2992 2986 2973 2986 2978 2995 2999 2982 2985 2988 2996 2990 2987 2984 3006 3001 2998 2991 2975 2999 3001 2986 3012 3013 2997 2987 2998 2981 2989 2988 3000 2993 2990 2983 3002 3010 3002 3001 3003 3001 3005 2998 2995 2998 3001 3002 3007 2999 3006 2994 2997 2997 2997 3014 2998 3006 2997 3021 3002 2999 3007 3008
2997 2994 2981 2994 2995 2988 2982 2979 2979 2983 2991 2993 3004 3001 2988 2989 2986 3001 2998 2992 2986 2983 2985 2993 2989 3006 3002 2999 2990 2995 2981 2992 2995 2990 2992 2989 3011 3007 2998 3000 3014 3005 3003 2996 2998 2993 2985 3009 2996 3004 3004 3009 2999 3001 3008 3002 2998 3005 3004 3013 3011 2998 3002 2997
2992 2976 2973 2976 3002 2998 2986 2999 3001 2996 3001 2992 2988 2991 3000 2998 2989 2976 2993 2998 2993 2996 2981 2984 2986 3003 2998 3002 2985 2986 3004 3004 2990 3002 2977 2987 3004 3006 3004 2992 2998 3008 3010 3010 3003 3005 2998 3003 2999 2990 2979 3000 3010 2984 2992 3005 3004 3012 3004 2992 2984 2993 2989 3005
3000 2994 2998 2998 2994 2995 2983 2998 2993 3009 2993 3000 3006 3005 3004 2992 2987 2989 2997 2998 2985 2985 2977 3001 2996 2999 2989 2989 2994 2987 2984 2996 2998 2996 2999 2977 2988 2998 2997 3005 2986 2991 3004 3007 3010 3000 2997 2989 3003 3002 3003 2995 2994 3011 2988 3005 2998 3003 3012 2991 2992 2995 3007 2995
3015 3000 3004 2993 2995 2999 3003 3003 3011 3008 2994 3002 3008 3002 3006 3007 2988 2983 3001 3004 3000 3000 2988 2992 2996 2995 3015 2996 3000 3003 2986 2997 3000 3008 2990 2999 2996 2980 2996 2998 2997 3001 3009 3017 2998 2999 2987 3002 3004 2993 3001 2993 2997 3004 2987 2992 2993 2990 2996 2998 2994 3013 2995 3000
2995 2998 3010 3007 2980 2978 2993 3000 2997 3002 2994 2999 2985 3006 3005 3000 2987 2997 2995 3002 2999 2994 2989 2993 2998 2989 3008 2992 3000 2991 2990 2997 2997 2994 2991 2990 2980 2979 2992 2995 3003 2995 3004 2995 3009 3008 2994 2991 2997 2995 2986 2992 2993 2985 2986 2995 3000 3002 3002 2997 3004 3007 3004 3001
2995 3006 3006 2993 2978 2988 2994 2997 2984 3006 3001 3000 2989 3005 2994 2988 2993 2999 2996 2994 2993 2992 2986 2984 2991 2994 2989 2997 2998 2995 3003 3010 2993 2987 2998 2998 2998 2983 3004 2983 2989 3005 2986 3007 3005 2998 3011 3000 2995 2998 3001 2985 3008 3015 3010 3011 3015 3006 3002 3007 3007 3006 3007 3011
2999 2996 2986 2994 2978 2989 3014 2994 2989 2994 3009 2993 2983 2994 2999 3005 2998 2986 3000 3001 3001 3009 2996 2999 2988 2994 2986 3001 3001 2992 2994 2990 2995 3000 2999 2985 2992 2998 2993 2999 2988 2995 3005 3003 3004 2994 2986 2988 2994 3001 2989 3013 2998 3012 3002 3006 3003 3012 3004 3004 3010 3007 3005 3023
2992 2994 2991 3003 2986 2990 3002 2995 2987 3004 3012 3015 2995 2996 2987 3007 3012 3000 2996 3006 2997 2995 3006 3003 3004 2990 2986 2988 2982 2996 2998 2989 3001 2987 2993 2990 2997 2994 3001 2995 2991 2986 3001 3007 2998 2990 2989 2989 2993 3019 2997 2998 2994 3004 2998 3005 3005 3008 2998 3023 3011 3005 3012 3001
3005 2980 3006 2987 3001 2998 2994 3003 2990 2996 3011 3005 2998 3008 2977 3001 3000 3000 2993 2996 2996 2992 3003 2999 2990 2997 2994 2983 2990 2997 2996 2993 2988 2993 2998 3000 2982 3000 2991 3000 3001 2991 2993 3005 3007 3002 2995 2986 3004 3001 3001 3006 3005 3006 2997 3000 3003 3002 3010 3015 3018 3022 3000 3027
3000 2996 3005 2993 2995 3011 3006 2999 2994 3000 3009 3012 3018 3005 3000 2994 2981 2996 3008 3005 2994 2997 3011 2984 2982 2990 2987 2985 3000 2983 2998 2993 3008 2995 2989 3006 2984 2987 2992 2995 2993 2984 3001 2980 3006 2998 2994 2992 2996 3005 3013 3002 3013 3013 2999 3002 3002 3009 3010 3028 3016 3023 3033 3035
3013 3011 3003 2987 3007 2993 3001 3010 2997 2985 3013 3004 3007 3009 2992 2992 2998 3008 2997 2999 2997 2992 2996 2982 2979 2988 3008 3003 2980 2988 3001 2990 2990 2994 2989 2993 2999 2994 2969 2996 2988 2992 2993 3001 2992 3017 2990 2992 3006 2999 3007 3008 3019 3005 3009 3001 3022 3013 3005 3018 3029 3028 3023 3026
3000 3013 3018 3018 2996 3009 2987 2993 2998 2990 3002 3011 3008 3007 3005 3009 3003 2997 3005 2997 2991 2999 3003 2999 3000 2991 2995 2985 2993 2994 2995 2997 2988 2991 3006 2997 2989 3002 2986 2987 2999 3009 3008 2996 3011 2989 3002 3008 3009 3002 3017 2997 3019 3037 3015 3019 3029 3030 3033 3022 3018 3004 3010 3022
3021 3017 3010 2992 3000 3001 2993 2999 2992 2997 3006 2995 2996 3011 3004 2999 3008 3009 3003 3005 2999 2996 2997 2997 2986 2984 3005 2996 2984 2988 3001 3010 3002 2988 3001 3006 3001 2993 2996 2988 2991 3007 3008 2994 2998 2990 3009 2999 3010 3000 3001 3008 3007 3020 3018 3023 3017 3030 3022 3018 3006 3006 3010 3021
3012 3010 3007 3007 2990 2990 3008 2994 3005 2997 3002 2991 3012 3003 2999 3013 3010 3014 3019 3010 3000 2998 2996 2987 2994 2994 2989 2988 2990 2988 2997 3011 2992 3003 2993 3000 2991 3011 3009 3012 3013 3007 3002 3007 2994 2995 3001 2989 2994 2992 2995 3003 2993 2987 2987 2991 3011 3008 3017 3010 2998 3011 3009 3002
3002 3004 2989 2999 2991 2990 2994 3005 3014 3003 2994 2996 2989 2992 3020 3006 3015 3014 3002 2994 3010 2987 2985 2983 2996 2990 3000 2992 2987 2984 3002 2997 3002 3002 2999 3002 3002 3009 3015 3013 3005 2998 2999 2997 2998 3000 2999 2989 2996 2996 2996 2998 2992 2979 2997 2980 2995 3013 3002 3002 3007 3003 3005 3017
2996 2997 2995 3014 2999 3011 2995 2991 3004 3012 3023 3007 3008 2989 3015 3011 3000 3014 2989 3001 3004 3012 2998 3002 2991 2985 3009 2989 2993 2992 2999 3004 2999 3001 2990 3001 3010 3005 2996 3001 2991 2987 2993 2993 3013 3007 2993 2985 2995 2995 2999 3000 3005 2992 2990 2990 3009 3008 2997 2983 3015 3002 3025 3003
3000 3019 3011 3002 3007 3006 3012 3002 3003 3011 3019 3011 2992 3000 3007 3017 2998 3000 2990 2981 3001 3011 3009 2994 3001 2994 3014 3003 2998 2994 2998 2998 3003 2997 3002 2995 2994 3010 3001 3003 3001 3000 2999 2991 3004 2997 2999 2997 2983 3000 2988 3003 2988 2982 2997 3010 2989 3003 3005 2997 2990 3007 3010 3006
3005 3000 3024 3012 3005 3005 2986 2993 2999 3011 3019 3010 3009 3003 2995 2990 3000 2997 3002 3002 3007 3004 2990 2992 2996 3005 3005 2990 3001 3006 2997 2994 2999 2993 3004 2996 2990 2985 3002 2997 2985 3010 2999 3003 3010 3015 2999 2987 2994 2997 2988 3002 2996 2999 2998 3011 2999 2999 3002 2992 2996 3006 3008 3009
3001 3010 3010 3008 3004 3005 2997 3003 2996 3021 3023 3014 3007 3008 3002 2996 2990 3005 2999 3004 3001 2995 2990 2982 3012 3003 2993 3005 2993 3001 3002 3012 2996 2998 3002 2989 2995 3005 3003 2999 3005 3006 2995 3003 3008 3011 3004 3007 2995 2986 2992 2993 2995 2999 3002 3007 2996 2998 2991 2992 3014 3007 3010 3000
2993 2997 3011 3009 3018 3007 2998 3003 3011 3003 3014 3013 2994 3008 2991 2992 2990 2997 3011 2996 2996 3003 3001 2995 3002 3003 2995 2995 2998 3010 2996 2998 3000 2983 2991 2990 3006 2992 2995 3003 3008 3019 2999 3023 2991 2994 2994 3002 2986 2985 2990 2992 2998 3000 2991 2993 3002 3008 3008 2999 3005 3012 3000 3004
2995 2998 2998 3016 3006 3012 3012 3005 3008 3015 3024 3013 3011 2996 3002 2980 2996 2999 3007 3002 2998 3002 3002 2995 3006 3011 3002 2996 3003 2999 3004 3003 3011 3009 3012 3006 3004 2995 3001 2999 3007 3003 3013 2999 3006 3008 2992 3007 2986 2996 2983 3002 2997 3002 3003 2991 3009 3015 2996 3011 3001 3008 3012 3021
2998 2997 3012 2997 3015 2995 3012 3012 2997 3008 3012 3005 2992 3010 3011 3000 3001 3008 3005 3005 2996 3010 2997 3001 3008 2993 3011 2991 3001 2999 2992 2984 2990 2992 3001 2986 3001 3007 2996 2998 2998 3013 3000 2999 3009 3021 3013 3002 3011 3000 3019 3000 2997 3006 2998 3005 2999 3010 3002 3005 3007 3008 2993 3022
3006 2997 3001 3005 3011 3010 2995 3000 3011 3003 3007 3002 2994 3011 3016 3010 2985 2992 3005 2998 2995 2995 2997 3000 2999 2988 2990 3006 2994 3013 3006 2987 3003 2997 2999 2996 3003 2996 2990 3005 3006 3011 3006 3007 3003 3018 3015 3002 2999 3003 3009 3003 3002 3000 2987 3008 3000 3004 3002 3002 3006 3003 3013 3000
3013 3010 3007 3001 3013 3020 3011 3004 2995 3003 2996 2994 3018 3008 3003 3008 2996 2992 3010 2993 2999 3008 2998 2998 3001 2996 2988 2995 3001 3016 3003 2993 2998 3007 2988 2994 3004 2991 2997 2988 3009 3000 2998 3003 3014 3005 2996 3003 3008 3003 2989 2997 3000 2993 2980 2987 2988 3000 2996 3005 3016 3012 3003 3007
3008 2998 2990 3003 3010 3007 3010 3012 2994 3013 2994 3012 3001 3011 2994 3008 3002 2999 3006 3017 2998 2994 3010 3000 2996 2992 2994 3007 3007 3005 2998 3016 3013 3005 3004 3005 2998 2998 3001 3000 2994 2999 3001 3007 3006 3016 2987 3001 3006 3004 2991 2992 2990 3007 2994 2982 2986 2970 3004 3001 3000 3003 3011 2994
2996 2994 2986 3002 3015 3003 3004 3000 3008 3003 3003 3008 3004 2995 3002 3000 2995 2993 2983 3001 3014 3000 3005 2992 2997 3002 2998 2997 3010 2988 2994 3004 2999 2998 3003 3000 2993 2990 3000 3002 3014 3008 3006 3013 2995 2996 3001 2999 2995 3001 3009 3000 3005 3008 2994 2979 2985 2987 2998 2993 2998 2990 2998 2998
2988 3002 3000 2999 2988 3007 3003 3008 3018 3007 2999 3004 3003 2993 3007 3003 2996 2994 2998 3001 3015 3008 3010 3001 2988 3004 2994 3007 2991 2990 2997 2991 3005 2993 2995 2992 2983 2994 2991 3004 3006 3005 3007 3009 3010 2986 3005 3014 2989 2991 2996 3006 3006 3007 3002 2989 2990 2991 2993 3002 2995 2988 3004 3002
2990 2989 3004 2995 3014 3009 3019 3017 3010 2992 2989 2984 3008 3002 3007 2990 2994 2996 3007 3003 3006 3011 3000 2991 3001 2993 2999 2989 2996 2988 2997 2992 2999 3005 3009 3009 3001 2998 3001 2991 3006 3005 3002 2984 3002 3007 3005 3005 2997 2987 3007 2999 3001 3018 3001 3001 2987 2991 2989 3002 2996 2994 3007 3008
2985 2987 2991 3016 3004 3006 3000 3012 3006 2999 3001 2999 3004 3006 2997 2998 2987 2994 3006 3009 3001 3001 3005 2990 2990 2996 2998 3005 3010 2986 2993 2990 2993 2989 3004 3015 2996 2991 2990 3007 3016 3006 3004 2999 3001 3004 2996 2995 2995 2986 2990 2991 3001 3007 2994 3012 3000 2995 2992 2998 2985 2995 3014 3007
2988 3000 3009 3013 3019 3006 3001 3011 3003 3016 3018 3001 3013 3013 3002 2993 2997 2993 2990 2999 2995 2997 3003 3007 3000 2999 3009 3022 2996 3004 2996 3004 2981 2991 2999 3005 2997 2983 2997 3003 2990 3014 3004 3009 3002 3003 3005 2992 3002 2989 3004 2998 3006 2996 2996 3007 3012 3003 2988 2985 2991 2994 3009 3002
2994 2999 3017 3009 3010 2998 3011 3009 3005 3020 3016 3008 3021 3014 3009 2996 2993 2994 2998 3007 3007 3005 3008 2997 2988 3005 3011 3014 3014 2998 2990 3005 2982 3006 3002 3005 2996 2993 2994 2996 2999 3004 2994 2998 3005 3015 3007 3009 3017 2992 2994 2999 3007 3003 3022 3002 3010 3013 3004 2998 2995 2991 3002 2999
2992 3009 2999 3002 3002 2994 3010 3015 3025 3013 3008 3009 3013 3003 2998 3017 3020 2999 3017 2994 2991 2983 3003 3011 2999 3003 3004 3006 3004 3002 2989 2988 2994 3006 2993 3003 2994 3004 2999 3003 3008 3000 3001 2996 3011 3010 3003 3006 3010 2998 2993 3005 3005 3012 2997 3002 2993 3000 2999 3002 2997 2987 2996 3004
3001 3010 2995 2999 3007 3012 3008 3023 3012 3016 3006 3000 3024 3004 3017 3011 3009 3001 3019 3017 2993 2996 2987 3014 3005 2997 3015 2991 3001 3009 2998 2993 3008 2997 2997 2991 3010 2999 3009 3007 3024 2998 3009 3005 3007 2988 3008 3015 3013 3005 3001 3008 2993 2999 2998 3004 3002 3008 2999 3013 2989 2988 2994 2992
2999 3007 2999 3010 2999 3002 3013 3014 3013 3005 3024 3001 2997 2999 3016 3007 3002 3006 3013 3018 3002 2997 3000 2999 2995 3005 3010 3009 3010 2999 3000 2996 2996 3009 3008 3003 3003 2996 3006 3008 3008 3018 3009 3002 2994 3008 3000 3017 3007 3001 3005 3013 3018 3005 3006 2999 3005 3006 3000 3003 2997 3000 3004 2991
2993 3000 2995 2994 3005 3012 3025 3011 3017 3003 3018 3009 2997 2992 3001 3001 2995 2999 3004 3001 3007 3002 3017 3008 3003 3002 3015 3015 3014 3007 3000 3004 3001 3001 3005 3000 3007 3015 3001 2990 3004 3024 3004 2993 3006 3008 3010 3005 3011 3016 3014 3019 3020 3008 3007 2999 3010 3007 2996 3003 3005 2996 2998 3000
3000 3003 3000 3000 3018 3011 3017 3012 3012 2997 3007 3006 2992 2989 2998 3009 2993 2995 3020 3002 2986 2996 2996 2996 3001 3008 2997 3009 3010 3008 3005 3015 3016 3013 3024 3005 3018 3013 3007 3008 3019 3010 3014 3010 3015 3027 3009 3012 3010 3014 3024 3020 3012 3020 3003 3008 3010 3014 3004 2994 2997 3008 2991 2990
2992 2995 3007 3015 3004 3007 3022 3017 3005 3017 3000 3000 2992 2995 3002 2998 3002 2997 3004 2989 3008 2988 2988 2994 3008 3017 3005 3007 3002 3005 3015 3018 3005 3014 3010 3027 3013 3007 3019 3003 3021 3012 3016 3014 3011 3020 3008 2987 3029 3014 3010 2996 3018 3019 2997 2992 3006 3023 3001 2992 2995 2999 2997 2996
3003 2996 3002 3000 3028 3023 3014 3015 3007 3003 2994 2997 2997 3003 3003 2999 3011 3005 3003 2997 3003 2992 3001 3002 3003 3011 3008 3005 3006 2994 3002 3016 3010 3006 3016 3000 3004 3009 3004 3005 2999 3014 3020 3002 3011 3023 3008 3004 3019 3012 3016 3012 3015 3016 3008 3008 2996 3001 2997 2994 3002 3003 2998 2992
3000 3001 2996 3000 3006 3019 3001 3013 2999 3011 3006 2998 3011 2985 3005 3003 3008 3003 3006 3009 3017 2999 2992 2991 3005 3000 3005 2996 3004 3009 3007 3011 3018 3024 3000 2995 3001 2995 3004 2996 3003 3011 3004 3003 3015 3008 3004 3008 3001 3001 2999 3009 3007 3015 3001 3004 3007 3003 3004 3018 3007 3022 2991 2996
3002 2999 3005 3006 3007 3014 2995 3005 3005 3007 3010 2991 3008 3009 3009 3000 2997 3004 3001 3001 3006 2996 3003 3008 3011 2999 3005 2997 3005 3007 3012 3016 3008 2997 3002 3006 2996 3021 2995 3005 3006 3011 3002 3001 3004 3003 2999 2996 3002 3003 3005 3017 3006 3005 3001 2995 2995 2992 2998 2997 3015 3006 2995 3006
3002 2996 2994 3012 2990 3001 2999 2994 2995 2998 2995 3006 2993 2994 3008 3009 3002 3002 3006 3003 3003 3018 3000 3003 3016 3012 2996 2994 2993 2999 2985 2984 2987 2990 2991 3000 3002 2989 3009 3010 3021 3028 3006 3003 2987 3006 3006 3009 3005 3010 2996 3001 3001 2987 2989 2982 2998 2996 2988 2996 3006 3012 2994 2991
3008 2989 3004 3008 3012 3025 3017 3001 3009 3009 2997 3010 3001 3012 3012 3010 3007 2988 3001 2995 2984 3004 3010 3004 3005 3009 3006 3013 2994 2993 3008 3000 2986 3000 2998 3015 2996 3001 3001 3010 3011 3020 2999 3016 2995 2999 2996 3006 3007 2991 3008 3012 3008 3005 3011 2991 2994 2991 2991 2984 2998 2986 2989 2993
3010 3005 3012 3006 3002 3016 3030 3027 3020 3011 3015 3002 2995 3002 3005 3004 3003 3008 3001 2996 3000 2999 3001 3006 2986 3007 3013 3011 2992 2994 2994 2996 2997 2998 3014 2995 2996 2991 2995 3001 2998 3007 3013 3020 3004 3001 3007 3005 2999 3008 2998 3008 3011 3017 3002 2992 2996 2990 2988 2981 2983 2998 2997 3008
3010 3011 3015 3008 3018 3012 3023 3025 3006 3021 3011 2994 2996 2996 3005 3005 3007 3002 3019 3007 3009 3007 2997 2997 3006 2997 3005 3008 2988 2996 2993 2995 3011 3009 2998 3008 3003 2998 3004 3002 2997 2995 3000 2998 3009 3018 3005 3006 3007 3008 3007 3013 3012 3006 3008 3006 3003 3003 3000 2989 2998 3002 3008 3001
3007 3022 3020 3018 3017 3029 3013 3009 3029 3025 2993 3000 2992 2996 2993 3009 3024 3013 3023 3028 3019 3010 3010 2998 3007 3015 3016 3012 3001 3005 3001 3000 3003 3017 3004 3001 2991 3006 2995 3008 3001 3000 3011 2998 3023 3020 3019 3017 3008 3009 3009 3010 3019 3018 3011 3004 3019 3018 3008 2999 3002 3002 3018 3020
3002 3015 3010 3013 3020 3012 3010 3016 3025 3019 3011 3008 3000 3000 3006 3019 3011 3019 3017 3012 3015 3006 3012 3006 3001 3005 3011 3002 2990 3005 3002 2994 3005 3004 3000 3001 2992 3001 2995 3006 3003 3011 2993 3006 3009 3018 3015 3026 3016 3003 3009 3001 2997 3008 3006 3016 3011 3002 3013 2991 3003 2999 2999 3014
3010 3014 3016 3002 3008 3001 2985 3017 3025 3024 3024 3000 2998 3005 3012 3017 3007 3006 3018 3026 3027 3016 3004 3002 2996 2998 3001 3003 2997 3005 3011 3013 2999 3009 3011 3013 2997 2994 3003 3002 3004 3025 3013 3014 3019 3019 3022 3025 3019 3012 2999 3007 2994 2988 2994 2993 2999 3011 2999 2987 2985 2984 2984 2989
2997 3018 3006 2998 3003 3018 3011 3011 3030 3022 3017 3010 2999 3007 3020 3008 3008 3015 3027 3031 3025 3020 3015 3008 3002 2987 3009 3002 3001 3008 3015 3013 3012 3000 3004 3004 3009 3005 3009 3000 3017 3011 3013 3009 3014 3018 3023 3008 3004 2995 3017 3009 3003 2998 2987 3009 2995 2999 3022 3000 2986 2995 2982 2998
3011 3012 3007 3002 3003 3009 3012 3021 3013 3017 3014 3008 2995 3005 3009 3000 3010 3007 3033 3037 3032 3027 3021 3013 2982 2985 3001 3001 3008 3009 3025 3013 3020 3005 3001 3012 3006 3010 3012 3009 3005 3015 3006 3002 3007 3029 3018 3008 3009 3025 3019 2995 3008 3007 3002 3002 3001 2979 3003 3017 3007 3004 2992 3010
3017 3018 3009 3001 3009 3010 3002 3011 3023 3010 3021 2981 2983 2994 3012 3016 3003 3015 3019 3035 3042 3014 3015 3007 3004 3007 2990 3006 3010 3002 3018 3019 3024 3015 3010 3001 3020 3014 3014 3009 3003 3012 3012 3000 3013 3009 3022 3005 2984 2993 3014 3008 3014 2999 3011 3014 3005 2999 2994 3022 3006 3010 2993 3003
3016 3020 3007 3010 2998 3004 3014 3021 3020 3009 3015 3000 2988 3000 3008 2996 3016 3034 3043 3033 3034 3041 3014 3006 3015 3009 2998 2999 3000 3015 3019 3016 3015 3013 3016 3001 2993 2998 3002 3011 3011 3005 3011 3011 3003 3009 3001 3002 2993 2987 2992 3011 3010 2999 3002 3004 2996 3000 3002 3009 2993 3001 2988 2975
