3065 3060 3066 3053 3048 3064 3063 3052 3053 3051 3041 3046 3042 3050 3041 3047 3044 3057 3040 3062 3044 3043 3056 3041 3042 3035 3036 3039 3030 3041 3020 3018 3012 3027 3026 3034 3037 3034 3040 3030 3024 3018 3019 3009 3029 3017 3017 3028 3033 3049 3035 3029 3017 3024 3025 3034 3018 3028 3016 3003 3010 3014 3009 3017
3069 3075 3067 3052 3038 3050 3067 3049 3046 3053 3048 3043 3059 3059 3038 3050 3047 3041 3029 3045 3043 3035 3032 3030 3039 3030 3039 3037 3034 3024 3025 3028 3026 3026 3019 3032 3033 3027 3028 3032 3008 3028 3027 3029 3017 3033 3030 3028 3020 3037 3026 3011 3022 3027 3030 3037 3020 3002 3014 3010 3013 3027 3007 3016
3065 3057 3078 3064 3058 3060 3064 3061 3051 3059 3050 3050 3050 3048 3050 3050 3041 3043 3015 3038 3026 3038 3040 3044 3033 3034 3027 3022 3023 3038 3028 3031 3029 3032 3021 3032 3029 3026 3037 3039 3015 3025 3022 3009 3027 3021 3017 3013 3017 3023 3018 3008 3019 3025 3041 3031 3026 3017 3008 3017 3038 3018 3013 3023
3057 3065 3062 3054 3055 3050 3063 3059 3055 3058 3038 3054 3052 3049 3062 3042 3033 3032 3011 3031 3028 3031 3021 3022 3020 3017 3022 3006 3028 3030 3026 3033 3037 3044 3026 3032 3018 3027 3035 3028 3034 3027 3017 3019 3044 3044 3016 3012 3017 3026 3022 3014 3026 3031 3029 3034 3014 3008 3020 3015 3010 3022 3022 3012
3059 3073 3056 3051 3053 3062 3059 3066 3058 3047 3029 3041 3046 3048 3038 3061 3033 3019 3027 3035 3034 3035 3034 3028 3025 3001 3001 3013 3028 3025 3020 3019 3035 3024 3033 3028 3022 3035 3031 3039 3035 3040 3032 3033 3040 3054 3029 3023 3035 3028 3027 3030 3031 3026 3018 3032 3016 3013 3012 3023 3021 3015 3008 3003
3055 3061 3060 3055 3072 3045 3042 3050 3047 3049 3046 3041 3031 3033 3037 3041 3032 3038 3031 3029 3034 3028 3023 3020 3020 3006 3021 3015 3022 3030 3031 3028 3041 3029 3023 3030 3024 3022 3027 3028 3027 3017 3029 3034 3035 3045 3036 3026 3026 3024 3030 3019 3012 3014 3039 3021 3023 2999 3023 3025 3030 3010 3013 3011
3047 3058 3051 3053 3053 3055 3041 3039 3028 3047 3050 3032 3044 3030 3035 3022 3030 3026 3035 3025 3025 3025 3024 3017 3029 3028 3023 3021 3036 3021 3025 3027 3027 3031 3024 3030 3036 3021 3014 3036 3036 3026 3023 3030 3031 3046 3021 3028 3027 3022 3023 3024 3032 3025 3011 3023 3014 3027 3013 3014 3015 3024 3022 3017
3026 3024 3027 3029 3035 3017 3014 3013 3017 3007 3022 3026 3019 3020 3006 3011 3017 3017 3016 3025 3022 3007 3016 3015 3018 3014 3027 3024 3015 3019 3023 3033 3031 3025 3036 3023 3038 3029 3030 3041 3034 3031 3027 3035 3037 3040 3037 3038 3025 3035 3031 3034 3036 3013 3023 3008 3026 3024 3010 3013 3014 3011 3035 3024
3005 3003 2990 2998 2998 2997 2984 2974 2996 2994 2991 3007 3012 3001 2992 3018 3013 2997 3016 2998 2990 3001 3005 3015 3012 3008 3010 3022 3013 3019 3025 3022 3023 3021 3031 3027 3017 3024 3020 3028 3021 3031 3031 3015 3018 3017 3040 3031 3027 3019 3025 3024 3031 3026 3030 3010 3003 3016 3013 3001 3011 3012 3022 3033
2984 2976 2976 2999 2989 2994 2989 2998 3007 3004 3018 3019 3007 3007 3002 3004 3007 3000 3008 2989 3007 2997 2998 3001 3010 3019 3017 3025 3025 3018 3029 3017 3021 3023 3027 3029 3021 3020 3026 3030 3034 3039 3029 3020 3024 3018 3035 3037 3029 3040 3044 3034 3037 3037 3019 3017 3027 3007 3000 2993 3004 3012 3019 3031
2968 2989 2984 2986 2992 2993 2993 2991 3014 3027 3044 3038 3024 3008 3000 3016 3014 3005 2997 2999 3006 3016 3018 3009 3014 3027 3028 3030 3011 3015 3019 3027 3034 3016 3027 3036 3029 3037 3020 3038 3038 3032 3039 3032 3034 3033 3057 3040 3042 3031 3039 3033 3027 3034 3023 3012 3015 3009 2999 3007 3003 3009 3012 3030
2997 2979 3000 2994 2988 2997 3004 2984 3020 3034 3059 3045 3048 3046 3016 2998 3020 3006 3001 3002 2993 3004 3024 3017 3024 3039 3017 3033 3023 3024 3040 3027 3030 3024 3033 3046 3033 3032 3032 3036 3038 3035 3039 3030 3051 3047 3043 3054 3036 3047 3035 3030 3020 3024 3027 3019 3031 3008 3008 3012 3007 3016 3015 3018
2996 3008 2997 3018 2998 2998 3004 3011 3026 3053 3068 3062 3062 3060 3041 3028 3018 3010 3012 2986 2986 2995 3000 3024 3015 3032 3026 3045 3035 3028 3028 3020 3024 3026 3036 3039 3033 3021 3019 3038 3035 3049 3036 3042 3049 3058 3056 3049 3040 3034 3029 3029 3018 3023 3029 3025 3031 3001 3018 3033 3015 3016 3022 3015
2999 2999 3011 2997 3000 3000 2994 3010 3019 3049 3055 3089 3077 3060 3052 3026 3020 3026 3015 3003 2994 3000 3004 3012 3024 3035 3041 3029 3036 3025 3025 3037 3024 3030 3034 3041 3044 3023 3026 3017 3034 3034 3035 3050 3048 3056 3059 3048 3050 3035 3038 3036 3029 3023 3026 3015 3026 3023 3016 3026 3024 3021 3026 3024
3007 2996 2993 2988 2982 3001 2993 3016 3017 3030 3071 3082 3075 3070 3062 3044 3029 3000 3000 3003 3006 3005 3010 3009 3034 3030 3033 3034 3033 3034 3018 3047 3034 3038 3025 3028 3026 3027 3010 3033 3016 3046 3039 3036 3041 3064 3056 3063 3044 3044 3049 3052 3044 3043 3039 3037 3031 3025 3019 3030 3015 3011 3019 3025
3000 2997 2999 2997 2996 2993 2991 3005 3021 3045 3060 3068 3080 3076 3065 3044 3021 2997 3007 3001 2991 3013 3008 3022 3019 3033 3041 3040 3031 3042 3023 3031 3036 3038 3038 3042 3032 3034 3032 3042 3025 3030 3053 3055 3054 3060 3061 3056 3052 3049 3047 3050 3054 3054 3037 3040 3029 3025 3019 3026 3025 3021 3013 3033
2998 3013 3013 3005 2995 2995 3004 3011 3018 3032 3046 3071 3089 3100 3084 3070 3039 3021 3012 3004 2997 3008 3014 3027 3026 3035 3037 3040 3054 3036 3036 3035 3028 3042 3057 3040 3037 3049 3034 3038 3020 3035 3047 3058 3063 3066 3053 3042 3042 3037 3051 3053 3056 3054 3036 3038 3033 3029 3025 3015 3014 3021 3016 3023
2984 3000 3005 3019 3012 3010 3004 3011 3013 3039 3052 3078 3103 3086 3097 3078 3036 3020 3021 3007 3006 3006 3028 3014 3017 3035 3044 3044 3051 3030 3031 3034 3044 3042 3040 3027 3037 3044 3039 3026 3047 3040 3062 3071 3072 3078 3078 3072 3069 3057 3051 3056 3058 3046 3050 3050 3041 3025 3032 3017 3037 3025 3029 3021
2979 2992 3006 3023 3016 2996 2997 3013 3016 3047 3072 3082 3079 3087 3091 3066 3049 3034 3009 2995 3007 3017 3009 3028 3049 3049 3046 3037 3041 3028 3035 3033 3048 3033 3030 3030 3052 3047 3045 3040 3048 3060 3066 3065 3079 3086 3086 3092 3084 3082 3073 3062 3060 3060 3047 3049 3055 3056 3040 3039 3042 3038 3037 3043
2992 3005 3002 3016 3018 3014 3002 3022 3029 3033 3071 3097 3086 3098 3090 3086 3052 3019 2999 2996 3002 3009 3012 3023 3047 3046 3046 3052 3044 3050 3049 3050 3045 3026 3036 3027 3048 3053 3053 3050 3060 3066 3067 3075 3085 3086 3086 3093 3095 3072 3068 3067 3081 3069 3073 3050 3059 3061 3061 3053 3052 3035 3054 3035
2980 3010 3000 3022 3020 3019 3013 3010 3017 3036 3088 3093 3086 3090 3083 3069 3052 3013 2995 2995 2994 2991 3007 3022 3044 3060 3052 3066 3065 3057 3050 3038 3050 3053 3035 3046 3050 3040 3052 3066 3074 3074 3080 3097 3110 3099 3087 3095 3091 3087 3085 3081 3083 3080 3074 3085 3082 3099 3082 3084 3058 3056 3044 3028
2998 3001 3009 3005 3018 3014 3004 3017 3016 3040 3063 3095 3091 3084 3079 3060 3048 3032 3001 3009 3003 2996 3012 3028 3048 3062 3067 3068 3060 3050 3050 3051 3047 3052 3050 3062 3059 3055 3065 3083 3073 3086 3085 3097 3086 3097 3093 3095 3094 3098 3078 3087 3078 3097 3096 3090 3082 3088 3101 3092 3064 3046 3054 3043
3014 2997 3020 3016 3012 3016 3006 3008 3025 3049 3076 3081 3089 3087 3068 3066 3047 3028 2998 3006 2998 3012 3014 3030 3046 3055 3062 3060 3062 3066 3072 3063 3072 3071 3080 3078 3067 3081 3079 3092 3091 3091 3075 3071 3092 3100 3102 3097 3099 3105 3101 3087 3091 3098 3100 3086 3091 3089 3089 3072 3077 3088 3080 3071
2992 3016 3011 3023 3019 3019 3012 3019 3024 3053 3086 3093 3093 3082 3080 3079 3043 3034 3017 2996 2998 3014 3019 3040 3045 3065 3081 3071 3057 3062 3065 3067 3077 3078 3076 3084 3078 3095 3088 3086 3079 3091 3087 3095 3091 3087 3097 3100 3091 3085 3102 3087 3109 3089 3092 3096 3093 3094 3095 3080 3092 3086 3077 3071
3008 3016 3016 3027 3015 3005 3018 3025 3019 3047 3078 3094 3087 3102 3087 3077 3053 3042 3013 2991 3009 3016 3017 3039 3038 3062 3067 3079 3067 3072 3079 3074 3087 3087 3097 3087 3099 3096 3092 3070 3089 3086 3096 3089 3083 3095 3081 3088 3089 3101 3100 3100 3103 3095 3100 3094 3097 3092 3110 3091 3100 3087 3096 3083
3020 3013 3021 3011 3016 3023 3015 3017 3033 3069 3083 3094 3102 3090 3087 3083 3060 3044 3014 3009 3014 3009 3037 3057 3056 3054 3071 3075 3076 3080 3060 3072 3076 3086 3093 3097 3096 3103 3091 3094 3084 3092 3094 3092 3096 3094 3079 3089 3082 3094 3097 3103 3110 3089 3084 3097 3096 3108 3104 3092 3100 3090 3103 3095
3010 3011 3020 3010 3015 3031 3025 3044 3067 3077 3084 3092 3091 3089 3099 3080 3075 3049 3037 3022 3016 3030 3029 3058 3060 3073 3071 3074 3088 3070 3068 3073 3087 3087 3094 3101 3090 3098 3088 3089 3088 3100 3096 3087 3100 3091 3088 3089 3091 3088 3086 3112 3099 3095 3087 3110 3087 3113 3103 3093 3105 3104 3104 3092
3013 3027 3021 3014 3004 3024 3023 3051 3082 3091 3090 3087 3078 3072 3104 3089 3072 3062 3039 3030 3033 3053 3057 3080 3070 3094 3090 3075 3090 3072 3085 3082 3077 3107 3096 3100 3096 3089 3085 3083 3095 3086 3093 3096 3093 3091 3099 3091 3086 3090 3085 3104 3103 3105 3101 3109 3092 3109 3096 3104 3095 3105 3100 3088
3000 3006 3021 3031 3012 3029 3030 3052 3100 3102 3096 3098 3086 3084 3091 3087 3085 3071 3061 3060 3056 3077 3080 3080 3084 3073 3083 3088 3085 3085 3082 3087 3090 3096 3098 3091 3097 3099 3099 3085 3084 3093 3093 3109 3103 3087 3097 3098 3085 3107 3104 3105 3106 3116 3098 3089 3105 3100 3087 3101 3095 3095 3098 3101
3022 3023 3017 3023 3017 3024 3023 3066 3088 3094 3091 3079 3068 3087 3111 3086 3078 3078 3081 3083 3070 3081 3086 3089 3090 3093 3087 3092 3085 3098 3076 3089 3080 3090 3098 3095 3099 3095 3097 3097 3102 3096 3110 3097 3103 3096 3090 3104 3106 3084 3101 3103 3095 3098 3103 3101 3097 3089 3100 3091 3090 3091 3095 3103
3016 3019 3013 3024 3020 3038 3033 3063 3090 3096 3092 3082 3089 3091 3092 3083 3096 3081 3098 3096 3071 3078 3085 3086 3089 3076 3073 3091 3077 3077 3090 3082 3080 3089 3094 3094 3095 3097 3092 3094 3099 3097 3112 3090 3096 3093 3101 3087 3098 3093 3092 3100 3088 3116 3101 3090 3099 3112 3098 3093 3096 3088 3103 3086
3000 3024 3033 3020 3019 3015 3047 3066 3094 3089 3093 3089 3078 3094 3088 3095 3086 3090 3098 3090 3084 3093 3094 3078 3090 3081 3087 3096 3094 3089 3077 3078 3090 3093 3082 3098 3092 3086 3095 3087 3094 3091 3107 3098 3095 3095 3109 3100 3097 3092 3089 3080 3093 3109 3106 3104 3089 3108 3110 3094 3105 3101 3097 3092
2998 3025 3024 3038 3021 3024 3048 3075 3098 3102 3082 3087 3093 3099 3094 3088 3082 3077 3085 3096 3081 3078 3084 3088 3075 3079 3084 3098 3079 3077 3086 3095 3063 3074 3091 3095 3079 3078 3076 3092 3090 3094 3101 3077 3082 3095 3097 3084 3095 3098 3095 3103 3096 3087 3100 3096 3102 3094 3099 3098 3103 3108 3089 3076
3005 3013 3014 3017 3008 3026 3059 3071 3081 3106 3099 3092 3086 3096 3092 3087 3074 3084 3091 3076 3081 3090 3084 3095 3087 3084 3079 3076 3094 3095 3092 3076 3076 3092 3082 3088 3079 3081 3072 3093 3087 3112 3092 3094 3086 3098 3099 3083 3092 3112 3096 3094 3110 3103 3098 3101 3095 3114 3093 3099 3093 3083 3072 3073
3009 3022 3008 3025 3013 3045 3040 3064 3093 3085 3089 3082 3085 3091 3091 3093 3081 3088 3081 3081 3096 3084 3080 3084 3105 3108 3084 3080 3075 3091 3075 3072 3080 3072 3066 3090 3075 3081 3081 3081 3089 3094 3099 3108 3098 3081 3105 3092 3098 3102 3108 3100 3109 3097 3094 3086 3100 3107 3084 3098 3082 3080 3072 3052
3010 3006 3011 3025 3009 3039 3040 3063 3078 3080 3098 3085 3088 3081 3086 3091 3079 3075 3074 3078 3098 3083 3077 3085 3099 3095 3081 3091 3077 3080 3074 3082 3075 3074 3070 3095 3086 3081 3086 3094 3098 3101 3102 3096 3096 3089 3102 3098 3096 3101 3093 3097 3090 3107 3083 3092 3102 3113 3099 3094 3083 3075 3049 3036
3018 3016 3002 3012 3031 3039 3055 3060 3084 3079 3083 3073 3077 3089 3083 3075 3071 3081 3065 3083 3095 3086 3084 3087 3097 3088 3098 3082 3086 3070 3082 3079 3075 3084 3074 3086 3086 3086 3078 3090 3106 3107 3090 3096 3095 3088 3104 3077 3101 3094 3096 3097 3089 3098 3100 3103 3096 3095 3090 3089 3085 3072 3059 3049
3016 3005 3003 3007 3032 3045 3069 3080 3086 3065 3075 3082 3078 3080 3080 3077 3074 3076 3081 3092 3101 3088 3085 3086 3090 3097 3081 3081 3090 3082 3075 3086 3077 3076 3098 3090 3090 3085 3081 3100 3085 3100 3089 3093 3088 3097 3089 3090 3095 3084 3087 3090 3078 3096 3108 3090 3093 3094 3099 3083 3067 3055 3058 3058
3018 3010 3015 3024 3044 3046 3082 3084 3080 3073 3083 3083 3072 3082 3081 3085 3068 3077 3092 3083 3088 3090 3089 3090 3097 3089 3088 3088 3083 3096 3089 3093 3080 3082 3081 3077 3093 3084 3086 3094 3086 3088 3105 3102 3104 3108 3095 3092 3102 3096 3085 3088 3088 3100 3105 3096 3085 3092 3095 3095 3078 3051 3047 3031
3014 3021 3023 3016 3034 3063 3090 3080 3086 3083 3082 3086 3072 3065 3082 3084 3081 3090 3075 3092 3084 3083 3087 3096 3081 3091 3077 3091 3098 3094 3094 3095 3076 3098 3091 3094 3087 3080 3091 3090 3098 3089 3092 3098 3106 3094 3091 3094 3100 3104 3090 3097 3085 3100 3096 3084 3083 3095 3090 3088 3062 3050 3030 3031
3010 3003 3023 3015 3030 3057 3097 3078 3070 3073 3092 3074 3072 3086 3098 3079 3086 3100 3096 3098 3083 3080 3086 3084 3085 3088 3089 3096 3087 3088 3081 3083 3075 3085 3097 3086 3089 3085 3095 3099 3094 3085 3095 3090 3094 3088 3084 3088 3081 3092 3082 3084 3092 3082 3081 3085 3085 3087 3083 3071 3055 3054 3037 3036
3005 3010 3023 3026 3041 3055 3093 3077 3079 3070 3080 3086 3083 3095 3086 3098 3075 3086 3101 3088 3100 3091 3085 3101 3091 3092 3087 3090 3093 3098 3080 3083 3089 3078 3082 3088 3087 3091 3098 3102 3080 3100 3093 3099 3095 3083 3086 3065 3083 3096 3080 3096 3090 3095 3095 3094 3083 3094 3070 3042 3045 3030 3031 3031
3007 3015 3029 3038 3043 3064 3081 3084 3083 3067 3083 3101 3090 3092 3093 3094 3090 3091 3090 3079 3090 3083 3096 3097 3100 3086 3083 3092 3103 3090 3104 3101 3103 3087 3091 3089 3093 3090 3083 3085 3085 3089 3096 3093 3090 3095 3088 3088 3088 3097 3097 3080 3105 3103 3092 3085 3082 3074 3059 3033 3029 3023 3022 3029
3008 3015 3028 3043 3078 3071 3087 3081 3074 3060 3076 3082 3093 3093 3091 3091 3088 3095 3089 3098 3086 3090 3089 3087 3090 3097 3092 3084 3096 3098 3093 3105 3084 3079 3083 3078 3078 3086 3087 3093 3090 3085 3094 3081 3106 3087 3093 3092 3100 3091 3095 3095 3094 3084 3098 3087 3070 3061 3048 3026 3024 3022 3012 3007
3023 3026 3025 3054 3082 3075 3091 3082 3078 3071 3078 3072 3078 3089 3093 3100 3090 3097 3072 3080 3097 3088 3092 3085 3101 3091 3097 3086 3112 3097 3089 3083 3081 3083 3076 3079 3088 3097 3096 3082 3084 3089 3104 3098 3116 3099 3103 3108 3101 3105 3096 3084 3102 3097 3087 3073 3060 3052 3037 3009 3019 3021 3014 3023
3014 3026 3026 3050 3074 3070 3088 3077 3089 3084 3084 3075 3087 3081 3095 3089 3094 3087 3079 3074 3077 3082 3093 3092 3093 3088 3086 3087 3098 3087 3069 3087 3078 3085 3077 3090 3087 3110 3084 3093 3080 3094 3101 3104 3103 3101 3089 3101 3088 3099 3092 3094 3091 3087 3070 3056 3042 3034 3028 3015 3029 3015 3010 2999
3023 3033 3051 3047 3072 3074 3092 3084 3090 3085 3086 3086 3071 3082 3091 3081 3088 3084 3079 3074 3076 3083 3085 3091 3100 3103 3096 3091 3091 3098 3084 3081 3079 3095 3095 3088 3091 3086 3094 3088 3083 3097 3104 3109 3105 3098 3099 3096 3092 3090 3078 3082 3077 3059 3041 3036 3034 3025 3027 3011 3030 3012 3006 3009
3028 3046 3048 3071 3072 3085 3089 3086 3080 3097 3099 3094 3079 3087 3074 3078 3082 3093 3078 3065 3067 3077 3088 3092 3096 3097 3101 3087 3101 3091 3092 3079 3088 3088 3101 3104 3091 3091 3079 3082 3087 3078 3086 3094 3099 3097 3090 3082 3102 3103 3085 3072 3057 3036 3042 3024 3016 3014 3012 3023 3003 3002 3009 3001
3040 3047 3058 3072 3068 3087 3083 3088 3095 3084 3097 3076 3086 3087 3082 3088 3078 3088 3084 3080 3085 3089 3095 3089 3104 3105 3093 3096 3095 3086 3082 3101 3078 3096 3099 3094 3095 3089 3088 3103 3096 3091 3089 3110 3096 3094 3087 3085 3083 3081 3074 3058 3042 3036 3024 3025 3018 3003 3029 3030 3016 3010 3005 3006
3021 3047 3085 3085 3088 3094 3101 3079 3099 3083 3079 3098 3101 3096 3089 3092 3098 3077 3090 3090 3083 3081 3088 3089 3093 3100 3108 3096 3090 3080 3093 3098 3089 3083 3087 3089 3083 3088 3102 3097 3088 3082 3092 3090 3084 3087 3095 3074 3068 3070 3060 3033 3054 3039 3022 3027 3035 3026 3027 3026 3023 3020 3001 3016
3054 3061 3065 3082 3079 3085 3074 3089 3090 3090 3071 3075 3084 3086 3094 3089 3087 3081 3092 3100 3090 3090 3091 3090 3104 3098 3099 3096 3094 3090 3076 3086 3093 3082 3099 3093 3103 3090 3093 3084 3085 3088 3093 3091 3090 3102 3077 3081 3062 3059 3041 3056 3057 3047 3041 3051 3039 3029 3028 3049 3036 3042 3018 3006
3056 3063 3084 3085 3066 3074 3079 3081 3095 3078 3068 3067 3086 3087 3061 3088 3075 3086 3102 3090 3097 3087 3086 3089 3085 3088 3085 3097 3076 3088 3096 3093 3084 3071 3088 3088 3096 3080 3087 3087 3080 3096 3084 3095 3102 3083 3074 3065 3061 3046 3059 3050 3059 3065 3050 3049 3050 3032 3047 3047 3040 3046 3034 3016
3074 3066 3072 3074 3078 3088 3093 3082 3084 3076 3086 3079 3079 3081 3083 3091 3099 3090 3093 3096 3081 3090 3097 3094 3093 3093 3083 3098 3088 3089 3088 3094 3088 3086 3096 3083 3079 3099 3087 3096 3101 3095 3089 3089 3091 3074 3082 3068 3065 3058 3044 3058 3046 3058 3048 3063 3051 3053 3067 3041 3043 3042 3039 3033
3090 3085 3084 3078 3085 3083 3098 3073 3089 3078 3098 3078 3092 3085 3082 3092 3097 3088 3075 3094 3094 3102 3094 3098 3091 3087 3079 3089 3093 3106 3082 3094 3081 3096 3094 3094 3086 3078 3096 3102 3084 3101 3099 3078 3062 3080 3071 3067 3061 3053 3053 3063 3074 3062 3060 3054 3058 3051 3068 3060 3047 3041 3050 3048
3076 3073 3074 3097 3079 3082 3085 3089 3076 3088 3085 3084 3082 3087 3086 3097 3098 3101 3083 3076 3084 3086 3074 3086 3104 3097 3091 3083 3095 3087 3096 3081 3083 3085 3099 3087 3085 3088 3085 3087 3101 3099 3090 3067 3077 3068 3071 3065 3061 3048 3055 3061 3070 3058 3062 3056 3055 3060 3058 3051 3047 3030 3057 3064
3074 3077 3085 3089 3084 3092 3067 3085 3078 3083 3092 3085 3086 3098 3077 3104 3089 3076 3084 3091 3103 3085 3091 3095 3078 3103 3103 3104 3094 3102 3092 3081 3088 3095 3094 3098 3092 3071 3078 3083 3094 3099 3072 3063 3069 3065 3070 3063 3065 3072 3076 3073 3063 3076 3062 3055 3051 3056 3066 3054 3053 3048 3059 3063
3082 3096 3090 3077 3085 3095 3062 3081 3087 3083 3094 3102 3104 3089 3093 3087 3094 3095 3091 3102 3099 3106 3101 3096 3097 3099 3111 3099 3097 3100 3109 3087 3093 3083 3100 3092 3087 3085 3077 3090 3079 3082 3085 3076 3068 3075 3074 3060 3072 3065 3065 3067 3067 3079 3053 3052 3052 3049 3052 3060 3054 3057 3071 3088
3098 3095 3084 3105 3107 3083 3084 3079 3093 3106 3106 3091 3110 3093 3092 3091 3101 3094 3088 3090 3098 3095 3105 3098 3115 3107 3096 3095 3095 3096 3085 3101 3091 3093 3100 3094 3089 3094 3090 3079 3073 3078 3057 3064 3090 3080 3073 3063 3076 3071 3063 3065 3070 3069 3057 3059 3056 3044 3053 3051 3054 3061 3067 3084
3093 3096 3093 3090 3093 3089 3078 3079 3105 3097 3092 3104 3112 3081 3088 3092 3101 3091 3092 3099 3089 3102 3102 3098 3106 3092 3088 3093 3086 3095 3072 3097 3093 3091 3088 3091 3096 3105 3086 3096 3078 3055 3078 3069 3077 3076 3066 3049 3059 3080 3080 3073 3074 3058 3073 3073 3067 3054 3053 3059 3066 3059 3052 3088
3094 3088 3101 3091 3090 3087 3096 3100 3097 3092 3095 3072 3108 3103 3102 3098 3089 3100 3090 3091 3112 3110 3093 3089 3093 3097 3094 3091 3086 3083 3088 3096 3092 3072 3088 3091 3081 3095 3092 3073 3081 3072 3072 3080 3086 3064 3067 3066 3067 3059 3067 3063 3061 3052 3057 3063 3053 3049 3073 3064 3060 3052 3062 3080
3122 3105 3106 3095 3103 3094 3101 3089 3094 3093 3104 3104 3110 3102 3112 3095 3094 3097 3095 3103 3098 3098 3112 3095 3097 3090 3095 3093 3089 3078 3081 3084 3084 3079 3079 3062 3081 3069 3078 3074 3059 3064 3069 3072 3066 3089 3074 3057 3060 3072 3079 3065 3062 3053 3064 3062 3070 3049 3060 3067 3046 3060 3074 3076
3116 3105 3104 3092 3081 3092 3085 3076 3081 3092 3106 3108 3103 3101 3095 3082 3102 3102 3103 3104 3087 3083 3102 3101 3093 3088 3088 3093 3087 3083 3065 3061 3061 3057 3073 3079 3067 3071 3068 3074 3065 3055 3081 3067 3081 3079 3078 3063 3073 3066 3052 3069 3074 3062 3058 3060 3062 3067 3066 3060 3066 3077 3081 3055
3121 3102 3104 3107 3103 3103 3085 3086 3085 3093 3101 3103 3095 3099 3094 3104 3102 3100 3100 3089 3087 3090 3090 3086 3094 3093 3094 3091 3082 3084 3063 3069 3064 3076 3071 3059 3073 3072 3075 3059 3073 3062 3079 3072 3061 3074 3067 3078 3069 3063 3063 3066 3069 3072 3080 3052 3057 3056 3065 3058 3061 3064 3068 3066
3099 3103 3105 3101 3093 3098 3091 3081 3079 3088 3092 3089 3091 3102 3093 3105 3106 3098 3080 3074 3086 3076 3076 3088 3102 3078 3089 3087 3070 3057 3068 3080 3068 3060 3072 3074 3075 3059 3072 3074 3065 3079 3050 3053 3060 3073 3056 3069 3072 3076 3062 3061 3079 3080 3064 3067 3063 3057 3055 3052 3053 3042 3064 3072
