3076 3077 3087 3083 3067 3058 3056 3074 3047 3069 3068 3075 3054 3059 3070 3066 3037 3054 3049 3050 3048 3039 3031 3038 3055 3056 3036 3043 3044 3038 3041 3030 3037 3030 3039 3041 3032 3031 3018 3016 3025 3024 3019 3025 3033 3029 3019 3027 3030 3035 3033 3032 3045 3051 3048 3047 3053 3034 3045 3050 3056 3062 3057 3040
3074 3080 3080 3071 3062 3049 3075 3055 3061 3054 3061 3056 3045 3056 3056 3058 3052 3048 3050 3042 3045 3037 3042 3047 3054 3044 3047 3029 3030 3047 3034 3046 3037 3045 3024 3036 3036 3034 3026 3027 3032 3033 3036 3036 3035 3035 3019 3025 3036 3018 3032 3040 3053 3047 3046 3038 3050 3041 3050 3053 3049 3058 3050 3061
3068 3073 3053 3051 3049 3055 3051 3053 3050 3066 3062 3058 3037 3062 3062 3058 3044 3040 3037 3044 3047 3046 3044 3038 3032 3043 3031 3047 3050 3061 3062 3040 3050 3043 3040 3040 3033 3044 3040 3033 3039 3038 3032 3045 3022 3024 3033 3024 3041 3024 3039 3047 3035 3045 3049 3044 3052 3044 3050 3055 3054 3045 3039 3062
3075 3055 3048 3054 3052 3056 3045 3050 3042 3063 3038 3047 3043 3054 3057 3034 3043 3048 3058 3047 3046 3033 3047 3044 3044 3039 3044 3047 3059 3067 3062 3055 3051 3039 3026 3036 3016 3034 3028 3036 3031 3028 3020 3036 3025 3025 3034 3029 3029 3025 3032 3031 3041 3051 3058 3045 3060 3058 3060 3058 3045 3057 3059 3050
3074 3064 3045 3055 3071 3041 3036 3033 3042 3066 3036 3046 3045 3050 3043 3052 3037 3045 3028 3030 3040 3048 3041 3026 3044 3054 3045 3066 3075 3075 3062 3053 3051 3059 3034 3015 3008 3025 3018 3034 3030 3024 3027 3015 3013 3025 3024 3036 3043 3021 3031 3030 3025 3051 3055 3061 3059 3045 3057 3057 3065 3050 3037 3063
3063 3059 3053 3047 3056 3044 3045 3039 3039 3045 3058 3054 3052 3057 3049 3030 3059 3055 3043 3031 3032 3048 3046 3037 3050 3059 3037 3060 3068 3067 3049 3053 3055 3042 3025 3032 3020 3017 3020 3033 3026 3017 3018 3026 3020 3026 3028 3034 3027 3019 3036 3036 3034 3047 3036 3070 3045 3053 3059 3053 3043 3052 3042 3059
3058 3061 3043 3053 3051 3044 3044 3039 3036 3049 3037 3053 3063 3052 3048 3053 3046 3049 3049 3051 3050 3052 3050 3041 3036 3029 3032 3043 3051 3054 3054 3041 3045 3041 3032 3024 3027 3023 3015 3021 3018 3015 3029 3027 3017 3033 3034 3035 3041 3043 3044 3030 3041 3045 3037 3039 3041 3052 3038 3036 3043 3047 3062 3047
3028 3029 3026 3021 3019 3015 3029 3020 3028 3024 3031 3013 3033 3041 3025 3022 3030 3030 3030 3047 3028 3024 3030 3026 3016 3028 3026 3023 3043 3045 3060 3065 3055 3042 3027 3035 3016 3020 3013 3017 3021 3021 3023 3015 3030 3022 3019 3019 3031 3037 3024 3043 3029 3044 3020 3040 3055 3048 3063 3066 3042 3038 3042 3057
2994 2997 2999 2998 2993 2979 2974 2998 2999 2991 3016 3000 3016 3004 3018 3005 3014 3012 3007 3010 3013 3017 3014 3011 3012 3006 3003 3005 3028 3026 3049 3066 3067 3044 3032 3019 3007 3019 3019 3025 3024 3008 3014 3024 3004 3012 3017 3025 3033 3017 3014 3032 3028 3017 3030 3055 3048 3058 3056 3066 3056 3056 3051 3055
2992 2999 3002 2986 2987 2987 2981 2987 3004 3018 3015 3009 2990 3009 3005 2998 3012 3009 3027 3007 3017 3014 3004 3006 3011 3005 2999 3005 3020 3043 3073 3058 3074 3073 3052 3026 3025 3015 3015 3011 3010 3011 3023 3021 3027 3030 3035 3023 3026 3041 3030 3039 3035 3031 3041 3034 3048 3045 3053 3072 3059 3053 3070 3065
2974 2979 2989 2986 2984 2984 2989 3002 3011 3002 3016 2993 2993 2987 2994 3000 3017 3010 3016 3016 3021 3014 3003 2998 3006 3000 3002 3014 3024 3043 3057 3071 3072 3062 3053 3041 3020 3013 3008 2999 3010 3001 3005 3033 3038 3054 3040 3050 3047 3047 3038 3034 3041 3041 3037 3046 3045 3038 3059 3060 3042 3066 3060 3072
2975 2983 2993 3007 2981 3004 3001 2998 3002 3020 2998 3000 2995 2995 2999 2992 2995 2999 3024 3029 3031 3029 3025 3010 3004 3001 3003 3005 3023 3032 3060 3082 3074 3074 3048 3040 3014 3011 3008 3010 3010 3013 3030 3034 3053 3061 3078 3056 3053 3033 3032 3033 3034 3034 3041 3038 3045 3046 3046 3061 3055 3066 3051 3068
2984 2989 2999 2996 2998 3007 3005 3012 2987 2992 3005 3001 2996 2995 3001 2999 2973 3019 3028 3040 3056 3040 3022 3022 3016 3003 3018 3015 3021 3025 3079 3080 3098 3078 3058 3060 3016 3003 3007 3032 3013 3012 3031 3038 3070 3080 3079 3076 3049 3026 3027 3032 3017 3024 3030 3057 3037 3052 3054 3053 3062 3072 3073 3063
3001 2985 2982 2997 2998 2994 2996 2998 2999 2999 3003 3000 2998 2993 3008 2999 2988 3024 3047 3056 3069 3048 3041 3034 3013 3011 3008 3014 3019 3036 3070 3073 3091 3086 3056 3039 3040 3017 3022 3018 3027 3014 3030 3042 3063 3081 3082 3077 3056 3034 3031 3029 3018 3028 3023 3051 3032 3057 3060 3057 3067 3071 3076 3076
2975 3003 2991 2996 3000 3001 2978 2990 3000 2989 2993 2994 2996 3010 3001 3005 3003 3030 3050 3060 3070 3065 3040 3043 3025 3010 3015 3009 3016 3049 3065 3075 3079 3074 3075 3062 3033 3025 3017 3016 3024 3024 3041 3047 3066 3077 3081 3078 3073 3046 3031 3022 3033 3021 3023 3044 3025 3056 3052 3061 3064 3069 3072 3084
2993 3000 3000 3008 2990 2996 3012 2993 3006 3008 3010 3010 2998 3000 3008 3003 3017 3022 3050 3063 3079 3069 3056 3031 3027 3018 3009 2996 3025 3036 3059 3066 3074 3084 3068 3049 3038 3032 3014 3006 3016 3012 3029 3050 3078 3073 3086 3080 3066 3042 3028 3021 3022 3018 3023 3017 3033 3038 3061 3061 3053 3063 3078 3080
3034 3033 3019 3003 2995 2999 3020 3028 3008 3016 3006 3015 3012 3011 3005 3006 3025 3025 3058 3063 3070 3069 3063 3057 3032 3028 3012 3020 3010 3041 3061 3070 3077 3074 3062 3052 3042 3030 3013 3019 3010 3012 3041 3053 3067 3077 3078 3073 3063 3035 3014 3017 3017 3022 3011 3012 3032 3039 3060 3069 3074 3054 3077 3081
3016 3017 3018 3015 3012 3014 3028 3029 3023 3030 3008 3009 2998 2995 3005 3014 3030 3032 3050 3061 3077 3063 3055 3051 3053 3035 3018 3002 3019 3026 3044 3081 3081 3084 3065 3063 3039 3038 3018 3005 3006 3022 3027 3050 3076 3075 3085 3092 3050 3043 3025 3005 3018 3012 3009 3015 3033 3042 3048 3040 3053 3067 3076 3075
3006 3003 3017 3016 3002 3009 3019 3022 3020 3004 3009 3006 2995 3003 3002 3022 3010 3022 3052 3061 3064 3067 3071 3065 3039 3037 3012 3013 3018 3029 3044 3065 3068 3091 3063 3068 3046 3028 3014 3017 3015 3012 3029 3037 3069 3077 3084 3087 3070 3045 3038 3015 3018 3014 3016 3016 3016 3038 3028 3040 3063 3082 3068 3077
3006 3014 3021 3016 3017 3021 3024 3004 2997 3020 3008 2992 3010 2993 3007 3001 2996 3034 3031 3055 3070 3067 3061 3071 3067 3036 3007 3005 3012 3036 3036 3065 3081 3084 3076 3063 3043 3030 3010 3024 3010 3004 3025 3040 3068 3082 3073 3075 3058 3045 3036 3025 3018 3011 3024 3014 3020 3028 3043 3046 3039 3066 3071 3072
3009 3021 3019 3021 3008 3018 3012 3007 3011 3007 3007 3002 3008 3001 3006 3003 2995 3022 3035 3055 3072 3068 3068 3066 3050 3030 3030 3020 3021 3040 3056 3058 3076 3073 3085 3070 3050 3029 3017 3012 3002 3019 3036 3058 3058 3063 3085 3065 3055 3033 3021 3015 3019 3014 3018 3010 3021 3004 3022 3031 3043 3061 3060 3059
3027 3013 3012 3016 3015 3011 3025 3010 3008 3019 3027 3019 3027 3015 3018 3002 3000 3024 3028 3047 3065 3077 3081 3068 3070 3048 3028 3021 3029 3030 3052 3058 3074 3072 3073 3061 3049 3018 3027 3019 3005 3025 3050 3059 3066 3083 3069 3084 3047 3036 3018 3015 3008 3008 3012 3019 3011 3008 3016 3026 3038 3047 3060 3067
3003 3017 3008 3023 3025 3009 3009 3003 3016 3014 3023 3020 3016 3017 3010 2998 2995 3013 3014 3042 3064 3064 3066 3059 3066 3058 3041 3026 3030 3024 3040 3064 3067 3075 3069 3067 3050 3029 3020 3008 3020 3038 3050 3063 3068 3086 3083 3071 3042 3038 3031 3020 3010 3013 3015 3019 3015 3004 3016 3019 3029 3045 3059 3065
3009 3019 3001 3015 3020 3029 3016 3018 3001 3014 3010 3009 3023 3011 3012 3003 3016 3004 3013 3023 3061 3054 3058 3075 3072 3058 3046 3032 3036 3035 3042 3060 3071 3083 3079 3072 3043 3040 3028 3008 3026 3037 3054 3074 3066 3078 3093 3080 3039 3032 3025 3017 3016 3007 3007 3016 3005 3012 3028 3026 3035 3038 3049 3064
3016 3018 3007 3017 3029 3018 3030 3013 3021 3009 3010 3012 3019 3019 3026 3024 3017 3014 3022 3024 3059 3060 3073 3078 3078 3066 3048 3041 3042 3039 3030 3061 3073 3079 3072 3073 3054 3042 3031 3019 3029 3036 3056 3056 3071 3092 3074 3077 3059 3037 3027 3021 3007 3000 3011 3004 3011 3012 3016 3024 3035 3048 3052 3067
3026 3010 3011 3023 3020 3014 3025 3021 3021 3021 3017 3011 3011 3021 3008 3009 3019 3019 3022 3052 3045 3059 3073 3089 3080 3064 3077 3049 3035 3032 3055 3053 3073 3071 3094 3080 3054 3051 3040 3025 3022 3031 3060 3083 3075 3090 3072 3075 3065 3033 3029 3009 3012 3027 3008 3001 3007 3006 3031 3035 3048 3037 3045 3070
3018 3028 3028 3031 3028 3023 3020 3026 3016 3027 3015 3009 2995 3003 3022 3012 3012 3018 3014 3024 3048 3064 3094 3088 3074 3068 3066 3056 3044 3026 3050 3058 3068 3079 3071 3083 3054 3056 3035 3034 3035 3042 3059 3070 3072 3076 3077 3080 3052 3030 3018 3003 3000 3016 3006 3021 3008 3010 3009 3008 3025 3028 3049 3061
3027 3020 3021 3008 3025 3017 3022 3022 3038 3007 3012 3010 3017 3015 3006 3018 3017 3015 3015 3029 3042 3064 3076 3079 3070 3074 3065 3045 3035 3034 3045 3077 3059 3090 3080 3081 3065 3051 3038 3036 3046 3047 3051 3083 3079 3096 3078 3075 3047 3031 3006 3013 3034 3012 3003 3009 3004 3011 3017 3013 3023 3024 3042 3071
3029 3023 3021 3015 3018 3026 3012 3031 3041 3024 3002 3013 3011 3017 3019 3016 3019 3004 3017 3032 3034 3051 3066 3074 3086 3072 3066 3050 3046 3044 3045 3048 3068 3077 3089 3072 3062 3041 3036 3027 3034 3039 3069 3082 3084 3087 3066 3072 3035 3034 3024 2999 3013 2996 3008 3018 3010 3013 3006 3002 3007 3015 3047 3063
3021 3028 3018 3023 3032 3031 3025 3020 3061 3032 3019 2993 3012 3018 3029 3022 2990 3002 3022 3013 3039 3043 3055 3068 3093 3078 3062 3079 3059 3048 3052 3063 3083 3082 3075 3067 3066 3048 3053 3041 3057 3063 3075 3093 3091 3085 3070 3066 3033 3028 3017 3016 3005 3004 3007 3016 3005 3003 3003 3008 3011 3012 3044 3055
3019 3019 3007 3031 3047 3044 3026 3042 3047 3039 3020 3007 3001 3021 3017 3006 3023 3012 3012 3014 3015 3043 3062 3068 3086 3083 3064 3062 3057 3052 3048 3070 3076 3087 3079 3091 3062 3057 3048 3052 3065 3079 3089 3080 3077 3077 3072 3043 3041 3020 3015 3021 3006 3007 3007 3016 3020 3012 3015 3016 3009 2997 3035 3053
3024 3024 3010 3026 3030 3039 3047 3056 3059 3035 3029 3014 3018 3016 3003 3021 3013 3020 3012 3009 3024 3025 3048 3055 3080 3075 3074 3073 3059 3050 3057 3072 3084 3075 3083 3070 3087 3071 3051 3061 3075 3065 3088 3079 3087 3074 3061 3049 3036 3014 3012 3014 3018 3000 3011 3013 3013 3004 3026 3020 3018 3030 3022 3056
3022 3022 3020 3020 3048 3061 3069 3076 3072 3054 3052 3027 3013 3015 3012 3015 3008 3006 3019 3008 3008 3015 3033 3057 3071 3063 3093 3084 3083 3063 3078 3066 3073 3084 3080 3086 3072 3062 3072 3071 3071 3076 3070 3087 3072 3069 3069 3041 3034 3002 3006 3022 3018 3013 3017 3006 3019 3017 3018 3029 3025 3020 3034 3043
3011 3018 3008 3032 3045 3077 3077 3072 3078 3071 3061 3048 3022 3034 3004 3008 3006 3011 3002 3001 3021 3012 3030 3040 3082 3090 3088 3062 3079 3065 3076 3088 3081 3076 3079 3078 3085 3076 3083 3066 3077 3080 3077 3083 3064 3065 3059 3050 3012 3004 3015 3011 3018 3020 3012 3015 3017 3009 3020 3031 3027 3041 3063 3058
3020 3030 3022 3023 3024 3058 3069 3076 3074 3070 3082 3063 3055 3032 3018 3015 3017 3006 3013 3010 2999 3015 3012 3053 3068 3085 3095 3084 3073 3072 3091 3079 3086 3079 3086 3088 3079 3083 3072 3077 3074 3078 3081 3091 3081 3068 3040 3039 3021 3020 2995 2996 3017 3017 3004 3012 2998 3005 3015 3033 3034 3048 3053 3066
3021 3010 3030 3025 3022 3040 3055 3067 3071 3078 3080 3060 3064 3054 3026 3038 3015 3017 3004 3015 3005 3023 3036 3050 3075 3072 3082 3068 3083 3087 3085 3089 3084 3081 3086 3095 3087 3088 3071 3080 3074 3085 3079 3080 3092 3072 3049 3020 3006 3021 3015 3005 3010 2998 3002 3007 3015 3009 3023 3046 3044 3052 3058 3068
3021 3026 3006 3008 3019 3036 3046 3045 3071 3064 3074 3066 3074 3056 3055 3042 3036 3031 3026 3018 3014 3026 3031 3046 3077 3070 3081 3080 3084 3088 3077 3100 3078 3095 3081 3082 3090 3083 3069 3090 3085 3075 3090 3087 3091 3081 3025 3017 3015 3011 3020 3009 2998 3007 3007 3011 3013 3023 3038 3051 3076 3063 3062 3071
3005 3034 3017 3015 3008 3013 3024 3042 3050 3060 3073 3087 3057 3074 3057 3055 3063 3050 3035 3030 3022 3022 3032 3054 3069 3080 3079 3078 3083 3088 3076 3096 3095 3100 3093 3080 3092 3089 3076 3077 3089 3084 3080 3083 3089 3070 3058 3015 3017 3013 3011 3021 3030 3026 3026 3014 3018 3040 3048 3079 3079 3071 3077 3070
3018 2999 3002 3018 3004 3003 3020 3030 3040 3051 3069 3072 3071 3079 3063 3071 3071 3051 3059 3040 3050 3049 3050 3060 3082 3086 3077 3091 3077 3089 3091 3097 3089 3095 3076 3093 3087 3087 3076 3080 3086 3085 3081 3091 3089 3075 3055 3031 3008 3011 3009 3017 3025 3027 3029 3042 3049 3056 3067 3078 3084 3079 3084 3080
3009 3008 3005 3000 3008 3016 3024 3005 3024 3035 3052 3053 3070 3071 3085 3068 3080 3074 3048 3057 3066 3068 3072 3080 3088 3080 3080 3083 3088 3092 3094 3089 3094 3086 3077 3087 3091 3084 3074 3077 3081 3084 3091 3094 3091 3073 3047 3035 3023 3016 3013 3032 3016 3029 3033 3052 3061 3069 3089 3068 3079 3078 3077 3089
3006 3011 3013 3011 2999 3017 3001 3019 3027 3026 3024 3042 3050 3061 3060 3064 3084 3083 3080 3074 3074 3067 3064 3067 3094 3088 3084 3080 3094 3083 3088 3090 3098 3074 3076 3083 3079 3086 3082 3088 3092 3090 3091 3095 3087 3089 3056 3042 3024 3021 3023 3023 3043 3043 3063 3067 3072 3076 3062 3093 3079 3096 3090 3086
3013 3012 3014 3002 3002 3006 3000 3019 3013 3023 3019 3027 3023 3045 3050 3080 3072 3078 3076 3080 3084 3084 3069 3082 3079 3088 3085 3087 3082 3088 3085 3086 3089 3096 3089 3084 3091 3089 3079 3092 3092 3091 3097 3092 3089 3086 3063 3049 3040 3049 3043 3048 3050 3064 3079 3066 3078 3080 3081 3078 3089 3092 3098 3087
3021 3014 3020 3006 3017 3003 3008 3019 3011 3011 3005 3024 3018 3007 3035 3046 3067 3074 3083 3086 3084 3079 3087 3083 3087 3094 3070 3092 3088 3095 3091 3097 3077 3098 3087 3074 3073 3083 3077 3089 3091 3096 3090 3086 3079 3079 3082 3056 3057 3056 3055 3062 3072 3076 3075 3076 3072 3074 3091 3074 3086 3087 3087 3095
3009 3020 3016 3014 2993 3000 3007 3005 3017 3005 3001 3002 3011 3017 3009 3039 3067 3068 3076 3067 3084 3077 3086 3080 3096 3081 3082 3078 3094 3092 3085 3101 3074 3082 3088 3074 3076 3073 3085 3082 3088 3076 3085 3082 3088 3091 3078 3080 3073 3071 3072 3070 3071 3078 3084 3070 3083 3081 3081 3073 3080 3080 3089 3086
3019 3009 3003 3016 3000 3008 3008 3012 3020 3021 3006 3001 3012 2995 3035 3023 3033 3047 3055 3083 3071 3079 3086 3087 3080 3071 3085 3092 3094 3094 3090 3088 3081 3092 3089 3089 3080 3077 3096 3096 3089 3102 3099 3079 3082 3089 3089 3092 3086 3088 3079 3072 3068 3082 3082 3077 3080 3082 3075 3070 3079 3087 3094 3089
3020 3018 3014 3009 2999 3014 3012 3014 3012 3021 3013 2997 3000 3001 3024 3019 3016 3042 3070 3063 3075 3071 3077 3070 3085 3083 3094 3097 3093 3082 3095 3093 3106 3095 3095 3096 3073 3079 3086 3092 3081 3092 3085 3086 3097 3091 3078 3086 3082 3078 3079 3091 3082 3095 3096 3090 3062 3063 3067 3074 3067 3085 3078 3082
3008 3013 3010 3007 3007 3008 3016 3013 3011 3013 3001 3003 2993 2994 3010 3023 3009 3013 3043 3056 3063 3074 3082 3073 3097 3079 3077 3081 3088 3086 3101 3089 3080 3110 3100 3078 3101 3082 3093 3089 3092 3099 3103 3076 3090 3082 3078 3107 3081 3090 3088 3084 3090 3088 3092 3078 3083 3085 3079 3083 3078 3064 3091 3095
3004 3014 3005 3000 3003 3007 3006 3010 3008 3021 3017 3000 2998 2985 3001 2998 3013 3006 3028 3047 3060 3060 3072 3074 3096 3089 3083 3081 3097 3104 3092 3094 3088 3092 3102 3087 3092 3089 3094 3099 3090 3088 3083 3087 3085 3075 3082 3087 3084 3094 3082 3095 3080 3087 3091 3087 3086 3077 3079 3092 3078 3073 3080 3104
3006 2983 3010 3016 2999 3009 3030 3004 3005 3011 3004 2998 2999 2997 3003 3001 3000 3011 3027 3043 3056 3078 3071 3074 3085 3093 3081 3087 3089 3084 3094 3102 3085 3090 3111 3103 3090 3098 3084 3085 3093 3089 3089 3096 3086 3089 3093 3089 3088 3076 3101 3077 3084 3087 3088 3098 3087 3066 3080 3089 3070 3076 3081 3082
3006 3009 2999 3010 2998 3009 3017 2994 3017 3010 3003 3004 2998 3005 2992 3007 3010 3012 3017 3034 3059 3069 3073 3082 3080 3086 3074 3070 3086 3088 3097 3105 3113 3105 3114 3105 3106 3092 3098 3087 3098 3082 3083 3084 3089 3087 3098 3102 3094 3108 3091 3087 3082 3088 3091 3099 3079 3083 3097 3105 3087 3068 3088 3078
2993 2996 3015 3000 2997 3018 3012 3017 3000 3015 2997 3006 2995 2991 3006 3013 3005 3020 3023 3032 3060 3065 3068 3083 3091 3079 3085 3088 3097 3088 3102 3093 3083 3087 3105 3095 3095 3099 3089 3085 3088 3097 3082 3088 3077 3092 3086 3069 3090 3098 3088 3093 3092 3077 3087 3084 3087 3069 3088 3086 3076 3091 3089 3080
2996 3000 3000 3004 2980 2993 3007 3011 3016 3009 3002 3003 3012 3003 3001 3008 3016 3026 3015 3035 3053 3064 3080 3077 3077 3073 3095 3094 3094 3092 3099 3108 3092 3091 3107 3099 3095 3093 3082 3088 3094 3091 3089 3088 3090 3099 3090 3097 3083 3084 3096 3093 3090 3079 3082 3075 3081 3085 3065 3062 3071 3066 3082 3076
2995 2999 3013 3002 2998 3002 3005 3002 3018 3010 3001 3015 3011 3004 3017 3016 3013 3016 3018 3028 3051 3064 3061 3075 3080 3086 3076 3069 3083 3096 3086 3091 3080 3086 3088 3089 3096 3092 3086 3083 3088 3085 3095 3088 3103 3099 3086 3075 3083 3081 3087 3073 3076 3091 3080 3057 3083 3074 3065 3065 3063 3080 3077 3089
2990 2998 2996 3005 3004 3005 3008 3003 3016 3016 3018 3013 3015 3010 2997 3009 3021 3021 3017 3029 3041 3041 3061 3071 3080 3078 3070 3082 3075 3089 3093 3082 3071 3086 3082 3081 3078 3081 3076 3084 3073 3082 3079 3081 3085 3086 3079 3084 3084 3086 3069 3071 3099 3095 3070 3070 3082 3089 3074 3071 3068 3073 3078 3084
3006 3005 3009 2996 3013 3023 3007 3000 3018 3018 3013 3013 3017 3007 2998 3004 3003 3013 3020 3024 3045 3042 3061 3076 3073 3081 3070 3074 3080 3088 3089 3087 3097 3089 3083 3086 3087 3073 3089 3083 3089 3086 3088 3082 3078 3076 3083 3078 3072 3099 3077 3087 3087 3089 3077 3068 3070 3069 3077 3066 3075 3070 3080 3090
3002 3009 3010 2991 3018 3004 3014 3006 2996 3017 3015 3011 3007 2993 2997 3007 3011 3003 3027 3032 3031 3038 3051 3072 3085 3082 3066 3068 3091 3088 3086 3094 3091 3101 3097 3076 3075 3082 3081 3100 3078 3102 3103 3094 3074 3088 3080 3084 3070 3078 3090 3086 3068 3076 3057 3065 3073 3057 3072 3082 3074 3077 3084 3087
3029 3013 3013 3001 3009 3006 3011 2997 3008 3007 3011 3006 2998 3002 3004 3008 3018 3021 3021 3031 3031 3050 3058 3066 3094 3082 3078 3074 3092 3080 3086 3094 3089 3106 3094 3090 3083 3074 3089 3089 3084 3078 3088 3069 3079 3069 3077 3067 3074 3082 3081 3087 3089 3077 3077 3076 3075 3078 3074 3082 3081 3077 3087 3079
3020 3012 3007 3004 3015 3008 3018 3013 2994 3000 2999 3010 3011 3019 3027 3022 3012 3025 3028 3045 3041 3058 3073 3075 3093 3088 3074 3074 3078 3077 3095 3087 3091 3094 3091 3094 3085 3088 3084 3077 3081 3082 3098 3092 3075 3063 3071 3073 3076 3096 3080 3074 3075 3077 3077 3074 3089 3091 3077 3077 3082 3078 3095 3077
3013 3006 3014 3014 3017 3004 3005 3004 3015 3027 3029 3025 3011 3015 3023 3018 3019 3026 3025 3031 3056 3064 3080 3093 3084 3083 3082 3069 3078 3084 3082 3092 3095 3093 3099 3093 3090 3086 3073 3083 3062 3082 3083 3092 3076 3077 3071 3072 3082 3089 3090 3085 3074 3068 3077 3086 3089 3077 3079 3078 3075 3085 3084 3081
3028 3016 3028 3008 3013 3003 3014 3013 3034 3024 3017 3018 3006 3016 3003 3016 3030 3026 3025 3030 3064 3081 3078 3069 3088 3087 3073 3074 3072 3078 3082 3084 3104 3096 3093 3088 3084 3092 3085 3082 3085 3076 3083 3072 3077 3087 3085 3074 3088 3081 3091 3096 3099 3068 3088 3086 3079 3071 3080 3087 3080 3077 3084 3073
3042 3005 3017 3008 3012 3006 3006 3013 3024 3031 3021 3015 3013 3017 3008 3021 3022 3028 3040 3043 3065 3077 3095 3091 3080 3079 3060 3078 3085 3085 3086 3092 3086 3088 3080 3088 3092 3086 3088 3096 3087 3081 3084 3086 3079 3078 3093 3095 3080 3074 3082 3085 3090 3092 3088 3073 3075 3070 3074 3075 3083 3072 3069 3090
3025 3008 3018 3017 3019 3015 3015 3013 3024 3021 3014 3032 3017 3019 3019 3019 3024 3036 3054 3070 3074 3084 3104 3106 3098 3090 3079 3084 3088 3081 3085 3091 3106 3096 3090 3084 3070 3093 3093 3095 3088 3075 3074 3083 3078 3068 3087 3092 3082 3074 3085 3087 3091 3089 3074 3068 3064 3070 3083 3081 3083 3072 3073 3082
3010 3015 3023 3025 3011 3011 3008 3004 3021 3034 3036 3029 3017 3029 3032 3028 3047 3060 3075 3064 3064 3094 3083 3096 3092 3100 3088 3085 3097 3088 3090 3088 3101 3078 3096 3089 3082 3077 3088 3092 3077 3063 3078 3085 3075 3084 3088 3093 3072 3067 3081 3086 3091 3084 3070 3091 3075 3076 3074 3082 3060 3067 3069 3078
2990 3014 3023 3011 3008 3006 3002 3010 3017 3023 3041 3024 3030 3030 3049 3064 3057 3075 3083 3075 3065 3064 3074 3070 3090 3075 3070 3097 3095 3110 3103 3097 3108 3091 3091 3086 3085 3079 3082 3084 3065 3057 3058 3070 3085 3100 3083 3085 3096 3061 3063 3078 3087 3087 3087 3094 3091 3078 3084 3082 3083 3073 3063 3087
