3078 3061 3044 3049 3056 3054 3052 3049 3046 3049 3053 3046 3036 3032 3030 3032 3035 3038 3041 3042 3043 3036 3026 3021 3020 3023 3027 3030 3033 3029 3020 3019 3023 3019 3005 3001 3008 3012 3011 3008 3005 3004 3009 3012 3010 3007 3002 3000 3001 3005 3015 3021 3014 3007 3008 3009 3014 3018 3010 3002 3009 3015 3007 2999
3067 3057 3047 3048 3050 3050 3050 3048 3045 3045 3045 3042 3039 3036 3033 3033 3035 3035 3034 3035 3036 3032 3026 3023 3021 3021 3021 3023 3025 3024 3020 3020 3025 3021 3008 3004 3009 3012 3010 3009 3007 3007 3010 3013 3013 3013 3012 3011 3012 3014 3019 3022 3017 3012 3010 3009 3010 3011 3008 3005 3009 3012 3007 3002
3055 3053 3050 3047 3043 3046 3049 3047 3044 3041 3037 3039 3041 3039 3036 3035 3034 3031 3027 3027 3029 3028 3026 3024 3023 3020 3016 3015 3017 3018 3019 3021 3026 3023 3012 3007 3010 3011 3010 3009 3009 3009 3011 3013 3017 3020 3022 3023 3022 3022 3022 3023 3020 3017 3013 3009 3006 3003 3006 3008 3009 3010 3008 3006
3049 3048 3048 3045 3043 3045 3048 3045 3041 3038 3036 3037 3038 3039 3039 3036 3032 3029 3026 3026 3027 3026 3024 3022 3020 3018 3018 3017 3017 3017 3016 3017 3022 3020 3012 3009 3013 3015 3015 3013 3007 3005 3010 3014 3016 3017 3019 3019 3019 3019 3025 3027 3020 3013 3015 3016 3015 3014 3014 3014 3012 3010 3007 3003
3042 3044 3046 3044 3042 3044 3047 3042 3037 3036 3035 3035 3035 3038 3042 3037 3029 3026 3025 3025 3025 3024 3022 3019 3016 3017 3020 3020 3018 3015 3013 3013 3017 3017 3012 3012 3016 3018 3020 3016 3005 3001 3010 3015 3014 3014 3015 3016 3015 3017 3027 3032 3019 3010 3017 3024 3025 3026 3023 3020 3016 3011 3005 3000
3051 3048 3045 3040 3035 3038 3041 3040 3038 3037 3036 3036 3036 3035 3033 3031 3030 3029 3027 3026 3026 3022 3017 3016 3019 3019 3019 3018 3017 3015 3013 3013 3014 3013 3009 3008 3012 3013 3012 3010 3005 3004 3010 3013 3012 3010 3010 3010 3012 3015 3016 3017 3011 3008 3012 3015 3015 3015 3012 3009 3011 3013 3013 3012
3060 3052 3044 3036 3028 3031 3035 3037 3039 3038 3037 3037 3037 3031 3023 3026 3031 3031 3029 3028 3027 3020 3011 3013 3021 3022 3018 3016 3015 3015 3014 3013 3011 3009 3005 3004 3007 3008 3004 3003 3006 3009 3010 3011 3009 3007 3004 3003 3010 3013 3005 3000 3003 3006 3006 3006 3004 3002 2998 2996 3006 3015 3020 3026
3027 3020 3013 3010 3007 3010 3013 3012 3011 3011 3011 3013 3015 3013 3010 3010 3011 3013 3015 3015 3014 3008 2998 3000 3007 3008 3005 3005 3006 3006 3004 3004 3006 3005 3001 2999 3000 3000 2998 2997 3001 3003 3004 3005 3006 3005 3001 2999 3002 3003 2999 2997 3001 3005 3002 3000 3002 3004 3002 3001 3006 3011 3012 3014
2990 2984 2978 2981 2985 2987 2990 2986 2981 2981 2982 2986 2990 2993 2996 2993 2989 2993 2999 3000 3000 2994 2985 2985 2991 2992 2991 2993 2996 2996 2993 2995 3000 3001 2997 2994 2993 2992 2991 2992 2994 2996 2997 2999 3002 3003 2999 2996 2993 2991 2993 2995 3000 3003 2998 2995 3001 3008 3007 3007 3007 3006 3003 2999
2988 2983 2979 2980 2981 2982 2984 2983 2982 2982 2981 2985 2990 2990 2988 2987 2986 2989 2993 2994 2992 2990 2988 2989 2991 2993 2994 2994 2995 2994 2991 2994 3000 3001 2997 2994 2992 2992 2993 2995 2998 2999 2999 2999 3000 3000 2999 2998 2998 2998 2996 2995 2998 3001 2999 2997 2999 3002 3004 3007 3005 3003 3002 3001
2991 2988 2985 2982 2979 2980 2980 2984 2988 2987 2985 2989 2993 2988 2981 2982 2986 2988 2989 2988 2985 2988 2994 2995 2993 2995 2999 2998 2994 2992 2991 2994 3001 3002 2997 2994 2993 2994 2997 2999 3002 3004 3002 3001 2998 2997 2999 3002 3006 3007 3000 2994 2997 2999 3000 3001 2997 2995 3000 3005 3003 3001 3003 3006
2980 2981 2982 2983 2984 2987 2990 2990 2990 2987 2983 2987 2992 2989 2984 2984 2984 2988 2993 2992 2990 2989 2990 2991 2993 2996 3001 3000 2997 2997 2999 2999 2998 2997 2997 2998 3001 3004 3004 3005 3005 3004 3003 3002 3002 3003 3003 3004 3005 3004 3000 2997 2999 3001 3002 3003 2998 2994 3001 3008 3005 3001 3000 2999
2967 2972 2977 2984 2990 2996 3001 2996 2990 2985 2981 2985 2990 2991 2990 2987 2983 2988 2997 2998 2996 2991 2985 2986 2992 2997 3002 3003 3002 3004 3009 3006 2994 2991 2997 3004 3011 3015 3013 3010 3006 3004 3003 3004 3008 3010 3007 3004 3002 3000 3000 3000 3002 3004 3005 3005 2999 2994 3003 3012 3007 3003 2996 2990
2971 2976 2982 2987 2993 2996 2999 2993 2987 2985 2985 2988 2992 2991 2990 2989 2988 2993 3000 2998 2993 2992 2992 2994 2997 3000 3005 3004 2999 3000 3005 3003 2995 2993 2998 3004 3011 3014 3010 3007 3004 3003 3005 3008 3009 3010 3009 3007 3003 3001 3002 3004 3003 3003 3003 3003 3001 3000 3003 3006 3001 2996 2994 2993
2980 2985 2989 2992 2994 2994 2993 2988 2983 2986 2990 2992 2994 2992 2989 2991 2994 2998 3002 2996 2987 2992 3002 3004 3002 3004 3008 3005 2996 2993 2996 2997 2996 2997 3000 3003 3009 3010 3005 3001 3000 3001 3007 3011 3009 3008 3010 3011 3006 3002 3005 3007 3005 3002 3001 3000 3004 3007 3003 2998 2993 2988 2993 2999
2992 2994 2996 2997 2998 2998 2998 2995 2991 2993 2995 2996 2996 2996 2995 2996 2998 2999 3000 2996 2990 2995 3004 3006 3003 3003 3004 3001 2996 2995 2995 2996 2996 2997 2997 3000 3005 3007 3003 3001 3001 3003 3007 3009 3008 3006 3005 3004 3005 3006 3008 3009 3009 3008 3004 3001 3004 3006 3005 3004 2997 2989 2994 2999
3005 3004 3002 3002 3001 3004 3007 3006 3004 3002 3000 2999 2999 3001 3004 3003 3001 2999 2998 2997 2996 2999 3004 3004 3003 3000 2997 2997 2999 2998 2996 2995 2995 2995 2994 2996 3002 3004 3002 3002 3004 3005 3006 3006 3006 3003 2997 2994 3004 3010 3009 3009 3013 3016 3009 3003 3003 3003 3009 3015 3004 2993 2996 2998
3010 3006 3002 3001 3000 3003 3005 3007 3010 3007 3004 3003 3002 3004 3007 3007 3005 3003 2999 2998 2998 2999 3001 3002 3001 3000 2998 2999 3002 3002 3000 2997 2994 2994 2996 2998 3001 3002 3001 3002 3007 3010 3007 3004 3004 3003 3000 3000 3005 3010 3011 3013 3015 3016 3010 3004 3003 3002 3005 3008 3003 2997 2998 2999
3012 3006 2999 2998 2998 2998 2999 3006 3014 3011 3008 3007 3006 3007 3009 3010 3010 3007 3002 3000 2998 2998 2998 2998 2998 3000 3003 3004 3005 3005 3004 3000 2993 2993 3000 3003 3002 3001 2999 3002 3011 3015 3008 3004 3002 3003 3008 3011 3008 3007 3013 3018 3017 3015 3008 3003 3003 3002 2999 2996 2999 3002 3002 3001
3012 3007 3001 3002 3003 3002 3000 3007 3014 3011 3007 3007 3008 3010 3011 3010 3008 3004 3000 3000 3002 3000 2997 2998 3000 3002 3005 3006 3007 3008 3009 3005 2997 2996 3002 3006 3006 3007 3007 3008 3014 3016 3013 3010 3010 3011 3013 3014 3013 3013 3019 3024 3021 3018 3013 3008 3007 3006 3004 3003 3001 3000 3001 3003
3011 3008 3006 3009 3012 3009 3005 3008 3012 3008 3004 3006 3010 3012 3014 3009 3002 2999 2997 3001 3006 3004 2998 2998 3002 3004 3005 3006 3008 3011 3014 3012 3005 3001 3003 3007 3012 3016 3017 3018 3016 3016 3018 3020 3022 3021 3016 3014 3018 3022 3027 3030 3027 3024 3019 3015 3012 3010 3014 3017 3006 2995 2999 3004
3017 3015 3012 3017 3021 3020 3017 3017 3017 3015 3013 3015 3018 3021 3023 3018 3012 3009 3006 3010 3016 3015 3010 3009 3011 3013 3015 3016 3016 3018 3020 3019 3014 3011 3009 3009 3014 3018 3020 3021 3019 3019 3023 3026 3027 3026 3022 3020 3025 3029 3031 3033 3031 3029 3028 3027 3020 3015 3017 3019 3007 2996 3002 3008
3026 3023 3020 3026 3031 3032 3033 3029 3024 3025 3027 3028 3029 3032 3034 3032 3029 3025 3021 3023 3028 3029 3028 3026 3023 3025 3030 3030 3029 3028 3027 3026 3025 3022 3016 3013 3015 3017 3019 3021 3022 3024 3028 3031 3029 3029 3029 3030 3033 3035 3035 3034 3035 3036 3039 3040 3029 3020 3017 3014 3007 3001 3008 3015
3022 3021 3019 3023 3027 3028 3029 3025 3020 3021 3023 3023 3023 3026 3029 3029 3028 3024 3019 3020 3023 3024 3023 3022 3022 3023 3024 3024 3023 3022 3020 3020 3022 3020 3016 3015 3017 3019 3020 3022 3025 3028 3030 3031 3029 3028 3030 3032 3037 3040 3041 3041 3040 3039 3040 3040 3033 3026 3019 3012 3010 3008 3013 3019
3011 3012 3013 3014 3014 3014 3013 3011 3009 3009 3008 3008 3008 3011 3015 3016 3016 3012 3007 3007 3009 3008 3005 3008 3015 3014 3008 3006 3007 3007 3006 3007 3010 3012 3013 3016 3020 3023 3021 3023 3030 3033 3031 3029 3027 3026 3027 3030 3038 3045 3049 3051 3046 3042 3037 3032 3034 3034 3022 3011 3013 3016 3018 3021
3003 3005 3006 3008 3011 3009 3007 3005 3003 3002 3001 3002 3003 3005 3007 3008 3009 3006 3003 3003 3003 3001 2999 3002 3008 3005 2997 2996 3000 3001 3000 3002 3006 3011 3016 3020 3025 3027 3024 3025 3030 3033 3031 3029 3027 3027 3029 3033 3040 3047 3050 3051 3048 3044 3037 3032 3036 3038 3028 3018 3017 3017 3020 3023
2997 2998 2998 3006 3013 3010 3006 3003 3000 2999 2999 3002 3005 3005 3003 3003 3003 3004 3005 3004 3002 3001 3000 3001 3002 2998 2989 2991 3000 3003 3000 3001 3006 3013 3021 3027 3030 3031 3028 3027 3028 3030 3029 3029 3029 3030 3034 3038 3044 3048 3046 3045 3047 3047 3041 3036 3039 3041 3035 3029 3021 3014 3019 3025
2997 2997 2996 3005 3014 3009 3002 3001 3000 2999 2998 3001 3006 3005 3004 3004 3004 3003 3003 3001 3000 3000 3002 3002 3002 2998 2991 2993 3002 3004 3001 3003 3009 3017 3025 3031 3033 3033 3029 3027 3028 3028 3028 3029 3032 3034 3036 3039 3043 3047 3045 3045 3052 3056 3048 3042 3044 3046 3040 3034 3025 3016 3022 3028
3001 3000 2998 3006 3014 3006 2997 2998 3001 3000 2997 3000 3005 3007 3008 3008 3009 3004 2998 2996 2996 3000 3004 3006 3005 3003 3000 3001 3005 3006 3003 3006 3014 3022 3029 3034 3034 3033 3028 3026 3027 3028 3028 3030 3035 3039 3036 3036 3041 3045 3046 3050 3061 3069 3059 3050 3051 3051 3043 3035 3029 3023 3027 3031
3004 3002 3000 3006 3013 3005 2995 2997 3000 2998 2995 2998 3003 3005 3006 3006 3007 3003 2997 2996 2996 3000 3004 3006 3005 3004 3003 3003 3005 3005 3002 3006 3015 3023 3030 3034 3035 3034 3029 3027 3030 3031 3031 3032 3036 3039 3036 3035 3041 3046 3050 3056 3070 3080 3071 3063 3062 3060 3048 3036 3033 3029 3030 3031
3007 3004 3001 3006 3010 3004 2997 2996 2995 2993 2991 2994 2999 2999 2999 2999 2999 2999 2999 2999 2999 3000 3001 3002 3004 3003 3001 3001 3003 3001 2998 3002 3013 3022 3027 3032 3035 3035 3031 3030 3035 3037 3036 3035 3035 3035 3036 3038 3044 3050 3057 3065 3079 3089 3085 3080 3076 3071 3055 3039 3037 3035 3032 3030
3008 3005 3001 3005 3009 3004 2998 2996 2994 2992 2990 2992 2995 2996 2996 2997 2997 2998 3000 3000 3001 3001 3002 3003 3004 3004 3002 3002 3004 3003 3000 3005 3017 3025 3030 3033 3034 3034 3032 3033 3038 3040 3038 3037 3037 3037 3039 3042 3048 3055 3064 3073 3086 3097 3093 3089 3086 3082 3063 3046 3043 3040 3035 3031
3009 3004 2999 3004 3010 3004 2996 2996 2995 2993 2991 2991 2991 2995 2999 3000 3000 2999 2998 2999 3000 3003 3006 3007 3006 3005 3005 3006 3008 3009 3009 3015 3026 3034 3037 3037 3033 3031 3034 3036 3039 3040 3039 3039 3042 3045 3046 3048 3054 3060 3070 3080 3093 3103 3097 3091 3092 3091 3072 3055 3049 3043 3039 3035
3014 3009 3005 3010 3016 3010 3003 3003 3004 3001 2999 2997 2996 2999 3003 3005 3007 3005 3003 3003 3004 3007 3011 3011 3008 3008 3009 3010 3011 3013 3015 3021 3033 3040 3043 3042 3036 3033 3035 3038 3042 3043 3041 3041 3047 3053 3055 3058 3063 3069 3078 3086 3095 3102 3097 3093 3094 3093 3076 3059 3051 3044 3040 3037
3023 3020 3018 3022 3026 3022 3018 3019 3020 3017 3013 3011 3009 3010 3011 3014 3018 3016 3013 3012 3014 3015 3017 3015 3011 3010 3013 3014 3014 3015 3018 3025 3036 3043 3047 3048 3044 3041 3037 3039 3048 3051 3045 3044 3052 3060 3067 3073 3077 3081 3088 3093 3092 3091 3093 3094 3092 3088 3073 3058 3050 3042 3039 3037
3020 3021 3022 3024 3026 3023 3021 3020 3021 3020 3018 3016 3014 3013 3013 3015 3019 3019 3017 3017 3017 3017 3018 3015 3010 3010 3013 3014 3013 3014 3018 3025 3035 3043 3048 3051 3051 3048 3043 3044 3054 3058 3053 3052 3061 3070 3078 3084 3086 3089 3094 3097 3092 3089 3094 3097 3091 3084 3070 3057 3050 3044 3040 3036
3001 3008 3015 3015 3014 3011 3008 3005 3003 3006 3010 3010 3009 3008 3007 3007 3006 3009 3014 3014 3012 3012 3013 3010 3006 3006 3010 3009 3007 3008 3014 3020 3029 3037 3046 3052 3055 3056 3053 3054 3061 3066 3065 3067 3077 3085 3088 3090 3090 3090 3095 3098 3097 3096 3100 3102 3091 3081 3068 3055 3053 3051 3042 3033
2994 3002 3009 3008 3007 3004 3002 2998 2994 3000 3008 3006 3003 3003 3004 3002 2998 3004 3012 3012 3009 3008 3007 3006 3004 3005 3008 3007 3002 3003 3009 3016 3027 3037 3047 3055 3059 3062 3062 3064 3069 3073 3076 3080 3085 3090 3093 3095 3092 3091 3095 3098 3101 3103 3104 3104 3093 3081 3069 3058 3057 3054 3044 3033
3004 3003 3003 3005 3007 3006 3005 3001 2996 3003 3012 3005 2995 2998 3003 3001 2998 3002 3010 3010 3008 3005 3001 3002 3006 3008 3010 3006 2998 2998 3003 3013 3030 3043 3054 3061 3063 3066 3070 3073 3076 3080 3086 3088 3083 3082 3092 3098 3093 3090 3093 3097 3103 3108 3107 3105 3095 3086 3077 3069 3060 3052 3043 3034
3009 3004 2999 3002 3006 3006 3006 3003 3000 3006 3013 3005 2994 2996 3002 3001 2997 3001 3006 3007 3006 3003 2999 3001 3006 3008 3009 3005 2996 2996 3001 3013 3033 3048 3059 3066 3070 3073 3077 3080 3082 3085 3091 3092 3082 3079 3089 3096 3092 3090 3093 3097 3104 3110 3106 3102 3095 3087 3082 3075 3062 3048 3042 3037
3007 3002 2997 3000 3003 3003 3004 3005 3007 3008 3009 3006 3001 3001 3002 3001 2998 2999 3000 3001 3001 3001 3001 3002 3004 3005 3005 3002 2997 2998 3006 3019 3036 3050 3060 3070 3080 3085 3082 3082 3086 3089 3089 3087 3083 3081 3085 3087 3088 3089 3094 3099 3103 3105 3100 3096 3089 3082 3080 3076 3060 3044 3042 3041
3005 3000 2994 2998 3002 3002 3002 3006 3010 3009 3006 3006 3007 3005 3003 3001 2999 2998 2998 2997 2997 2999 3002 3002 3001 3001 3003 3001 2997 3000 3009 3021 3038 3051 3061 3072 3085 3091 3085 3084 3089 3091 3088 3086 3085 3084 3084 3085 3087 3091 3095 3099 3099 3099 3094 3090 3086 3082 3079 3076 3059 3042 3041 3041
3001 2995 2989 2997 3006 3005 3003 3005 3007 3006 3005 3007 3009 3008 3006 3003 3000 3000 3001 2999 2996 2996 2997 2997 2996 2998 3004 3002 2997 2999 3007 3020 3037 3052 3064 3074 3083 3086 3083 3083 3088 3091 3090 3089 3089 3089 3091 3092 3093 3094 3094 3094 3093 3091 3088 3086 3088 3089 3082 3074 3059 3044 3038 3032
3001 2994 2988 2999 3010 3008 3004 3005 3006 3004 3002 3004 3008 3008 3007 3005 3002 3003 3005 3001 2996 2995 2996 2996 2996 2999 3005 3004 2998 2999 3005 3017 3035 3051 3066 3076 3081 3084 3083 3084 3088 3090 3088 3088 3091 3093 3094 3095 3095 3096 3094 3092 3090 3088 3086 3085 3090 3093 3082 3071 3058 3044 3036 3028
3007 3001 2995 3004 3013 3011 3007 3008 3010 3003 2994 2996 3001 3003 3003 3006 3009 3010 3009 3006 3001 3001 3001 3003 3006 3008 3009 3007 3003 3002 3003 3013 3030 3048 3065 3077 3082 3086 3088 3089 3086 3082 3079 3080 3088 3093 3090 3088 3091 3093 3095 3097 3095 3094 3093 3093 3093 3092 3080 3068 3054 3040 3037 3034
3009 3005 3001 3008 3015 3012 3008 3010 3012 3002 2991 2992 2997 2999 3001 3005 3011 3011 3010 3008 3006 3005 3005 3008 3013 3013 3011 3009 3007 3005 3003 3010 3026 3044 3063 3076 3081 3086 3091 3091 3083 3077 3074 3075 3085 3091 3087 3086 3089 3092 3097 3100 3098 3097 3098 3098 3094 3089 3077 3065 3050 3036 3036 3037
3001 3003 3004 3008 3011 3008 3004 3007 3011 3006 2999 2999 3001 3002 3003 3001 2998 2999 3002 3005 3007 3006 3004 3006 3009 3010 3008 3008 3009 3007 3005 3010 3022 3039 3060 3073 3076 3081 3088 3089 3079 3073 3077 3080 3081 3083 3088 3091 3093 3095 3096 3097 3094 3092 3095 3097 3091 3083 3072 3061 3046 3031 3031 3031
2996 3000 3005 3006 3007 3004 3000 3004 3008 3006 3003 3003 3003 3004 3004 2998 2991 2992 2997 3001 3006 3005 3002 3002 3006 3006 3006 3007 3008 3008 3005 3009 3017 3032 3053 3067 3071 3077 3085 3086 3075 3070 3078 3082 3079 3079 3088 3095 3096 3097 3095 3093 3090 3089 3093 3095 3088 3079 3068 3057 3042 3028 3028 3027
2997 2999 3000 2999 2999 2997 2996 2999 3004 3000 2996 2999 3004 3004 3001 2999 2996 2996 2997 2998 2999 2996 2992 2995 3003 3005 3005 3004 3003 3002 3002 3004 3009 3019 3036 3051 3066 3077 3084 3084 3073 3069 3074 3078 3082 3085 3090 3093 3094 3095 3091 3089 3088 3088 3089 3090 3086 3081 3067 3053 3043 3034 3033 3033
2998 2997 2996 2995 2993 2993 2994 2997 3000 2996 2991 2997 3004 3002 2999 3000 3002 3001 2998 2995 2992 2989 2986 2991 3001 3005 3005 3003 2999 2998 3000 3002 3004 3011 3023 3040 3063 3078 3082 3082 3073 3068 3071 3075 3084 3090 3090 3090 3091 3092 3089 3086 3087 3087 3086 3086 3084 3080 3065 3051 3044 3037 3036 3036
2995 2998 3002 2999 2997 2998 3000 2999 2998 2997 2997 2997 2996 2997 2998 3003 3009 3007 3002 2996 2989 2991 2998 3001 3002 3005 3008 3006 3000 3001 3006 3010 3011 3017 3026 3042 3067 3081 3081 3079 3075 3072 3073 3076 3084 3089 3088 3086 3085 3086 3089 3092 3089 3086 3087 3086 3078 3070 3062 3054 3042 3031 3032 3033
2994 3000 3005 3002 2999 3002 3004 3000 2995 2998 3002 2998 2991 2993 2997 3004 3013 3010 3004 2996 2988 2994 3006 3008 3003 3005 3010 3009 3002 3004 3011 3015 3016 3020 3027 3043 3069 3082 3079 3077 3077 3076 3076 3078 3084 3088 3085 3083 3082 3083 3091 3096 3091 3087 3087 3085 3073 3062 3059 3056 3041 3027 3029 3030
2998 3000 3002 2999 2995 2996 2997 2995 2993 2997 3001 2999 2996 2995 2996 2999 3004 3003 3000 2998 2995 2998 3002 3003 3003 3004 3007 3007 3007 3009 3012 3011 3007 3010 3023 3040 3063 3076 3076 3076 3077 3077 3078 3079 3083 3085 3084 3085 3091 3096 3095 3094 3092 3090 3087 3084 3072 3061 3057 3053 3044 3034 3030 3027
3001 3001 3000 2996 2992 2991 2990 2991 2991 2995 2999 2999 2999 2997 2995 2995 2996 2997 2999 3000 3002 3001 2998 3000 3005 3006 3005 3007 3010 3012 3013 3009 3000 3004 3020 3038 3058 3071 3073 3075 3077 3078 3079 3080 3082 3083 3083 3086 3099 3106 3099 3093 3093 3092 3087 3081 3070 3060 3056 3052 3045 3039 3032 3024
3002 3002 3002 3000 2999 2995 2991 2990 2989 2990 2992 2994 2995 2994 2992 2992 2993 2998 3004 3005 3004 3000 2995 3003 3017 3019 3015 3010 3006 3007 3011 3009 3004 3008 3023 3040 3061 3073 3074 3075 3076 3077 3079 3081 3086 3089 3086 3087 3096 3102 3099 3095 3092 3088 3081 3074 3064 3055 3055 3054 3044 3034 3031 3027
3003 3003 3004 3004 3005 2999 2993 2990 2987 2987 2987 2990 2993 2992 2990 2991 2993 3000 3009 3009 3006 3000 2994 3005 3027 3030 3023 3014 3005 3004 3010 3011 3008 3013 3027 3044 3064 3075 3075 3076 3076 3078 3080 3083 3090 3094 3090 3088 3094 3098 3098 3097 3092 3086 3076 3066 3058 3051 3054 3056 3044 3032 3031 3031
3009 3009 3010 3010 3010 3004 2997 2996 2996 2994 2992 2996 3000 2999 2998 2999 3002 3004 3006 3005 3003 3003 3004 3012 3023 3027 3025 3025 3025 3023 3019 3016 3014 3021 3038 3055 3069 3079 3083 3085 3085 3086 3088 3090 3092 3094 3093 3094 3099 3102 3102 3100 3095 3088 3075 3063 3060 3057 3058 3058 3052 3046 3041 3036
3015 3015 3014 3014 3014 3007 3000 3001 3003 3001 2999 3002 3006 3006 3005 3007 3011 3009 3004 3002 3000 3005 3014 3019 3021 3024 3027 3034 3044 3041 3028 3021 3020 3029 3050 3065 3075 3083 3089 3093 3093 3094 3096 3096 3094 3094 3096 3099 3102 3104 3103 3101 3096 3089 3073 3060 3061 3063 3061 3060 3059 3058 3049 3040
3012 3010 3009 3009 3010 3003 2996 2997 3000 3005 3012 3011 3010 3008 3005 3009 3016 3013 3007 3005 3005 3010 3017 3022 3025 3030 3037 3042 3046 3043 3032 3026 3025 3035 3058 3074 3080 3084 3086 3088 3091 3093 3094 3095 3095 3095 3096 3096 3093 3090 3089 3086 3080 3074 3064 3055 3057 3060 3060 3059 3057 3055 3045 3035
3009 3006 3003 3005 3006 3000 2993 2994 2997 3009 3023 3020 3013 3009 3005 3011 3021 3018 3010 3009 3010 3014 3020 3025 3029 3036 3045 3049 3049 3044 3036 3031 3030 3041 3066 3081 3084 3085 3083 3084 3089 3093 3093 3094 3096 3097 3097 3094 3085 3078 3075 3072 3066 3061 3055 3050 3054 3057 3058 3059 3055 3051 3041 3030
3008 3006 3004 3006 3008 3003 2997 2997 2998 3004 3011 3014 3016 3013 3010 3014 3021 3018 3011 3010 3012 3016 3020 3025 3030 3036 3043 3048 3050 3045 3034 3030 3033 3046 3069 3083 3085 3087 3088 3090 3095 3097 3095 3094 3097 3099 3102 3101 3093 3084 3076 3070 3069 3067 3057 3049 3051 3052 3055 3057 3053 3048 3040 3032
3008 3006 3004 3007 3010 3006 3001 3000 3000 3000 3000 3008 3018 3017 3015 3017 3021 3017 3012 3012 3015 3018 3021 3025 3030 3036 3042 3047 3052 3046 3032 3029 3037 3050 3071 3084 3085 3088 3092 3096 3100 3100 3096 3094 3098 3101 3106 3108 3100 3090 3078 3068 3072 3073 3060 3048 3048 3048 3052 3056 3050 3045 3040 3034
3014 3008 3003 3008 3013 3013 3012 3008 3004 3007 3010 3012 3013 3014 3014 3013 3012 3011 3009 3011 3015 3020 3026 3032 3038 3044 3050 3052 3050 3049 3046 3046 3049 3058 3074 3083 3086 3089 3093 3095 3096 3096 3096 3096 3096 3097 3100 3102 3101 3097 3084 3075 3078 3078 3065 3054 3054 3055 3055 3055 3051 3048 3048 3048
3019 3011 3002 3009 3016 3020 3024 3016 3008 3013 3020 3015 3008 3010 3013 3009 3004 3004 3007 3011 3015 3022 3031 3038 3045 3052 3058 3056 3049 3051 3060 3063 3061 3065 3076 3083 3086 3089 3093 3094 3092 3092 3096 3097 3094 3092 3094 3096 3102 3103 3091 3081 3084 3084 3071 3060 3061 3062 3058 3055 3052 3050 3056 3062
