3061 3055 3053 3054 3041 3045 3026 3048 3053 3058 3057 3036 3037 3047 3042 3042 3049 3037 3031 3038 3021 3025 3034 3043 3046 3036 3034 3036 3028 3035 3027 3026 3008 3017 3024 3023 3025 3025 3021 3033 3022 3031 3044 3032 3026 3014 3018 3028 3020 3024 3018 3034 3028 3034 3027 3037 3033 3033 3015 3015 3028 3028 3022 3030
3061 3050 3039 3050 3051 3051 3054 3030 3044 3049 3049 3039 3056 3043 3037 3052 3034 3037 3038 3038 3035 3035 3034 3047 3048 3041 3043 3050 3046 3026 3035 3031 3028 3034 3036 3038 3042 3044 3039 3031 3032 3035 3039 3038 3020 3029 3011 3022 3037 3036 3024 3031 3030 3031 3028 3024 3017 3017 3020 3023 3018 3039 3026 3029
3051 3043 3057 3040 3036 3042 3047 3044 3037 3040 3052 3038 3048 3043 3037 3029 3032 3047 3027 3043 3045 3041 3050 3038 3034 3030 3033 3027 3028 3022 3029 3033 3039 3042 3041 3034 3044 3041 3026 3038 3033 3036 3034 3031 3025 3019 3038 3028 3037 3044 3045 3028 3018 3040 3027 3017 3018 3028 2997 3019 3031 3043 3039 3028
3040 3039 3039 3041 3049 3048 3066 3057 3046 3041 3044 3038 3034 3043 3036 3034 3035 3027 3031 3024 3031 3036 3046 3040 3028 3029 3027 3038 3043 3052 3020 3025 3023 3041 3034 3025 3025 3040 3022 3036 3036 3038 3034 3029 3027 3024 3006 3030 3027 3022 3025 3025 3027 3029 3016 3019 3015 3022 3016 3016 3026 3029 3028 3024
3053 3055 3047 3051 3043 3054 3078 3049 3034 3042 3033 3028 3025 3038 3038 3034 3032 3031 3026 3026 3026 3035 3036 3022 3029 3030 3038 3046 3042 3049 3027 3023 3022 3012 3019 3027 3022 3010 3028 3024 3020 3024 3031 3023 3022 3016 3023 3024 3007 3030 3023 3020 3025 3017 3018 3011 3015 3014 3024 3018 3017 3022 3021 3019
3054 3043 3049 3039 3046 3059 3033 3042 3036 3032 3040 3034 3025 3020 3031 3029 3018 3019 3015 3021 3034 3029 3033 3023 3021 3039 3025 3032 3031 3033 3020 3024 3016 3014 3009 3016 3023 3031 3026 3023 3010 3033 3023 3015 3016 3015 3016 3022 3015 3022 3007 3025 3023 3017 3016 3017 3022 3017 3023 3026 3013 3014 3022 3032
3051 3037 3030 3038 3037 3027 3033 3023 3036 3026 3025 3021 3014 3034 3029 3016 3029 3034 3024 3019 3021 3027 3023 3027 3033 3026 3029 3020 3029 3022 3025 3016 3027 3011 3025 3026 3023 3008 3014 3017 3011 3015 3020 3014 3015 3018 3012 3020 3012 3013 3015 3019 3024 2999 3016 3018 3018 3036 3031 3027 3024 3026 3041 3034
3024 3005 3010 3020 3011 3016 2995 3016 3013 3008 3011 2997 3014 3018 3013 3011 3017 3007 3005 3024 3023 3018 3002 3009 3030 3002 3007 3021 3018 3013 3000 3009 3021 3017 3005 3010 3010 3014 3003 3013 3010 3016 3010 3017 3020 3013 3016 3006 2997 3009 3019 2999 3016 3006 3015 3009 3023 3020 3016 3034 3033 3025 3035 3038
2970 2993 2992 2994 2984 2981 2983 2989 3002 2988 2982 2978 2996 2988 2993 2991 3015 2992 2989 2991 2993 3001 2988 2985 3000 2986 3004 3002 2998 3005 3006 3015 3002 3000 2992 3005 2999 3006 3018 3011 3009 3011 3011 3006 3015 3020 3002 3009 3007 3015 2999 3021 3025 3033 3016 3012 3017 3002 3020 3022 3029 3031 3034 3025
2962 2976 2998 2986 2975 2987 2985 2979 2993 3006 2986 2994 2975 2987 2968 2985 2991 3001 2991 2987 3004 2999 3003 2990 3001 2998 2999 3004 2993 2993 2994 2997 3004 3008 3004 2992 3010 3014 3004 3007 3002 3002 3013 3011 3011 3006 3003 3010 3013 3011 3022 3009 3025 3024 3014 3020 3008 3023 3029 3021 3041 3040 3033 3042
2978 2979 2983 2963 2974 2976 2986 2989 2985 2999 2999 2994 2991 2991 2974 2979 3002 2991 2995 2995 2994 2998 3007 2994 3003 3013 2992 2997 2988 2983 2997 2993 3011 3012 3006 3010 3011 3004 3005 3010 2999 3007 3018 3018 3017 3021 3014 3023 3023 3019 3030 3010 3022 3038 3021 3026 3018 3019 3026 3021 3032 3042 3047 3045
2976 2970 2983 2965 2969 2980 2980 2986 2996 2997 3011 2984 2992 2993 2978 3009 2993 3002 3002 2995 3004 2998 2995 3003 3004 2995 2990 2999 3001 2993 2991 3012 3016 3009 2996 2988 3015 3012 3013 3018 3009 3010 3015 3009 3018 3025 3020 3014 3011 3014 3013 3016 3015 3023 3026 3032 3036 3029 3040 3026 3035 3039 3036 3039
2980 2980 2975 2979 2978 2983 2987 2980 2981 2990 2998 3012 3019 3008 3008 3009 3007 2999 2986 2994 3006 3010 3019 2999 3006 3009 3016 3007 3007 3006 3005 3006 3003 3015 2997 3001 3002 3013 3015 3016 3032 3025 3032 3014 3012 3006 3016 3028 3028 3029 3032 3018 3023 3029 3025 3012 3033 3038 3034 3044 3039 3038 3029 3021
2971 2984 2984 2989 2980 2986 2987 2991 2997 3005 3005 2997 2996 3006 3008 3014 2996 3006 2982 3000 3003 3005 3011 3012 3000 2997 2998 3006 3002 3008 3002 3005 2997 3008 3000 2994 3009 3010 3017 3029 3022 3022 3012 3011 3009 3023 3019 3015 3017 3021 3020 3009 3017 3020 3015 3024 3030 3034 3045 3038 3048 3034 3032 3033
2966 2985 2994 2998 3002 2995 2990 3001 3001 3001 2998 3006 2991 3000 2988 3000 3001 2989 2994 2983 2995 3000 3006 3002 3000 2998 3005 2996 2998 3001 3005 3004 2996 2998 3000 2985 3002 3004 3013 3010 3033 3020 2997 2997 3010 3010 3009 3017 3020 3008 3011 3004 3011 3016 3015 3031 3028 3030 3041 3026 3047 3023 3045 3038
3009 3002 3001 3003 2997 2997 3015 2983 2988 2986 3004 3004 2996 2992 3002 2993 3016 2997 2989 3005 2997 2992 3004 3012 3005 2998 3012 3003 3004 3017 3003 3003 3004 3007 3010 3002 3003 3001 3012 3022 3008 3013 3003 2996 3019 3011 3011 3006 3005 3007 3011 3020 3022 3028 3010 3016 3032 3045 3021 3037 3042 3037 3042 3038
3027 3013 3008 3009 3004 2999 3010 3007 2999 2998 3002 2992 2997 3011 2998 2997 3014 2992 2998 2994 3003 3004 3022 3006 3003 3011 3007 3013 3000 2998 2999 2995 3000 3006 3011 3005 3006 3003 3018 3010 2998 2991 2995 2999 3015 3012 3028 2999 3010 3011 3012 3007 3007 3027 3020 3027 3033 3030 3040 3035 3033 3044 3043 3038
3025 3011 3002 3011 3012 3014 3006 3020 3011 3000 3006 3000 3001 2992 3007 2999 3007 2998 3005 2999 3007 3008 3013 3016 3009 3006 3009 3008 2990 3004 2996 3013 3023 3005 2996 3007 3007 3000 2999 3008 3013 2994 2995 3008 3008 3015 3012 3005 3015 3002 3007 3007 3027 3025 3018 3014 3024 3033 3033 3036 3045 3043 3039 3044
3000 3009 3006 3002 3017 3014 3014 3008 3010 3023 3011 2999 3012 3010 3012 3004 2996 3018 3009 3009 2997 3011 3014 3011 3000 3007 3006 3001 2999 2993 3007 3007 3017 3017 3005 3016 3002 2995 2992 3000 3018 3007 3006 3007 3004 3013 3013 3013 3001 2994 3005 3010 3022 3024 3008 3008 3013 3031 3044 3057 3035 3046 3028 3042
3016 3007 3016 3021 3010 3014 3017 3017 3020 3018 3007 3003 2994 3002 3023 3024 3005 2990 3020 3013 3015 3013 3016 3009 3012 3005 2998 3015 3007 3004 3004 3018 3005 3004 3017 3005 2995 2999 3002 3013 3017 3002 2999 3008 3001 3013 3021 3006 3005 3008 3008 3005 3020 3028 3017 3006 3019 3025 3043 3039 3046 3030 3040 3043
3005 3023 3013 3017 3020 3023 3014 3006 3001 3013 3025 3024 2997 2995 3007 3018 3017 3014 3006 3011 3010 3007 3001 3002 3031 3016 3007 2985 2996 3004 2993 3008 3007 2996 2996 3003 3004 2993 2998 3007 3007 3003 3006 3007 3018 3027 3025 3015 3016 3003 3010 3005 3015 3022 3002 3007 3015 3019 3041 3036 3041 3042 3046 3047
3003 3026 3018 3006 3004 3025 3017 3019 3003 3015 3010 3009 3011 2998 3023 3008 3008 3004 3013 3009 2985 3019 3014 2998 3007 3003 2988 3011 3010 3009 2996 3022 3008 3004 3004 3007 3001 3007 3017 3016 3013 2996 3007 3014 3017 3025 3004 3008 3016 3008 3014 3018 3016 3018 3005 3016 3019 3018 3028 3043 3048 3054 3038 3067
3008 3020 3014 3008 3018 3022 3020 3016 3023 3014 2995 2995 3007 3007 3011 3019 3009 3026 3005 3005 3020 3013 3005 3010 3007 2995 3002 2991 3001 3003 3016 3004 3012 2993 2997 2998 3004 3001 3006 3011 3010 3006 3007 3002 3001 3014 2996 3015 3016 3015 3012 3026 3025 3025 3020 3030 3006 3024 3037 3046 3043 3067 3067 3077
3004 3020 3016 3010 3018 3014 3006 3024 3015 3021 3002 3004 3013 3015 3008 2996 3009 3008 3016 3019 3012 3010 3018 3004 3008 3009 2993 2995 3004 3018 3012 3000 2997 2997 3004 3002 3005 3023 3017 3014 3025 3004 3009 3019 3003 3013 3011 3010 3010 3005 3026 3018 3022 3017 3006 3021 3025 3028 3025 3037 3051 3071 3062 3077
3011 3018 3030 3030 3017 3004 3001 3019 3035 3024 3001 3012 3004 3005 3017 3015 3017 3017 3019 3029 3012 3026 3019 3020 3008 3001 3000 3004 3008 3006 3002 3013 3004 3002 2995 3003 3001 3015 3010 3003 3011 3003 3011 3008 3005 3007 3012 3009 3002 3016 3014 3028 3024 3015 3013 3018 3016 3032 3023 3034 3044 3071 3071 3072
3025 3024 3027 3021 3009 3003 2997 3015 3045 3032 3017 3013 3015 3019 3022 3020 3011 3017 3012 3024 3020 3025 3025 3022 3022 2998 3008 3004 2991 3000 2989 2994 3009 2988 2997 3007 3004 3015 3016 3016 3004 3001 3013 3010 2997 3008 3006 3019 3014 2999 3018 3013 3014 3013 3012 3015 3008 3019 3025 3034 3041 3063 3062 3076
3006 3035 3032 3022 3017 3009 3010 3021 3038 3031 3025 3021 3029 3026 3025 3024 3016 3014 3030 3020 3007 3014 3042 3025 3012 3009 3002 2993 3009 2984 3008 3001 2988 3007 3015 3011 3000 3004 3010 3007 3020 3007 3005 3019 3010 3016 3000 3005 3014 3014 3020 3030 3018 3007 3003 3015 3009 3024 3032 3038 3056 3075 3080 3084
3011 3019 3016 3015 3020 3026 3030 3025 3029 3021 3030 3037 3036 3032 3019 3025 3021 3014 3023 3011 3020 3022 3028 3014 3021 3010 3006 3000 2985 3010 2997 3008 3003 3004 3003 3004 3011 3007 2993 3008 3012 3010 3011 3001 3013 3014 3009 3015 3022 3018 3016 3018 3008 3004 3002 3020 3020 3004 3021 3030 3041 3057 3068 3074
3004 3035 3032 3010 3035 3031 3022 3021 3009 3026 3024 3034 3023 3008 3008 3009 3018 3001 3012 3017 3021 3034 3014 3034 3007 3005 3006 3000 2994 3010 3010 3010 2998 2999 3010 3013 2987 3002 3004 2994 3002 3013 3008 3028 3018 3033 3018 3012 3024 3028 3021 3010 2990 3003 3027 3017 3012 3024 3011 3032 3039 3046 3060 3056
3022 3024 3018 3020 3019 3020 3021 3018 3008 3017 3010 3020 3021 3027 3019 3013 3025 3027 3030 3026 3029 3034 3028 3017 3011 3009 3003 2990 2988 3008 3017 3006 3004 3000 2999 3002 2999 2995 3007 3006 3003 3014 3007 3023 3029 3019 3013 3019 3016 3019 3006 3002 2992 3000 3004 3020 3013 3004 3016 3028 3022 3048 3044 3052
3013 3018 3008 3015 3024 3018 3008 3007 3021 3015 3021 3012 3022 3031 3039 3030 3029 3029 3035 3036 3029 3036 3034 3026 3022 3022 3012 2998 3008 3005 3017 3001 3017 3005 3001 3000 3001 2991 2998 3016 3000 3010 3001 3006 3019 3028 3019 3018 3018 3023 3017 2997 3007 3010 3020 3028 3010 3012 3018 3022 3030 3031 3036 3053
3024 3005 3009 3018 3012 3019 3011 3000 3011 3017 3022 3029 3025 3029 3043 3042 3030 3043 3031 3034 3035 3041 3043 3040 3026 2999 3015 3016 3009 3014 3000 2990 3016 3001 3006 3002 2982 3005 3008 3020 3009 3009 3012 3000 3008 3021 3011 3007 3002 3015 3006 3006 3016 3005 3016 3011 3014 3006 3016 3012 3017 3039 3035 3049
3018 3023 3009 3021 3009 3011 3022 3002 3009 3004 3004 3012 3036 3041 3045 3052 3045 3021 3032 3037 3048 3030 3043 3017 3021 3010 3005 3008 2990 3001 2999 3003 2999 3010 3015 3015 2992 3009 3008 3011 3005 3004 3001 3011 3015 3013 3020 3012 3008 3010 3008 3004 2999 3021 3008 3019 3013 3015 3021 3009 3022 3034 3049 3049
3016 3018 3019 3014 3016 3023 3002 3021 3013 3004 3006 3013 3028 3042 3045 3045 3051 3024 3030 3037 3043 3034 3029 3030 3023 3006 2998 3012 2991 3012 3015 3005 3009 3018 3007 3009 2999 3010 3002 3006 3017 3009 3027 3012 3015 3021 3012 3013 3009 3007 3006 3004 3008 3000 3014 3011 3015 3005 3018 3017 3029 3029 3031 3052
3010 3014 3015 3024 3012 3020 3000 3009 3018 3013 3007 3014 3040 3042 3041 3044 3034 3042 3042 3045 3037 3033 3040 3015 3012 3023 2996 3015 2996 3009 3005 3014 3013 3013 3008 3012 3010 3010 3018 2996 3001 3010 3024 3009 3017 3006 3003 3005 3011 3011 3004 2998 3009 3024 3010 3018 3004 3014 3015 3022 3006 3022 3034 3047
3020 3018 3015 3008 3014 3009 3017 3006 3011 3010 3013 3023 3030 3051 3045 3042 3033 3033 3044 3036 3038 3041 3023 3018 3027 3010 3014 3002 3013 3006 3005 3014 3009 3006 3017 3006 3009 3011 2999 3000 2993 3009 3008 3009 2996 3015 3012 3006 3002 3017 3011 3008 3024 3015 3013 3012 3000 3014 3013 3016 3027 3024 3034 3035
3012 3012 3014 3007 3012 3014 3028 3020 3010 3010 3024 3025 3034 3034 3020 3032 3048 3044 3042 3044 3041 3035 3024 3024 3005 3022 3005 3001 2994 3001 3011 3012 3002 3013 3011 2998 3003 3004 2994 3015 3005 3004 3009 3017 3025 3030 3019 3009 3013 3000 3007 3012 3015 3017 3026 2998 3004 3005 3009 3016 3012 3036 3034 3035
3017 3004 3011 3011 3012 3011 3018 3011 3009 3019 3027 3019 3025 3023 3034 3033 3042 3033 3028 3035 3050 3039 3034 3021 3008 3006 3017 3020 3011 3001 3007 3007 3011 3006 3002 3003 2999 3009 3014 3002 3004 2994 2992 3021 3025 3020 3025 3010 3011 2998 3015 3003 3004 3020 3007 3014 3019 3007 3018 3025 3021 3014 3028 3043
3013 3012 3015 3012 3017 2991 3019 3008 3019 3012 3025 3016 3020 3016 3016 3036 3029 3041 3025 3038 3041 3038 3034 3020 3011 3006 3004 3008 3014 3002 3002 3007 3001 3003 3009 3004 2995 3016 3001 3003 2994 2991 3022 3012 3013 3018 3019 3004 3012 2995 2999 3016 3021 3003 3011 3027 3009 3010 3016 3024 3009 2994 3024 3042
3005 3010 3028 3012 3007 2999 3017 3010 3004 3015 3009 3014 3013 3023 3017 3017 3016 3014 3027 3040 3037 3039 3043 3020 3016 2994 2991 2983 2996 2989 2989 3003 3007 3015 3009 2992 2999 3009 3008 3019 2992 2978 2998 3013 3004 3027 3019 2999 3004 2994 2993 3000 3003 3004 3011 3012 3017 3026 3019 3023 3014 2996 3014 3055
3012 3014 3017 3028 3026 3014 3009 3023 3000 3001 3014 3014 3014 3005 3022 3017 3005 3024 3032 3025 3044 3032 3015 3015 3000 3008 2996 2998 2997 3001 2988 2991 3011 3001 2992 3013 3011 2998 3008 3011 3003 3009 3015 3015 3022 3009 3007 3014 3019 3002 2996 3007 3020 3016 3018 3016 3021 3010 3030 3013 3014 3003 3036 3049
3008 3008 3019 3021 3002 3013 3017 3003 3002 2994 3014 3004 3006 3018 3027 3025 3010 3011 3011 3035 3041 3035 3017 3008 3010 3015 3007 2990 3007 2994 2994 2992 3000 2995 3008 3006 3005 3018 2998 3009 2996 3001 3021 3016 3014 3025 3017 3004 3022 3011 3012 3001 3010 3014 3013 3021 3033 3025 3031 3010 3017 3025 3040 3036
3009 3021 3013 3006 2999 3013 3007 3005 3006 3005 3019 3020 3015 3010 3011 3005 3022 3012 3023 3035 3022 3026 3020 3012 3026 3002 3019 3015 3012 2996 3005 2997 3013 3003 3013 3014 3010 3011 3003 2992 3005 2997 3007 3024 3015 3018 3010 3011 3015 3013 3018 3019 3021 3012 3018 3012 3025 3042 3020 3014 3013 3023 3047 3052
3000 3001 3003 3022 2996 2995 3010 2999 3004 3007 3019 3012 3033 3019 3001 3028 3012 3028 3006 3012 3022 3028 3033 3013 3020 2998 3011 3015 3003 3003 3001 2997 3000 3013 3000 2999 3003 3008 3007 2997 2989 3015 3014 3015 3009 3013 3004 3015 3010 3022 3010 3022 3008 3019 3013 3018 3016 3014 3021 3012 3015 3030 3045 3052
3004 3012 2996 3010 3005 3000 2993 2998 3001 3005 3000 3008 3001 3010 3011 3000 3003 3015 3014 3010 3038 3019 3018 3020 3006 3015 3001 2995 2997 3005 2999 3009 3003 3003 3009 3018 3014 3004 2997 3000 3001 3009 3015 3013 3002 2996 3014 3011 3021 3016 3020 3030 3027 3016 3014 3023 3019 3027 3032 3019 3040 3046 3052 3063
3002 3005 2994 2999 3009 3010 3002 3012 2995 3005 3005 3012 3000 3004 3006 3019 3008 3009 3012 3001 3018 3031 3014 3013 3013 3006 3003 2998 2997 3006 3008 3004 3010 3001 3003 2995 3000 2996 2999 3000 3004 3021 3007 3021 3000 2990 3004 3015 3029 3031 3028 3029 3018 3012 3019 3025 3018 3026 3030 3049 3055 3066 3061 3065
3023 3007 2999 3008 3019 2994 3000 3001 2994 2991 2992 2997 3001 3009 3009 3019 3002 3016 3009 3028 3023 3030 3007 3013 3021 3006 3002 2993 2998 3011 3018 3019 3014 3005 2997 3014 3018 3012 3009 3007 2994 3018 3010 3009 3005 3016 3005 3010 3018 3023 3024 3017 3026 3023 3024 3012 3029 3022 3043 3054 3048 3075 3068 3082
3016 3014 3007 3015 3028 3006 3005 2996 3023 3009 2999 2991 2998 2998 3009 3014 3003 3005 3008 2996 3023 3011 3020 3016 3023 3012 3005 3002 3003 2991 3000 3011 3009 3001 3004 2991 3009 3012 2998 2995 3014 3005 3011 3009 3005 3003 3014 3003 3013 3013 3023 3017 3012 3023 3008 3029 3017 3042 3054 3067 3063 3072 3076 3076
3013 3009 3014 3023 3019 3012 3012 3003 3005 3005 3008 3005 2992 2992 3002 3006 3012 3009 3013 3013 3025 3010 3023 3018 3014 3006 3018 3001 3001 3002 3006 2992 3017 3012 3008 3004 2993 3008 2997 3007 3008 3004 3012 3007 3024 3001 3009 3001 3019 3014 3023 3027 3018 3037 3031 3046 3035 3038 3069 3087 3076 3070 3082 3086
3007 3013 3016 3020 3019 3005 3014 2984 3002 3005 3018 3000 3006 2995 2995 3006 3021 3015 3015 3018 3024 3023 3030 3039 3011 3017 3006 2995 3009 3008 2997 2998 3012 3011 3010 3006 2996 3016 3003 3018 3015 3019 3003 3007 3013 3011 3016 3007 3010 3009 3030 3029 3044 3044 3044 3054 3049 3052 3060 3098 3084 3062 3093 3094
3009 3014 3006 3012 3023 3014 3008 3010 3002 3001 2998 3007 3009 3009 3003 3011 3013 3009 3007 3003 3018 3016 3020 3023 3004 3014 3002 3017 2998 3007 3014 3006 3016 3003 3023 2999 2999 3002 3016 3014 3011 3020 3024 3013 3027 3017 3000 3015 3023 3020 3044 3036 3018 3035 3054 3058 3057 3054 3076 3085 3082 3079 3084 3099
3018 3009 3011 3005 3006 3027 3026 2997 3001 2997 3011 3002 3008 3021 3022 3020 3024 3016 2997 3011 3024 3031 3027 3013 3013 3011 3011 3014 3004 3016 3022 3022 3006 3000 3002 2998 3005 3007 3012 3014 3007 3018 3010 3010 3022 3009 3016 3021 3024 3040 3048 3045 3052 3047 3051 3058 3059 3070 3059 3089 3078 3078 3092 3111
2999 2998 2995 2998 2990 3005 3020 3013 3004 3004 3007 3011 3015 3018 3011 2998 3014 3012 3003 3018 3015 3027 3025 3015 3021 3012 3001 3008 2994 3015 3007 3014 3006 3008 2995 3009 3007 3016 2999 3015 3015 2999 3012 3010 3011 3027 3028 3047 3041 3047 3046 3048 3052 3048 3053 3060 3062 3068 3081 3061 3062 3068 3066 3067
3003 2993 2990 2992 3001 3010 3007 3012 3010 3009 3002 2993 3001 3002 3005 3000 3009 3005 3013 3009 3020 3030 3036 3012 3009 3010 3010 3009 2991 2989 3002 2996 2999 2997 3005 3011 3015 3012 3017 3019 3004 3010 3014 3026 3026 3042 3044 3041 3046 3045 3048 3062 3056 3059 3060 3067 3063 3063 3079 3064 3065 3061 3057 3046
3013 2998 2990 2995 3010 3000 3021 3016 3003 3004 3012 3000 3012 3009 3000 3011 3006 3012 3020 3013 3027 3028 3010 3019 3017 3016 3007 3014 2995 3001 3002 3007 3007 3004 3007 3007 3005 3002 3006 3010 3008 3011 3023 3039 3043 3050 3052 3055 3056 3057 3067 3057 3064 3049 3073 3052 3062 3060 3069 3055 3072 3077 3073 3042
3013 3023 3024 3009 3015 3017 3017 3001 3019 3005 3017 3013 3012 3005 3013 3019 3027 3023 3024 3020 3001 3009 3023 3000 3005 3002 3003 3006 3004 2998 2987 3010 3011 3011 3019 3009 2996 2997 3012 3011 3018 3022 3033 3042 3059 3069 3063 3071 3058 3064 3057 3063 3070 3049 3066 3062 3075 3065 3068 3060 3070 3079 3074 3064
3002 3014 3012 2996 3006 3011 3013 3005 3025 3007 3013 3019 3022 3018 3001 3011 3014 3029 3022 3020 3011 3037 3019 3014 3020 3003 3012 3012 3007 3011 3001 3013 3026 2998 3014 3001 3003 3015 3016 3016 3029 3039 3058 3046 3072 3061 3059 3066 3073 3060 3060 3075 3079 3059 3072 3073 3072 3079 3068 3056 3077 3081 3067 3067
3014 3022 3021 3008 3016 3010 3020 3023 3019 3025 3010 3031 3035 3027 3020 3011 3025 3032 3021 3022 3028 3023 3028 3028 3029 3032 3020 3012 3014 3016 3003 3013 3003 3012 3009 3018 3021 3009 3022 3041 3040 3051 3058 3058 3065 3084 3070 3053 3059 3065 3080 3073 3077 3069 3072 3077 3081 3091 3090 3083 3090 3073 3099 3059
3008 3022 3021 3021 3007 3002 3014 3006 3016 3008 3014 3004 3017 3027 3023 3030 3038 3037 3027 3030 3029 3027 3020 3041 3023 3026 3015 3004 3014 3020 3017 3005 3016 3024 3002 3017 3013 3014 3029 3041 3048 3054 3063 3074 3062 3080 3079 3068 3063 3067 3074 3068 3073 3070 3074 3070 3070 3085 3090 3086 3082 3085 3084 3084
2989 3014 3032 3018 3011 3000 2989 3013 3030 3011 3011 2997 3009 3020 3023 3031 3026 3026 3034 3041 3031 3031 3025 3031 3033 3021 3015 2996 3015 3020 3010 3017 3009 3008 3016 3021 3018 3036 3038 3051 3051 3065 3062 3080 3071 3073 3056 3061 3058 3059 3072 3080 3056 3063 3058 3084 3082 3081 3073 3064 3089 3084 3089 3094
3012 3016 3022 3010 2999 3008 3008 3003 3016 3013 3004 3008 3015 3028 3015 3029 3022 3019 3029 3038 3034 3017 3021 3033 3032 3026 3013 3004 3019 3016 2995 3007 3019 3026 3028 3031 3016 3039 3045 3056 3071 3067 3071 3058 3076 3065 3077 3048 3063 3064 3067 3061 3057 3072 3055 3081 3079 3082 3075 3083 3071 3079 3090 3088
3033 3013 3014 3006 3004 3007 3026 3007 3018 3033 3025 3003 3010 3003 3023 3012 3017 3022 3021 3014 3034 3011 3015 3018 3022 3013 3017 3015 3010 3010 3015 3012 3017 3024 3033 3035 3053 3052 3062 3064 3058 3065 3065 3058 3066 3071 3068 3056 3065 3065 3068 3049 3054 3063 3065 3070 3074 3066 3081 3073 3085 3092 3088 3090
3022 3011 3007 3018 3002 3012 3019 3009 3013 3018 3002 3013 3004 3000 3000 3021 3015 3012 3015 3025 3017 3025 3027 3020 3021 3032 3018 3016 3009 3011 3017 3017 3028 3018 3037 3031 3034 3043 3053 3071 3066 3063 3064 3068 3072 3066 3075 3074 3060 3061 3068 3064 3075 3074 3069 3078 3078 3081 3075 3077 3076 3081 3088 3075
3027 3017 3029 3018 3021 3019 3015 3022 3016 3013 3015 3006 3012 3012 3006 2996 3001 3012 3015 3018 3023 3012 3028 3011 3018 3030 3016 3021 3011 3005 3017 3023 3017 3029 3023 3035 3052 3048 3039 3063 3065 3074 3060 3068 3082 3085 3081 3065 3066 3059 3072 3071 3074 3081 3073 3077 3068 3066 3073 3063 3075 3079 3082 3088
