3110 3103 3118 3124 3114 3121 3128 3143 3118 3124 3123 3114 3101 3109 3134 3129 3129 3120 3112 3133 3119 3109 3124 3114 3124 3108 3086 3090 3097 3107 3097 3089 3099 3094 3091 3093 3094 3100 3100 3104 3104 3104 3096 3089 3090 3094 3095 3091 3092 3090 3091 3090 3099 3072 3066 3084 3073 3065 3060 3042 3034 3035 3025 3039
3115 3120 3111 3118 3115 3115 3121 3127 3124 3125 3114 3104 3100 3111 3121 3124 3111 3116 3121 3115 3111 3107 3119 3112 3111 3111 3109 3094 3092 3101 3108 3108 3099 3095 3087 3102 3095 3096 3093 3100 3092 3099 3085 3096 3082 3091 3077 3088 3093 3104 3087 3083 3091 3084 3078 3081 3071 3078 3049 3042 3027 3012 3013 3032
3106 3119 3128 3124 3114 3123 3111 3106 3132 3098 3092 3095 3110 3119 3115 3101 3117 3119 3119 3119 3110 3117 3119 3122 3114 3117 3094 3095 3095 3107 3109 3117 3100 3100 3104 3097 3103 3104 3104 3097 3095 3107 3092 3095 3087 3090 3082 3087 3091 3097 3093 3093 3090 3083 3078 3068 3065 3072 3048 3048 3024 2999 3012 3013
3099 3096 3107 3107 3098 3097 3096 3105 3108 3107 3108 3103 3108 3110 3116 3109 3105 3115 3109 3103 3095 3093 3096 3103 3116 3096 3102 3100 3098 3104 3089 3096 3100 3106 3104 3109 3102 3098 3085 3094 3076 3092 3100 3104 3092 3090 3085 3083 3072 3091 3080 3096 3092 3075 3071 3062 3063 3062 3059 3031 3023 2992 3008 3013
3105 3109 3103 3098 3073 3096 3103 3104 3111 3100 3095 3095 3110 3116 3118 3108 3113 3106 3108 3101 3102 3108 3102 3098 3096 3099 3089 3094 3089 3088 3097 3098 3099 3098 3109 3087 3090 3088 3085 3088 3087 3074 3098 3097 3096 3088 3080 3080 3070 3074 3075 3096 3079 3076 3059 3072 3059 3081 3038 3036 3011 2996 3003 3020
3094 3106 3099 3094 3086 3090 3097 3109 3106 3097 3106 3107 3120 3116 3120 3106 3114 3101 3102 3117 3100 3112 3097 3099 3099 3089 3099 3081 3078 3088 3098 3095 3103 3104 3106 3093 3095 3102 3095 3090 3082 3100 3093 3087 3089 3100 3084 3087 3093 3078 3093 3089 3080 3084 3072 3062 3066 3070 3046 3028 3022 2989 2996 3016
3104 3100 3103 3101 3087 3097 3103 3102 3089 3094 3097 3102 3100 3109 3115 3109 3091 3114 3112 3111 3116 3114 3099 3103 3096 3088 3092 3079 3077 3090 3094 3102 3104 3095 3093 3097 3095 3089 3085 3102 3086 3098 3081 3077 3093 3099 3101 3091 3100 3106 3092 3094 3085 3068 3071 3072 3070 3074 3051 3022 3011 3011 3012 3009
3076 3069 3076 3078 3078 3078 3078 3070 3060 3072 3086 3077 3092 3073 3087 3099 3084 3097 3099 3098 3088 3101 3095 3093 3084 3088 3082 3065 3075 3082 3082 3097 3084 3090 3090 3093 3090 3086 3091 3098 3081 3092 3071 3076 3096 3098 3090 3089 3086 3077 3085 3076 3075 3069 3068 3046 3071 3068 3039 3031 3012 3003 2995 3003
3036 3041 3030 3038 3047 3046 3059 3053 3051 3060 3052 3059 3054 3055 3077 3080 3085 3081 3065 3076 3071 3085 3077 3071 3064 3072 3068 3067 3074 3070 3085 3073 3076 3089 3073 3076 3071 3071 3078 3075 3078 3081 3070 3059 3071 3091 3085 3085 3083 3073 3072 3070 3068 3068 3075 3049 3062 3054 3044 3011 3004 3008 2999 3003
3026 3031 3032 3037 3045 3059 3066 3047 3066 3053 3053 3053 3051 3055 3064 3076 3081 3079 3084 3074 3071 3079 3072 3074 3071 3054 3074 3076 3076 3075 3071 3089 3083 3093 3078 3072 3083 3093 3071 3076 3069 3077 3073 3083 3089 3087 3075 3082 3073 3073 3084 3067 3071 3068 3058 3060 3053 3036 3020 3016 3004 3004 3003 3002
3007 3030 3042 3047 3061 3058 3054 3049 3064 3039 3062 3061 3054 3061 3055 3061 3077 3069 3076 3087 3081 3073 3076 3077 3071 3077 3084 3079 3060 3070 3065 3084 3069 3089 3086 3071 3075 3082 3066 3084 3078 3077 3072 3088 3084 3080 3093 3081 3068 3067 3076 3056 3061 3064 3065 3055 3047 3022 3023 3006 3004 3000 3002 3002
3005 3021 3031 3039 3044 3038 3040 3038 3050 3066 3059 3061 3068 3070 3083 3080 3071 3072 3086 3084 3073 3066 3078 3067 3072 3075 3088 3071 3084 3075 3073 3081 3094 3069 3075 3078 3080 3075 3078 3077 3080 3085 3081 3077 3081 3083 3081 3071 3079 3070 3065 3060 3064 3065 3063 3043 3025 3008 3000 2996 3013 2991 2995 3001
3007 3027 3022 3023 3039 3040 3045 3056 3038 3059 3058 3069 3075 3074 3077 3064 3077 3077 3084 3066 3068 3070 3073 3067 3067 3072 3092 3087 3088 3089 3075 3077 3082 3093 3079 3084 3077 3082 3081 3090 3082 3080 3094 3093 3078 3082 3072 3072 3075 3080 3087 3067 3065 3062 3059 3039 3014 2984 2994 3009 3001 2990 2994 3005
2995 3034 3036 3039 3043 3041 3045 3035 3061 3055 3065 3075 3080 3084 3070 3072 3067 3075 3073 3077 3076 3086 3083 3073 3071 3074 3081 3084 3081 3082 3081 3080 3087 3073 3091 3080 3082 3092 3076 3073 3076 3073 3080 3082 3089 3085 3069 3072 3085 3086 3071 3059 3064 3058 3035 3025 3011 3002 2992 2994 2995 3010 3007 3009
2997 3030 3036 3043 3049 3051 3054 3067 3049 3063 3062 3058 3061 3065 3082 3057 3066 3072 3068 3085 3075 3080 3082 3073 3080 3080 3099 3088 3094 3090 3091 3103 3091 3090 3096 3086 3080 3082 3059 3068 3082 3070 3075 3085 3075 3093 3077 3079 3070 3083 3071 3066 3059 3040 3023 3014 3015 3003 2993 2991 2990 2993 3004 3000
3021 3022 3035 3038 3049 3046 3060 3065 3053 3076 3065 3067 3066 3065 3076 3071 3084 3074 3077 3074 3078 3082 3074 3088 3096 3082 3073 3089 3093 3089 3084 3090 3076 3089 3085 3080 3090 3089 3077 3076 3094 3087 3090 3079 3078 3081 3074 3067 3066 3069 3063 3062 3051 3030 3037 3011 2999 3009 2999 3004 3003 3003 3012 2995
3014 3029 3027 3044 3054 3065 3067 3076 3065 3075 3085 3082 3056 3063 3072 3070 3067 3067 3082 3071 3079 3077 3077 3087 3089 3091 3077 3072 3094 3073 3093 3091 3075 3080 3083 3079 3069 3083 3085 3092 3090 3085 3070 3093 3066 3075 3073 3079 3080 3075 3075 3054 3050 3020 3008 2996 2996 2998 3012 3005 3006 3009 3003 3011
3014 3009 3018 3046 3051 3062 3076 3063 3066 3070 3080 3072 3082 3076 3068 3073 3082 3075 3072 3076 3090 3080 3089 3075 3080 3079 3075 3077 3088 3088 3075 3077 3084 3093 3078 3079 3082 3075 3075 3084 3084 3085 3074 3077 3073 3065 3073 3064 3066 3068 3049 3061 3029 3013 3018 2999 2999 3001 3011 3007 3003 3005 3015 3008
2996 3005 3012 3030 3044 3051 3067 3077 3055 3068 3070 3072 3071 3064 3082 3077 3088 3078 3078 3076 3077 3081 3073 3078 3065 3076 3067 3083 3071 3082 3081 3085 3074 3082 3081 3069 3085 3075 3075 3077 3090 3082 3079 3082 3075 3065 3075 3063 3072 3056 3039 3038 3026 3003 3006 3006 3001 3002 3006 3001 2998 3001 3000 3009
2999 3010 3001 3033 3038 3041 3062 3068 3065 3070 3065 3081 3077 3068 3085 3082 3081 3080 3067 3067 3081 3082 3073 3067 3079 3064 3073 3086 3075 3062 3075 3088 3071 3063 3078 3068 3076 3075 3063 3074 3087 3084 3084 3089 3065 3074 3076 3075 3056 3059 3038 3015 3010 3003 3007 2997 2996 3003 3000 3001 3008 3005 2998 3011
3002 3000 3011 3010 3025 3046 3066 3072 3083 3065 3063 3064 3067 3073 3073 3075 3081 3079 3076 3065 3079 3059 3053 3066 3068 3071 3077 3080 3067 3073 3070 3076 3071 3061 3075 3069 3072 3075 3072 3083 3080 3085 3067 3089 3072 3080 3071 3067 3059 3051 3035 3014 3006 2996 3015 3001 3015 2990 3006 3004 2993 2991 2987 3007
3005 3005 3019 3009 3028 3041 3062 3058 3079 3078 3069 3080 3066 3083 3083 3066 3081 3059 3079 3071 3080 3078 3077 3071 3065 3077 3072 3070 3066 3067 3069 3073 3079 3066 3078 3080 3054 3059 3074 3091 3080 3081 3076 3081 3065 3060 3073 3063 3058 3032 3021 3008 3000 2999 3013 3002 3005 3013 3018 2998 2996 3009 2993 3012
3035 3029 3028 3031 3026 3053 3064 3066 3073 3077 3056 3081 3071 3070 3083 3066 3066 3085 3076 3077 3069 3075 3078 3067 3073 3072 3073 3077 3070 3067 3081 3076 3068 3080 3085 3081 3071 3070 3066 3068 3073 3073 3068 3083 3078 3087 3072 3060 3059 3039 3007 3007 2992 3003 3002 3014 3005 3010 3001 2991 2997 2996 3003 3006
3018 3027 3037 3036 3030 3052 3059 3063 3073 3078 3068 3066 3075 3062 3082 3078 3078 3062 3069 3078 3072 3081 3066 3086 3078 3069 3071 3067 3065 3076 3063 3071 3064 3080 3077 3091 3068 3057 3072 3071 3072 3081 3082 3074 3070 3085 3074 3059 3062 3042 3023 3014 3004 3015 3003 2991 3006 3008 3000 2995 3008 3012 2996 3009
3019 3031 3024 3045 3039 3055 3055 3071 3084 3072 3071 3072 3083 3064 3083 3084 3072 3075 3062 3079 3070 3080 3075 3073 3065 3078 3072 3072 3079 3082 3065 3063 3084 3076 3079 3082 3086 3074 3069 3077 3083 3075 3086 3079 3086 3087 3077 3075 3069 3056 3025 3026 3016 2997 2995 2989 2994 2988 2997 2996 2993 3007 3006 3008
3019 3041 3039 3046 3048 3078 3087 3072 3065 3072 3077 3070 3070 3087 3061 3069 3072 3060 3074 3066 3070 3075 3075 3077 3072 3078 3075 3056 3072 3069 3058 3065 3084 3078 3058 3062 3070 3080 3073 3067 3074 3080 3073 3062 3075 3090 3086 3083 3072 3074 3045 3027 3023 3022 3007 3005 3009 2990 2999 2992 3003 2995 3004 2986
3054 3055 3074 3064 3066 3076 3063 3083 3080 3063 3062 3066 3066 3070 3074 3084 3066 3072 3078 3078 3074 3075 3087 3088 3081 3073 3069 3076 3080 3072 3071 3070 3064 3085 3069 3062 3061 3081 3069 3066 3085 3085 3079 3067 3081 3087 3082 3076 3079 3069 3060 3047 3028 3014 3021 3013 2996 3004 3005 2999 3008 3006 3001 3003
3065 3069 3077 3073 3071 3067 3075 3089 3075 3069 3062 3072 3074 3072 3079 3077 3052 3068 3080 3064 3074 3071 3067 3080 3068 3084 3079 3075 3072 3070 3077 3078 3060 3084 3069 3071 3077 3063 3081 3081 3078 3074 3071 3074 3079 3077 3082 3073 3062 3070 3059 3056 3038 3033 3026 3020 3008 3010 2997 2999 3000 3001 3011 3008
3079 3068 3077 3078 3079 3089 3067 3078 3079 3076 3065 3057 3082 3076 3062 3068 3086 3064 3086 3070 3069 3063 3077 3072 3081 3072 3080 3091 3062 3075 3066 3072 3077 3073 3078 3085 3085 3082 3076 3077 3067 3074 3072 3075 3071 3084 3068 3063 3071 3075 3069 3069 3066 3049 3028 3023 3026 3016 3013 3017 3015 3006 3014 3001
3069 3074 3076 3077 3091 3078 3073 3072 3089 3084 3070 3080 3074 3069 3069 3076 3069 3066 3068 3074 3058 3064 3067 3060 3080 3101 3076 3070 3076 3062 3077 3075 3076 3071 3079 3083 3079 3073 3080 3074 3080 3063 3075 3067 3081 3082 3076 3071 3087 3075 3083 3069 3055 3056 3052 3047 3026 3024 3023 3039 3031 3023 3020 3029
3068 3056 3073 3071 3090 3086 3067 3065 3070 3065 3080 3090 3073 3072 3072 3060 3076 3073 3068 3054 3072 3075 3075 3065 3080 3091 3079 3077 3080 3074 3075 3082 3081 3074 3072 3068 3073 3079 3075 3077 3085 3077 3083 3057 3076 3084 3087 3071 3069 3075 3079 3070 3066 3059 3058 3047 3040 3046 3042 3042 3025 3042 3032 3032
3061 3075 3086 3085 3067 3080 3082 3079 3071 3071 3063 3080 3070 3075 3082 3070 3082 3081 3072 3080 3071 3077 3067 3073 3088 3076 3072 3070 3083 3078 3084 3072 3076 3077 3082 3061 3072 3081 3082 3092 3084 3080 3074 3065 3074 3080 3079 3071 3082 3085 3079 3070 3060 3066 3053 3069 3058 3046 3047 3054 3043 3057 3048 3042
3069 3076 3068 3078 3083 3072 3080 3080 3075 3073 3076 3078 3086 3064 3074 3078 3089 3083 3082 3080 3071 3070 3068 3071 3057 3068 3067 3072 3074 3076 3072 3071 3079 3083 3074 3067 3072 3072 3081 3082 3076 3083 3055 3088 3079 3082 3081 3067 3072 3074 3077 3075 3073 3064 3066 3056 3054 3043 3058 3038 3057 3066 3068 3064
3073 3083 3074 3075 3082 3094 3072 3082 3064 3073 3072 3080 3084 3070 3086 3079 3085 3074 3080 3072 3074 3070 3067 3075 3072 3063 3076 3067 3070 3074 3078 3075 3075 3069 3066 3077 3091 3090 3083 3079 3084 3065 3081 3072 3071 3078 3064 3073 3081 3067 3078 3084 3077 3072 3063 3063 3066 3055 3044 3053 3056 3070 3067 3061
3070 3075 3072 3077 3077 3080 3086 3068 3079 3070 3072 3085 3081 3088 3077 3072 3067 3062 3067 3076 3072 3069 3080 3073 3061 3071 3070 3068 3078 3074 3075 3079 3079 3077 3085 3083 3091 3091 3088 3078 3070 3072 3073 3085 3075 3079 3068 3065 3075 3089 3089 3097 3088 3061 3049 3059 3059 3055 3069 3059 3047 3063 3058 3076
3064 3070 3067 3079 3079 3077 3094 3075 3087 3082 3085 3077 3076 3084 3079 3074 3069 3073 3064 3075 3079 3071 3083 3069 3065 3072 3068 3077 3071 3088 3089 3073 3076 3072 3095 3087 3097 3090 3081 3080 3077 3073 3075 3082 3081 3087 3070 3066 3079 3097 3104 3098 3085 3086 3063 3054 3052 3055 3051 3055 3039 3048 3051 3056
3072 3061 3080 3065 3075 3075 3071 3082 3072 3071 3062 3075 3070 3079 3064 3064 3064 3082 3069 3081 3068 3070 3072 3067 3086 3074 3070 3082 3087 3074 3094 3082 3079 3083 3085 3080 3088 3078 3081 3080 3076 3068 3071 3089 3079 3085 3068 3070 3073 3088 3093 3083 3074 3060 3070 3067 3055 3057 3049 3055 3046 3050 3049 3065
3062 3067 3073 3071 3075 3075 3074 3066 3073 3081 3071 3069 3071 3077 3060 3068 3072 3074 3061 3076 3077 3076 3067 3074 3076 3077 3077 3078 3077 3084 3084 3089 3074 3085 3087 3074 3084 3080 3083 3073 3083 3077 3082 3078 3093 3076 3065 3060 3086 3093 3085 3099 3088 3061 3055 3053 3049 3057 3052 3056 3049 3057 3058 3066
3062 3068 3074 3059 3081 3082 3083 3092 3079 3077 3058 3072 3068 3064 3066 3065 3068 3063 3060 3076 3075 3074 3065 3077 3085 3073 3085 3086 3069 3082 3076 3084 3068 3081 3088 3077 3076 3075 3074 3080 3095 3090 3072 3070 3077 3082 3069 3077 3092 3092 3089 3104 3073 3058 3057 3062 3050 3044 3044 3052 3044 3030 3052 3059
3055 3070 3063 3073 3073 3082 3088 3082 3087 3071 3069 3071 3069 3059 3067 3070 3056 3055 3070 3063 3096 3071 3086 3079 3089 3078 3073 3062 3084 3091 3068 3084 3082 3080 3076 3078 3075 3085 3066 3088 3090 3090 3067 3079 3078 3080 3079 3075 3082 3091 3094 3095 3083 3061 3075 3060 3056 3046 3059 3058 3050 3041 3045 3050
3072 3063 3069 3059 3068 3085 3090 3085 3093 3065 3074 3075 3062 3062 3079 3078 3078 3059 3081 3072 3066 3076 3076 3082 3079 3079 3084 3088 3083 3069 3061 3071 3082 3082 3071 3073 3072 3081 3080 3066 3070 3070 3072 3074 3076 3076 3077 3085 3084 3090 3097 3081 3075 3058 3063 3055 3049 3064 3059 3066 3057 3053 3055 3051
3067 3054 3064 3066 3064 3077 3085 3072 3069 3075 3070 3075 3063 3064 3066 3075 3073 3052 3072 3077 3074 3070 3075 3090 3077 3074 3085 3085 3064 3083 3077 3056 3062 3074 3063 3066 3077 3071 3091 3068 3067 3065 3086 3073 3073 3077 3081 3088 3083 3094 3094 3094 3080 3065 3055 3064 3061 3060 3067 3063 3075 3064 3055 3063
3056 3055 3063 3049 3065 3062 3065 3075 3077 3086 3079 3081 3057 3065 3070 3068 3063 3067 3078 3083 3063 3070 3076 3071 3061 3069 3074 3078 3084 3082 3082 3081 3069 3072 3069 3081 3076 3066 3071 3068 3076 3066 3079 3088 3064 3076 3085 3077 3096 3099 3104 3086 3070 3051 3058 3063 3072 3065 3064 3067 3058 3061 3074 3067
3054 3055 3061 3066 3052 3056 3065 3063 3066 3081 3086 3071 3067 3063 3065 3080 3064 3058 3072 3071 3062 3066 3088 3076 3060 3075 3084 3091 3082 3087 3084 3068 3070 3073 3073 3087 3083 3089 3074 3076 3065 3082 3065 3075 3084 3086 3086 3069 3098 3109 3081 3072 3064 3049 3068 3065 3064 3063 3060 3054 3048 3051 3055 3060
3048 3059 3058 3062 3069 3056 3064 3067 3071 3080 3084 3076 3068 3077 3063 3070 3060 3072 3066 3064 3058 3068 3070 3064 3061 3064 3067 3079 3064 3082 3077 3069 3078 3080 3071 3087 3070 3072 3096 3078 3075 3066 3059 3079 3087 3075 3074 3088 3093 3094 3079 3071 3056 3056 3049 3061 3060 3054 3055 3048 3069 3071 3057 3063
3038 3043 3044 3053 3087 3072 3072 3065 3069 3076 3087 3082 3064 3066 3078 3072 3085 3069 3057 3068 3069 3065 3073 3070 3065 3063 3054 3073 3070 3078 3074 3089 3076 3066 3074 3076 3085 3083 3087 3072 3069 3069 3071 3070 3071 3066 3078 3084 3080 3080 3080 3061 3065 3068 3064 3058 3046 3063 3053 3056 3054 3066 3057 3055
3057 3061 3059 3054 3062 3062 3071 3068 3065 3077 3072 3066 3076 3075 3061 3053 3079 3077 3070 3071 3075 3059 3064 3078 3066 3069 3068 3075 3065 3085 3091 3085 3072 3076 3080 3075 3081 3088 3084 3076 3069 3064 3073 3083 3072 3075 3088 3083 3083 3095 3065 3069 3059 3055 3047 3052 3049 3047 3060 3049 3057 3049 3056 3059
3041 3061 3055 3065 3067 3060 3069 3062 3075 3068 3064 3078 3075 3059 3068 3070 3069 3058 3065 3060 3070 3074 3070 3071 3066 3085 3057 3068 3079 3091 3095 3086 3071 3075 3085 3068 3086 3078 3088 3084 3072 3077 3068 3070 3064 3086 3083 3092 3082 3082 3057 3076 3059 3059 3050 3055 3057 3068 3062 3059 3058 3056 3065 3061
3056 3072 3058 3059 3065 3050 3070 3066 3072 3056 3060 3077 3074 3085 3079 3071 3063 3066 3055 3070 3070 3071 3081 3081 3075 3073 3071 3080 3078 3084 3083 3095 3091 3085 3075 3079 3074 3069 3078 3082 3057 3067 3082 3082 3082 3089 3094 3090 3071 3066 3058 3052 3061 3055 3047 3058 3054 3071 3045 3059 3051 3055 3051 3056
3064 3067 3043 3057 3070 3064 3071 3069 3075 3056 3061 3070 3073 3062 3069 3065 3055 3061 3067 3071 3076 3074 3075 3063 3079 3067 3074 3075 3071 3068 3079 3078 3088 3090 3074 3065 3061 3072 3079 3075 3062 3066 3075 3080 3093 3098 3113 3095 3080 3055 3065 3068 3055 3048 3044 3059 3051 3053 3049 3047 3060 3058 3051 3058
3067 3060 3051 3055 3053 3073 3060 3058 3062 3065 3052 3059 3066 3062 3059 3070 3072 3065 3056 3072 3080 3087 3061 3067 3076 3076 3074 3088 3081 3076 3081 3070 3080 3091 3066 3073 3079 3072 3074 3065 3063 3066 3077 3093 3088 3085 3080 3078 3055 3059 3066 3052 3062 3076 3052 3058 3059 3044 3055 3067 3051 3048 3046 3040
3057 3058 3050 3059 3056 3060 3063 3052 3072 3062 3070 3051 3051 3040 3052 3064 3072 3062 3072 3070 3083 3075 3077 3073 3064 3066 3082 3074 3080 3081 3092 3080 3071 3085 3085 3075 3073 3084 3079 3070 3075 3066 3081 3081 3089 3091 3065 3059 3068 3046 3060 3058 3074 3062 3056 3056 3053 3044 3047 3061 3062 3049 3047 3058
3050 3061 3053 3058 3051 3064 3048 3063 3064 3054 3055 3065 3056 3058 3056 3056 3066 3072 3067 3078 3074 3074 3072 3060 3057 3076 3064 3078 3089 3074 3081 3082 3094 3083 3085 3067 3067 3082 3084 3070 3080 3073 3080 3087 3074 3064 3054 3053 3065 3066 3064 3071 3068 3048 3056 3046 3050 3058 3051 3046 3036 3052 3055 3056
3052 3048 3055 3057 3057 3052 3048 3061 3062 3054 3064 3059 3053 3052 3060 3051 3049 3065 3069 3054 3066 3064 3051 3063 3061 3075 3085 3063 3077 3082 3080 3088 3101 3100 3086 3077 3072 3072 3078 3080 3081 3083 3081 3083 3063 3040 3051 3046 3047 3065 3069 3064 3051 3053 3031 3040 3065 3062 3050 3050 3041 3042 3048 3051
3040 3043 3034 3053 3055 3045 3055 3051 3046 3066 3055 3050 3067 3054 3050 3037 3054 3055 3055 3058 3049 3050 3044 3066 3065 3069 3066 3071 3084 3094 3077 3066 3061 3081 3056 3070 3085 3071 3073 3071 3075 3060 3084 3079 3065 3044 3058 3057 3042 3051 3061 3066 3045 3033 3039 3044 3046 3057 3054 3048 3058 3038 3050 3047
3047 3063 3066 3050 3048 3054 3059 3060 3053 3048 3051 3047 3055 3040 3049 3043 3038 3061 3060 3065 3057 3060 3066 3049 3060 3065 3062 3075 3088 3074 3077 3064 3068 3071 3078 3083 3087 3081 3079 3066 3065 3060 3058 3059 3049 3050 3042 3055 3050 3057 3057 3065 3053 3033 3037 3043 3045 3051 3060 3060 3042 3041 3044 3045
3036 3063 3050 3049 3050 3055 3058 3056 3050 3036 3048 3060 3060 3045 3052 3052 3062 3060 3055 3047 3058 3060 3063 3061 3066 3072 3056 3071 3068 3069 3070 3066 3047 3070 3068 3075 3076 3079 3071 3064 3060 3053 3058 3061 3064 3049 3053 3056 3047 3055 3056 3066 3052 3033 3031 3032 3048 3048 3049 3059 3062 3051 3048 3052
3052 3053 3058 3057 3054 3056 3047 3043 3052 3048 3060 3047 3030 3037 3063 3050 3051 3059 3052 3061 3049 3052 3056 3049 3061 3067 3047 3056 3058 3051 3049 3065 3055 3058 3067 3062 3069 3083 3068 3067 3054 3056 3050 3058 3059 3063 3054 3057 3048 3068 3066 3065 3036 3036 3046 3054 3045 3054 3049 3048 3052 3057 3066 3066
3057 3043 3066 3040 3053 3049 3068 3062 3048 3060 3066 3055 3062 3055 3056 3040 3058 3069 3049 3056 3064 3069 3063 3056 3065 3067 3047 3062 3049 3053 3048 3051 3062 3053 3050 3054 3061 3073 3069 3057 3055 3055 3065 3064 3067 3074 3068 3062 3069 3061 3058 3063 3042 3035 3054 3048 3064 3072 3049 3047 3052 3054 3068 3061
3048 3055 3064 3052 3043 3041 3066 3057 3047 3059 3067 3064 3060 3058 3050 3057 3043 3046 3058 3056 3071 3072 3068 3052 3069 3064 3068 3055 3058 3051 3054 3057 3062 3054 3046 3051 3076 3069 3060 3072 3064 3073 3070 3070 3053 3066 3065 3056 3051 3066 3052 3071 3060 3050 3047 3044 3054 3054 3047 3059 3052 3056 3053 3059
3068 3055 3067 3056 3050 3056 3055 3065 3054 3067 3061 3070 3062 3047 3040 3060 3042 3061 3059 3058 3063 3070 3068 3061 3069 3067 3064 3061 3060 3063 3068 3058 3064 3053 3055 3049 3063 3077 3066 3068 3079 3072 3072 3077 3053 3060 3066 3059 3062 3064 3051 3063 3063 3053 3054 3055 3057 3070 3070 3058 3066 3045 3064 3069
3065 3065 3071 3065 3062 3049 3055 3041 3068 3059 3058 3062 3060 3057 3037 3038 3047 3062 3065 3054 3057 3055 3059 3052 3070 3052 3052 3052 3061 3063 3065 3074 3049 3067 3073 3058 3071 3079 3065 3065 3073 3067 3084 3070 3057 3044 3060 3056 3059 3046 3065 3061 3063 3059 3071 3068 3067 3063 3055 3050 3064 3053 3058 3052
3085 3058 3062 3064 3055 3059 3057 3066 3055 3061 3059 3067 3054 3042 3042 3052 3059 3056 3057 3047 3064 3063 3043 3062 3070 3071 3068 3055 3065 3067 3085 3080 3058 3060 3068 3080 3076 3063 3058 3087 3057 3072 3082 3070 3061 3065 3062 3060 3048 3040 3049 3062 3052 3054 3065 3061 3067 3062 3070 3066 3065 3064 3061 3065
3058 3069 3057 3066 3071 3060 3062 3057 3049 3057 3057 3053 3053 3040 3045 3046 3055 3066 3054 3052 3063 3056 3034 3052 3061 3083 3079 3061 3068 3068 3075 3060 3077 3073 3066 3060 3059 3049 3057 3070 3065 3071 3069 3062 3062 3062 3055 3038 3046 3045 3042 3047 3058 3043 3051 3044 3068 3063 3063 3072 3060 3072 3072 3079
