3099 3116 3120 3102 3109 3117 3124 3132 3134 3128 3126 3121 3102 3130 3126 3130 3128 3118 3104 3117 3132 3112 3113 3122 3115 3103 3097 3091 3100 3098 3094 3099 3089 3096 3090 3080 3105 3100 3110 3109 3117 3102 3100 3110 3087 3093 3083 3086 3091 3096 3107 3092 3084 3081 3090 3076 3077 3062 3068 3046 3046 3021 3032 3034
3092 3115 3128 3115 3112 3126 3111 3124 3126 3106 3111 3102 3103 3110 3120 3109 3106 3121 3125 3121 3125 3102 3118 3122 3119 3105 3094 3102 3102 3091 3095 3102 3097 3108 3100 3095 3080 3096 3106 3099 3100 3102 3093 3109 3099 3084 3088 3091 3102 3099 3087 3083 3088 3080 3101 3082 3059 3075 3054 3052 3048 3024 3022 3023
3104 3127 3123 3128 3117 3123 3109 3113 3110 3113 3084 3094 3105 3121 3112 3109 3106 3113 3114 3119 3117 3116 3102 3108 3110 3093 3104 3103 3096 3084 3105 3109 3105 3096 3091 3105 3095 3099 3096 3095 3090 3097 3092 3102 3090 3084 3087 3087 3096 3097 3093 3086 3100 3089 3097 3063 3076 3079 3062 3047 3023 3009 3007 3011
3103 3105 3120 3098 3111 3111 3094 3121 3111 3105 3101 3094 3106 3112 3117 3107 3110 3124 3120 3108 3120 3108 3100 3111 3097 3103 3092 3088 3088 3099 3096 3095 3094 3120 3104 3105 3098 3095 3093 3093 3083 3084 3089 3080 3101 3093 3081 3091 3088 3071 3093 3093 3093 3076 3079 3056 3070 3072 3058 3036 3022 3003 3007 3022
3103 3105 3080 3098 3079 3100 3096 3099 3103 3104 3095 3106 3112 3107 3117 3113 3126 3099 3097 3101 3101 3102 3101 3097 3088 3098 3098 3106 3101 3078 3097 3095 3104 3104 3096 3097 3092 3097 3093 3098 3095 3066 3097 3083 3090 3090 3086 3085 3084 3090 3083 3091 3088 3065 3059 3061 3072 3066 3034 3036 3012 2993 3007 3018
3099 3097 3108 3100 3094 3092 3100 3102 3104 3104 3101 3102 3118 3114 3126 3114 3104 3105 3116 3104 3101 3101 3112 3110 3108 3100 3088 3090 3089 3085 3101 3091 3088 3093 3093 3103 3104 3088 3084 3084 3085 3088 3078 3081 3095 3090 3094 3087 3080 3083 3085 3092 3070 3079 3064 3076 3056 3068 3047 3032 3015 3004 3001 3013
3096 3098 3106 3113 3102 3091 3107 3102 3088 3100 3095 3099 3110 3109 3116 3098 3094 3112 3112 3109 3102 3117 3114 3107 3091 3100 3101 3080 3087 3089 3100 3086 3094 3090 3088 3091 3084 3086 3094 3099 3105 3094 3083 3083 3095 3107 3096 3106 3085 3093 3096 3081 3088 3065 3071 3074 3074 3068 3046 3039 3028 3002 3005 3002
3069 3064 3069 3063 3077 3073 3092 3078 3081 3095 3076 3077 3078 3080 3095 3091 3093 3080 3101 3094 3087 3092 3092 3088 3079 3095 3074 3080 3075 3078 3087 3090 3095 3084 3093 3085 3092 3093 3099 3083 3077 3101 3095 3083 3082 3088 3101 3087 3083 3086 3082 3084 3068 3069 3074 3057 3069 3059 3031 3025 3012 3003 3011 3018
3035 3041 3043 3047 3047 3050 3058 3060 3059 3053 3055 3062 3053 3057 3074 3071 3071 3076 3075 3085 3077 3087 3073 3082 3066 3060 3062 3068 3075 3069 3085 3087 3091 3090 3086 3085 3071 3070 3080 3075 3075 3079 3073 3066 3090 3086 3081 3074 3074 3069 3087 3073 3079 3069 3052 3051 3057 3052 3036 3022 3013 3004 3000 3013
3016 3030 3033 3032 3044 3039 3057 3035 3052 3055 3056 3054 3054 3061 3069 3063 3066 3075 3081 3060 3067 3070 3074 3079 3076 3075 3077 3067 3071 3067 3075 3079 3084 3082 3081 3073 3082 3074 3098 3075 3080 3066 3066 3067 3079 3077 3080 3081 3090 3072 3072 3070 3077 3061 3061 3051 3046 3037 3021 3025 3018 3009 2992 2993
3004 3022 3029 3061 3035 3047 3039 3049 3045 3046 3058 3072 3066 3050 3064 3074 3073 3075 3068 3071 3084 3081 3072 3086 3082 3082 3079 3077 3056 3067 3077 3063 3085 3080 3077 3067 3085 3082 3067 3086 3072 3084 3079 3087 3081 3076 3081 3079 3065 3075 3072 3071 3066 3067 3072 3061 3046 3030 3010 3015 3014 2994 2999 2993
3010 3017 3034 3049 3045 3053 3038 3043 3050 3061 3067 3055 3073 3066 3080 3081 3076 3075 3081 3079 3070 3077 3074 3074 3088 3067 3068 3074 3080 3082 3077 3070 3091 3083 3083 3071 3086 3086 3070 3078 3072 3063 3084 3074 3089 3080 3077 3083 3096 3067 3064 3064 3066 3056 3056 3060 3023 3008 2998 2999 2992 2998 3002 2981
3004 3020 3025 3041 3029 3032 3043 3048 3044 3054 3067 3078 3075 3080 3066 3084 3076 3091 3084 3072 3090 3085 3088 3074 3076 3071 3081 3091 3081 3079 3084 3086 3085 3091 3082 3082 3081 3079 3086 3080 3065 3077 3091 3089 3073 3083 3072 3074 3073 3068 3072 3068 3070 3062 3044 3030 3011 2996 2989 3006 2996 3002 2990 2997
3008 3029 3025 3035 3046 3045 3047 3056 3053 3057 3068 3064 3070 3077 3082 3068 3082 3083 3096 3083 3076 3074 3085 3080 3077 3081 3084 3089 3081 3103 3082 3084 3096 3083 3091 3083 3078 3077 3073 3082 3082 3074 3082 3078 3085 3082 3067 3068 3076 3077 3087 3078 3068 3056 3030 3023 3016 2989 2989 3010 3004 2996 3010 2993
3026 3029 3044 3036 3048 3042 3043 3069 3058 3066 3065 3064 3054 3064 3060 3065 3072 3075 3073 3083 3078 3076 3084 3077 3081 3083 3086 3089 3093 3093 3095 3095 3102 3098 3084 3080 3088 3086 3068 3060 3079 3075 3075 3072 3089 3081 3068 3085 3076 3076 3070 3063 3062 3062 3036 3009 3010 3005 3011 2998 2990 3004 3012 3005
3009 3014 3037 3057 3050 3042 3059 3052 3066 3059 3076 3060 3061 3068 3070 3078 3083 3073 3072 3080 3077 3079 3080 3085 3079 3083 3089 3089 3094 3080 3079 3088 3083 3095 3087 3086 3078 3095 3085 3069 3080 3066 3077 3085 3081 3068 3079 3079 3072 3076 3075 3058 3065 3039 3022 3007 3004 3006 3007 2999 3002 3000 2998 3001
3023 3022 3037 3035 3054 3065 3068 3076 3077 3064 3082 3077 3072 3063 3075 3066 3071 3069 3069 3075 3080 3089 3075 3086 3097 3082 3081 3090 3077 3076 3085 3092 3094 3084 3081 3086 3078 3101 3089 3076 3086 3083 3072 3081 3083 3069 3057 3073 3068 3064 3064 3057 3054 3024 3016 2991 3005 3003 3005 3005 3006 2995 3008 3020
3005 3010 3015 3048 3043 3049 3060 3068 3063 3074 3074 3073 3078 3073 3074 3071 3087 3074 3081 3091 3076 3075 3080 3095 3066 3079 3079 3074 3083 3077 3082 3091 3080 3077 3084 3077 3071 3083 3086 3085 3083 3081 3087 3087 3069 3057 3069 3073 3065 3058 3063 3063 3029 3012 3014 2996 3004 2991 2995 2992 3002 3001 3011 3011
3003 3007 3023 3020 3050 3050 3061 3069 3065 3077 3080 3079 3072 3078 3081 3090 3079 3079 3070 3068 3080 3086 3081 3079 3060 3079 3092 3072 3081 3075 3076 3080 3079 3069 3082 3078 3065 3074 3087 3082 3089 3093 3075 3089 3081 3067 3063 3079 3066 3041 3030 3020 3030 2995 3007 3001 2992 2992 3005 3003 3016 3000 3011 3008
3000 2997 3013 3025 3035 3044 3055 3070 3080 3070 3071 3084 3078 3087 3075 3072 3069 3074 3078 3081 3090 3091 3067 3088 3070 3075 3084 3083 3071 3068 3061 3079 3068 3076 3072 3075 3063 3066 3091 3082 3087 3090 3081 3077 3072 3078 3066 3076 3054 3051 3048 3021 3008 3002 3009 3006 3007 3002 2997 2986 2988 2997 3004 3011
3002 2995 3001 3016 3038 3057 3072 3072 3084 3067 3070 3074 3072 3083 3073 3062 3073 3075 3066 3062 3074 3073 3071 3065 3074 3069 3082 3075 3074 3068 3079 3073 3066 3081 3085 3070 3065 3064 3084 3097 3069 3088 3084 3078 3077 3060 3072 3073 3052 3052 3032 3010 3008 2994 3002 3004 3004 2991 3007 3000 3002 2995 2997 3013
2997 3012 3001 3007 3035 3035 3062 3079 3073 3073 3068 3065 3082 3067 3072 3077 3081 3076 3082 3073 3073 3086 3079 3057 3069 3079 3087 3074 3072 3071 3074 3073 3060 3077 3075 3074 3063 3065 3064 3072 3074 3068 3078 3067 3078 3077 3078 3075 3056 3041 3018 3010 3003 2996 3002 2995 3006 3011 3000 2990 2997 2984 3009 2999
3023 3036 3036 3022 3031 3043 3068 3060 3069 3051 3076 3070 3084 3068 3064 3056 3077 3075 3081 3073 3079 3077 3076 3069 3079 3073 3067 3078 3070 3068 3097 3081 3077 3080 3073 3084 3075 3067 3069 3073 3073 3077 3079 3074 3085 3073 3076 3072 3050 3030 3017 3010 3009 3001 3000 3012 3006 3017 2994 2987 2993 3001 3013 3004
3024 3025 3043 3030 3029 3053 3058 3077 3067 3068 3072 3062 3071 3078 3064 3085 3059 3063 3070 3082 3092 3062 3075 3075 3069 3067 3067 3077 3074 3086 3075 3087 3075 3084 3076 3074 3067 3077 3062 3067 3071 3078 3067 3079 3081 3071 3071 3074 3065 3040 3019 3008 3012 2999 3000 3007 3004 3012 2997 2988 2999 2997 3004 2991
3027 3022 3041 3042 3040 3052 3063 3062 3096 3061 3067 3068 3074 3084 3081 3068 3070 3066 3079 3073 3086 3079 3074 3074 3086 3065 3078 3078 3075 3064 3080 3084 3066 3076 3082 3076 3078 3073 3070 3074 3063 3072 3089 3071 3093 3074 3080 3068 3082 3057 3042 3009 3020 3014 3000 3008 2991 3001 3004 3003 2996 3008 3003 3006
3030 3031 3048 3053 3053 3073 3080 3073 3068 3080 3068 3077 3062 3071 3078 3073 3075 3068 3073 3081 3074 3064 3070 3090 3077 3070 3075 3075 3074 3059 3064 3064 3068 3081 3078 3068 3074 3068 3063 3077 3074 3080 3077 3078 3077 3078 3081 3085 3073 3056 3052 3025 3020 3013 3011 2993 2997 2997 3003 3001 3004 3011 2999 2994
3039 3051 3053 3066 3078 3055 3079 3071 3071 3060 3074 3074 3066 3083 3072 3078 3070 3074 3075 3064 3082 3080 3079 3082 3075 3064 3061 3080 3062 3073 3087 3071 3061 3070 3069 3065 3087 3071 3078 3074 3078 3081 3072 3081 3079 3080 3082 3071 3076 3057 3060 3050 3028 3022 3012 3005 2999 3005 3013 3011 2998 3004 3010 3009
3058 3061 3072 3086 3090 3081 3076 3073 3075 3073 3075 3074 3075 3078 3074 3074 3063 3063 3080 3077 3072 3071 3083 3078 3086 3072 3075 3068 3085 3070 3079 3066 3070 3079 3080 3075 3073 3078 3082 3064 3077 3086 3073 3065 3088 3066 3081 3073 3068 3064 3063 3067 3043 3037 3016 3018 3008 3006 3020 3002 3016 3014 3012 3006
3074 3072 3059 3079 3080 3075 3080 3065 3075 3081 3068 3071 3079 3071 3072 3079 3060 3069 3073 3067 3063 3068 3072 3078 3081 3077 3081 3081 3074 3078 3087 3084 3080 3082 3079 3090 3085 3074 3091 3088 3072 3071 3082 3065 3066 3075 3073 3064 3067 3078 3085 3074 3062 3041 3035 3027 3020 3016 3028 3025 3003 3016 3000 3000
3069 3078 3084 3075 3083 3074 3076 3071 3077 3068 3067 3085 3085 3070 3083 3066 3065 3059 3052 3063 3069 3066 3077 3079 3075 3075 3089 3084 3064 3085 3070 3074 3076 3079 3068 3080 3080 3089 3086 3086 3071 3088 3069 3076 3080 3067 3063 3080 3064 3074 3074 3067 3067 3051 3049 3046 3033 3019 3022 3028 3027 3018 3024 3023
3067 3057 3086 3069 3089 3086 3084 3072 3063 3067 3076 3072 3085 3067 3074 3075 3070 3065 3064 3062 3076 3082 3065 3071 3081 3085 3075 3055 3078 3085 3074 3079 3070 3085 3076 3076 3068 3077 3064 3082 3078 3076 3069 3073 3080 3077 3074 3071 3067 3070 3075 3085 3078 3055 3061 3044 3032 3039 3036 3039 3031 3047 3027 3024
3057 3062 3079 3072 3084 3073 3085 3073 3075 3069 3062 3064 3064 3074 3087 3079 3069 3083 3056 3090 3073 3067 3087 3076 3085 3085 3072 3070 3061 3078 3072 3063 3073 3075 3081 3069 3070 3066 3070 3072 3079 3083 3075 3076 3076 3080 3082 3073 3070 3077 3077 3077 3064 3060 3063 3060 3071 3047 3057 3044 3046 3058 3046 3049
3078 3072 3072 3080 3091 3089 3088 3077 3073 3072 3064 3062 3080 3076 3076 3081 3082 3075 3077 3071 3077 3061 3072 3060 3073 3078 3065 3058 3076 3080 3065 3085 3077 3099 3069 3074 3071 3073 3078 3078 3092 3076 3086 3074 3071 3081 3076 3070 3077 3086 3080 3075 3068 3050 3063 3067 3071 3051 3048 3054 3063 3070 3059 3056
3081 3076 3079 3075 3087 3085 3093 3071 3079 3082 3063 3076 3079 3080 3078 3072 3082 3078 3067 3074 3072 3072 3081 3072 3070 3068 3066 3064 3080 3076 3077 3071 3077 3075 3084 3069 3082 3083 3072 3084 3079 3075 3074 3082 3074 3074 3083 3072 3062 3076 3075 3079 3067 3055 3066 3065 3051 3050 3042 3054 3048 3077 3072 3067
3069 3053 3063 3070 3068 3077 3091 3067 3087 3081 3079 3077 3089 3079 3069 3070 3061 3073 3068 3080 3088 3074 3083 3075 3070 3076 3067 3069 3072 3081 3077 3080 3084 3097 3077 3078 3085 3083 3095 3080 3065 3079 3084 3086 3081 3083 3084 3070 3072 3083 3090 3101 3084 3063 3057 3069 3056 3048 3045 3057 3055 3042 3069 3071
3061 3077 3062 3068 3071 3080 3083 3073 3081 3070 3078 3072 3079 3077 3080 3077 3067 3066 3067 3068 3078 3069 3074 3082 3077 3071 3082 3081 3082 3083 3080 3080 3077 3077 3089 3079 3083 3096 3080 3097 3064 3069 3080 3089 3070 3082 3076 3072 3074 3085 3091 3097 3092 3073 3073 3054 3045 3059 3054 3067 3045 3041 3047 3062
3058 3082 3064 3071 3074 3084 3078 3068 3081 3068 3075 3080 3079 3060 3068 3068 3075 3085 3064 3069 3067 3076 3067 3067 3083 3078 3073 3073 3080 3085 3073 3089 3093 3080 3080 3077 3080 3080 3091 3082 3072 3069 3075 3074 3070 3070 3073 3082 3091 3093 3096 3088 3071 3065 3057 3058 3060 3060 3050 3049 3055 3048 3047 3064
3071 3080 3078 3072 3089 3094 3079 3074 3088 3070 3065 3076 3073 3066 3064 3080 3060 3074 3059 3070 3091 3084 3061 3073 3070 3079 3080 3086 3069 3080 3080 3077 3081 3077 3084 3076 3081 3082 3077 3088 3071 3070 3071 3069 3059 3067 3072 3064 3085 3087 3095 3092 3080 3074 3058 3048 3048 3058 3049 3049 3043 3040 3050 3053
3059 3069 3054 3072 3071 3074 3084 3091 3069 3078 3072 3061 3082 3065 3060 3068 3063 3069 3061 3071 3080 3086 3073 3076 3092 3078 3083 3086 3084 3076 3088 3071 3082 3076 3079 3070 3078 3078 3084 3081 3081 3080 3080 3062 3090 3077 3078 3073 3092 3089 3081 3087 3074 3067 3068 3062 3052 3048 3050 3052 3046 3040 3043 3064
3059 3064 3082 3073 3058 3084 3093 3088 3095 3063 3068 3069 3067 3055 3071 3073 3072 3069 3065 3071 3071 3086 3071 3083 3070 3079 3071 3063 3070 3071 3078 3072 3068 3070 3095 3085 3079 3080 3084 3079 3086 3070 3085 3080 3070 3068 3072 3079 3093 3090 3093 3095 3077 3058 3065 3065 3062 3046 3062 3064 3051 3049 3055 3065
3070 3069 3070 3068 3066 3079 3096 3079 3073 3079 3076 3089 3075 3071 3076 3073 3070 3067 3061 3070 3075 3076 3076 3069 3081 3068 3087 3078 3063 3073 3065 3061 3077 3071 3075 3073 3074 3078 3069 3088 3075 3075 3077 3080 3069 3067 3087 3070 3088 3087 3105 3088 3069 3057 3054 3055 3051 3064 3078 3062 3054 3055 3062 3053
3061 3052 3061 3071 3068 3069 3085 3078 3077 3061 3081 3069 3063 3060 3083 3080 3067 3083 3060 3064 3071 3063 3078 3068 3070 3083 3080 3096 3071 3066 3072 3062 3076 3070 3069 3066 3080 3077 3066 3071 3073 3076 3077 3069 3075 3074 3081 3086 3097 3091 3084 3088 3069 3054 3057 3062 3052 3064 3055 3061 3073 3058 3068 3067
3052 3056 3059 3064 3064 3060 3070 3071 3077 3080 3083 3084 3059 3057 3061 3066 3068 3073 3070 3062 3066 3066 3082 3088 3080 3074 3072 3081 3065 3092 3081 3075 3074 3083 3078 3072 3082 3090 3076 3076 3070 3070 3076 3081 3083 3081 3080 3077 3096 3102 3097 3084 3058 3055 3057 3084 3062 3068 3065 3070 3052 3068 3066 3066
3050 3052 3064 3060 3056 3061 3064 3071 3080 3075 3081 3075 3064 3059 3066 3060 3079 3067 3074 3072 3075 3063 3077 3076 3058 3060 3078 3076 3081 3089 3080 3082 3092 3074 3077 3069 3071 3087 3078 3074 3073 3066 3073 3068 3085 3097 3083 3082 3092 3115 3085 3079 3066 3041 3064 3075 3070 3059 3054 3050 3058 3062 3065 3063
3038 3050 3060 3052 3064 3063 3069 3070 3073 3084 3099 3083 3076 3073 3076 3070 3072 3073 3068 3064 3070 3070 3070 3076 3066 3060 3062 3064 3082 3080 3084 3080 3082 3071 3075 3077 3065 3075 3080 3072 3065 3071 3077 3085 3067 3079 3080 3102 3087 3090 3079 3073 3052 3052 3063 3049 3064 3053 3058 3047 3061 3072 3062 3062
3049 3055 3050 3056 3061 3070 3068 3078 3067 3079 3082 3084 3080 3065 3067 3072 3068 3072 3075 3057 3062 3058 3083 3076 3065 3074 3070 3072 3076 3083 3092 3083 3071 3078 3084 3075 3086 3078 3090 3088 3073 3063 3071 3067 3076 3081 3080 3092 3074 3086 3073 3063 3070 3060 3051 3059 3058 3048 3047 3055 3057 3058 3051 3052
3058 3054 3055 3065 3059 3069 3067 3072 3068 3067 3069 3075 3066 3073 3068 3060 3072 3080 3071 3058 3066 3070 3074 3064 3073 3067 3057 3070 3082 3086 3087 3081 3083 3075 3092 3083 3076 3072 3083 3072 3082 3062 3078 3059 3070 3082 3090 3093 3088 3080 3067 3071 3050 3063 3047 3061 3051 3061 3043 3052 3058 3059 3059 3050
3057 3057 3060 3077 3066 3059 3075 3072 3073 3068 3053 3060 3072 3069 3065 3071 3072 3072 3064 3058 3068 3073 3068 3065 3069 3070 3073 3079 3071 3087 3079 3087 3079 3087 3096 3089 3080 3070 3083 3072 3060 3067 3076 3067 3076 3075 3079 3085 3087 3073 3068 3064 3062 3052 3052 3034 3051 3055 3056 3043 3059 3056 3053 3069
3075 3072 3057 3055 3054 3066 3067 3069 3068 3065 3060 3070 3074 3073 3082 3069 3063 3071 3063 3066 3066 3065 3078 3068 3067 3065 3067 3081 3084 3085 3085 3095 3074 3081 3074 3068 3072 3074 3074 3074 3079 3077 3088 3094 3089 3077 3081 3093 3079 3063 3051 3057 3052 3060 3066 3059 3051 3060 3055 3063 3059 3055 3050 3055
3067 3059 3068 3061 3066 3068 3064 3066 3072 3064 3059 3062 3066 3077 3062 3080 3062 3053 3069 3063 3053 3075 3061 3070 3080 3067 3070 3072 3085 3076 3081 3091 3090 3085 3083 3083 3075 3072 3080 3061 3066 3067 3079 3083 3087 3085 3090 3087 3082 3055 3054 3065 3060 3052 3057 3050 3067 3052 3058 3063 3060 3060 3049 3054
3064 3068 3053 3054 3067 3048 3058 3063 3054 3064 3063 3053 3056 3059 3061 3069 3058 3065 3056 3063 3081 3080 3073 3071 3072 3083 3078 3071 3087 3083 3071 3088 3076 3081 3068 3081 3077 3074 3064 3070 3069 3053 3066 3085 3085 3085 3082 3070 3065 3056 3061 3064 3060 3067 3061 3063 3057 3046 3042 3064 3066 3042 3053 3052
3061 3059 3049 3049 3056 3057 3062 3058 3067 3068 3061 3049 3039 3065 3055 3062 3066 3076 3066 3081 3071 3080 3080 3074 3061 3060 3082 3078 3083 3087 3088 3074 3077 3070 3077 3085 3075 3072 3078 3072 3062 3056 3073 3088 3092 3083 3069 3064 3063 3063 3067 3059 3057 3071 3057 3047 3049 3029 3050 3055 3063 3048 3045 3043
3052 3063 3051 3060 3056 3066 3056 3058 3064 3052 3058 3053 3051 3058 3059 3063 3061 3069 3053 3076 3069 3068 3075 3067 3070 3064 3065 3078 3083 3076 3072 3072 3080 3092 3076 3081 3072 3073 3067 3078 3066 3075 3080 3086 3080 3077 3061 3041 3051 3059 3071 3071 3043 3048 3050 3061 3047 3046 3053 3053 3053 3035 3051 3045
3062 3067 3067 3053 3048 3066 3048 3045 3050 3054 3059 3063 3074 3068 3041 3068 3055 3067 3075 3079 3076 3076 3066 3060 3063 3063 3060 3068 3074 3076 3076 3077 3082 3086 3074 3084 3065 3079 3076 3084 3067 3078 3085 3072 3064 3049 3052 3053 3069 3056 3067 3071 3058 3040 3041 3046 3066 3061 3053 3037 3044 3046 3053 3051
3052 3056 3048 3049 3054 3058 3059 3056 3055 3045 3046 3057 3064 3063 3039 3047 3052 3075 3058 3062 3056 3045 3056 3056 3083 3078 3064 3069 3085 3078 3072 3065 3073 3074 3072 3094 3079 3078 3076 3077 3072 3066 3074 3085 3060 3055 3055 3048 3062 3062 3072 3058 3046 3039 3030 3052 3044 3054 3049 3063 3055 3043 3047 3051
3055 3048 3047 3046 3038 3056 3057 3053 3052 3061 3043 3057 3053 3043 3045 3038 3055 3045 3051 3050 3043 3048 3054 3060 3061 3067 3063 3091 3089 3077 3071 3065 3052 3070 3088 3083 3090 3083 3084 3064 3065 3056 3066 3060 3057 3061 3053 3050 3055 3058 3068 3068 3052 3027 3034 3033 3049 3043 3056 3053 3053 3046 3039 3045
3043 3050 3058 3054 3055 3051 3047 3052 3044 3048 3053 3048 3051 3048 3054 3059 3053 3059 3050 3067 3064 3046 3049 3054 3070 3062 3064 3063 3059 3070 3064 3056 3068 3061 3068 3075 3069 3083 3069 3066 3051 3058 3054 3056 3064 3053 3054 3045 3045 3066 3048 3071 3043 3043 3038 3050 3044 3049 3049 3056 3050 3051 3052 3050
3056 3058 3055 3063 3044 3049 3048 3044 3041 3049 3066 3051 3048 3050 3063 3061 3047 3042 3038 3051 3061 3057 3064 3065 3068 3061 3056 3048 3049 3043 3046 3058 3055 3063 3071 3066 3062 3067 3069 3052 3050 3046 3047 3047 3061 3069 3049 3043 3064 3068 3060 3064 3043 3045 3051 3047 3055 3038 3051 3063 3057 3063 3064 3070
3069 3057 3073 3067 3049 3046 3051 3055 3044 3045 3065 3053 3056 3044 3059 3056 3059 3063 3052 3064 3061 3061 3056 3064 3060 3060 3065 3061 3052 3042 3049 3056 3055 3057 3067 3061 3066 3070 3061 3063 3058 3054 3050 3056 3067 3057 3060 3063 3059 3059 3073 3062 3054 3042 3054 3057 3055 3057 3063 3055 3065 3060 3074 3065
3045 3051 3072 3039 3042 3050 3057 3057 3065 3059 3064 3071 3068 3049 3035 3051 3053 3052 3051 3065 3085 3056 3067 3067 3067 3073 3063 3057 3061 3051 3061 3059 3057 3066 3041 3054 3073 3064 3061 3064 3067 3069 3065 3055 3061 3068 3072 3058 3065 3062 3062 3067 3055 3060 3061 3063 3045 3056 3055 3062 3046 3040 3047 3053
3074 3063 3057 3057 3045 3049 3057 3067 3054 3056 3067 3066 3051 3053 3043 3040 3047 3055 3064 3055 3057 3070 3085 3068 3066 3061 3061 3063 3052 3057 3070 3063 3066 3060 3056 3058 3080 3068 3062 3070 3065 3073 3077 3071 3071 3067 3067 3059 3052 3057 3066 3058 3062 3062 3064 3056 3061 3054 3051 3054 3062 3061 3056 3066
3077 3059 3072 3058 3060 3056 3046 3070 3058 3061 3058 3050 3062 3046 3036 3040 3050 3061 3059 3063 3061 3052 3059 3051 3064 3076 3051 3058 3055 3061 3068 3068 3063 3054 3051 3068 3083 3076 3077 3056 3072 3065 3072 3074 3066 3046 3061 3055 3071 3064 3058 3065 3043 3055 3057 3068 3052 3059 3051 3057 3049 3069 3053 3072
3074 3063 3065 3074 3074 3062 3065 3058 3073 3054 3056 3054 3055 3047 3057 3046 3055 3056 3055 3065 3058 3064 3049 3064 3066 3056 3062 3059 3063 3066 3085 3066 3053 3062 3063 3076 3082 3077 3058 3066 3065 3071 3071 3054 3058 3048 3051 3063 3045 3046 3045 3064 3056 3049 3065 3071 3054 3073 3059 3061 3069 3065 3071 3067
3069 3056 3047 3064 3071 3081 3060 3050 3048 3049 3058 3063 3040 3043 3058 3055 3053 3061 3052 3064 3059 3054 3052 3047 3066 3085 3079 3084 3067 3066 3078 3090 3062 3057 3077 3076 3074 3052 3053 3059 3059 3066 3066 3062 3066 3053 3050 3061 3036 3042 3057 3042 3043 3059 3045 3056 3068 3051 3075 3068 3073 3072 3080 3070
