3021 3004 3006 3019 3030 3025 3016 3021 3028 3007 3008 3007 3005 3012 3013 3019 3011 2997 3001 3024 3025 3022 3015 3029 3030 3026 3021 3014 3007 3016 3034 3016 3021 3016 3007 3017 3008 3007 3017 3019 3004 3019 3012 3015 3002 3010 3007 3019 3000 3005 3011 2997 3005 3007 3019 3023 3031 3035 3031 3040 3038 3025 3027 3028
3022 3017 3021 3009 3016 3008 3015 3000 3009 3008 3022 3003 2990 3008 3013 3011 3002 3018 3015 3020 3017 3011 3021 3021 3014 3020 3013 3021 3017 3014 3007 3017 3022 3017 3018 3016 3002 3015 3009 3001 3012 3027 3016 3015 3013 3013 3004 3012 3014 3005 3018 3013 3008 3016 3013 3023 3030 3041 3028 3039 3033 3032 3039 3050
3014 3014 3021 3023 2998 3002 2996 3015 3024 3017 3013 2997 2998 3006 3017 3015 3009 3018 3011 3015 3018 3019 3032 3021 3013 3022 3004 3009 3014 3011 3016 3003 3019 3027 3010 2993 2998 2990 2996 3006 3011 3023 3010 3014 3006 3002 3005 3017 3018 3006 3010 3020 3013 3002 3009 3000 3021 3028 3026 3037 3042 3046 3060 3057
3005 3016 3008 2997 3025 3003 2997 3001 3003 3015 3022 3004 3008 2997 3007 2997 3022 3018 3002 3020 3022 3011 3021 3016 3015 3006 3020 3014 3010 3009 3012 3010 3004 3007 3010 3014 3019 3009 3013 3013 3011 3007 3020 3005 3013 3012 3000 3009 3016 3011 3021 3017 3013 3014 3016 3013 3012 3030 3030 3035 3035 3041 3047 3051
3021 3003 2987 3008 3008 3001 3006 2999 3004 3010 3029 3008 2998 2990 3011 3007 3013 3011 3003 3022 3019 3023 3004 3014 3002 3002 3014 3016 3015 3012 3016 3008 3018 2999 3015 3020 3017 3028 3023 3025 3019 3019 3009 3018 3019 3011 3012 3004 3006 3007 3006 3006 3009 3016 3043 3027 3031 3030 3045 3036 3031 3038 3038 3037
3013 2998 2993 2991 3015 3000 3008 3000 3013 3017 3017 3017 3001 3001 3001 2999 3015 3016 3007 3020 3022 3021 3011 3003 3008 3008 3011 3001 3004 3014 3023 3010 3008 3015 3019 3016 3007 2999 3016 3018 3012 3007 3017 3009 3021 3010 3018 3005 3020 3008 3016 3024 3012 3022 3025 3030 3029 3026 3032 3026 3033 3056 3052 3056
3004 2983 2996 2998 3014 3011 3006 3004 3025 3013 3028 3022 3000 3000 3015 3003 3005 3008 3008 3011 3021 3022 3011 3015 3020 3009 3007 3016 3019 3011 3011 3022 3019 3003 3011 3014 3001 3007 3021 3022 3006 3001 3005 3000 3013 3018 3005 3011 2999 3020 3017 3017 3029 3006 3022 3029 3023 3027 3034 3035 3049 3066 3054 3052
3015 3013 3014 3005 3030 3021 3015 3025 3011 3011 3017 3002 3005 3006 3014 3009 3007 3016 3007 3001 3022 3019 3014 3026 3024 3022 3015 3012 3019 2997 3012 3027 3017 3007 3006 2995 3003 3013 3017 3018 3007 3005 3011 3009 2998 3003 3013 2992 3008 3016 3009 3021 3020 3022 3029 3035 3041 3040 3034 3039 3044 3064 3045 3052
3006 3015 3029 3029 3015 3026 3031 3026 3008 3014 3006 3016 3015 2999 3014 3012 3002 3010 3011 2990 3014 3014 3022 3029 3026 3014 3014 3007 3013 3014 3003 3003 3002 3003 3011 3011 3012 2999 3000 3021 3021 3018 3002 3011 3020 3024 3015 3020 3021 3010 3016 3029 3022 3027 3035 3040 3048 3048 3024 3045 3036 3039 3058 3052
3030 3014 3026 3028 3020 3011 3035 3013 3019 3012 3015 3018 3002 3016 3006 3001 3012 3018 3019 3017 3013 3018 3016 3030 3028 3019 3015 3010 3028 3015 3013 3002 3011 3028 3014 3021 2996 3008 2996 3009 3012 3015 3014 3019 3009 3010 3024 3006 3004 3019 3020 3019 3021 3021 3035 3046 3037 3043 3048 3045 3050 3033 3035 3060
3029 3010 3007 3009 3027 3019 3013 3037 3018 3032 3011 3004 3025 3018 3018 3012 3017 3008 3021 3021 3021 3013 3016 3018 3012 3020 3002 2996 3014 3013 3017 3012 3020 3019 3014 3013 3007 3004 3006 3007 2998 3005 3003 3036 3010 3009 3010 3022 3015 3007 3011 3009 3018 3026 3045 3053 3050 3037 3050 3065 3054 3042 3043 3052
3012 3025 3026 3026 3025 3023 3025 3022 3014 3021 2994 3019 3004 3012 3019 3004 3027 3016 3025 3017 3015 3005 3018 3017 3023 3009 2989 2999 3010 3017 3007 3013 3000 3011 3014 3010 3007 3005 3010 3011 3011 3016 3020 3019 3007 3018 3012 3006 3019 2999 3000 3015 3023 3033 3047 3047 3046 3036 3048 3065 3052 3049 3054 3056
3005 3011 3007 3032 3028 3038 3020 3012 3018 3013 3014 3016 3027 3015 3023 3023 3020 3027 3030 3021 3010 3008 3004 3006 3009 3006 2991 3002 3007 3000 3002 3006 3008 3016 3016 3012 3011 3021 3015 3008 3016 3019 3007 3013 3010 3007 3004 3001 3015 3004 2999 3005 3025 3045 3040 3043 3047 3056 3045 3054 3052 3048 3060 3043
3012 3018 3010 3023 3037 3029 3021 3034 3026 3016 3009 3017 3015 3016 3010 3015 3017 3003 3017 3015 3018 3017 3015 3004 3010 3010 3006 3015 3015 3023 3007 3006 3002 3025 3013 3022 3014 3027 3011 3021 3002 2993 3019 3012 3010 3009 2995 3014 3000 3006 3019 2987 3026 3032 3043 3043 3045 3053 3061 3053 3053 3065 3052 3067
3002 3015 3023 3016 3009 3016 3008 3008 3027 3020 3010 3014 3004 3014 3011 3010 3012 3014 3014 3026 3016 3009 3016 3007 2999 2996 3009 3021 3006 3028 3028 3029 3024 3013 3016 3018 3030 3009 3004 2993 3001 3010 3022 3016 3018 3015 2997 3020 3014 3012 3011 3005 3016 3030 3048 3050 3038 3051 3060 3048 3046 3056 3062 3055
3014 3025 3033 3024 3015 3016 3017 3023 3011 3036 3027 3025 3008 3001 3006 3014 3000 2988 3019 2999 3005 3014 3022 3002 3006 3000 3013 3014 3014 3016 3019 3020 3030 3026 3025 3023 3008 3014 3002 3001 3007 3008 3025 3021 3007 3027 3018 3027 3019 3007 3020 3001 3012 3016 3037 3041 3048 3049 3051 3056 3053 3052 3063 3058
3022 3032 3042 3023 3024 3017 3022 3020 3017 3009 3034 3009 3007 3026 3014 3018 3013 3009 3004 3015 3024 3020 3019 3013 3022 3003 3016 3023 3020 3010 3004 3018 3024 3018 3011 3014 3007 3017 3016 3017 3009 3010 3015 3023 3021 3011 3026 3022 3019 3008 3009 3023 3020 3012 3037 3047 3054 3065 3052 3062 3064 3051 3057 3077
3020 3010 3028 3020 3004 3020 3018 3025 3016 3020 3025 3027 3007 3012 3022 3006 3018 3005 3035 3017 3021 3013 3024 3018 3013 3017 3028 3011 3033 3019 3035 3010 3007 3019 3012 3014 3022 3009 3019 3016 3024 3011 3017 3020 3007 3015 3010 3018 3016 3008 3021 3012 3025 3024 3025 3034 3051 3058 3062 3061 3062 3059 3076 3075
3014 3024 3017 2998 3006 2997 3004 3010 3026 3015 3017 3023 2999 3009 3007 3017 3011 3007 3027 3012 3009 3009 3014 3012 3031 3019 3012 3000 3021 3028 3006 3009 3017 3008 3012 3022 3024 3023 3009 3010 3018 3010 3009 3015 3009 3008 3015 3026 3024 3023 3020 3035 3027 3018 3033 3037 3048 3068 3063 3073 3076 3071 3077 3073
3013 3009 3007 3025 3012 3012 3007 3018 3018 3014 3019 3015 3012 3016 3017 3014 3014 3016 3022 3019 3010 3010 3020 3023 3023 3014 3005 3025 3030 3030 3011 3027 3020 3016 3026 3033 3035 3002 3027 3027 3024 3018 3026 3019 3016 3017 3017 3015 3022 3030 3045 3043 3011 3007 3041 3047 3056 3074 3066 3075 3086 3081 3073 3091
3015 3022 3028 3022 3011 3017 3008 3016 3012 2999 3020 3020 3013 3016 3006 3017 3019 3016 3009 3017 3028 3025 3024 3018 3023 3010 3016 3014 3022 3028 3021 3017 3022 3030 3031 3038 3032 3021 3045 3043 3034 3032 3037 3046 3029 3035 3023 3029 3028 3027 3037 3031 3032 3036 3043 3064 3080 3067 3074 3077 3078 3095 3093 3091
3008 3023 3024 3029 3023 3015 3011 3011 3011 3014 3020 3019 3022 3021 3023 3023 3035 3030 3029 3017 3033 3033 3029 3020 3011 3021 3034 3031 3034 3045 3028 3039 3034 3024 3042 3029 3026 3034 3025 3019 3036 3011 3018 3025 3021 3017 3032 3022 3042 3040 3034 3049 3039 3019 3038 3048 3065 3064 3071 3075 3087 3092 3080 3084
3007 3020 3013 3018 3024 3021 3011 3018 3023 3020 3004 3022 3028 3031 3034 3041 3028 3035 3034 3040 3032 3028 3030 3020 3037 3033 3026 3044 3040 3022 3049 3043 3037 3027 3039 3028 3032 3034 3033 3035 3023 3021 3018 3027 3017 3028 3024 3034 3027 3022 3033 3028 3015 3011 3032 3039 3053 3071 3073 3099 3085 3090 3082 3088
3013 3009 3024 3023 3029 3025 3013 3012 3008 3006 3004 3012 3015 3028 3023 3037 3033 3040 3025 3034 3033 3033 3030 3036 3029 3027 3026 3040 3016 3029 3037 3038 3034 3027 3024 3025 3033 3028 3023 3025 3027 3021 3011 3027 3029 3008 3021 3020 3019 3015 3019 3021 3021 3016 3036 3013 3037 3054 3078 3078 3096 3081 3089 3091
3015 3023 3016 3018 3014 3024 3015 3009 3012 3008 3012 3013 3010 3011 3016 3026 3010 3023 3043 3039 3037 3022 3028 3014 3015 2998 3027 3015 3018 3018 3033 3015 3015 3003 3018 3021 3030 3031 3029 3024 3015 3022 3020 3021 3009 3009 3013 3011 3014 3018 3017 3014 3015 3025 3025 3032 3031 3050 3058 3077 3072 3086 3090 3090
3012 3017 3016 3023 3023 3031 3012 3002 3013 3018 2996 3012 3008 3012 3016 3011 3021 3016 3033 3031 3009 3017 3025 3014 3010 3009 3011 3016 3006 3003 3025 3014 3019 3012 3022 3006 3013 3019 3026 3017 3017 3015 3015 3015 3030 3015 3019 3011 3023 3017 3026 3024 3017 3018 3012 3017 3030 3053 3062 3088 3077 3075 3089 3104
3011 3010 3026 3016 3013 3024 3020 3022 3020 3011 3002 3003 3018 3013 3018 3018 3018 3018 3026 2999 3003 3011 3024 3026 3018 3022 3017 3017 2997 3014 3020 3012 3012 3023 3001 3009 3012 3026 3014 3011 3015 3014 3028 3016 3022 3013 3011 3014 3005 3024 3020 3021 3027 3013 3027 3034 3040 3056 3063 3087 3079 3073 3096 3079
3014 3026 3011 3011 3028 3029 3015 3006 3010 3012 3018 2998 3006 3022 3022 3016 3009 3022 3007 3018 3014 3025 3012 3012 3012 3012 3008 2998 3016 3026 3030 3023 3014 3008 3016 3008 3019 3027 3020 3020 3027 3025 3023 3013 3025 3008 3001 3014 3038 3022 3025 3027 3029 3014 3021 3027 3042 3043 3063 3063 3082 3078 3077 3078
3003 3016 3018 3009 3022 3026 3021 3015 3026 3017 3014 3011 3013 3010 3011 3007 3016 3011 3013 3018 3014 3002 3017 3012 3009 3011 3027 3028 3020 3018 3006 3021 3022 3019 3011 3025 3021 3029 3014 3018 3010 3010 3020 3025 3015 3027 3024 3019 3015 3022 3012 3016 3022 3018 3024 3022 3031 3033 3061 3061 3070 3073 3084 3094
3017 3011 3010 3016 3018 3012 3029 3010 3018 3012 3027 3019 3007 3009 3016 3005 3011 3010 3028 3015 3013 3014 3009 3016 3008 3014 3027 3022 3012 3025 3020 3016 3022 3017 3005 3015 3018 3009 3011 3017 3000 3010 3023 2998 3015 3012 3027 3024 3018 3017 3022 3018 3015 3006 3014 3018 3027 3029 3043 3059 3079 3064 3074 3088
3014 3023 3021 3025 3019 3021 3009 3017 3020 3009 3013 3012 3014 3000 3005 3008 3016 3015 3020 3013 3004 3011 3015 3006 3019 3021 3027 3012 3023 3021 3014 3027 3016 3004 2997 3005 3017 3022 3008 3021 3018 2996 3011 3008 3013 3006 3011 3017 3018 3012 3011 3016 3013 3024 3018 3030 3022 3032 3041 3044 3058 3080 3093 3080
3014 2999 3011 3015 3019 3010 3007 3003 3021 3010 3023 3012 3000 2999 3000 3021 3023 3021 3021 3019 3022 2997 2999 3002 3013 3028 3011 3012 3001 3015 3023 3020 3008 3017 3030 3005 3009 3023 3023 3019 3011 3025 3025 3014 3004 3017 3033 3019 3016 3011 3017 3015 3024 3021 3030 3024 3036 3032 3033 3042 3053 3069 3075 3077
3010 3001 3008 3015 3024 3020 3003 3010 3009 3016 3009 3013 3009 2998 2998 3009 3007 3008 3016 3012 3017 3005 3017 3004 3027 3027 3018 3018 3021 3024 3021 3022 3027 3017 3025 3021 3030 3036 3022 3024 3034 3031 3033 3026 3030 3026 3032 3033 3019 3027 3023 3038 3030 3027 3032 3026 3036 3029 3038 3034 3040 3045 3059 3064
3010 3009 3016 3017 3024 3014 3001 3001 3018 3007 3019 3011 3003 3017 3019 3020 3016 3005 3008 3017 3013 3010 3012 3022 3022 3016 3018 3014 3023 3025 3025 3023 3014 3026 3018 3034 3044 3035 3025 3008 3029 3033 3029 3038 3030 3028 3035 3019 3027 3015 3028 3029 3026 3032 3036 3029 3024 3035 3033 3024 3038 3037 3056 3071
3013 3010 3001 3012 3016 3003 2977 3004 2998 3003 3016 3032 3010 3007 3013 3012 3007 3005 3003 3003 3024 3009 3017 3004 3027 3020 3034 3029 3043 3009 3022 3025 3018 3020 3022 3024 3033 3032 3033 3037 3024 3028 3031 3024 3017 3003 3020 3019 3019 3030 3022 3035 3028 3020 3021 3016 3024 3030 3018 3037 3026 3034 3051 3063
3003 3011 3014 3008 3005 3010 2998 3000 3016 3013 3010 3006 3012 3013 3032 3000 3013 3017 3008 3018 3023 3009 3020 3019 3021 3030 3031 3020 3029 3024 3029 3015 3024 3013 3023 3030 3014 3020 3011 3032 3011 3012 3031 3013 3015 3022 3003 3027 3013 3019 3024 3022 3019 3020 3010 3011 3011 3022 3010 3015 3033 3039 3037 3057
3012 3012 3011 3011 3008 3005 3014 3021 3014 3015 3017 3010 3002 3007 3020 3007 3002 3012 3018 3012 3007 3003 3018 3015 3017 3026 3013 3008 3004 3008 3026 3025 3019 3024 3023 3008 3013 3015 3010 3027 3026 3009 3010 3014 3013 3016 3025 3012 3018 2999 3021 3016 2999 3021 3013 3015 3034 3020 3023 3027 3014 3025 3047 3052
3019 3010 3008 3008 3015 3002 3022 3008 3021 3016 3016 3013 3006 2999 3007 3000 3009 3016 3018 3014 3018 3002 3021 3019 3012 3010 3011 2996 3001 3011 3028 3027 3024 3016 3002 3009 2999 2999 3009 3022 3023 3007 3013 3025 3016 3017 3025 3017 3030 3009 3023 3032 3026 3017 3025 3025 3014 3021 3020 3026 3022 3014 3032 3053
3031 3020 3014 3007 3018 3002 3015 3021 3018 3017 3009 2999 3012 3011 2998 2994 3005 3020 3014 3016 3016 3010 3014 3006 3006 3006 3015 3026 3021 3028 3024 3025 3017 3003 3008 3013 3004 3009 3029 3020 3012 3017 3020 3021 3012 3012 3011 3013 3024 3021 3019 3018 3025 3031 3011 3010 3024 3027 3025 3027 3023 3019 3036 3054
3047 3026 3016 3007 3009 3007 3021 3024 3005 3008 3015 2997 3011 3006 2994 3007 3008 3013 3018 3019 3020 3024 3000 3022 3012 3009 3016 3024 3019 3020 3014 3022 3019 3018 3005 3010 3013 3019 3018 3011 3016 3007 3023 3029 3024 3024 3011 3015 3022 3006 3023 3005 3023 3024 3019 3017 3007 3034 3024 3025 3021 3023 3043 3054
3037 3024 3006 3012 2999 3016 3007 3012 3021 3001 3018 3016 3010 3009 3013 3009 3018 3013 3004 3020 3004 3019 3006 3007 3006 3013 3025 3022 3024 3013 3021 3006 3027 3014 3009 3008 3004 3014 3007 3006 3010 2998 3013 3011 3016 3002 3016 3006 3011 3025 3025 3019 3023 3019 3013 3016 3018 3031 3024 3019 3033 3021 3046 3060
3033 3018 3010 3015 3020 3017 3022 3021 3014 3012 3009 3006 3026 3010 3008 3014 3005 3002 3018 3007 3008 3010 3006 3015 3019 3019 3010 3010 3023 3021 3006 3018 3015 3022 3011 3017 3008 3011 3005 3009 3004 3035 3010 3004 3029 3028 3024 3024 3029 3015 3025 3021 3035 3024 3017 3016 3025 3023 3025 3026 3030 3022 3038 3057
3013 3010 3015 3013 3028 3031 3021 3011 3013 3015 3023 3014 3017 3018 3019 3014 3000 3007 3005 3003 3005 3023 3004 3004 3012 3012 3018 3021 3010 3017 3013 3012 3007 3016 3013 3024 3007 3012 3014 3015 3021 3026 3017 3019 3006 3011 3041 3037 3017 3029 3017 3012 3012 3016 3012 3006 3020 3030 3020 3036 3026 3038 3024 3054
3008 3012 3005 3017 3037 3029 3030 3023 3013 3005 3009 3014 3019 2999 3019 3013 3005 2995 3001 3000 3004 3021 3017 3015 3022 3010 3030 3017 3017 3014 3024 3013 3004 3004 3024 3014 3009 3008 3025 3030 3021 3018 3020 3013 3010 3027 3030 3037 3017 3003 3025 3006 3014 3014 3012 3013 3021 3022 3033 3025 3020 3023 3039 3061
3019 3011 3026 3019 3021 3020 3020 3010 3013 3014 3015 3016 3014 3015 2998 3007 3016 3005 2997 2994 3018 3009 3008 3005 3012 3021 3020 3016 3019 3020 3004 3019 3014 3013 3014 3012 3017 3010 3031 3013 3026 3030 3018 3020 3017 3003 3028 3025 3026 3001 3017 3014 3018 3011 3009 3008 3014 3025 3033 3029 3036 3025 3031 3061
3029 3025 3033 3035 3018 3026 3020 3022 3018 3021 3028 3012 3016 3009 3002 3000 3003 3016 3010 3016 3007 3010 3014 3004 3015 3018 3012 3004 3014 3020 3026 3008 3008 3009 2996 3007 3017 3011 3014 3025 3020 3028 3032 3027 3026 3023 3019 3020 3015 3020 3020 3012 3013 3013 3016 3010 3020 3026 3026 3022 3029 3033 3046 3054
3021 3010 3016 3018 3016 3022 3028 3010 3011 3023 3028 3017 3026 3018 3004 3002 3010 3008 3001 3021 3011 2998 3011 2990 3009 3016 3012 3006 3015 3018 3007 3019 3019 3022 2994 3000 3017 3014 3011 3009 3016 3003 3018 3022 3026 3027 3031 3017 3019 3013 3025 3022 3017 3029 3009 3016 3018 3028 3022 3022 3018 3039 3054 3069
3023 3019 3017 3000 3013 3009 3015 3014 3004 3027 3012 3028 3022 3012 2997 3000 3017 3018 2997 3007 3004 3005 2998 3006 3009 3013 3013 3005 3018 3022 3008 3005 3010 3019 3009 3014 3015 3023 3009 3005 2999 3002 3015 3026 3023 3028 3025 3022 3023 3001 3019 3024 3012 3012 3014 3011 3015 3030 3020 3017 3038 3027 3038 3057
3007 3022 3026 3011 3018 3012 3008 3014 3026 3021 3022 3010 3006 3001 3006 3012 2998 3013 3025 3005 3005 3001 3007 3008 3017 3001 2998 3009 3007 3003 2998 3016 3015 3023 2998 3020 3010 3016 2999 3007 3013 3013 3017 3007 3008 3010 3020 3011 3013 3020 3013 3022 3035 3024 3016 3029 3019 3019 3031 3036 3032 3031 3040 3069
3034 3019 3027 3026 3028 3021 3020 3009 3024 3038 3024 3003 3013 3007 3003 3005 2996 2994 2999 3007 2999 3007 3016 3003 3003 3021 3014 3010 3021 3014 3018 3007 3013 3022 3012 3006 3017 3008 3012 3010 3011 3004 3005 3018 3011 3014 3021 3005 3018 3022 3017 3021 3014 3031 3040 3034 3036 3021 3035 3062 3055 3043 3068 3103
3020 3029 3012 3020 3013 3007 3013 3013 3024 3005 3012 3006 3008 3009 3002 3001 3000 3003 3001 3002 3009 3016 2996 3008 2993 3009 2995 3014 3022 3019 3018 3012 3004 3026 3020 3005 3018 3003 3021 3023 3007 3010 3021 3021 3011 3018 3022 3019 3018 3022 3015 3016 3017 3030 3032 3037 3040 3051 3049 3059 3068 3053 3071 3077
3012 3007 3014 3017 3019 3029 3027 3009 3014 3004 3014 3010 3023 3012 3015 3006 2998 3013 2996 2994 3008 3015 3017 3009 2993 3009 3001 3026 3026 3019 3030 3013 3030 3022 3011 3011 3022 3022 3012 3014 3006 2997 3018 3024 3034 3030 3026 3003 3012 3019 3018 3029 3025 3021 3032 3044 3046 3056 3067 3061 3070 3076 3077 3086
3038 3026 3035 3019 3017 3021 3014 3009 3014 3009 3016 3014 3027 3010 3005 2999 2995 3006 3008 3012 3010 3011 3023 3007 3012 3017 3004 3005 3019 3026 3016 3021 3017 3017 3018 3010 3014 3011 3018 3013 3018 3015 3016 3016 3021 3013 3005 3012 3017 3028 3038 3021 3026 3033 3055 3052 3060 3058 3054 3072 3071 3071 3073 3085
3024 3022 3020 3025 3023 3009 3006 3001 3019 3014 3013 3006 3004 3009 3012 3012 2997 3011 3005 3009 3015 3016 3000 3015 3021 3012 3018 3014 3010 3003 3017 3015 3018 3019 3006 3018 3005 3016 3019 3015 3021 3013 3008 3017 3016 3009 2996 3021 3022 3031 3049 3031 3053 3049 3058 3060 3070 3050 3065 3073 3072 3080 3081 3084
3037 3032 3012 3016 3026 3026 3007 3016 3002 3023 3003 2998 3000 3017 3007 3011 2997 3009 3022 3019 3010 3008 3003 3009 3019 3006 3028 3016 3004 3014 3016 3007 3020 3009 3006 3023 3009 3006 3018 3018 3028 3014 3026 3027 3014 3019 3029 3029 3041 3044 3049 3055 3064 3050 3050 3066 3047 3038 3070 3075 3077 3073 3071 3081
3023 3013 3017 3015 3006 2998 3008 3004 2992 3002 3016 3016 2995 3018 3006 3017 3005 3012 3023 3015 2997 2996 3006 3008 3021 3026 3012 3006 3012 3014 3023 3014 3026 3015 3031 3019 3021 3016 3026 3026 3010 3024 3018 2999 3026 3023 3030 3047 3059 3069 3043 3066 3066 3062 3069 3069 3059 3049 3063 3081 3074 3067 3074 3068
3027 3018 3003 3016 3015 3010 3012 3010 3009 3014 3005 3019 3002 3012 3001 3009 3001 3015 3021 3012 3009 3005 3007 2998 3022 3018 3021 3019 3017 3022 3024 3030 3019 3014 3021 3023 3009 3018 3027 3033 3042 3030 3041 3029 3035 3046 3040 3055 3052 3047 3049 3049 3063 3071 3070 3061 3061 3057 3063 3069 3072 3061 3068 3067
3026 2998 3005 3017 3009 3007 3032 3015 3018 3021 3018 3009 3003 3002 3008 2994 3005 3000 3008 3003 2996 2998 3001 3016 3024 3016 3006 3020 3029 3024 3016 3021 3026 3011 3022 3022 3017 3012 3027 3031 3041 3026 3042 3057 3073 3045 3066 3066 3067 3063 3057 3059 3045 3059 3077 3065 3059 3058 3065 3079 3082 3075 3073 3065
3018 3006 3010 3007 3005 3010 3010 3016 3010 3022 3026 3025 3009 3008 3001 3007 3016 3002 3007 2998 3010 3001 3006 3011 3027 3016 3012 3020 3013 3024 3017 3016 3016 3014 3015 3043 3027 3036 3037 3044 3047 3043 3064 3064 3066 3049 3061 3078 3066 3054 3068 3054 3069 3060 3073 3075 3070 3070 3073 3074 3082 3083 3085 3083
3004 3010 3000 3012 2994 3018 3009 3019 3022 3022 3021 3024 2997 3015 3021 3001 3012 3006 2989 3003 3009 3009 3017 3012 3031 3018 3011 3006 3016 3031 3020 3013 3016 3003 3024 3035 3046 3054 3045 3051 3066 3065 3069 3053 3067 3068 3065 3060 3069 3082 3080 3089 3081 3072 3067 3074 3078 3074 3074 3082 3086 3084 3095 3104
2995 3004 3017 3009 3012 3010 3009 3006 3025 3020 3004 3007 2993 2993 3016 3019 2991 2999 2998 3002 3019 3010 3015 3022 3004 3011 3016 3024 3015 3033 3040 3033 3028 3024 3036 3041 3071 3065 3059 3050 3067 3069 3069 3076 3073 3074 3072 3069 3067 3074 3076 3074 3081 3076 3084 3076 3072 3066 3085 3071 3095 3096 3092 3098
2996 2986 3012 3014 3026 3039 3017 3013 3010 3013 3002 3018 2999 3015 3020 3013 3018 3005 3000 3002 3017 3007 3016 3017 3004 3015 3002 3018 3030 3055 3044 3037 3036 3038 3046 3056 3062 3074 3055 3068 3064 3078 3071 3076 3073 3078 3074 3073 3079 3073 3062 3069 3067 3084 3082 3072 3089 3081 3072 3076 3085 3074 3075 3082
3006 2999 3021 3020 3018 3013 3012 3002 3012 3019 3012 3006 3003 3003 3011 3017 3012 3013 3002 3006 3020 3011 3020 3024 3018 3003 3002 3017 3038 3052 3048 3042 3051 3039 3056 3067 3065 3069 3078 3070 3060 3067 3070 3076 3083 3092 3088 3084 3076 3071 3088 3075 3079 3100 3085 3077 3081 3086 3070 3062 3079 3092 3071 3079
2984 3010 3024 3010 3023 3009 3005 3010 3014 3010 3009 3015 3012 3009 3013 3001 3020 3010 3012 3007 3022 3025 3018 3023 3043 3040 3031 3029 3025 3062 3064 3060 3063 3060 3071 3070 3070 3088 3072 3079 3065 3079 3087 3090 3088 3081 3084 3062 3071 3078 3081 3085 3090 3093 3090 3093 3092 3096 3079 3083 3072 3074 3075 3097
