3065 3054 3060 3044 3032 3023 3024 3032 3028 3030 3027 3033 3020 3045 3052 3042 3030 3028 3010 3017 3012 3014 2996 3009 3001 3005 3004 3007 3016 3003 3005 2994 3026 3001 2996 3006 3019 3019 3003 2998 2995 3007 3014 3001 3012 3004 3002 2995 2994 2989 3006 3008 2996 2997 2996 2985 2981 2993 2977 2988 2991 3001 2992 2992
3062 3050 3052 3044 3046 3047 3039 3020 3018 3035 3031 3025 3019 3027 3044 3026 3038 3016 3016 3025 3016 3014 3003 3008 2999 3004 3000 3003 3017 3008 3012 3002 3008 3013 3002 3005 3010 3015 3011 3002 2998 3003 3003 3007 3011 3007 2999 3005 2991 3012 2996 3004 2993 2992 2993 2995 2996 2995 2996 3011 3000 2994 2996 2991
3047 3061 3049 3042 3057 3032 3034 3025 3030 3015 3039 3028 3029 3025 3013 3022 3018 3029 3024 3016 3023 3011 3011 3007 3003 2986 3010 3012 3001 3028 3012 2999 3005 2997 2992 2994 2991 3000 3004 3018 3004 2999 2997 2999 3006 2994 2999 2983 3011 3008 3000 2987 2985 2992 2988 2987 2984 3004 2995 3011 3011 2990 3004 2983
3052 3048 3038 3034 3026 3034 3035 3033 3036 3023 3027 3013 3014 3033 3038 3017 3022 3013 3022 3014 3016 3010 3022 3020 3004 3001 2996 3011 3017 3008 3012 3010 3018 3021 2998 2997 3009 3011 3009 3005 3010 3005 3006 3003 2997 2987 2999 2989 3001 3004 2991 3008 2996 3003 2994 3005 3003 2997 3014 3009 2993 2999 2992 2999
3039 3019 3021 3029 3041 3021 3030 3021 3042 3034 3035 3028 3026 3011 3021 3019 3017 3016 3018 3026 3008 3022 3016 3014 3013 3006 3017 3019 3005 3015 3014 2999 3012 3016 2997 2992 3003 2998 3010 3002 3022 3016 3010 2984 2989 2990 2995 2997 2989 2997 3007 3015 3011 3002 2983 2988 2992 3009 3002 3004 2995 2998 2994 2997
3029 3020 3033 3029 3030 3037 3014 3034 3037 3035 3014 3025 3022 3019 3017 3008 3023 3026 3030 3013 3023 3014 3017 3012 3012 3001 3015 3013 3000 3014 3014 3022 2990 3006 3003 2997 2995 3003 3007 3000 3010 3007 3012 2993 3006 2992 2999 2987 3000 3002 3004 3008 2998 3003 2997 2994 3004 3006 2995 3004 2991 2992 2995 3001
3035 3023 3026 3022 3044 3049 3026 3024 3028 3031 3015 3014 3014 3016 3006 3010 3011 3024 3016 3013 3009 3002 3007 3005 3009 3006 3015 3022 3000 2993 2993 2991 3004 2997 2994 3006 3006 3004 3003 2999 3007 3000 3008 3003 3014 3012 3008 2995 2995 2999 3012 3019 3016 3002 2992 2995 3006 3001 3002 2994 2996 2989 2989 2995
3007 3002 2994 2996 2995 2996 2989 3000 2991 2995 2993 3000 2997 3007 2998 2998 3006 2989 2996 2998 2996 3000 3007 2996 2990 2983 3005 2991 2986 2989 3004 2977 2984 2988 3003 2977 3000 2992 2998 2988 2985 2996 2992 3000 3002 3011 3003 2999 2999 2981 2998 3001 3006 3001 3004 2979 3002 2995 2992 2989 3001 2996 2990 2979
2981 2967 2961 2954 2952 2966 2960 2968 2959 2959 2966 2988 2991 2974 2984 2962 2994 2988 2984 2978 2968 2966 2962 2972 2971 2978 2988 2980 2978 2983 2976 2988 2984 2968 2962 2979 2970 2974 2987 2979 2978 2989 2983 2996 2990 2982 2988 2982 2985 2990 2994 2995 3003 2992 2982 2985 3015 3003 2991 2988 2999 2985 2984 2991
2965 2963 2967 2973 2967 2964 2965 2957 2974 2963 2977 2976 2982 2971 2973 2977 2982 3001 2966 2977 2978 2973 2980 2993 2984 2978 2973 2989 2981 2989 2996 2971 2970 2981 2987 2976 2975 2976 2971 2982 2991 2989 2979 2984 2984 2985 2981 2981 2982 2988 2998 2990 3006 2996 2993 2999 2994 2993 2995 2987 2989 2988 2994 2981
2952 2963 2967 2977 2981 2988 2961 2963 2969 2980 2961 2977 2960 2965 2976 2971 2975 2980 2974 2974 2979 2979 2990 2989 2984 2981 2979 2985 2988 2980 2986 2982 2980 3000 2984 2975 2983 2991 2969 2967 2984 2997 2984 2984 2987 2988 2987 2997 2995 2989 2992 3004 2996 2994 3005 2994 2996 2990 2994 2986 3006 2990 2999 2992
2946 2960 2962 2989 2978 2962 2988 2983 2975 2976 2973 2982 2976 2981 2971 2967 2968 2986 2977 2980 2982 2993 2986 2988 2988 2982 2986 2990 2986 2985 2985 2980 2991 3002 2986 2985 2986 2995 2985 2994 2984 2992 2981 2982 2980 2977 2975 2990 2995 2992 2999 2981 2996 2997 2997 2987 2988 2991 2981 2985 3002 2989 2988 2997
2955 2971 2967 2985 2982 2983 2977 2979 2986 2973 2985 2983 2986 2984 2983 2979 2991 2988 2980 2989 2978 2983 2990 2988 2979 2978 2993 2999 2988 2986 2977 2981 2992 2993 2986 2978 2979 2989 2987 2992 2993 2983 3005 2998 2972 2981 2984 2981 3002 2996 2992 2993 2987 3002 2985 2997 2995 2992 2976 2992 2993 2985 2988 2992
2966 2972 2967 2979 2987 2974 2966 2981 2972 2983 2984 2981 2986 2989 2980 2986 2981 2985 3002 2980 2981 2989 2989 2981 2979 2992 3001 2991 2981 2991 2993 2998 2979 2989 2988 2982 2997 2991 2995 2992 2993 2983 2989 3004 2983 2986 2995 3001 2999 2993 2980 2995 2993 3007 2992 2994 2991 2991 3005 2995 2988 2991 2992 3001
2973 2980 2976 2976 2975 2977 2960 2972 2984 2994 2985 2977 2978 2986 2979 2979 2994 2994 2977 2985 2982 2984 2977 2981 2992 2983 2999 3000 2980 2987 2973 2974 2984 2987 2990 2987 2999 2991 2986 2986 2987 2989 2992 3002 2977 2980 2983 2995 2987 2982 2993 2994 2998 2996 3003 3001 3002 2995 2995 2998 2985 2993 2994 2995
2988 2999 2993 2983 2991 2971 2978 2971 2973 2972 2983 2987 2985 2990 2970 2990 2999 2996 2991 2987 2990 2993 2977 2982 2980 2979 2996 2987 2988 2982 2988 2989 2978 2995 2995 2995 3000 3002 3003 2985 2990 2995 3004 3003 2993 2987 2990 2995 3000 3000 2993 2987 3001 3002 2989 2993 2997 3002 3000 2977 3001 3007 2995 3000
2991 3005 2995 3004 3008 2996 2999 2997 2989 2988 2989 2999 2982 2981 2986 3001 2997 3002 2985 2990 2984 2986 2991 2970 2971 2971 2978 2992 2999 2995 2992 2992 2961 2979 2982 2982 3001 3000 2982 2984 2983 2992 2999 3002 2986 2988 2992 2999 2994 2987 2981 2975 2996 2990 2996 2991 2988 2975 2986 2990 2990 2992 2991 2976
3003 3001 3003 2994 3009 2994 2993 2997 3003 2991 2994 2986 2976 2981 3008 2995 2988 3003 3003 2986 2994 2981 2982 2976 2987 2987 2972 2983 2992 2987 2987 2986 2979 2986 2994 3003 2987 2994 2978 2978 2987 2997 3015 3005 3000 2995 3002 3000 2994 2990 2997 2991 2992 2991 3002 2998 2992 2997 2984 2980 3001 2996 2999 2983
3002 3006 2995 3009 3006 3002 2997 2988 2993 3001 2995 2995 2986 2999 2985 2990 3003 2997 2992 2976 2984 2995 2986 2988 3000 2995 2985 2984 2990 2997 3010 2996 3009 2991 2994 2994 2999 2994 2986 2996 2996 3005 3004 2998 2994 2990 2995 2999 2989 2991 2989 2988 2997 3004 2991 2995 2994 2997 3000 2994 2995 2988 2998 2994
3006 2995 2993 3018 3003 3004 2991 3008 2998 2995 2999 2983 2995 2996 2980 2987 2994 3003 2993 2998 2976 2972 2984 2991 2995 3010 2996 2995 2989 2989 2999 2998 2987 3002 3003 3006 3013 3002 2996 2988 3000 3003 3002 2992 2998 2993 2998 2986 2990 2981 2986 2989 2991 3001 2995 2999 2993 2992 2998 2999 2997 2993 2990 3002
2996 3001 2987 2995 3001 3002 3010 3001 3008 2986 2994 3002 3010 2999 2990 2988 2997 3003 3011 2995 2980 2991 2985 2995 2999 2992 2986 2987 2970 2998 2995 2982 3014 3000 2990 2988 3005 2993 3001 3005 3002 3011 3002 2995 2995 3000 2997 2978 2992 2999 3004 2983 2993 3010 3004 3016 3022 3000 2997 3011 3015 2994 2996 3001
3011 2991 2998 3004 3009 3013 3003 3002 3014 3006 2985 2991 2996 3011 2997 2999 3015 3018 2998 3003 2985 2986 2992 3003 3003 3005 3005 2994 2995 3003 3005 3003 3009 3014 3010 2997 3018 3001 3003 3014 3009 3007 3002 3012 3001 3006 3009 2994 3008 3011 3004 3002 3002 3014 3008 3002 3013 3008 3010 3006 3006 3001 3001 3009
3022 3022 3007 3016 3014 3014 3000 3010 3015 3018 3012 3010 3002 3010 3017 3004 3012 3019 3010 3013 3016 2995 2998 3002 3009 3010 3022 3008 3006 3006 3010 3015 3018 2998 3010 3019 3015 3015 3008 3003 3018 3008 3016 3011 3020 2998 3012 3012 3021 3020 3012 3019 3001 3017 3033 3021 3019 3023 3008 3006 3000 3008 2991 3003
3025 3014 3005 3006 3014 3010 2999 3014 3007 3016 3021 3011 3009 3009 3013 3009 3005 3003 3013 3006 3000 3001 3011 2991 3021 3013 3017 3003 2997 3015 3013 3009 3012 3015 3026 3010 3027 3007 3014 3029 3020 3025 3012 3004 3011 3012 3018 3023 3020 3022 3033 3017 3022 3014 3020 3014 3012 3016 3015 3004 3005 3003 3010 2998
3031 3019 3005 3017 3006 3007 2991 3005 3008 3002 3016 3009 3013 3022 3001 3007 3004 2990 2984 3003 3012 3011 3000 2999 3005 3010 3006 3012 3002 3005 3010 3012 3016 3035 3023 3023 3016 3008 3016 3029 3013 3029 3011 3006 2999 2997 3006 3009 3012 2996 3000 3004 3013 3004 3020 3013 3023 3008 2994 3001 3016 3016 3009 3013
3000 3006 3009 3017 2998 3000 2991 2995 2999 3005 3007 3009 3018 3012 2995 2983 3004 2993 2996 3000 2997 3003 2990 2999 2996 3008 3008 3017 3007 3013 2999 3026 3031 3026 3026 3031 3014 3026 3025 3005 3024 3014 3016 3013 3014 3015 2997 2998 3001 3000 3012 3000 3001 3004 3009 3014 3002 3010 2990 2993 3016 3011 3015 3009
3007 3010 3014 2988 2995 3008 2988 2997 2990 2996 2986 3000 2998 2993 2989 2996 3000 2986 2997 2986 3010 3002 2996 2996 2994 3005 3018 2999 3010 3014 3005 3027 3032 3030 3027 3034 3046 3032 3016 3012 3016 3017 3014 3013 3008 3005 2993 3003 2995 3016 3007 3012 2991 2994 2998 2995 2994 3003 2996 2996 2998 3009 3010 3008
2993 3007 3008 2998 2997 2989 3000 3000 2995 2984 2989 2983 2991 2994 2983 2972 2995 2990 2973 2977 3002 2999 2999 2995 2997 2998 3004 3039 3018 3015 3028 3014 3031 3048 3046 3047 3045 3038 3035 3035 3015 3016 3012 3011 3007 3013 3004 3000 3000 2999 2990 2994 2997 2991 2996 2977 2989 3004 2988 2984 2994 3006 2999 2999
3006 2997 3008 3014 3014 3000 2988 2975 2986 2998 2991 2995 2989 3004 2991 3000 3000 3000 2990 2991 2994 3001 3005 3005 3016 3010 3004 3012 3013 3016 3024 3019 3047 3038 3057 3048 3035 3050 3038 3023 3021 3020 3034 3021 3016 3012 2994 3010 3003 2992 2985 2983 2986 2997 2996 2995 2998 2997 3004 2973 2993 3003 2993 2988
2988 2995 3000 3009 3002 2991 2988 2998 2999 2999 3002 2984 2989 2991 2998 2990 2990 2994 2994 2992 2997 2991 2999 3003 3001 3009 3019 3006 3018 3020 3020 3046 3047 3050 3046 3049 3051 3053 3039 3033 3021 3024 3034 3027 3018 3009 3011 3012 3013 2998 2994 2980 2986 2993 3002 3000 3001 2994 2991 2988 2989 3004 2997 2995
2982 2984 2994 2990 3013 3015 2997 2992 2992 3003 2972 2986 3003 3000 2985 2987 2991 2986 2978 2989 3007 2999 2979 3006 3012 3009 3000 3024 3020 3014 3046 3037 3057 3056 3069 3078 3061 3047 3029 3030 3025 3031 3037 3016 3028 3018 3024 3010 3016 3017 3007 2986 2979 2983 2995 2999 2995 2994 3002 2986 2989 3007 2989 2982
2994 2991 2993 2994 3004 2987 2986 2982 2993 2977 2980 2986 3002 2994 2998 2988 2983 2983 2986 2992 2998 2995 3006 3004 3014 3015 3018 3015 3028 3030 3024 3037 3050 3069 3072 3071 3050 3056 3040 3048 3041 3023 3029 3023 3022 3015 3020 3015 3014 3009 2991 2981 2987 2986 2999 2991 2983 2985 2990 2999 2998 2984 2990 2991
2994 2990 2986 2985 3003 2987 2985 2999 2984 2990 2992 2985 3004 2984 2983 2975 2983 2992 2974 2986 2978 2983 2990 3002 3000 3015 3010 3022 3023 3035 3032 3039 3050 3054 3083 3079 3064 3054 3060 3060 3047 3047 3039 3035 3027 3025 3039 3050 3025 3019 3012 2996 2986 2989 2993 2995 2997 2987 2983 2996 2993 2982 2994 2984
3004 3000 2994 2994 2999 2999 3001 2997 2991 2979 2993 3004 3001 2987 2980 2989 2996 3006 2988 2993 2998 2992 2996 2988 3008 3018 3012 3020 3022 3047 3037 3030 3050 3068 3066 3080 3064 3062 3065 3060 3071 3049 3037 3023 3035 3046 3044 3040 3028 3018 3014 3016 2993 2991 3001 3002 2995 2996 2983 2996 2993 2989 2985 2995
3017 3019 3017 3003 3002 3013 3019 3013 3015 3009 3013 3004 3011 3016 3002 3003 3007 3008 2999 2992 3003 3019 3008 3018 3010 3013 3009 3012 3028 3044 3029 3038 3062 3075 3092 3106 3076 3077 3071 3051 3055 3063 3041 3036 3039 3045 3045 3043 3040 3038 3020 3016 3010 2998 3009 3007 3000 3005 2998 3005 2993 2996 2991 2997
3024 3013 3020 3003 3005 3008 3007 3007 2994 2994 3000 3010 3017 3005 3009 3006 3015 3012 3011 3012 3013 3011 3004 3012 3023 3024 3009 3033 3034 3030 3040 3046 3079 3081 3070 3075 3087 3072 3069 3070 3071 3065 3033 3050 3050 3062 3054 3053 3052 3038 3035 3030 3004 3007 2990 3009 3013 3002 3006 2993 2994 2994 3005 2995
3002 2998 3003 3002 2991 2999 3001 2998 2994 3002 2986 2998 2995 2995 3005 3000 3013 2998 2990 2981 2992 3002 2999 3019 3014 3018 3034 3027 3027 3037 3047 3055 3071 3074 3074 3080 3077 3066 3073 3063 3076 3061 3047 3055 3048 3057 3057 3056 3050 3047 3024 3026 3008 2997 2998 2992 2990 2993 2986 2988 2999 3000 3003 2993
2994 2984 2981 2992 2987 3005 2994 2988 2995 2979 2974 2989 2979 2994 2990 2994 3000 2983 2986 2991 2986 2986 2999 3013 3018 3013 3029 3027 3033 3033 3066 3064 3065 3082 3071 3070 3074 3061 3067 3070 3085 3075 3061 3050 3058 3054 3067 3060 3043 3044 3031 3014 3009 3000 2989 2989 2990 3002 3001 2995 3001 3006 2999 2996
2979 2981 3006 2991 3008 2995 2996 2995 2990 2988 2981 2973 2984 2999 2987 2982 2991 2972 2990 2982 2987 2978 2994 2995 3006 3012 3019 3033 3032 3049 3050 3065 3073 3079 3077 3083 3083 3077 3068 3069 3090 3074 3076 3058 3062 3069 3064 3064 3053 3040 3027 3014 2999 2998 2986 2991 2985 3001 2992 2977 2993 2982 2996 2980
2968 2997 3006 2997 2991 2981 2989 2981 2982 2981 2981 2979 2969 2970 2985 2982 2991 2987 2993 2989 2978 2994 2994 3012 3009 3023 3032 3043 3044 3055 3053 3070 3078 3073 3070 3083 3077 3072 3066 3070 3071 3071 3063 3061 3069 3070 3059 3057 3055 3035 3027 3002 3002 3002 3001 2976 3002 2997 2992 2993 3002 2991 2984 2979
2976 2981 2992 2996 2999 2982 2996 2993 2987 3000 2982 2976 2997 2980 2983 2986 2992 2982 2986 2983 2985 2986 2993 3001 3009 3017 3020 3042 3069 3057 3069 3076 3060 3077 3082 3075 3083 3082 3080 3075 3078 3077 3062 3063 3063 3070 3077 3078 3077 3026 3020 3005 2995 2994 2993 2991 2990 2986 2992 2995 2999 2998 2990 3004
2985 2967 2984 2986 2996 2991 2970 2984 2998 2997 2998 2992 2974 2999 2990 2993 2982 2987 2981 2982 2978 2975 2985 3008 3007 3034 3041 3045 3072 3078 3073 3082 3087 3081 3091 3073 3082 3077 3079 3097 3088 3090 3065 3078 3077 3064 3073 3085 3070 3044 3020 3006 3004 3002 2999 2994 2985 3007 2990 2997 3000 2998 3011 3010
2989 2987 2992 2982 2987 2991 2985 2986 2984 2987 2997 2995 2989 2993 2993 2980 2982 2987 2995 2972 2987 2992 2999 3011 3003 3017 3041 3063 3068 3068 3086 3077 3075 3080 3089 3089 3074 3082 3084 3095 3088 3089 3083 3093 3079 3081 3082 3075 3063 3052 3020 3017 2997 3014 3004 3000 3008 3001 2993 2993 3000 3000 3010 3002
2984 2988 2987 2987 2982 2984 2984 2985 2975 3002 2990 3004 2995 2986 2980 2987 2973 2982 2990 2986 2979 2991 3011 3004 3013 3015 3036 3047 3071 3077 3075 3072 3085 3078 3084 3085 3073 3067 3088 3085 3089 3079 3092 3078 3089 3090 3083 3078 3058 3039 3021 3018 3014 3007 3007 3008 3009 3002 3000 2996 2985 2997 2997 2991
2992 2984 2973 2981 2976 2985 2989 2988 2990 3001 2991 2996 3007 2995 2989 2979 2979 2985 2996 2989 2983 2984 2983 2997 2998 3019 3035 3069 3059 3067 3064 3071 3076 3083 3079 3078 3078 3091 3086 3074 3067 3076 3078 3092 3087 3085 3074 3075 3059 3028 3020 3019 3020 3004 2998 2992 3002 2986 2996 3004 2988 2999 2998 3008
2992 2989 2981 2984 2986 2981 2988 2988 2987 2982 2972 2986 2992 3000 2987 2989 2983 2989 2985 2980 2991 2980 2993 2999 2996 3015 3048 3060 3052 3070 3075 3060 3068 3077 3084 3087 3089 3095 3087 3074 3069 3059 3072 3077 3066 3086 3077 3069 3051 3031 3019 3018 3003 3006 3001 3003 2985 2996 2994 2996 2999 2990 2992 2994
2984 2979 2969 2980 2968 2991 2977 2997 2976 2981 2985 2978 2997 2984 2986 2977 2985 2983 2972 2985 2990 2984 3010 2986 2988 3004 3023 3036 3040 3063 3065 3081 3082 3065 3084 3076 3093 3081 3076 3064 3056 3071 3080 3064 3078 3084 3068 3073 3053 3016 3010 3015 3000 3005 2991 2979 3002 2991 2998 2997 2991 2971 2989 2984
2969 2974 2972 2980 2995 2983 2996 2987 2995 2980 2981 2980 2988 2983 2994 2988 2995 2980 2998 2985 2994 2988 2989 2988 2974 2991 3024 3033 3045 3068 3065 3067 3070 3066 3061 3072 3080 3080 3079 3066 3065 3065 3079 3078 3066 3060 3071 3071 3034 3011 3009 3019 3007 2998 2991 2988 2989 3003 2994 2998 2986 2991 2997 2989
2970 2974 2983 2976 2985 2982 2988 2989 2989 2985 2986 2977 3004 2988 2987 2967 2992 2983 2977 2991 2988 2983 2989 2993 3000 3005 3007 3039 3042 3062 3056 3065 3071 3080 3081 3077 3073 3078 3074 3076 3066 3078 3072 3089 3069 3053 3059 3042 3032 3000 3013 3017 3009 2997 2995 2996 2990 2987 3006 2996 2982 2983 2976 3004
2981 2983 2996 2987 2984 2993 2977 2986 2993 2976 2979 2982 2998 2986 2981 2995 2987 2988 2967 2976 2980 2980 2981 2996 2994 3010 3002 3017 3049 3052 3063 3069 3074 3077 3082 3083 3067 3077 3081 3090 3083 3075 3078 3076 3067 3074 3060 3032 3026 3007 2995 2988 3006 2994 3005 2977 2986 2988 2982 3003 2987 2990 2994 2992
2981 2976 2986 2991 2993 2986 2979 2974 2984 2981 2999 2997 2981 2996 2985 2986 2981 2983 2992 3002 2975 2991 2991 2995 2995 2993 2992 3018 3034 3068 3054 3069 3084 3083 3087 3084 3081 3079 3092 3084 3081 3079 3084 3094 3062 3065 3052 3039 3027 3014 3004 2994 2993 2998 2989 2994 2989 2975 2989 2995 2998 2987 2981 2987
2992 2997 2996 2986 3003 2994 2985 2989 2984 2984 2997 3003 2987 2978 2984 2974 2968 2977 2988 2978 2998 2982 2997 2986 2989 2984 3003 3010 3014 3040 3057 3061 3075 3073 3077 3082 3069 3085 3087 3086 3083 3078 3080 3066 3056 3059 3038 3029 3022 3004 2998 2996 3000 3000 2995 2993 2988 2984 2987 2987 2983 2985 2990 2987
2999 2987 2984 2986 2992 2989 2990 2987 2982 2987 2995 2995 2995 2988 2979 2978 2978 2977 2977 2986 2976 2993 3006 3005 3002 2988 2991 2999 3012 3033 3049 3063 3076 3070 3095 3090 3077 3067 3072 3084 3084 3081 3073 3080 3063 3052 3040 3028 3020 2992 2999 2994 2995 2981 2985 2995 3000 2985 2985 3015 2997 2991 2975 2982
2995 2985 2983 2975 2971 2982 2988 2994 2984 2988 2990 2996 3002 2997 2988 2993 2987 2975 2979 2982 2984 3004 2990 2997 2989 2982 2981 2998 3019 3027 3052 3056 3077 3080 3085 3099 3088 3073 3076 3068 3081 3064 3076 3077 3069 3052 3028 3000 3010 2999 2995 2985 3001 2989 2993 2991 2995 2999 2999 3008 3001 2990 2989 2984
2981 2991 2976 2979 2980 2997 2993 2988 2980 2988 2979 2992 2987 2988 2996 2989 2993 2970 2976 2972 2980 2992 2985 2978 2997 2989 2982 2991 2995 3028 3046 3071 3068 3066 3087 3085 3067 3071 3072 3075 3080 3074 3075 3071 3064 3053 3025 3018 3001 2993 2995 3002 3001 2994 2985 2992 2972 2987 2997 3007 3007 2975 2988 2974
2975 2979 2972 3001 3002 2989 2988 2992 2989 2978 2987 2971 2976 2987 2986 2983 2959 2986 2961 2984 2975 2974 2981 2989 2988 2997 2990 3002 3000 3006 3034 3069 3060 3060 3073 3073 3084 3083 3072 3081 3070 3088 3068 3056 3053 3041 3026 3017 2998 3002 3003 3009 2999 2999 2997 2986 2996 2989 2995 2994 2996 2973 2971 2985
2984 2999 2995 3007 2997 2994 2992 2983 2975 2965 2971 2991 2983 2992 2991 2992 2990 2985 2977 2981 2980 2981 2999 3003 2996 2998 3000 2991 2990 3012 3049 3067 3084 3080 3088 3075 3086 3076 3080 3083 3074 3075 3072 3060 3065 3047 3028 3015 3019 2992 3003 3004 3005 3003 3009 2999 3003 2993 2995 2992 2990 2992 3001 2986
2985 2999 3004 2996 3000 2990 2988 2990 2990 2984 2962 3000 2986 2991 2990 2989 2976 2979 2987 2999 2982 3002 2993 2992 3020 3004 3007 3009 2999 3022 3035 3058 3082 3077 3094 3076 3086 3086 3092 3087 3075 3077 3085 3076 3064 3062 3038 3021 3006 2998 3008 3014 3011 3016 3005 3004 2998 2994 3007 3003 3004 2999 2980 2984
2996 2995 2992 2990 3004 2999 2997 2994 2990 2993 2969 2993 2999 3000 2992 2988 2990 2997 2992 2999 3010 3002 2990 2995 3009 3019 3007 3014 3017 3030 3054 3075 3087 3096 3079 3066 3096 3079 3084 3087 3079 3087 3081 3094 3070 3065 3050 3032 3013 3015 3019 3007 2997 2997 3007 2997 3006 2995 2998 2998 2997 2991 3000 2984
3000 2993 2981 3001 2990 3014 2990 2996 2996 2996 2991 3003 3011 3003 2988 3003 2996 2987 2996 3016 3013 3009 2986 2997 3003 3005 3006 3009 3043 3044 3067 3082 3090 3076 3079 3063 3076 3090 3080 3079 3085 3089 3090 3085 3094 3069 3048 3023 3020 3012 3014 3024 3022 3004 3004 2999 3002 2997 3002 3005 2990 2990 2992 2998
2996 2997 2990 2989 2997 3002 2997 2998 3003 2996 2997 2995 2992 2994 2985 2997 3002 3001 3000 2997 3015 3016 3020 3014 3024 3019 3024 3031 3043 3061 3066 3068 3079 3078 3077 3081 3085 3084 3082 3088 3083 3088 3100 3090 3093 3078 3067 3043 3032 3017 3029 3027 3026 3010 3021 3004 3009 3001 2994 3003 3005 2995 2996 2987
2994 2996 2992 2995 2995 3002 2996 2997 3001 2997 2984 2991 2998 2990 2988 3010 3001 2998 2999 3021 3003 3019 3039 3029 3028 3031 3043 3052 3075 3076 3056 3065 3061 3086 3067 3089 3079 3089 3078 3079 3091 3097 3100 3104 3109 3098 3081 3069 3057 3034 3031 3031 3033 3013 3019 3004 3018 3018 3020 3003 2995 3023 2998 2992
2980 2989 2987 2978 2993 3002 2993 3005 2997 2992 3002 2993 2982 2988 3013 2995 3017 3016 3020 3020 3019 3039 3035 3036 3033 3038 3041 3053 3060 3066 3067 3077 3075 3081 3072 3086 3078 3080 3086 3092 3091 3089 3100 3080 3085 3078 3076 3058 3059 3049 3035 3039 3042 3035 3019 3026 3032 3025 3026 3005 3010 3020 2998 3014
2977 2971 2983 2981 2987 2989 3012 2988 2996 2988 2990 2977 2974 2990 3018 3015 3023 3032 3028 3048 3050 3042 3050 3054 3047 3044 3036 3049 3059 3067 3075 3070 3058 3081 3081 3087 3084 3087 3085 3075 3089 3090 3075 3075 3080 3078 3069 3057 3052 3075 3058 3054 3044 3048 3031 3034 3033 3053 3037 3021 3021 3011 3015 3007
