3074 3059 3073 3053 3048 3060 3061 3050 3055 3049 3047 3039 3050 3041 3046 3053 3047 3044 3049 3051 3053 3046 3048 3050 3035 3036 3028 3031 3040 3029 3023 3021 3028 3018 3026 3041 3037 3030 3036 3037 3019 3019 3015 3029 3030 3028 3019 3037 3034 3036 3029 3035 3013 3026 3027 3029 3020 3024 3022 2992 3021 3015 3020 3012
3071 3062 3054 3069 3050 3050 3067 3057 3050 3046 3044 3060 3059 3042 3038 3047 3036 3041 3042 3044 3040 3039 3043 3037 3045 3040 3034 3037 3038 3026 3031 3030 3034 3026 3031 3020 3033 3041 3022 3028 3021 3022 3007 3027 3024 3030 3039 3010 3026 3026 3018 3031 3023 3018 3022 3029 3021 3013 3020 3012 3029 3029 3027 3024
3064 3071 3067 3063 3060 3064 3061 3053 3039 3050 3046 3058 3052 3052 3043 3049 3044 3036 3022 3040 3033 3056 3047 3044 3041 3030 3024 3025 3023 3021 3036 3027 3038 3040 3025 3026 3027 3022 3029 3030 3038 3018 3013 3024 3035 3032 3020 3018 3020 3022 3023 3016 3026 3028 3040 3033 3015 3013 3011 3015 3030 3013 3013 3024
3055 3050 3057 3059 3052 3058 3064 3055 3053 3049 3044 3047 3044 3045 3056 3049 3029 3022 3030 3019 3027 3024 3031 3032 3022 3025 3020 3013 3028 3028 3034 3032 3025 3046 3013 3030 3033 3028 3018 3028 3039 3030 3023 3025 3023 3040 3027 3019 3021 3033 3022 3011 3024 3019 3031 3038 3027 3008 3022 3026 3024 3030 3017 3014
3063 3050 3049 3056 3054 3058 3053 3069 3063 3064 3038 3036 3044 3043 3050 3044 3040 3027 3025 3038 3031 3027 3015 3031 3015 3000 3002 3020 3022 3019 3029 3027 3041 3026 3023 3021 3019 3022 3024 3034 3033 3024 3045 3034 3042 3042 3037 3025 3034 3035 3031 3026 3039 3025 3036 3018 3013 3014 3015 3009 3011 3020 3015 3009
3066 3044 3058 3055 3049 3041 3049 3056 3051 3035 3035 3039 3040 3038 3037 3035 3038 3024 3025 3038 3038 3027 3023 3021 3024 3012 3007 3018 3028 3032 3030 3028 3031 3034 3023 3031 3037 3026 3030 3041 3034 3029 3016 3028 3050 3042 3040 3029 3020 3023 3026 3021 3022 3024 3033 3030 3027 3017 3014 3020 3008 3017 3010 3008
3053 3054 3053 3052 3049 3045 3056 3039 3024 3040 3048 3045 3038 3029 3034 3034 3030 3042 3035 3044 3033 3041 3031 3023 3025 3022 3033 3011 3033 3026 3027 3040 3037 3038 3038 3031 3040 3047 3024 3026 3029 3034 3021 3017 3031 3048 3031 3028 3031 3032 3019 3030 3016 3025 3027 3016 3018 3029 3023 3008 3013 3008 3017 3008
3032 3024 3035 3025 3027 3024 3012 3018 3024 3029 3014 3022 3026 3025 3016 3019 3010 3016 3020 3008 3017 3014 3031 3014 3014 3023 3022 3030 3040 3024 3025 3023 3029 3037 3026 3026 3028 3028 3027 3024 3029 3032 3032 3028 3035 3028 3038 3032 3021 3023 3029 3032 3023 3021 3024 3013 3013 3016 3010 3017 3023 3013 3019 3029
2999 2989 2970 2980 2986 2992 3001 2989 2992 3001 2986 2997 3004 3002 2998 3000 3002 3005 3010 3001 2998 3000 2999 3005 2999 3004 3013 3017 3014 3020 3022 3017 3025 3018 3016 3030 3023 3023 3029 3034 3024 3019 3022 3010 3031 3045 3040 3020 3032 3013 3028 3023 3029 3021 3019 3012 3016 3008 3009 3018 3009 3018 3029 3032
2983 2983 2977 2983 3002 2991 2989 3000 3010 3008 3005 3006 2999 3010 3001 2994 3001 3000 3004 3010 2997 3013 3013 3000 3009 3026 3021 3031 3024 3020 3021 3032 3022 3027 3033 3020 3023 3038 3024 3035 3033 3042 3040 3026 3024 3042 3040 3038 3027 3032 3031 3037 3039 3033 3018 3018 3008 3005 3002 3005 2997 3009 3023 3020
2967 2978 2988 2989 2993 2985 2991 2998 3018 3028 3045 3041 3020 3024 2996 2997 3000 2996 3006 3006 3013 3016 3006 3012 3021 3027 3015 3023 3018 3027 3030 3027 3032 3029 3041 3034 3027 3038 3022 3025 3035 3019 3029 3029 3022 3037 3041 3043 3042 3035 3026 3038 3029 3024 3033 3030 3016 3013 3000 3000 2999 3014 3007 3014
2978 2988 2992 2996 2989 2997 2987 3003 3020 3037 3053 3050 3041 3027 3007 3016 3010 3009 2997 2999 3001 3010 3020 3023 3032 3025 3034 3033 3034 3023 3031 3028 3032 3021 3032 3025 3040 3030 3024 3038 3032 3037 3035 3041 3035 3047 3052 3052 3052 3035 3045 3036 3041 3024 3030 3026 3007 3012 3013 3008 3005 3013 3013 3020
3000 2998 3002 2988 2991 2995 2999 3018 3032 3042 3063 3074 3062 3047 3044 3023 3017 3002 3004 2996 2989 3002 3014 3023 3024 3030 3046 3025 3037 3024 3032 3020 3027 3031 3030 3031 3035 3020 3031 3040 3042 3024 3037 3049 3050 3041 3059 3056 3040 3030 3041 3035 3010 3025 3030 3028 3022 3025 3019 3015 3021 3021 3013 3017
3001 2998 2995 2992 2989 2987 3013 3004 3034 3052 3068 3063 3070 3056 3061 3045 3013 3012 3007 3004 2997 3006 3008 3011 3025 3024 3046 3033 3019 3038 3028 3035 3018 3037 3021 3038 3031 3022 3030 3021 3024 3045 3028 3042 3044 3064 3057 3054 3045 3022 3039 3028 3030 3030 3027 3024 3024 3017 3025 3024 3017 3005 3024 3007
2987 2991 3002 2993 2977 3002 2998 3000 3016 3037 3068 3079 3077 3074 3060 3046 3016 3018 3002 3001 2996 2994 3002 3027 3037 3046 3043 3045 3028 3033 3035 3027 3023 3011 3023 3043 3031 3027 3018 3032 3040 3047 3043 3054 3051 3054 3062 3063 3043 3049 3034 3050 3041 3045 3042 3045 3030 3030 3011 3024 3011 3011 3009 3030
2994 2986 3010 3004 2999 2991 2997 3010 3016 3049 3062 3076 3078 3074 3072 3045 3028 3013 3005 3000 3008 3006 3010 3025 3033 3035 3030 3044 3040 3026 3039 3037 3029 3024 3034 3053 3034 3037 3027 3020 3029 3048 3046 3042 3047 3060 3058 3051 3034 3039 3043 3045 3036 3062 3042 3035 3031 3022 3027 3019 3017 3005 3022 3024
3010 3004 3019 3010 2995 2985 2991 3012 3011 3050 3047 3074 3098 3096 3085 3074 3035 3016 3003 3003 3008 3010 3022 3033 3032 3040 3041 3042 3052 3043 3030 3036 3046 3034 3047 3031 3028 3051 3041 3024 3029 3045 3043 3042 3064 3068 3059 3044 3043 3050 3040 3056 3054 3051 3047 3040 3037 3028 3037 3025 3013 3014 3021 3023
3001 3008 2998 3003 3007 2998 3006 3007 3025 3043 3045 3075 3102 3100 3100 3067 3045 3014 3011 3013 3007 3013 3024 3034 3025 3036 3058 3050 3058 3052 3030 3035 3048 3042 3040 3032 3040 3037 3039 3036 3032 3055 3061 3064 3082 3077 3084 3057 3063 3052 3061 3064 3047 3047 3049 3048 3052 3019 3033 3025 3018 3030 3011 3033
2987 3001 3004 3005 3021 3006 3004 3005 3034 3039 3074 3083 3092 3086 3093 3074 3057 3034 3013 3015 2990 3004 3023 3018 3029 3043 3053 3043 3031 3039 3038 3043 3039 3042 3037 3035 3053 3044 3035 3034 3044 3054 3080 3075 3086 3079 3087 3092 3083 3085 3077 3061 3059 3064 3056 3052 3052 3029 3042 3041 3045 3038 3044 3048
2998 2986 3015 3012 3015 3006 3010 3001 3015 3039 3082 3078 3076 3095 3084 3081 3046 3017 3011 3008 2996 3005 3018 3018 3029 3046 3053 3051 3029 3050 3035 3039 3045 3031 3027 3034 3045 3046 3034 3051 3069 3070 3068 3084 3085 3084 3094 3093 3078 3081 3068 3061 3071 3066 3062 3063 3073 3064 3065 3052 3045 3027 3028 3035
2996 3001 3004 3023 3019 3015 3001 3012 3016 3048 3076 3089 3088 3096 3068 3070 3067 3023 3005 3005 3004 3008 2999 3015 3034 3034 3057 3059 3057 3047 3032 3052 3056 3047 3047 3051 3044 3047 3054 3058 3076 3080 3080 3100 3080 3083 3092 3086 3086 3085 3100 3075 3087 3095 3076 3082 3078 3072 3090 3090 3061 3050 3037 3040
2991 3012 3014 3018 3020 3012 3003 3015 3026 3050 3067 3082 3095 3079 3084 3061 3042 3028 3008 2999 3004 3002 3000 3027 3049 3064 3066 3070 3062 3056 3039 3058 3052 3046 3061 3064 3057 3071 3065 3068 3077 3090 3081 3082 3099 3099 3095 3089 3098 3094 3083 3088 3091 3090 3088 3081 3086 3094 3087 3091 3068 3059 3056 3038
2991 2999 3013 3009 3010 3006 3013 3014 3028 3045 3077 3087 3081 3087 3075 3057 3041 3022 3001 3000 3009 2994 3001 3031 3059 3075 3056 3054 3065 3058 3050 3064 3066 3072 3066 3064 3074 3078 3074 3088 3096 3096 3084 3083 3082 3083 3108 3111 3089 3082 3092 3095 3086 3091 3088 3085 3092 3096 3093 3082 3078 3072 3081 3076
3012 3004 3019 3008 3015 3012 3002 3003 3018 3061 3077 3090 3105 3087 3064 3059 3060 3040 3020 3004 3020 3007 3013 3029 3037 3057 3071 3069 3074 3058 3077 3081 3071 3081 3077 3090 3085 3093 3094 3089 3087 3092 3087 3094 3087 3090 3095 3088 3087 3105 3102 3099 3095 3091 3099 3088 3108 3112 3092 3092 3089 3069 3093 3072
3006 3025 3018 3015 3028 3021 3009 2999 3034 3063 3090 3104 3090 3092 3090 3077 3064 3023 3009 3012 3000 3022 3007 3031 3059 3064 3062 3070 3063 3072 3070 3062 3074 3086 3085 3094 3098 3105 3091 3092 3094 3072 3097 3088 3087 3091 3076 3101 3102 3085 3100 3102 3092 3100 3091 3095 3123 3098 3088 3088 3096 3092 3074 3097
3017 3014 3011 3019 3030 3011 3015 3023 3052 3069 3093 3093 3094 3086 3091 3078 3068 3037 3021 3004 3010 3017 3029 3037 3051 3065 3075 3068 3082 3078 3073 3077 3088 3087 3088 3097 3101 3098 3107 3104 3093 3092 3085 3091 3097 3080 3077 3073 3085 3098 3092 3106 3092 3090 3101 3099 3091 3116 3100 3083 3103 3104 3098 3081
3016 3016 3028 3016 3003 3023 3031 3037 3060 3071 3102 3103 3100 3082 3097 3091 3067 3055 3021 3027 3029 3026 3031 3051 3064 3074 3065 3073 3077 3077 3068 3084 3085 3088 3105 3108 3096 3089 3093 3084 3100 3095 3084 3094 3092 3109 3094 3090 3079 3094 3095 3123 3100 3099 3086 3115 3094 3100 3099 3091 3096 3104 3096 3071
3011 3022 3018 3012 3009 3017 3040 3061 3081 3085 3099 3076 3083 3091 3092 3091 3077 3055 3031 3037 3027 3041 3056 3057 3078 3084 3088 3083 3083 3078 3078 3091 3090 3094 3096 3089 3102 3098 3098 3092 3093 3087 3103 3106 3086 3106 3086 3097 3091 3101 3100 3097 3096 3092 3094 3098 3107 3111 3107 3099 3101 3105 3088 3106
3019 3016 3032 3024 3018 3014 3035 3056 3110 3089 3083 3069 3082 3092 3101 3097 3086 3077 3071 3061 3057 3056 3073 3092 3085 3095 3079 3088 3091 3081 3083 3096 3085 3093 3092 3100 3089 3095 3089 3078 3092 3096 3104 3112 3095 3099 3095 3111 3093 3109 3108 3096 3109 3104 3099 3098 3104 3113 3090 3089 3094 3093 3095 3111
3016 3019 3009 3019 3021 3026 3043 3055 3094 3097 3093 3085 3075 3084 3085 3092 3076 3091 3085 3069 3070 3085 3084 3079 3083 3087 3081 3084 3086 3092 3076 3087 3097 3092 3087 3104 3098 3083 3100 3096 3091 3107 3109 3091 3094 3100 3087 3109 3103 3107 3090 3084 3106 3097 3104 3091 3105 3109 3106 3101 3082 3101 3106 3109
3014 3011 3036 3021 3037 3027 3041 3057 3095 3097 3085 3078 3078 3077 3092 3096 3080 3087 3111 3096 3078 3080 3084 3081 3083 3082 3071 3081 3085 3083 3084 3082 3093 3082 3096 3084 3096 3102 3111 3086 3088 3088 3108 3089 3108 3096 3101 3083 3097 3092 3097 3092 3101 3101 3101 3099 3110 3089 3098 3095 3098 3096 3094 3103
3013 3018 3030 3013 3019 3031 3037 3070 3092 3092 3093 3099 3075 3083 3101 3095 3089 3085 3102 3097 3085 3075 3087 3083 3084 3079 3085 3080 3075 3070 3086 3085 3088 3092 3086 3100 3077 3098 3083 3089 3091 3099 3105 3091 3090 3093 3095 3098 3095 3105 3102 3091 3088 3100 3097 3088 3100 3098 3087 3094 3088 3097 3088 3090
3012 3011 3016 3020 3003 3033 3050 3067 3095 3099 3101 3094 3088 3095 3096 3090 3083 3098 3085 3094 3076 3083 3088 3083 3091 3086 3094 3078 3089 3082 3093 3084 3093 3091 3076 3077 3076 3084 3093 3093 3092 3099 3101 3106 3095 3095 3102 3098 3097 3090 3095 3096 3100 3098 3100 3111 3097 3103 3094 3092 3095 3100 3099 3073
3003 3019 3024 3027 3016 3032 3054 3059 3089 3103 3092 3084 3090 3078 3093 3094 3084 3088 3079 3076 3089 3087 3083 3087 3096 3093 3073 3091 3082 3086 3081 3082 3087 3088 3088 3084 3083 3077 3109 3092 3089 3104 3090 3099 3100 3098 3095 3092 3101 3091 3090 3099 3082 3097 3103 3093 3091 3094 3092 3103 3096 3091 3071 3061
3003 3016 3010 3021 3031 3028 3054 3074 3087 3089 3089 3083 3095 3084 3080 3093 3092 3084 3081 3075 3088 3091 3087 3088 3099 3091 3080 3075 3090 3089 3086 3089 3073 3078 3081 3090 3088 3080 3094 3087 3087 3091 3110 3100 3098 3087 3095 3097 3095 3099 3108 3104 3096 3095 3086 3076 3098 3099 3095 3099 3092 3075 3074 3044
3019 3001 3016 3022 3020 3030 3051 3063 3086 3077 3075 3079 3098 3090 3096 3098 3096 3076 3074 3082 3096 3079 3078 3094 3093 3102 3087 3088 3079 3076 3078 3084 3076 3080 3097 3089 3094 3084 3071 3076 3088 3101 3099 3096 3092 3096 3083 3099 3090 3097 3097 3097 3095 3104 3097 3097 3090 3094 3101 3102 3087 3071 3047 3039
3005 3003 3006 3016 3031 3040 3053 3072 3092 3074 3076 3085 3085 3090 3082 3087 3066 3075 3075 3087 3092 3103 3095 3085 3103 3087 3081 3075 3071 3075 3073 3072 3083 3075 3088 3086 3085 3083 3089 3102 3099 3087 3095 3108 3091 3074 3076 3082 3098 3088 3099 3076 3093 3087 3089 3099 3093 3089 3106 3098 3073 3055 3052 3053
2997 3009 3009 3011 3032 3052 3072 3071 3074 3077 3066 3073 3090 3077 3066 3086 3081 3084 3079 3082 3093 3092 3096 3100 3099 3090 3095 3080 3082 3077 3071 3075 3081 3080 3086 3083 3081 3083 3097 3088 3096 3085 3093 3101 3083 3088 3087 3088 3079 3084 3083 3082 3091 3084 3107 3094 3097 3097 3091 3084 3077 3055 3051 3040
3007 3017 3011 3029 3026 3061 3086 3078 3091 3088 3078 3084 3085 3075 3084 3076 3074 3099 3084 3080 3088 3088 3077 3091 3081 3088 3091 3091 3094 3078 3074 3094 3086 3084 3090 3088 3096 3089 3069 3084 3094 3090 3091 3094 3092 3095 3093 3083 3087 3099 3086 3100 3095 3091 3104 3092 3082 3097 3076 3092 3074 3057 3033 3034
3015 3009 3026 3025 3032 3060 3086 3080 3088 3077 3098 3080 3074 3078 3087 3064 3089 3083 3085 3084 3096 3091 3094 3088 3079 3092 3082 3091 3096 3096 3088 3076 3076 3079 3088 3078 3086 3086 3090 3085 3091 3092 3092 3084 3098 3101 3085 3081 3093 3090 3088 3106 3098 3108 3095 3084 3095 3081 3084 3084 3070 3041 3032 3031
3000 3005 3011 3034 3028 3059 3084 3085 3077 3075 3079 3078 3075 3089 3093 3080 3076 3089 3082 3080 3078 3088 3088 3096 3085 3071 3071 3093 3092 3102 3084 3083 3085 3077 3083 3093 3081 3092 3093 3096 3093 3092 3089 3090 3092 3089 3096 3083 3079 3090 3092 3090 3080 3099 3082 3100 3096 3085 3071 3070 3051 3039 3040 3032
3003 3012 3007 3025 3040 3057 3092 3088 3080 3083 3092 3087 3089 3085 3088 3092 3077 3085 3103 3095 3088 3081 3086 3098 3089 3093 3085 3099 3096 3097 3074 3076 3081 3093 3089 3083 3085 3093 3093 3103 3090 3090 3081 3087 3094 3090 3083 3077 3076 3080 3091 3086 3090 3084 3084 3090 3082 3092 3077 3058 3033 3033 3033 3043
3001 3009 3012 3033 3040 3069 3089 3082 3076 3085 3084 3077 3082 3081 3096 3094 3085 3091 3083 3083 3094 3087 3087 3086 3082 3090 3094 3082 3097 3088 3104 3101 3098 3090 3086 3092 3093 3091 3078 3077 3100 3084 3092 3090 3094 3104 3092 3095 3093 3093 3086 3083 3092 3094 3096 3081 3082 3081 3053 3033 3024 3037 3034 3007
3012 3026 3031 3043 3055 3069 3093 3084 3091 3071 3087 3080 3087 3091 3087 3088 3094 3089 3091 3091 3082 3096 3095 3080 3088 3097 3097 3088 3096 3082 3101 3095 3087 3099 3087 3077 3084 3094 3083 3094 3077 3085 3088 3089 3086 3085 3085 3099 3094 3102 3093 3094 3088 3093 3084 3090 3078 3059 3043 3023 3018 3022 3027 3021
3016 3029 3041 3051 3068 3075 3079 3083 3071 3087 3072 3073 3093 3093 3094 3092 3091 3093 3071 3070 3086 3102 3081 3080 3082 3092 3106 3096 3097 3088 3096 3090 3084 3093 3073 3075 3090 3092 3090 3098 3082 3082 3099 3112 3092 3101 3095 3085 3098 3099 3095 3091 3089 3102 3085 3084 3051 3044 3030 3032 3020 3041 3013 3020
3015 3035 3040 3055 3061 3066 3085 3073 3069 3085 3077 3087 3070 3084 3082 3092 3079 3077 3074 3074 3087 3079 3084 3077 3103 3088 3091 3094 3095 3069 3087 3074 3081 3076 3075 3065 3096 3090 3091 3098 3069 3087 3100 3098 3096 3097 3104 3103 3099 3116 3100 3090 3086 3083 3053 3059 3046 3034 3028 3016 3017 3021 3013 3008
3027 3044 3048 3057 3067 3073 3075 3065 3083 3092 3099 3076 3080 3085 3101 3081 3086 3075 3072 3074 3068 3081 3097 3094 3090 3096 3101 3087 3100 3095 3091 3079 3084 3089 3098 3099 3086 3085 3079 3095 3074 3085 3090 3112 3094 3104 3092 3084 3082 3097 3092 3085 3059 3060 3055 3038 3038 3027 3021 3029 3003 3020 3000 3012
3028 3045 3066 3065 3062 3070 3088 3084 3093 3093 3092 3078 3085 3088 3086 3075 3090 3074 3076 3085 3071 3080 3095 3105 3091 3105 3086 3085 3093 3105 3087 3081 3072 3072 3083 3103 3087 3094 3089 3088 3093 3089 3090 3100 3102 3109 3099 3105 3097 3090 3072 3076 3053 3040 3026 3030 3028 3019 3010 3021 3019 3016 3011 3006
3034 3042 3072 3065 3076 3103 3090 3077 3093 3094 3105 3089 3087 3090 3087 3086 3091 3084 3082 3077 3086 3084 3086 3086 3096 3102 3108 3100 3095 3083 3085 3089 3081 3091 3092 3096 3105 3096 3102 3094 3089 3099 3103 3095 3094 3103 3109 3087 3074 3074 3069 3068 3040 3032 3034 3017 3019 3026 3020 3022 3011 3000 3012 3005
3036 3053 3076 3085 3090 3085 3089 3082 3081 3082 3086 3094 3082 3084 3090 3088 3095 3093 3087 3080 3092 3099 3090 3083 3085 3091 3110 3087 3087 3097 3088 3095 3083 3077 3093 3089 3092 3101 3096 3110 3075 3095 3091 3090 3091 3096 3086 3088 3080 3067 3045 3038 3028 3039 3045 3036 3029 3022 3022 3025 3020 3008 3012 3005
3049 3065 3071 3088 3080 3076 3080 3085 3083 3083 3066 3091 3091 3089 3088 3087 3084 3091 3077 3091 3088 3083 3077 3089 3081 3095 3095 3096 3081 3087 3092 3093 3075 3085 3083 3089 3105 3072 3083 3096 3098 3082 3096 3105 3099 3091 3077 3078 3066 3060 3063 3067 3039 3047 3056 3039 3044 3039 3027 3036 3031 3030 3020 3012
3058 3071 3075 3075 3086 3080 3075 3081 3076 3071 3088 3076 3079 3087 3091 3091 3088 3087 3083 3093 3090 3100 3102 3101 3112 3100 3089 3088 3092 3087 3079 3082 3089 3098 3095 3095 3091 3090 3092 3075 3085 3087 3090 3101 3089 3095 3085 3074 3059 3050 3053 3056 3044 3058 3049 3044 3049 3052 3054 3063 3062 3041 3031 3022
3075 3075 3084 3076 3078 3088 3084 3089 3071 3081 3089 3087 3084 3091 3080 3079 3093 3088 3097 3094 3089 3107 3098 3097 3108 3092 3098 3092 3078 3089 3084 3080 3092 3089 3091 3081 3079 3078 3090 3091 3095 3082 3085 3091 3091 3076 3072 3071 3076 3047 3066 3069 3064 3062 3064 3048 3046 3045 3059 3059 3062 3052 3034 3038
3082 3080 3092 3080 3070 3078 3100 3091 3087 3077 3081 3077 3087 3099 3093 3086 3101 3102 3098 3093 3098 3090 3109 3100 3091 3098 3090 3093 3104 3097 3092 3085 3082 3091 3098 3098 3085 3075 3097 3105 3103 3102 3086 3080 3078 3058 3085 3074 3070 3059 3062 3051 3068 3044 3069 3054 3057 3056 3049 3057 3069 3035 3056 3041
3075 3076 3080 3079 3085 3081 3082 3095 3077 3086 3090 3099 3084 3087 3090 3080 3079 3086 3086 3086 3084 3077 3082 3102 3099 3090 3104 3097 3110 3101 3091 3077 3091 3096 3099 3099 3088 3083 3074 3091 3096 3091 3092 3073 3072 3068 3066 3073 3063 3084 3064 3059 3054 3071 3061 3067 3051 3055 3056 3060 3057 3037 3049 3051
3068 3079 3084 3095 3073 3073 3078 3082 3077 3092 3084 3082 3095 3082 3097 3086 3096 3086 3079 3088 3082 3093 3076 3085 3104 3104 3101 3108 3099 3103 3082 3091 3101 3098 3081 3089 3098 3092 3082 3086 3085 3086 3066 3065 3063 3059 3075 3076 3067 3070 3064 3065 3064 3056 3062 3048 3044 3047 3056 3059 3050 3057 3062 3066
3086 3092 3085 3097 3090 3087 3084 3086 3081 3086 3106 3100 3098 3083 3096 3091 3100 3088 3086 3097 3105 3089 3093 3099 3107 3106 3093 3105 3105 3096 3094 3095 3100 3097 3103 3091 3084 3082 3087 3078 3072 3087 3077 3074 3060 3070 3076 3062 3064 3068 3063 3070 3073 3071 3070 3063 3054 3049 3053 3047 3071 3066 3069 3076
3098 3103 3092 3104 3096 3079 3062 3079 3093 3090 3089 3091 3104 3098 3100 3101 3090 3098 3090 3100 3105 3108 3103 3090 3099 3099 3092 3091 3100 3085 3088 3097 3100 3087 3098 3105 3092 3087 3095 3077 3084 3079 3077 3082 3067 3073 3070 3069 3084 3061 3075 3089 3077 3069 3073 3068 3054 3054 3059 3049 3063 3073 3080 3082
3098 3088 3087 3105 3096 3101 3100 3081 3081 3102 3078 3098 3108 3098 3099 3101 3105 3100 3083 3103 3108 3097 3095 3091 3102 3098 3084 3113 3105 3085 3074 3097 3093 3093 3075 3091 3081 3085 3095 3078 3066 3070 3079 3071 3074 3085 3071 3057 3070 3066 3083 3070 3068 3068 3066 3066 3061 3052 3068 3073 3061 3079 3061 3071
3091 3086 3097 3104 3088 3092 3097 3093 3092 3099 3091 3090 3107 3107 3090 3102 3108 3100 3105 3100 3113 3114 3086 3092 3091 3091 3096 3105 3100 3094 3086 3106 3093 3086 3083 3082 3085 3091 3092 3086 3079 3074 3078 3080 3070 3083 3080 3062 3066 3063 3072 3088 3072 3056 3057 3054 3051 3053 3054 3060 3061 3069 3066 3061
3112 3102 3106 3095 3089 3094 3102 3088 3084 3096 3095 3094 3109 3099 3101 3100 3100 3097 3110 3100 3113 3103 3095 3097 3095 3089 3101 3076 3089 3090 3082 3077 3086 3083 3080 3087 3073 3077 3079 3071 3070 3068 3071 3080 3082 3068 3079 3068 3075 3066 3068 3066 3069 3069 3061 3058 3068 3056 3064 3062 3063 3076 3060 3058
3118 3112 3101 3100 3090 3082 3074 3078 3065 3091 3097 3097 3109 3096 3087 3083 3106 3105 3112 3103 3104 3087 3102 3092 3090 3087 3087 3080 3087 3075 3078 3060 3068 3061 3063 3064 3070 3059 3064 3065 3057 3063 3077 3074 3078 3072 3085 3073 3066 3068 3052 3061 3050 3066 3059 3057 3064 3064 3062 3058 3056 3071 3080 3072
3098 3107 3110 3106 3095 3095 3085 3078 3090 3085 3094 3100 3105 3105 3094 3101 3114 3109 3087 3109 3089 3089 3089 3083 3096 3093 3086 3086 3072 3079 3076 3074 3071 3061 3069 3076 3066 3075 3062 3075 3073 3062 3072 3058 3064 3064 3068 3076 3067 3069 3068 3064 3071 3085 3059 3052 3069 3058 3055 3050 3050 3062 3072 3063
3117 3101 3091 3097 3099 3090 3081 3078 3094 3096 3093 3086 3093 3085 3085 3100 3095 3103 3074 3070 3082 3085 3075 3095 3093 3089 3090 3068 3066 3072 3067 3069 3061 3072 3060 3076 3063 3082 3066 3075 3076 3087 3067 3054 3065 3060 3080 3067 3064 3063 3055 3057 3085 3078 3083 3066 3061 3062 3060 3043 3056 3047 3057 3067
