3076 3080 3084 3079 3073 3065 3056 3057 3059 3063 3067 3060 3050 3056 3066 3059 3048 3048 3051 3049 3044 3039 3034 3041 3055 3054 3042 3037 3038 3037 3035 3034 3035 3036 3039 3039 3036 3031 3024 3020 3023 3026 3028 3029 3028 3027 3026 3027 3028 3031 3034 3037 3041 3045 3050 3053 3049 3045 3046 3047 3052 3056 3046 3037 
3070 3072 3074 3067 3060 3057 3055 3056 3057 3059 3062 3057 3049 3054 3061 3055 3046 3047 3052 3050 3045 3041 3039 3042 3048 3047 3041 3040 3042 3043 3045 3044 3041 3039 3037 3036 3036 3034 3031 3029 3032 3035 3036 3035 3030 3027 3029 3030 3030 3030 3034 3038 3041 3044 3047 3050 3048 3047 3048 3050 3052 3054 3052 3050 
3064 3064 3064 3056 3047 3050 3054 3054 3055 3056 3057 3053 3049 3052 3057 3052 3043 3046 3054 3051 3045 3043 3044 3043 3041 3041 3041 3043 3046 3050 3055 3054 3047 3041 3035 3033 3036 3038 3038 3039 3042 3044 3044 3041 3032 3026 3031 3034 3031 3029 3035 3039 3041 3042 3045 3047 3048 3048 3051 3053 3053 3053 3058 3063 
3068 3062 3057 3054 3052 3049 3047 3048 3050 3051 3053 3050 3048 3050 3054 3051 3045 3045 3047 3047 3047 3045 3043 3044 3045 3045 3045 3050 3059 3063 3062 3058 3050 3043 3035 3029 3027 3027 3032 3035 3036 3037 3036 3033 3027 3025 3030 3033 3028 3025 3030 3035 3039 3044 3049 3053 3052 3051 3053 3055 3053 3050 3056 3063 
3072 3061 3050 3053 3057 3049 3040 3042 3045 3047 3048 3047 3046 3048 3051 3050 3047 3043 3039 3042 3049 3048 3043 3044 3050 3050 3049 3057 3074 3077 3069 3061 3053 3044 3035 3026 3017 3016 3025 3031 3030 3029 3027 3025 3023 3023 3029 3032 3026 3021 3025 3030 3038 3046 3054 3060 3057 3054 3056 3058 3052 3047 3055 3062 
3065 3056 3048 3051 3055 3049 3043 3043 3044 3045 3047 3049 3052 3051 3048 3047 3047 3045 3043 3045 3048 3048 3045 3044 3044 3044 3043 3050 3064 3067 3062 3057 3052 3044 3033 3026 3021 3020 3023 3025 3025 3025 3024 3023 3024 3026 3029 3032 3031 3031 3031 3032 3038 3043 3047 3051 3052 3053 3051 3050 3050 3050 3054 3058 
3057 3052 3047 3049 3051 3049 3046 3044 3042 3044 3046 3052 3059 3054 3045 3045 3047 3048 3048 3048 3048 3048 3047 3044 3039 3036 3036 3042 3052 3056 3054 3052 3050 3043 3032 3026 3027 3026 3022 3020 3021 3021 3021 3022 3026 3029 3029 3031 3038 3042 3037 3034 3038 3040 3040 3041 3047 3052 3046 3041 3047 3053 3053 3053 
3030 3027 3024 3022 3020 3019 3019 3019 3021 3024 3027 3031 3035 3032 3028 3028 3031 3031 3029 3031 3033 3033 3032 3029 3025 3022 3021 3026 3037 3047 3055 3059 3058 3049 3032 3023 3024 3023 3021 3020 3020 3019 3018 3017 3019 3021 3023 3026 3032 3035 3032 3030 3033 3036 3040 3044 3048 3052 3051 3050 3050 3050 3052 3055 
3001 3000 2999 2993 2986 2987 2988 2992 2996 3002 3007 3008 3008 3008 3008 3010 3013 3011 3009 3011 3016 3017 3015 3013 3011 3008 3005 3010 3021 3037 3057 3067 3066 3055 3033 3021 3020 3020 3021 3021 3019 3017 3014 3011 3011 3012 3017 3021 3024 3026 3025 3024 3027 3031 3040 3049 3051 3053 3057 3060 3053 3047 3052 3057 
2985 2988 2992 2989 2985 2987 2989 2995 3002 3004 3005 3002 2998 2999 3002 3005 3007 3010 3012 3014 3018 3015 3009 3006 3006 3004 3001 3007 3020 3039 3062 3072 3071 3061 3041 3027 3020 3016 3016 3015 3014 3014 3015 3019 3025 3030 3034 3036 3034 3031 3029 3027 3030 3034 3041 3047 3047 3048 3054 3060 3056 3053 3056 3060 
2970 2978 2987 2988 2990 2992 2995 3003 3011 3010 3006 2998 2989 2992 2997 3001 3004 3010 3018 3021 3021 3014 3004 3001 3004 3002 2999 3006 3021 3042 3067 3078 3075 3066 3051 3035 3020 3011 3009 3008 3008 3011 3018 3028 3042 3053 3055 3054 3046 3039 3035 3032 3035 3038 3041 3044 3042 3041 3050 3059 3060 3060 3062 3064 
2976 2983 2989 2991 2993 2996 2999 3003 3006 3006 3005 3000 2995 2995 2997 2998 2999 3010 3024 3032 3038 3030 3016 3010 3009 3007 3004 3010 3021 3041 3068 3081 3080 3073 3059 3042 3021 3009 3011 3012 3010 3012 3022 3035 3052 3065 3066 3063 3049 3038 3033 3030 3030 3031 3037 3043 3043 3044 3050 3057 3061 3064 3067 3069 
2986 2990 2993 2994 2995 2999 3003 3001 2998 3000 3003 3003 3003 3001 2998 2996 2994 3009 3030 3045 3058 3049 3031 3021 3015 3012 3010 3014 3022 3041 3069 3084 3086 3081 3068 3049 3021 3008 3015 3018 3013 3015 3027 3041 3061 3075 3075 3070 3051 3035 3030 3026 3023 3022 3033 3042 3045 3048 3051 3054 3061 3068 3071 3074 
2984 2989 2994 2996 2997 2997 2997 2997 2996 2998 3001 3003 3005 3004 3001 2998 2995 3015 3042 3056 3065 3056 3039 3027 3018 3013 3010 3013 3021 3039 3065 3080 3084 3081 3070 3053 3029 3016 3018 3018 3016 3019 3032 3046 3065 3078 3079 3075 3056 3040 3033 3026 3022 3021 3029 3037 3043 3049 3054 3058 3063 3068 3073 3078 
2979 2986 2994 2997 3000 2995 2989 2992 2996 2997 2999 3002 3006 3006 3004 3002 2999 3023 3056 3067 3069 3060 3045 3033 3020 3012 3007 3010 3020 3037 3059 3074 3081 3080 3071 3057 3038 3025 3020 3017 3018 3024 3037 3051 3067 3079 3082 3079 3063 3048 3037 3027 3023 3021 3026 3031 3040 3048 3057 3065 3065 3066 3074 3082 
2997 3000 3003 3003 3003 3003 3004 3004 3004 3004 3004 3005 3006 3007 3008 3009 3010 3029 3054 3065 3070 3065 3055 3043 3029 3020 3013 3013 3019 3034 3058 3073 3079 3078 3071 3059 3042 3028 3019 3014 3015 3020 3036 3051 3068 3080 3081 3079 3064 3048 3034 3021 3019 3018 3020 3023 3035 3047 3056 3065 3066 3066 3075 3083 
3022 3019 3016 3011 3006 3015 3024 3021 3016 3013 3010 3007 3005 3008 3012 3017 3023 3034 3047 3059 3070 3070 3066 3054 3039 3029 3021 3018 3018 3032 3057 3072 3077 3076 3071 3060 3044 3029 3017 3010 3009 3015 3033 3051 3068 3080 3080 3077 3062 3046 3028 3013 3014 3015 3013 3014 3030 3045 3055 3064 3066 3068 3076 3084 
3019 3019 3018 3013 3008 3016 3025 3021 3016 3015 3013 3008 3002 3005 3010 3015 3020 3031 3044 3057 3068 3071 3069 3058 3041 3029 3020 3016 3016 3029 3052 3068 3076 3077 3072 3062 3046 3031 3018 3010 3009 3014 3031 3047 3065 3078 3080 3078 3062 3047 3029 3016 3015 3015 3013 3014 3026 3038 3048 3057 3063 3068 3074 3080 
3007 3012 3017 3014 3011 3014 3019 3016 3013 3014 3015 3007 2997 3000 3007 3009 3011 3025 3044 3056 3066 3069 3070 3058 3040 3026 3014 3011 3014 3026 3045 3062 3075 3080 3074 3064 3047 3032 3020 3012 3011 3015 3028 3043 3061 3075 3080 3079 3063 3048 3034 3022 3018 3016 3016 3017 3022 3029 3039 3048 3058 3068 3071 3074 
3010 3014 3019 3016 3012 3014 3016 3014 3011 3013 3015 3010 3003 3003 3005 3006 3007 3021 3040 3055 3069 3073 3072 3061 3045 3031 3018 3015 3019 3030 3046 3061 3074 3080 3077 3067 3049 3033 3020 3012 3011 3015 3031 3047 3063 3075 3080 3079 3060 3042 3030 3020 3018 3017 3016 3016 3018 3021 3030 3040 3053 3066 3067 3068 
3019 3020 3021 3018 3014 3015 3016 3012 3008 3011 3015 3014 3013 3009 3005 3004 3005 3018 3035 3055 3076 3079 3073 3064 3053 3040 3026 3022 3027 3036 3051 3063 3073 3079 3081 3072 3050 3033 3020 3011 3009 3015 3037 3055 3066 3076 3080 3077 3054 3034 3023 3015 3017 3018 3016 3014 3013 3013 3022 3032 3048 3064 3063 3063 
3021 3019 3017 3016 3015 3015 3015 3013 3010 3012 3015 3015 3015 3011 3006 3004 3003 3013 3027 3047 3071 3075 3071 3066 3061 3049 3032 3027 3029 3037 3049 3061 3071 3078 3079 3071 3051 3034 3020 3012 3012 3020 3043 3062 3072 3079 3080 3075 3053 3034 3023 3014 3015 3015 3013 3012 3010 3010 3017 3025 3041 3056 3060 3064 
3020 3015 3011 3014 3017 3016 3014 3014 3013 3014 3016 3015 3013 3010 3008 3005 3002 3008 3017 3037 3061 3068 3066 3067 3068 3057 3038 3030 3029 3034 3044 3056 3069 3076 3076 3069 3051 3035 3021 3014 3018 3028 3051 3069 3077 3083 3080 3073 3055 3038 3026 3016 3012 3009 3010 3010 3009 3008 3013 3019 3032 3045 3057 3068 
3020 3015 3009 3014 3020 3019 3018 3016 3014 3014 3014 3014 3015 3014 3012 3009 3006 3010 3017 3034 3054 3063 3066 3069 3072 3063 3046 3036 3031 3035 3045 3057 3071 3078 3077 3069 3054 3039 3025 3017 3021 3031 3053 3070 3079 3084 3080 3073 3055 3039 3027 3016 3013 3010 3010 3009 3009 3010 3017 3024 3032 3041 3055 3069 
3021 3016 3011 3016 3022 3023 3023 3019 3015 3012 3009 3013 3018 3018 3017 3015 3013 3016 3022 3034 3050 3061 3069 3073 3075 3068 3055 3045 3035 3037 3049 3062 3076 3082 3080 3072 3058 3044 3029 3021 3022 3030 3052 3069 3078 3083 3080 3073 3055 3038 3026 3016 3015 3014 3011 3009 3010 3013 3024 3034 3038 3041 3055 3068 
3022 3018 3014 3019 3024 3024 3024 3022 3020 3014 3009 3012 3016 3017 3017 3016 3016 3019 3022 3033 3046 3060 3073 3078 3078 3071 3061 3049 3037 3038 3050 3062 3075 3082 3082 3075 3061 3047 3033 3025 3026 3033 3054 3070 3077 3082 3079 3072 3052 3034 3024 3015 3015 3014 3012 3010 3012 3014 3022 3030 3033 3037 3052 3066 
3022 3021 3020 3022 3024 3023 3022 3025 3028 3020 3010 3009 3010 3011 3012 3015 3017 3019 3019 3029 3043 3060 3078 3083 3082 3075 3064 3052 3038 3038 3048 3060 3071 3079 3083 3078 3062 3048 3036 3029 3030 3038 3058 3073 3077 3079 3077 3069 3048 3029 3021 3014 3013 3012 3013 3014 3014 3014 3015 3017 3023 3030 3047 3064 
3022 3021 3021 3023 3025 3023 3020 3027 3035 3024 3009 3008 3009 3012 3014 3014 3014 3016 3018 3028 3041 3057 3075 3082 3083 3077 3066 3054 3042 3041 3048 3058 3071 3079 3084 3078 3061 3046 3035 3030 3035 3045 3064 3078 3080 3080 3076 3067 3045 3027 3020 3013 3011 3009 3012 3015 3013 3011 3011 3011 3017 3022 3044 3066 
3022 3020 3018 3023 3028 3023 3017 3029 3043 3027 3007 3007 3012 3016 3019 3015 3008 3012 3019 3029 3039 3052 3066 3075 3081 3077 3067 3057 3048 3046 3049 3058 3073 3082 3084 3077 3057 3041 3031 3029 3039 3052 3071 3084 3085 3084 3075 3064 3044 3027 3020 3013 3008 3005 3010 3014 3009 3005 3008 3011 3013 3015 3043 3072 
3024 3021 3018 3026 3034 3029 3023 3034 3047 3030 3008 3008 3012 3016 3019 3015 3008 3011 3018 3025 3033 3045 3059 3070 3080 3079 3070 3061 3052 3048 3050 3059 3076 3085 3086 3078 3060 3046 3038 3037 3047 3059 3076 3087 3086 3083 3072 3060 3041 3026 3021 3015 3009 3004 3010 3015 3010 3005 3010 3014 3012 3011 3039 3068 
3027 3024 3021 3032 3043 3041 3037 3043 3050 3033 3013 3010 3012 3013 3014 3014 3014 3014 3015 3018 3022 3035 3052 3066 3079 3080 3074 3064 3052 3048 3052 3062 3079 3088 3089 3083 3068 3058 3052 3051 3057 3066 3080 3088 3084 3078 3067 3054 3037 3023 3022 3019 3012 3006 3012 3016 3013 3011 3015 3019 3014 3009 3033 3056 
3026 3023 3020 3033 3047 3050 3052 3055 3058 3043 3025 3019 3015 3013 3011 3013 3015 3015 3013 3014 3015 3027 3044 3061 3078 3082 3077 3069 3058 3055 3058 3066 3079 3086 3088 3084 3074 3066 3062 3062 3066 3073 3083 3088 3081 3073 3063 3050 3030 3016 3019 3019 3014 3010 3014 3016 3014 3013 3019 3023 3018 3014 3033 3053 
3023 3019 3015 3030 3046 3058 3069 3071 3071 3058 3043 3033 3023 3017 3011 3012 3014 3013 3013 3012 3011 3021 3034 3054 3078 3084 3080 3075 3069 3067 3067 3071 3076 3081 3083 3082 3077 3072 3068 3068 3074 3079 3085 3085 3077 3069 3060 3047 3022 3005 3011 3016 3016 3016 3016 3016 3014 3012 3020 3027 3026 3025 3040 3055 
3021 3019 3016 3029 3042 3058 3075 3077 3077 3069 3060 3048 3035 3025 3017 3014 3013 3013 3013 3012 3011 3017 3028 3049 3076 3085 3082 3079 3077 3075 3074 3075 3077 3079 3082 3082 3079 3076 3073 3073 3077 3081 3084 3083 3077 3069 3056 3040 3019 3004 3008 3012 3014 3016 3016 3015 3012 3010 3020 3029 3032 3035 3047 3060 
3022 3023 3024 3029 3035 3051 3068 3073 3077 3076 3075 3064 3050 3038 3027 3019 3013 3013 3014 3014 3013 3017 3024 3045 3074 3084 3082 3081 3081 3080 3079 3080 3082 3083 3083 3083 3082 3081 3078 3077 3076 3077 3080 3082 3082 3074 3049 3029 3021 3014 3011 3009 3009 3009 3012 3014 3010 3007 3019 3030 3037 3043 3054 3065 
3022 3023 3025 3026 3027 3042 3058 3065 3072 3077 3081 3073 3062 3051 3038 3030 3022 3018 3016 3015 3015 3019 3025 3044 3071 3082 3082 3082 3083 3083 3082 3083 3086 3087 3086 3085 3085 3083 3080 3078 3076 3076 3079 3082 3084 3077 3046 3022 3021 3018 3013 3008 3008 3008 3010 3011 3009 3009 3024 3039 3047 3054 3062 3070 
3019 3019 3018 3017 3016 3029 3043 3053 3063 3070 3077 3075 3071 3062 3053 3047 3042 3032 3020 3017 3016 3022 3031 3048 3069 3078 3080 3082 3084 3084 3083 3085 3090 3092 3090 3088 3086 3083 3079 3077 3079 3081 3082 3083 3085 3077 3045 3020 3018 3016 3013 3012 3013 3014 3009 3005 3010 3017 3038 3059 3063 3067 3070 3073 
3017 3015 3013 3011 3010 3020 3031 3041 3052 3061 3070 3074 3077 3071 3063 3060 3058 3046 3031 3026 3025 3030 3039 3054 3071 3079 3081 3083 3086 3086 3085 3087 3091 3092 3090 3088 3087 3084 3079 3077 3081 3084 3085 3085 3084 3075 3046 3022 3018 3014 3013 3013 3016 3019 3014 3012 3022 3032 3053 3072 3074 3075 3077 3078 
3013 3011 3009 3010 3010 3016 3023 3030 3037 3049 3061 3070 3078 3075 3069 3068 3070 3062 3051 3046 3042 3045 3051 3064 3081 3086 3083 3084 3088 3090 3091 3090 3088 3086 3086 3085 3086 3085 3081 3080 3082 3084 3086 3086 3082 3072 3049 3029 3020 3013 3011 3011 3018 3024 3029 3035 3047 3058 3068 3077 3077 3077 3081 3085 
3010 3009 3007 3008 3008 3012 3015 3021 3026 3037 3050 3060 3070 3071 3070 3073 3077 3074 3067 3062 3058 3058 3061 3071 3086 3089 3084 3085 3089 3092 3093 3091 3087 3085 3084 3084 3085 3085 3083 3083 3085 3086 3088 3087 3083 3074 3054 3036 3024 3015 3015 3017 3025 3033 3043 3054 3064 3074 3077 3080 3080 3081 3085 3089 
3009 3008 3008 3006 3003 3006 3009 3014 3019 3026 3034 3041 3049 3056 3063 3070 3078 3078 3077 3073 3069 3067 3068 3075 3085 3087 3083 3084 3089 3091 3090 3090 3090 3089 3088 3086 3084 3083 3084 3086 3089 3090 3091 3090 3089 3082 3060 3041 3030 3022 3027 3033 3041 3050 3058 3066 3069 3072 3076 3081 3086 3090 3090 3090 
3009 3009 3009 3005 3002 3004 3006 3010 3015 3018 3021 3026 3032 3041 3052 3064 3075 3080 3082 3080 3076 3075 3074 3078 3085 3085 3082 3083 3089 3091 3089 3089 3090 3090 3089 3087 3083 3081 3084 3087 3090 3092 3092 3092 3092 3087 3067 3049 3040 3035 3041 3047 3056 3064 3070 3075 3074 3074 3078 3081 3087 3093 3092 3091 
3011 3011 3011 3009 3007 3007 3007 3010 3013 3013 3013 3017 3022 3028 3033 3049 3068 3076 3078 3079 3078 3079 3080 3083 3087 3086 3082 3083 3089 3092 3091 3089 3086 3086 3087 3086 3082 3081 3083 3085 3087 3089 3090 3091 3090 3086 3074 3063 3059 3056 3056 3057 3066 3074 3074 3074 3080 3084 3083 3081 3083 3085 3088 3091 
3013 3012 3012 3010 3009 3008 3008 3010 3012 3010 3007 3010 3014 3017 3019 3036 3057 3067 3074 3077 3078 3081 3084 3086 3087 3086 3083 3084 3090 3092 3091 3089 3086 3085 3088 3087 3082 3080 3083 3086 3086 3087 3089 3090 3089 3086 3080 3075 3075 3073 3069 3067 3075 3082 3078 3075 3082 3088 3083 3079 3080 3081 3086 3090 
3017 3013 3010 3008 3006 3008 3010 3012 3014 3010 3005 3006 3008 3011 3015 3024 3034 3050 3068 3074 3074 3077 3082 3084 3085 3085 3085 3087 3091 3092 3090 3090 3092 3093 3094 3090 3082 3080 3087 3092 3090 3090 3092 3092 3089 3085 3084 3082 3081 3080 3078 3077 3083 3087 3082 3078 3079 3079 3075 3072 3079 3085 3086 3086 
3016 3013 3010 3007 3004 3007 3011 3012 3014 3009 3004 3003 3002 3006 3012 3014 3016 3035 3060 3068 3069 3074 3080 3083 3084 3085 3087 3089 3092 3092 3088 3090 3096 3098 3097 3092 3082 3081 3090 3095 3093 3092 3093 3093 3088 3085 3086 3087 3086 3085 3084 3084 3087 3089 3085 3081 3078 3074 3071 3069 3077 3085 3085 3085 
3008 3009 3011 3007 3003 3005 3007 3008 3009 3008 3006 3003 2999 3004 3011 3011 3009 3023 3043 3055 3064 3071 3077 3082 3086 3088 3087 3089 3094 3093 3089 3089 3095 3097 3096 3092 3087 3085 3089 3091 3092 3092 3091 3090 3086 3084 3085 3086 3087 3087 3086 3086 3087 3087 3085 3084 3081 3079 3077 3075 3075 3075 3082 3090 
3002 3006 3010 3007 3003 3004 3005 3005 3005 3006 3007 3003 2997 3002 3010 3008 3004 3014 3028 3044 3060 3069 3075 3081 3087 3088 3086 3088 3093 3093 3090 3090 3095 3097 3095 3094 3091 3089 3089 3090 3091 3091 3090 3088 3085 3084 3085 3087 3088 3089 3088 3088 3086 3085 3086 3087 3084 3082 3082 3082 3075 3069 3081 3093 
3005 3003 3002 3004 3007 3009 3011 3009 3007 3006 3005 3002 2999 3002 3008 3009 3008 3013 3018 3036 3059 3071 3077 3081 3085 3084 3082 3083 3087 3091 3095 3097 3097 3098 3098 3097 3094 3093 3093 3093 3092 3091 3089 3087 3085 3084 3086 3089 3092 3094 3090 3087 3086 3085 3088 3090 3082 3076 3086 3094 3084 3075 3081 3087 
3006 3002 2998 3003 3009 3011 3014 3011 3008 3006 3004 3002 2999 3002 3006 3009 3012 3012 3012 3031 3058 3072 3079 3082 3082 3082 3080 3080 3083 3089 3098 3101 3098 3098 3100 3100 3098 3097 3096 3094 3092 3090 3088 3086 3085 3085 3088 3091 3095 3097 3091 3087 3085 3085 3089 3091 3081 3074 3087 3099 3089 3079 3081 3083 
3000 3004 3009 3004 3000 3004 3009 3009 3010 3008 3006 3003 2999 3000 3002 3007 3014 3015 3014 3031 3055 3069 3078 3081 3082 3083 3085 3087 3089 3092 3097 3097 3093 3093 3097 3100 3100 3098 3091 3088 3091 3091 3088 3087 3089 3090 3088 3088 3091 3093 3089 3086 3084 3083 3084 3084 3082 3080 3083 3086 3083 3081 3081 3081 
2994 3005 3016 3005 2994 2999 3005 3009 3012 3010 3007 3004 3000 2999 2999 3006 3016 3018 3017 3031 3051 3065 3076 3080 3081 3083 3088 3091 3093 3094 3095 3093 3089 3089 3094 3098 3101 3098 3087 3082 3088 3091 3087 3087 3092 3094 3088 3085 3088 3089 3087 3084 3084 3083 3080 3078 3081 3084 3079 3075 3078 3082 3081 3080 
2993 3001 3009 3004 2999 3004 3009 3012 3015 3012 3008 3007 3007 3004 3002 3008 3016 3018 3017 3028 3044 3058 3071 3077 3078 3078 3078 3082 3090 3092 3090 3088 3086 3086 3088 3090 3092 3090 3081 3078 3084 3087 3085 3086 3090 3091 3085 3082 3086 3089 3085 3082 3084 3085 3078 3073 3077 3081 3076 3071 3076 3080 3081 3083 
2993 2998 3003 3004 3004 3008 3011 3014 3016 3013 3009 3010 3012 3008 3003 3008 3016 3018 3018 3026 3037 3051 3066 3073 3076 3075 3070 3075 3087 3090 3086 3084 3084 3084 3084 3084 3085 3083 3078 3076 3080 3083 3084 3085 3087 3087 3082 3080 3085 3088 3083 3081 3084 3086 3076 3069 3074 3078 3073 3069 3074 3078 3082 3085 
3001 3002 3003 3004 3006 3007 3008 3009 3009 3011 3013 3011 3008 3003 2997 3003 3013 3017 3020 3024 3029 3043 3062 3073 3079 3077 3071 3075 3086 3090 3088 3088 3091 3091 3089 3086 3082 3081 3084 3085 3082 3082 3086 3087 3084 3081 3081 3082 3084 3086 3086 3086 3085 3082 3074 3067 3071 3074 3073 3072 3073 3075 3079 3084 
3009 3006 3004 3005 3007 3007 3006 3005 3003 3009 3016 3012 3005 2999 2994 3001 3011 3017 3021 3023 3023 3038 3059 3072 3081 3080 3072 3075 3085 3090 3089 3091 3096 3097 3094 3089 3081 3080 3089 3092 3084 3081 3088 3089 3081 3076 3079 3082 3084 3085 3089 3091 3085 3079 3072 3067 3069 3071 3073 3074 3073 3072 3078 3083 
3015 3011 3007 3009 3011 3010 3008 3006 3003 3007 3011 3009 3006 3007 3007 3011 3015 3020 3024 3028 3031 3046 3066 3077 3084 3083 3077 3079 3086 3090 3089 3090 3092 3093 3093 3091 3085 3083 3084 3085 3083 3083 3087 3088 3082 3077 3074 3074 3083 3089 3089 3088 3083 3079 3076 3073 3075 3077 3076 3076 3077 3078 3082 3085 
3021 3016 3010 3012 3015 3012 3009 3007 3004 3006 3007 3008 3008 3013 3019 3020 3019 3022 3026 3033 3040 3054 3072 3081 3086 3085 3081 3082 3087 3089 3089 3089 3088 3090 3093 3093 3090 3086 3081 3078 3081 3084 3086 3087 3083 3078 3069 3067 3082 3092 3089 3086 3082 3079 3079 3080 3081 3082 3080 3077 3081 3084 3085 3087 
3021 3017 3012 3013 3014 3012 3011 3012 3013 3014 3015 3014 3011 3013 3016 3018 3021 3022 3024 3035 3050 3064 3077 3082 3082 3080 3078 3078 3080 3083 3086 3089 3091 3092 3092 3092 3091 3089 3083 3081 3082 3083 3084 3085 3083 3081 3078 3077 3081 3085 3087 3088 3084 3082 3084 3085 3083 3080 3079 3078 3081 3084 3084 3085 
3021 3018 3014 3013 3013 3013 3012 3016 3020 3022 3023 3019 3014 3013 3013 3017 3022 3023 3023 3038 3060 3073 3082 3083 3078 3076 3075 3075 3074 3077 3084 3089 3093 3094 3091 3090 3092 3091 3086 3083 3082 3082 3083 3083 3084 3085 3086 3087 3081 3079 3086 3091 3087 3084 3087 3090 3083 3078 3079 3079 3082 3084 3083 3083 
3025 3017 3009 3012 3016 3015 3014 3017 3020 3023 3027 3022 3016 3015 3015 3020 3026 3033 3039 3053 3070 3082 3092 3092 3086 3082 3077 3076 3078 3081 3086 3091 3096 3095 3089 3087 3092 3092 3088 3084 3082 3081 3082 3083 3083 3084 3085 3086 3083 3081 3084 3087 3086 3085 3083 3080 3077 3074 3078 3082 3080 3078 3079 3080 
3029 3017 3005 3011 3018 3017 3015 3017 3020 3025 3030 3025 3018 3017 3017 3023 3031 3042 3055 3067 3079 3090 3101 3101 3094 3087 3079 3078 3082 3085 3089 3093 3098 3096 3087 3084 3091 3093 3089 3085 3081 3079 3081 3083 3083 3083 3084 3085 3084 3083 3083 3083 3086 3087 3078 3071 3071 3071 3078 3085 3079 3073 3075 3077 
3013 3016 3020 3016 3013 3012 3011 3014 3018 3025 3031 3027 3022 3026 3032 3040 3047 3055 3064 3070 3076 3083 3089 3092 3093 3089 3080 3081 3089 3094 3095 3096 3096 3095 3091 3088 3085 3083 3085 3083 3074 3070 3075 3080 3085 3088 3086 3084 3079 3076 3079 3081 3085 3087 3084 3081 3076 3072 3078 3084 3076 3070 3071 3073 
2998 3016 3034 3022 3008 3007 3006 3011 3017 3024 3032 3029 3025 3034 3047 3056 3064 3069 3072 3073 3074 3075 3076 3083 3092 3090 3080 3083 3096 3102 3102 3099 3095 3093 3096 3092 3079 3074 3081 3080 3067 3061 3069 3078 3087 3092 3088 3083 3075 3070 3074 3079 3083 3087 3090 3091 3081 3073 3078 3082 3074 3066 3068 3069 