3040 3051 3049 3046 3054 3044 3055 3049 3047 3043 3063 3078 3108 3107 3098 3105 3109 3114 3091 3101 3098 3100 3083 3094 3079 3073 3099 3081 3095 3099 3091 3099 3079 3086 3085 3086 3084 3090 3090 3094 3085 3094 3084 3112 3083 3078 3094 3090 3098 3098 3103 3100 3105 3099 3081 3087 3083 3098 3103 3106 3094 3095 3094 3098
3048 3043 3063 3044 3040 3044 3035 3035 3058 3067 3067 3077 3096 3105 3109 3095 3095 3094 3090 3089 3099 3095 3086 3097 3084 3083 3083 3089 3077 3076 3098 3099 3087 3091 3092 3091 3082 3093 3106 3095 3098 3089 3105 3092 3083 3087 3088 3087 3092 3101 3088 3104 3102 3098 3083 3092 3105 3107 3087 3087 3107 3098 3100 3092
3048 3052 3032 3037 3046 3042 3029 3040 3058 3060 3072 3069 3084 3098 3093 3099 3087 3095 3086 3078 3090 3074 3068 3079 3074 3081 3088 3081 3071 3076 3088 3100 3101 3086 3089 3090 3103 3093 3107 3113 3116 3111 3105 3099 3100 3095 3081 3094 3091 3100 3085 3107 3098 3097 3091 3089 3091 3090 3094 3103 3091 3089 3094 3100
3053 3035 3062 3037 3035 3035 3030 3044 3042 3054 3052 3061 3083 3089 3092 3100 3091 3083 3092 3079 3075 3090 3078 3090 3075 3092 3082 3078 3069 3089 3088 3083 3106 3080 3107 3097 3100 3107 3096 3104 3108 3108 3090 3090 3094 3104 3085 3092 3087 3082 3093 3086 3097 3099 3095 3091 3090 3092 3102 3098 3094 3098 3094 3110
3051 3030 3032 3024 3036 3036 3022 3043 3028 3038 3055 3066 3091 3094 3088 3081 3076 3090 3086 3077 3082 3079 3089 3073 3085 3084 3077 3069 3086 3086 3076 3097 3095 3096 3094 3102 3116 3093 3113 3102 3105 3106 3088 3098 3087 3079 3086 3091 3103 3089 3088 3083 3088 3097 3105 3096 3097 3091 3094 3076 3092 3086 3086 3094
3040 3037 3029 3041 3031 3018 3016 3029 3047 3040 3042 3058 3080 3081 3081 3079 3098 3081 3091 3091 3085 3082 3078 3085 3082 3076 3073 3078 3095 3087 3088 3084 3093 3092 3091 3092 3098 3104 3096 3101 3092 3101 3091 3087 3084 3088 3078 3093 3090 3101 3095 3082 3088 3089 3103 3088 3073 3084 3087 3086 3089 3094 3104 3082
3038 3030 3027 3027 3031 3031 3027 3030 3035 3036 3044 3056 3069 3071 3082 3089 3096 3081 3089 3075 3106 3063 3058 3067 3069 3084 3075 3078 3099 3096 3065 3092 3100 3091 3079 3092 3096 3098 3099 3094 3091 3085 3080 3076 3080 3098 3093 3090 3109 3107 3099 3084 3092 3092 3091 3091 3075 3090 3087 3095 3098 3096 3090 3081
2994 2988 2992 2996 3016 3009 3006 2998 3005 3008 3015 3025 3037 3046 3053 3059 3062 3057 3078 3078 3053 3061 3064 3065 3064 3057 3066 3067 3069 3073 3077 3080 3081 3065 3074 3078 3088 3086 3091 3087 3093 3085 3088 3067 3075 3065 3077 3087 3103 3086 3087 3084 3083 3089 3086 3100 3074 3080 3079 3089 3084 3084 3090 3073
2961 2941 2931 2949 2972 2970 2980 2980 2963 2973 3008 3008 3023 3029 3045 3035 3042 3052 3048 3052 3052 3053 3059 3043 3062 3063 3060 3055 3064 3063 3061 3061 3072 3066 3062 3069 3080 3091 3089 3088 3079 3063 3075 3072 3065 3063 3065 3079 3067 3087 3087 3079 3085 3068 3091 3080 3088 3067 3075 3084 3074 3068 3074 3069
2957 2957 2956 2955 2965 2967 2972 2980 2974 2972 2987 2996 3022 3022 3043 3048 3053 3046 3051 3038 3048 3056 3045 3053 3057 3056 3066 3065 3053 3066 3060 3074 3069 3070 3060 3073 3068 3075 3080 3091 3085 3080 3068 3083 3081 3072 3086 3079 3069 3092 3066 3084 3096 3091 3080 3080 3082 3076 3082 3084 3067 3079 3085 3069
2962 2958 2958 2952 2965 2981 2976 2979 2970 2977 2984 2984 3009 3024 3031 3042 3040 3044 3036 3057 3044 3048 3035 3055 3061 3051 3060 3063 3049 3062 3072 3071 3072 3073 3071 3072 3073 3073 3085 3099 3080 3084 3084 3092 3089 3078 3082 3086 3080 3088 3092 3090 3087 3075 3079 3068 3063 3068 3082 3086 3075 3086 3098 3084
2964 2962 2967 2962 2979 2969 2969 2964 2972 2970 2981 2994 3015 3024 3026 3037 3050 3042 3054 3053 3052 3049 3061 3043 3050 3049 3058 3055 3056 3059 3072 3069 3077 3071 3073 3058 3077 3071 3080 3108 3094 3093 3094 3092 3084 3077 3077 3091 3085 3075 3080 3094 3082 3088 3077 3078 3068 3091 3088 3082 3083 3087 3075 3093
2976 2967 2984 2978 2962 2956 2967 2974 2966 2980 2986 2995 3024 3015 3045 3030 3048 3039 3051 3050 3070 3053 3043 3039 3058 3060 3072 3062 3066 3074 3068 3072 3071 3066 3081 3084 3068 3080 3082 3100 3097 3087 3082 3082 3084 3082 3080 3092 3089 3084 3086 3083 3092 3092 3087 3087 3090 3081 3100 3082 3082 3065 3082 3090
2947 2978 2980 2970 2959 2985 2967 2957 2967 2966 2969 2995 2996 3019 3028 3047 3039 3049 3046 3057 3045 3051 3047 3040 3051 3051 3059 3057 3066 3058 3078 3082 3063 3072 3074 3083 3080 3086 3074 3081 3081 3089 3085 3068 3080 3081 3089 3089 3089 3081 3090 3083 3094 3085 3085 3080 3101 3093 3096 3085 3069 3072 3086 3089
2975 2977 2983 2978 2955 2963 2966 2961 2972 2978 2974 2995 2983 3016 3022 3030 3047 3055 3047 3046 3032 3045 3055 3057 3041 3055 3053 3045 3047 3055 3061 3078 3077 3087 3098 3094 3085 3087 3084 3074 3087 3088 3091 3086 3077 3073 3080 3086 3063 3077 3075 3085 3081 3077 3078 3065 3098 3095 3089 3076 3091 3086 3087 3092
2999 2993 2978 2986 2982 2978 2991 2972 2978 2987 2996 2988 2985 3006 3018 3042 3058 3053 3038 3059 3035 3057 3051 3063 3057 3041 3036 3070 3044 3064 3063 3068 3073 3070 3076 3077 3084 3084 3084 3080 3094 3076 3085 3095 3083 3084 3074 3080 3072 3073 3079 3091 3073 3084 3071 3063 3087 3089 3084 3089 3090 3087 3089 3086
2994 2996 2985 2992 2992 2996 3000 2988 2981 3007 2992 2998 3008 3018 3007 3031 3050 3050 3051 3049 3051 3056 3052 3046 3064 3055 3060 3048 3058 3064 3056 3060 3061 3060 3073 3081 3087 3085 3087 3084 3073 3081 3090 3077 3083 3067 3084 3080 3083 3089 3077 3085 3084 3083 3079 3072 3083 3082 3086 3080 3078 3082 3092 3092
3008 2996 2989 2993 2988 2996 3010 3003 2998 3001 2991 2987 2990 3001 3017 3031 3050 3053 3037 3041 3042 3056 3053 3046 3057 3065 3038 3054 3079 3073 3070 3085 3072 3078 3075 3064 3085 3085 3075 3088 3085 3076 3071 3083 3083 3084 3075 3080 3083 3082 3084 3067 3081 3097 3087 3075 3084 3087 3085 3075 3085 3093 3083 3097
3005 3007 2988 3000 3013 3001 3007 2999 3006 2993 2996 2982 2986 3007 2995 3006 3036 3043 3057 3036 3047 3053 3054 3053 3056 3062 3064 3064 3066 3063 3068 3057 3085 3082 3093 3071 3075 3080 3080 3085 3097 3087 3080 3092 3082 3073 3075 3070 3088 3086 3079 3099 3100 3087 3079 3087 3077 3078 3080 3082 3078 3088 3077 3089
3002 2995 3003 3014 3003 3005 3009 2998 2995 2977 2976 2991 2987 2985 2996 3005 3029 3028 3059 3061 3052 3058 3054 3052 3051 3056 3059 3066 3075 3056 3081 3079 3073 3073 3082 3076 3089 3092 3085 3077 3083 3076 3078 3087 3082 3090 3074 3081 3082 3073 3088 3083 3081 3094 3081 3081 3077 3088 3090 3093 3079 3082 3088 3083
2985 2999 2997 2992 2988 2989 2984 2983 3005 2991 2992 3003 2984 2990 2981 2991 3013 3046 3039 3045 3050 3060 3049 3051 3064 3055 3062 3066 3061 3067 3074 3076 3076 3075 3086 3086 3084 3073 3086 3070 3080 3060 3084 3082 3084 3084 3094 3072 3078 3083 3089 3083 3084 3082 3068 3091 3083 3085 3097 3091 3085 3066 3074 3093
3002 3004 3003 2991 3000 3002 3000 2994 2997 3018 3000 3003 2999 2998 2985 3006 3014 3025 3049 3046 3046 3050 3049 3058 3069 3053 3062 3062 3066 3071 3066 3082 3077 3077 3088 3087 3070 3074 3076 3085 3083 3075 3076 3084 3086 3089 3093 3079 3081 3084 3084 3071 3075 3077 3090 3085 3088 3090 3091 3085 3080 3076 3085 3096
3004 2998 2989 3015 3021 3009 2999 3001 3003 3017 3021 2995 2996 3005 3002 3022 3016 3034 3036 3049 3052 3055 3063 3055 3058 3060 3062 3057 3062 3068 3069 3066 3085 3072 3083 3067 3072 3071 3089 3096 3097 3098 3097 3078 3080 3079 3085 3089 3072 3085 3088 3091 3089 3088 3081 3102 3082 3089 3074 3072 3070 3078 3088 3087
3022 3015 3001 3013 3022 3009 3007 2996 3021 3008 3010 2994 3005 3000 3012 3013 3013 3021 3046 3035 3060 3063 3062 3063 3053 3056 3065 3066 3071 3060 3055 3075 3080 3076 3070 3075 3087 3078 3082 3085 3098 3090 3080 3078 3076 3085 3088 3074 3083 3080 3084 3092 3086 3093 3104 3095 3082 3080 3079 3069 3087 3076 3091 3082
3021 3019 2992 3002 3010 3008 2994 3008 3006 3003 3011 2992 2996 3000 3006 3000 3008 3023 3030 3043 3054 3064 3061 3063 3073 3069 3065 3060 3063 3062 3063 3072 3078 3065 3076 3084 3099 3091 3085 3078 3096 3094 3079 3073 3084 3082 3075 3091 3085 3081 3090 3080 3088 3093 3092 3092 3088 3091 3078 3089 3089 3087 3100 3092
3013 3010 2994 2997 3010 2996 2998 3001 3006 3002 3008 3005 3001 2996 3001 2996 3005 3012 3025 3031 3057 3066 3064 3067 3070 3067 3077 3071 3063 3067 3060 3057 3079 3084 3084 3080 3095 3098 3086 3092 3087 3078 3087 3076 3076 3072 3081 3071 3069 3083 3091 3078 3088 3089 3094 3085 3083 3061 3085 3085 3088 3089 3100 3086
3004 2996 2999 3003 3007 2992 2986 2992 3000 3002 3001 2987 2998 2993 2998 2991 2996 2998 3012 3014 3039 3042 3062 3064 3072 3072 3062 3072 3072 3074 3071 3076 3080 3085 3088 3087 3077 3092 3087 3086 3080 3082 3087 3087 3079 3076 3069 3077 3087 3072 3079 3073 3085 3090 3081 3083 3079 3073 3087 3078 3096 3100 3096 3078
2996 2991 3011 2999 3005 2995 2995 2990 2993 3007 2999 3000 2992 2986 2994 2993 2989 3000 2988 3011 3046 3051 3062 3075 3065 3060 3072 3060 3077 3085 3076 3065 3088 3089 3077 3085 3084 3085 3081 3083 3083 3084 3081 3099 3082 3065 3070 3080 3082 3082 3077 3079 3095 3084 3099 3082 3091 3076 3090 3083 3091 3081 3086 3083
2999 2990 3018 2993 3004 3008 3005 2993 2998 3001 2990 2990 2984 2985 2982 2986 2987 2992 2992 3015 3040 3044 3042 3066 3057 3080 3075 3079 3092 3067 3086 3081 3074 3083 3079 3095 3073 3080 3090 3077 3095 3084 3092 3081 3091 3093 3077 3086 3075 3098 3092 3081 3079 3090 3083 3072 3083 3076 3080 3088 3072 3062 3068 3087
2988 2995 3007 2999 2988 2981 2984 2985 3002 3006 2994 2992 2978 2992 2989 2994 3002 2983 3002 2999 3038 3048 3051 3058 3084 3069 3071 3081 3082 3077 3085 3092 3079 3080 3077 3080 3072 3081 3088 3076 3086 3083 3085 3083 3079 3090 3075 3086 3102 3083 3088 3083 3089 3088 3091 3089 3087 3086 3087 3085 3068 3050 3064 3067
2992 2990 2988 2988 3000 2981 2978 2998 3015 2991 2991 2991 2986 2985 2995 2982 2988 2989 2996 2997 3011 3036 3063 3077 3071 3081 3076 3077 3071 3080 3087 3084 3076 3069 3077 3075 3082 3081 3081 3083 3085 3078 3080 3087 3081 3096 3087 3088 3073 3082 3082 3097 3089 3089 3099 3092 3072 3089 3070 3093 3078 3076 3054 3052
2999 2996 2983 2990 2998 2990 2989 2994 2989 2987 2995 2988 2989 2983 2994 2993 2985 2994 2980 2989 3012 3037 3067 3065 3090 3066 3086 3081 3073 3069 3079 3067 3075 3070 3076 3065 3081 3078 3090 3080 3078 3080 3069 3087 3076 3090 3079 3081 3096 3090 3077 3084 3072 3089 3075 3102 3091 3074 3080 3083 3083 3077 3060 3064
2993 2998 2993 3002 2977 2984 2984 2997 2986 2982 2981 2984 2988 2981 2986 2990 2979 2978 2982 2989 3004 3018 3047 3064 3081 3083 3083 3086 3079 3077 3061 3061 3065 3092 3084 3082 3070 3071 3098 3089 3080 3087 3081 3093 3087 3081 3082 3084 3079 3064 3085 3078 3074 3071 3070 3084 3074 3078 3077 3084 3082 3083 3064 3054
3006 3011 2998 2998 2988 2975 2999 2994 3002 3003 2985 2985 2991 2996 3001 2998 2986 2996 2994 3000 3005 3027 3050 3059 3070 3067 3076 3075 3087 3086 3062 3071 3072 3087 3077 3088 3071 3081 3082 3081 3079 3080 3083 3082 3088 3088 3094 3086 3083 3078 3064 3067 3086 3071 3074 3081 3074 3086 3079 3069 3075 3067 3063 3041
3006 2996 3015 3015 3012 3003 3020 3002 3004 3004 3006 3000 3005 3015 3012 3014 3005 3009 3002 3005 3022 3038 3062 3062 3071 3086 3087 3078 3077 3079 3074 3073 3069 3066 3094 3094 3085 3088 3081 3091 3083 3086 3077 3079 3080 3090 3081 3077 3061 3081 3065 3083 3081 3071 3077 3079 3080 3069 3087 3076 3060 3053 3050 3040
3009 2998 3014 3015 3016 3020 3029 3024 3012 3018 2997 3008 3012 3015 3013 3014 3012 3025 3005 3033 3030 3033 3057 3072 3073 3075 3090 3079 3083 3082 3078 3078 3065 3090 3088 3085 3071 3083 3081 3089 3083 3077 3090 3080 3076 3079 3085 3085 3079 3075 3080 3071 3080 3076 3068 3073 3079 3078 3079 3069 3058 3048 3039 3027
3005 3000 2996 3004 3001 3012 3020 3013 3010 2990 2998 2992 3002 2994 3002 2995 3008 3015 3023 3026 3035 3043 3071 3062 3079 3091 3086 3074 3076 3075 3082 3069 3070 3088 3079 3084 3074 3087 3089 3088 3088 3085 3081 3085 3083 3083 3083 3085 3088 3087 3083 3071 3080 3075 3068 3074 3070 3071 3059 3062 3048 3038 3031 3030
2989 2994 2978 2999 2994 3006 3001 2997 2992 3013 2992 2992 3001 2996 3018 3007 3015 3030 3038 3034 3042 3047 3067 3070 3081 3083 3083 3091 3080 3067 3092 3073 3089 3088 3083 3082 3083 3084 3085 3084 3076 3084 3078 3082 3096 3090 3093 3083 3075 3081 3085 3071 3073 3087 3078 3083 3075 3065 3061 3055 3049 3022 3036 3014
2975 2980 2990 2987 2973 2989 3002 3004 2998 2995 2994 3013 3023 3020 3028 3043 3030 3034 3043 3063 3068 3053 3086 3072 3076 3071 3079 3082 3075 3085 3077 3076 3080 3080 3083 3086 3082 3069 3082 3068 3076 3073 3076 3090 3082 3089 3076 3074 3081 3078 3062 3071 3079 3090 3069 3079 3078 3067 3061 3059 3043 3039 3018 3011
2996 2995 2999 2992 2983 3002 3016 3010 3002 3008 3027 3024 3022 3041 3051 3048 3053 3048 3057 3068 3073 3079 3080 3083 3076 3071 3061 3072 3081 3086 3070 3084 3073 3085 3088 3089 3083 3090 3086 3085 3079 3080 3086 3087 3078 3076 3080 3089 3074 3079 3065 3063 3065 3080 3057 3071 3084 3072 3057 3044 3041 3017 3017 2999
3023 3008 3005 3024 3018 3016 3012 3031 3029 3034 3020 3030 3053 3054 3063 3038 3051 3057 3060 3059 3077 3066 3069 3077 3061 3075 3072 3072 3071 3080 3082 3073 3077 3073 3061 3069 3072 3076 3077 3078 3074 3081 3089 3089 3075 3077 3066 3060 3066 3076 3062 3070 3076 3064 3064 3073 3087 3079 3067 3050 3032 3020 3015 3008
3025 3026 3009 3031 3048 3048 3039 3041 3035 3041 3043 3048 3046 3055 3053 3052 3060 3040 3053 3064 3075 3079 3072 3064 3055 3065 3075 3069 3074 3071 3068 3078 3075 3081 3066 3074 3068 3087 3073 3065 3073 3072 3082 3085 3066 3070 3065 3053 3056 3069 3065 3069 3073 3072 3060 3077 3068 3081 3051 3049 3036 3024 3027 3015
3033 3042 3033 3041 3052 3055 3051 3047 3048 3044 3039 3046 3054 3045 3062 3048 3053 3067 3046 3060 3060 3074 3056 3068 3069 3064 3082 3066 3073 3067 3065 3072 3073 3070 3073 3067 3073 3073 3082 3075 3084 3086 3087 3082 3080 3090 3074 3075 3063 3073 3083 3087 3053 3063 3081 3076 3086 3087 3072 3047 3038 3034 3026 3011
3056 3053 3054 3055 3039 3060 3051 3048 3054 3051 3037 3043 3056 3056 3066 3053 3049 3046 3060 3070 3074 3079 3064 3077 3072 3078 3073 3060 3068 3080 3089 3079 3080 3076 3076 3073 3067 3067 3076 3079 3073 3086 3073 3085 3095 3078 3079 3083 3082 3084 3083 3079 3073 3078 3074 3066 3079 3079 3080 3080 3065 3035 3032 3031
3058 3057 3058 3054 3057 3058 3049 3046 3060 3055 3060 3059 3064 3065 3049 3045 3066 3067 3063 3071 3076 3067 3071 3080 3072 3063 3073 3076 3068 3072 3077 3067 3065 3075 3073 3069 3066 3069 3082 3091 3077 3091 3068 3072 3079 3077 3088 3076 3088 3058 3063 3070 3079 3083 3084 3085 3076 3087 3077 3077 3063 3060 3042 3044
3059 3070 3055 3059 3068 3070 3060 3053 3061 3074 3057 3063 3046 3058 3041 3044 3053 3074 3053 3071 3064 3068 3056 3072 3068 3077 3066 3067 3074 3083 3075 3075 3080 3080 3064 3048 3073 3075 3081 3081 3064 3071 3083 3075 3083 3081 3106 3085 3081 3068 3063 3075 3071 3084 3084 3080 3081 3080 3080 3078 3083 3065 3051 3049
3064 3066 3061 3059 3075 3066 3061 3066 3069 3062 3056 3052 3054 3046 3043 3055 3059 3058 3068 3066 3073 3071 3065 3077 3071 3070 3074 3070 3083 3074 3068 3072 3077 3079 3066 3075 3066 3077 3062 3071 3069 3083 3080 3076 3080 3082 3085 3078 3076 3073 3082 3076 3074 3073 3066 3074 3080 3089 3081 3099 3082 3075 3064 3050
3058 3076 3075 3086 3079 3071 3074 3077 3061 3069 3066 3051 3051 3054 3069 3042 3066 3060 3061 3065 3084 3071 3078 3070 3068 3083 3062 3071 3067 3073 3075 3067 3085 3077 3068 3082 3078 3077 3054 3087 3076 3075 3076 3070 3076 3076 3083 3084 3079 3075 3083 3080 3065 3059 3078 3069 3078 3084 3079 3087 3081 3092 3072 3062
3062 3084 3082 3076 3074 3069 3072 3070 3069 3058 3055 3064 3055 3058 3056 3045 3068 3060 3071 3071 3070 3074 3077 3078 3073 3083 3080 3078 3080 3072 3071 3089 3075 3078 3092 3088 3091 3087 3084 3074 3080 3079 3075 3084 3060 3091 3080 3082 3085 3082 3086 3087 3080 3070 3078 3073 3072 3075 3085 3076 3072 3082 3071 3041
3073 3078 3087 3081 3066 3065 3071 3062 3046 3050 3060 3060 3064 3057 3052 3050 3066 3064 3068 3069 3072 3080 3067 3082 3072 3079 3077 3083 3081 3077 3078 3090 3083 3068 3090 3073 3068 3078 3084 3078 3086 3093 3082 3069 3078 3077 3091 3095 3095 3092 3084 3079 3070 3079 3078 3064 3067 3086 3083 3073 3074 3076 3075 3061
3062 3079 3078 3082 3058 3068 3072 3052 3062 3059 3064 3052 3074 3058 3065 3056 3062 3065 3056 3062 3068 3082 3073 3068 3063 3070 3089 3089 3073 3085 3075 3081 3080 3079 3077 3086 3082 3082 3082 3084 3075 3086 3083 3083 3084 3074 3084 3088 3089 3090 3089 3075 3084 3072 3083 3080 3089 3088 3074 3084 3075 3070 3079 3079
3082 3078 3078 3069 3073 3094 3087 3074 3067 3073 3073 3073 3082 3072 3064 3067 3062 3065 3054 3074 3078 3081 3079 3065 3071 3063 3061 3068 3070 3088 3058 3052 3065 3071 3083 3079 3071 3079 3077 3091 3068 3084 3072 3094 3094 3087 3076 3074 3082 3092 3085 3075 3082 3076 3075 3081 3083 3097 3095 3079 3083 3081 3099 3105
3088 3080 3076 3062 3065 3063 3067 3085 3070 3077 3075 3072 3071 3061 3078 3070 3061 3053 3057 3057 3074 3073 3066 3068 3064 3066 3072 3072 3070 3072 3063 3063 3073 3065 3084 3073 3071 3075 3080 3066 3081 3072 3082 3080 3082 3091 3087 3091 3075 3070 3076 3067 3073 3068 3077 3068 3082 3090 3084 3101 3090 3090 3087 3092
3095 3074 3056 3054 3064 3067 3076 3082 3085 3081 3076 3075 3073 3069 3066 3068 3055 3035 3053 3046 3062 3070 3072 3050 3088 3079 3067 3047 3076 3073 3058 3056 3067 3052 3075 3079 3066 3073 3075 3066 3064 3071 3068 3062 3085 3088 3095 3091 3084 3063 3074 3078 3075 3066 3078 3067 3069 3073 3089 3100 3094 3095 3081 3084
3077 3071 3062 3078 3067 3069 3070 3077 3078 3071 3065 3060 3078 3058 3063 3048 3064 3056 3042 3041 3057 3058 3066 3065 3074 3073 3072 3076 3062 3070 3066 3078 3071 3065 3068 3062 3076 3066 3064 3062 3074 3059 3068 3070 3078 3093 3066 3075 3080 3080 3075 3076 3061 3063 3062 3084 3089 3069 3092 3090 3094 3095 3089 3060
3066 3072 3060 3074 3063 3068 3069 3072 3061 3073 3051 3069 3071 3065 3065 3067 3045 3062 3044 3048 3071 3065 3079 3075 3073 3061 3078 3076 3067 3067 3084 3086 3074 3070 3073 3079 3081 3063 3071 3054 3075 3063 3083 3086 3082 3076 3073 3071 3076 3075 3072 3064 3060 3048 3068 3071 3073 3076 3082 3096 3078 3082 3075 3081
3063 3066 3075 3064 3067 3069 3077 3070 3073 3069 3069 3074 3072 3067 3074 3082 3059 3066 3073 3061 3047 3057 3058 3074 3065 3075 3072 3075 3076 3076 3075 3077 3084 3062 3067 3074 3071 3074 3077 3081 3078 3066 3075 3079 3071 3081 3091 3083 3062 3079 3075 3071 3078 3085 3069 3069 3085 3092 3088 3084 3083 3075 3080 3065
3091 3081 3066 3076 3075 3068 3067 3072 3067 3069 3066 3075 3079 3073 3061 3071 3082 3078 3067 3066 3064 3057 3051 3066 3067 3074 3070 3071 3079 3082 3067 3072 3080 3083 3078 3078 3064 3089 3081 3080 3074 3082 3075 3093 3078 3088 3081 3085 3080 3080 3082 3080 3087 3070 3072 3068 3092 3095 3078 3088 3081 3097 3071 3065
3083 3075 3080 3080 3075 3060 3077 3074 3082 3059 3084 3075 3087 3085 3067 3079 3068 3084 3069 3064 3079 3048 3057 3069 3058 3073 3089 3079 3079 3085 3082 3078 3075 3075 3065 3080 3081 3078 3057 3078 3082 3074 3087 3071 3086 3094 3094 3084 3087 3076 3086 3084 3080 3081 3083 3081 3090 3105 3084 3093 3079 3077 3076 3081
3091 3095 3088 3082 3070 3079 3077 3083 3081 3097 3080 3082 3081 3066 3066 3079 3063 3071 3082 3068 3057 3071 3084 3062 3063 3068 3058 3076 3066 3068 3073 3079 3077 3075 3079 3061 3082 3074 3072 3083 3087 3094 3080 3078 3083 3099 3082 3077 3087 3091 3075 3086 3079 3095 3081 3077 3091 3080 3081 3080 3074 3078 3082 3071
3079 3076 3079 3076 3069 3065 3077 3079 3075 3086 3091 3081 3072 3073 3080 3070 3072 3068 3074 3074 3068 3064 3062 3063 3057 3065 3052 3065 3070 3065 3071 3071 3068 3081 3082 3073 3071 3081 3077 3071 3087 3085 3080 3069 3081 3087 3090 3102 3086 3078 3074 3081 3082 3088 3075 3092 3068 3076 3074 3072 3064 3063 3074 3063
3080 3073 3068 3076 3055 3059 3069 3075 3081 3080 3082 3078 3063 3069 3066 3084 3079 3072 3083 3066 3065 3061 3065 3069 3051 3053 3052 3062 3082 3068 3059 3063 3073 3080 3072 3082 3070 3072 3072 3070 3065 3074 3070 3086 3069 3079 3075 3099 3077 3073 3080 3083 3071 3081 3078 3096 3076 3065 3059 3063 3079 3090 3060 3061
3069 3080 3087 3085 3077 3063 3076 3075 3076 3079 3063 3088 3075 3060 3063 3073 3076 3074 3071 3075 3061 3061 3068 3070 3055 3044 3063 3058 3071 3070 3055 3067 3052 3060 3085 3060 3070 3067 3060 3073 3081 3066 3073 3067 3065 3078 3081 3083 3072 3078 3068 3072 3076 3086 3087 3080 3070 3078 3068 3072 3071 3068 3063 3065
3068 3083 3094 3084 3075 3072 3080 3075 3066 3075 3076 3058 3071 3065 3072 3069 3077 3084 3066 3066 3062 3058 3060 3058 3052 3059 3067 3075 3072 3074 3048 3052 3044 3069 3068 3066 3070 3058 3063 3061 3059 3051 3064 3082 3062 3075 3074 3061 3058 3058 3068 3068 3077 3078 3078 3075 3064 3076 3067 3084 3083 3059 3066 3074
