3062 3056 3044 3052 3043 3033 3035 3027 3025 3028 3028 3039 3028 3034 3047 3035 3009 3023 3032 3018 2992 3003 3006 3009 3010 3000 3004 3016 3011 3012 3001 2991 3008 3007 3002 3012 3009 3018 3000 3004 2993 3008 3011 2996 3002 3008 3021 3003 3010 3003 3018 3021 2992 2979 2984 2985 2993 2997 2995 2995 2982 2993 2997 2986
3053 3064 3046 3052 3045 3034 3026 3041 3034 3028 3034 3039 3023 3039 3036 3020 3013 3021 3029 3027 3012 3022 3015 3014 3006 2992 3005 3001 3013 3005 3010 3002 3011 3020 2993 2991 3013 3014 3014 3002 2997 2998 3000 2997 3014 2997 3012 3002 3012 2998 2990 3003 2997 3004 2988 2986 2989 2999 2996 3016 2994 3002 3001 2990
3056 3046 3047 3047 3033 3034 3025 3036 3021 3023 3033 3030 3029 3018 3016 3016 3017 3028 3023 3034 3008 3010 3016 3000 2995 3000 2993 3006 3015 3007 3017 3023 2996 2996 2985 3004 2990 3009 3001 3003 3007 3014 3000 3000 2988 3009 3000 2992 3000 3007 2991 2988 2996 2988 2999 2997 2992 2993 2993 3015 3003 2996 3000 2989
3043 3034 3038 3040 3020 3029 3012 3028 3036 3023 3025 3030 3035 3021 3018 3020 3017 3030 3025 3023 3018 3014 3007 3010 3011 3004 3008 3007 3021 2997 3002 3017 3002 2997 3001 2996 2990 3002 3008 3008 3008 3000 2992 2999 3000 2996 3000 2995 2993 2997 2999 2999 3009 3003 3007 2995 2996 3012 3003 3002 2992 3000 2998 2998
3041 3026 3017 3022 3013 3025 3019 3031 3046 3045 3027 3032 3043 3008 3015 3022 3005 3009 3032 3020 3018 3024 3006 3002 3003 3013 3022 3002 3016 3012 3017 3012 3006 3010 3004 2991 3004 3002 3004 3014 3021 3019 3006 2985 2986 2984 3000 2993 2994 3001 3002 2997 3011 3005 2999 2984 3003 3008 2997 2989 2997 2981 2999 2992
3041 3036 3029 3034 3035 3032 3042 3035 3025 3021 3025 3018 3013 3013 3024 3017 3006 3017 3034 3015 3011 3019 3017 3022 3010 3015 3018 3004 3014 2993 3001 3007 2998 2992 2996 3002 3002 3008 2996 3001 3009 3014 2995 3012 2998 2995 2992 2987 2987 3002 3009 3017 2994 3010 2991 2998 3006 2997 3003 2998 2992 3000 2993 2996
3029 3040 3024 3049 3038 3049 3030 3030 3018 3018 3010 3004 3027 3009 3008 3022 3007 3008 3020 3019 3007 3023 3016 3007 3000 2998 3016 3010 3001 2997 2992 2994 2988 2995 3000 2997 2999 2999 2999 2989 2999 2996 3004 3005 3020 3022 2997 2991 3004 3002 3014 3010 3007 3007 2997 2989 3001 3004 3000 2994 3006 2998 3004 3006
3006 3000 2992 2982 2998 2999 2997 2995 2997 2992 2974 2995 3008 3002 2994 2996 2998 3008 2996 3001 2986 2987 3010 2998 2986 2999 2990 2988 2993 2988 2990 2971 2979 2980 2976 2997 2992 2976 3005 2997 2993 2985 2990 3007 3007 3006 2998 2987 2993 2994 3004 2994 2996 2994 2983 2983 3008 2999 2996 2985 2985 2989 2995 3012
2977 2968 2963 2959 2934 2960 2967 2957 2963 2959 2969 2972 2978 2975 2995 2984 2991 2984 2975 2976 2974 2974 2980 2965 2984 2972 2982 2981 2979 2992 2982 2983 2971 2981 2971 2968 2993 2975 2977 2981 2979 2973 2984 2988 2990 2993 2989 2986 2982 2984 2997 2999 2989 2988 2987 2989 2993 3012 2984 2984 2993 2984 2976 2983
2961 2967 2952 2964 2964 2959 2968 2960 2960 2958 2976 2980 2966 2972 2974 2984 2979 2991 2984 2976 2977 2965 2973 2970 2980 2983 2992 2984 2981 2974 2988 2982 2991 2979 2974 2981 2980 2989 2979 2988 2984 2978 2982 2980 2996 2984 2982 2982 2996 2980 2980 2989 2999 2993 2992 2994 3004 3000 2989 2992 2976 2993 2986 2981
2948 2948 2962 2962 2975 2975 2959 2971 2956 2964 2970 2963 2963 2975 2968 2977 2988 2989 2987 2970 2966 2983 2999 2991 2977 2996 2984 2981 2990 2974 2986 2979 2984 2994 2989 2983 2982 2978 2976 2980 2980 2976 2984 2989 2984 2976 2984 2990 2988 2989 2991 2991 3001 3009 3003 2997 2989 2987 2987 2986 2998 2984 2997 2990
2951 2951 2971 2970 2982 2983 2966 2973 2982 2977 2987 2981 2982 2972 2993 2977 2985 2980 2983 2987 2980 2981 2980 2985 2980 2976 2989 2995 2997 2996 2981 2985 2989 2993 2980 2983 2986 2982 2985 2989 2982 2993 2989 2993 2989 2988 2984 3006 2995 3000 2990 2983 3006 2998 3005 2993 2992 2991 2983 3009 3003 2995 2985 3004
2962 2974 2955 2973 2979 2975 2981 2966 2969 2976 2977 2992 3001 2983 2989 2983 2984 2993 2991 2983 2986 2992 2982 2976 2993 2983 2998 3004 2991 2983 2985 2986 2984 2986 2998 2993 2993 2990 2986 2986 2985 2980 2986 2993 2976 2993 2977 3009 3006 3004 2995 2987 2989 2986 2994 2985 2985 2981 2990 2985 2992 3000 3004 2985
2976 2970 2983 2977 2971 2971 2979 2971 2976 2990 2990 2977 2980 2983 2974 2989 2987 2987 2995 2992 2972 2985 2984 2973 2980 3002 3000 2991 2990 2995 2984 2983 2991 2978 2987 2998 2980 2987 2996 2994 2977 2988 2997 2991 2989 2984 2992 2994 2998 2986 2991 2990 2990 2982 2999 2991 2994 3009 2987 2984 2977 2996 2994 2995
2976 2982 2978 2982 2964 2971 2958 2979 2975 2981 2996 2987 2977 2979 2977 2985 2997 2988 2989 2983 2992 2970 2970 2966 2988 2986 2979 3001 2993 2987 2992 2990 2983 2974 2989 2994 3005 2988 3000 2998 2982 2983 3001 2999 2975 2985 3002 2993 2997 2988 2995 2997 2997 3011 2986 3000 2992 3010 2992 2987 2993 2986 2995 2990
2992 2991 2994 2986 2986 2981 2976 2972 2981 2980 3000 2994 2988 2986 2996 3005 2986 2990 2997 2984 2977 2977 2978 2984 2980 2989 2983 2985 2986 3005 2987 2988 2993 2975 2979 2990 2993 3001 3003 2997 2978 2991 2996 2994 2985 2976 2997 2988 2987 2988 2986 2989 2991 2989 2989 2999 3005 2989 3002 2987 2996 2988 2992 2983
2993 2997 2984 3001 2987 2995 2997 2994 2992 2991 2989 2989 2982 2981 2997 2995 3004 2999 2998 2991 2987 2982 2976 2978 2978 2978 2989 3001 2992 2997 2991 2996 2995 2980 2963 2971 3007 3005 2999 2978 2975 2985 3001 3000 3009 2997 2996 2993 2983 2986 2983 2994 2997 2991 2990 3001 2996 2981 2978 2975 2984 3005 2996 2993
2991 2994 2995 2995 3011 3000 2996 2996 3000 2994 2987 2992 2972 2984 2983 3004 2992 2984 2998 2999 2993 2996 2985 2977 2984 2973 2990 2987 2983 2986 2980 2988 2996 2989 2987 2979 3001 2988 2984 2988 2976 2983 3001 3002 2989 2985 2997 2978 2993 2982 2984 3005 2997 2996 3007 2998 2978 2987 2982 2984 2983 2986 2997 2984
3003 2991 2994 3009 3007 3002 2989 2991 3004 2991 2988 3000 2986 2986 2986 2988 3002 2999 2997 2994 2986 2973 2995 2996 2989 2993 2997 2989 2987 2985 2982 2995 3006 2996 2993 2991 2990 3014 2995 2990 2992 3003 3006 3009 3003 2999 2993 2990 2990 2986 2990 2979 2999 3004 3000 3003 3012 2996 2998 3004 2995 2995 2995 3016
2996 3002 3001 2989 3016 3006 2996 2987 3000 2998 2992 3004 2999 2988 2982 2990 2987 2993 2996 2989 2986 2982 2972 2991 2998 3008 3000 2995 2982 2994 2991 2999 3001 3000 2989 2995 3008 3007 3000 3002 3002 2999 2984 2987 2996 2996 2992 2985 2996 3000 2996 2998 2999 2997 3009 2995 3005 3000 3005 3007 2985 2981 2992 3013
3012 2995 2991 3013 3018 3009 3000 2993 3001 2998 2996 3006 3005 2988 2991 2986 2990 2996 3008 2994 2986 2982 3000 2999 2984 3001 2994 2987 2994 2990 2995 2993 2989 3004 2990 2997 2987 2999 2999 3004 3008 2998 2995 2993 3004 2988 2988 3001 3002 2996 2992 2994 2994 3004 3010 3012 2994 3005 3018 3018 3004 2995 2996 3003
2991 3000 3013 3006 3012 3022 3001 3003 3011 3006 3008 3002 3004 2997 2988 3004 2994 2990 2999 2988 2997 2997 3001 3000 3006 3006 3009 3001 3001 3005 2996 3005 3008 3010 3000 2993 3011 3006 2995 3015 3024 3016 3010 2994 3007 3002 2998 3019 3005 3015 2998 3002 2992 3009 3008 3006 3002 2997 2995 3015 3016 3000 3004 3002
3027 3002 3001 3026 3019 3014 3011 3002 3018 3004 3006 3007 2999 3009 3012 3010 3021 3003 3018 3023 3012 3026 3003 3016 3006 3007 3013 3010 3003 3004 3019 3008 3012 3007 3017 3015 3000 3000 3005 3020 3013 3026 3018 3028 3017 3012 3019 3026 3018 3024 3002 2998 3014 3033 3008 3018 3018 3012 3016 3008 2984 3005 3006 3002
3020 3015 3001 3013 3004 3013 3021 2998 3020 3010 3013 3005 3001 3013 3017 3013 3011 3011 2992 3011 3006 3004 3007 2994 3019 3022 3023 3014 3005 3007 3021 3012 3004 3031 3013 3016 3017 3025 3018 3013 3025 3024 3016 3010 3010 3008 3024 3012 3014 3009 3019 3014 3019 3015 3013 3019 3023 3012 3009 3012 3009 3007 3006 3024
3022 3006 3016 2996 2999 3004 2996 2993 3003 3011 3014 3016 3002 3009 3006 2998 3004 2998 2994 3004 2992 3008 2998 3010 3012 3013 3020 3011 3007 3008 3019 3018 3027 3037 3021 3010 3024 3012 3019 3015 3018 3023 3014 3000 2996 2995 3016 3005 3006 3007 3004 3016 3017 3004 3010 3012 3013 3002 3021 2988 3007 2997 3008 3028
3016 3005 2992 3005 2998 2985 2992 3000 2995 2999 2992 3003 3012 3014 2992 3000 2980 2999 2988 2995 2997 2997 2980 2989 2985 3001 3010 3014 3021 3013 3006 3014 3025 3032 3028 3025 3039 3022 3020 3018 3024 3023 3017 3010 3013 3007 3021 2998 3005 3010 3006 3009 3005 3009 3011 3010 3008 3004 2986 2999 3013 3005 3015 3015
2999 3001 2993 2997 3000 2994 2988 2998 2988 2990 2988 2990 3000 2994 2982 2984 2988 2979 2984 2990 2997 3006 3002 2984 2995 3006 3000 3003 3027 3015 3012 3028 3046 3031 3024 3029 3042 3039 3023 3021 3004 3025 3005 3015 3018 3003 3008 3001 3011 2999 2999 2993 3015 3000 2992 3005 2990 3003 3002 2990 2990 3017 3005 3002
2994 2996 3008 3009 2982 3001 2987 2988 2997 2979 2984 2987 2996 2985 2982 2995 3006 2996 2990 2993 2988 2994 2988 2986 3003 3014 3017 3002 3013 3024 3030 3026 3036 3048 3046 3043 3046 3036 3035 3022 3015 3016 3022 3031 3012 3012 3022 2995 3002 2990 2995 3007 2999 3004 2996 2978 2993 2995 2994 2989 3001 3006 3006 2995
2995 2998 3020 3001 3009 2993 2974 2985 2986 2989 2980 2992 2992 2981 2996 2996 2997 2989 2987 3001 2976 2988 3002 2991 2998 3019 3011 3009 3006 3019 3030 3015 3044 3058 3049 3063 3056 3053 3037 3025 3022 3029 3032 3037 3013 3014 3007 3017 3008 3007 2999 2992 2994 2991 3001 2995 2996 3000 2977 2999 2983 3003 2998 3010
2991 3004 3001 3005 3004 2997 2985 2988 2979 2982 2993 2991 2996 2991 3001 2993 2993 2988 2992 2980 2997 2995 2996 3005 2998 3009 3006 3020 3018 3010 3023 3020 3041 3060 3064 3059 3042 3040 3035 3032 3026 3029 3019 3031 3012 3008 3006 2997 3006 2993 2992 2984 2983 2980 2994 2996 2993 2991 2993 2974 2984 3003 2996 2989
2989 2994 2993 3003 2995 2996 2991 2984 2989 2981 2990 2980 3006 3015 2986 2990 2988 2979 2979 2994 2995 2987 2994 3006 3016 3006 3016 3015 3014 3025 3016 3044 3051 3059 3072 3075 3066 3033 3031 3022 3032 3016 3021 3020 3021 3020 3008 3021 3015 3016 2987 2991 2983 2990 2981 3004 2991 2992 2979 2981 2996 2996 2993 2972
2995 2975 2989 2993 3004 3000 2994 3000 2989 2978 2979 2994 2993 2994 2988 2979 2979 2978 2985 2981 2983 2997 2977 3007 3014 3008 3026 3005 3033 3022 3024 3033 3052 3061 3055 3070 3063 3059 3038 3042 3039 3043 3030 3021 3016 3028 3030 3015 3022 3021 3003 2986 2989 2984 2989 2994 2994 2982 2987 2994 2984 2989 2977 2982
2993 2977 2988 2986 2994 3005 2991 2986 2994 2984 2981 2975 2996 2992 2988 2968 2984 2986 2972 2988 2982 2989 2970 3002 2996 3008 3027 3021 3034 3025 3017 3034 3053 3066 3066 3080 3067 3050 3050 3051 3048 3045 3036 3032 3035 3036 3038 3043 3021 3008 3005 2987 2998 2987 3010 2988 2997 2974 2983 2998 2988 2981 2970 2999
3006 3003 2987 3004 3002 2996 2998 3003 2984 2987 2980 2995 2994 2992 2984 2990 2985 2989 2990 2998 2997 2988 2991 2989 3009 3020 3021 3024 3032 3030 3027 3033 3037 3066 3082 3083 3066 3066 3065 3059 3069 3043 3029 3028 3026 3027 3045 3046 3031 3016 3016 3009 2997 2999 3001 2992 2989 2986 2999 2991 2991 2998 2982 2989
3015 3012 3014 3010 3011 3011 3017 3007 3010 3005 3000 2999 3005 2997 2997 2984 3002 3001 2999 3005 3002 3010 2987 3019 3013 3010 3024 3022 3037 3029 3040 3047 3070 3079 3101 3088 3074 3071 3069 3067 3060 3058 3048 3034 3044 3051 3049 3045 3035 3027 3026 3014 3011 3007 3002 3014 3012 2995 3005 2991 2999 2986 2994 3000
3021 3015 3010 3017 3010 3016 2994 3008 3007 3012 3006 3007 3022 3010 3000 2999 3011 3006 3007 3005 3013 3007 3005 3007 3015 3015 3022 3023 3032 3025 3032 3052 3074 3078 3071 3070 3072 3072 3063 3071 3062 3080 3039 3037 3036 3052 3062 3061 3043 3041 3022 3028 3011 2999 3013 3012 3017 2998 3001 2993 2999 3006 2990 3009
2996 3005 2997 2998 3002 2994 2999 2996 2980 2993 2990 2997 2999 2987 2990 2998 3001 2993 3000 2999 2997 2996 2996 3010 3006 3011 3033 3027 3033 3036 3059 3081 3093 3076 3089 3076 3071 3060 3074 3074 3091 3065 3056 3045 3044 3047 3055 3048 3055 3034 3031 3024 3022 2995 2986 2984 2993 3003 3005 2994 2991 3001 3010 2990
2996 2982 2988 2996 2996 2991 3001 2991 2981 2977 2979 2978 2991 2999 2983 2998 3009 2986 2988 2987 2986 2994 2983 3008 3007 3017 3022 3029 3030 3038 3059 3058 3062 3073 3077 3072 3073 3080 3072 3074 3072 3088 3056 3042 3051 3060 3050 3063 3054 3047 3028 3018 3004 2993 2996 2996 2984 2992 2992 3000 2986 2997 2997 2988
2971 2983 2985 2999 2991 2993 2984 2990 2986 2980 2982 2985 2991 2988 2992 2983 2985 3001 2989 2985 2996 2997 2994 3004 3010 3020 3037 3026 3041 3041 3057 3082 3077 3088 3084 3073 3073 3073 3063 3062 3082 3077 3085 3053 3061 3067 3071 3065 3057 3056 3026 3011 3001 3016 2987 2973 2993 2996 2992 2991 2988 2997 2988 2982
2987 2995 2996 2991 2988 2986 2984 2974 2984 2982 2991 2974 2987 2989 2991 2993 2987 2993 2993 2997 2973 2982 2989 3003 3004 3010 3027 3037 3058 3049 3063 3058 3075 3059 3083 3080 3079 3075 3079 3077 3073 3078 3083 3062 3059 3066 3077 3075 3065 3048 3020 3000 2999 3001 2996 2986 2998 2997 2988 2993 2988 2999 2989 2978
2972 2977 2990 2986 2998 2988 2984 2987 2988 2986 2975 2992 2990 2997 3002 2993 2979 2991 2986 2970 2980 2997 2983 2999 3018 3021 3035 3058 3049 3073 3065 3071 3079 3080 3078 3095 3075 3082 3076 3078 3077 3081 3067 3057 3062 3067 3081 3072 3068 3040 3023 3006 2995 2994 2997 2985 2981 3000 3001 2991 3010 2999 2993 2988
2982 2986 2990 2986 2990 2986 2980 2980 2987 2997 3004 2989 2988 2991 3006 2996 2982 2990 2985 2986 2978 2971 2988 3003 3014 3018 3043 3057 3063 3093 3075 3065 3090 3078 3099 3082 3081 3086 3091 3100 3090 3072 3081 3078 3073 3066 3078 3064 3070 3055 3016 3018 3008 3001 2995 2987 2996 2986 2983 2999 2997 2997 3004 2992
2982 2984 3003 2989 2988 2987 2983 2985 2983 2997 3006 2992 3002 2995 2989 3001 2982 2986 3000 2991 2979 2981 2994 3004 3020 3016 3039 3048 3066 3082 3084 3075 3076 3069 3083 3090 3075 3084 3091 3075 3073 3082 3081 3083 3077 3072 3073 3086 3066 3037 3018 3002 3023 3006 3005 2988 2986 2995 2995 2987 3001 3001 3002 3001
2986 2981 2991 2990 2977 2980 2983 2986 2974 2992 3011 2985 2990 2990 2987 2986 2985 2983 2993 2986 2983 2988 2985 2997 2996 3014 3030 3055 3062 3082 3071 3077 3090 3077 3079 3089 3083 3074 3088 3087 3080 3081 3079 3085 3074 3074 3078 3064 3067 3040 3022 3007 3019 3010 2998 3003 2994 3010 3001 2997 3007 3001 3002 3010
2992 2978 2990 2981 2977 2983 2983 2997 2993 2996 3000 3007 3010 2989 2982 2981 2968 2981 2989 2988 2971 2991 2995 3009 2995 3016 3038 3066 3065 3065 3069 3068 3072 3066 3084 3081 3082 3091 3081 3096 3071 3065 3070 3076 3080 3091 3064 3059 3065 3028 3015 2990 3010 3008 2999 2997 2999 2999 2996 2999 3008 3001 2993 2995
2985 2988 2971 2971 2968 2976 2996 2984 3003 2986 2978 2990 3008 3000 2987 2978 2970 2976 2985 2998 2979 2992 2988 2987 2990 3021 3038 3051 3069 3068 3081 3083 3080 3074 3078 3080 3090 3088 3083 3069 3058 3066 3080 3080 3080 3083 3078 3058 3036 3031 3017 2998 3015 3008 3001 2988 2979 3004 3000 3016 2999 2999 2993 2997
3000 2981 2977 2968 2979 2983 2991 2986 2981 2983 2988 2981 2993 2988 2993 2994 2985 2982 2998 2996 2991 2989 2992 2992 2988 2996 3024 3048 3051 3063 3078 3069 3082 3067 3076 3075 3084 3084 3075 3079 3077 3083 3079 3082 3071 3078 3066 3068 3042 3014 3010 3002 3002 3004 2997 3001 2988 3001 3006 2996 3001 2994 2982 2987
2985 2989 2990 2977 2979 2969 2996 2990 2994 2976 2977 2970 2980 2983 2991 2985 2980 2991 2987 2979 2997 3001 2987 2979 2980 2990 3024 3036 3043 3043 3075 3064 3063 3059 3062 3086 3077 3079 3073 3065 3063 3065 3077 3060 3056 3064 3066 3051 3036 3031 3017 3008 3018 2997 2991 2980 2997 3003 2987 2991 2996 2988 2995 2989
2980 2992 2985 2989 2972 2978 2981 2975 2983 2979 2971 2980 2988 2976 2981 2987 2986 2982 2972 2985 2989 2984 2988 2994 2988 3002 3004 3025 3041 3067 3069 3062 3069 3082 3067 3088 3072 3074 3084 3066 3088 3082 3077 3083 3073 3070 3070 3050 3025 3002 3010 3001 3003 2995 2988 2982 3002 2977 2987 2997 3004 2994 2996 2993
2985 2989 2987 2986 2975 2977 2985 2969 2981 2970 2990 2998 2980 2990 2987 2985 2978 2983 2984 2986 2982 2995 2995 2995 2995 3018 3003 3021 3040 3052 3068 3080 3076 3078 3084 3078 3094 3075 3073 3074 3074 3074 3079 3096 3072 3068 3060 3045 3024 3011 2999 3004 2993 3008 2998 2987 2998 2985 3000 2997 2991 2986 2994 2985
2986 2980 2989 2988 3010 2986 2995 2974 2978 2979 2988 2987 2987 2998 2976 2982 2984 2977 2981 2983 2980 2981 2990 2993 2990 3001 3011 3003 3040 3046 3060 3068 3079 3070 3073 3083 3076 3086 3073 3087 3080 3078 3082 3087 3071 3070 3065 3041 3024 3028 3000 2983 3003 2999 3005 2989 2987 2982 2995 3003 2984 2997 2988 2985
2989 2984 2982 2992 3002 2976 2990 2981 2976 2987 3006 2990 2990 2993 2985 2980 2975 2982 2983 2987 2982 2977 3002 2992 2985 2994 2999 2999 3024 3046 3062 3060 3075 3070 3078 3084 3070 3082 3077 3076 3071 3088 3080 3073 3066 3044 3040 3036 3007 3015 3006 2994 2987 2985 2987 2991 2997 2987 3003 2991 2993 2991 2994 2977
2983 2992 2987 2979 2989 2994 2990 2985 2984 2982 2990 2982 3003 3004 2991 2991 2984 2968 2977 2974 2981 2980 2998 2985 2987 2993 2986 2994 3009 3036 3049 3060 3069 3075 3091 3087 3067 3082 3077 3074 3081 3083 3081 3074 3069 3062 3031 3027 3010 3000 3000 2991 2994 3000 2995 2975 2991 2995 3001 3008 2993 2975 3000 2984
3009 2992 2990 2988 2976 2985 2998 2994 2984 2986 2998 2987 2996 2992 2988 2978 2979 2987 2981 2983 2983 2999 3001 2997 3004 2983 2983 2985 3001 3026 3049 3067 3057 3081 3091 3082 3079 3065 3068 3080 3081 3082 3084 3077 3072 3057 3020 2998 3002 3003 3002 3005 2993 2980 2997 2989 2992 2997 2993 3006 3005 2989 2987 2983
2982 2987 2978 2976 2989 2990 2996 2982 2976 2995 2977 2987 3000 2978 2988 2984 2978 2992 2977 2973 2980 2981 2982 2979 2987 2982 3001 2998 3016 3015 3044 3061 3058 3075 3083 3086 3072 3070 3071 3071 3093 3088 3083 3069 3053 3049 3032 3006 2997 2999 3009 3006 2990 2994 2978 2986 2998 2998 3015 2983 2990 2981 2987 2991
2984 2979 2985 2985 2995 2985 2995 2995 2972 2978 2988 2993 2974 2979 2971 2976 2989 2973 2969 2974 2974 2975 2966 2986 2995 2990 2994 2998 2985 3013 3037 3062 3065 3059 3078 3082 3079 3079 3060 3067 3078 3086 3072 3073 3059 3052 3031 3001 3000 2997 3009 3004 3006 2988 2998 2988 2993 2994 2990 2999 2995 2999 2976 2982
2992 2997 2989 2999 2992 2979 2998 2974 2983 2970 2978 2967 2987 2991 2996 2985 2982 2983 2985 2985 2980 2992 2980 2985 2998 2996 3002 2995 3005 3028 3041 3055 3074 3075 3075 3100 3088 3086 3081 3084 3070 3074 3075 3062 3062 3060 3031 3017 3013 3002 2999 2997 2997 3014 3007 3001 3000 2982 2994 3007 2995 2985 2989 2978
2991 3010 3016 3015 3000 2994 2987 2983 2993 2989 2973 2980 3002 2996 2989 2981 2989 2981 2986 2984 2997 2988 2987 2999 3017 3008 2993 3008 3000 3015 3048 3064 3075 3093 3088 3085 3083 3090 3084 3086 3088 3088 3092 3077 3072 3068 3046 3020 3011 3016 2998 3016 3009 3006 3001 3013 3011 3006 3003 3005 2985 2989 2996 2981
3003 2997 3005 3013 3005 2981 2984 2987 2986 2979 2979 2992 2992 2987 2992 2992 2975 2998 2993 3008 3001 2994 3003 2993 3001 3022 3005 3007 2997 3035 3058 3066 3097 3078 3079 3077 3084 3079 3100 3084 3083 3073 3077 3099 3075 3076 3043 3030 3002 3019 3014 3024 3004 3010 3014 3004 3001 2982 2996 2990 2991 2976 2991 2989
2991 2993 2976 2996 2997 2989 2997 3003 2995 2986 2983 2996 2988 3006 2990 2989 2988 2986 2990 3004 3016 3005 2991 3002 3004 3013 3012 3026 3031 3042 3068 3066 3077 3072 3065 3076 3089 3095 3083 3083 3089 3080 3109 3090 3082 3074 3051 3035 3012 3003 3023 3028 3022 3009 3004 2999 3005 2998 2984 2996 2996 3001 2996 3006
2995 2989 2988 2996 3004 2997 3007 3003 3002 2992 2985 2994 2999 2999 2979 2994 2982 2985 2991 3004 2994 3010 3012 3023 3024 3018 3022 3031 3045 3051 3072 3063 3075 3087 3089 3082 3080 3096 3091 3079 3085 3086 3086 3082 3086 3075 3060 3049 3037 3028 3029 3023 3025 3009 3006 3016 3011 3011 3002 3001 2987 2996 3002 2991
2983 2976 2995 3004 2989 2999 3012 2999 2997 2988 2993 3001 2990 2997 3001 2995 3005 3012 3018 3010 3018 3009 3036 3027 3032 3035 3045 3053 3060 3067 3074 3075 3077 3093 3083 3082 3079 3092 3087 3083 3087 3094 3079 3101 3087 3089 3068 3053 3044 3030 3030 3029 3028 3037 3018 3014 3014 3022 3005 2997 3001 3007 3005 2982
2968 2991 2980 2993 2995 2987 2996 3001 3000 2990 2996 2984 2989 2993 3003 3014 3014 3001 3043 3028 3045 3025 3032 3032 3048 3035 3053 3041 3058 3072 3077 3075 3083 3077 3089 3077 3095 3073 3088 3078 3090 3075 3086 3074 3088 3086 3083 3052 3065 3045 3049 3035 3040 3031 3030 3022 3034 3040 3021 3016 3018 3017 3016 2997
2965 2963 2988 2994 3001 2999 2996 2991 2995 3000 2997 2983 2976 2997 3012 3024 3026 3022 3042 3042 3042 3051 3053 3044 3048 3053 3044 3046 3061 3064 3084 3064 3063 3081 3076 3084 3090 3089 3076 3080 3081 3090 3085 3072 3073 3078 3069 3061 3066 3062 3063 3062 3060 3050 3033 3018 3052 3042 3030 3015 3019 3005 3020 3001
