3038 3058 3048 3049 3044 3041 3030 3026 3030 3024 3027 3027 3036 3027 3033 3022 3026 3024 3018 3001 2998 3007 3012 3036 3018 3024 3013 3014 3008 3009 3013 3007 3010 3012 3012 3002 3010 3018 3003 3004 3009 3003 3002 3000 2999 3001 2992 2993 2996 3005 3012 3008 2996 2981 2994 2996 2991 3018 3013 3014 3024 3003 3008 3005
3061 3051 3029 3040 3051 3050 3019 3032 3036 3038 3025 3025 3040 3038 3035 3025 3023 3009 3018 3022 3002 3000 3025 3012 3016 3019 3015 3018 3015 3002 3011 3015 3010 3008 3013 3005 3009 3001 3001 3009 3002 3002 3006 3011 2997 2994 3009 3013 3013 3001 3005 3010 3001 2999 2983 2985 2998 2996 2998 3002 3009 3003 3005 3013
3047 3041 3041 3040 3028 3040 3027 3031 3037 3033 3030 3022 3036 3022 3027 3018 3009 3005 3013 3008 3005 3008 3007 3006 3021 3025 3020 3007 2996 3005 3018 3000 3010 3017 3019 3013 3003 3001 3005 3010 3000 2990 3006 3021 3005 2995 3009 3007 2996 3004 2990 2990 3003 2995 2987 2985 2997 3005 2995 3018 3005 3013 3008 3008
3035 3044 3036 3030 3036 3032 3025 3021 3019 3032 3026 3025 3028 3032 3021 3008 3007 3007 3017 3018 3010 3013 3007 3013 3002 3013 3023 3012 3026 3012 3004 3009 3005 2987 3017 3008 2995 2998 2995 2993 2996 3007 3006 3017 3012 3008 3010 3004 2998 2994 2993 2993 2990 3003 2996 3011 2996 3006 3000 2992 3013 3016 3007 2997
3040 3027 3036 3037 3032 3025 3021 3026 3034 3035 3022 3027 3031 3016 3013 3017 3004 3015 3001 3003 3017 3022 3000 3019 3007 3026 3017 3024 3008 3020 2999 2995 2992 2990 3004 3013 3007 3001 3002 2999 3005 3007 3016 3008 3004 2998 3000 3000 3007 3004 2993 2991 3005 3002 2991 3006 3006 3011 3002 2998 3000 2997 2985 2991
3044 3018 3030 3035 3030 3010 3020 3024 3018 3015 3008 3018 3023 3028 3035 3008 3002 3009 3031 3008 3015 3011 3009 3006 3012 3011 3014 3011 3014 3018 2993 2998 3008 3005 3012 2995 2993 3013 3004 3000 2999 2996 2997 2991 2997 2990 2996 3001 3003 3007 2999 2992 2990 2998 3006 3010 3009 3012 2999 2989 3000 2996 3004 3006
3045 3026 3023 3024 3002 3015 3026 3020 3019 3017 3001 3021 3020 3032 3025 3028 2997 3016 3019 3025 2998 3013 3014 3004 3003 2996 2989 2994 2998 2998 2998 3003 3026 3004 3003 3008 2999 3007 3001 2999 3000 3002 2993 2989 3008 2992 2996 3000 3006 3007 3012 3012 3013 3007 3004 2997 3002 3009 2990 2990 2976 2994 3006 3008
2992 2998 2983 3006 2991 2995 3000 2977 2980 2993 2995 3004 3000 2999 3007 3020 3005 2978 2999 2990 2983 2984 2991 2988 3003 3000 2999 2977 2988 2992 2991 2988 2997 3004 3001 2989 2985 2999 2995 3007 2994 2977 2989 2991 2998 2991 2996 2988 3006 3000 2994 3000 2990 2995 3005 2995 3000 2999 2994 2988 2991 3004 3005 3000
2956 2949 2946 2962 2971 2973 2957 2961 2958 2960 2972 2985 2988 2979 2980 2977 2980 2970 2973 2956 2953 2988 2988 2988 2973 2988 2977 2987 2991 2979 2986 2986 2989 2986 2987 2980 2979 2997 2985 2986 2983 2983 2978 2997 2989 3003 2977 2995 2990 2997 2998 2990 2986 2976 2983 2992 2994 3000 2996 3001 2988 2987 3004 2992
2956 2968 2959 2978 2966 2962 2968 2963 2967 2968 2976 2973 2993 2979 2978 2977 2980 2977 2965 2971 2981 2984 2985 2981 2981 2974 2973 2988 2988 2985 2987 2988 2981 2992 2987 2971 2976 2983 2986 2979 2987 2981 2979 2991 2978 2980 2985 2987 3001 2989 2999 2997 2976 2994 2984 3000 2994 2988 2994 3004 2995 2995 2992 2993
2964 2961 2967 2958 2960 2951 2951 2959 2976 2986 2971 2984 2986 2975 2976 2979 2978 2980 2976 2980 2982 2973 2977 2970 2979 2977 2974 2974 2993 2996 2986 2976 2988 2988 2997 2983 2981 2982 2977 2978 2985 2975 2980 2986 2995 2963 2976 2986 2981 2982 3002 2994 2984 2973 2988 3005 2994 2998 2987 2989 2998 2994 2991 3001
2963 2963 2966 2963 2957 2964 2959 2972 2972 2978 2972 2969 2981 2982 2972 2970 2977 2972 2982 2966 2994 2979 2979 2977 2991 2977 2985 2989 2986 2990 2983 2985 2984 3002 2982 2996 2981 2976 2982 2988 2983 2995 2995 2974 2978 2995 2983 2981 2981 2979 2991 2989 2986 2994 2988 2977 2989 2993 3000 3000 2987 2988 2997 3006
2975 2967 2960 2971 2965 2974 2973 2979 2972 2977 2977 2978 2976 2980 2978 2973 2977 2976 2982 2989 2979 2982 2979 2976 3005 2991 2984 2984 3000 2998 2982 2976 2990 2993 2988 2980 2985 2982 2990 2999 2984 2971 2982 2985 2985 2996 2976 2983 2980 2988 2997 2989 2977 2986 2975 2987 2975 2953 2987 2988 2977 2967 2993 2993
2969 2964 2973 2955 2971 2984 2977 2987 2975 2967 2971 2974 2983 2981 2960 2965 2982 2982 2981 2966 2974 2974 2997 2986 2977 3001 2985 2974 2989 2987 2999 2987 2981 2995 2978 2982 2979 2977 2994 3008 2996 2995 3004 2982 3003 2989 2991 2995 2983 2994 2976 2981 2991 2970 2983 2992 2991 2977 2988 2980 2990 2984 2986 2993
2976 2972 2979 2975 2980 2972 2974 2978 2980 2973 2979 2980 2972 2968 2962 2989 2983 2980 2973 2974 2971 2982 2986 2986 2993 2987 2998 2987 2992 2992 2994 2980 2994 2987 2991 2989 2981 2985 2994 2990 2998 3002 2996 2988 2990 2988 2985 2995 2980 2992 2985 2987 2992 2991 2993 2999 2990 2986 2985 3002 2992 2982 2996 2990
2995 2980 2976 2973 2983 2981 2990 2985 2991 2994 2986 2992 2981 2984 2979 2982 2981 2970 2974 2981 2969 2995 2992 2993 2971 2986 3002 2995 2986 2992 2989 2987 2978 2990 2990 2981 2988 2995 2993 2995 2983 2982 3001 2982 2995 2990 2996 2988 2991 2995 2971 2981 2986 2993 3002 3002 3003 2989 2990 2990 2992 3007 2985 2996
2987 2978 2982 2990 2988 2995 2988 2996 3012 2988 3000 2990 2998 2995 2992 2993 2983 2988 2993 2992 2999 2974 2996 3000 2981 2974 2992 2988 3006 2985 2982 2990 2986 2991 2983 2996 3000 2990 2993 3000 2979 2983 2982 2993 2989 2987 2987 2995 2983 2990 2995 2995 2992 3015 3019 3009 3003 2989 2991 2986 2985 2999 2983 2974
2992 2987 2990 2980 2999 2984 3009 3005 2978 2993 2989 2990 2986 2991 3003 2987 2990 3003 2979 2976 2976 2977 2976 2984 2975 2977 2981 2996 2991 2985 2996 2980 2991 3003 2983 2989 2987 2996 2981 2996 2984 2986 2990 2983 2985 2987 2994 2990 2987 2989 2987 3000 2996 3001 2997 3012 3000 2996 2986 2988 2987 2996 2989 2982
3005 2986 2986 2986 2983 2977 2993 2995 2987 2986 2988 2988 3000 2996 2998 3003 3002 2996 2971 2971 2986 2967 2992 2999 2977 2978 2986 2987 2983 2975 2978 2997 2987 2993 2992 2990 2977 2977 2974 2998 2997 2998 3003 2992 2989 2985 2987 2998 2995 2989 2986 2979 3011 2998 3004 2987 3008 2992 2996 2977 2984 2986 2997 3004
3006 3000 3003 2990 2993 3000 2988 2983 2987 2992 2993 3005 3004 2999 2999 2990 3010 2982 2976 2971 2981 2983 2991 2996 2981 2989 2993 2993 2980 2988 2998 2986 2995 2997 3000 2981 2981 2988 2999 3005 2999 3004 2993 2992 2998 3005 2985 2983 2993 2983 2989 2995 2997 3001 3010 2998 2999 3004 2992 2977 2983 2991 2992 2991
2991 3000 3020 3017 2991 3001 2993 3000 2997 2998 2999 3003 3008 3003 2993 3005 3007 3008 2994 2986 2992 2990 3003 3001 2997 2995 3003 2987 2980 3000 2993 2992 2991 2996 2994 2990 2986 2997 2984 2996 2999 3003 3002 3008 3004 2997 2993 3001 2989 2978 2989 2996 3010 3000 2998 2992 3007 3001 3013 2989 2993 2983 2994 3003
3001 3003 3030 3023 3002 2997 3013 3001 3008 2999 3002 3019 3015 3014 2988 3007 3016 3011 2999 2995 2984 3000 2997 3009 3009 3002 3007 2994 2993 3009 2983 3002 2991 3010 3010 3000 3006 3000 3006 3008 3003 3007 3007 3013 3021 3013 3009 3003 3004 3020 2995 3010 3011 3014 3006 3015 3012 3009 3002 3002 2992 2999 2997 3008
3025 3023 3029 3024 3004 3016 3021 3015 3014 3025 3001 3000 3011 3008 3009 3018 3016 2996 3005 3015 3004 2999 3013 3013 3013 3017 3013 3012 3000 3010 3023 3030 3017 3022 3015 3017 3022 3006 3023 3013 3017 3018 3025 3028 3007 3016 3008 3016 3031 3007 3017 3016 3020 3035 3012 3039 3020 3018 3000 3003 3019 3005 3011 3005
3008 3007 3014 3016 3016 3012 3007 3009 3009 3010 2993 3007 3003 3009 3008 3009 3010 3013 3005 3007 3006 3012 3015 3016 3022 3004 3013 3021 3014 3012 3013 3017 3009 3015 3020 3013 3017 3000 3003 3019 3005 3027 3023 3031 3011 3002 3016 3016 3023 3011 3018 3002 3018 3022 3013 3012 3009 3014 3007 3008 3009 3005 3007 3000
3004 2999 3002 3011 3006 3015 2990 3011 2998 2991 2997 2996 2982 3002 3001 3004 3008 2992 2990 2993 3003 2975 3000 3007 3001 2996 2991 2983 2996 3003 3000 2997 3003 3002 3012 3003 2998 2997 2987 2993 3000 3014 3005 3008 3001 2992 3002 2995 2993 2993 3008 3015 2995 3018 3020 3003 3003 3008 3004 3001 3004 3008 2999 2997
2997 2992 2992 2995 3003 2992 2998 2995 2986 2988 2997 2988 2994 2991 2996 3009 3007 3003 2998 2985 2992 2996 2992 2981 2996 2998 2988 2990 2990 3001 2998 3004 3006 3012 3003 2997 2998 2992 3001 2995 2999 2987 2999 2994 2990 3001 3001 2987 2985 2986 2992 3005 2997 3006 3017 2987 2993 2998 2993 3006 3011 3001 3006 2999
2992 3007 3004 2997 2988 2992 2992 2987 2997 3003 2990 3000 2989 3008 2992 3009 3007 3005 2997 2984 3007 2997 2985 3003 2987 2994 2997 2989 3001 2999 2992 2989 2992 3002 3001 2995 2973 2993 2985 2988 3003 2996 3002 2979 2982 2980 2994 2999 2986 2987 2996 2996 2997 2993 3004 2998 2994 2993 2990 3000 2988 2982 2988 3000
2982 2991 3000 3000 2979 2989 2986 3000 2991 3003 2988 2999 2987 3007 3009 3002 3011 3016 2995 3007 3000 3011 3018 3005 2997 2981 2987 2994 2998 2999 2991 3003 2997 3010 3001 2994 2984 2991 2993 2992 2984 2995 2994 2977 2988 2987 2996 2990 2996 2993 2999 2990 2991 2995 3000 2999 2983 2984 2990 2988 2984 2981 2992 3001
2971 2982 2992 2982 2985 2999 2991 2992 2996 2994 3010 2998 2993 3007 3016 3015 3004 3026 3015 3020 3010 3017 3021 3017 3004 2997 2999 2993 3002 2999 2982 2986 2980 2983 3001 3007 2983 2983 2985 2995 2991 2987 2985 2994 2994 2988 2987 2995 2980 2977 2983 2990 2995 2993 2991 2981 2985 2987 3000 3005 2985 2990 3003 3014
2993 2996 2984 2995 2995 2995 2987 2999 3004 3003 2999 2983 2998 3008 3020 3018 3018 3020 3016 3021 3027 3019 3029 3023 3013 2997 2994 2988 3013 2994 2994 2985 2975 2988 2990 3004 2983 2983 2989 2989 2994 2989 2996 2985 2994 2993 3005 2988 2980 2985 2988 2982 2985 2990 2994 2988 2991 2992 2992 2995 3000 2987 2989 3005
2996 2988 2991 2988 2992 2990 2989 2985 3000 2991 3002 3000 3008 3007 3006 3023 3007 3016 3013 3021 3024 3024 3014 3011 3004 3014 3014 3008 2993 2994 2989 2990 2985 2989 2986 2980 2987 2985 2987 2984 2992 2987 2989 2990 2982 2981 2987 2996 2984 2987 3006 3004 2997 2991 2983 2985 2992 2989 3000 2996 3001 2991 2995 2999
2991 2985 2991 2992 2990 2988 2994 2998 3008 3005 2998 3007 3013 3007 3029 3000 3031 3017 3013 3020 3035 3017 3019 3023 3002 3014 3021 3001 3015 2997 3000 2991 2993 2982 2983 2996 2982 2980 2984 2994 2986 2978 2987 2989 2985 2995 2995 2998 2988 2979 2988 2999 2992 2984 2980 2994 2984 2994 2988 3006 3002 2981 3001 2993
2992 2994 3000 2993 3007 2995 2998 3010 3023 3018 3013 3035 3023 3015 3019 3024 3039 3010 3014 3020 3025 3024 3019 3025 3024 3025 3014 3007 3012 3011 3015 3019 3005 2996 2997 2990 2979 2998 2985 2994 2978 2986 2987 2988 2981 2992 2990 2994 2989 2982 2983 2991 2992 2990 2990 2997 2999 2990 2987 3001 3009 2989 3001 2991
2982 2994 2999 3014 3007 3000 3010 3012 3011 3029 3031 3041 3027 3037 3023 3032 3042 3024 3020 3022 3023 3020 3018 3023 3028 3017 3014 3012 3030 3017 3029 3013 3007 2996 2999 2992 2997 2990 2991 3002 2993 2990 2989 2977 2995 2988 2997 2998 2997 2993 3003 2977 2991 2984 2992 3005 2994 3003 3009 3017 2999 2998 3005 3005
3004 3006 3011 3013 3021 3009 3014 3013 3010 3019 3031 3034 3033 3036 3030 3038 3049 3026 3009 3013 3024 3015 3023 3019 3012 3003 3029 3013 3016 3022 3019 3021 3026 3026 3011 3013 3011 3007 3006 3013 3012 3016 2989 2998 2985 2997 3000 3000 3000 2992 2999 3001 2989 2976 2982 3008 3010 3002 3012 3006 2992 2978 2993 3007
3015 3010 3022 3022 3024 3016 3024 3027 3009 3018 3033 3035 3043 3035 3031 3033 3037 3041 3008 3013 3013 3015 3019 3025 3011 3025 3022 3023 3029 3023 3021 3035 3032 3028 3020 3009 3002 2997 3016 3013 3006 3005 3010 2999 3000 2999 3001 3001 3002 3000 2990 2992 2992 2979 2990 3008 3004 3016 2999 3009 2990 2982 2993 3007
3009 3003 3009 3005 3012 3016 3032 3025 3037 3035 3046 3048 3044 3037 3036 3035 3025 3026 3012 3019 3020 3009 3031 3013 3018 3012 3023 3021 3023 3027 3026 3024 3039 3023 3017 3005 2980 2987 2997 3004 2997 2990 2998 2981 3005 2993 2993 2998 2993 3001 2983 2987 2985 2989 3006 2994 3007 3016 3011 2997 3003 2982 2988 3012
3007 3001 3001 3015 3021 3007 3019 3029 3044 3030 3049 3052 3048 3041 3044 3050 3024 3016 3024 3016 3002 3021 3026 3027 3017 3011 3018 3030 3022 3024 3038 3034 3043 3036 3025 3007 2995 2972 2981 2990 2986 2993 2993 2982 2986 2996 3010 2989 2984 2998 2995 3010 3000 2997 3000 2984 3000 3011 2989 3004 3001 2999 2999 3004
3000 2987 2999 3024 3011 3010 3008 3019 3035 3033 3049 3061 3055 3045 3029 3037 3042 3028 3029 3018 3007 3020 3014 3029 3019 3017 3027 3025 3032 3025 3037 3027 3030 3044 3027 3004 2995 2990 2981 2984 2991 2982 2990 2985 2999 3001 2999 2987 2995 2997 2994 2987 2986 2997 2991 3002 2985 2980 3000 3003 3008 2994 3003 3012
2991 3012 3004 3012 3025 3010 3016 3021 3025 3034 3048 3062 3065 3049 3043 3043 3032 3021 3035 3015 3023 3018 3016 3014 3035 3031 3020 3019 3041 3046 3038 3035 3027 3046 3030 3019 3000 2987 2986 2990 2977 2994 2985 2992 2982 2991 2984 2979 2977 2997 2985 2980 2990 2974 2985 2999 2990 2995 2995 3011 2995 3000 2999 3006
3004 2994 3004 3009 3020 3026 3007 3003 3030 3042 3039 3065 3057 3070 3058 3060 3071 3059 3024 3020 3023 3022 3021 3009 3025 3029 3031 3029 3036 3035 3032 3011 3037 3027 3044 3031 3009 2996 3000 2984 2985 2995 2981 2990 2982 2975 2986 2987 2976 2982 2987 2997 2988 2993 2981 2987 2996 2993 2996 3008 3004 3001 3000 3007
3011 3006 3007 3016 3012 3021 3014 3032 3026 3045 3043 3047 3071 3077 3082 3080 3081 3060 3024 3022 3033 3027 3024 3029 3034 3023 3033 3041 3043 3044 3038 3041 3039 3049 3040 3026 3018 2997 2990 2979 2991 2993 2990 2995 2985 2994 2985 2991 2998 2991 2986 2984 2989 2986 2980 2984 2975 2992 3001 3004 2997 2988 3001 3002
3001 3008 3001 3002 3007 3017 3022 3021 3033 3027 3039 3050 3057 3071 3085 3094 3081 3069 3033 3030 3055 3047 3041 3030 3030 3020 3031 3043 3045 3039 3049 3050 3037 3031 3048 3025 3018 3001 2990 2992 2983 2988 2987 2999 2994 2998 3001 2993 2998 3001 2992 2991 2984 2990 2988 2982 2998 2990 2984 2994 2986 2987 2995 3001
2993 2997 3001 3015 3019 3024 3016 3024 3022 3042 3061 3066 3072 3071 3084 3080 3060 3061 3053 3064 3058 3062 3059 3051 3023 3039 3046 3046 3062 3050 3055 3043 3044 3046 3041 3038 3020 3008 2985 2979 2979 2983 2991 2996 2996 2998 2994 2996 2988 3010 2988 2988 2984 3002 2999 2992 2994 2985 2994 2986 2982 2976 2986 2990
2984 3003 2993 3007 3024 3014 3008 3023 3032 3049 3059 3063 3077 3085 3092 3089 3068 3083 3071 3071 3059 3059 3066 3059 3042 3040 3048 3068 3067 3052 3059 3056 3050 3054 3036 3030 3018 3003 2989 2985 2991 2988 2986 2990 2990 2996 2999 2998 2993 3002 2988 2973 2993 2970 2990 2995 3006 2988 2986 2984 2978 2978 2977 2990
2989 3005 2999 3007 3019 3029 3020 3029 3042 3052 3048 3069 3079 3086 3091 3077 3074 3078 3079 3070 3070 3064 3074 3055 3038 3036 3072 3058 3082 3060 3080 3055 3067 3056 3051 3036 3013 3000 2993 2999 2978 2977 3002 2995 3002 2996 3000 2988 2984 2965 2973 2984 2978 2983 2997 2994 2998 2980 3010 2996 2990 2991 2989 2984
2997 3001 3010 3003 3016 3024 3025 3028 3033 3058 3066 3077 3087 3080 3083 3085 3094 3079 3080 3076 3055 3060 3063 3064 3068 3067 3079 3082 3094 3078 3093 3069 3067 3059 3062 3033 3021 3021 3003 2981 2983 2983 2986 2997 3003 3000 3000 2991 2983 2982 2977 2990 2988 2984 2999 2981 2987 2994 2987 2984 2992 2981 2987 2975
3012 3001 3012 3006 3014 3021 3018 3034 3037 3054 3071 3076 3102 3102 3086 3084 3094 3084 3086 3080 3072 3065 3081 3086 3078 3079 3070 3079 3079 3083 3092 3090 3082 3067 3055 3039 3026 3013 2999 2986 2980 2987 2985 3003 2986 2975 2984 2990 2987 2996 2994 2997 2978 2984 2985 2988 2974 2987 2986 2983 2976 2982 2982 2994
2998 3014 3005 3000 3008 3011 3019 3040 3035 3052 3075 3082 3075 3085 3092 3083 3088 3080 3090 3082 3080 3081 3080 3090 3077 3079 3096 3076 3085 3074 3088 3087 3080 3069 3074 3064 3036 3036 3000 3003 2993 2981 2986 2999 2989 2979 2988 2990 2991 2988 2990 2979 2990 2984 2993 2979 2985 2993 2983 2983 2991 3000 2999 2996
2992 3004 3016 2993 3003 3021 3018 3025 3034 3055 3082 3077 3084 3078 3094 3085 3097 3091 3102 3082 3088 3101 3086 3084 3091 3090 3086 3079 3079 3079 3110 3079 3083 3080 3086 3069 3060 3047 3013 2993 2987 2984 2999 2991 2981 2991 2994 2995 2990 2980 2983 3002 2989 3003 2987 2979 2996 2992 2992 2977 2994 2992 2994 3012
2990 2992 3004 3006 3008 3007 3025 3043 3045 3055 3078 3074 3079 3078 3076 3085 3089 3100 3090 3081 3082 3084 3100 3088 3092 3090 3077 3072 3082 3084 3087 3090 3083 3076 3072 3077 3057 3031 3021 2993 3005 2987 2986 2999 2991 2998 2995 2997 2995 2994 2997 2994 2996 2999 2997 2989 2988 3001 2997 2977 2991 2994 2992 2992
2984 3002 3010 3012 3023 3017 3015 3032 3051 3064 3076 3078 3076 3092 3086 3092 3072 3092 3093 3089 3079 3088 3097 3095 3085 3083 3066 3086 3078 3087 3100 3082 3075 3068 3066 3066 3048 3035 3025 3004 2985 2997 2998 2992 3000 2992 2999 2993 2993 2997 2997 2990 2993 2990 2988 2995 2987 2992 2994 2991 2991 3000 2996 2979
2980 3005 3008 3012 2996 2996 3016 3014 3035 3053 3076 3070 3080 3063 3090 3071 3077 3088 3089 3088 3087 3080 3079 3101 3086 3072 3078 3086 3092 3082 3087 3073 3093 3083 3066 3069 3048 3034 3008 3000 2992 2983 2989 2996 2998 2993 2991 3000 3000 2983 3013 3011 2983 2988 2990 3001 3009 2998 2997 3004 3005 3000 3001 2997
3003 3009 3006 3015 3003 3014 3013 3028 3038 3052 3061 3075 3076 3084 3083 3086 3078 3086 3083 3081 3082 3090 3100 3097 3077 3070 3072 3093 3080 3075 3089 3079 3079 3074 3062 3062 3050 3027 3031 3006 2988 2995 3004 2988 2996 2991 2993 2984 2998 2988 2994 3013 2992 2993 2993 3011 3011 2997 2997 3004 3011 2998 3007 3008
2993 2991 3011 3000 3004 3009 3018 3020 3023 3041 3063 3073 3060 3080 3081 3073 3093 3104 3080 3085 3079 3094 3095 3098 3080 3092 3088 3078 3081 3080 3074 3072 3056 3084 3080 3061 3045 3034 3016 2994 2994 2997 2992 2991 2981 3001 2982 2997 2996 2990 3005 3006 2986 2998 3006 3001 2992 3002 3005 2984 2993 3008 3007 3005
2983 3002 2999 2985 3011 3018 3015 3020 3029 3021 3064 3061 3075 3070 3066 3084 3096 3080 3088 3084 3105 3099 3085 3079 3077 3079 3074 3068 3059 3060 3067 3072 3068 3067 3061 3057 3047 3029 3006 3003 2990 2979 2990 2984 3009 3003 2997 2990 2983 2996 3001 3010 3013 3003 3003 3000 3007 3012 2991 2989 2988 2999 2990 2998
2988 2986 3008 2996 3018 3017 3009 3026 3012 3041 3046 3063 3062 3080 3086 3087 3102 3089 3087 3089 3093 3092 3084 3093 3097 3082 3085 3088 3073 3066 3071 3075 3070 3071 3076 3050 3040 3017 3007 2988 3005 2992 3009 2997 2997 3007 2998 2990 2984 2995 3006 3006 2999 2994 3004 3001 3000 3001 3006 2995 3002 3014 3001 3003
3006 3008 3005 3006 3014 3011 3018 3013 3012 3030 3047 3073 3075 3082 3094 3104 3102 3098 3089 3086 3080 3077 3089 3089 3081 3079 3085 3079 3087 3083 3071 3062 3082 3066 3065 3050 3037 3015 3012 3024 3006 2995 2990 3006 3008 3012 3008 3000 2991 2993 3000 3000 3000 2996 2997 3003 3002 3001 3014 3011 3019 3011 3008 2997
2991 3005 3004 3001 3024 3027 3019 3022 3013 3035 3040 3045 3080 3079 3079 3083 3105 3082 3084 3084 3090 3078 3080 3088 3080 3086 3070 3077 3080 3080 3079 3060 3068 3059 3049 3059 3032 3021 3018 3016 3021 3003 3010 3015 3005 3000 2998 2998 2996 2986 3005 2999 2989 2988 2992 2999 3008 3000 3012 3012 3017 3000 2997 3005
2998 2993 2998 2996 3012 3016 3026 3028 3040 3029 3036 3050 3067 3081 3082 3095 3092 3070 3065 3064 3083 3083 3076 3081 3078 3086 3076 3081 3077 3073 3080 3075 3073 3068 3050 3039 3024 3007 3018 3008 3013 3006 3001 3011 3008 3018 2997 2991 3003 2994 3000 3002 2985 2979 2998 3003 3004 3006 3016 3014 3015 2986 3009 3017
3002 2989 2995 3012 3012 3015 3022 3014 3021 3024 3041 3048 3058 3071 3071 3081 3087 3097 3074 3092 3085 3090 3079 3077 3088 3088 3082 3083 3078 3084 3076 3059 3071 3056 3049 3040 3023 3004 3011 3007 3008 3001 3012 2998 3012 3014 3006 3000 2988 2999 3005 2992 3000 2995 2985 3001 3005 3004 3003 3001 3005 3006 3004 3013
3004 3003 3016 3013 3010 3010 3013 3022 3024 3041 3045 3045 3041 3056 3061 3087 3075 3089 3088 3089 3086 3083 3095 3083 3094 3088 3084 3094 3085 3084 3085 3067 3062 3058 3051 3041 3014 3018 2997 3004 3014 3011 3006 3010 3010 3009 3016 3000 2991 3004 3009 3004 3013 2994 2995 3003 2989 2991 2985 2999 2995 2997 3011 3005
2996 3003 3000 2995 3007 3022 3011 3024 3029 3024 3038 3041 3023 3062 3060 3072 3074 3104 3094 3081 3088 3082 3082 3084 3091 3094 3088 3090 3105 3077 3080 3063 3057 3043 3049 3049 3024 3011 3014 3007 3012 3010 3003 2999 2986 3010 3012 3014 2986 2993 2998 3001 3006 2999 2996 2999 2989 3003 3005 3000 2996 2997 3013 3008
3001 2993 2991 2998 2992 3013 3011 3015 3022 3009 3023 3030 3026 3052 3058 3083 3095 3092 3093 3086 3088 3096 3097 3092 3101 3093 3102 3092 3090 3072 3086 3068 3051 3060 3057 3044 3009 3003 2994 3004 3006 3001 2992 2995 2997 2988 3012 3005 2999 2993 2991 2988 2994 2999 2992 2976 2987 3000 2992 3029 2998 2992 3003 3027
