3067 3062 3074 3081 3071 3074 3074 3077 3059 3046 3051 3060 3049 3046 3056 3050 3054 3038 3057 3048 3029 3040 3039 3054 3047 3056 3041 3044 3039 3041 3048 3045 3017 3038 3050 3046 3035 3046 3032 3017 3038 3035 3030 3036 3040 3025 3043 3027 3045 3051 3049 3026 3036 3029 3039 3039 3038 3052 3049 3036 3041 3049 3047 3044
3057 3056 3075 3062 3074 3080 3061 3061 3058 3057 3045 3034 3041 3041 3049 3048 3060 3057 3038 3037 3039 3046 3046 3042 3067 3042 3053 3053 3041 3055 3038 3030 3043 3023 3045 3051 3033 3030 3014 3022 3033 3033 3026 3019 3031 3032 3035 3036 3026 3035 3039 3030 3023 3029 3038 3047 3034 3041 3027 3029 3034 3043 3026 3038
3058 3056 3065 3071 3080 3074 3076 3061 3065 3049 3049 3038 3036 3040 3055 3053 3057 3047 3033 3044 3041 3055 3033 3037 3050 3046 3052 3051 3043 3049 3037 3040 3045 3040 3027 3032 3044 3020 3009 3014 3015 3036 3020 3007 3017 3028 3028 3030 3035 3022 3041 3030 3024 3033 3040 3040 3034 3024 3025 3028 3009 3033 3037 3032
3059 3053 3053 3053 3051 3042 3045 3066 3050 3058 3048 3033 3038 3034 3050 3044 3050 3046 3038 3044 3042 3030 3036 3032 3037 3048 3035 3048 3035 3027 3036 3047 3030 3034 3032 3031 3028 3022 3009 3014 3031 3022 3023 3034 3027 3022 3032 3044 3026 3026 3028 3036 3042 3033 3032 3048 3032 3038 3030 3022 3034 3033 3032 3030
3059 3059 3062 3040 3048 3031 3041 3049 3051 3062 3053 3052 3029 3049 3045 3056 3042 3039 3050 3033 3031 3024 3039 3024 3044 3036 3039 3038 3031 3034 3028 3031 3021 3020 3024 3015 3024 3018 3011 3020 3029 3021 3036 3027 3032 3030 3036 3032 3040 3035 3035 3033 3039 3040 3047 3041 3053 3034 3043 3045 3036 3041 3032 3021
3049 3045 3052 3036 3051 3047 3045 3039 3045 3035 3055 3047 3040 3034 3044 3041 3036 3045 3038 3018 3030 3022 3031 3041 3023 3029 3038 3034 3032 3028 3037 3040 3038 3032 3027 3015 3016 3020 3012 3022 3022 3026 3019 3033 3021 3035 3028 3030 3029 3036 3044 3035 3038 3047 3040 3039 3039 3051 3064 3053 3050 3046 3032 3057
3064 3045 3026 3047 3062 3057 3041 3044 3041 3044 3050 3040 3033 3043 3030 3042 3026 3044 3038 3023 3023 3030 3037 3038 3035 3026 3029 3021 3030 3036 3033 3042 3039 3025 3007 3012 3008 3022 3013 3021 3026 3022 3021 3033 3031 3024 3027 3030 3024 3044 3043 3035 3026 3044 3034 3029 3048 3059 3061 3051 3053 3051 3053 3062
3016 3021 3017 3004 3033 3020 3009 3012 3006 3014 3038 3023 3018 3015 3018 3009 2999 3016 3016 3024 3026 3015 3010 3021 3017 3017 3020 3007 3027 3010 3021 3022 3023 3014 3019 3017 3016 3017 3021 3028 3018 3031 3017 3032 3031 3023 3031 3032 3029 3028 3041 3034 3018 3036 3040 3034 3046 3059 3057 3049 3060 3051 3051 3041
2975 2978 2993 2988 2984 2982 2975 2974 3007 2997 2993 2985 3000 2977 2977 2986 3004 2993 3002 3000 2984 2999 2990 3012 2991 3004 3015 3007 3013 3010 3017 2996 3014 3017 3011 3017 3006 3015 3024 3030 3020 3037 3014 3018 3034 3033 3049 3047 3035 3044 3050 3049 3040 3044 3043 3039 3046 3052 3062 3053 3054 3059 3050 3020
2969 2973 2976 2982 2985 2987 2975 2980 2978 2983 2996 3009 2991 2991 2993 2992 3003 2998 3013 3003 3003 2997 3015 3017 3008 3009 3004 2995 3002 3018 3005 3008 3007 3009 3016 3021 3016 3015 3026 3023 3030 3018 3024 3039 3019 3040 3045 3033 3030 3029 3034 3040 3041 3032 3048 3038 3048 3045 3044 3049 3039 3054 3057 3045
2962 2982 2980 2988 2978 2977 2968 2981 2979 2993 2984 2987 2993 2992 2989 3004 3006 3005 3015 3003 3008 3017 3011 3018 3014 2993 3016 2998 3013 3024 3005 3014 3015 3028 3033 3035 3022 3026 3020 3029 3029 3021 3013 3027 3029 3038 3052 3060 3033 3033 3039 3041 3041 3034 3035 3034 3048 3048 3050 3046 3060 3064 3072 3049
2976 2991 3009 2986 2976 2981 2990 2988 2989 2987 2977 2996 2990 3001 2995 3004 2991 3002 3019 3006 3005 3015 3025 3011 3013 3019 3007 3006 3012 3003 3016 3017 3019 3019 3014 3023 3010 3024 3027 3022 3026 3038 3023 3042 3032 3035 3053 3043 3034 3045 3036 3045 3036 3029 3038 3037 3047 3053 3052 3051 3057 3068 3063 3057
2991 2976 2992 2988 2982 2988 2995 2985 2999 2988 2985 2992 2979 2987 2990 3002 3002 3012 3010 3025 3039 3025 3019 3023 3022 3019 3022 3019 3031 3015 3021 3012 3020 3005 3014 3006 3025 3011 3019 3026 3033 3035 3041 3040 3027 3041 3025 3042 3049 3048 3052 3047 3050 3039 3037 3036 3029 3030 3046 3066 3060 3079 3074 3074
2984 2989 2995 2989 2988 2991 3004 2997 3001 2977 3001 3002 2992 2994 2991 2997 3007 2996 3018 3010 3014 3036 3010 2999 3026 3018 3024 3017 3017 3011 3011 3011 3014 3023 3018 3004 3008 3015 3015 3015 3031 3030 3041 3032 3037 3035 3051 3039 3045 3055 3048 3050 3057 3040 3037 3044 3042 3060 3051 3060 3068 3074 3079 3066
2980 2979 2989 2987 2993 2998 3004 2986 2996 2989 2994 3006 3008 3005 2992 3009 3001 3011 3014 3024 3019 3018 3004 3008 2999 3014 3021 3006 3006 3017 3031 3012 3018 3022 3017 3011 3008 3012 3015 3014 3018 3032 3039 3044 3035 3026 3043 3048 3034 3053 3049 3045 3059 3057 3055 3040 3049 3065 3060 3074 3072 3076 3091 3096
2986 3000 3002 3020 3011 2994 2998 2992 2990 3000 3002 3005 3013 2994 3005 2997 3003 2998 3018 3000 3010 3007 3000 2998 2998 3017 3012 3019 3009 3006 3022 3012 3011 3007 3013 3020 3005 3010 3004 3014 3013 3030 3047 3052 3043 3036 3049 3045 3034 3032 3049 3042 3050 3047 3049 3057 3064 3081 3084 3101 3105 3094 3096 3089
3007 3007 3004 3016 3010 3009 2998 3004 2999 2997 2982 2997 3009 3004 3005 2997 3008 2998 2996 3013 3003 3003 3001 3003 3006 3024 3020 3019 3025 3016 3004 3018 3013 3012 3005 3015 3003 3015 3021 3017 3015 3018 3037 3052 3048 3052 3049 3045 3038 3039 3048 3047 3041 3044 3045 3066 3069 3086 3084 3101 3107 3109 3096 3116
3001 3003 3019 3011 3016 3008 3002 3001 2997 2991 2993 2994 2998 2998 2997 2999 3009 3021 3001 3015 3006 3004 3000 3018 3013 3019 3022 3024 3024 3019 3012 2999 3011 3016 2996 3009 3006 3005 3014 3021 3023 3009 3025 3047 3053 3058 3060 3043 3048 3049 3056 3043 3050 3047 3047 3058 3069 3095 3108 3096 3091 3107 3097 3099
3017 3023 3018 3026 3006 2999 2999 3008 2995 3000 2999 2997 3004 3003 3005 2996 3006 3009 3008 3011 3024 3008 3012 3005 3020 3017 3011 3015 3014 3006 3006 3023 3018 3015 3011 3011 3029 3007 2998 3014 2999 3017 3027 3039 3055 3050 3058 3055 3057 3061 3051 3046 3064 3066 3057 3082 3080 3091 3087 3103 3093 3099 3090 3093
3017 3011 3029 3015 3018 2998 3004 3003 2995 3011 3009 2992 3006 3005 2998 3000 3012 3007 3013 3005 3018 3005 3013 3013 3007 3004 3009 3013 3022 3012 3014 3014 3021 3007 3013 3019 2998 3024 3005 3008 3009 3027 3025 3030 3048 3065 3059 3064 3071 3060 3072 3067 3069 3070 3069 3080 3097 3088 3097 3087 3087 3088 3087 3100
3008 3013 3001 3005 3010 3007 3003 3016 3003 3012 3012 2994 3014 3010 3003 3002 3012 3015 3005 3003 3020 3013 3014 3011 3006 3006 3008 3016 3012 3015 3018 3010 3009 3005 3009 3007 3015 2996 3011 3013 3014 3017 3022 3034 3053 3058 3085 3066 3069 3076 3082 3088 3085 3078 3088 3091 3082 3107 3089 3084 3086 3088 3091 3098
3007 3006 3011 3019 3014 3012 3006 2996 2994 3009 2999 3003 3016 3009 3001 2996 3003 3010 3000 3017 3010 3006 3008 3013 3006 3000 3009 3011 3009 3010 3012 3005 2997 3007 3008 3009 3004 2992 3016 3012 3021 3012 3014 3019 3035 3069 3076 3073 3076 3086 3085 3097 3088 3080 3084 3086 3094 3090 3102 3084 3085 3094 3093 3112
3015 3008 3003 3008 3013 3005 3007 2997 2999 3008 3002 2999 3005 3015 3010 3001 2987 2997 3021 3021 3020 3008 3011 3012 3017 3022 3013 3015 3016 3007 3018 3009 3011 3007 3021 3009 3004 2991 3005 3013 3010 3004 3017 3020 3042 3055 3061 3075 3058 3079 3093 3100 3095 3100 3098 3087 3094 3098 3093 3091 3097 3098 3110 3108
3019 3011 3019 3021 3015 3002 3008 3010 2997 2998 3018 2996 3014 3005 3000 3004 3014 3018 3014 3021 3017 3021 3015 3019 3011 3019 3028 3021 3009 3003 3021 3017 3017 3024 3018 3016 2995 3001 3003 3020 3014 3008 3013 3028 3052 3065 3074 3083 3072 3082 3078 3093 3096 3096 3092 3087 3097 3095 3100 3090 3098 3102 3105 3108
3033 3031 3033 3020 3015 3009 2991 2996 3000 3001 3003 3003 2996 3018 3010 3011 3010 3018 3013 3008 3018 3017 3008 3026 3026 3022 3021 3011 3011 3018 3009 3006 3018 3019 3019 3020 3011 3015 3011 3019 3015 3016 3019 3030 3058 3071 3071 3084 3079 3099 3092 3096 3100 3092 3102 3096 3095 3097 3093 3093 3098 3091 3100 3101
3022 3020 3029 3021 3025 3007 3015 3008 3007 2996 3002 2999 3022 3006 3013 3013 3009 3028 3018 3014 3009 3007 3008 2997 3012 3026 3012 3015 3027 3014 3011 3018 3023 3009 3029 3021 3025 3006 3010 3010 3022 3026 3021 3037 3058 3085 3082 3087 3083 3096 3099 3100 3087 3091 3096 3087 3096 3105 3103 3119 3105 3091 3088 3098
3017 3015 3029 3027 3032 3013 3007 3016 3012 3007 3011 2990 3005 3018 3014 3017 3018 3018 3027 3027 3001 3008 3007 3006 3004 3003 3004 3014 3007 3009 3013 3017 3016 3024 3030 3021 3017 3001 3004 3007 3011 3025 3023 3038 3062 3068 3076 3088 3087 3087 3089 3088 3084 3083 3097 3096 3104 3112 3097 3096 3105 3097 3106 3094
3006 3025 3021 3025 3027 3010 3011 2989 3015 3013 3002 2996 2999 3006 3010 3005 3004 3016 3033 3010 3011 3018 3019 3002 3000 3005 3025 3025 3011 3022 3014 3010 3021 3014 3028 3028 3004 3016 3017 3018 3013 3024 3036 3033 3047 3063 3077 3089 3103 3086 3104 3098 3090 3081 3085 3081 3097 3107 3100 3102 3100 3101 3100 3099
3020 3024 3016 3023 2998 3017 3004 3017 3004 3012 3010 2990 2997 2998 3016 3011 3007 3007 3023 3025 3018 3012 2998 3000 3004 3001 3005 3008 3002 3011 3003 3010 3013 3017 3003 3017 3009 3020 3006 3007 3020 3026 3029 3020 3045 3075 3062 3077 3087 3079 3091 3092 3101 3082 3098 3094 3104 3078 3100 3098 3097 3108 3108 3107
3020 3032 3026 3025 3029 3024 3002 3014 3010 3019 2995 2997 2996 3005 3006 3015 3014 3000 3010 2998 3012 3008 3015 3005 3008 3022 3012 3020 3004 3004 3006 3009 3011 3004 3004 3015 3013 3031 3025 3014 3018 3019 3011 3022 3050 3054 3058 3075 3080 3092 3078 3086 3109 3089 3096 3085 3082 3099 3091 3111 3091 3098 3102 3096
3029 3028 3034 3028 3037 3019 3017 3005 3001 3009 3002 2997 2991 2998 3010 3005 3004 3004 2996 2999 3005 3007 3008 3013 3024 3022 3017 3014 3001 3015 3014 3025 3017 3012 3000 3008 3025 3007 3016 3016 3022 3012 3021 3022 3033 3046 3066 3082 3082 3097 3085 3110 3085 3096 3100 3093 3111 3107 3100 3098 3105 3086 3083 3080
3026 3048 3030 3035 3036 3023 3006 3004 3000 3006 2994 3003 3002 3003 3002 3007 3002 3001 2993 2999 3012 3006 3009 3014 3018 3021 3009 3004 3010 3006 3009 3008 3011 3017 3006 3011 2997 3022 3021 3014 3014 3019 3020 3035 3023 3025 3051 3060 3079 3082 3088 3101 3092 3092 3092 3100 3096 3113 3108 3098 3094 3092 3095 3100
3042 3041 3033 3031 3033 3025 3006 3001 3006 2998 3012 3012 3000 3014 2999 3001 3011 3008 2993 3009 3005 3008 3021 3008 3005 3013 3008 3007 3004 3002 3011 3009 3001 3001 3006 2996 3014 3012 3025 3006 3005 3016 3020 3027 3033 3013 3030 3046 3057 3075 3073 3092 3085 3079 3096 3094 3096 3099 3106 3102 3094 3102 3089 3086
3048 3041 3048 3045 3020 3027 3023 3004 3004 3005 3002 3013 3015 3008 2992 3017 2998 3017 3027 3020 3018 3013 3019 3022 3009 3010 3006 3017 3012 3017 3018 3006 3004 3004 2995 3002 3006 3016 3021 3020 3022 3020 3015 3023 3022 3026 3025 3048 3055 3068 3078 3081 3075 3080 3091 3091 3088 3097 3095 3100 3088 3109 3103 3093
3038 3047 3042 3037 3033 3030 3002 3008 3008 3017 3000 3008 3007 3011 3021 3008 3003 2995 3011 3005 3014 3009 2997 3005 3008 3003 3007 3004 3031 3010 3015 3015 3001 3005 3008 3003 3003 3016 3010 3012 3018 3012 3026 3034 3025 3031 3015 3036 3062 3092 3087 3078 3076 3073 3071 3081 3085 3087 3087 3091 3101 3113 3111 3109
3035 3032 3031 3043 3036 3023 3002 3001 3009 3006 3007 3002 3011 3021 3019 3000 3000 3000 3011 3005 3005 3003 2999 3010 3015 3018 3009 3003 3016 3018 3016 2992 3006 3005 3015 3007 3008 3013 3001 3003 3018 3028 3031 3040 3026 3029 3027 3032 3055 3070 3076 3074 3080 3082 3082 3073 3083 3088 3095 3092 3088 3108 3117 3110
3034 3028 3024 3029 3018 3010 3023 3018 3015 3003 2999 3007 3005 3021 3003 3014 3010 3001 3005 3011 3006 3006 3001 3022 3009 3022 3002 3010 3024 3010 3002 2997 2991 3004 3005 2998 3017 3004 3023 3011 3016 3023 3033 3032 3009 3009 3021 3031 3058 3089 3076 3076 3087 3083 3088 3088 3098 3084 3078 3088 3103 3100 3103 3097
3035 3027 3025 3023 3014 3023 3008 3005 3007 3012 2997 3010 3018 3007 3008 3017 3014 3016 3007 2990 3006 3012 3016 3026 3011 3022 3015 3013 3009 3012 2995 3005 3012 3002 3004 2988 3016 3029 3015 3005 3010 3015 3027 3014 3030 3024 3018 3021 3051 3077 3078 3075 3084 3088 3093 3091 3090 3096 3098 3084 3097 3091 3097 3086
3035 3033 3025 3012 3012 3022 3018 3006 3012 3009 3008 2989 2997 3013 3009 3005 2990 3004 3011 3001 2999 3007 3001 3000 3010 3005 3013 3015 3005 3005 3010 3021 3008 3004 3015 2997 3015 2992 3019 3023 3015 3027 3027 3020 3001 3027 3018 3022 3048 3066 3072 3082 3083 3076 3077 3102 3090 3095 3096 3084 3102 3091 3091 3099
3008 3021 3022 3019 3020 3015 3019 3004 2999 3011 3000 2999 2997 3010 2992 3004 2997 2989 3011 3011 3002 3011 3000 3007 3009 3012 3016 3018 3013 2995 3023 3006 3008 3016 3018 3013 3017 3009 3006 3014 3016 3029 3015 3015 3014 3008 3026 3031 3048 3076 3081 3085 3091 3084 3089 3095 3079 3095 3083 3094 3099 3096 3099 3094
3019 3019 3021 3014 3008 3004 3009 3012 3009 3008 3010 3011 3009 3004 3009 2999 3000 2987 3008 3007 3006 2994 3006 2992 2997 3000 3009 3011 2997 3001 2999 3000 3014 3012 2993 3007 3003 3019 3021 3016 3017 3009 3004 3022 3019 3018 3021 3014 3060 3090 3088 3086 3089 3099 3087 3094 3099 3089 3097 3089 3095 3099 3099 3108
3015 3017 3019 3006 3014 3005 3008 3000 3001 2998 3005 3002 2998 3002 3005 3000 2998 2992 3002 3007 3012 2994 3008 3002 3006 3011 3010 3014 3010 2993 3000 2990 3012 3003 3004 3011 3003 3009 3023 3009 3006 2996 3007 3011 3013 3012 3025 3011 3073 3076 3087 3084 3094 3107 3102 3099 3090 3088 3091 3092 3104 3098 3096 3074
3007 3005 3024 3026 3018 3020 3011 3010 2997 3000 2998 3014 2992 3001 3008 3003 2992 3004 2995 3002 3005 3007 3001 3017 3010 3008 3002 3002 3005 3005 3007 2997 3007 2999 3002 3020 3015 2996 3011 3024 3013 3003 2998 3013 3013 3010 3026 3034 3064 3073 3088 3091 3086 3099 3083 3092 3085 3089 3091 3080 3107 3114 3092 3088
3014 2998 3011 3015 3024 3018 3011 3002 2990 3006 3008 3003 2984 3003 2998 3011 3014 3003 3006 3000 3008 3011 3013 3014 3013 3017 3003 3004 3008 3013 3009 3009 3013 3003 3026 3015 3021 3014 3011 3016 3018 3000 3014 2998 3007 2992 3031 3049 3064 3081 3097 3088 3091 3099 3087 3096 3085 3102 3099 3092 3099 3097 3088 3074
3003 3002 3030 3024 3020 3012 3011 3005 3001 3013 2993 3002 2986 2992 3026 2996 3002 3004 3006 3001 2999 3002 3003 3014 3018 3012 3014 3012 2999 3013 2998 3013 3027 3017 3020 3021 3010 3010 3005 3018 3019 3017 3018 3012 3010 3022 3031 3061 3086 3094 3077 3099 3099 3090 3098 3081 3091 3103 3095 3087 3095 3097 3082 3079
3010 3015 3013 3021 3011 3017 3007 3008 3015 3002 3002 2991 2997 3004 3012 3005 3000 2997 3003 3007 2999 3008 3003 3008 3004 3010 3005 3011 3011 3012 3019 3015 3021 3011 3018 3025 3006 3013 3007 3012 3023 3030 3028 3037 3029 3036 3047 3071 3087 3087 3087 3088 3106 3109 3095 3093 3103 3096 3095 3087 3093 3099 3088 3065
3014 3011 3009 3017 2991 3020 3000 3008 3010 2997 2987 2989 2991 3005 3000 3011 2998 3003 3008 3012 3009 3007 3002 2990 3000 3007 3014 3019 3024 3022 3021 3027 3002 3006 3019 3027 3014 3014 3013 3021 3041 3048 3069 3062 3040 3057 3068 3072 3090 3070 3086 3082 3099 3096 3101 3099 3092 3091 3090 3098 3093 3082 3086 3075
3019 3011 2995 3007 3003 2994 3006 2996 2995 3008 2989 2989 2983 2994 3011 2991 3006 3010 3006 3003 3012 3006 2991 2998 3008 2999 2991 3011 2998 3023 3017 3014 3014 2998 3030 3026 3020 3018 3025 3046 3057 3054 3072 3083 3075 3069 3082 3093 3083 3091 3085 3091 3101 3100 3099 3099 3097 3107 3092 3094 3080 3091 3080 3082
3001 3009 3002 2998 3013 3006 3000 3005 3007 3007 3006 3009 2990 3002 3000 3015 3007 2991 3019 3007 3006 3010 3004 3011 3007 3013 2996 3006 3007 3016 3005 3022 3010 3027 3040 3025 3037 3037 3038 3048 3072 3062 3070 3091 3085 3097 3095 3094 3105 3097 3093 3084 3095 3093 3105 3103 3086 3105 3092 3103 3092 3090 3083 3091
2993 3009 2995 3004 3020 3017 3009 2994 3007 3006 3009 3007 3008 3012 3007 3006 3018 3013 3008 3012 3014 3011 2998 3001 3012 3018 3008 3027 3014 3018 3020 3023 3023 3035 3030 3041 3044 3052 3065 3060 3072 3066 3075 3096 3101 3095 3093 3099 3107 3099 3090 3089 3092 3082 3086 3093 3086 3108 3088 3093 3097 3093 3089 3081
3010 2993 3002 3007 3023 3012 3004 3010 3004 3008 3006 3008 3010 3001 3016 3005 3016 3011 3015 3007 3005 3009 2997 3009 3015 3015 3012 3010 3012 3020 3039 3041 3043 3051 3044 3057 3061 3062 3065 3061 3073 3073 3092 3088 3097 3090 3107 3109 3104 3096 3099 3092 3084 3084 3086 3090 3102 3098 3090 3091 3097 3086 3093 3088
3002 3022 3009 3002 3007 3004 3015 3024 3011 3008 3014 3004 3008 3011 3002 3013 3018 2997 3018 3015 2996 2996 2999 3003 3016 3017 3008 3022 3036 3031 3043 3052 3052 3070 3075 3064 3069 3069 3068 3083 3064 3086 3077 3077 3067 3086 3100 3088 3092 3085 3101 3098 3089 3090 3084 3075 3094 3109 3081 3086 3094 3075 3069 3088
3010 3012 3012 3024 3014 3005 3019 3017 3003 3011 3011 3006 3002 3001 3001 3002 3013 3000 2989 3002 3009 3015 3014 3026 3029 3037 3043 3036 3040 3049 3065 3067 3069 3079 3066 3064 3061 3066 3072 3058 3071 3061 3075 3081 3079 3070 3076 3090 3100 3106 3096 3095 3097 3095 3087 3090 3092 3108 3086 3087 3084 3072 3098 3096
3004 3013 3021 3005 3005 3017 3037 3005 3002 3000 3022 3014 3001 3011 2983 3012 3001 3007 2987 3003 3014 3013 3023 3021 3016 3034 3044 3054 3055 3054 3065 3075 3074 3086 3082 3063 3076 3065 3077 3071 3063 3082 3065 3069 3066 3074 3060 3080 3069 3085 3097 3096 3096 3112 3091 3084 3097 3090 3086 3085 3087 3077 3086 3083
2996 3005 3010 3007 3019 3024 3032 3015 2996 3011 3004 3001 3002 3003 2993 2997 3001 3002 3015 3017 3006 3017 3038 3026 3037 3050 3061 3050 3059 3073 3069 3055 3073 3069 3070 3079 3072 3069 3076 3068 3063 3076 3079 3070 3061 3061 3059 3062 3087 3086 3082 3086 3086 3081 3086 3079 3085 3081 3095 3079 3074 3070 3082 3093
2999 2997 2993 3010 3013 3028 3036 3021 3015 3000 3008 3004 3007 2994 3000 2991 3000 3000 3011 3017 3014 3031 3023 3052 3056 3057 3056 3053 3073 3072 3058 3067 3070 3080 3066 3066 3064 3053 3070 3067 3076 3070 3058 3074 3071 3058 3065 3054 3061 3062 3072 3071 3076 3090 3090 3078 3088 3088 3072 3089 3082 3066 3071 3092
3017 3004 3009 3030 3025 3024 3034 3015 3016 3011 2995 3006 3004 3004 3002 2991 3023 3006 3009 3018 3026 3027 3042 3064 3070 3058 3068 3062 3069 3075 3061 3080 3070 3073 3070 3064 3062 3067 3070 3073 3078 3094 3071 3074 3064 3057 3075 3066 3061 3082 3077 3076 3063 3072 3080 3099 3065 3066 3077 3094 3091 3074 3084 3091
3040 3015 3000 3011 3021 3028 3012 3019 3027 3011 2994 3018 3022 3008 3013 3010 3000 3010 2998 3021 3031 3045 3052 3067 3056 3070 3068 3074 3072 3079 3068 3070 3062 3065 3071 3050 3074 3083 3068 3080 3079 3077 3086 3072 3066 3055 3061 3060 3085 3070 3085 3064 3068 3076 3080 3085 3076 3077 3080 3095 3113 3096 3084 3069
3015 3024 3010 3004 3019 3022 3025 3027 3009 3024 3010 3013 3014 3017 3020 3019 3018 3016 3019 3023 3042 3054 3056 3062 3071 3079 3070 3087 3072 3066 3077 3075 3071 3076 3081 3069 3070 3058 3067 3072 3087 3075 3071 3085 3068 3056 3061 3059 3061 3070 3073 3064 3076 3076 3080 3076 3071 3074 3086 3081 3078 3073 3077 3072
3002 3013 3009 3021 3024 3014 3023 3014 3015 3017 3011 3010 3011 3023 3029 3029 3011 3025 3027 3040 3063 3060 3059 3068 3071 3067 3065 3076 3074 3077 3057 3077 3074 3075 3076 3072 3077 3063 3073 3077 3079 3097 3079 3069 3076 3073 3068 3064 3075 3082 3072 3064 3083 3091 3068 3061 3090 3079 3070 3066 3069 3048 3062 3085
3010 3017 3014 3010 3007 3009 3017 3011 3012 3005 3015 3010 3026 3017 3043 3030 3032 3023 3047 3041 3056 3048 3056 3069 3077 3064 3066 3059 3062 3068 3058 3060 3079 3076 3073 3080 3072 3061 3070 3076 3074 3076 3093 3073 3075 3065 3063 3062 3079 3071 3064 3075 3073 3073 3064 3067 3068 3081 3068 3071 3071 3073 3067 3072
3016 3021 3001 3012 3010 3003 3008 3014 3000 3009 3001 3007 3009 3005 3025 3025 3035 3037 3048 3051 3059 3053 3061 3066 3080 3060 3069 3059 3054 3058 3063 3068 3061 3065 3082 3073 3057 3059 3089 3090 3079 3073 3099 3087 3073 3071 3065 3069 3058 3063 3061 3047 3054 3071 3064 3067 3070 3069 3061 3057 3083 3081 3083 3060
3017 3017 3019 3009 3027 3002 3013 3003 3021 3020 3010 3004 3008 3022 3025 3036 3024 3048 3046 3052 3053 3061 3060 3080 3088 3066 3056 3050 3061 3052 3071 3077 3060 3061 3080 3061 3062 3064 3071 3067 3081 3070 3075 3075 3067 3067 3066 3060 3062 3066 3064 3068 3053 3066 3078 3074 3070 3069 3070 3056 3065 3079 3062 3068
3022 3014 3014 3017 3018 3015 3016 3023 3030 3027 3011 3017 3016 3019 3024 3025 3037 3034 3049 3044 3076 3067 3077 3081 3069 3066 3056 3045 3050 3070 3057 3062 3077 3071 3088 3079 3073 3069 3066 3067 3057 3065 3062 3071 3072 3085 3068 3061 3066 3058 3078 3087 3088 3074 3088 3070 3083 3059 3064 3064 3073 3077 3088 3072
