3082 3064 3043 3056 3058 3049 3036 3053 3036 3047 3052 3040 3033 3024 3043 3037 3029 3036 3039 3048 3051 3035 3029 3022 3013 3029 3023 3024 3035 3014 3017 3021 3014 3019 2993 3013 3009 3013 3015 3013 3011 3000 2999 3010 3012 3006 3005 3000 3018 2999 3009 3022 3019 3012 3002 3002 2992 3013 3011 3007 3005 3019 3001 2995
3059 3075 3043 3049 3047 3040 3043 3047 3047 3042 3052 3041 3042 3033 3033 3033 3039 3035 3049 3038 3030 3032 3028 3015 3022 3015 3021 3017 3024 3023 3013 3019 3025 3021 2995 3000 3004 3017 3019 3003 3001 3012 3012 3015 3021 3008 3015 3006 3008 3008 3027 3024 3013 3006 3010 3023 3009 3019 3009 3002 3010 3008 2995 3006
3044 3048 3056 3058 3054 3035 3050 3059 3042 3042 3036 3036 3037 3038 3030 3030 3044 3026 3033 3026 3024 3028 3026 3021 3034 3022 3019 3026 2997 3018 3015 3013 3022 3016 3018 3002 3015 3015 3012 3012 3012 3017 3007 3013 3019 3021 3023 3032 3016 3020 3022 3024 3013 3027 3014 3018 3005 3006 3000 2998 2996 3008 3008 3003
3052 3031 3046 3046 3046 3055 3053 3039 3037 3048 3035 3029 3031 3032 3043 3038 3040 3036 3012 3026 3032 3028 3020 3027 3023 3006 3009 3018 3008 3020 3018 3009 3016 3023 3009 2998 3009 3016 3010 3012 3009 3008 3003 3022 3012 3022 3024 3008 3017 3022 3024 3019 3011 3017 3015 3012 3015 3021 3018 3018 3006 3012 2988 3006
3041 3043 3048 3041 3045 3033 3046 3041 3039 3034 3029 3046 3038 3030 3030 3054 3017 3012 3023 3021 3020 3035 3017 3021 3020 3012 3019 3015 3019 3012 3016 3024 3018 3012 2999 3001 3013 3003 3022 3026 3014 2992 3005 3026 3010 3021 3007 3010 3023 3015 3034 3032 3022 3009 3017 3033 3023 3010 3018 3021 3010 3011 3001 3002
3038 3044 3050 3028 3030 3028 3044 3036 3033 3043 3034 3037 3038 3045 3038 3033 3024 3035 3024 3019 3022 3018 3017 3011 3012 3012 3025 3016 3011 3012 3007 3015 3019 3007 3001 2999 3012 3012 3011 2999 3003 2998 3006 3003 3021 3004 3007 3005 3011 3022 3021 3017 3021 3026 3014 3010 3014 3022 3022 3018 3009 3015 3009 3014
3058 3059 3049 3036 3027 3030 3041 3040 3034 3034 3033 3039 3040 3034 3026 3017 3021 3037 3037 3033 3031 3020 3010 3004 3018 3022 3005 3019 3015 3017 3010 3011 3015 3001 3002 3000 3002 3008 2999 3009 2997 3005 2994 3010 3003 3006 3004 2998 3013 3020 3007 3001 3008 3010 3017 3008 3011 2997 2990 2993 3003 3020 3011 3018
3021 3025 3014 3003 3002 3010 3012 3003 3009 3023 3008 3021 3021 3012 3015 3007 3025 3018 3013 3007 3024 3012 2998 3001 3009 2995 3012 3003 3004 3001 3000 3008 3001 3003 2999 2994 3004 3003 2991 2999 2988 2988 2994 3006 3004 3005 2999 2990 3008 2997 2995 3009 2990 3003 3002 3000 3005 3004 3000 3004 3017 3020 3003 3016
2987 2987 2979 2982 2988 2986 2979 2986 2982 2984 2984 2988 2987 2992 2989 2998 2984 2998 2997 3008 3002 2990 2980 2986 2990 2986 2987 2991 2995 2998 2993 3002 2998 2995 2992 2989 2989 2996 2984 2983 2997 2982 2991 3004 2999 3011 3000 2991 2995 2994 2985 2993 3002 2994 2995 2994 2998 3001 3009 2998 2998 3011 2998 2998
2999 2988 2976 2984 2980 2984 2986 2978 2970 2983 2986 2985 2983 2978 2989 2991 2974 2996 3005 2991 2989 2992 2984 2995 3000 2988 3002 2989 2992 2995 2988 3000 3005 3001 3014 2993 2999 2987 3006 2997 2998 2999 3002 3005 2998 2993 2992 2989 2999 3001 3004 3006 3007 3003 3001 2997 2996 2997 2999 3013 3008 2994 2991 3006
2993 2981 2981 2992 2994 2978 2975 2981 2989 2982 2970 2985 2991 2998 2979 2974 2987 2985 2982 2988 2985 2988 2999 2992 2982 2998 2998 3000 2996 2997 2992 2991 2997 3000 3003 2989 2992 2983 2995 2988 3003 3002 3010 3002 2998 2998 3004 3010 3010 3006 3007 3003 2996 3001 3005 2994 2995 2991 3001 2996 3001 2994 3005 3008
2979 2972 2987 2993 2984 2994 2989 2985 2979 2990 2974 2988 2997 2985 2981 2988 2994 2977 2988 2996 2989 2985 2990 2986 2992 2986 3003 2997 2995 3003 2990 2996 2987 2986 3004 3009 3012 3005 3002 3005 2998 2992 3009 3008 2995 3001 3002 3007 3005 3002 3001 2994 3001 2993 3007 2996 2987 3006 3003 3009 2993 2996 3001 3003
2964 2970 2973 2980 2991 2985 3010 2996 2989 2988 2973 2979 2996 3000 2978 2981 2987 2998 2987 3001 2992 2980 2987 2989 3002 2999 3000 3006 3001 3005 3021 2995 2991 2994 2995 3001 3011 3011 3015 3009 3004 3007 3003 2993 3016 3014 3005 3009 3003 2994 3004 3007 3013 3001 3007 3010 3005 2997 2998 3009 3014 2997 3001 2994
2976 2979 2979 2991 2991 2999 3005 3001 2984 2975 2986 2995 2993 2985 2989 2985 2975 3002 2994 2993 2981 2987 2982 2996 3002 3000 2998 3003 2996 3001 2999 2993 3003 2986 3004 3003 3009 3021 3016 3000 3002 2997 3009 3010 3016 3006 3008 3009 2999 3012 3005 2996 2997 3002 3009 2988 3000 2992 3007 3007 3003 3010 2989 2994
2986 2981 3000 2974 3005 2988 2991 2994 2985 2976 2992 3002 2981 2982 2983 2982 2990 2999 3001 2995 2980 2980 3008 3003 3000 3002 3007 3016 2992 2992 2999 3001 2984 2999 2992 3000 2995 3011 3008 2993 3000 3002 3003 3009 3006 3005 3011 3011 3004 3008 3011 3001 3002 3012 3002 2994 2999 3014 3012 2998 2998 2986 2989 2999
2990 3002 2988 3003 2995 2997 3000 2990 2982 2989 2986 2996 2994 2995 3000 2992 2994 3003 3003 2998 2989 2992 2999 3012 2990 2999 2990 3001 3004 2993 2992 2994 3000 2992 3002 3001 2995 2998 3010 3000 2998 3009 3016 3016 3001 3016 3000 3013 3001 3011 2998 3002 3006 2999 3004 3005 2998 3003 3011 3006 2994 2994 2987 2992
3016 3006 2997 3007 2994 2999 3007 3002 3001 2997 2987 3011 2997 3010 3001 3007 2998 2984 2989 3001 2994 2998 2992 3001 3010 2992 2996 2995 3003 2985 3011 2995 2994 2994 2996 3002 3009 3013 3003 2992 2996 3005 3003 3012 3008 3001 2999 2997 2991 3001 3005 3002 3008 3012 3010 3001 2998 3002 3017 3018 2989 2990 2994 3001
3016 3013 3015 3000 3004 3009 3010 3013 3006 3009 2998 3001 2983 3004 3006 3007 3005 2993 3003 2990 2991 3006 3004 3005 3013 3001 2997 2989 2992 3002 2995 2992 2990 3001 2998 2987 3004 3002 3008 3001 3011 3004 3007 3007 3009 2997 2992 3001 2999 3007 2996 3006 3021 3012 3007 3006 2986 2995 3003 3005 3001 2998 2997 2997
3011 3017 2993 3012 2997 3008 3010 2998 3026 3007 3012 3004 3021 3005 3022 3007 2999 2996 2997 2996 2985 3014 3006 2998 2989 2990 2999 3016 3005 2999 2998 2990 2989 2994 2995 3001 2991 2999 2993 3007 3002 3023 2999 3001 3004 3004 3015 3009 2997 3020 3013 3015 3016 3026 3004 3005 3008 2994 2996 2997 2989 3004 3004 3001
3013 3002 3006 2999 3000 3002 3007 3012 3006 3019 3015 3005 3006 3015 3006 3011 3006 3007 3004 3002 3009 3000 2989 2995 2989 3000 3010 2999 3015 3007 3019 2993 3001 2996 3002 3007 3005 3009 3002 3011 3019 3012 3011 3000 3017 3011 3022 3018 3010 3019 3013 3024 3033 3012 3005 3018 2998 2994 2999 2999 3012 2984 2998 3001
3009 3011 2999 3010 3018 3012 3017 3018 3010 3006 3018 3013 3022 3015 3009 3010 2997 3005 2987 3005 3012 2992 2993 3007 2997 3009 3001 3011 3013 3029 2989 3019 2996 2996 3005 3003 3015 3022 3011 3015 3018 3011 3013 3028 3024 3026 3019 3016 3022 3026 3024 3030 3020 3027 3016 3015 3004 3018 3024 3015 3003 2985 2987 3001
3017 3015 3007 3016 3018 3023 3022 3012 3027 3003 3013 3025 3014 3017 3027 3025 3011 3004 2997 3008 3024 3010 3005 3009 3016 3008 3026 3011 3010 3025 3012 3025 2999 3000 2995 3016 3007 3024 3013 3025 3018 3016 3021 3019 3035 3031 3016 3020 3026 3032 3037 3043 3033 3031 3019 3013 3017 3015 3016 3006 2990 3003 2991 3016
3023 3024 3023 3031 3028 3044 3028 3031 3032 3025 3025 3025 3019 3030 3032 3031 3020 3025 3013 3014 3035 3033 3024 3026 3017 3028 3041 3025 3028 3022 3038 3031 3026 3016 3019 3013 3022 3015 3012 3022 3014 3019 3030 3028 3017 3034 3037 3018 3026 3031 3032 3031 3037 3047 3026 3032 3039 3018 3015 3013 3011 2995 3009 3014
3027 3018 3020 3024 3034 3027 3038 3015 3025 3012 3037 3018 3029 3030 3025 3024 3031 3029 3020 3020 3019 3023 3018 3025 3019 3017 3020 3028 3018 3009 3017 3023 3007 3019 3013 3010 3029 3023 3018 3018 3022 3020 3025 3040 3034 3032 3018 3031 3034 3053 3046 3042 3042 3024 3038 3049 3034 3024 3020 3019 3005 3009 3010 3018
2999 3008 3018 3013 3021 3013 3013 3009 3009 3015 2992 3010 3008 3010 3013 3011 3022 3011 3004 3005 3006 3016 3000 2997 3010 3012 3004 3006 2999 3008 3004 3001 3019 3013 3010 3015 3018 3021 3031 3024 3031 3029 3025 3020 3025 3026 3031 3026 3044 3045 3051 3053 3052 3038 3038 3035 3027 3038 3025 3012 3004 3020 3020 3016
3013 3000 3003 3013 3010 3008 3011 3000 3003 3004 3010 2994 3002 3002 3008 2996 3005 3011 3006 2994 2992 3010 2988 3003 3003 3016 2998 2994 3000 2999 2999 3015 2998 3010 3015 3017 3030 3025 3028 3023 3027 3029 3043 3018 3023 3027 3023 3041 3047 3050 3048 3052 3049 3051 3033 3029 3030 3046 3030 3030 3008 3012 3007 3018
3000 2998 2996 3009 3015 3013 3005 3009 3003 2988 3002 2999 3015 3008 3003 3007 3007 3002 2998 3002 3011 2997 3000 2994 3000 2999 2991 2997 3000 3002 3007 3002 3001 3009 3018 3031 3023 3033 3024 3022 3017 3029 3019 3014 3034 3036 3035 3036 3047 3040 3043 3039 3046 3036 3048 3034 3038 3042 3038 3027 3029 3007 3027 3018
2998 2994 2995 2998 3016 3010 3002 3012 3007 3009 3012 2996 2998 3001 2997 3011 3012 3001 2994 2995 3004 3000 3023 3006 2997 3000 2989 2984 3014 3013 2995 3008 3016 3008 3036 3041 3043 3039 3026 3031 3028 3023 3030 3036 3041 3047 3048 3045 3041 3043 3052 3037 3047 3061 3048 3036 3043 3060 3046 3028 3021 3006 3037 3033
2998 3000 2998 3018 3019 3008 2988 3002 2993 3003 2997 3002 2995 2997 3007 3014 3016 3014 2999 3005 3001 3000 3003 3009 3013 3000 3008 3000 2994 3014 3012 3003 3002 3034 3039 3032 3041 3032 3020 3026 3031 3030 3036 3031 3040 3044 3043 3034 3045 3046 3040 3043 3066 3069 3058 3048 3045 3048 3046 3035 3029 3004 3029 3034
3003 3010 3007 3009 3012 3008 3000 2994 3000 2992 2986 2992 2995 3003 2998 3005 3020 3010 2992 2984 3000 3007 3002 2990 3004 3008 2999 3007 3014 2998 2996 3005 3001 3027 3030 3027 3035 3039 3040 3025 3037 3025 3036 3031 3031 3038 3040 3042 3036 3045 3052 3040 3065 3087 3069 3075 3060 3058 3042 3041 3034 3037 3027 3028
3010 2996 2987 3003 3009 2999 2995 2996 2985 2992 2978 2987 2991 2991 2998 3007 3009 3003 2998 2992 2997 3011 3014 2994 2992 3003 3003 3003 2997 2993 2999 2998 3017 3025 3023 3030 3031 3051 3025 3034 3042 3033 3031 3021 3049 3035 3028 3037 3043 3053 3060 3072 3080 3089 3090 3075 3076 3076 3056 3037 3050 3041 3036 3029
3015 3011 2998 2996 3018 2993 2992 3005 3002 2991 2989 2996 2981 2981 2992 2998 2997 2996 2991 3002 3010 3001 3002 3002 2999 3016 2994 3006 2998 3000 3006 3006 3016 3028 3018 3031 3032 3046 3029 3030 3034 3045 3029 3027 3037 3020 3026 3043 3049 3058 3077 3067 3092 3090 3082 3093 3074 3081 3067 3043 3037 3035 3043 3026
3001 3010 2996 3000 3018 3004 2999 2994 2991 2994 2995 2992 2991 2998 3000 2996 2998 2999 2995 2997 2990 2983 2996 3005 3005 3007 2994 3014 3008 3011 3006 3023 3032 3035 3042 3037 3040 3040 3031 3033 3040 3037 3037 3034 3045 3037 3057 3037 3057 3070 3078 3084 3086 3095 3104 3088 3096 3083 3073 3069 3046 3040 3022 3047
3015 3017 3005 3006 3019 3020 3004 3015 3009 3015 3007 2999 2998 2998 3000 3012 3017 3001 3003 2999 2993 3016 3009 3013 3023 3000 3002 3010 3020 3016 3016 3021 3029 3046 3054 3044 3028 3047 3020 3039 3051 3047 3054 3035 3046 3051 3058 3059 3064 3075 3080 3084 3094 3104 3112 3085 3096 3094 3082 3052 3049 3039 3034 3031
3016 3021 3023 3015 3030 3018 3021 3011 3029 2999 3022 3001 3008 3004 3001 3012 3020 3013 3017 2996 3010 3014 3016 3010 3005 3015 3012 3014 3011 3014 3030 3030 3052 3045 3051 3047 3039 3030 3039 3040 3046 3048 3044 3048 3070 3063 3077 3081 3084 3063 3094 3089 3093 3088 3090 3092 3088 3080 3068 3065 3055 3049 3042 3032
3023 3023 3029 3020 3027 3020 3012 3020 3009 3017 3010 3018 3019 3007 3011 3010 3017 3019 3002 3015 3014 3013 3014 3013 3015 3002 3020 3019 3020 3013 3011 3011 3040 3042 3051 3060 3051 3049 3048 3045 3051 3051 3047 3049 3055 3070 3073 3092 3079 3090 3086 3090 3087 3085 3092 3094 3097 3078 3069 3054 3059 3046 3036 3025
2999 3016 3010 3023 3015 3017 3007 3005 3003 3000 3009 3002 3020 3022 3008 3006 3010 3020 3003 3019 3016 3018 3009 3010 3017 3000 3021 3006 2992 3018 3011 3019 3027 3036 3052 3065 3053 3062 3057 3056 3067 3062 3056 3065 3084 3076 3084 3092 3087 3092 3099 3108 3089 3086 3103 3098 3081 3075 3066 3061 3054 3069 3035 3035
2989 3000 3005 3009 3006 3005 3009 2987 2995 3005 3006 2999 3000 2992 3012 3002 3004 3006 3002 3007 3004 3013 2997 2998 2999 2998 3008 3004 2992 2994 3001 3008 3028 3042 3034 3055 3066 3072 3063 3057 3057 3063 3081 3088 3071 3083 3091 3100 3101 3089 3087 3092 3105 3104 3098 3107 3088 3092 3071 3066 3055 3059 3047 3031
3008 3008 3001 3004 2998 3008 2996 3013 2993 3004 3014 2999 2991 2995 3005 3001 2999 2993 3020 3006 2999 3004 3005 3008 2999 3008 3010 3002 3004 2993 2988 3013 3035 3044 3060 3061 3076 3061 3068 3076 3084 3076 3085 3095 3074 3077 3096 3082 3084 3094 3083 3097 3104 3118 3104 3104 3086 3084 3073 3066 3068 3049 3043 3029
3009 3001 3005 2996 3003 3005 3008 3005 3004 3000 3017 3009 3000 2993 3007 2992 3003 3004 3011 3014 3004 2998 2998 2997 3000 2992 2996 3007 2997 2983 2997 2999 3023 3048 3064 3056 3063 3077 3069 3084 3071 3093 3103 3089 3084 3079 3088 3098 3087 3082 3094 3104 3100 3111 3101 3101 3086 3084 3088 3072 3065 3041 3033 3042
3007 2995 3011 2999 3016 2994 3000 2993 3011 3003 3013 3004 3006 3003 3013 2991 3000 3002 2998 2995 2998 2993 2998 3019 3002 3006 3007 2997 2987 2990 2998 3028 3029 3058 3061 3070 3067 3089 3076 3078 3084 3096 3088 3085 3089 3069 3070 3081 3094 3091 3092 3110 3101 3119 3102 3093 3096 3075 3094 3085 3069 3036 3048 3035
2988 3005 2997 3004 3007 3007 2999 3008 3018 3006 3013 3006 3003 3005 3007 3009 2986 2995 2992 2995 2994 2998 2999 3005 3007 2994 2999 2999 2995 2993 3014 3026 3039 3055 3056 3074 3086 3095 3081 3092 3078 3079 3097 3086 3091 3084 3075 3089 3084 3086 3099 3105 3098 3097 3084 3095 3097 3082 3081 3075 3063 3057 3041 3045
2995 2995 2988 2990 3015 3010 3010 3013 3005 3007 3012 2997 3015 3011 2996 3000 3004 3006 2999 2995 2995 2994 2991 2995 2990 2989 3007 2999 2990 2993 3015 3028 3046 3046 3054 3074 3077 3089 3087 3084 3090 3082 3084 3078 3092 3092 3102 3099 3096 3093 3086 3092 3088 3087 3083 3082 3088 3094 3085 3073 3060 3048 3037 3041
3001 2993 2979 3000 3010 2998 2999 3005 3010 3010 2999 2994 3002 3003 3007 2998 2999 3009 3000 2992 2991 2991 2998 2997 2999 2994 3008 3000 2991 2993 3005 3015 3037 3054 3065 3069 3081 3080 3079 3087 3085 3083 3089 3090 3099 3090 3104 3097 3090 3101 3100 3089 3094 3079 3094 3084 3078 3097 3056 3067 3068 3049 3031 3018
3005 3007 3003 3004 3004 3008 3010 3006 3010 3016 2992 2996 3002 3003 3002 3007 3005 3023 3007 3006 2996 3009 3009 3008 3008 3015 3008 3010 3001 3002 3010 3007 3026 3055 3069 3075 3075 3080 3098 3088 3097 3086 3080 3079 3096 3093 3085 3084 3098 3095 3102 3112 3097 3099 3095 3091 3090 3096 3090 3070 3053 3037 3035 3037
3001 3010 2997 3005 3017 3007 3009 3010 3014 3015 2981 2999 3000 3002 2993 3000 3015 3019 3015 3016 3004 3002 3003 3015 3008 3024 3002 3006 3000 2997 3004 3008 3026 3048 3067 3072 3084 3086 3081 3097 3082 3078 3076 3077 3078 3095 3088 3085 3079 3096 3091 3096 3103 3115 3100 3098 3096 3092 3070 3062 3044 3032 3036 3030
3007 2995 3005 3007 3024 3005 2996 2998 2998 3004 2988 3003 2991 2994 3004 3002 3001 3001 2993 3012 3008 3008 3012 3001 3007 3015 3004 3012 3005 3009 3006 3021 3022 3040 3057 3069 3073 3088 3086 3088 3069 3061 3068 3072 3083 3085 3097 3087 3093 3083 3101 3098 3092 3088 3105 3104 3084 3081 3071 3069 3050 3030 3032 3030
2992 3006 2998 3002 3011 3011 3015 3000 3007 2998 3002 2999 3009 3007 3003 2998 2988 2997 2995 2990 3003 3001 3006 3002 3011 3005 3005 3014 3015 3011 2988 2998 3027 3030 3052 3054 3081 3080 3085 3086 3079 3080 3070 3091 3065 3072 3082 3093 3096 3087 3099 3093 3093 3094 3082 3101 3092 3071 3070 3071 3039 3029 3027 3031
2993 3002 3001 3000 3001 3000 2988 3000 3009 3001 2982 2995 3004 3004 3000 2988 2998 2993 2995 2995 2994 3003 3003 2996 2992 3008 3009 3005 2984 3014 2998 3015 2988 3013 3040 3046 3083 3078 3086 3078 3076 3064 3075 3078 3081 3087 3097 3101 3087 3105 3072 3079 3096 3083 3095 3098 3070 3093 3071 3048 3042 3040 3050 3037
2997 2979 3001 2985 2988 2995 2994 3009 2990 2991 2981 2999 3018 3009 2995 2997 3009 2995 3003 3000 2986 2998 2988 2997 3010 3003 3009 2993 2993 2992 2998 3009 2995 3024 3016 3031 3072 3091 3067 3085 3067 3057 3079 3065 3082 3099 3092 3089 3086 3086 3089 3088 3093 3089 3086 3082 3078 3083 3061 3045 3051 3028 3030 3041
2984 2993 3003 3002 2992 2990 2997 3002 3007 2994 2995 2995 2996 3001 2996 3002 3003 3007 2992 2999 2982 2993 3004 2980 3004 3018 3001 3013 3006 3006 2988 3003 3006 3025 3010 3048 3065 3083 3080 3078 3071 3064 3065 3074 3074 3098 3080 3072 3078 3085 3108 3090 3097 3091 3095 3080 3076 3073 3060 3059 3049 3028 3041 3048
2995 3001 3009 2999 2996 3006 2996 2999 3004 2997 3004 3014 2995 2994 2986 2999 3016 3020 2999 2997 2990 2995 2998 3000 3011 3017 3013 2999 3009 2989 3007 3017 3000 3023 3029 3047 3067 3081 3066 3084 3079 3076 3075 3079 3089 3079 3085 3085 3085 3089 3100 3089 3098 3097 3089 3075 3063 3056 3058 3041 3042 3019 3031 3045
2993 3001 3000 3003 3002 3002 3000 2996 2995 3003 2998 2998 2996 2982 2990 3004 3009 2993 3005 3005 2992 3000 3011 3008 2996 2995 3010 3019 3024 3010 3021 3008 3000 3010 3020 3053 3057 3077 3068 3066 3073 3086 3078 3080 3070 3068 3088 3086 3085 3083 3100 3106 3093 3082 3082 3091 3076 3051 3067 3058 3052 3027 3032 3024
2998 2984 2996 2988 2991 2977 2986 2984 2991 3000 2996 2998 2989 2992 2998 2987 2992 2982 3007 2997 3003 2998 2988 3003 3006 3003 2996 3005 3000 3018 3019 3010 2998 2992 3033 3042 3055 3079 3077 3074 3068 3064 3070 3083 3073 3083 3077 3095 3102 3106 3101 3098 3080 3108 3087 3091 3064 3057 3062 3053 3044 3029 3029 3013
3003 2996 3007 2994 2997 2989 2988 2988 2999 2985 2999 2990 2989 2990 2987 2986 2990 3002 3007 3006 2998 3002 3000 3002 3017 3012 3021 3017 3009 3004 3017 3006 3006 2997 3036 3035 3062 3070 3068 3069 3075 3080 3081 3070 3088 3082 3089 3082 3089 3096 3078 3094 3076 3085 3073 3075 3055 3055 3061 3055 3045 3035 3031 3019
3003 3008 2997 3006 3005 2990 2987 3004 2985 2984 2991 2979 2990 2990 2975 2987 2995 3005 3013 3006 3006 2999 2987 3008 3020 3030 3023 3016 3008 3010 3012 3024 3015 3018 3029 3034 3066 3070 3082 3063 3080 3091 3076 3077 3095 3104 3083 3094 3096 3099 3101 3099 3087 3083 3076 3064 3061 3069 3048 3046 3044 3030 3023 3023
3004 3015 3003 3012 3015 3002 3008 3002 2998 2991 2991 3012 3001 2994 3001 3006 2998 2998 3015 3004 3006 3002 3004 3018 3027 3032 3014 3028 3021 3024 3016 3016 3012 3022 3050 3061 3060 3087 3079 3077 3073 3083 3079 3090 3082 3089 3088 3088 3089 3097 3103 3103 3084 3097 3065 3069 3055 3070 3051 3050 3038 3049 3043 3040
3008 3005 3008 3014 3017 3002 3001 2996 2995 2999 3000 3003 2996 3012 3004 3005 3011 3005 3004 3016 3002 2994 3006 3018 3021 3024 3040 3041 3042 3036 3036 3012 3019 3031 3058 3054 3067 3090 3078 3092 3097 3094 3099 3085 3096 3092 3097 3100 3098 3107 3109 3093 3108 3072 3075 3055 3070 3053 3062 3055 3054 3062 3054 3035
3010 3010 2998 3019 3001 3007 2994 2985 3007 3006 3000 3014 3025 3000 2999 3001 3017 3004 2997 3010 2996 3008 3013 3033 3027 3028 3041 3038 3037 3042 3024 3021 3032 3040 3068 3072 3085 3085 3086 3096 3083 3093 3075 3085 3100 3097 3098 3087 3100 3083 3092 3091 3092 3080 3070 3054 3055 3053 3066 3065 3046 3047 3044 3038
3010 3015 3009 2999 3003 2995 3004 2988 2997 3013 3023 3019 3009 3015 3007 3005 3015 3026 3012 3018 3006 3000 3022 3019 3035 3032 3043 3050 3045 3030 3028 3030 3023 3052 3079 3069 3084 3090 3087 3082 3098 3095 3087 3094 3091 3096 3103 3095 3078 3082 3074 3073 3062 3053 3062 3051 3053 3060 3057 3065 3055 3049 3043 3029
3003 2999 2999 3007 3015 3005 2997 2997 3004 2992 3015 3015 3017 3010 3011 3016 3030 3030 3018 3005 3002 3013 3020 3023 3030 3038 3041 3041 3049 3030 3046 3028 3034 3044 3056 3084 3087 3083 3089 3091 3099 3097 3103 3084 3099 3102 3104 3094 3089 3077 3073 3080 3066 3065 3059 3045 3045 3064 3057 3060 3052 3042 3049 3031
3012 3007 3002 3012 3012 3006 2997 3005 3007 2991 3013 3001 3014 3014 3022 3030 3017 3015 3009 3026 3017 3027 3008 3029 3035 3021 3044 3048 3063 3042 3029 3027 3045 3046 3079 3089 3090 3093 3086 3091 3107 3092 3105 3082 3101 3103 3102 3111 3089 3086 3079 3070 3068 3071 3057 3051 3050 3040 3050 3061 3048 3040 3036 3037
3006 3008 2993 3002 3014 3015 3008 3006 3008 3009 3000 3007 3005 3016 3021 3008 3005 3019 3004 3015 3008 3019 3019 3033 3040 3048 3046 3063 3051 3037 3035 3045 3050 3063 3066 3079 3082 3096 3096 3095 3096 3090 3095 3099 3105 3101 3097 3108 3098 3089 3090 3063 3076 3091 3063 3066 3055 3051 3060 3042 3050 3051 3033 3049
3030 3007 2993 3010 3012 3010 3021 3003 3001 3012 3017 3013 3019 3016 3010 3002 3005 3005 3014 3011 3017 3017 3026 3034 3044 3044 3062 3054 3043 3046 3071 3066 3058 3069 3073 3095 3091 3079 3088 3108 3082 3094 3097 3103 3097 3094 3095 3099 3099 3103 3084 3083 3080 3084 3062 3066 3070 3077 3059 3050 3049 3052 3055 3066
