3066 3058 3062 3066 3057 3073 3075 3055 3057 3052 3055 3046 3053 3046 3051 3044 3057 3054 3061 3058 3038 3052 3044 3050 3048 3048 3056 3048 3039 3038 3043 3049 3027 3033 3054 3029 3040 3032 3029 3024 3030 3037 3042 3040 3033 3026 3039 3022 3038 3041 3031 3044 3036 3039 3040 3045 3045 3049 3055 3026 3032 3034 3051 3040
3063 3050 3066 3072 3075 3080 3067 3053 3047 3050 3050 3058 3060 3053 3049 3047 3067 3053 3041 3045 3042 3047 3040 3060 3041 3051 3057 3048 3040 3033 3051 3034 3034 3024 3045 3037 3036 3031 3030 3017 3020 3037 3023 3016 3041 3020 3037 3035 3038 3021 3024 3029 3024 3030 3040 3033 3042 3040 3038 3018 3027 3034 3046 3028
3062 3059 3069 3071 3087 3071 3061 3061 3055 3051 3050 3050 3060 3053 3056 3036 3059 3046 3027 3052 3049 3050 3033 3055 3049 3060 3057 3045 3053 3040 3037 3037 3050 3042 3044 3020 3029 3014 3025 3019 3028 3039 3012 3027 3012 3014 3013 3043 3022 3026 3025 3037 3030 3029 3037 3036 3022 3035 3028 3012 3032 3019 3023 3017
3065 3060 3057 3062 3057 3049 3051 3059 3044 3066 3056 3050 3044 3043 3039 3051 3044 3042 3040 3040 3024 3034 3043 3051 3041 3036 3053 3037 3049 3034 3037 3032 3043 3024 3031 3029 3026 3028 3020 3011 3026 3030 3026 3024 3028 3035 3027 3041 3019 3019 3030 3039 3026 3046 3046 3041 3035 3044 3023 3034 3025 3033 3033 3030
3062 3048 3053 3045 3038 3032 3035 3051 3050 3062 3055 3040 3037 3044 3020 3042 3044 3035 3043 3037 3024 3029 3039 3038 3026 3038 3043 3027 3020 3034 3029 3036 3015 3019 3014 3022 3021 3017 3031 3004 3014 3015 3036 3032 3026 3023 3016 3028 3032 3042 3034 3052 3034 3034 3039 3048 3048 3043 3041 3023 3041 3035 3028 3020
3052 3050 3043 3059 3052 3050 3042 3037 3051 3050 3039 3047 3040 3028 3038 3039 3036 3025 3032 3029 3029 3025 3026 3038 3020 3039 3026 3027 3014 3042 3038 3025 3032 3016 3022 3007 3013 3014 3020 3009 3022 3010 3034 3028 3030 3036 3020 3031 3032 3039 3045 3051 3030 3044 3031 3042 3050 3040 3038 3050 3036 3047 3038 3034
3054 3052 3040 3035 3053 3046 3041 3035 3032 3040 3040 3046 3049 3021 3039 3040 3039 3035 3025 3032 3026 3043 3030 3044 3035 3022 3024 3030 3021 3037 3028 3039 3034 3037 3007 3022 3019 3020 3011 3024 3024 3025 3020 3009 3041 3031 3037 3028 3033 3043 3036 3033 3030 3037 3044 3031 3041 3064 3057 3069 3055 3044 3039 3049
3020 3008 2999 3027 3026 3007 3017 3014 3009 3019 3030 3017 3022 3018 3023 3017 3017 3016 3013 3010 3013 3015 3014 3021 3018 3027 3012 3018 3011 3016 3017 3021 3021 3023 3015 3019 3016 3018 3036 3017 3030 3031 3019 3013 3031 3032 3018 3035 3020 3033 3056 3043 3035 3033 3047 3036 3052 3054 3051 3053 3062 3050 3040 3038
2967 2972 2988 2978 2978 2981 2980 2987 2999 2989 2998 2993 3003 2989 2995 2981 2988 3008 3012 3011 2994 2991 3008 3007 3003 3004 2999 2996 3003 3016 3021 3015 3015 3013 3013 3015 3007 3021 3013 3010 3022 3020 3021 3020 3031 3045 3042 3039 3037 3034 3040 3048 3031 3035 3048 3044 3054 3051 3062 3052 3048 3060 3045 3035
2969 2963 2989 2984 2978 2974 2975 2983 2983 2981 2989 2990 2982 2998 2997 2994 3002 3005 3005 3003 2996 2994 3011 3009 3009 3009 3015 3002 3013 3009 3018 3017 3011 3027 3009 3009 3009 3019 3024 3021 3025 3029 3022 3028 3026 3036 3040 3047 3045 3030 3042 3033 3028 3028 3036 3033 3033 3057 3046 3051 3048 3054 3051 3030
2968 2974 2985 2987 2982 2972 2967 2994 2979 2988 2985 2984 2990 2990 2994 3017 3001 3021 3008 3001 3005 3016 3006 3017 3005 3004 3009 3005 3014 3005 3012 3010 3024 3028 3039 3049 3024 3015 3033 3020 3036 3009 3033 3023 3029 3041 3043 3036 3046 3024 3051 3038 3037 3035 3033 3029 3045 3037 3042 3057 3053 3065 3056 3055
2976 2974 2994 2985 2982 2977 2987 2989 2995 2984 2980 2991 2980 2987 3009 2995 2997 2996 2998 3014 3009 3020 3016 3024 3012 3020 3013 3003 3024 3006 3015 3007 3014 3019 3007 3009 3024 3021 3022 3028 3018 3023 3035 3028 3035 3031 3041 3042 3045 3047 3046 3034 3042 3040 3039 3040 3039 3040 3044 3047 3059 3064 3060 3056
2980 2978 2998 2989 2976 2992 2988 2997 2989 3006 2986 2988 2987 2989 3006 2989 2994 2998 3010 3016 3033 3021 3026 3019 3011 3009 3017 3025 3026 3025 3015 3018 3014 3015 3010 3019 3015 3018 3014 3008 3024 3018 3036 3031 3041 3038 3044 3050 3048 3047 3043 3049 3044 3042 3028 3038 3043 3043 3046 3061 3066 3074 3068 3081
2965 2994 2991 2989 2994 2994 2995 2993 2995 2990 2991 2992 2989 2995 3003 2983 2999 3003 3014 3020 3018 3020 3012 3009 3017 3013 3014 3003 3016 3021 3032 3024 3010 3005 3014 3012 3025 3017 3012 3023 3036 3035 3033 3046 3043 3042 3036 3035 3058 3047 3048 3040 3062 3055 3048 3047 3044 3042 3059 3074 3086 3075 3084 3085
2989 3000 2994 2995 2985 2991 2997 2995 2988 2993 2997 2997 3000 2999 3007 2997 2995 3010 3011 3007 3013 2993 3000 2992 3022 3011 3017 3008 3002 3018 3020 3012 3014 3013 2996 3000 3002 3010 3024 3016 3019 3031 3050 3041 3045 3030 3038 3040 3047 3044 3042 3044 3046 3049 3051 3033 3052 3061 3061 3074 3061 3082 3089 3098
3005 2999 2991 2990 2997 3008 2988 2994 2993 2989 3001 3004 2994 2993 3002 3003 3005 3009 3005 3016 3002 3000 2995 3007 3017 3017 3017 3016 3019 3010 3013 3018 3005 3018 3010 3008 2994 3014 3008 3031 3009 3016 3045 3059 3032 3026 3044 3042 3042 3042 3048 3035 3055 3054 3043 3052 3059 3082 3079 3102 3090 3089 3100 3084
2992 3016 3011 3024 3009 2994 3005 2999 2994 2993 2984 2989 3000 2995 2998 3009 2999 3007 3016 3011 3012 3001 2996 3006 3010 3023 3020 3027 3020 3010 3007 3009 3017 3023 3015 3011 3012 3015 3009 3018 3022 3013 3042 3046 3052 3050 3045 3038 3040 3046 3040 3019 3034 3039 3066 3049 3065 3087 3096 3101 3095 3098 3102 3097
2994 3012 3025 3015 3012 2998 2994 3001 3004 2975 2999 2989 2997 3009 2988 3004 3005 3014 2990 2999 3010 3011 3001 3000 3020 3003 3018 3008 3006 3011 3007 3009 3015 3023 3009 3001 3020 3017 3009 3011 3020 3021 3028 3045 3046 3066 3042 3051 3039 3048 3039 3051 3044 3048 3053 3062 3073 3086 3099 3092 3104 3101 3098 3099
3020 3014 3024 3016 3010 3012 2998 3001 3002 3006 2983 3000 3020 3010 2998 2999 3003 3017 3011 3018 3000 2999 3009 3014 3026 3024 3023 3005 3024 3005 3002 3009 3017 3008 3020 3009 3003 3021 3020 2999 3011 3026 3021 3041 3057 3046 3054 3056 3058 3064 3061 3054 3050 3061 3073 3063 3091 3105 3092 3108 3089 3104 3097 3098
3020 3007 3012 3024 3016 2991 3010 3005 3012 3010 2999 3001 3011 3002 2998 2992 3006 3015 2999 3004 3017 3013 3008 2994 3008 3008 3017 3019 3017 3010 3004 3007 3009 3030 3014 3009 3016 3007 3018 3003 3005 3001 3017 3037 3054 3056 3063 3072 3077 3055 3065 3069 3067 3082 3081 3072 3090 3084 3083 3094 3088 3081 3098 3105
3014 3014 3007 3007 3000 3000 3001 3004 3001 3014 3003 3007 3004 2995 2993 2997 2996 3009 3009 3018 3011 3013 2993 3013 2995 3003 3017 3005 3014 3012 3009 3009 2996 3007 3013 3010 3009 3009 3009 3007 3010 3024 3026 3016 3040 3062 3074 3070 3066 3076 3068 3073 3081 3091 3084 3082 3104 3110 3094 3087 3076 3081 3085 3086
3009 3010 3002 2999 3007 3009 3002 3016 2987 3011 3013 2998 3009 2999 2991 2997 3000 3016 3011 3014 3007 2998 3009 3015 3011 3004 3014 3018 3013 3007 3008 3010 3007 3010 3005 3016 3001 2991 3005 3005 3013 3007 2995 3029 3051 3060 3074 3073 3067 3070 3096 3102 3081 3089 3095 3088 3083 3108 3096 3083 3087 3078 3103 3107
3015 2999 3005 3009 3017 3013 2994 3007 3002 2998 2991 3012 3009 3006 2991 3004 2992 3007 3004 3014 3011 3018 3003 3014 3018 3024 3017 3028 3007 3007 3007 3010 3014 3020 3007 3008 3006 2997 3002 3009 3009 3006 3012 3020 3046 3065 3075 3067 3082 3079 3093 3100 3100 3094 3090 3097 3110 3085 3080 3083 3089 3096 3100 3109
3004 3010 3017 3003 3013 3020 3019 3005 3001 3007 2994 3005 3010 2997 3007 2999 3006 3010 3018 3024 3008 2997 3016 3027 3027 3016 3013 3016 3014 3006 3010 3002 3026 3017 3014 3010 2999 3010 3007 3022 3015 3005 3013 3026 3041 3078 3072 3066 3079 3079 3103 3110 3101 3099 3095 3095 3095 3086 3091 3087 3096 3102 3100 3094
3030 3035 3027 3023 3016 3020 3016 3003 3003 2995 3011 3007 3004 3005 3012 3019 3003 3015 3017 3016 3007 3004 3011 3015 3021 3024 3023 3017 3013 3007 3017 3018 3025 3022 3018 3025 3011 3000 3022 3017 3005 3019 3021 3035 3058 3074 3071 3085 3084 3076 3097 3095 3099 3104 3090 3102 3093 3100 3096 3114 3098 3111 3098 3106
3016 3019 3018 3034 3020 3031 3000 2997 3007 3014 3008 3006 3013 3017 3001 3019 3008 3015 3023 3029 3014 3017 3012 3025 3007 3018 3011 3018 3024 3030 3030 3010 3025 3017 3022 3019 3010 3006 2998 3009 3007 3012 3018 3031 3066 3080 3076 3073 3083 3090 3095 3116 3097 3089 3091 3087 3104 3096 3092 3116 3099 3080 3091 3089
3009 3023 3022 3016 3015 3014 3021 3003 3023 3015 3000 3007 3003 2999 3007 3008 3018 3023 3004 3017 2997 3011 3015 3008 3008 3005 3021 3015 3010 3013 3023 3025 3030 3022 3032 3022 3006 3006 3009 3011 3013 3022 3035 3035 3047 3076 3066 3089 3096 3079 3095 3099 3088 3097 3090 3099 3105 3109 3101 3103 3107 3102 3097 3102
3020 3019 3031 3022 3018 3012 3016 3011 3015 3015 3007 3008 3012 3010 3005 3011 3006 3006 3011 3027 3005 3001 2999 3012 3004 3024 3017 3026 3023 3003 3014 3008 3004 3013 3025 3028 3026 3016 3010 3012 3016 3015 3022 3037 3037 3059 3075 3092 3082 3081 3094 3097 3078 3100 3101 3098 3107 3102 3097 3101 3103 3103 3099 3105
3010 3034 3017 3022 3008 3019 3008 3012 3009 3011 2987 3003 2995 3012 3015 3017 3007 3012 3018 3024 3008 3003 3013 2997 3003 3008 3018 3008 3011 3018 3011 3011 3008 3013 3009 3017 3027 3034 3014 3008 3017 3033 3023 3031 3057 3049 3063 3086 3079 3090 3094 3088 3094 3103 3086 3082 3090 3084 3108 3086 3087 3094 3098 3106
3026 3024 3023 3016 3022 3023 3023 3005 3013 3008 2983 3002 2996 3003 3008 3010 3010 3010 3012 3003 3005 3010 3012 3018 2996 3009 3015 3010 3001 3007 3020 3015 3011 3015 3017 3035 3014 3017 3010 3005 3025 3025 3027 3023 3045 3059 3056 3072 3094 3085 3089 3077 3083 3093 3084 3081 3100 3103 3088 3095 3095 3100 3097 3097
3040 3033 3030 3032 3031 3019 3000 3020 3005 2997 3001 3002 3005 3001 2998 3013 3015 3005 3004 2999 3007 3018 2998 3005 3008 3011 3019 3005 3005 3000 3004 3013 3006 3013 2998 3005 3018 3012 3018 3033 3016 3006 3017 3031 3019 3031 3056 3078 3076 3095 3100 3100 3089 3075 3088 3081 3098 3115 3109 3103 3089 3086 3095 3102
3022 3027 3034 3036 3033 3026 3000 3007 2997 3001 2999 3000 3001 3004 2990 3009 3013 3000 2997 2997 3010 3004 3018 3010 3014 3016 3015 3011 3010 3011 3007 3008 3013 3010 3001 3005 3013 3021 3020 3014 3021 3012 3014 3018 3034 3036 3046 3062 3087 3103 3109 3099 3085 3090 3089 3084 3097 3104 3104 3096 3094 3088 3090 3085
3046 3038 3032 3042 3039 3019 3013 2999 3010 2988 2999 3002 3021 3014 2996 3010 3009 3010 3000 2998 3023 3004 3009 3025 3007 3009 3014 3012 3007 3021 3015 3009 3001 2998 3002 3000 3017 3023 3026 3019 3022 3010 3022 3026 3037 3033 3041 3040 3060 3082 3097 3091 3093 3089 3090 3100 3102 3101 3102 3097 3105 3098 3095 3098
3031 3029 3038 3039 3035 3018 3014 3006 2994 2991 3001 3020 3001 3006 3004 3005 2998 3000 3017 3017 3017 3017 3014 3003 3020 3016 3005 3012 3012 3018 3005 3001 3011 2996 2999 2998 3008 3017 3013 3014 3003 3019 3028 3030 3033 3032 3014 3035 3050 3071 3070 3068 3095 3080 3070 3090 3089 3086 3087 3103 3102 3103 3106 3094
3040 3050 3036 3034 3046 3020 3005 3006 3006 3010 3003 3010 3006 3007 3003 3011 3005 3009 3013 3007 3008 3004 3002 3007 3015 3013 3004 3012 3020 3008 3009 3017 3012 3025 2999 3011 3008 3021 3015 3005 3019 3030 3028 3027 3017 3029 3018 3033 3058 3080 3076 3074 3091 3083 3082 3093 3090 3082 3092 3095 3103 3110 3114 3108
3042 3043 3031 3036 3037 3029 2998 3006 3004 3017 3010 3006 3017 3006 3017 2996 3001 3005 3009 3015 3016 2999 3001 3008 3013 2999 3009 3004 2998 3010 3007 3004 3004 3014 3017 3000 3017 3020 3013 3024 3015 3028 3015 3026 3030 3024 3018 3035 3056 3081 3082 3072 3083 3086 3073 3083 3089 3080 3088 3087 3094 3116 3106 3113
3048 3020 3025 3019 3027 3012 3000 3013 3012 3007 3000 3001 3008 3016 3024 3016 3013 3013 3009 3003 3003 2994 3008 3017 3015 3026 3007 3011 3018 3011 3003 3012 3017 3010 3012 3014 3015 3005 3019 3020 3021 3014 3020 3033 3028 3010 3029 3020 3056 3073 3080 3079 3078 3090 3089 3081 3074 3083 3085 3096 3090 3094 3088 3096
3039 3021 3034 3013 3010 3014 3011 3016 3013 3006 2999 3007 3005 2999 3008 3007 3018 3000 3011 3015 3011 2999 2998 3012 3018 3027 3014 3023 3020 3022 3006 2997 3018 3001 3007 3009 3014 3014 3013 3020 3012 3028 3022 3030 3013 3022 3020 3027 3060 3080 3081 3073 3078 3078 3077 3093 3087 3087 3089 3093 3088 3099 3089 3098
3030 3032 3022 3014 3004 3015 3017 3005 2999 3002 2997 3013 3009 3001 3006 3012 3001 2995 3005 3007 3006 2998 2998 3007 3015 3016 3017 3008 3018 3006 3023 3011 3011 3012 3006 3007 3002 3006 3015 3018 3015 3013 3024 3020 3012 3013 3012 3025 3061 3079 3086 3082 3082 3081 3095 3094 3098 3088 3086 3099 3080 3096 3093 3098
3032 3021 3018 3009 3017 3010 3011 3017 3007 3003 3002 3009 3013 2994 3015 3006 2995 3005 2999 2999 3005 2998 3007 2999 3004 3003 3018 3020 3000 3001 3009 3009 2995 3003 3002 2997 3009 3008 3009 3013 3006 3014 3018 3014 3009 3007 3003 3022 3065 3071 3081 3088 3077 3079 3080 3097 3093 3088 3098 3087 3099 3091 3094 3092
3022 3029 3015 3016 3011 3011 3008 3003 3010 3009 3000 2984 2991 3001 3016 2994 3002 2999 3006 3014 3011 3004 3003 3007 3006 3019 3011 3000 2997 3009 3004 2998 3017 3000 3000 3004 3000 3010 3006 3021 3002 3007 3017 3011 3008 3010 3013 3030 3056 3078 3069 3089 3089 3090 3088 3087 3095 3086 3090 3094 3096 3103 3095 3104
3016 3013 3012 3014 3005 3015 3018 2998 3001 3002 3011 3002 2987 3006 3011 2997 3002 3001 3003 2996 2990 3005 3006 3004 2998 3010 3000 3002 3001 3001 3002 2990 3002 3008 2994 3003 2999 3015 3021 3017 3000 3004 3005 3010 3003 3005 3014 3036 3068 3073 3085 3085 3096 3090 3103 3094 3094 3086 3077 3096 3091 3112 3108 3091
3007 3029 3011 3008 3018 3017 2996 2987 2997 2995 2996 2996 2993 3000 3017 3017 3011 3007 3016 3007 3005 3014 3016 3013 3009 3005 2996 3012 3002 2998 2991 3011 3000 2984 3010 3011 3012 3004 3025 3009 3014 3006 3005 3007 2996 3022 3021 3037 3057 3083 3087 3095 3091 3084 3094 3089 3101 3094 3096 3084 3106 3114 3100 3083
3004 3010 3017 3015 3025 3014 3023 3006 3000 2996 3005 2993 2994 3007 3015 3005 3012 2999 3017 3012 3009 3013 3012 3020 3009 3025 3004 3007 3015 3001 3001 3004 3011 3018 3012 3021 3002 3020 3020 3011 3008 3004 3009 3006 3005 3003 3018 3055 3064 3084 3087 3091 3100 3090 3090 3078 3103 3102 3090 3098 3100 3113 3091 3066
3011 3029 3025 3023 3024 3007 3001 3007 3016 3004 2994 2993 2983 2996 2998 3015 3000 3015 3004 2999 3017 2997 2993 3009 3008 3007 3006 3010 3026 3013 3002 3010 3018 3017 3023 3010 3013 3029 3013 3023 3024 3029 3014 3014 3010 3020 3052 3067 3072 3087 3092 3100 3097 3099 3092 3095 3084 3094 3096 3097 3096 3108 3088 3066
3013 3025 3014 3010 3017 3015 3013 3007 2996 3006 3000 2982 2993 2995 3002 2992 3002 3005 3009 2997 2996 3010 3003 3003 3010 3009 3013 3024 3015 3016 3013 3026 3010 3021 3017 3028 3024 3010 3009 3015 3028 3030 3024 3032 3027 3022 3059 3072 3075 3076 3097 3087 3103 3090 3098 3095 3112 3102 3093 3091 3081 3097 3096 3075
3008 3011 3017 3019 3011 3001 3000 3003 2994 2996 2997 2987 2993 2999 3007 3015 3001 3001 3005 3007 3005 3004 3010 3008 2997 3013 3009 3007 3008 3010 3009 3019 3016 3003 3017 3014 3017 3016 3015 3025 3032 3045 3056 3058 3052 3067 3070 3087 3092 3082 3091 3086 3103 3112 3099 3097 3078 3093 3099 3090 3093 3093 3094 3077
3002 3009 2999 3001 2998 3005 3007 2999 2991 3006 2991 2990 2988 3001 2998 3020 3000 3003 3006 3013 3018 3009 3001 3000 3006 3005 3007 2998 3004 3012 3012 3005 3018 3022 3029 3016 3020 3014 3025 3036 3040 3049 3067 3084 3085 3075 3089 3090 3093 3088 3093 3076 3104 3094 3102 3108 3105 3095 3089 3103 3095 3082 3080 3094
3001 3014 2995 3005 3015 3006 2997 3001 2997 3007 2992 2996 2998 2999 3007 2993 3004 3005 2993 3008 3009 3023 3003 2995 3003 3001 3009 3006 3020 3006 3006 3023 3010 3027 3022 3025 3040 3045 3049 3042 3058 3071 3074 3086 3083 3094 3104 3094 3109 3110 3098 3084 3095 3096 3092 3097 3102 3088 3088 3096 3093 3086 3083 3074
3008 3006 3000 3007 3010 3001 2998 3007 3005 3005 2992 3005 3001 3016 3008 3003 2996 3013 3002 3009 3002 3006 2995 2992 3018 3017 3004 3011 3006 3014 3024 3022 3018 3024 3031 3033 3045 3058 3058 3068 3065 3077 3089 3093 3091 3092 3092 3114 3103 3105 3094 3084 3098 3104 3090 3090 3105 3100 3099 3100 3093 3091 3083 3071
3019 3001 3016 3014 3007 2999 3001 3014 3023 3003 2993 3008 3009 3005 3004 3021 3016 3010 3004 3010 3015 3014 3002 3005 3020 3024 3011 3021 3032 3023 3030 3034 3042 3056 3059 3043 3054 3059 3062 3058 3059 3076 3081 3083 3093 3078 3093 3098 3098 3097 3088 3091 3085 3103 3091 3082 3094 3108 3097 3089 3088 3087 3079 3091
3001 3000 3000 3019 3018 3021 3007 3030 3028 3012 2988 3001 3008 3009 3031 3008 3025 3009 3018 3020 3010 2995 2995 2999 3004 3019 3028 3021 3019 3035 3029 3063 3056 3062 3064 3066 3064 3068 3073 3072 3067 3086 3079 3079 3090 3095 3096 3109 3094 3108 3091 3084 3095 3108 3087 3082 3096 3112 3106 3081 3086 3080 3083 3089
3005 3011 3014 3013 3003 3012 3020 3016 3002 3003 3012 3007 3000 2998 2998 3010 3012 2998 3005 2999 3007 3011 3017 3026 3031 3038 3032 3041 3052 3048 3055 3065 3067 3074 3063 3066 3071 3061 3067 3067 3065 3073 3076 3078 3068 3071 3094 3093 3084 3092 3097 3095 3100 3089 3091 3078 3092 3099 3101 3094 3079 3077 3077 3091
3025 3018 3015 3019 3005 3019 3024 3016 2997 3016 3015 3019 2994 2993 3003 3009 3006 2996 2984 3011 3013 3014 3024 3026 3025 3044 3050 3053 3064 3075 3057 3074 3080 3081 3074 3063 3088 3072 3077 3060 3070 3055 3073 3077 3067 3085 3069 3071 3083 3093 3095 3094 3088 3105 3092 3080 3082 3085 3080 3085 3087 3081 3093 3101
2995 3007 3008 3017 3013 3014 3037 3018 2994 3016 3001 3000 2993 3004 3005 3002 3001 3006 3010 3014 3012 3012 3028 3032 3050 3048 3046 3061 3052 3061 3070 3073 3072 3068 3059 3071 3081 3062 3060 3071 3060 3080 3067 3079 3080 3058 3073 3068 3072 3078 3078 3078 3101 3088 3091 3091 3077 3098 3082 3075 3067 3079 3064 3092
3002 3005 3001 3015 3033 3035 3030 3022 3011 3011 3004 2991 3010 3003 3005 3004 3009 3013 3008 3015 3007 3021 3039 3052 3060 3053 3040 3055 3056 3066 3073 3072 3070 3067 3080 3061 3073 3064 3071 3065 3075 3082 3078 3075 3081 3077 3072 3069 3064 3071 3076 3089 3082 3083 3098 3093 3081 3076 3082 3081 3074 3078 3073 3075
3014 3018 3022 3008 3010 3037 3030 3012 3009 3006 3006 3008 3003 3003 2997 3001 3006 3010 3012 3006 3018 3031 3041 3050 3058 3065 3065 3063 3067 3068 3068 3072 3068 3067 3065 3060 3070 3075 3071 3061 3070 3080 3071 3062 3070 3062 3057 3060 3073 3072 3071 3069 3087 3088 3085 3076 3082 3064 3083 3089 3093 3084 3075 3085
3031 3010 2998 3014 3035 3025 3017 3021 3022 3004 3002 3007 3009 2994 3015 3020 3015 3014 3014 3022 3029 3037 3055 3059 3074 3080 3070 3079 3052 3055 3064 3057 3074 3077 3063 3060 3068 3068 3068 3079 3072 3079 3084 3079 3065 3066 3061 3055 3078 3081 3073 3079 3069 3059 3083 3087 3064 3060 3090 3087 3094 3111 3094 3094
3010 3014 3006 3016 3018 3005 3013 3022 3013 3011 3018 3006 3004 3022 3015 3019 3024 3017 3022 3031 3057 3061 3061 3068 3067 3072 3066 3070 3063 3067 3074 3066 3068 3063 3081 3078 3060 3079 3072 3073 3080 3081 3093 3065 3070 3066 3064 3066 3077 3073 3083 3071 3076 3073 3073 3078 3073 3075 3070 3084 3089 3073 3079 3071
2999 3021 3023 3016 3006 3016 3011 3014 3025 3012 3015 3009 3025 3023 3024 3040 3029 3019 3035 3044 3046 3063 3063 3065 3079 3096 3058 3073 3065 3066 3079 3080 3072 3078 3079 3064 3080 3076 3072 3073 3083 3078 3076 3079 3073 3055 3074 3070 3075 3077 3060 3061 3071 3083 3085 3069 3085 3072 3075 3081 3075 3059 3078 3059
3016 3008 3018 3018 3007 3017 3021 3017 3010 3005 2989 3022 3014 3015 3022 3026 3027 3033 3043 3047 3048 3059 3058 3063 3061 3071 3076 3071 3049 3069 3073 3072 3064 3075 3069 3078 3060 3069 3078 3093 3077 3082 3077 3075 3069 3077 3077 3073 3075 3076 3065 3048 3064 3076 3058 3063 3065 3069 3064 3067 3068 3068 3065 3072
3017 3014 2998 3013 3003 3018 3015 3006 3013 3005 3008 3007 3008 3017 3028 3027 3019 3033 3041 3048 3043 3048 3060 3065 3089 3074 3054 3063 3056 3062 3074 3066 3082 3070 3086 3071 3060 3071 3069 3068 3075 3092 3089 3091 3080 3064 3070 3060 3072 3065 3065 3051 3048 3062 3059 3066 3071 3071 3072 3062 3071 3077 3060 3059
3020 3016 3008 3017 3017 3031 3031 3008 3006 3007 3011 3020 3021 3014 3020 3022 3038 3027 3045 3054 3067 3068 3062 3060 3079 3077 3050 3061 3061 3060 3063 3058 3069 3083 3074 3073 3066 3060 3086 3079 3073 3066 3080 3081 3072 3073 3065 3071 3060 3079 3062 3069 3064 3068 3072 3082 3067 3067 3068 3050 3063 3084 3051 3071
3016 3022 3020 3008 3012 3022 3012 3021 3022 3016 3025 3026 3008 3016 3022 3031 3027 3035 3037 3064 3064 3070 3076 3077 3072 3057 3068 3052 3041 3049 3053 3052 3068 3072 3076 3070 3065 3058 3066 3076 3064 3061 3074 3068 3082 3071 3063 3052 3069 3071 3072 3087 3075 3068 3074 3080 3080 3063 3065 3059 3073 3081 3081 3063
