3115 3111 3111 3110 3103 3116 3125 3134 3119 3131 3108 3122 3123 3126 3130 3134 3119 3123 3114 3119 3124 3118 3117 3115 3118 3107 3089 3094 3106 3096 3097 3076 3096 3099 3091 3087 3097 3092 3096 3107 3098 3106 3103 3092 3089 3085 3085 3090 3088 3080 3100 3094 3086 3069 3054 3079 3081 3068 3055 3066 3036 3009 3020 3044
3107 3109 3140 3119 3113 3115 3125 3120 3132 3115 3110 3105 3100 3105 3118 3115 3112 3107 3118 3123 3128 3100 3122 3119 3115 3106 3100 3092 3097 3098 3090 3092 3100 3103 3091 3084 3085 3100 3095 3094 3093 3103 3103 3113 3105 3100 3088 3083 3094 3097 3098 3099 3089 3079 3072 3075 3076 3067 3062 3043 3039 3012 3024 3011
3096 3102 3112 3124 3128 3110 3114 3107 3110 3105 3105 3104 3118 3113 3111 3117 3104 3111 3110 3116 3112 3101 3102 3111 3109 3105 3113 3112 3094 3098 3108 3109 3104 3097 3115 3099 3094 3101 3099 3093 3096 3090 3100 3108 3091 3081 3089 3085 3079 3089 3098 3093 3098 3090 3079 3069 3082 3072 3064 3043 3023 3014 3001 3008
3108 3110 3108 3111 3104 3098 3089 3104 3122 3119 3106 3100 3106 3121 3120 3118 3112 3107 3104 3114 3105 3114 3102 3110 3107 3103 3098 3099 3086 3102 3102 3101 3104 3089 3089 3093 3098 3101 3097 3103 3084 3092 3095 3093 3093 3100 3094 3079 3080 3088 3108 3094 3092 3078 3076 3065 3061 3076 3059 3035 3020 3002 3009 3018
3110 3096 3097 3094 3084 3098 3089 3109 3112 3100 3106 3103 3109 3115 3119 3110 3109 3119 3103 3106 3098 3099 3104 3104 3101 3093 3092 3093 3079 3087 3084 3108 3100 3098 3105 3090 3096 3093 3092 3080 3078 3089 3081 3106 3094 3099 3087 3079 3067 3080 3088 3078 3096 3073 3071 3054 3055 3060 3038 3037 2999 2988 2998 3019
3099 3105 3108 3103 3084 3095 3100 3109 3098 3107 3098 3117 3113 3108 3122 3107 3111 3107 3108 3104 3103 3098 3104 3102 3111 3093 3085 3089 3082 3083 3087 3108 3109 3098 3095 3092 3087 3095 3095 3096 3083 3081 3083 3086 3081 3099 3102 3097 3076 3089 3082 3089 3079 3064 3076 3069 3061 3069 3045 3027 3010 2996 2998 3003
3104 3106 3110 3098 3091 3097 3102 3102 3084 3099 3098 3099 3104 3098 3112 3105 3106 3096 3114 3114 3127 3109 3111 3108 3103 3094 3087 3080 3075 3084 3100 3097 3100 3093 3093 3093 3097 3084 3082 3100 3103 3092 3084 3077 3089 3103 3098 3109 3096 3088 3101 3086 3092 3074 3074 3068 3059 3066 3055 3037 3014 3011 3008 3009
3069 3077 3088 3078 3070 3073 3088 3083 3070 3067 3090 3071 3081 3083 3096 3080 3079 3085 3109 3106 3088 3100 3092 3098 3091 3080 3078 3067 3078 3074 3093 3086 3079 3087 3083 3093 3092 3093 3094 3087 3089 3088 3077 3061 3092 3094 3093 3091 3101 3085 3081 3083 3071 3069 3067 3066 3069 3067 3040 3023 3006 3000 2995 2993
3031 3029 3033 3036 3053 3044 3037 3054 3057 3049 3058 3050 3057 3061 3071 3081 3077 3087 3071 3075 3083 3075 3072 3077 3059 3070 3069 3065 3076 3066 3066 3080 3085 3078 3091 3080 3071 3080 3075 3084 3072 3075 3082 3074 3073 3090 3085 3075 3080 3074 3071 3077 3076 3060 3054 3063 3057 3059 3030 3032 3008 3009 2999 3003
3011 3028 3036 3038 3045 3048 3043 3070 3062 3057 3048 3056 3057 3058 3071 3081 3078 3081 3073 3083 3073 3081 3064 3067 3071 3051 3073 3079 3065 3063 3078 3078 3088 3090 3089 3072 3078 3080 3081 3073 3084 3064 3065 3081 3075 3082 3082 3080 3083 3079 3068 3062 3077 3068 3065 3060 3042 3020 3022 3013 3015 2997 3000 2992
3005 3035 3040 3057 3052 3049 3043 3053 3050 3050 3052 3061 3062 3058 3071 3080 3074 3080 3081 3072 3082 3072 3071 3089 3077 3081 3080 3068 3069 3069 3056 3066 3064 3081 3083 3070 3084 3074 3068 3068 3075 3079 3080 3091 3076 3076 3081 3092 3071 3053 3069 3064 3066 3075 3066 3063 3043 3028 3018 3001 3008 3001 2997 2996
3009 3034 3028 3040 3044 3053 3030 3041 3041 3052 3056 3068 3055 3058 3083 3073 3070 3080 3077 3065 3076 3077 3084 3072 3083 3079 3087 3084 3074 3073 3084 3085 3073 3081 3080 3079 3077 3077 3084 3077 3090 3078 3085 3107 3085 3095 3083 3065 3084 3079 3076 3065 3051 3060 3072 3039 3031 2994 3011 3007 2992 3001 2997 2996
3010 3019 3032 3041 3045 3032 3036 3050 3057 3055 3066 3071 3072 3091 3071 3070 3095 3095 3083 3074 3075 3072 3073 3067 3089 3088 3087 3086 3076 3076 3071 3079 3101 3077 3083 3078 3082 3075 3078 3080 3086 3089 3091 3086 3093 3087 3074 3077 3079 3084 3079 3074 3055 3055 3040 3018 3013 3002 2996 2995 2997 3007 2984 3002
3010 3025 3035 3030 3041 3039 3040 3038 3039 3055 3063 3066 3072 3064 3073 3078 3081 3088 3084 3077 3080 3077 3073 3077 3078 3078 3088 3085 3092 3081 3087 3083 3088 3086 3093 3087 3082 3079 3074 3073 3072 3075 3087 3094 3085 3080 3070 3088 3082 3087 3066 3060 3055 3057 3029 3027 2998 2983 2996 3003 2997 2999 3007 3009
3007 3014 3036 3032 3041 3046 3044 3055 3050 3060 3063 3069 3072 3081 3072 3070 3064 3069 3082 3071 3094 3082 3091 3075 3081 3085 3092 3098 3088 3102 3106 3084 3091 3087 3082 3082 3088 3071 3069 3058 3070 3082 3087 3090 3082 3081 3078 3081 3084 3080 3074 3062 3050 3041 3025 3012 3005 3008 3008 2993 2990 3009 3006 3006
3005 3029 3045 3037 3048 3050 3052 3069 3060 3065 3073 3069 3052 3066 3067 3072 3063 3064 3076 3074 3080 3077 3082 3079 3095 3092 3093 3084 3089 3090 3099 3086 3085 3090 3085 3081 3093 3088 3076 3070 3084 3074 3086 3087 3080 3082 3069 3076 3080 3074 3076 3070 3057 3036 3016 3003 3017 3006 3007 3001 2996 2998 3003 3008
3010 3019 3033 3042 3047 3069 3072 3068 3070 3066 3066 3067 3066 3064 3065 3075 3081 3076 3087 3076 3079 3073 3084 3077 3085 3093 3085 3080 3070 3091 3094 3077 3084 3081 3080 3081 3086 3104 3082 3085 3081 3088 3082 3077 3079 3075 3072 3063 3067 3066 3082 3064 3035 3015 3001 3000 2996 2992 3012 3011 2996 2994 3009 3008
3005 3021 3021 3029 3047 3053 3076 3070 3067 3077 3075 3065 3078 3072 3067 3070 3084 3077 3064 3073 3088 3072 3078 3089 3078 3084 3074 3075 3087 3078 3085 3071 3079 3058 3080 3083 3069 3077 3089 3084 3086 3091 3085 3084 3055 3071 3074 3068 3046 3064 3053 3050 3040 3007 2996 2998 3004 3016 3005 3003 3006 2998 3004 2997
2999 3008 3013 3041 3039 3062 3065 3074 3060 3067 3080 3066 3069 3084 3072 3068 3070 3072 3065 3082 3091 3080 3083 3081 3080 3073 3088 3068 3079 3088 3073 3079 3078 3075 3071 3062 3074 3087 3062 3078 3073 3083 3091 3087 3088 3073 3076 3088 3077 3056 3051 3033 3017 2996 3018 2999 3004 3001 2999 2992 3009 3008 3014 3019
2991 3010 3009 3023 3033 3048 3073 3063 3082 3073 3071 3074 3078 3066 3075 3088 3080 3082 3076 3075 3075 3088 3075 3075 3077 3081 3079 3078 3067 3069 3084 3074 3074 3075 3074 3069 3074 3076 3086 3079 3081 3080 3067 3071 3069 3091 3072 3068 3061 3041 3040 3018 3007 3007 3004 3001 3004 3001 3004 3003 3005 3004 3006 3003
2989 2993 3009 3016 3025 3044 3074 3078 3074 3070 3084 3074 3083 3078 3067 3073 3085 3071 3072 3079 3082 3063 3082 3073 3073 3073 3085 3071 3069 3075 3069 3068 3063 3077 3066 3076 3064 3063 3071 3080 3090 3081 3077 3066 3076 3071 3079 3075 3063 3035 3031 3006 3005 2990 2992 3001 3016 3012 3004 3007 3001 2993 3009 3017
2997 3020 2998 3009 3040 3045 3071 3062 3068 3075 3068 3075 3072 3069 3061 3058 3075 3074 3077 3092 3079 3082 3075 3071 3070 3067 3065 3070 3069 3070 3066 3080 3071 3067 3084 3087 3073 3074 3071 3067 3080 3076 3072 3076 3069 3070 3078 3076 3056 3049 3028 2988 3009 3004 3003 2998 2999 3003 3005 2999 2989 2992 2990 3011
3018 3036 3028 3026 3024 3038 3056 3062 3070 3076 3072 3071 3083 3069 3082 3078 3072 3061 3069 3083 3088 3086 3080 3091 3083 3077 3076 3088 3069 3072 3079 3069 3078 3078 3075 3074 3066 3070 3066 3070 3067 3092 3073 3083 3064 3067 3072 3072 3058 3036 3015 3004 2997 3000 3001 3006 3016 3009 3011 2990 2996 3018 3006 3000
3012 3035 3043 3025 3048 3055 3059 3060 3060 3071 3064 3085 3077 3075 3065 3077 3074 3077 3068 3074 3073 3069 3079 3078 3073 3080 3065 3079 3069 3065 3078 3079 3081 3078 3092 3070 3078 3069 3072 3075 3063 3082 3078 3079 3085 3079 3067 3064 3049 3043 3020 3013 3014 3018 3008 3024 3003 3005 2993 2998 2998 3001 3011 3013
3022 3041 3020 3039 3049 3051 3059 3067 3081 3072 3067 3061 3082 3081 3081 3076 3064 3082 3074 3065 3086 3081 3079 3084 3079 3078 3071 3064 3068 3071 3067 3065 3079 3087 3071 3080 3076 3068 3063 3076 3077 3082 3088 3076 3076 3076 3079 3080 3075 3070 3034 3005 3004 3014 2993 2999 3001 3011 2998 2989 3000 3008 3014 3003
3015 3033 3046 3051 3062 3059 3076 3077 3066 3082 3065 3062 3079 3087 3077 3075 3069 3073 3069 3079 3071 3072 3071 3084 3073 3077 3065 3070 3070 3072 3065 3066 3072 3070 3065 3069 3081 3072 3087 3080 3076 3074 3076 3078 3063 3073 3078 3080 3069 3065 3051 3041 3030 3017 2999 2990 3007 2988 2992 3008 3015 3010 3005 3000
3041 3061 3062 3065 3070 3072 3078 3076 3069 3067 3080 3074 3071 3078 3077 3081 3084 3070 3075 3066 3057 3087 3080 3066 3074 3077 3071 3062 3077 3076 3068 3071 3084 3071 3070 3070 3072 3062 3062 3074 3081 3083 3078 3069 3074 3070 3076 3078 3077 3062 3046 3061 3032 3022 3026 3017 2997 3004 3001 2995 2998 3021 3007 3004
3061 3062 3077 3068 3077 3079 3075 3075 3058 3069 3074 3062 3068 3080 3070 3079 3059 3071 3078 3063 3076 3067 3077 3085 3085 3076 3079 3066 3081 3078 3069 3068 3075 3084 3082 3067 3076 3065 3080 3074 3070 3079 3068 3071 3071 3090 3078 3063 3069 3060 3067 3060 3032 3026 3018 3021 3021 3017 2997 2998 3004 3005 3018 3009
3055 3080 3067 3082 3091 3088 3075 3071 3073 3070 3081 3075 3075 3076 3058 3068 3051 3070 3076 3075 3079 3062 3084 3071 3077 3070 3067 3084 3071 3085 3077 3085 3084 3089 3090 3092 3078 3082 3086 3073 3064 3074 3067 3068 3077 3079 3069 3071 3074 3087 3074 3068 3052 3046 3040 3030 3030 3016 3002 3014 3006 3004 2996 3007
3056 3070 3082 3075 3078 3076 3090 3064 3086 3070 3089 3074 3071 3079 3081 3059 3065 3071 3063 3074 3065 3068 3072 3069 3081 3088 3099 3072 3068 3073 3080 3075 3082 3093 3080 3088 3074 3078 3077 3071 3074 3083 3071 3070 3074 3078 3071 3075 3066 3077 3081 3075 3062 3063 3054 3059 3034 3029 3021 3030 3031 3027 3012 3013
3071 3063 3076 3082 3085 3074 3088 3082 3079 3070 3071 3077 3072 3083 3071 3077 3067 3060 3066 3081 3070 3076 3074 3075 3075 3086 3068 3077 3070 3087 3072 3074 3089 3083 3076 3077 3068 3082 3078 3077 3070 3083 3084 3070 3070 3070 3065 3071 3087 3078 3081 3076 3071 3059 3056 3061 3060 3046 3036 3035 3047 3046 3034 3023
3062 3072 3074 3080 3086 3085 3073 3068 3072 3071 3075 3068 3075 3076 3082 3067 3090 3072 3077 3076 3072 3076 3059 3074 3084 3073 3067 3054 3076 3074 3071 3071 3072 3082 3065 3060 3065 3076 3069 3081 3067 3071 3067 3076 3076 3071 3081 3075 3076 3078 3079 3076 3058 3061 3062 3059 3063 3056 3052 3052 3054 3061 3044 3046
3058 3075 3084 3084 3082 3091 3071 3068 3079 3085 3077 3077 3076 3083 3070 3073 3071 3074 3085 3078 3065 3076 3072 3080 3065 3072 3064 3068 3064 3077 3062 3072 3088 3068 3076 3073 3080 3072 3066 3071 3084 3086 3072 3078 3069 3071 3063 3072 3078 3074 3083 3072 3071 3052 3062 3071 3065 3056 3054 3042 3055 3071 3077 3062
3073 3072 3062 3063 3087 3092 3080 3071 3080 3078 3076 3072 3075 3066 3066 3095 3077 3079 3082 3063 3064 3067 3075 3086 3069 3064 3079 3074 3076 3079 3073 3071 3071 3078 3076 3068 3070 3096 3087 3086 3081 3082 3083 3073 3070 3075 3075 3064 3077 3072 3074 3076 3079 3057 3072 3072 3053 3053 3055 3054 3058 3055 3067 3061
3057 3064 3064 3072 3072 3075 3094 3092 3086 3080 3081 3088 3074 3070 3075 3057 3068 3077 3061 3082 3079 3089 3076 3078 3075 3062 3067 3069 3083 3074 3073 3089 3078 3084 3086 3084 3094 3084 3086 3080 3072 3072 3081 3070 3074 3085 3077 3069 3076 3082 3090 3095 3080 3083 3049 3049 3070 3049 3054 3052 3050 3047 3065 3056
3063 3079 3075 3068 3069 3085 3076 3083 3068 3082 3071 3080 3079 3077 3069 3076 3083 3075 3059 3086 3068 3077 3088 3086 3077 3064 3068 3058 3066 3075 3080 3087 3075 3073 3085 3079 3105 3080 3088 3076 3071 3074 3078 3080 3085 3083 3083 3074 3081 3092 3096 3099 3089 3079 3065 3052 3053 3058 3051 3058 3060 3054 3054 3061
3063 3062 3073 3084 3078 3090 3085 3070 3083 3087 3065 3073 3077 3074 3075 3062 3081 3072 3073 3065 3074 3085 3073 3076 3072 3074 3066 3071 3088 3090 3083 3084 3061 3084 3091 3087 3078 3086 3082 3083 3067 3062 3075 3082 3082 3072 3069 3062 3080 3093 3096 3080 3085 3070 3061 3051 3050 3048 3056 3045 3050 3044 3051 3060
3074 3067 3074 3073 3080 3081 3072 3075 3075 3072 3073 3062 3071 3070 3075 3059 3082 3061 3077 3076 3077 3083 3071 3068 3080 3087 3073 3075 3066 3086 3081 3078 3082 3073 3083 3083 3075 3077 3081 3091 3074 3067 3063 3076 3074 3077 3083 3067 3089 3098 3084 3092 3074 3077 3074 3067 3050 3041 3049 3051 3044 3032 3048 3061
3073 3068 3070 3075 3068 3077 3081 3078 3083 3072 3067 3068 3069 3072 3077 3073 3047 3051 3068 3077 3074 3071 3066 3076 3091 3080 3076 3071 3090 3081 3088 3077 3068 3079 3074 3088 3077 3078 3077 3082 3088 3068 3083 3085 3072 3078 3076 3073 3089 3101 3092 3077 3077 3061 3064 3051 3045 3055 3056 3059 3050 3034 3057 3061
3066 3060 3057 3058 3062 3088 3095 3076 3072 3088 3072 3065 3070 3068 3069 3061 3047 3061 3071 3062 3077 3067 3068 3091 3084 3082 3073 3061 3077 3079 3077 3079 3070 3080 3078 3081 3082 3082 3080 3080 3066 3077 3083 3074 3088 3077 3079 3074 3087 3090 3092 3088 3074 3069 3065 3062 3059 3046 3067 3059 3043 3055 3056 3062
3069 3062 3065 3066 3064 3076 3086 3092 3080 3074 3076 3078 3064 3067 3061 3069 3063 3076 3072 3067 3077 3073 3074 3070 3069 3079 3080 3069 3067 3058 3058 3060 3075 3076 3075 3080 3079 3070 3081 3075 3066 3068 3082 3067 3073 3076 3079 3075 3086 3086 3091 3083 3067 3074 3059 3054 3067 3061 3057 3062 3058 3061 3052 3077
3047 3053 3057 3075 3079 3081 3094 3094 3072 3078 3087 3076 3061 3070 3070 3080 3081 3074 3070 3077 3071 3076 3081 3073 3064 3067 3080 3081 3080 3066 3061 3056 3078 3079 3081 3076 3076 3077 3087 3066 3064 3070 3071 3070 3079 3078 3080 3086 3097 3093 3087 3074 3069 3052 3077 3054 3061 3063 3060 3043 3056 3055 3077 3076
3040 3064 3058 3065 3061 3065 3070 3081 3080 3084 3085 3075 3075 3061 3076 3070 3069 3072 3067 3069 3066 3070 3077 3093 3078 3078 3089 3090 3086 3073 3077 3087 3086 3073 3067 3081 3083 3085 3072 3088 3077 3064 3077 3076 3072 3074 3074 3092 3089 3105 3088 3079 3073 3040 3056 3065 3077 3047 3063 3059 3069 3063 3068 3063
3054 3052 3056 3061 3065 3063 3059 3057 3082 3074 3093 3078 3065 3063 3067 3061 3068 3060 3071 3065 3073 3077 3080 3076 3061 3065 3081 3066 3084 3087 3091 3080 3089 3082 3080 3079 3089 3076 3073 3077 3065 3076 3074 3075 3082 3099 3086 3086 3106 3095 3097 3090 3046 3051 3069 3084 3079 3060 3063 3059 3058 3054 3057 3067
3030 3051 3056 3059 3064 3064 3067 3079 3077 3078 3093 3083 3071 3075 3070 3063 3060 3061 3068 3076 3067 3060 3068 3067 3077 3053 3070 3067 3079 3074 3083 3090 3070 3068 3079 3088 3075 3077 3078 3081 3073 3074 3084 3084 3074 3069 3082 3084 3085 3088 3084 3076 3053 3044 3051 3058 3060 3063 3054 3053 3052 3048 3060 3045
3036 3046 3053 3055 3061 3059 3071 3076 3071 3086 3086 3071 3079 3078 3063 3062 3072 3057 3059 3062 3056 3064 3079 3071 3065 3067 3053 3063 3069 3082 3075 3083 3072 3071 3087 3087 3074 3075 3102 3085 3074 3059 3073 3082 3081 3054 3081 3087 3085 3089 3081 3066 3053 3059 3054 3050 3058 3044 3054 3046 3055 3061 3040 3039
3062 3051 3061 3064 3061 3066 3073 3066 3078 3077 3072 3083 3083 3084 3074 3071 3069 3062 3063 3061 3059 3071 3062 3068 3088 3082 3067 3066 3066 3087 3085 3071 3065 3074 3078 3082 3079 3078 3087 3075 3062 3061 3064 3076 3074 3085 3083 3094 3087 3074 3076 3075 3068 3055 3052 3045 3052 3060 3054 3055 3044 3048 3059 3047
3052 3071 3070 3064 3058 3066 3074 3071 3073 3071 3061 3063 3077 3086 3077 3070 3082 3062 3065 3068 3055 3073 3068 3070 3082 3069 3075 3076 3085 3087 3080 3083 3085 3070 3081 3078 3085 3078 3084 3075 3061 3062 3078 3072 3074 3074 3088 3091 3095 3072 3081 3054 3072 3059 3055 3046 3073 3061 3047 3048 3055 3047 3058 3061
3063 3065 3063 3063 3060 3062 3065 3067 3069 3058 3062 3063 3079 3083 3079 3056 3064 3074 3072 3068 3072 3060 3058 3076 3074 3078 3071 3072 3073 3096 3081 3087 3085 3085 3070 3077 3074 3087 3076 3072 3067 3068 3071 3086 3075 3084 3100 3098 3075 3050 3059 3050 3059 3061 3057 3062 3056 3050 3060 3062 3053 3063 3051 3052
3065 3058 3062 3062 3060 3065 3065 3059 3061 3056 3056 3063 3073 3071 3070 3063 3075 3067 3075 3062 3068 3065 3073 3071 3063 3065 3082 3073 3090 3084 3089 3080 3083 3069 3080 3073 3070 3069 3077 3077 3069 3069 3079 3096 3084 3087 3094 3092 3077 3048 3059 3062 3057 3045 3052 3056 3046 3049 3058 3070 3056 3043 3039 3061
3069 3055 3049 3050 3068 3051 3059 3067 3064 3066 3059 3061 3052 3072 3062 3063 3071 3071 3071 3068 3080 3076 3070 3079 3066 3089 3093 3074 3065 3083 3075 3080 3086 3088 3071 3083 3079 3073 3060 3061 3069 3077 3080 3082 3097 3091 3077 3069 3069 3056 3052 3071 3055 3058 3057 3053 3055 3046 3046 3060 3054 3041 3050 3065
3064 3045 3046 3053 3056 3058 3056 3064 3059 3066 3068 3061 3052 3053 3068 3061 3066 3068 3091 3071 3082 3092 3074 3079 3075 3082 3078 3069 3089 3080 3074 3085 3082 3082 3076 3081 3084 3082 3085 3082 3078 3071 3085 3089 3096 3102 3070 3051 3061 3067 3059 3069 3064 3075 3064 3060 3045 3041 3042 3052 3049 3041 3042 3047
3065 3054 3043 3043 3060 3066 3052 3047 3059 3058 3053 3059 3049 3055 3056 3057 3064 3062 3069 3073 3058 3067 3073 3075 3057 3077 3065 3080 3083 3074 3084 3081 3088 3085 3079 3071 3072 3075 3077 3068 3076 3060 3076 3093 3074 3076 3052 3057 3052 3070 3064 3052 3061 3052 3048 3050 3049 3059 3051 3049 3057 3044 3043 3055
3054 3055 3054 3050 3052 3055 3056 3041 3056 3057 3057 3051 3062 3056 3060 3053 3070 3066 3072 3055 3083 3064 3061 3059 3072 3070 3070 3077 3080 3070 3076 3075 3095 3085 3072 3065 3082 3076 3079 3073 3077 3078 3086 3078 3067 3054 3045 3045 3053 3063 3070 3060 3059 3038 3036 3051 3040 3057 3058 3047 3046 3053 3057 3058
3044 3049 3060 3049 3048 3049 3060 3064 3061 3042 3054 3060 3058 3050 3048 3058 3054 3060 3064 3060 3067 3067 3064 3063 3073 3072 3068 3064 3094 3081 3081 3057 3079 3075 3074 3090 3079 3078 3082 3082 3062 3065 3075 3075 3052 3051 3056 3053 3046 3050 3059 3053 3038 3036 3037 3040 3042 3049 3049 3048 3047 3049 3054 3047
3050 3047 3060 3049 3042 3059 3059 3068 3053 3039 3043 3055 3050 3047 3041 3047 3048 3048 3059 3064 3061 3052 3060 3058 3071 3070 3075 3073 3080 3079 3070 3060 3053 3073 3087 3078 3083 3072 3064 3059 3070 3071 3066 3056 3065 3041 3051 3052 3046 3042 3058 3056 3050 3029 3036 3041 3043 3056 3056 3063 3049 3048 3045 3045
3062 3060 3053 3059 3051 3057 3069 3047 3048 3056 3055 3045 3055 3046 3057 3039 3051 3063 3056 3050 3063 3046 3063 3059 3042 3062 3069 3072 3071 3067 3077 3069 3064 3071 3073 3076 3078 3081 3064 3065 3065 3056 3059 3052 3058 3058 3054 3061 3069 3049 3059 3063 3047 3040 3052 3031 3050 3052 3045 3064 3062 3043 3050 3042
3063 3050 3060 3061 3056 3041 3048 3037 3054 3058 3044 3048 3051 3043 3055 3056 3052 3057 3042 3061 3044 3063 3053 3053 3077 3054 3052 3059 3054 3047 3050 3066 3048 3055 3052 3080 3069 3072 3061 3048 3058 3050 3051 3057 3069 3071 3059 3055 3049 3066 3065 3052 3045 3032 3046 3043 3047 3051 3055 3061 3065 3069 3063 3065
3052 3062 3059 3054 3056 3045 3054 3062 3053 3058 3063 3056 3061 3051 3047 3062 3059 3051 3064 3063 3055 3059 3062 3056 3066 3074 3070 3052 3046 3039 3066 3061 3068 3057 3047 3066 3075 3066 3062 3064 3060 3054 3065 3049 3057 3065 3056 3070 3062 3063 3061 3058 3056 3041 3038 3041 3047 3053 3058 3065 3065 3065 3067 3068
3055 3060 3057 3053 3051 3056 3058 3059 3052 3065 3073 3074 3054 3051 3044 3053 3045 3056 3053 3050 3070 3083 3064 3070 3065 3077 3052 3052 3060 3060 3058 3057 3060 3062 3040 3053 3065 3065 3072 3057 3064 3063 3054 3062 3051 3074 3067 3071 3058 3059 3066 3058 3054 3044 3058 3048 3063 3051 3053 3059 3052 3047 3047 3059
3057 3070 3064 3059 3058 3066 3061 3061 3074 3059 3055 3066 3062 3061 3039 3046 3054 3056 3066 3066 3066 3054 3067 3073 3067 3057 3065 3059 3053 3065 3063 3071 3053 3056 3068 3060 3070 3076 3062 3072 3057 3073 3072 3069 3060 3060 3050 3059 3061 3059 3053 3066 3048 3052 3059 3062 3060 3062 3064 3060 3038 3054 3060 3064
3082 3065 3063 3050 3055 3046 3053 3062 3062 3056 3059 3050 3053 3049 3040 3042 3030 3048 3066 3060 3063 3059 3066 3072 3061 3077 3052 3057 3068 3054 3078 3076 3073 3056 3076 3072 3074 3067 3077 3077 3074 3066 3080 3075 3061 3065 3058 3053 3069 3044 3054 3054 3062 3062 3067 3065 3058 3062 3062 3061 3061 3065 3060 3057
3074 3065 3067 3068 3055 3065 3049 3064 3059 3049 3050 3062 3056 3053 3046 3050 3054 3059 3049 3051 3050 3049 3046 3057 3058 3069 3075 3058 3079 3071 3075 3069 3071 3062 3069 3081 3052 3058 3056 3069 3070 3070 3069 3071 3055 3065 3059 3049 3042 3044 3058 3052 3050 3054 3055 3069 3060 3067 3061 3053 3085 3063 3067 3068
3074 3075 3042 3062 3064 3065 3062 3056 3044 3051 3069 3059 3059 3053 3043 3057 3061 3058 3060 3057 3060 3058 3038 3050 3051 3074 3080 3068 3062 3072 3081 3087 3063 3071 3076 3060 3063 3063 3058 3058 3059 3074 3062 3070 3066 3050 3067 3063 3037 3041 3037 3052 3051 3047 3059 3050 3069 3048 3073 3075 3060 3070 3085 3086
