3010 3015 3003 3025 3032 3020 3013 3021 3014 3027 2999 3009 3001 3013 3011 3010 3009 3002 3006 3004 3015 3015 3025 3025 3028 3012 3019 3026 3007 3014 3026 3028 3026 3023 3025 3024 3022 3021 3018 3021 3005 3007 3007 3019 3010 3014 3022 3010 3014 3013 3007 3004 3013 3001 3035 3025 3027 3033 3037 3045 3026 3026 3014 3008
3017 3010 3013 3013 3010 3008 3001 3014 3004 3020 3022 3003 2993 3000 3004 3011 3018 3002 3017 3008 3013 3018 3007 3020 3023 3022 3011 3008 3009 3009 3017 3007 3013 3017 3015 3012 3006 3013 3020 3008 3025 3013 3009 3025 3011 3019 3022 3015 3005 3015 3020 3006 3001 3010 3010 3019 3022 3020 3036 3035 3041 3032 3043 3023
3014 3018 3026 3022 2988 3004 3001 3004 3007 3002 3009 3003 3005 2988 3019 3009 3007 3009 3023 3017 3011 3012 3015 3011 3005 3002 3010 3002 3020 3013 3020 3009 3012 3019 3019 3016 3005 3010 3014 2998 3021 2997 3012 3022 3014 3001 3020 3015 3005 3010 3009 3020 3009 3008 2993 3009 3021 3023 3041 3040 3043 3040 3064 3062
3017 3018 3022 3011 3011 2999 3004 3001 3006 3016 3021 3006 2979 2991 3001 3001 3000 3021 3019 3020 3011 3012 3017 3014 3019 3006 3017 3009 3012 3008 3011 3013 3014 3007 3018 3010 3012 3019 3011 3010 3036 3010 3026 3023 3013 3008 3014 2999 3008 3006 3008 3007 3018 3018 3016 3008 3028 3025 3036 3032 3030 3034 3043 3048
3018 3001 2992 3001 3016 3017 2992 3007 3005 3014 3015 3012 3006 2993 2999 3008 3021 3016 3012 3011 3018 3006 3009 3000 3015 3011 3016 3022 3015 3007 3005 3009 3008 3013 3035 3023 3011 3029 3015 3025 3021 3021 3019 3019 2997 3007 3000 3004 3005 3010 3017 3001 3020 3031 3031 3048 3038 3035 3024 3036 3039 3034 3039 3031
2992 3003 3005 2997 3029 3011 3007 3012 3007 3006 3011 3009 3007 2997 3007 3016 3024 3012 3020 3018 3018 3019 3011 3017 3005 3019 3022 3011 3007 3005 3036 3014 3012 3000 3012 3022 3022 3013 3014 3010 3027 2994 3011 3012 3012 3006 3001 2998 3002 3008 3005 3013 3017 3029 3025 3031 3050 3044 3023 3024 3053 3040 3041 3047
2997 2992 2997 3009 3007 3008 3011 3006 3022 3010 3017 3024 3014 3010 3019 3013 3012 3011 3000 3011 3011 3023 3026 3011 3006 3016 3002 3013 3010 3015 3015 3009 3007 3007 3005 3009 3010 2994 3027 3016 3011 2994 3010 3021 3020 3019 3001 3003 3010 3011 3020 3019 3014 3019 3027 3030 3020 3034 3022 3029 3044 3053 3057 3054
3003 3012 3012 3010 3018 3021 3015 3016 3029 3010 3006 3012 2994 3009 3020 3008 3014 3016 3022 3015 3014 3020 3024 3012 3023 3020 3017 3010 3008 3017 3017 2998 3011 3004 3006 3001 3005 3001 2996 3008 3019 3000 3003 3016 3012 3002 3003 3000 3009 3013 3021 3027 3026 3021 3015 3028 3043 3047 3040 3050 3056 3054 3062 3056
3007 3016 3020 3027 3024 3034 3027 3019 3020 2999 3020 3005 3006 3008 3013 3023 3012 3011 3002 3014 3017 3011 3014 3014 3022 3026 3017 3004 3026 3020 3007 3006 3001 3008 3025 3005 3009 3013 3000 3015 3013 3013 3017 3009 3015 3011 2994 3016 3024 3014 3013 3007 3019 3021 3041 3041 3044 3037 3042 3037 3055 3040 3048 3060
3012 3021 3008 3019 3012 3017 3017 3038 3014 3009 3015 3015 3016 3003 3014 2999 3004 3012 3008 3009 3009 3016 3032 3017 3028 3017 3001 3005 3007 3010 2996 3005 3016 3022 3018 3015 3012 3007 2996 3004 3019 3002 3012 3001 3023 3017 3016 3021 3002 3012 3026 3017 3029 3027 3052 3054 3049 3046 3039 3056 3042 3050 3053 3066
3027 3015 2999 3007 3019 3020 3020 3022 3021 3025 3007 2997 3007 3007 2999 3010 3011 3026 3021 3014 3009 3024 3028 3008 3024 3018 3010 3002 3007 3011 3008 3011 3014 3022 3012 3015 3013 3003 3001 3013 3011 3015 3016 3022 3017 3013 3021 3024 3010 3003 3004 2997 3031 3032 3044 3048 3045 3048 3059 3061 3055 3041 3056 3049
3011 3021 3021 3024 3030 3031 3034 3026 3027 3004 3009 3013 3016 3013 3024 3027 3018 3027 3013 3022 3004 3023 3014 2997 3019 3012 3000 3008 3007 3011 3016 3012 3002 3005 3017 3004 3017 3017 2998 3006 3001 3004 3024 3019 3015 3004 3022 3010 2991 3008 3005 3007 3017 3047 3047 3045 3037 3031 3048 3059 3040 3047 3056 3052
3024 3021 3021 3020 3020 3042 3030 3012 3018 3014 3011 3027 3023 3022 3021 3017 3021 3015 3024 3018 3011 3003 3004 3013 3005 3012 3014 3016 3014 3008 2997 3008 3004 3013 3010 3006 3012 3003 3003 3020 3013 3015 3007 3004 3015 3014 2998 3005 2995 3003 3007 3008 3021 3035 3043 3046 3046 3041 3069 3059 3070 3059 3066 3050
3012 3021 3024 3022 3019 3018 3009 3015 3025 3014 3035 3017 3027 3019 3024 3011 3017 3020 3022 3019 3009 3011 3005 3001 3011 2999 3003 3015 3010 3024 3001 3012 3011 3024 3013 3002 3008 2999 3015 3015 3005 3007 2998 3012 3016 3016 3010 3014 2991 2996 2997 3009 3013 3028 3042 3044 3048 3053 3053 3060 3065 3046 3046 3065
3008 3028 3026 3023 3016 3011 3012 3023 3021 3021 3017 3004 3010 3013 3001 3000 3005 3018 3000 3007 3007 3010 3008 3003 2990 3005 3017 3020 3013 3016 3019 3020 3015 3016 3012 3016 3004 3011 2996 3002 3012 3004 3015 3013 3020 3024 3012 3015 3018 3005 3009 3015 3020 3025 3039 3043 3051 3049 3045 3050 3050 3056 3055 3060
3010 3016 3018 3018 3025 3018 3023 3015 3010 3033 3015 3006 3021 3007 3011 3019 3002 3007 3010 3015 3003 3005 3010 3009 2997 3017 3008 3024 3024 3021 3026 3022 3016 3009 3018 3019 3019 3018 3018 3004 2999 3012 3009 3020 3016 3015 3015 3028 3004 3013 3012 3018 3007 3030 3033 3045 3053 3050 3051 3063 3058 3050 3056 3058
3008 3029 3035 3020 3009 3024 3022 3020 3024 3034 3014 3019 3010 3018 3018 3000 3017 3005 3018 3006 3000 3010 3025 3016 3015 3013 3018 3013 3033 3030 3028 3017 3014 3021 3011 3009 3023 3003 3025 3010 3016 3008 3033 3030 3019 3011 3023 3020 3012 3009 3018 3027 3021 3025 3033 3052 3050 3057 3058 3070 3064 3053 3061 3077
3020 3027 3023 3021 3014 3017 3016 3023 3021 3022 3025 3012 3008 3012 3030 3005 3003 3004 3021 3019 3008 3015 3023 3019 3019 3002 3006 3005 3023 3021 3006 3013 3011 3024 3020 3024 3020 3018 3020 3014 3026 3007 3028 3015 3017 3012 3020 3016 3005 3029 3012 3018 3015 3023 3029 3046 3055 3064 3060 3076 3065 3064 3072 3079
3005 3002 3007 3010 3009 3010 3011 3018 3035 3015 3027 3012 3020 3018 3009 3010 3006 3012 3020 3021 3022 3024 3022 3019 3015 3011 3016 3013 3014 3012 3018 3022 3014 3025 3025 3029 3014 3021 3010 3008 3021 3026 3013 3009 3015 3012 3015 3004 3022 2998 3011 3026 3015 3007 3022 3044 3057 3074 3065 3071 3073 3064 3063 3066
3014 3018 3021 3026 3020 3020 3013 3012 3012 3019 3013 2997 3006 3021 3018 3012 3019 3027 3011 3007 3008 3006 3028 3013 3020 3015 3010 3015 3019 3028 3020 3031 3022 3015 3030 3036 3016 3025 3017 3029 3030 3033 3017 3023 3022 3022 3021 3018 3027 3030 3020 3028 3028 3024 3043 3045 3065 3077 3075 3062 3078 3079 3082 3085
3006 3027 3021 3014 3026 3008 3014 3013 3015 3016 3014 3020 3037 3022 3003 3025 3021 3020 3015 3015 3027 3028 3033 3020 3017 3002 3020 3017 3029 3027 3017 3021 3021 3038 3025 3036 3037 3028 3028 3030 3040 3021 3033 3030 3028 3025 3028 3035 3040 3034 3042 3035 3033 3034 3058 3072 3061 3073 3053 3080 3071 3094 3082 3091
3008 3017 3027 3031 3030 3017 3008 3014 3015 3012 3011 3012 3031 3015 3021 3027 3033 3020 3029 3024 3026 3036 3026 3023 3030 3031 3031 3027 3045 3030 3038 3035 3033 3044 3036 3039 3031 3034 3026 3029 3034 3046 3030 3027 3030 3021 3039 3030 3027 3041 3029 3031 3033 3027 3044 3051 3072 3067 3068 3075 3083 3092 3092 3090
3021 3012 3016 3017 3022 3024 3005 3010 3016 3010 3004 3024 3034 3025 3022 3038 3034 3034 3023 3032 3051 3041 3023 3031 3031 3036 3042 3033 3027 3040 3042 3037 3041 3022 3030 3036 3036 3020 3027 3027 3025 3017 3029 3029 3020 3026 3032 3029 3020 3016 3025 3030 3019 3025 3035 3039 3056 3067 3069 3079 3085 3089 3090 3085
3021 3015 3012 3015 3024 3027 3006 3013 3017 3007 3007 3019 3021 3019 3025 3032 3034 3023 3025 3032 3032 3030 3019 3034 3021 3029 3034 3034 3030 3035 3030 3035 3028 3028 3033 3032 3030 3025 3018 3014 3021 3022 3019 3024 3024 3019 3029 3032 3015 3016 3025 3014 3019 3014 3021 3031 3030 3049 3066 3081 3081 3090 3072 3086
3020 3027 3010 3017 3015 3025 3013 3011 3002 3013 3007 2999 3004 3011 3017 3027 3016 3022 3035 3011 3031 3028 3023 3024 3010 3016 3021 3021 3019 3021 3024 3022 3005 3023 3009 3018 3034 3024 3013 3021 3032 3018 3031 3028 3035 3010 3013 3015 3014 3004 3016 3034 3013 3023 3020 3020 3036 3050 3064 3068 3076 3078 3093 3092
3013 3011 3024 3029 3006 3026 3014 3023 3018 3003 3013 3019 3022 3007 3016 3022 3010 3019 3021 3017 3009 3023 3022 3013 3012 3018 3018 3017 3014 3014 3022 3007 3013 3025 3024 3014 3031 3031 3011 3016 3025 3010 3017 3024 3013 3015 3007 3017 3007 3008 3016 3021 3017 3023 3028 3029 3045 3044 3057 3090 3081 3083 3085 3094
3005 3007 3020 3017 3030 3014 3015 3018 3015 3002 3008 3015 3010 3017 3020 3017 3026 3007 3021 3009 3007 3027 3013 3015 3005 3005 3011 3013 3000 3008 3022 3017 3018 3009 3014 3008 3013 3024 3034 3022 3034 3013 3022 3018 3018 3008 3016 3018 3024 3030 3021 3029 3022 3010 3024 3034 3040 3054 3054 3071 3080 3080 3073 3094
3007 3010 3001 3021 3027 3015 3017 3018 3003 3005 3014 3013 3016 3024 3012 3025 3009 3014 3023 3024 3015 3012 3016 3008 3011 3011 3022 3010 2994 3010 3028 3033 3017 3023 3018 3015 3028 3036 3014 3018 3021 3016 3027 3029 3009 3021 3015 3028 3011 2998 3015 3017 3025 3015 3030 3017 3035 3043 3060 3075 3067 3067 3079 3090
3012 3022 3001 3015 3019 3024 3015 3011 3000 3013 3013 3010 3023 3015 3024 3018 3011 3008 3010 3014 3006 3008 3007 3012 3021 3025 3032 3011 3016 3019 3033 3020 3020 3005 3014 3026 3032 3030 3023 3018 3022 2999 3018 3000 3006 3011 3014 3008 3005 3012 3014 3020 3004 3007 3015 3024 3034 3045 3061 3064 3061 3071 3077 3098
3011 3008 3016 3020 3026 3022 3015 3008 3023 3008 3008 3016 3017 3002 3017 3007 3010 3014 2999 3005 3005 3015 3009 3014 3020 3018 3027 3019 3030 3013 3016 3016 3022 3015 3023 3017 3020 3019 3029 3017 3012 3020 3011 3002 3002 3013 3007 3033 3016 3020 3026 3013 3007 3015 3021 3032 3025 3026 3043 3063 3059 3079 3081 3088
3019 3008 3010 3013 3029 3018 3009 3014 3017 3012 3014 3008 3006 2999 3008 3026 3031 3024 3022 3029 3013 3019 3011 3005 3021 3024 3021 3015 3024 3020 3025 3020 3024 3009 3017 3008 3025 3012 3021 3020 3020 3018 3017 3021 3012 3010 3012 3012 3025 3021 3016 3027 3008 3011 3008 3022 3016 3025 3039 3047 3055 3079 3093 3083
3020 3003 3013 3020 3024 3027 3005 3017 3013 3021 3010 3009 2991 3005 2997 3013 3013 3022 3018 3010 3009 3013 3004 3012 3018 3012 3025 3020 3006 3010 3024 3022 3014 3000 3018 3005 3011 3022 3026 3025 3027 3025 3025 3021 3005 3007 3030 3032 3025 3013 3016 3024 3016 3033 3027 3024 3023 3024 3038 3040 3049 3071 3071 3085
3016 3004 2994 3013 3031 3019 3012 3025 3009 3018 3012 3002 3011 3006 3009 3015 3004 3008 3004 3002 3009 3007 3006 3023 3020 3028 3018 3009 3019 3026 3028 3022 3025 3025 3029 3032 3036 3025 3022 3019 3037 3023 3036 3026 3032 3028 3028 3032 3035 3013 3023 3018 3037 3037 3036 3026 3038 3034 3034 3039 3043 3058 3045 3075
3006 3005 3001 3003 3027 3008 3007 3001 3011 3016 2995 3017 3011 3011 3003 3001 3005 3013 3008 3011 3005 3011 3008 3014 3011 3040 3026 3016 3015 3023 3025 3020 3022 3025 3031 3026 3023 3031 3028 3024 3031 3042 3019 3027 3026 3025 3023 3027 3032 3021 3030 3036 3019 3041 3014 3012 3031 3044 3028 3032 3039 3045 3040 3071
3020 3012 3009 3023 3016 3007 2982 3003 3016 3009 3012 3017 3011 3002 3015 3014 3010 3004 2999 3004 3014 3029 3012 3021 3033 3030 3028 3038 3033 3024 3029 3019 3027 3015 3030 3017 3032 3033 3018 3032 3023 3033 3020 3013 3005 3009 3014 3022 3019 3031 3036 3022 3034 3023 3021 3015 3021 3022 3024 3025 3039 3035 3048 3069
3012 3022 3016 3012 3006 3004 2992 2997 3013 3010 3013 3016 3014 3009 3018 3022 3007 3007 2997 3025 3017 3005 3021 3032 3017 3036 3028 3020 3032 3010 3019 3014 3028 3028 3017 3021 3024 3019 3033 3026 3019 3010 3009 3021 3026 3008 3002 3016 3017 3024 3022 3018 3024 3013 3022 3004 3023 3029 3012 3011 3023 3036 3046 3050
3020 3022 3008 3021 3015 3000 2996 3013 3019 3010 3006 3010 3005 3006 3010 3002 3005 3007 3017 3016 3022 3001 3011 3014 3020 3019 3026 3005 3001 3018 3016 3032 3011 3012 3029 3032 2994 3000 3030 3016 3028 3018 3016 3023 3033 3017 3020 3021 3014 3009 3018 3014 3014 3019 3006 3003 3020 3013 3008 3002 3023 3027 3031 3053
3026 3010 3012 3003 3013 3009 3016 3017 3023 3011 2997 3011 3011 3009 3005 3003 3021 3017 3022 3002 3009 3009 3006 3016 3012 3008 3019 3005 3011 3013 3022 3017 3025 3030 3018 3014 3003 3012 3015 3027 3018 3009 3018 3019 3022 3020 3020 3030 3008 3020 3023 3020 3019 3022 3020 3014 3014 3021 3012 3011 3013 3020 3027 3052
3027 3009 3006 2998 3015 3014 3021 3015 3018 3014 2999 3011 3006 3013 3006 3006 3008 3012 3014 3001 3001 3010 3016 3009 3022 3006 3013 3016 3024 3016 3027 3027 3017 3005 3016 3011 3013 3005 3015 3005 3013 3012 3020 3020 3022 3008 3018 3025 3019 3020 3016 3023 3012 3025 3018 3011 3018 3024 3017 3025 3030 3023 3038 3053
3043 3022 3017 3011 3019 3016 3017 3006 3017 3031 3001 3013 3016 2999 3003 2999 2998 3018 3014 3007 3011 3024 3014 3010 3014 3001 3027 3028 3016 3018 3019 3023 3003 3021 3003 3009 3003 3021 3014 3015 3008 3020 3018 3029 3018 3025 3015 3019 3024 3028 3017 3025 3020 3024 2999 2995 3015 3026 3026 3014 3021 3017 3038 3060
3023 3024 3010 3020 3019 3025 3014 3019 3005 3011 3018 3027 3011 3020 3007 3018 3002 3010 3015 3012 3010 3008 3012 3015 3009 3010 3023 3022 3026 3022 3021 3015 3023 3022 2995 3010 3003 3016 3017 3025 3006 3009 3013 3005 2998 3016 3021 3012 3018 3021 3015 3020 3016 3023 3026 3013 3016 3022 3027 3035 3030 3027 3039 3050
3027 3012 3014 3010 3009 3025 3022 3000 3016 3005 2993 3015 3004 3018 3010 3018 3008 3004 3011 2996 3008 2999 3009 3017 3008 3003 3015 3017 3020 3014 3014 3020 3019 3023 3013 3017 3007 2999 3008 3021 3024 3017 3010 3004 3014 3017 3023 3022 3017 3010 3020 3018 3020 3014 3017 3012 3021 3026 3037 3038 3021 3022 3036 3060
3029 3011 3012 3023 3024 3022 3024 3005 3002 2999 3013 3014 3012 3011 3001 3009 3008 2994 3000 3008 3016 3023 3007 3011 3014 3014 3018 3011 3019 3013 3021 3002 3016 3012 3023 3025 3006 3002 3011 3012 3019 3019 3016 3017 3022 3024 3032 3023 3033 3022 3022 3019 3027 3021 3012 3017 3020 3037 3025 3022 3014 3023 3040 3050
3002 3003 3011 3019 3030 3043 3026 3017 3008 2997 3002 3009 3015 3023 3013 3011 3009 3000 2997 3008 3030 3024 3016 3011 3007 3014 3016 3014 3014 3025 3021 3000 3017 3002 3015 3005 3023 3013 3020 3022 3019 3016 3019 3018 3030 3024 3035 3033 3030 3019 3022 3022 3013 3025 3016 3013 3021 3023 3025 3018 3018 3029 3031 3059
3006 3021 3006 3024 3014 3019 3026 3010 3009 3009 3019 3014 3016 3005 3001 3006 3005 3006 3007 3010 3014 3012 3006 3011 3012 3022 3016 3015 3016 3008 3023 3023 3019 3013 3010 2995 3010 3018 3032 3024 3025 3022 3022 3023 3024 3012 3016 3015 3012 3015 3025 3023 3021 3029 3004 3004 3027 3035 3019 3016 3030 3029 3056 3055
3027 3022 3019 3016 3017 3026 3021 3026 3021 3016 3020 3012 3013 3011 3000 3008 3020 3014 3006 3012 3027 3010 3008 3007 3016 3009 3019 3011 3020 3014 3026 3024 3026 3003 3004 2996 3012 3021 3022 3002 3029 3021 3029 3023 3026 3020 3013 3030 3010 3017 3024 3024 3014 3015 3003 3004 3015 3034 3031 3043 3027 3042 3055 3061
3017 3017 3021 3011 3021 3021 3032 3017 3016 3019 3014 3010 3020 3008 3009 3007 3004 3002 3011 3011 3019 3016 3002 2987 3007 3019 3006 3015 3023 3010 3014 3002 3025 3010 3006 2991 3026 3042 3021 3016 3011 3003 3035 3012 3018 3017 3022 3003 3017 3019 3025 3022 3025 3015 3008 3013 3021 3027 3013 3025 3032 3015 3035 3049
3017 3027 3016 3003 3004 3007 3009 3008 3008 3022 3012 3014 3009 3004 3003 3003 3003 3006 2999 3012 3009 3008 3007 3002 3002 3019 2993 3022 3009 3010 3011 3020 3013 3026 3011 3008 3017 3023 3018 3002 3011 3020 3016 3021 3020 3021 3030 3016 3014 3023 3016 3015 3015 3012 3007 3022 3026 3028 3027 3021 3007 3019 3045 3066
3029 3021 3029 3017 3013 3005 3009 3011 3021 3025 3034 3007 3016 2995 3016 2998 2997 3013 3006 2997 2996 3003 3003 3003 3005 3022 3012 3012 3014 3025 3012 3015 3017 3008 3006 3013 3007 3009 3007 3022 3019 3014 3017 3012 3020 3014 3021 3013 3023 3017 3018 3019 3027 3017 3013 3023 3027 3027 3036 3041 3041 3038 3063 3066
3023 3024 3030 3023 3029 3025 3023 3015 3027 3016 3013 3024 2999 3004 3011 3012 3003 3013 3003 3005 3002 2999 3014 3006 3009 3007 3019 3001 3021 3022 3009 3015 3021 3008 3013 3023 3011 3018 3005 2994 3009 3011 3015 3019 3014 3001 3009 3011 3020 3026 3014 3017 3024 3027 3027 3034 3035 3037 3053 3060 3045 3045 3065 3085
3018 3012 3023 3013 3018 3019 3015 3024 3011 3017 3017 3014 3017 3008 3019 3010 3012 3005 3001 2992 3014 3015 3000 3016 3001 3009 3009 3015 3028 3010 3022 3023 3028 3013 3029 3012 3026 3023 3027 3012 3015 3014 3019 3015 3024 3026 3014 2999 3013 3017 3030 3021 3019 3020 3027 3046 3046 3052 3057 3055 3056 3072 3074 3094
3015 3024 3024 3031 3028 3018 3027 3026 3018 3013 3007 3007 3005 3013 3003 3009 3004 3008 3005 3008 3016 2993 3018 3003 3009 2998 3017 3020 3036 3034 3019 3017 3017 3017 3002 3015 3025 3016 3011 3028 3003 3006 3020 3016 3013 3023 3012 3014 3007 3019 3022 3029 3019 3023 3039 3038 3055 3059 3064 3067 3071 3081 3085 3086
3026 3022 3015 3024 3026 3015 3006 3015 3020 3031 3011 3016 3012 3007 3031 3013 2999 2993 3005 3011 3002 3010 3013 3011 3015 3007 3007 3007 3016 3013 3006 3010 3013 3005 3014 3009 3011 3020 3018 3032 2998 3024 3022 3006 3005 3024 3019 3012 3025 3022 3020 3035 3041 3036 3040 3047 3058 3064 3060 3065 3080 3075 3076 3080
3038 3032 3019 3019 3020 3006 3003 3012 3009 3013 2999 3010 3011 3006 3008 3006 3000 3007 3003 3012 3001 3006 3018 3027 3026 3024 3024 3003 3014 3011 3004 3019 3015 3008 3018 3019 3004 2997 3015 3024 3019 3021 3022 3024 3013 3009 3022 3017 3026 3025 3037 3041 3042 3049 3056 3061 3055 3054 3069 3072 3076 3080 3088 3092
3028 3021 3014 3011 3022 3024 3006 3010 3013 3011 3008 3004 3012 3020 3009 3011 3002 3014 3020 3006 3005 2997 3011 3023 3020 3022 3026 3014 3007 3015 3025 3013 3010 3029 3016 3031 3016 3019 3020 3023 3021 3018 3008 3022 3014 3021 3020 3024 3040 3035 3044 3049 3063 3057 3064 3064 3068 3057 3067 3070 3072 3079 3083 3092
3010 3007 3014 3020 3019 3014 3016 3009 3014 3000 3008 3020 3000 3006 3008 3002 3007 3020 3014 3020 3007 3006 3003 3018 3017 3022 3015 3006 3016 3014 3016 3017 3019 3019 3030 3022 3024 3027 3020 3023 3022 3019 3016 3026 3021 3030 3036 3037 3064 3055 3054 3053 3060 3075 3067 3050 3066 3039 3054 3083 3076 3084 3073 3072
3023 3017 3005 3021 3016 3023 3016 3017 3001 3008 3025 3010 3002 2995 2998 2997 3003 3012 3005 3011 3001 3012 3002 3014 3007 3027 3009 3005 3017 3018 3031 3027 3019 3020 3013 3035 3012 3026 3032 3022 3016 3024 3029 3037 3042 3038 3054 3040 3051 3043 3054 3057 3056 3052 3072 3077 3053 3061 3062 3081 3072 3078 3070 3078
3013 3003 3027 3011 3005 3015 3018 3023 3017 3018 3026 3020 3001 3003 3003 3004 2996 3002 3008 3003 3005 3007 3016 3008 3012 3013 3006 3020 3005 3020 3016 3029 3018 3021 3027 3019 3022 3013 3033 3031 3026 3037 3056 3057 3061 3060 3046 3056 3056 3058 3060 3053 3058 3052 3067 3082 3072 3054 3077 3077 3067 3063 3068 3078
3015 3010 3010 2999 3007 3008 3015 3022 3007 3006 3021 3016 3005 3004 3001 2999 3007 2997 3001 3011 3000 3009 2997 3012 3022 3018 3024 3016 3016 3020 3022 3030 3013 3014 3022 3021 3032 3025 3045 3043 3060 3057 3051 3052 3059 3049 3045 3066 3080 3069 3069 3073 3074 3062 3081 3072 3080 3069 3072 3080 3081 3073 3085 3094
2990 2995 3012 3016 3018 3009 3011 3014 3012 3018 3028 3026 3013 3011 3013 2993 3000 3009 3001 2991 3006 3015 3016 3002 3024 3019 3019 3017 3014 3018 3021 3024 3015 3013 3032 3025 3057 3042 3065 3063 3069 3070 3060 3053 3064 3050 3060 3058 3077 3072 3073 3084 3073 3068 3072 3081 3087 3082 3071 3079 3088 3078 3106 3100
3003 3006 3008 3016 3020 3015 3006 3012 3025 3007 3011 3013 3003 3005 3011 3010 3013 3011 2990 3003 3020 3026 3011 3011 3020 3013 3006 3022 3028 3034 3023 3025 3021 3034 3041 3047 3052 3053 3079 3066 3059 3072 3074 3073 3062 3076 3065 3070 3075 3081 3081 3071 3068 3071 3070 3063 3079 3086 3072 3079 3087 3090 3084 3102
3002 2999 3017 3021 3026 3024 3011 3015 3010 3011 3006 3006 2990 3001 3022 3012 3013 3006 3012 3007 3020 3011 3021 3008 3005 3004 2998 3022 3034 3038 3043 3038 3035 3039 3046 3068 3063 3071 3069 3070 3061 3070 3070 3078 3078 3074 3072 3076 3078 3078 3076 3081 3075 3087 3071 3082 3075 3083 3080 3064 3088 3073 3083 3085
2998 3002 3006 3023 3022 3011 3001 3005 3007 3006 3013 3013 2999 3007 3010 3011 3017 3017 3005 2996 3017 3008 3008 3018 3028 3024 3019 3021 3028 3036 3053 3053 3043 3057 3062 3069 3067 3072 3084 3080 3072 3076 3073 3089 3072 3078 3091 3070 3078 3079 3069 3076 3076 3092 3089 3078 3097 3084 3088 3075 3067 3084 3085 3091
2973 3005 3010 3026 3016 3017 3008 3016 3014 3005 3000 3010 3012 3032 2999 3011 3033 3006 3005 2999 3016 3020 3028 3030 3040 3023 3035 3025 3044 3061 3061 3064 3053 3058 3065 3073 3077 3083 3076 3073 3071 3067 3082 3093 3084 3078 3086 3078 3074 3085 3073 3085 3084 3095 3093 3101 3094 3089 3080 3077 3080 3079 3092 3085
