3057 3068 3052 3047 3039 3034 3029 3032 3030 3041 3044 3030 3029 3032 3055 3030 3021 3020 3019 3021 3015 3015 3008 3012 3009 3011 3004 3020 3005 3001 3006 2989 3014 3014 3000 2996 3013 3014 3006 2987 3000 3010 3008 3005 3006 2996 2999 3008 2999 2996 3009 3007 3005 2993 2982 2988 2992 2994 2981 2981 2993 3003 2983 2977
3058 3042 3048 3039 3039 3025 3017 3021 3022 3031 3024 3040 3024 3032 3047 3027 3015 3021 3010 3014 3020 3009 3009 3005 3006 3007 3010 3000 3017 3006 3002 3020 2998 2987 2997 3005 3004 3013 3017 2997 3012 3001 2993 2998 3006 3007 2998 3002 2998 2994 3001 3012 3000 2988 2985 2991 2992 2989 2996 2996 3010 2994 2997 2989
3072 3055 3042 3042 3035 3035 3040 3025 3020 3009 3021 3026 3023 3029 3015 3027 3026 3022 3035 3014 3010 3013 3009 3002 2999 3003 2993 3002 3028 3012 3017 3001 3008 2996 2989 2993 2988 3022 3014 3017 3003 3000 2994 2988 2994 3006 3000 2998 3009 2996 2978 2995 2993 2982 2991 2987 3001 2999 3005 3009 3001 3005 3003 2991
3051 3033 3049 3034 3032 3029 3033 3029 3032 3029 3030 3028 3029 3020 3001 3020 3001 3027 3025 3021 3009 3020 3014 3017 3015 3003 3023 2998 3012 3007 3020 3014 2998 2994 2999 2987 3002 3015 3008 2998 3012 3010 3001 2994 2998 2996 2994 2991 2990 3008 2995 3001 2992 2997 2995 3002 2993 2994 2996 3005 2994 2995 3001 2992
3038 3033 3022 3029 3028 3020 3030 3041 3050 3042 3024 3017 3029 3020 3008 3016 3012 3017 3027 3021 3004 3011 3024 3016 3015 3008 3004 3007 3015 3021 3014 3026 2997 3014 3008 3000 3005 2990 3009 3017 3015 3000 3011 2988 2991 2990 2997 2998 2994 2996 2995 2998 3010 2998 3006 2976 3007 3008 2998 2999 2998 2991 2996 3002
3043 3027 3011 3025 3034 3021 3010 3034 3030 3019 3017 3035 3017 3020 3008 3000 3012 3027 3017 3026 3008 3017 3013 3025 3015 2990 3018 3016 3012 3003 3010 3004 3004 3010 2999 3003 3009 2997 3003 2998 3019 3004 3005 2985 3002 3003 3000 3000 2979 2993 3005 3013 2992 3002 3002 2982 3001 3006 2994 2989 2999 2995 2984 2991
3031 3031 3023 3040 3040 3040 3025 3030 3027 3020 3011 3018 3019 3021 3006 3012 3009 3016 3021 3014 3016 3021 3008 3008 3003 2997 3012 3019 2997 2996 2990 2994 2997 2989 3006 2997 2988 3005 3003 2993 2997 2998 3011 3021 3012 3022 2995 3002 2996 2989 3006 3015 3003 3005 2982 2990 2994 3005 3004 2997 2984 2988 2996 2992
3021 3003 2998 3002 2997 3004 2993 2992 2991 3001 2997 3003 3002 2996 2984 2995 3001 3003 3003 2999 2993 2993 2977 2997 2988 2999 3001 2998 2994 3000 2982 2973 2984 2995 2985 2987 2997 2995 2993 2994 2991 3004 2995 3008 3007 3000 3000 2987 2989 3002 2995 2999 2999 3005 2974 2986 2997 3004 3008 2983 2997 3008 2985 2994
2971 2973 2955 2952 2953 2960 2960 2964 2963 2968 2960 2985 2986 2987 2978 2992 2988 2993 2990 2978 2960 2968 2974 2982 2969 2985 2982 2978 2985 2978 2974 2974 2988 2973 2972 2976 2973 2986 2977 2970 2983 2986 2981 2991 2995 2986 2988 2992 2986 2987 3001 3003 3005 2991 2985 2987 2994 3006 2991 2978 2994 2992 2990 2989
2973 2967 2963 2969 2959 2975 2964 2966 2972 2951 2970 2965 2980 2966 2977 2984 2989 2986 2972 2986 2981 2978 2979 2970 2986 2982 2984 2978 2977 2980 2970 2984 2977 2981 2976 2983 2990 2986 2981 2975 2977 2985 2990 2983 2982 2986 2985 2977 2989 2990 2993 2990 2985 2993 2995 2984 2996 2996 3006 2989 2998 2985 2997 2986
2948 2957 2973 2977 2966 2979 2961 2968 2964 2969 2977 2974 2984 2973 2966 2970 2978 2993 2978 2989 2987 2988 2995 2986 2988 2969 2985 2978 2979 2991 2978 2978 2991 2986 2981 2990 2981 2981 2969 2981 2987 2981 2984 2992 2977 2982 2993 2987 2986 2987 2979 2995 3000 3010 2997 2984 2997 3005 2990 2981 2993 2994 3006 2996
2963 2961 2976 2967 2982 2970 2974 2983 2979 2960 2973 2974 2970 2963 2975 2982 2998 2982 2985 2980 2981 2983 2975 2969 2985 2975 2977 2996 2981 2990 2977 2976 2984 2986 2993 2997 2990 2990 2987 2986 2996 2996 2993 2992 2987 2977 2979 2981 2991 2987 2994 2987 2992 2986 3002 2993 2992 2993 2988 2990 2992 2984 2987 2994
2969 2961 2972 2983 2971 2988 2968 2976 2984 2982 2986 2983 2981 2981 2983 2970 2984 2987 2997 2983 2989 2992 2984 2978 2993 2991 2995 2995 2982 2982 2982 2985 2990 2987 2993 2992 2996 2987 2995 2985 2985 2983 2991 2995 2974 2976 2984 2999 2992 2982 2985 2976 2997 2990 2996 3000 2992 2986 2982 2973 2988 2983 2993 3003
2966 2967 2975 2988 2974 2984 2972 2978 2969 2980 2996 2978 2981 2992 2980 2972 2979 2993 2982 2987 2979 2977 2986 2991 2977 2981 3004 2987 2981 2978 2970 2978 2988 2991 2981 3001 3006 2994 2999 2985 2982 2992 2990 2994 2977 2988 2980 2987 2992 2994 2987 2980 2996 3014 2999 2987 2989 2991 2998 2986 2980 2983 2984 3005
2977 2981 2967 2984 2986 2986 2979 2970 2966 2974 2982 2983 2983 2985 2971 2979 3000 2981 2985 2974 2971 2984 2982 2989 2981 2998 2989 2984 2997 2988 2970 2983 2980 2992 2986 2992 3003 3004 2986 2998 2986 2987 2993 2996 2979 2968 2978 2999 2996 3000 2989 3012 3002 3003 2990 2991 2998 3002 2998 2994 2987 2992 2994 2999
2990 2987 2991 2994 2982 2980 2984 2973 2972 2989 2992 2987 2982 2983 2996 2998 2983 2996 2989 2992 2997 2992 2990 2984 2979 2980 2980 2987 2996 2990 2977 2999 2991 2990 2987 2990 3001 2989 2995 2982 2986 2991 2991 2996 3001 2994 2995 2995 2996 2999 2996 2994 2995 3010 3000 2996 2988 2996 2974 2996 2981 2988 2994 2988
2995 2989 3008 2998 3003 2995 2975 2989 3001 3003 2986 3001 2977 2979 2996 3004 2986 2991 2983 2994 2993 2990 2986 2991 2968 2984 2990 2991 2994 2980 2990 2993 2991 2975 2982 2979 2996 2989 2991 2983 2984 2989 2982 3006 2988 2990 3005 2983 3008 2987 2998 2992 3002 3007 2986 2992 2981 2982 2978 2987 2984 2994 2993 2985
2996 2992 3001 3007 3005 2995 2997 2989 2990 3006 2992 2981 2979 2985 2992 2997 3000 2989 3002 2987 3001 2988 2987 2986 2974 2987 2986 2982 2994 2990 2987 2988 2977 3005 2977 2977 2998 2999 2979 2985 2983 3002 2990 2999 2990 2997 2996 3001 2977 2986 2985 2985 2995 2997 3007 3001 2991 2988 2981 2999 2984 2998 2990 2995
2996 3003 2994 3012 3014 3004 2995 2994 2999 3004 3012 2989 2987 2989 2989 2987 2996 2995 2986 2991 2980 2977 2971 2995 2998 2994 2986 2984 2992 2997 2983 2999 2994 3010 2989 2991 2998 2994 2996 2991 3003 2993 3000 2995 2994 2995 2987 2996 2982 2990 2988 2986 2997 3003 2993 2995 2992 2996 3009 3005 3005 2986 2989 3015
2995 3000 2996 2998 3002 3002 2989 2999 2998 2993 2991 2996 2993 2977 2999 2994 2999 2993 3002 2993 2983 2996 2989 3001 2995 2998 2997 2990 2990 2988 2988 2983 3008 3002 2992 2994 3008 3003 2998 3003 3006 2999 2998 2988 2995 2998 2993 2991 2991 2990 2984 3003 3000 3007 3007 2993 3002 3004 2991 2996 3021 2984 3003 3002
2996 2997 2996 3004 3008 3005 2995 2992 2993 3000 2997 3001 2993 2995 2988 3004 2997 3013 2998 2994 2980 2987 2987 2983 2986 2987 2992 2995 2989 2986 2996 2987 2986 3008 3006 2991 2996 3006 2998 3002 3002 2994 2995 2991 3000 2996 3001 2992 2998 3000 2993 2998 2995 3010 3001 2994 3012 3010 3007 3008 3009 2991 2990 2989
3017 3010 2994 3005 3019 3004 3009 3003 2992 3000 3010 2995 2996 3006 2990 2994 2990 3011 3004 3001 2988 2990 3002 3010 3016 2994 3005 3008 2994 2998 2996 3000 2996 2999 3001 3008 2996 3002 3022 2995 3007 3017 3012 3006 3014 3010 3001 2996 3006 3008 3004 3005 3003 3023 2999 3006 3017 3000 3001 3004 3002 2995 3000 2997
3015 3019 3010 3011 3021 3010 3005 3015 3012 3003 3017 3008 3000 3016 3003 3010 3024 3018 3014 3012 3015 3015 3007 3013 3011 3010 3012 3018 2998 3000 3015 3021 3005 3005 3022 3014 3009 3007 3019 3030 3017 3021 3019 3017 3014 3005 3019 3028 3019 3010 3015 3015 3006 3024 3013 3031 3012 3014 3005 3015 3001 3013 3005 2990
3018 3022 3021 3007 3022 3008 3019 3026 3012 3003 3016 2996 3005 3011 3016 3013 3016 3004 2995 3021 3009 3003 3002 3005 3013 3013 3006 3024 3009 3011 3013 3010 3019 3007 3017 3012 3017 3018 3018 3023 3008 3010 3017 3018 3002 3021 3015 3018 3008 3029 3025 3005 3008 3013 3019 3016 3024 3017 3007 2997 3006 3011 3005 3008
3023 3005 3008 3017 3018 3011 2993 3007 3003 3002 3001 2998 3015 3018 2994 2992 3005 2996 2993 3013 3016 2990 2998 2994 3004 3007 3006 3006 3005 3005 3005 3006 3020 3012 3018 3015 3033 3022 3010 3010 3013 3013 3014 3007 3010 2995 3011 3004 3006 3003 3015 3021 3005 3023 2998 3014 2998 2994 3010 3005 3013 3000 3007 3013
3016 3023 3013 3006 2998 3000 2985 3000 3011 3001 2991 3003 3014 2996 2999 2993 3009 2997 2992 2986 3006 2997 2999 2999 3002 3004 3003 3015 3013 3007 3007 3018 3032 3027 3022 3025 3030 3027 3020 3010 3022 3020 3022 3008 3006 3006 2995 3012 3020 2994 3000 3005 3006 3015 3002 3008 2998 2998 3002 3013 3000 3006 3022 3022
3000 3005 3001 2994 2999 2990 2991 2990 2994 2988 2987 2999 3000 2988 2986 2979 2990 2992 2994 2987 2988 2994 2997 2988 3002 2991 3006 3012 3008 3022 3019 3023 3025 3041 3036 3032 3029 3035 3024 3013 3020 3021 3016 3020 2999 2989 2998 3003 2992 2998 3005 3006 2999 2990 2992 2991 2990 2992 3002 2982 2998 3002 3006 3006
2994 2993 2991 2999 2993 2980 2995 2987 2987 2990 2986 2988 2992 2986 2982 2989 2997 2991 2996 2996 2994 2981 3004 2994 2998 3011 3007 3012 3009 3019 3013 3030 3042 3030 3051 3029 3044 3044 3028 3011 3029 3025 3026 3014 3026 3013 3008 2998 2993 3006 2993 2994 2991 2997 3005 2990 2983 3007 2992 2998 3001 3003 2992 2993
3001 3000 3007 3004 2999 2987 3002 2996 2981 2992 2992 2996 2994 2979 2993 2992 2989 2995 2989 2985 2997 2989 2991 2995 2999 3009 3011 3009 3017 3031 3035 3030 3030 3041 3062 3052 3042 3037 3036 3028 3032 3017 3026 3032 3015 3018 3000 3012 3001 2996 3003 3004 2984 2986 2988 2986 3004 2999 2994 2986 3003 3001 2991 2985
2984 2998 3010 3001 3012 2989 2982 2984 2983 2988 2973 2989 2994 2989 2996 3002 2996 2999 2985 2993 2996 2987 3009 2997 3000 3017 3006 3009 3008 3019 3037 3031 3051 3053 3055 3067 3038 3046 3039 3042 3025 3021 3028 3036 3020 3017 3011 3022 3015 2992 2998 2991 2986 2984 3005 3003 2994 2998 2983 2986 2985 3010 2993 2991
2989 2999 2997 2994 3009 3002 2972 2988 3001 2991 2992 2987 3001 3006 3002 2992 2989 2983 2975 2979 2992 2988 2994 2997 3015 3018 3015 3017 3017 3033 3031 3039 3056 3049 3055 3063 3046 3053 3025 3043 3032 3039 3031 3029 3015 3020 3008 3019 3024 2993 3009 2976 2981 2976 2993 2988 2994 2985 2994 2974 2991 2997 2977 2976
2999 2994 2984 2984 2999 2995 2985 3002 2986 2982 2998 2985 3007 2990 2980 2983 2990 2983 2979 2984 2987 2993 3005 2993 3011 3004 3017 3021 3021 3028 3041 3044 3049 3055 3060 3066 3067 3045 3049 3037 3033 3044 3025 3021 3023 3010 3037 3026 3010 3012 2998 2981 2984 2984 2994 2997 2994 3002 2989 2993 2997 2994 2986 2976
2992 2981 2976 2993 3001 2999 2994 2988 2986 2987 2988 2985 2991 2991 2976 2978 2992 2979 2986 2980 2996 2992 2978 2992 2998 3006 3016 3030 3033 3021 3026 3026 3045 3060 3071 3075 3057 3055 3054 3040 3051 3044 3032 3021 3024 3019 3038 3030 3014 3014 3003 2987 2991 3004 3002 3003 2991 2984 2996 3000 2989 2992 2990 2988
3014 2995 2991 2995 2996 3001 3016 2997 2981 2987 2989 2990 3007 2981 2983 2992 2994 2994 3001 3000 2995 2983 3000 2989 2999 3016 3014 3030 3025 3031 3032 3026 3065 3073 3084 3087 3078 3060 3068 3056 3060 3059 3042 3030 3040 3041 3034 3049 3039 3023 3017 2993 2993 3003 2993 2993 2990 2997 2991 2993 2995 2992 2994 2987
3027 3012 2996 2998 3007 3009 3009 3006 3003 3001 3009 3002 3029 3006 3007 2989 2998 2994 3006 3004 3019 2999 3011 3006 3014 3013 3014 3030 3019 3036 3030 3051 3056 3080 3091 3075 3075 3066 3073 3055 3068 3056 3041 3026 3040 3038 3051 3047 3038 3044 3016 3024 3004 3005 3010 3014 2990 2996 2998 2998 2985 2992 2990 2999
3025 3025 3013 3013 2998 3009 3024 3021 2998 2993 2997 3008 3012 2999 3006 3020 3008 3013 3007 3000 3013 3003 3013 3017 3012 3022 3021 3027 3024 3042 3044 3058 3079 3088 3082 3085 3078 3079 3069 3062 3056 3052 3057 3043 3044 3058 3051 3056 3053 3036 3027 3026 3014 3011 3015 3001 3005 2991 2993 3001 2996 3002 2999 2999
3000 3006 2997 2998 2997 3007 2995 2991 2988 2996 2990 3001 3002 2989 2995 2994 3000 2995 2993 2985 2982 3007 2989 3017 3023 3010 3034 3014 3020 3043 3070 3057 3085 3081 3084 3076 3069 3068 3047 3078 3073 3072 3053 3048 3046 3067 3040 3049 3052 3045 3045 3028 3014 3001 2996 3001 2997 3008 3001 2993 3005 2998 2989 3004
2995 3003 2992 2997 2980 2988 3002 2987 2990 2987 2981 2991 2983 2992 2998 2988 2996 2997 2987 2989 2986 2979 3005 2999 3000 3020 3025 3032 3027 3039 3063 3071 3077 3073 3073 3071 3060 3069 3070 3063 3081 3072 3055 3046 3064 3054 3063 3051 3054 3048 3027 3018 3009 2996 2992 2986 2995 3014 2984 2992 3002 2996 2996 2993
2979 2992 3004 2995 2994 2995 2990 2994 2994 2990 2960 2991 2973 2992 3003 2981 2989 2988 2994 2983 2975 2981 2989 3010 3013 3008 3035 3038 3045 3040 3061 3070 3059 3086 3082 3086 3088 3070 3066 3058 3086 3078 3061 3065 3059 3068 3071 3071 3069 3040 3029 2999 3007 2998 2994 2988 2991 3003 2999 2985 2992 2998 2993 2989
2966 2979 2993 2997 2995 2981 2973 2986 2990 2991 2978 2987 2975 2974 2986 2997 2998 2978 3000 2990 2984 2984 2981 3006 3014 3013 3024 3035 3057 3072 3072 3071 3070 3078 3083 3080 3081 3074 3082 3068 3084 3085 3073 3064 3062 3063 3083 3063 3066 3041 3017 2995 2999 3016 2997 2984 2991 3015 2998 2995 2995 2998 2998 2997
2976 2985 2989 2992 2995 2984 2988 2978 2995 2993 2980 2985 2989 2994 2987 2992 2986 2981 2986 2980 2978 2998 2985 2994 2993 3011 3030 3045 3055 3064 3067 3080 3082 3085 3085 3081 3073 3078 3072 3080 3086 3083 3083 3073 3070 3061 3076 3076 3054 3050 3028 3014 3008 3007 2987 2996 2986 2999 2984 3006 2996 2988 2994 2986
2990 2990 2979 2980 2999 2993 2984 2983 2997 3004 2971 2986 2998 2986 2995 2997 2978 2977 2980 2988 2977 2978 3003 3004 3011 3012 3044 3056 3071 3084 3070 3075 3076 3080 3086 3084 3076 3079 3083 3080 3083 3076 3087 3078 3064 3076 3077 3066 3052 3048 3025 2999 3005 3006 2996 2989 2980 2997 2997 2993 2995 2996 2999 3003
2991 2989 2986 2975 2986 2988 2987 2977 2994 2987 3016 2999 2987 2996 2995 2980 2984 2984 2974 2980 2991 2988 3001 3004 3010 3023 3024 3056 3072 3073 3071 3082 3091 3089 3075 3077 3081 3080 3083 3080 3094 3079 3089 3081 3079 3086 3078 3068 3069 3066 3025 3011 3010 3012 3005 2994 2999 2994 2990 2990 2987 3001 3002 3014
2980 2985 2978 2994 2988 2982 2981 3000 2990 2988 3000 2997 2996 2994 2989 2987 2973 2983 2985 2982 2985 2998 2999 2997 3000 3008 3036 3046 3071 3079 3084 3084 3093 3085 3098 3074 3081 3081 3078 3082 3086 3073 3074 3084 3086 3079 3075 3073 3061 3044 3035 3010 3014 3005 3003 3011 2995 2999 2996 2990 3000 2997 3010 3010
2992 2985 2982 2976 2971 2990 2991 2986 2986 3001 2986 3001 3000 2992 2990 2988 2981 2981 2979 2972 2992 2982 2996 2999 3008 3026 3034 3057 3060 3064 3080 3079 3075 3073 3077 3086 3085 3093 3072 3066 3063 3085 3087 3086 3098 3087 3084 3067 3063 3031 3023 3014 3005 3002 3003 2994 2999 2999 2993 3009 3000 3014 2997 3001
2992 2987 2980 2984 2976 2989 2987 2992 2984 2994 2980 2983 3002 2997 2977 2990 2987 2970 2985 2982 2995 2993 2988 2990 3002 3011 3041 3068 3062 3073 3066 3079 3073 3084 3069 3084 3081 3085 3078 3064 3077 3065 3071 3089 3087 3068 3063 3066 3058 3027 3009 3003 3022 3006 2999 3000 2990 2989 3003 3007 3004 2999 2991 2997
2982 3001 2982 2958 2963 2978 2991 3003 2993 2990 2979 2974 3002 2993 3001 2984 2990 2993 2979 2981 2990 2999 2995 2999 2985 3021 3035 3037 3051 3060 3079 3078 3074 3068 3080 3070 3086 3072 3064 3078 3072 3078 3063 3079 3071 3070 3059 3062 3040 3027 3021 3004 3004 3000 2992 3007 3002 3004 2982 3007 2992 2987 2979 2995
2979 2987 2979 2974 2978 2984 2991 2990 2997 2977 2977 2983 2978 2974 2989 2993 2989 2977 2987 2984 2991 2994 2986 2991 2984 2992 3009 3035 3047 3068 3055 3075 3075 3064 3066 3068 3075 3076 3069 3077 3065 3069 3075 3071 3078 3064 3055 3057 3036 3016 3018 3024 3004 2999 2990 2980 2990 2992 2989 3011 2992 2978 2980 2997
2990 2974 2987 2979 2978 2986 2993 2976 2983 2980 2985 2995 2985 2991 2985 2982 2985 2989 2985 2999 2974 2989 2989 2992 2977 2994 3009 3020 3032 3059 3061 3060 3064 3080 3083 3057 3087 3070 3078 3072 3084 3066 3082 3075 3072 3066 3065 3057 3022 3017 2998 3008 2999 3003 2991 2990 2987 2983 2989 2990 2985 2992 2989 2984
2980 2976 2979 2995 2983 2989 2989 2978 2970 2973 2997 2992 2999 2985 2975 2987 2985 2983 2980 2977 2987 2988 2991 2996 3009 3005 2997 3020 3039 3063 3054 3057 3072 3093 3083 3083 3089 3075 3087 3078 3067 3076 3076 3099 3062 3069 3054 3040 3022 3012 2994 3003 3011 3009 2992 2998 2997 2983 2990 2997 2990 2996 2984 2997
2984 2991 2999 2983 2998 2990 2979 2977 2979 2986 3001 2995 2993 2984 2981 2983 2971 2977 2995 2982 2990 2977 2997 2987 2998 3000 3001 3013 3022 3052 3066 3076 3078 3074 3086 3068 3075 3088 3088 3076 3081 3087 3085 3081 3075 3064 3048 3032 3019 3009 3012 2994 3007 3000 3005 2995 2981 2989 2994 2986 2993 2990 2991 2986
2986 2991 2994 2993 2995 2988 2984 2977 2974 2981 3002 3007 2991 2988 2987 2971 2973 2978 2977 2991 2979 2989 3009 2995 2987 2995 2995 3021 3023 3041 3068 3071 3077 3076 3077 3079 3088 3085 3078 3097 3074 3081 3070 3068 3076 3060 3031 3035 3022 3007 2993 2980 3005 3001 2988 2986 2994 2985 2996 2996 3003 2977 2983 2982
2993 2991 2988 2984 2971 2983 2991 3002 2984 2980 3004 2989 2998 3003 2980 2990 2988 2980 2982 2984 2994 2997 3003 2988 3006 3007 2978 2998 3022 3042 3055 3053 3058 3072 3079 3079 3083 3077 3093 3081 3077 3076 3086 3083 3066 3056 3040 3011 3007 3011 3000 2989 2979 2988 2988 2997 2987 2985 3006 2995 2987 2987 2982 2975
2989 2991 2981 2986 2978 2990 2980 2986 2988 2989 2995 2994 3007 2992 2983 2971 2982 2983 2984 2981 2980 2984 2988 2994 2989 2993 2986 3001 3019 3030 3037 3061 3074 3067 3084 3088 3071 3071 3078 3082 3075 3078 3068 3072 3071 3055 3022 3011 2998 2983 2997 2977 2981 2983 2985 2984 2983 3000 3003 3006 2990 2978 2996 2984
2967 2991 2987 2986 2984 2987 2986 2978 2984 2983 2997 2987 2987 2990 2988 2979 2994 2960 2972 2970 2973 2981 2987 2988 2988 2974 2998 2997 3007 3034 3041 3063 3051 3070 3093 3090 3071 3070 3063 3090 3074 3076 3067 3067 3063 3049 3025 3010 3008 2996 3003 3000 2996 2993 3008 2979 2999 3013 2982 3009 2993 3002 2983 2979
2968 2972 2991 2988 2998 2995 2989 2986 2982 2973 2981 2986 2970 2973 2979 2981 2971 2980 2968 2964 2976 2977 2965 2983 2998 2997 2988 2991 2990 3007 3035 3048 3051 3070 3078 3082 3080 3077 3073 3071 3095 3076 3067 3066 3050 3053 3031 3023 3001 3002 3003 3007 3009 3003 2990 2983 2984 2980 2988 3005 2991 2990 2985 2984
2988 2995 2990 2998 3008 3006 2987 2979 2971 2967 2973 2975 2990 2984 2985 2983 2980 2968 2987 2976 2984 2991 2986 2983 3002 3011 2986 3005 3017 3034 3033 3068 3069 3084 3081 3077 3081 3077 3076 3073 3087 3086 3073 3081 3075 3048 3032 3006 3013 3005 3014 2996 3002 2996 2989 3009 3011 3001 3003 3007 2996 2986 2987 2982
2981 3002 3009 3009 3009 2990 2979 2974 2991 2985 2982 2983 2995 2996 2999 3002 2992 2989 2988 2979 2987 3008 2988 2999 3006 3007 3007 3013 3005 3028 3050 3065 3082 3090 3082 3085 3085 3090 3094 3093 3074 3089 3084 3093 3081 3057 3032 3013 3015 3008 2987 3000 2997 2992 3007 3006 3007 3000 2993 2992 3009 2989 2981 2979
2994 3000 3003 3001 3000 2998 2990 2995 2994 2989 2978 2995 2998 2995 2990 2980 2974 2988 2990 3005 2998 3010 2993 3002 3004 2998 3004 3012 3022 3022 3049 3060 3085 3091 3089 3089 3083 3088 3091 3091 3089 3074 3092 3079 3077 3067 3040 3022 3010 3017 3019 3012 3017 3008 3006 2994 3005 2992 2994 2991 3002 2987 2999 2996
2995 2991 2983 2996 2999 2999 2997 3001 3003 2992 2989 2999 3007 2998 2990 2988 2982 2993 2995 2992 3000 3007 3008 2983 3009 3002 3002 3021 3031 3051 3060 3082 3078 3070 3068 3077 3071 3078 3079 3086 3102 3078 3085 3085 3081 3071 3048 3039 2998 3009 3023 3018 3024 3014 3012 3020 3001 2990 3003 2999 2992 2991 2998 2997
2985 2988 2995 2985 3003 2997 2999 2996 2998 2994 3004 2986 3000 3001 2981 2989 2991 3004 3007 3009 3012 3004 3018 3011 3013 3034 3029 3032 3048 3067 3072 3072 3071 3082 3089 3084 3091 3077 3084 3089 3093 3098 3092 3085 3080 3074 3064 3051 3044 3023 3023 3023 3015 3024 3018 3008 2998 3007 2996 2992 3002 3007 2999 2997
2983 2992 2987 2992 2990 2995 3009 3012 3004 3001 2987 2996 2994 2992 3002 3007 3000 3007 3012 3013 3013 3023 3029 3029 3025 3028 3031 3058 3072 3073 3069 3067 3087 3081 3081 3082 3088 3080 3090 3077 3095 3090 3091 3098 3099 3095 3085 3061 3048 3034 3042 3015 3017 3021 3012 3010 3013 3020 3020 3008 3001 3025 2999 2993
2975 2981 2982 2999 2990 2999 2996 2997 2998 3003 2986 2987 2986 2993 3011 3015 3019 3021 3012 3028 3030 3032 3040 3039 3050 3046 3033 3044 3057 3069 3070 3076 3071 3082 3085 3083 3087 3082 3091 3078 3096 3089 3093 3083 3097 3084 3071 3066 3055 3050 3056 3037 3041 3040 3019 3021 3027 3038 3021 3008 3008 3024 3004 2999
2971 2982 2993 2999 2984 3000 3007 3007 2999 3003 2989 2984 2969 2995 3011 3021 3017 3017 3037 3033 3037 3046 3049 3051 3042 3056 3043 3048 3055 3068 3088 3073 3057 3064 3083 3092 3091 3086 3086 3088 3080 3084 3073 3077 3074 3082 3070 3053 3068 3078 3052 3072 3050 3042 3034 3025 3045 3045 3042 3022 3015 3010 3013 3017
