3061 3048 3053 3043 3063 3036 3027 3037 3056 3051 3066 3042 3058 3032 3046 3043 3043 3036 3032 3040 3036 3032 3037 3031 3037 3044 3053 3032 3034 3031 3027 3021 3017 3011 3026 3034 3029 3020 3020 3024 3020 3020 3030 3039 3033 3019 3023 3022 3018 3031 3036 3027 3019 3059 3031 3041 3027 3032 3032 3020 3019 3028 3017 3016
3064 3052 3036 3050 3042 3040 3037 3059 3056 3058 3052 3060 3047 3042 3030 3025 3046 3039 3034 3049 3031 3034 3028 3048 3040 3040 3037 3029 3036 3021 3017 3025 3028 3022 3036 3029 3029 3037 3038 3026 3030 3026 3032 3049 3024 3027 3033 3018 3043 3033 3040 3025 3025 3037 3022 3030 3029 3025 3023 3017 3024 3023 3040 3028
3064 3054 3044 3044 3049 3044 3047 3048 3043 3041 3045 3050 3040 3036 3036 3034 3036 3039 3033 3038 3043 3049 3043 3031 3032 3033 3028 3039 3034 3034 3029 3046 3040 3042 3047 3039 3052 3035 3033 3044 3037 3036 3035 3035 3028 3032 3028 3030 3031 3042 3054 3040 3023 3026 3033 3025 3019 3014 3022 3017 3018 3049 3041 3035
3047 3041 3055 3042 3048 3046 3061 3045 3036 3048 3038 3035 3030 3036 3041 3034 3040 3048 3042 3041 3040 3034 3031 3032 3019 3025 3036 3034 3036 3037 3031 3035 3025 3028 3031 3027 3039 3030 3020 3034 3022 3034 3028 3026 3019 3016 3020 3024 3024 3030 3032 3034 3034 3018 3020 3024 3012 3017 3009 3015 3029 3023 3040 3027
3043 3050 3046 3049 3058 3059 3057 3056 3054 3041 3027 3039 3031 3032 3026 3045 3048 3037 3031 3021 3028 3025 3031 3024 3028 3024 3033 3047 3048 3038 3025 3008 3031 3015 3026 3019 3025 3017 3022 3008 3040 3034 3035 3017 3024 3017 3025 3018 3023 3015 3022 3017 3006 3010 3024 3010 3023 3007 3014 3019 3026 3021 3023 3015
3050 3045 3039 3055 3053 3051 3061 3044 3041 3032 3038 3037 3025 3015 3022 3019 3027 3028 3016 3033 3025 3014 3020 3023 3037 3036 3022 3034 3031 3031 3022 3017 3024 3013 3023 3010 3004 3017 3009 3016 3018 3027 3028 3015 3019 3027 3024 3019 3029 3027 3013 3005 3006 3009 3018 3022 3031 3013 3019 3018 3038 3018 3013 3038
3036 3038 3029 3039 3040 3033 3022 3045 3032 3032 3016 3026 3020 3021 3028 3028 3027 3025 3023 3019 3027 3014 3010 3039 3034 3028 3018 3001 3007 3014 3028 3026 3021 3029 3013 3029 3028 3022 3030 3018 3017 3025 3014 3021 3014 3027 3025 3020 3007 3007 3016 3025 3007 2999 3014 3036 3023 3046 3023 3030 3025 3027 3044 3048
3020 3028 3023 3015 3019 3009 3001 3011 3016 3012 3024 3004 3006 3002 3007 3012 3020 3012 3002 3002 3017 3011 3022 3021 3008 3013 3008 3019 3006 3000 3020 3014 3021 3011 3016 3013 3002 3011 3011 3018 3004 3009 3016 3027 3020 3025 3013 3010 3005 3011 3008 3019 3017 3012 3022 3018 3025 3018 3024 3033 3019 3024 3036 3030
2972 2989 2990 2998 2988 2973 2974 3001 2994 3002 2978 2991 2979 2990 2980 2983 3002 3002 2989 3005 3002 2996 2979 2982 2991 3005 3000 3013 2998 3001 2995 3001 2990 3015 2999 2990 3007 3012 3002 3014 2991 3008 3004 3017 3016 3009 3005 3006 3004 3013 3013 3004 3015 3022 3021 3006 2999 3004 3022 3030 3036 3031 3020 3026
2963 2974 2980 2968 2990 2977 2975 2977 2992 2992 2994 2994 2997 2983 2983 2981 3002 3003 2995 3002 3005 2994 2996 3004 3005 3004 2992 3001 2991 2990 2999 3007 3018 3018 2995 3006 3005 3006 2999 3013 3008 3021 3012 3027 3014 3013 3000 3012 3021 3009 3006 3017 3027 3023 3016 3014 3012 3022 3022 3024 3035 3039 3027 3039
2965 2971 2970 2982 2971 2977 2973 2972 2992 2990 2992 3000 2991 2980 2979 2985 3004 2988 2983 3004 2998 3000 2999 3003 3003 3007 2994 2998 2994 3006 3000 2996 3004 3020 2994 2993 2998 3000 3006 3009 3010 3017 3011 3007 3006 3016 3016 3028 3021 3017 3027 3020 3018 3034 3028 3017 3023 3020 3021 3030 3029 3036 3040 3029
2972 2977 2983 2985 2976 2980 2993 2986 2989 2996 3003 2999 3007 2983 2979 2995 2982 2988 2992 2999 2992 2999 3008 3017 3006 3016 2986 2994 2997 3015 3003 3006 3022 3008 2990 3004 2995 3013 2989 3016 3017 3015 3004 3006 3009 3025 3036 3020 3021 3029 3019 3007 3021 3031 3025 3038 3040 3026 3037 3020 3043 3036 3040 3037
2974 2977 2975 2965 2981 2984 2978 2991 2985 2990 3002 3002 3005 3003 3000 3011 2995 2997 2998 2991 3006 2998 3003 3013 3015 3002 3004 3006 3011 3000 3003 2995 2997 2995 3006 3011 3000 3012 3033 3020 3021 3025 3015 3020 3010 3012 3024 3030 3017 3027 3027 3024 3021 3025 3002 3026 3024 3048 3043 3033 3027 3049 3033 3031
2986 2979 2974 2972 2986 2991 2999 2984 2990 2983 3001 3002 3011 3015 2997 3003 2994 2994 2997 2993 3005 3005 3014 3009 3011 3008 3008 2995 3000 3013 3002 3002 3001 2998 3005 2997 3011 3011 3014 3020 3028 3014 3021 3023 3016 3013 3008 3023 3017 3013 3016 3028 3013 3025 3020 3019 3015 3027 3039 3044 3018 3045 3041 3039
2979 2995 2989 2984 2988 2995 2995 2999 2992 2992 3010 3003 2986 2996 3001 2997 3001 2996 2987 2986 3000 3012 3003 3004 2999 2996 2998 2998 3004 2996 3002 2993 2992 2993 2998 3002 3018 3012 2998 3028 3025 3014 3004 3007 3006 3019 3007 2999 3010 3018 3014 3009 3016 3021 3014 3031 3012 3036 3030 3037 3045 3035 3041 3026
2999 3000 3001 3000 2999 2994 2997 2998 2997 3001 2999 3002 2997 2998 2995 2986 3003 2999 2995 2992 3002 3011 3014 3002 3003 2998 3003 2996 3009 3002 3002 2997 3003 3006 3000 3013 2997 3001 3009 3037 3004 3003 2999 2998 3020 3006 3024 3010 3006 2999 3019 3007 3024 2997 3030 3017 3034 3041 3035 3049 3042 3040 3029 3043
3016 3019 3007 2999 3007 2995 3000 2990 3007 3006 2993 2995 2982 2990 2996 3002 3008 2997 3002 2987 3001 3006 3001 2997 3003 3000 3004 2999 3015 3006 2988 2991 2995 3013 3004 3004 2990 3007 3022 3012 3001 2983 2987 2998 3017 3013 3004 3004 3008 3016 3004 3010 3019 3029 3019 3025 3031 3046 3054 3026 3048 3027 3034 3051
3017 3013 3003 3018 3002 3001 3009 3001 3008 3003 3010 3001 2987 2989 3001 3009 3014 3009 2999 3004 3006 2989 3007 3003 3007 2999 3008 3011 2999 2995 3011 3003 3005 3011 3009 3003 2989 3007 3010 3016 2996 2993 3001 3001 3006 3014 3004 3011 3011 2997 3011 3015 3023 3029 3026 3012 3021 3039 3040 3038 3034 3038 3045 3051
3014 3000 3000 3012 3011 3007 3012 3016 3023 3023 3006 3006 2994 3000 3003 3000 2993 3003 3009 3007 3002 2994 3001 3017 3003 2997 2999 3007 3011 2996 2996 3005 3005 3008 3007 3010 3017 2992 2994 3009 3006 3008 3001 3009 3016 3012 3002 3016 3011 3005 3008 3009 3011 3018 3015 3007 3014 3041 3039 3039 3044 3048 3033 3044
3007 3012 3011 3006 3009 3009 3018 3018 3013 3008 3019 3010 3008 2998 3003 3004 3015 3013 3002 3016 3011 3020 3003 3006 3009 3005 2998 3000 3003 2997 2995 3009 3006 2995 3006 3015 3014 3001 3000 2999 3012 2996 3004 3003 3013 3016 3019 3011 3005 3012 3014 3014 3014 3023 3009 3013 3023 3024 3033 3042 3047 3034 3059 3037
3011 3021 3018 3007 3022 3004 3015 3001 3009 3022 3013 3013 3001 3010 3009 3015 3010 3016 2998 3005 2985 3007 2999 3016 3008 3008 3000 3002 3003 3002 2995 3005 2993 3005 2997 3014 3006 2998 3011 3016 2997 3013 2999 3013 3014 3027 3023 3009 3011 3011 3017 3010 3017 3019 3021 3011 3021 3027 3043 3052 3055 3041 3045 3059
3018 3008 3024 3026 3017 3011 3011 3016 3024 3015 3012 3012 2992 2997 3020 3017 3018 2989 2993 3000 3007 3008 2998 3005 3012 3009 3007 3004 3003 3002 3010 3002 3007 2994 2994 3008 2985 3004 3005 2998 3013 3011 3011 3013 3016 3020 3014 3005 3009 3022 3008 3020 3013 3030 3015 3010 3022 3008 3037 3041 3035 3056 3063 3059
3017 3010 3014 3001 3016 3023 3013 3021 3013 3026 3001 2990 3005 3008 3009 3005 3018 2994 2998 2998 3013 3008 3014 3009 3011 3003 3012 3000 3004 3011 2999 3011 2998 2997 3000 3021 3005 3003 3016 3002 3017 3006 3013 3005 3010 3015 3018 3004 3023 3011 3014 3027 3018 3016 3014 3025 3023 3023 3032 3052 3055 3054 3066 3073
3006 3020 3017 3025 3016 3009 3011 3024 3037 3024 2993 2992 3002 3013 3009 3010 3014 3017 3021 3009 3019 3037 3015 3010 3019 3005 3011 2996 3003 3008 2997 2992 2999 3001 3000 3004 3002 3012 3022 3015 3019 3012 3006 3008 3008 3001 3008 3014 3017 3002 3016 3029 3025 3017 3017 3016 3018 3035 3035 3037 3061 3055 3069 3075
3012 3007 3026 3014 3012 3018 2993 3019 3030 3020 3004 2996 3013 3020 3016 3019 3010 3020 3014 3034 3014 3029 3026 3027 3014 3004 3002 2989 2991 3001 3000 3015 3006 2990 2999 3009 3013 3003 3013 3021 3008 3002 3021 3018 3011 3001 3022 3019 3000 2990 3022 3023 3007 3012 3012 3020 3020 3030 3028 3040 3052 3071 3069 3069
3016 3029 3015 3024 3026 3006 2999 3021 3031 3038 3004 3021 3023 3017 3014 3025 3030 3018 3026 3026 3016 3032 3026 3018 3013 3017 3001 2998 3009 3007 2997 2998 3019 2986 3005 3009 3015 3011 3005 3002 3019 3019 2988 3004 3005 2997 3012 3017 3023 3006 3010 3027 3022 3002 3005 3025 3033 3018 3043 3031 3055 3069 3066 3073
3017 3036 3018 3013 3009 3020 3006 3021 3029 3028 3025 3026 3035 3033 3020 3033 3014 3017 3016 3020 3025 3029 3025 3017 3027 3014 3009 3009 2997 3005 3006 3002 2998 3011 3002 3010 3009 2992 3005 2999 3003 3011 3004 3007 3009 3005 3026 3005 3018 3029 3012 3019 3015 3007 3011 3008 3019 3022 3029 3034 3042 3059 3078 3084
2999 3017 3018 3021 3018 3023 3014 3030 3030 3026 3029 3032 3034 3011 3020 3025 3023 3018 3022 3027 3030 3025 3038 3040 3014 3013 3004 2992 2995 3002 3007 2998 3000 3008 3008 3020 3000 3008 2996 3016 3013 3002 3012 3007 3005 3017 3017 3009 3023 3019 3011 3017 3007 3011 3011 3013 3022 3015 3026 3026 3035 3058 3066 3086
3006 3008 3015 3020 3021 3029 3028 3027 3022 3028 3018 3014 3023 3023 3021 3012 3025 3023 3011 3014 3016 3026 3031 3037 3011 3010 3004 3001 2989 2999 3003 3013 3007 2988 3004 3006 3009 2999 2995 2993 3005 3008 3011 3020 3030 3017 3014 3023 3029 3016 3018 3004 3002 2996 2992 3003 3011 3021 3009 3026 3037 3053 3061 3066
3003 3012 3016 3019 3027 3004 3028 3028 3015 3012 3002 3028 3030 3029 3018 3024 3025 3035 3032 3027 3020 3035 3044 3022 3026 3010 3002 3011 3003 2995 3011 3017 3003 2996 3009 3009 2995 3002 3005 2994 3008 3026 3014 3014 3020 3020 3017 3024 2999 3014 3018 3000 2996 2998 3004 3008 3000 3009 3019 3021 3021 3042 3051 3063
3018 3016 3015 3026 3016 3013 3013 3017 3011 3003 3014 3001 3030 3020 3039 3037 3034 3027 3029 3026 3029 3029 3028 3026 3027 3004 3006 3016 3001 3009 3002 3021 2996 2993 3011 3006 2994 2994 3013 3012 2997 3003 3004 3003 3012 3029 3021 3029 3007 3017 3011 3012 3002 3031 3015 3017 3022 3013 3007 3022 3024 3045 3041 3058
3013 3025 3019 3014 3020 2999 3012 2998 3023 2997 3017 3010 3030 3035 3040 3044 3041 3036 3023 3034 3035 3035 3051 3029 3017 3001 3021 2994 3000 3001 3011 3001 3013 2996 3011 3009 2997 3014 3000 3019 3005 2994 3003 3007 3020 3033 3018 3014 3012 3017 3010 2992 3020 3023 3019 3019 3014 3013 3015 3019 3032 3038 3045 3041
3018 3006 3015 3007 3011 3019 3007 3012 3011 3010 3011 3014 3027 3032 3041 3051 3040 3028 3030 3022 3046 3046 3031 3030 3024 3010 3002 3002 3003 2999 2991 3000 3010 3007 3017 3011 2996 3002 3014 3015 3006 3011 3018 3018 3008 3017 3016 3012 3006 3011 3000 3004 3004 3028 3023 3013 3018 3019 3031 3030 3040 3035 3037 3059
3027 3016 3020 3022 3025 3012 3005 3022 3016 2999 3020 3000 3027 3042 3050 3033 3044 3045 3040 3031 3037 3045 3032 3023 3037 3015 3008 2993 2999 2995 2996 3009 3004 3011 3004 3011 3005 3004 3021 3016 3024 3014 3013 3012 3023 3010 3005 3000 3014 3002 3003 2993 2999 3024 3014 3017 3014 3019 3020 3030 3026 3034 3032 3049
3023 3020 2998 3023 3015 3017 3019 3006 3015 3007 3005 3017 3034 3048 3058 3041 3037 3037 3037 3031 3038 3026 3037 3032 3004 3008 3009 2996 3010 3002 3014 3009 3009 3004 3009 2991 3002 3002 3004 3006 3000 3012 3018 3013 3007 3015 3017 3015 3009 3003 3001 3004 3011 3007 3016 3008 3012 3001 3017 3017 3029 3025 3041 3039
3018 3007 3023 3004 3014 3009 3014 3011 3011 3011 3011 3030 3037 3041 3046 3030 3035 3035 3038 3042 3040 3025 3041 3043 3010 3009 3002 3008 2990 3009 3014 3009 3004 2994 2993 3005 3007 3012 3002 2988 3001 3002 3009 3001 3012 3023 3014 3007 3008 3002 3015 3018 3009 3027 3013 3011 3008 3010 3007 3022 3020 3032 3025 3055
3007 3012 3013 3017 3005 3015 3016 3007 3008 3004 3032 3028 3015 3033 3038 3036 3045 3041 3056 3038 3037 3046 3028 3028 3012 3012 3008 3004 3011 3005 3010 3015 3019 3006 3011 3001 3000 3006 3000 3014 2994 3014 3003 3002 3014 3022 3005 3016 3008 3001 2994 3010 3015 3016 3015 3011 3017 3007 3012 3024 3024 3028 3044 3044
3023 3020 3004 3014 3013 3008 3005 2999 2996 3009 3025 3027 3016 3018 3018 3035 3032 3036 3047 3037 3053 3029 3022 3017 3015 3011 3016 3007 3006 3014 2998 3022 3008 3012 3006 3001 3002 3008 3010 3010 3003 3005 3007 3019 3022 3020 3020 3018 3002 2993 3021 3011 3022 3005 3013 3007 3007 3002 3009 3025 3022 3032 3029 3037
3005 3011 3029 3007 3009 2992 3006 3006 3008 3014 3027 3019 3005 3033 3027 3034 3033 3039 3040 3038 3040 3027 3022 3022 3027 2999 2992 3015 2999 2999 2999 2999 3007 3003 2995 3015 3011 3004 3014 3001 2998 3001 3015 3009 3017 3017 3034 3012 3014 3005 3014 3006 3005 3006 3000 3018 3001 3009 3027 3005 3013 3009 3019 3028
3005 3016 3015 3013 3011 3016 3012 3009 2995 3004 3018 3015 3004 3030 3016 3024 3016 3017 3031 3036 3051 3031 3028 3028 3021 3006 3003 2994 3002 3011 2986 3000 2997 3010 2999 2990 3013 3005 2995 3000 2997 2994 3008 3023 3018 3012 3019 3015 3004 3006 3004 3023 3007 3009 3007 3002 3000 3014 3021 3022 3004 3003 3022 3028
3006 3011 3007 3015 3016 3008 3009 3008 3000 3002 3002 3014 3000 3013 3027 3016 3028 3027 3021 3028 3044 3035 3012 3016 3013 3006 3005 2990 3006 2992 2996 2998 2990 3000 3009 3010 2998 2997 3001 3012 3000 3003 3009 3024 3019 3008 3009 3017 3020 3012 3001 3011 3002 3016 3015 3014 3022 3025 3032 3014 3011 2999 3027 3045
3020 3013 3017 3020 3012 3012 3016 3008 2997 3004 3006 3004 3009 3010 3012 3021 3017 3014 3012 3015 3050 3030 3016 3015 3005 3007 2998 3000 2995 3005 2992 2989 2998 3000 3005 3008 2996 3027 3005 3004 2996 2998 3018 3023 3019 3022 3008 3008 3001 3017 3014 3006 3006 3021 3012 3021 3012 3021 3024 3015 3007 3027 3030 3046
3004 3011 3012 3008 3019 3006 3011 3007 2996 3020 3013 3027 3012 3011 3001 3005 3022 3016 3012 3013 3034 3035 3025 3018 3017 3015 2994 3007 3004 3001 3005 3000 3006 3004 2997 3012 3006 3011 3015 3006 2993 3006 3010 3022 3020 3011 3006 3004 3021 3015 3010 3014 3024 3015 3020 3018 3022 3019 3003 3019 3014 3034 3037 3053
2997 2995 3004 3001 3007 3003 2999 2999 2989 3010 3015 3029 3011 3013 3008 3011 3018 3005 3021 3020 3028 3031 3030 3031 3024 3022 3004 2997 3022 3010 2996 3005 3008 3003 3006 3014 3001 3001 3006 3009 2999 3007 3012 3007 3018 3006 3007 3014 3013 3010 3019 3028 3021 3009 3012 3018 3023 3031 3019 3029 3023 3033 3040 3057
3008 2999 2990 2998 2991 3009 2995 2997 2992 3006 3005 3013 3004 3020 3022 3000 3008 3007 2998 3014 3028 3016 3010 3010 3015 3006 3003 3001 3008 3002 3007 3010 2998 3012 3009 3011 3013 3010 3001 2997 3005 3009 3014 3006 3004 2995 3001 3009 3017 3016 3026 3027 3014 3009 3021 3032 3020 3024 3036 3023 3040 3059 3062 3062
3019 3011 3001 3002 3002 3002 2999 2996 3013 3011 3006 3000 3008 2997 3004 3009 2999 3012 3011 3016 3033 3021 3017 3015 2999 3015 2997 3009 2998 3001 3011 3005 3009 2997 3005 3001 3012 3003 3003 3009 3006 3019 3004 2995 2987 2999 3003 3019 3025 3022 3022 3018 3021 3027 3013 3024 3032 3020 3022 3035 3050 3069 3060 3058
3011 3004 3013 3010 3013 3008 3007 2999 3000 3001 3005 3004 2996 3002 2999 3008 3003 3003 3008 3020 3030 3012 3019 2999 3020 3014 3003 2998 3010 3009 3006 3009 3013 3003 3009 3019 2990 3001 3011 2996 3004 3002 3005 3007 2999 3013 3012 3023 3013 3017 3019 3031 3019 3003 3016 3017 3030 3029 3038 3054 3074 3065 3065 3080
3021 3000 3000 3014 3018 2999 2995 3009 3015 3002 3001 2984 2990 3014 3008 2994 2999 3006 3009 3017 3024 3024 3022 3013 3012 3006 3017 3001 3008 3012 2992 3004 3012 3004 3008 2996 3000 2998 3003 3005 3004 3000 2990 3006 2990 2996 2998 3023 3022 3016 3013 3017 3010 3027 3024 3018 3021 3032 3049 3059 3069 3075 3067 3071
3016 3015 2997 3025 3033 3010 2989 3001 3006 3007 3008 3000 3011 2990 2991 2993 3010 3000 3028 3022 3030 3033 3028 3020 3018 3009 3011 2999 3007 3005 3002 3006 3000 3007 3018 3013 3007 3001 3005 3017 3018 3010 3008 3003 3000 3013 3016 3006 3006 3007 3020 3011 3030 3032 3035 3033 3035 3045 3073 3080 3077 3071 3076 3082
3012 3007 3011 3017 3018 3019 3023 2997 2995 2996 3010 2999 3002 3006 3000 3006 3012 3024 3006 3008 3028 3016 3023 3017 3022 3023 3008 2987 3010 3000 2990 3002 3000 3019 3022 3005 2998 3000 3005 3008 3025 3014 3012 3020 3014 3001 3025 2995 3008 3016 3033 3032 3040 3040 3039 3041 3035 3051 3075 3101 3090 3077 3078 3080
3015 3012 3011 3015 3008 3013 3018 2993 3002 2999 2994 3013 3020 3017 3008 3018 3022 3024 3004 3009 3023 3036 3031 3003 3017 3010 3004 3012 3008 2992 3016 3001 2998 3015 3012 3009 3002 2991 3010 3012 3016 3006 3027 3013 3019 3002 3011 3012 3017 3021 3030 3029 3047 3036 3052 3060 3067 3063 3065 3080 3083 3074 3094 3112
3008 3014 3005 3012 3004 3017 3005 3006 3013 3000 3006 3006 3019 3030 3016 3014 3031 3025 3008 3014 3019 3016 3029 3029 3016 3007 3020 3011 3015 3017 3018 3019 3014 3006 3011 3000 3020 2997 3007 2999 3000 3016 3009 3000 3008 3018 3021 3018 3027 3036 3043 3045 3045 3043 3040 3056 3060 3055 3061 3079 3069 3075 3082 3113
3010 3001 2992 2996 3016 3010 3001 3014 3000 3018 3003 2997 3018 3008 2996 3006 3010 3011 3004 3024 3017 3030 3028 3010 3002 3008 3000 3014 3002 3014 2986 3018 3002 3001 2998 3006 3012 3006 3009 2998 3001 3005 3000 3021 3012 3032 3034 3033 3046 3033 3044 3051 3055 3053 3063 3055 3070 3056 3056 3072 3066 3063 3065 3082
3022 2983 2988 2995 3002 3015 3013 3013 3017 3015 3013 2996 2999 3005 3002 2998 2995 3008 3021 3029 3021 3030 3034 3015 2992 3006 2998 2996 2996 3002 2996 3006 3001 3000 3000 2993 3000 3017 3020 3011 2995 3000 3007 3018 3032 3030 3044 3053 3051 3044 3056 3064 3044 3074 3056 3066 3075 3062 3065 3070 3061 3066 3052 3063
3006 3019 2996 3002 3021 3020 3022 3008 3004 3004 3012 3002 2995 3009 3003 2996 3011 3007 3015 3022 3024 3022 3021 3017 3014 3010 2998 3007 3002 3010 3004 2991 2999 3016 3008 3015 2995 3013 3001 3009 3009 3015 3028 3031 3040 3050 3059 3072 3060 3064 3061 3061 3043 3060 3067 3059 3080 3055 3060 3056 3080 3084 3061 3064
3011 3013 3011 3003 3014 3012 3011 3012 3003 3012 3008 3028 3002 3007 3013 3003 3016 3023 3021 3016 3013 3025 3021 3006 3017 3012 3010 3002 3004 3003 2994 3002 3014 3010 3009 3013 2994 3010 3000 3014 3010 3030 3041 3048 3056 3066 3042 3066 3052 3064 3065 3067 3068 3081 3068 3071 3068 3065 3061 3059 3070 3087 3074 3058
3014 3022 3022 3016 3012 2993 3013 3001 3014 3012 3012 3017 3009 3015 3001 3008 3019 3032 3020 3018 3019 3015 3022 3018 3021 3018 3018 3009 3012 3003 2997 3007 3013 3018 3014 3014 3004 3019 3023 3024 3024 3028 3045 3057 3061 3064 3069 3062 3059 3058 3055 3065 3067 3073 3070 3069 3071 3080 3078 3064 3074 3094 3074 3067
3017 3022 3033 3016 3022 3009 3008 3015 3012 3019 3013 3018 3043 3022 3026 3021 3033 3018 3024 3032 3024 3033 3015 3040 3034 3034 3029 3011 3024 3018 3013 3014 3010 3028 3014 3018 3007 3023 3026 3031 3039 3044 3044 3055 3081 3071 3069 3061 3067 3077 3070 3066 3068 3075 3076 3080 3079 3074 3088 3075 3080 3083 3080 3069
3000 3015 3032 3008 3008 3023 3020 3007 3025 3012 3001 3016 3024 3022 3023 3016 3017 3015 3031 3023 3034 3044 3032 3024 3030 3026 3017 3012 3017 3001 3005 3007 3012 3031 3006 3015 3009 3024 3042 3033 3050 3067 3065 3058 3071 3069 3070 3067 3075 3064 3072 3069 3063 3065 3076 3080 3077 3080 3075 3077 3084 3076 3092 3094
2986 3003 3024 3024 3006 3005 3006 3021 3032 3008 2998 3007 3018 3026 3033 3036 3012 3023 3043 3036 3035 3028 3030 3024 3049 3023 3006 3001 3014 3010 3002 3014 2999 3013 3020 3021 3029 3025 3044 3053 3061 3053 3069 3062 3061 3063 3053 3064 3056 3072 3063 3067 3071 3066 3061 3068 3077 3074 3083 3085 3074 3078 3089 3099
3019 3007 3029 3011 3009 3007 3007 3016 3023 3007 3022 3011 3021 3020 3029 3029 3024 3015 3034 3013 3028 3029 3031 3024 3024 3029 3020 3009 3013 3011 3015 3013 3027 3021 3013 3031 3050 3050 3053 3049 3054 3054 3075 3072 3072 3068 3058 3061 3071 3068 3057 3058 3068 3056 3066 3072 3087 3087 3080 3073 3084 3079 3093 3093
3021 3023 3025 3008 3017 3012 3013 3002 2998 3016 3016 3024 3014 3010 3016 3011 3026 3018 3016 3010 3020 3016 3022 3012 3023 3003 3031 3014 3008 3011 3013 3016 3007 3006 3028 3044 3056 3052 3063 3058 3058 3056 3084 3066 3068 3072 3058 3063 3065 3062 3058 3055 3062 3060 3065 3061 3066 3091 3083 3074 3068 3094 3076 3078
3030 3022 3009 3018 3011 3019 3016 3022 3020 3008 3012 3001 3012 2995 3011 3009 3012 3015 3012 3021 3032 3028 3022 3009 3019 3020 3021 3008 3007 3013 3011 3017 3028 3036 3033 3043 3036 3035 3056 3060 3055 3072 3066 3075 3074 3063 3073 3070 3061 3066 3062 3066 3076 3081 3088 3074 3068 3081 3075 3070 3065 3077 3089 3075
3024 3021 3004 3019 3022 3023 3018 3023 3010 3010 3003 3015 3006 3003 2996 3003 3004 3017 3017 3023 3033 3015 3022 3022 3019 3022 3018 3021 3019 3005 3031 3025 3029 3043 3038 3029 3029 3035 3053 3056 3060 3069 3052 3052 3075 3081 3080 3078 3057 3053 3066 3074 3072 3080 3069 3083 3064 3074 3065 3069 3064 3070 3075 3083
