3068 3058 3048 3052 3056 3045 3034 3043 3054 3058 3061 3053 3041 3039 3040 3043 3046 3043 3038 3034 3030 3032 3037 3040 3042 3042 3041 3036 3030 3027 3028 3024 3018 3018 3027 3031 3028 3028 3030 3030 3023 3022 3032 3036 3030 3026 3025 3025 3029 3032 3030 3028 3031 3033 3032 3031 3033 3034 3029 3024 3023 3023 3026 3028
3058 3052 3047 3048 3050 3045 3040 3044 3048 3051 3054 3048 3041 3039 3038 3040 3042 3041 3039 3037 3036 3037 3039 3039 3038 3037 3037 3035 3032 3031 3031 3031 3029 3030 3034 3036 3036 3036 3034 3033 3031 3031 3035 3036 3030 3025 3024 3025 3031 3036 3033 3031 3032 3032 3028 3024 3023 3023 3022 3021 3026 3031 3031 3030
3048 3047 3045 3044 3043 3045 3047 3045 3042 3044 3046 3044 3041 3038 3036 3037 3039 3039 3039 3040 3042 3042 3040 3037 3033 3032 3033 3033 3034 3034 3035 3037 3041 3042 3040 3040 3044 3043 3038 3036 3038 3040 3039 3037 3030 3025 3023 3024 3034 3040 3036 3033 3033 3032 3024 3017 3014 3012 3015 3019 3029 3040 3036 3032
3048 3047 3047 3046 3046 3050 3055 3050 3044 3043 3043 3039 3036 3035 3035 3035 3036 3035 3034 3034 3034 3033 3032 3031 3030 3031 3035 3037 3039 3037 3030 3028 3030 3030 3030 3030 3031 3031 3029 3030 3033 3035 3033 3030 3026 3023 3022 3023 3029 3032 3029 3026 3027 3027 3023 3018 3015 3013 3014 3017 3024 3032 3029 3026
3047 3048 3049 3049 3049 3056 3063 3055 3045 3042 3040 3035 3030 3032 3034 3034 3033 3031 3029 3027 3025 3024 3024 3025 3026 3031 3037 3042 3045 3039 3026 3019 3018 3018 3020 3020 3017 3017 3020 3023 3028 3030 3026 3023 3022 3021 3021 3021 3023 3024 3021 3019 3021 3022 3022 3020 3017 3014 3014 3014 3019 3023 3021 3019
3049 3047 3044 3044 3045 3046 3047 3044 3041 3037 3033 3031 3029 3029 3030 3031 3031 3029 3025 3025 3027 3026 3025 3026 3029 3029 3027 3029 3032 3031 3026 3023 3020 3019 3019 3019 3019 3019 3019 3020 3023 3024 3022 3020 3020 3020 3019 3019 3017 3017 3018 3019 3018 3016 3019 3022 3023 3023 3022 3020 3023 3025 3029 3033
3052 3045 3039 3039 3040 3035 3030 3033 3037 3032 3027 3027 3028 3027 3026 3028 3030 3027 3021 3023 3029 3029 3027 3028 3031 3027 3017 3015 3019 3023 3027 3027 3023 3021 3020 3020 3022 3021 3019 3017 3018 3018 3017 3018 3018 3019 3018 3016 3011 3009 3016 3021 3015 3011 3017 3024 3029 3034 3030 3026 3027 3027 3037 3048
3015 3017 3018 3017 3015 3010 3005 3010 3017 3013 3007 3007 3009 3009 3008 3011 3016 3013 3007 3009 3014 3014 3012 3013 3016 3014 3008 3007 3008 3011 3014 3015 3015 3013 3011 3010 3012 3013 3012 3012 3013 3014 3017 3018 3016 3015 3012 3010 3009 3009 3013 3017 3018 3018 3017 3017 3021 3024 3026 3027 3027 3029 3034 3039
2973 2985 2996 2992 2987 2982 2978 2986 2996 2992 2986 2987 2989 2989 2988 2993 3001 2998 2992 2993 2997 2997 2996 2996 2998 3000 3000 3000 2998 2998 3000 3002 3005 3004 3000 2999 3001 3003 3005 3007 3008 3011 3016 3018 3014 3010 3005 3003 3006 3009 3011 3013 3022 3027 3018 3010 3011 3013 3020 3026 3028 3030 3029 3028
2968 2977 2986 2983 2980 2978 2976 2984 2993 2991 2988 2988 2988 2986 2982 2989 2998 2997 2992 2993 2996 2997 2997 2999 3002 3001 2997 2995 2994 2995 2996 3001 3007 3008 3003 3001 3004 3005 3005 3006 3008 3011 3013 3015 3012 3011 3009 3009 3014 3017 3016 3016 3025 3030 3022 3016 3018 3020 3024 3027 3031 3034 3033 3033
2969 2973 2977 2977 2977 2977 2979 2985 2993 2994 2993 2992 2990 2985 2979 2986 2997 2997 2994 2995 2998 2999 3000 3004 3009 3004 2994 2990 2991 2992 2994 3001 3011 3014 3006 3004 3008 3009 3005 3005 3009 3011 3010 3010 3011 3012 3015 3018 3022 3025 3022 3021 3028 3033 3027 3023 3026 3029 3029 3029 3034 3038 3039 3039
2972 2974 2976 2976 2977 2980 2984 2987 2989 2993 2997 2998 2997 2996 2993 2996 2999 2998 2994 2996 3000 3002 3003 3006 3009 3005 2996 2993 2996 2998 3000 3004 3009 3010 3005 3004 3007 3010 3011 3014 3017 3018 3016 3014 3013 3013 3017 3020 3024 3026 3022 3019 3024 3028 3024 3022 3028 3033 3033 3033 3037 3041 3038 3035
2976 2976 2976 2977 2978 2984 2990 2988 2984 2992 3002 3004 3006 3008 3011 3007 3002 2998 2995 2998 3003 3005 3007 3008 3008 3004 2998 2998 3003 3006 3008 3008 3005 3004 3002 3002 3005 3010 3019 3024 3026 3025 3023 3019 3016 3014 3018 3021 3024 3025 3020 3017 3019 3021 3020 3020 3028 3036 3037 3037 3040 3042 3036 3030
2980 2981 2982 2983 2984 2988 2992 2990 2989 2994 3000 3003 3004 3006 3008 3005 3001 2997 2993 2996 3001 3004 3007 3006 3004 3002 3000 3001 3003 3005 3005 3005 3004 3002 3000 3000 3003 3009 3016 3021 3022 3020 3014 3011 3013 3014 3016 3017 3018 3018 3015 3014 3015 3017 3018 3020 3029 3036 3037 3038 3039 3041 3037 3033
2984 2987 2990 2991 2991 2992 2992 2994 2995 2996 2998 2999 3000 3000 3000 3000 2999 2996 2991 2993 2997 3002 3006 3005 2999 2999 3001 3003 3003 3002 3001 3001 3002 3001 2997 2997 3002 3007 3012 3015 3015 3011 3002 2999 3008 3014 3013 3012 3010 3008 3010 3011 3011 3013 3017 3022 3029 3035 3036 3037 3038 3039 3038 3038
2999 3000 3000 2999 2998 2997 2997 2998 2999 2999 2998 2998 2998 2998 2998 3000 3002 2999 2994 2995 2998 3003 3008 3007 3002 3001 3003 3004 3003 3002 2998 2999 3004 3005 3001 2999 3001 3005 3013 3015 3008 3002 2998 2999 3008 3014 3011 3009 3009 3008 3008 3008 3014 3018 3019 3021 3029 3037 3038 3040 3038 3036 3038 3041
3017 3014 3010 3007 3004 3004 3004 3003 3002 3001 3000 2998 2996 2997 2998 3002 3005 3003 2998 2998 2999 3004 3011 3011 3006 3005 3005 3004 3004 3001 2996 2998 3007 3010 3007 3004 3000 3003 3016 3017 3001 2992 2996 3001 3008 3012 3010 3008 3010 3011 3007 3005 3017 3027 3022 3020 3030 3039 3041 3043 3038 3033 3038 3042
3017 3013 3010 3009 3008 3008 3008 3008 3009 3007 3005 3002 2998 3000 3003 3005 3007 3006 3003 3003 3004 3007 3012 3011 3007 3005 3006 3006 3004 3002 2998 3000 3008 3012 3010 3006 3000 3001 3010 3012 3002 2996 3000 3004 3009 3012 3010 3008 3009 3010 3007 3007 3018 3026 3020 3016 3026 3035 3040 3044 3040 3036 3039 3042
3009 3008 3006 3009 3012 3011 3010 3013 3017 3015 3012 3007 3002 3004 3008 3009 3008 3008 3009 3009 3009 3011 3013 3011 3005 3005 3007 3007 3004 3002 3001 3004 3009 3012 3012 3009 3001 2998 3001 3003 3005 3006 3006 3007 3011 3013 3011 3009 3007 3006 3008 3010 3017 3022 3015 3011 3020 3029 3037 3044 3043 3041 3041 3040
3010 3011 3011 3011 3012 3013 3014 3015 3017 3017 3016 3010 3003 3006 3011 3011 3011 3010 3009 3008 3008 3009 3011 3010 3008 3007 3007 3006 3004 3003 3003 3005 3007 3009 3009 3006 3001 2999 3002 3005 3008 3009 3009 3011 3015 3017 3014 3012 3010 3009 3009 3010 3017 3021 3015 3010 3017 3024 3035 3045 3044 3042 3044 3046
3015 3017 3018 3015 3012 3014 3017 3016 3014 3016 3019 3012 3004 3007 3012 3014 3014 3011 3006 3004 3003 3004 3007 3010 3012 3010 3006 3004 3003 3003 3004 3004 3004 3004 3003 3002 3000 3002 3007 3011 3010 3010 3011 3014 3021 3024 3019 3015 3015 3014 3010 3009 3016 3021 3016 3012 3015 3019 3033 3046 3044 3042 3048 3055
3013 3017 3021 3017 3014 3016 3018 3018 3017 3014 3011 3008 3004 3007 3011 3012 3013 3010 3006 3005 3004 3006 3008 3010 3012 3009 3004 3002 3003 3004 3006 3005 3004 3003 3003 3002 3002 3005 3010 3013 3012 3011 3011 3013 3018 3020 3015 3012 3013 3014 3013 3013 3017 3020 3017 3015 3017 3020 3033 3046 3048 3049 3057 3064
3006 3013 3020 3019 3018 3018 3018 3020 3023 3012 2999 3000 3004 3006 3009 3009 3010 3008 3006 3007 3009 3010 3010 3010 3009 3006 3001 3000 3003 3005 3007 3007 3004 3003 3004 3005 3005 3007 3011 3013 3013 3012 3010 3009 3011 3011 3008 3006 3009 3013 3016 3019 3019 3019 3019 3019 3021 3024 3034 3045 3053 3061 3067 3074
3009 3015 3021 3020 3019 3015 3011 3019 3028 3016 3000 3002 3006 3009 3011 3012 3013 3013 3013 3014 3016 3016 3016 3013 3010 3006 3001 3000 3003 3005 3008 3007 3003 3002 3003 3005 3007 3009 3012 3014 3013 3013 3010 3009 3008 3007 3009 3009 3008 3008 3015 3020 3018 3016 3017 3019 3021 3024 3033 3042 3054 3065 3070 3075
3016 3019 3022 3021 3019 3009 2999 3015 3033 3023 3010 3009 3010 3013 3015 3018 3020 3021 3022 3023 3024 3024 3023 3019 3013 3008 3003 3001 3003 3005 3008 3006 3002 3000 3002 3004 3007 3010 3013 3014 3014 3013 3013 3011 3007 3006 3014 3017 3008 3003 3012 3019 3015 3012 3014 3016 3019 3022 3030 3038 3052 3066 3069 3072
3017 3020 3023 3020 3018 3009 3001 3016 3033 3028 3019 3018 3019 3019 3020 3020 3021 3023 3025 3026 3025 3025 3026 3022 3015 3010 3004 3002 3002 3003 3006 3005 3000 3000 3003 3005 3008 3010 3012 3013 3013 3013 3011 3009 3006 3006 3013 3017 3011 3008 3015 3020 3015 3010 3012 3014 3017 3021 3028 3037 3052 3066 3070 3075
3014 3019 3023 3020 3017 3014 3012 3020 3029 3030 3029 3029 3029 3027 3024 3021 3018 3020 3025 3024 3021 3023 3026 3023 3017 3011 3006 3003 3001 3001 3003 3002 2999 3000 3006 3008 3007 3007 3009 3010 3011 3011 3006 3004 3005 3007 3010 3013 3017 3020 3022 3023 3015 3009 3011 3013 3016 3019 3028 3038 3052 3066 3073 3081
3014 3018 3023 3020 3017 3019 3021 3023 3026 3028 3030 3031 3031 3027 3023 3020 3018 3020 3023 3022 3019 3023 3030 3026 3017 3011 3006 3003 3000 3001 3004 3004 2999 3000 3005 3007 3006 3005 3006 3007 3009 3010 3008 3008 3010 3012 3011 3013 3019 3023 3021 3018 3010 3005 3009 3012 3014 3016 3026 3035 3047 3058 3068 3077
3015 3019 3023 3021 3019 3023 3027 3025 3023 3023 3024 3025 3025 3022 3018 3018 3020 3021 3021 3020 3019 3025 3035 3030 3016 3008 3005 3001 2998 3001 3009 3009 3000 2997 3003 3005 3003 3002 3003 3004 3007 3010 3015 3018 3019 3019 3017 3016 3018 3019 3014 3009 3002 2996 3005 3013 3011 3011 3021 3030 3037 3045 3056 3067
3015 3018 3022 3021 3020 3022 3024 3022 3019 3018 3018 3021 3024 3024 3024 3024 3026 3025 3024 3023 3022 3028 3038 3031 3017 3008 3004 3001 3000 3003 3010 3009 3000 2998 3003 3004 3001 3001 3003 3005 3005 3007 3012 3016 3022 3024 3020 3017 3017 3015 3010 3005 3002 3000 3007 3013 3011 3011 3017 3024 3032 3039 3050 3061
3013 3016 3019 3019 3018 3016 3014 3014 3015 3014 3012 3018 3026 3032 3037 3037 3034 3032 3031 3030 3028 3032 3037 3031 3019 3010 3004 3003 3005 3006 3007 3005 3001 3001 3005 3005 3001 3001 3007 3008 3004 3001 3001 3006 3019 3027 3021 3016 3015 3013 3008 3004 3009 3014 3014 3014 3014 3013 3015 3017 3029 3040 3049 3058
3015 3016 3016 3017 3018 3014 3009 3010 3012 3010 3008 3017 3028 3036 3043 3042 3039 3036 3033 3033 3034 3036 3037 3031 3020 3012 3005 3003 3005 3005 3003 3003 3004 3005 3008 3007 3001 3001 3008 3011 3007 3003 3002 3005 3018 3025 3019 3014 3011 3009 3006 3005 3012 3018 3016 3014 3015 3015 3016 3017 3027 3037 3046 3055
3021 3017 3013 3015 3018 3013 3008 3008 3009 3008 3006 3017 3030 3037 3042 3042 3041 3036 3030 3033 3040 3040 3037 3030 3020 3013 3006 3003 3002 3000 2998 3001 3008 3012 3011 3009 3004 3003 3009 3013 3015 3015 3012 3012 3017 3019 3014 3010 3006 3004 3005 3007 3010 3012 3014 3015 3015 3016 3019 3022 3027 3031 3042 3053
3022 3017 3012 3014 3016 3013 3009 3009 3009 3008 3006 3019 3033 3039 3042 3042 3041 3037 3031 3035 3042 3041 3037 3029 3020 3012 3006 3003 3001 3000 3000 3004 3010 3012 3011 3008 3005 3004 3007 3011 3014 3016 3016 3015 3015 3015 3011 3008 3005 3003 3005 3008 3010 3012 3014 3015 3015 3015 3019 3023 3026 3029 3039 3049
3018 3016 3014 3014 3014 3013 3012 3012 3012 3010 3008 3022 3038 3042 3043 3042 3040 3039 3038 3039 3040 3039 3037 3029 3018 3011 3006 3003 3002 3004 3009 3010 3008 3007 3005 3005 3005 3005 3004 3004 3005 3007 3011 3014 3014 3014 3011 3009 3007 3006 3007 3008 3014 3018 3016 3014 3014 3013 3016 3019 3025 3030 3037 3044
3014 3014 3015 3013 3012 3013 3014 3013 3012 3012 3013 3024 3036 3040 3040 3040 3040 3040 3041 3041 3040 3038 3035 3027 3017 3011 3007 3005 3004 3007 3012 3012 3008 3005 3003 3003 3006 3006 3003 3001 3001 3003 3008 3012 3015 3016 3012 3009 3008 3007 3008 3010 3016 3021 3017 3013 3012 3012 3014 3017 3024 3031 3036 3040
3010 3012 3014 3013 3012 3013 3015 3012 3008 3014 3021 3025 3027 3030 3033 3037 3042 3042 3040 3040 3042 3038 3030 3023 3016 3013 3011 3009 3008 3008 3009 3010 3010 3008 3003 3002 3007 3008 3004 3003 3005 3006 3007 3011 3019 3023 3016 3010 3007 3006 3010 3014 3018 3020 3016 3012 3011 3010 3015 3019 3024 3030 3034 3039
3009 3012 3014 3013 3011 3012 3012 3010 3006 3014 3023 3023 3020 3023 3027 3032 3039 3039 3038 3040 3043 3038 3029 3021 3015 3011 3009 3008 3008 3007 3005 3005 3009 3008 3003 3003 3007 3009 3006 3004 3005 3006 3007 3011 3020 3025 3018 3012 3007 3005 3011 3015 3016 3017 3014 3012 3010 3009 3016 3022 3022 3023 3030 3038
3011 3014 3018 3014 3009 3008 3007 3006 3006 3011 3017 3017 3017 3019 3023 3025 3027 3031 3035 3040 3044 3040 3031 3022 3012 3005 3000 3000 3003 3002 2998 2999 3004 3006 3003 3004 3007 3009 3007 3004 2999 2998 3006 3013 3018 3021 3019 3016 3009 3004 3009 3013 3012 3011 3011 3011 3010 3009 3018 3026 3016 3007 3023 3039
3012 3016 3019 3015 3011 3008 3006 3005 3005 3008 3011 3012 3013 3016 3020 3020 3019 3024 3032 3038 3044 3039 3029 3020 3010 3003 2997 2996 2999 2998 2994 2996 3002 3005 3004 3005 3007 3008 3008 3005 2997 2996 3007 3015 3016 3018 3019 3018 3010 3005 3008 3010 3008 3008 3011 3013 3012 3012 3020 3027 3013 3001 3021 3040
3011 3015 3019 3017 3016 3014 3012 3008 3004 3005 3007 3008 3008 3013 3020 3019 3017 3021 3026 3035 3044 3036 3020 3013 3010 3006 3001 2998 2997 2996 2995 2998 3004 3006 3006 3006 3007 3008 3008 3007 3002 3002 3011 3017 3017 3017 3016 3015 3011 3008 3007 3006 3007 3009 3014 3019 3019 3018 3020 3021 3015 3011 3027 3044
3009 3013 3016 3016 3017 3015 3014 3009 3003 3004 3007 3008 3008 3012 3017 3017 3016 3018 3021 3030 3041 3033 3017 3011 3011 3009 3005 3002 2998 2997 2997 3000 3005 3007 3007 3008 3008 3008 3008 3007 3005 3005 3012 3017 3018 3017 3015 3013 3012 3010 3008 3007 3008 3010 3016 3022 3023 3024 3020 3016 3018 3019 3034 3048
3004 3007 3010 3009 3007 3008 3008 3005 3002 3007 3013 3015 3017 3014 3011 3012 3015 3016 3018 3024 3031 3030 3023 3019 3017 3014 3011 3008 3005 3002 2999 3000 3005 3008 3009 3009 3010 3010 3007 3005 3004 3005 3010 3015 3017 3017 3015 3013 3012 3011 3015 3017 3015 3013 3016 3018 3024 3028 3021 3015 3020 3026 3041 3055
3002 3003 3004 3003 3002 3002 3003 3003 3002 3008 3014 3017 3020 3015 3008 3009 3013 3014 3014 3018 3025 3027 3026 3023 3019 3015 3012 3009 3007 3004 3000 3001 3005 3008 3008 3010 3011 3010 3005 3003 3004 3006 3010 3013 3014 3014 3014 3014 3013 3014 3020 3025 3020 3016 3016 3018 3024 3029 3023 3017 3027 3037 3048 3060
3006 3002 2997 3000 3003 3002 3000 3002 3005 3006 3007 3009 3010 3010 3010 3010 3010 3010 3009 3016 3026 3025 3018 3015 3013 3010 3005 3002 3002 3002 3003 3004 3005 3006 3005 3006 3009 3008 3002 3000 3005 3010 3011 3011 3006 3005 3010 3015 3018 3021 3025 3027 3022 3019 3021 3023 3024 3026 3026 3028 3042 3056 3057 3058
3010 3002 2995 3000 3006 3003 2998 3002 3007 3005 3001 3002 3003 3007 3012 3010 3007 3006 3007 3015 3025 3023 3014 3011 3010 3006 3001 2998 2998 3001 3005 3006 3005 3005 3004 3005 3008 3007 2999 2998 3006 3011 3011 3009 3002 2999 3008 3015 3020 3025 3026 3026 3023 3020 3023 3025 3024 3025 3032 3040 3055 3069 3064 3060
3012 3007 3002 3007 3012 3006 2998 3004 3011 3005 2998 2997 2998 3004 3012 3009 3004 3005 3009 3015 3023 3022 3016 3013 3012 3009 3005 3002 3000 3002 3007 3009 3006 3005 3007 3008 3009 3007 3001 3000 3005 3007 3005 3004 3003 3004 3010 3015 3017 3019 3019 3018 3019 3020 3019 3018 3023 3028 3043 3057 3063 3069 3069 3070
3012 3011 3009 3013 3018 3009 2999 3004 3011 3005 2997 2995 2995 3002 3010 3008 3003 3006 3011 3016 3021 3022 3019 3017 3014 3011 3008 3005 3001 3003 3008 3009 3007 3007 3009 3009 3008 3006 3003 3003 3005 3006 3003 3002 3005 3008 3010 3012 3013 3014 3014 3015 3019 3022 3019 3017 3025 3033 3054 3073 3071 3070 3074 3078
3011 3011 3010 3016 3021 3012 3002 3003 3006 3004 3002 2999 2996 2998 3002 3006 3010 3011 3012 3016 3022 3025 3025 3022 3018 3013 3007 3003 3000 3000 3003 3005 3007 3009 3009 3008 3003 3001 3006 3009 3011 3012 3010 3009 3012 3013 3008 3005 3009 3014 3019 3024 3028 3031 3032 3034 3037 3042 3064 3084 3078 3072 3078 3084
3010 3011 3012 3016 3021 3014 3006 3003 3001 3003 3006 3004 3000 2999 2998 3006 3016 3016 3012 3016 3023 3026 3029 3026 3020 3014 3007 3003 3000 3000 3001 3004 3008 3010 3010 3006 2999 2999 3007 3013 3014 3015 3015 3015 3017 3016 3007 3001 3008 3015 3025 3033 3035 3038 3043 3048 3048 3051 3071 3090 3082 3074 3082 3090
3013 3011 3010 3011 3011 3011 3011 3005 2999 3001 3004 3008 3014 3012 3009 3012 3018 3014 3008 3012 3021 3025 3026 3022 3016 3013 3012 3010 3008 3008 3009 3010 3012 3011 3008 3005 3001 3002 3007 3010 3012 3013 3015 3016 3016 3015 3013 3013 3019 3024 3033 3040 3039 3039 3047 3054 3055 3057 3070 3081 3078 3075 3087 3099
3015 3011 3007 3005 3003 3009 3014 3007 2999 3000 3002 3011 3022 3021 3016 3016 3018 3013 3005 3011 3021 3024 3024 3019 3012 3011 3015 3015 3013 3013 3014 3014 3014 3011 3007 3004 3004 3005 3007 3009 3009 3010 3014 3017 3015 3016 3021 3026 3029 3034 3042 3047 3044 3042 3051 3059 3060 3063 3068 3073 3074 3075 3088 3101
3014 3004 2995 2999 3004 3008 3012 3009 3005 3004 3004 3007 3011 3010 3009 3009 3010 3010 3009 3015 3024 3026 3025 3019 3010 3008 3009 3008 3004 3005 3008 3008 3007 3006 3005 3006 3008 3009 3010 3009 3006 3006 3009 3014 3021 3027 3033 3038 3041 3044 3049 3054 3054 3054 3057 3061 3065 3068 3069 3070 3069 3068 3071 3074
3013 3000 2986 2996 3005 3008 3011 3011 3011 3009 3006 3004 3002 3002 3003 3004 3004 3008 3013 3019 3026 3027 3025 3018 3009 3005 3005 3003 2998 2998 3002 3004 3002 3002 3004 3007 3010 3012 3012 3010 3005 3003 3008 3015 3028 3039 3046 3051 3051 3053 3057 3060 3062 3064 3063 3063 3068 3072 3069 3066 3065 3064 3058 3053
3012 3005 2999 3002 3005 3009 3012 3011 3009 3010 3011 3008 3005 3005 3005 3007 3010 3013 3015 3018 3019 3019 3018 3014 3008 3007 3008 3006 3002 3001 3000 3002 3007 3009 3009 3009 3006 3007 3011 3013 3011 3014 3024 3034 3043 3051 3056 3059 3057 3057 3061 3064 3064 3064 3065 3066 3067 3068 3064 3061 3068 3074 3065 3056
3011 3011 3011 3008 3005 3009 3013 3011 3009 3011 3014 3012 3009 3008 3008 3011 3015 3017 3018 3017 3014 3014 3014 3012 3010 3009 3010 3009 3007 3003 2999 3002 3011 3015 3014 3010 3004 3003 3010 3016 3018 3025 3039 3051 3057 3063 3065 3066 3062 3060 3065 3068 3066 3065 3068 3069 3067 3065 3061 3058 3071 3082 3071 3060
3013 3017 3021 3014 3007 3010 3013 3013 3013 3012 3012 3016 3020 3017 3013 3016 3020 3022 3022 3021 3019 3019 3019 3020 3022 3019 3015 3012 3011 3008 3004 3005 3013 3016 3015 3013 3010 3011 3018 3025 3031 3038 3048 3058 3065 3070 3066 3064 3064 3064 3066 3067 3070 3072 3073 3074 3074 3074 3072 3070 3078 3084 3074 3064
3013 3021 3030 3020 3009 3011 3013 3015 3016 3014 3010 3019 3029 3025 3018 3020 3025 3026 3027 3026 3024 3024 3025 3028 3032 3028 3019 3015 3015 3012 3007 3009 3015 3018 3016 3015 3016 3019 3026 3033 3043 3051 3057 3064 3072 3076 3068 3063 3066 3068 3067 3068 3073 3078 3078 3077 3080 3083 3082 3081 3084 3086 3078 3069
3002 3015 3028 3020 3011 3010 3009 3015 3022 3016 3008 3013 3021 3024 3024 3025 3026 3029 3033 3032 3029 3029 3030 3032 3033 3026 3014 3011 3013 3012 3008 3009 3015 3017 3015 3015 3020 3026 3033 3041 3051 3058 3061 3065 3072 3074 3067 3062 3064 3066 3069 3071 3070 3069 3074 3078 3080 3082 3081 3081 3081 3082 3083 3084
2993 3010 3026 3020 3013 3009 3006 3016 3027 3018 3007 3009 3014 3022 3030 3030 3027 3031 3037 3037 3034 3033 3034 3034 3034 3025 3010 3007 3012 3012 3010 3010 3015 3016 3014 3016 3024 3032 3041 3049 3059 3065 3065 3067 3071 3073 3067 3062 3063 3065 3071 3074 3066 3062 3071 3079 3080 3081 3080 3080 3079 3078 3088 3097
3009 3015 3021 3014 3007 3009 3012 3015 3019 3017 3015 3014 3014 3019 3025 3025 3024 3025 3027 3029 3030 3028 3026 3026 3028 3024 3015 3012 3013 3013 3011 3013 3018 3021 3024 3029 3037 3045 3050 3056 3061 3065 3067 3069 3069 3068 3065 3063 3066 3067 3066 3065 3064 3064 3069 3074 3078 3081 3080 3080 3080 3081 3086 3091
3024 3020 3015 3008 3002 3009 3018 3015 3011 3016 3023 3020 3015 3017 3020 3020 3020 3019 3017 3020 3025 3023 3018 3019 3023 3023 3019 3017 3014 3013 3013 3016 3021 3026 3033 3041 3050 3056 3060 3062 3063 3065 3069 3071 3066 3063 3063 3064 3068 3070 3062 3057 3063 3067 3068 3069 3075 3081 3080 3079 3081 3084 3084 3085
3022 3019 3015 3013 3011 3014 3018 3015 3012 3013 3014 3013 3013 3011 3009 3011 3014 3015 3016 3020 3024 3024 3021 3021 3022 3021 3020 3017 3012 3013 3016 3020 3023 3028 3033 3037 3040 3045 3054 3060 3063 3065 3068 3070 3071 3072 3071 3070 3066 3063 3064 3065 3070 3073 3073 3074 3075 3077 3073 3071 3075 3078 3081 3083
3020 3018 3015 3017 3020 3019 3017 3015 3013 3009 3005 3007 3010 3005 2999 3002 3007 3012 3015 3019 3023 3024 3025 3023 3020 3019 3020 3017 3011 3012 3019 3024 3026 3029 3032 3033 3030 3035 3049 3059 3063 3066 3067 3069 3076 3081 3080 3076 3064 3056 3065 3074 3077 3079 3079 3079 3076 3072 3067 3062 3068 3073 3078 3082
