3085 3070 3090 3069 3063 3051 3057 3053 3061 3067 3062 3064 3042 3055 3067 3067 3049 3043 3039 3047 3053 3047 3036 3044 3056 3057 3041 3037 3042 3030 3038 3035 3038 3029 3045 3033 3030 3031 3019 3002 3014 3026 3032 3029 3023 3023 3026 3029 3030 3029 3044 3038 3036 3036 3056 3050 3044 3047 3046 3035 3053 3050 3045 3031
3060 3067 3077 3078 3055 3050 3055 3065 3053 3062 3067 3057 3049 3039 3062 3052 3048 3037 3043 3061 3032 3051 3038 3041 3049 3062 3034 3037 3049 3051 3057 3046 3048 3034 3036 3029 3029 3023 3041 3036 3034 3027 3038 3037 3033 3037 3030 3039 3025 3035 3037 3044 3043 3048 3053 3042 3046 3039 3049 3042 3050 3044 3054 3045
3057 3062 3062 3065 3057 3046 3058 3050 3050 3066 3053 3059 3067 3055 3056 3044 3040 3040 3056 3051 3044 3031 3039 3037 3046 3038 3045 3048 3063 3044 3052 3046 3057 3048 3022 3035 3038 3038 3051 3036 3049 3042 3036 3033 3041 3026 3016 3040 3025 3035 3019 3036 3049 3033 3038 3062 3040 3051 3047 3046 3051 3042 3058 3068
3072 3067 3056 3056 3046 3039 3053 3048 3046 3061 3050 3057 3047 3041 3057 3040 3042 3054 3051 3050 3051 3043 3040 3040 3049 3052 3044 3052 3056 3056 3068 3068 3059 3048 3018 3040 3034 3021 3044 3038 3032 3036 3034 3031 3036 3021 3029 3032 3032 3016 3026 3034 3034 3036 3052 3048 3057 3053 3066 3064 3057 3040 3049 3060
3065 3064 3043 3056 3056 3041 3034 3042 3045 3053 3055 3049 3043 3040 3043 3057 3049 3026 3028 3041 3047 3057 3043 3045 3059 3055 3053 3066 3071 3076 3058 3055 3055 3044 3034 3022 3019 3021 3033 3027 3042 3029 3025 3020 3022 3017 3031 3027 3027 3031 3027 3026 3043 3047 3050 3071 3055 3052 3062 3056 3057 3043 3053 3064
3069 3051 3046 3053 3050 3054 3045 3044 3041 3048 3044 3047 3048 3058 3048 3046 3057 3046 3037 3045 3047 3046 3047 3045 3034 3039 3054 3042 3064 3062 3067 3053 3048 3047 3041 3025 3024 3029 3022 3041 3024 3030 3024 3028 3021 3023 3035 3034 3030 3040 3025 3035 3033 3039 3055 3058 3046 3053 3058 3046 3057 3054 3048 3065
3060 3044 3037 3051 3042 3034 3046 3045 3037 3049 3052 3056 3058 3062 3035 3052 3053 3051 3052 3052 3058 3036 3053 3045 3031 3031 3040 3039 3047 3062 3062 3050 3047 3049 3036 3034 3026 3028 3029 3003 3011 3031 3017 3018 3026 3038 3026 3035 3030 3037 3033 3029 3040 3048 3037 3040 3043 3052 3045 3038 3049 3054 3043 3052
3034 3042 3024 3024 3017 3020 3020 3029 3018 3026 3022 3029 3042 3032 3030 3032 3036 3032 3025 3024 3038 3021 3030 3043 3033 3026 3016 3027 3029 3038 3047 3060 3052 3047 3030 3033 3020 3015 3009 3011 3023 3017 3008 3016 3015 3006 3028 3018 3051 3028 3034 3032 3023 3034 3039 3043 3048 3044 3041 3050 3034 3044 3058 3046
2999 3008 2994 2996 2986 2991 2990 2994 2985 3000 3009 3018 3005 2999 3016 2994 3024 3004 3006 3008 3020 3022 3002 3022 3014 2995 3002 3005 3024 3036 3058 3067 3070 3045 3032 3012 3018 3021 3031 3027 3011 3016 3002 3016 3004 3006 3015 3021 3024 3028 3019 3035 3020 3027 3042 3045 3058 3054 3053 3070 3054 3047 3055 3054
2976 2999 2985 2982 2982 2985 2988 2987 3005 3009 2991 3013 2999 2994 3001 3004 3013 3000 3007 3016 3009 3016 3004 3013 2997 2996 2988 3008 3008 3049 3055 3074 3081 3067 3054 3026 3020 3015 3009 3000 3012 3009 3012 3016 3026 3030 3045 3033 3029 3047 3026 3029 3022 3021 3043 3033 3042 3049 3053 3061 3050 3058 3054 3066
2975 2976 2980 2993 2990 2993 2995 2997 3014 3016 3014 2996 2989 3000 3003 2999 3012 3005 3026 3030 3023 3010 3005 3015 3010 2998 3003 2997 3017 3038 3082 3078 3069 3058 3061 3041 3016 3017 3006 3015 3004 3017 3031 3031 3040 3038 3055 3047 3037 3044 3035 3034 3036 3034 3046 3032 3051 3038 3048 3069 3065 3064 3073 3065
2978 2984 2987 2990 2992 2998 2989 3010 3018 3015 3006 3005 3002 2998 3001 3007 2999 3000 3022 3023 3031 3033 3009 3015 3014 3013 2998 3015 3025 3044 3065 3077 3076 3070 3055 3038 3025 2996 3011 3018 3014 3007 3023 3038 3055 3070 3073 3067 3043 3040 3034 3034 3044 3031 3038 3033 3040 3044 3047 3055 3056 3067 3064 3065
2990 2981 2998 2992 2987 2989 3000 3003 3007 3014 3010 3005 3004 3002 2996 3007 2992 3002 3037 3045 3069 3045 3041 3022 3018 3013 3018 3012 3018 3046 3074 3072 3084 3091 3074 3054 3020 3017 3022 3020 3010 3012 3030 3043 3067 3074 3078 3064 3057 3033 3028 3028 3031 3032 3033 3045 3035 3049 3036 3050 3068 3073 3081 3077
2976 2987 3007 2991 2993 2996 2995 2999 2997 2998 2998 3000 3006 3007 3002 3006 2988 3018 3038 3051 3057 3052 3045 3025 3014 3007 3012 3009 3023 3039 3065 3078 3094 3070 3072 3061 3037 3018 3000 3021 3010 3025 3044 3042 3065 3083 3089 3072 3053 3035 3045 3012 3038 3030 3028 3038 3037 3045 3059 3052 3067 3073 3090 3067
2978 2987 2987 2996 3005 2990 2989 2990 3004 2985 3009 3008 2995 3004 3011 2985 2998 3019 3062 3067 3068 3045 3046 3034 3029 3006 2988 3012 3025 3031 3071 3070 3073 3074 3067 3056 3047 3025 3021 3011 3015 3028 3030 3053 3060 3080 3072 3079 3074 3042 3044 3026 3032 3012 3035 3033 3044 3047 3054 3055 3065 3069 3068 3094
3000 3004 3007 3001 3000 3004 3006 3005 3012 2996 3018 3000 3002 3006 3013 3008 3007 3030 3050 3067 3078 3060 3051 3052 3031 3033 3014 3012 3028 3026 3056 3067 3085 3079 3072 3076 3035 3032 3016 3010 3016 3003 3038 3047 3064 3068 3071 3073 3072 3056 3036 3002 3010 3019 3013 3014 3034 3052 3057 3069 3069 3069 3077 3087
3014 3017 3026 3004 3002 3023 3030 3025 3003 3003 3027 3012 3015 3009 3015 3015 3012 3029 3039 3061 3061 3073 3061 3048 3045 3022 3022 3027 3022 3030 3065 3064 3078 3076 3065 3055 3052 3032 3020 3008 3011 3015 3022 3058 3070 3068 3081 3086 3055 3045 3028 3014 3023 3013 3008 3007 3030 3064 3056 3059 3057 3074 3078 3081
3028 3006 3023 3003 2995 3025 3027 3026 3026 3012 3007 3006 3000 3003 3000 3014 3026 3039 3041 3053 3065 3062 3064 3063 3049 3032 3017 3009 3017 3032 3054 3068 3075 3087 3058 3061 3043 3036 3013 3017 3024 3015 3038 3043 3054 3074 3079 3083 3070 3043 3027 3016 3015 3021 3011 3012 3031 3036 3041 3049 3061 3070 3069 3087
3005 3018 3011 3020 3015 3013 3023 3013 3006 3034 3008 3002 2988 3002 3002 3011 3022 3028 3034 3072 3074 3066 3068 3058 3036 3022 3011 3014 3006 3024 3039 3054 3065 3084 3080 3054 3038 3032 3021 3005 3004 3013 3029 3035 3065 3080 3081 3080 3060 3046 3034 3025 3017 3020 3020 3015 3033 3026 3032 3046 3061 3059 3074 3074
3008 3018 3017 3021 3008 2998 3013 3012 2998 3005 3017 3017 3000 3000 3002 3013 3004 3011 3036 3046 3073 3061 3074 3058 3040 3021 3026 3014 3019 3033 3050 3062 3084 3080 3080 3076 3050 3040 3020 3000 3010 3016 3024 3052 3061 3075 3080 3066 3054 3034 3026 3026 3020 3014 3017 3006 3019 3020 3033 3039 3048 3069 3068 3067
3017 3012 3022 3011 3015 3005 3015 3018 2999 3011 3012 3014 3009 3004 2998 3012 3006 3015 3039 3053 3074 3084 3086 3071 3049 3040 3031 3012 3036 3033 3049 3070 3077 3087 3084 3071 3060 3031 3023 3009 3003 3013 3028 3054 3062 3074 3090 3073 3051 3032 3025 3017 3020 3013 3019 3012 3011 3031 3026 3036 3036 3055 3060 3070
3034 3030 3012 3009 3006 3023 3015 3011 2996 3015 3017 3018 3014 3015 2997 3000 3003 3017 3035 3039 3081 3058 3082 3078 3075 3060 3022 3024 3037 3032 3044 3061 3073 3071 3078 3081 3056 3044 3022 3010 3008 3018 3046 3053 3077 3073 3067 3078 3058 3022 3023 3020 3016 3009 3020 3007 3011 2998 3022 3027 3046 3059 3043 3061
3018 3014 3009 3032 3010 3006 3023 3011 3021 3016 3030 3017 3015 3002 3017 3003 2999 3003 3027 3034 3078 3070 3071 3071 3064 3054 3037 3031 3019 3034 3050 3059 3068 3085 3080 3069 3053 3042 3032 3010 3007 3039 3056 3063 3082 3072 3081 3066 3052 3046 3026 3016 3017 2990 3005 3016 3012 2991 3025 3025 3036 3044 3066 3066
3017 3016 3015 3019 3025 3013 3005 3023 3015 3005 3015 3014 3016 3004 3007 3022 3025 3006 3015 3042 3055 3069 3067 3064 3079 3048 3045 3032 3027 3040 3052 3061 3066 3084 3084 3059 3051 3043 3013 3020 3024 3020 3050 3062 3076 3073 3072 3073 3049 3035 3033 3017 3016 3019 3011 3000 3012 3014 3031 3033 3038 3046 3057 3081
3023 3022 3016 3018 3018 3010 3028 3020 3015 3019 3011 3015 3013 3009 3016 3014 3004 3017 3018 3033 3049 3059 3074 3065 3073 3069 3061 3042 3038 3045 3041 3065 3067 3083 3080 3072 3058 3045 3034 3016 3024 3033 3050 3063 3073 3070 3080 3078 3061 3029 3022 3015 3005 3000 3015 3001 3015 3011 3023 3033 3031 3034 3055 3071
3037 3018 3011 3013 3031 3031 3015 3017 3016 2993 3006 3009 3018 3019 3024 3009 3012 3023 3023 3033 3036 3058 3061 3078 3083 3075 3048 3044 3050 3033 3050 3063 3069 3089 3070 3071 3058 3049 3033 3026 3025 3033 3058 3069 3082 3076 3074 3082 3053 3035 3024 3032 3028 3017 3012 3012 3008 3013 3029 3031 3036 3047 3049 3064
3021 3014 3032 3026 3026 3015 3020 3032 3036 3023 3001 3012 3004 2998 3012 3008 3015 3017 3004 3027 3054 3050 3081 3085 3059 3082 3061 3048 3043 3030 3045 3064 3088 3071 3075 3068 3061 3049 3034 3033 3025 3044 3052 3075 3074 3070 3082 3073 3039 3040 3030 3010 3010 3012 2999 3015 3014 3008 3023 3008 3025 3029 3056 3072
3015 3019 3017 3028 3026 3020 3015 3018 3037 3032 3026 3005 3001 3013 3022 3012 3029 3012 3014 3031 3042 3060 3071 3092 3089 3075 3070 3060 3039 3033 3048 3058 3071 3065 3074 3073 3062 3044 3039 3037 3046 3041 3067 3069 3076 3086 3079 3078 3046 3035 3032 3015 3014 3008 3012 3004 3010 3007 3004 3010 3003 3015 3035 3068
3021 3024 3014 3033 3027 3014 3021 3033 3044 3029 3004 3016 3010 3013 3018 3024 3010 3023 3022 3032 3041 3046 3068 3060 3077 3076 3069 3046 3055 3046 3066 3060 3075 3083 3090 3076 3063 3024 3014 3026 3046 3063 3071 3084 3089 3080 3066 3060 3039 3017 3026 3012 3013 3001 3002 3008 3010 3007 3005 2999 3020 3024 3041 3066
3020 3021 3008 3030 3021 3028 3027 3030 3039 3035 3023 3005 3009 3023 3006 3013 3001 3019 3021 3031 3033 3044 3059 3059 3085 3087 3073 3053 3052 3048 3052 3059 3087 3085 3091 3085 3049 3038 3043 3034 3046 3055 3064 3091 3087 3082 3064 3052 3034 3032 3025 3009 2999 3005 3013 3014 3002 2997 3014 3004 3017 3008 3030 3065
3025 3035 3015 3036 3046 3041 3041 3035 3060 3037 3008 3006 3005 3001 3020 3020 3015 3017 3024 3009 3015 3044 3053 3055 3074 3075 3077 3060 3055 3042 3055 3053 3085 3081 3089 3089 3069 3058 3038 3034 3063 3053 3077 3082 3071 3082 3069 3063 3050 3022 3010 3015 3004 3007 3010 3013 3022 3014 3022 3023 3008 3014 3033 3050
3023 3017 3028 3041 3039 3048 3041 3050 3057 3046 3025 3025 3015 3007 3000 3032 3018 3018 3013 3020 3010 3027 3042 3064 3089 3079 3072 3069 3064 3054 3049 3063 3083 3082 3076 3091 3060 3062 3057 3050 3071 3061 3089 3092 3084 3075 3052 3051 3033 3020 3017 3022 3005 3017 3005 3005 3015 2999 3016 3019 3014 3008 3031 3055
3018 3011 3022 3028 3037 3045 3073 3065 3080 3067 3040 3032 3031 3013 3016 3013 3018 3011 3022 2997 3007 3023 3030 3052 3081 3086 3076 3069 3066 3069 3071 3066 3072 3074 3081 3072 3088 3077 3065 3069 3082 3084 3089 3087 3081 3065 3059 3036 3016 3015 3010 3021 3018 3024 3014 3020 3020 3002 3015 3035 3030 3028 3036 3048
3006 3010 3023 3019 3042 3067 3074 3075 3080 3077 3053 3057 3046 3024 3019 3014 3002 3019 3011 3013 2986 3023 3015 3051 3077 3087 3082 3083 3082 3077 3063 3077 3071 3078 3084 3085 3083 3071 3071 3078 3086 3075 3083 3096 3071 3077 3049 3045 3024 3003 3019 3016 3016 3017 3009 3008 3013 3019 3025 3029 3026 3045 3041 3056
3035 3033 3023 3022 3025 3068 3064 3083 3077 3073 3064 3063 3051 3041 3022 3017 3012 3008 3021 3005 3022 3015 3018 3039 3079 3096 3074 3082 3079 3076 3064 3073 3088 3077 3083 3079 3085 3079 3085 3083 3084 3068 3073 3084 3083 3075 3050 3029 3026 3019 3007 3003 3006 3009 3016 3029 3023 3005 3025 3031 3048 3048 3052 3058
3013 3024 3019 3030 3024 3039 3058 3051 3075 3072 3081 3069 3060 3057 3028 3024 3015 3020 3022 3016 3025 3014 3017 3042 3074 3089 3075 3080 3079 3085 3087 3086 3082 3083 3085 3091 3081 3085 3078 3080 3075 3083 3076 3071 3081 3078 3055 3020 3005 3012 3019 2998 2998 3019 3000 2999 3015 3006 3026 3040 3053 3052 3061 3072
3024 3014 3020 3015 3025 3031 3053 3041 3075 3069 3069 3054 3057 3063 3044 3047 3038 3031 3018 3012 3017 3020 3033 3048 3077 3066 3074 3085 3090 3074 3077 3092 3090 3094 3094 3075 3089 3092 3082 3069 3094 3083 3081 3083 3087 3065 3042 3010 3011 3017 3016 3034 3011 3017 3012 3003 3010 3023 3037 3058 3059 3064 3069 3063
3011 3017 3016 3008 3008 3016 3037 3048 3046 3069 3069 3078 3080 3067 3061 3062 3051 3054 3027 3046 3031 3024 3055 3053 3069 3082 3084 3085 3086 3090 3085 3081 3096 3095 3108 3084 3083 3091 3072 3076 3078 3087 3073 3079 3085 3075 3048 3026 3016 3016 3015 3004 3021 3019 3015 3017 3018 3035 3050 3071 3083 3081 3079 3069
3017 3006 3019 3011 3005 3011 3018 3031 3033 3043 3056 3070 3075 3079 3069 3071 3062 3058 3058 3040 3047 3040 3060 3061 3079 3095 3079 3083 3086 3093 3080 3101 3093 3085 3089 3081 3100 3079 3083 3085 3080 3070 3077 3092 3087 3074 3048 3032 3018 3014 3011 3006 3021 3032 3030 3040 3052 3046 3067 3070 3073 3072 3078 3088
3004 3002 3001 2996 3003 3012 3018 3021 3040 3034 3054 3064 3072 3073 3072 3067 3074 3089 3071 3060 3056 3062 3064 3079 3080 3079 3090 3088 3088 3095 3094 3089 3081 3076 3086 3076 3076 3080 3081 3081 3084 3090 3089 3090 3085 3076 3061 3048 3017 3017 3004 3026 3026 3024 3042 3055 3060 3071 3089 3078 3089 3076 3088 3081
3007 3003 3010 2991 3011 3011 3012 3018 3013 3040 3028 3037 3046 3063 3063 3078 3078 3081 3074 3079 3062 3062 3060 3071 3072 3087 3081 3078 3085 3096 3080 3091 3101 3089 3097 3085 3088 3085 3096 3087 3083 3099 3091 3093 3078 3084 3060 3044 3038 3031 3027 3033 3047 3059 3052 3068 3074 3065 3072 3095 3080 3080 3081 3099
3004 2992 3005 3007 2984 3009 3004 3005 3012 3018 3024 3020 3036 3032 3060 3062 3082 3073 3075 3084 3075 3081 3085 3089 3082 3093 3087 3086 3072 3100 3085 3077 3096 3099 3099 3088 3083 3086 3082 3085 3095 3085 3090 3101 3088 3095 3075 3039 3045 3035 3054 3042 3046 3055 3074 3078 3076 3075 3072 3083 3093 3080 3089 3089
3013 3017 3012 3005 3005 3001 3004 3024 3009 3013 3029 3010 3021 3036 3034 3062 3061 3074 3063 3071 3081 3088 3074 3087 3087 3090 3074 3088 3089 3100 3082 3099 3097 3084 3084 3075 3095 3080 3081 3064 3090 3083 3099 3102 3087 3092 3083 3054 3054 3046 3063 3051 3070 3076 3081 3079 3080 3074 3086 3080 3077 3076 3089 3089
3014 3012 3015 3011 3011 3012 3001 3013 3005 3022 3010 3022 3020 3006 3034 3033 3048 3064 3057 3083 3077 3073 3081 3079 3087 3075 3080 3075 3094 3100 3101 3081 3084 3089 3082 3081 3093 3087 3087 3102 3074 3079 3089 3088 3085 3085 3078 3059 3062 3062 3066 3058 3084 3067 3073 3064 3082 3071 3080 3071 3076 3071 3071 3084
3022 3019 3010 3016 2999 3010 3019 3005 3018 3014 3005 3003 3007 3011 3024 3019 3037 3045 3071 3071 3084 3070 3074 3100 3088 3083 3081 3098 3086 3081 3094 3095 3090 3096 3089 3083 3080 3081 3095 3092 3081 3086 3104 3093 3082 3093 3081 3085 3080 3081 3084 3086 3079 3092 3082 3083 3080 3080 3061 3076 3089 3070 3082 3089
3012 3019 3005 3012 2999 3000 3019 3017 3002 3004 3011 2992 3002 3004 3007 3017 3011 3036 3053 3063 3072 3078 3076 3073 3063 3084 3088 3080 3096 3086 3080 3105 3091 3089 3097 3092 3079 3077 3099 3097 3091 3089 3087 3083 3080 3088 3088 3091 3091 3092 3079 3088 3080 3096 3070 3088 3082 3071 3068 3056 3069 3090 3092 3102
3009 2999 3016 3008 3003 2998 3028 3017 3017 3013 3008 3001 2990 3000 3024 3011 3009 3024 3043 3059 3070 3077 3061 3073 3091 3093 3093 3085 3097 3090 3090 3077 3100 3088 3097 3090 3068 3080 3082 3093 3101 3090 3088 3084 3085 3085 3087 3078 3075 3089 3069 3092 3091 3090 3095 3088 3086 3075 3081 3090 3069 3073 3083 3079
3004 3009 3015 3002 2997 3009 3010 2996 3014 2997 3017 2995 3001 2995 3010 2998 2995 3008 3032 3036 3056 3061 3078 3077 3082 3083 3084 3095 3094 3088 3086 3079 3087 3102 3105 3089 3086 3083 3090 3089 3089 3092 3093 3098 3092 3079 3088 3086 3077 3087 3098 3073 3080 3083 3088 3087 3071 3072 3071 3085 3085 3072 3086 3101
3001 3016 2999 2997 3011 3007 3012 3017 2998 2999 3019 3008 2998 2989 3006 3006 2998 3008 3023 3040 3067 3075 3066 3075 3083 3079 3078 3083 3089 3091 3090 3097 3105 3094 3099 3106 3090 3085 3096 3095 3096 3093 3095 3079 3091 3077 3091 3100 3086 3086 3096 3084 3083 3081 3088 3087 3081 3084 3082 3089 3086 3060 3077 3092
2999 3011 3004 3014 3010 3023 3018 3018 3003 3010 3002 2994 2990 3000 3011 3013 3014 3007 3004 3022 3058 3066 3082 3075 3079 3080 3066 3093 3087 3085 3094 3104 3095 3103 3103 3095 3099 3097 3094 3096 3089 3095 3089 3080 3080 3082 3102 3098 3104 3091 3087 3088 3085 3092 3080 3100 3083 3072 3085 3087 3081 3077 3096 3088
2997 3006 2998 2997 3009 3001 3016 3002 3022 3007 3007 3000 3004 2988 2993 3008 3015 3019 3011 3035 3047 3069 3084 3080 3084 3075 3082 3090 3087 3094 3092 3105 3089 3095 3096 3104 3109 3101 3089 3086 3085 3087 3094 3081 3096 3082 3077 3079 3086 3091 3090 3089 3086 3086 3084 3088 3077 3076 3080 3077 3085 3087 3080 3069
2985 3005 3020 3003 2994 2997 2996 3008 3004 3012 3018 3016 3005 2993 2992 3018 3006 3009 3021 3034 3057 3058 3075 3078 3084 3082 3088 3095 3076 3100 3087 3109 3084 3084 3091 3102 3106 3103 3087 3077 3080 3092 3086 3075 3105 3090 3085 3097 3089 3081 3088 3081 3098 3075 3083 3077 3070 3086 3076 3069 3071 3068 3084 3078
2995 3002 3002 3018 3005 3012 3008 3009 3027 3011 3000 3008 3019 3002 3006 3019 3003 3020 3001 3029 3044 3067 3078 3066 3069 3081 3082 3079 3096 3093 3084 3088 3082 3084 3077 3085 3085 3098 3072 3064 3085 3086 3084 3079 3093 3100 3078 3070 3086 3092 3083 3086 3082 3083 3078 3071 3077 3080 3076 3077 3079 3079 3083 3085
3001 2992 3000 3009 3006 3002 3018 3018 3015 3005 3008 3007 3016 3006 2997 3013 3024 3023 3018 3017 3039 3053 3062 3060 3070 3080 3064 3073 3088 3095 3091 3094 3075 3073 3094 3088 3088 3075 3083 3082 3081 3084 3082 3087 3084 3071 3080 3084 3079 3082 3080 3081 3074 3080 3080 3065 3081 3076 3077 3073 3061 3074 3080 3090
2996 3003 3014 3008 3007 2995 2996 3018 3009 3014 3008 3005 3001 2996 2992 2995 3009 3028 3026 3025 3026 3036 3073 3078 3077 3082 3063 3071 3088 3092 3086 3086 3094 3093 3084 3085 3084 3082 3079 3086 3078 3076 3081 3085 3090 3101 3074 3085 3080 3081 3084 3097 3092 3073 3072 3073 3066 3068 3074 3064 3064 3070 3073 3074
2997 3003 3009 3017 3000 3014 3007 3002 2999 3019 3004 3016 3003 3002 2990 3006 3005 3022 3023 3026 3016 3044 3061 3080 3088 3084 3071 3078 3078 3081 3094 3093 3099 3090 3096 3086 3084 3077 3084 3080 3078 3086 3101 3094 3089 3072 3072 3077 3078 3073 3088 3088 3091 3082 3067 3059 3082 3075 3069 3074 3071 3071 3089 3090
3006 3009 3005 3006 3000 3018 2994 3008 3006 3003 3011 3012 2997 2998 3004 3015 3029 3026 3017 3023 3022 3047 3071 3064 3082 3092 3080 3083 3089 3095 3087 3084 3098 3097 3097 3089 3074 3074 3085 3084 3087 3088 3081 3093 3088 3086 3077 3071 3082 3082 3092 3078 3085 3088 3060 3069 3072 3072 3073 3077 3075 3074 3082 3079
3027 3018 3022 3019 3013 3007 3009 3000 3010 3002 3007 3007 3002 3020 3017 3030 3003 3021 3028 3036 3044 3049 3079 3074 3086 3090 3089 3078 3091 3089 3091 3074 3092 3089 3095 3100 3092 3094 3080 3072 3078 3088 3090 3085 3075 3079 3067 3065 3080 3098 3084 3090 3080 3076 3073 3081 3079 3086 3073 3081 3074 3082 3084 3082
3015 3028 3009 3014 3012 3005 3005 3005 3002 3009 3011 3018 3005 3013 3021 3015 3018 3023 3017 3026 3056 3051 3084 3072 3086 3084 3077 3086 3087 3088 3087 3091 3090 3095 3086 3086 3098 3091 3085 3081 3090 3080 3092 3088 3076 3076 3067 3075 3074 3082 3088 3080 3074 3076 3080 3083 3072 3081 3069 3061 3074 3084 3092 3082
3012 3011 3009 3006 3013 3009 3014 3018 3018 3016 3027 3021 3020 3013 3017 3018 3017 3022 3021 3040 3057 3064 3082 3077 3078 3075 3077 3077 3076 3078 3080 3084 3100 3089 3074 3084 3088 3085 3094 3089 3075 3077 3070 3095 3085 3073 3090 3086 3070 3067 3083 3093 3098 3083 3081 3083 3085 3074 3074 3071 3079 3093 3083 3092
3020 3012 3012 3024 3029 3021 3016 3010 3018 3030 3019 3025 3014 3017 3013 3013 3025 3037 3021 3049 3058 3087 3089 3098 3093 3081 3077 3078 3077 3079 3095 3082 3097 3103 3078 3084 3093 3094 3077 3075 3089 3074 3086 3079 3086 3098 3093 3079 3076 3080 3087 3099 3087 3080 3065 3082 3072 3071 3076 3077 3075 3069 3077 3077
3027 3020 3001 3009 3013 3004 3015 3011 3009 3025 3027 3031 3023 3024 3021 3019 3034 3051 3055 3063 3092 3098 3102 3102 3081 3081 3080 3077 3090 3085 3087 3103 3108 3094 3087 3085 3092 3097 3098 3079 3091 3073 3093 3082 3080 3073 3078 3090 3083 3080 3081 3084 3089 3098 3086 3067 3067 3070 3078 3088 3078 3067 3074 3083
3009 3012 3013 3027 3010 3016 3013 3015 3014 3024 3025 3033 3015 3021 3026 3035 3050 3058 3072 3070 3070 3081 3084 3083 3097 3088 3083 3080 3085 3092 3108 3089 3104 3096 3097 3099 3078 3094 3084 3079 3073 3075 3077 3078 3084 3077 3079 3092 3077 3072 3088 3081 3091 3087 3094 3084 3079 3068 3079 3074 3079 3070 3062 3072
3009 3003 3040 3023 3010 3009 2999 3011 3016 3036 3035 3034 3025 3041 3048 3057 3067 3067 3058 3079 3067 3065 3069 3071 3093 3085 3075 3084 3097 3105 3101 3101 3095 3083 3097 3096 3067 3072 3082 3079 3065 3065 3074 3072 3081 3091 3079 3084 3075 3069 3071 3077 3087 3077 3092 3099 3082 3067 3074 3082 3083 3060 3076 3071
