3055 3055 3045 3047 3045 3039 3051 3047 3046 3052 3058 3073 3092 3099 3104 3094 3107 3091 3095 3103 3103 3094 3096 3079 3084 3086 3080 3090 3097 3077 3082 3091 3078 3088 3087 3077 3088 3092 3088 3095 3090 3101 3097 3099 3090 3087 3083 3097 3101 3084 3107 3104 3104 3100 3092 3075 3086 3096 3083 3104 3100 3094 3104 3082
3051 3043 3040 3043 3035 3038 3038 3046 3044 3067 3055 3078 3092 3091 3099 3117 3099 3097 3091 3087 3094 3090 3091 3074 3083 3074 3086 3079 3087 3074 3076 3086 3087 3099 3081 3090 3089 3090 3100 3105 3100 3101 3091 3099 3097 3095 3084 3091 3096 3093 3102 3102 3100 3103 3084 3080 3078 3100 3096 3076 3082 3103 3089 3104
3040 3050 3038 3050 3052 3039 3043 3052 3052 3059 3064 3075 3080 3097 3097 3093 3094 3093 3097 3082 3084 3084 3085 3081 3085 3080 3078 3079 3076 3089 3086 3086 3087 3092 3097 3097 3095 3102 3103 3105 3103 3103 3120 3102 3094 3102 3088 3086 3091 3091 3095 3103 3110 3099 3089 3103 3100 3089 3109 3086 3084 3091 3099 3104
3038 3047 3040 3040 3028 3027 3031 3040 3042 3049 3054 3069 3086 3102 3090 3103 3086 3084 3091 3103 3084 3080 3074 3080 3087 3087 3073 3072 3079 3089 3088 3097 3085 3090 3099 3086 3095 3087 3096 3098 3090 3105 3101 3102 3081 3083 3086 3102 3097 3095 3082 3083 3093 3095 3098 3095 3093 3103 3098 3079 3088 3091 3085 3095
3057 3042 3041 3034 3022 3039 3036 3028 3038 3040 3042 3058 3086 3093 3078 3095 3092 3089 3089 3090 3080 3076 3082 3076 3094 3079 3072 3059 3083 3086 3089 3086 3079 3104 3100 3103 3102 3101 3110 3104 3096 3099 3104 3091 3088 3082 3084 3094 3097 3089 3084 3085 3086 3108 3097 3096 3100 3091 3093 3090 3091 3089 3093 3095
3045 3033 3042 3031 3041 3028 3031 3033 3044 3032 3038 3069 3079 3079 3089 3087 3099 3088 3079 3087 3084 3081 3067 3070 3086 3071 3072 3070 3090 3090 3084 3089 3088 3099 3089 3093 3113 3097 3111 3095 3092 3096 3096 3081 3085 3082 3071 3090 3095 3085 3095 3068 3085 3096 3089 3092 3099 3087 3078 3093 3069 3092 3091 3089
3034 3034 3024 3039 3042 3032 3023 3024 3032 3045 3023 3047 3078 3058 3074 3079 3082 3081 3086 3084 3079 3069 3072 3068 3080 3086 3081 3065 3085 3083 3086 3084 3091 3091 3091 3093 3089 3104 3119 3090 3088 3101 3083 3072 3083 3084 3096 3099 3089 3115 3094 3091 3090 3100 3098 3105 3092 3086 3091 3091 3091 3100 3082 3085
3016 3008 2992 3004 3019 3002 3018 3001 2994 3002 3029 3031 3049 3051 3065 3062 3084 3071 3076 3066 3079 3070 3051 3069 3057 3065 3057 3076 3075 3067 3062 3074 3074 3079 3064 3085 3092 3099 3074 3090 3077 3075 3073 3078 3069 3071 3085 3088 3090 3105 3086 3090 3083 3089 3083 3087 3096 3077 3084 3088 3085 3082 3084 3079
2967 2946 2947 2953 2968 2972 2977 2968 2967 2996 3003 3006 3019 3042 3045 3047 3043 3039 3049 3053 3054 3056 3047 3056 3049 3057 3057 3065 3067 3058 3066 3060 3058 3072 3052 3076 3079 3071 3100 3089 3089 3080 3071 3060 3066 3054 3060 3075 3075 3080 3068 3089 3084 3084 3094 3093 3085 3092 3066 3064 3070 3069 3079 3078
2957 2959 2953 2965 2967 2969 2963 2972 2983 2996 2994 3005 3026 3027 3041 3038 3043 3050 3043 3029 3047 3051 3055 3051 3049 3058 3064 3060 3048 3050 3055 3057 3065 3057 3080 3077 3075 3085 3086 3081 3086 3076 3084 3073 3079 3068 3084 3079 3086 3078 3076 3083 3079 3082 3086 3078 3075 3072 3082 3089 3073 3073 3070 3074
2961 2964 2965 2963 2981 2967 2972 2969 2968 2978 2964 2986 3017 3021 3024 3055 3037 3037 3026 3031 3041 3046 3043 3049 3063 3068 3058 3049 3071 3072 3063 3078 3073 3084 3074 3067 3076 3068 3086 3084 3088 3083 3090 3091 3076 3093 3080 3075 3084 3104 3081 3096 3080 3082 3083 3082 3055 3072 3066 3078 3085 3083 3091 3072
2959 2968 2967 2971 2977 2975 2984 2970 2970 2990 2974 2988 3009 3018 3026 3039 3053 3045 3046 3046 3047 3056 3044 3035 3062 3065 3062 3049 3073 3072 3062 3068 3074 3068 3080 3073 3073 3076 3087 3098 3097 3085 3084 3095 3081 3070 3075 3077 3089 3097 3078 3090 3092 3086 3083 3082 3069 3098 3093 3089 3084 3090 3082 3083
2961 2977 2999 2982 2981 2976 2967 2971 2990 2984 2984 2983 3015 3019 3022 3048 3059 3049 3058 3052 3062 3058 3036 3050 3050 3061 3071 3059 3077 3081 3080 3074 3068 3071 3076 3079 3083 3075 3081 3102 3103 3085 3091 3092 3083 3064 3092 3093 3103 3093 3097 3077 3096 3098 3087 3093 3088 3093 3098 3087 3080 3069 3084 3093
2981 2977 2985 2985 2967 2971 2966 2965 2973 2978 2978 2989 3005 3017 3030 3046 3048 3057 3052 3048 3041 3048 3049 3048 3051 3051 3060 3063 3058 3049 3068 3071 3062 3078 3081 3076 3074 3074 3085 3078 3095 3086 3083 3079 3083 3092 3073 3098 3095 3089 3093 3083 3092 3086 3091 3081 3085 3101 3097 3095 3076 3077 3091 3097
2971 2991 2980 2969 2964 2971 2977 2958 2961 2975 2990 2991 2977 3007 3020 3053 3046 3051 3048 3047 3038 3033 3056 3059 3058 3058 3047 3068 3048 3058 3068 3067 3075 3077 3083 3088 3081 3087 3088 3090 3086 3091 3084 3101 3085 3084 3084 3085 3076 3067 3082 3091 3098 3093 3077 3074 3082 3109 3100 3082 3080 3088 3080 3081
2979 2987 2989 2979 2988 2979 2984 2968 2977 2989 3003 2995 2982 2995 3013 3034 3046 3055 3043 3043 3055 3056 3058 3059 3060 3048 3053 3047 3053 3047 3068 3059 3073 3078 3080 3084 3079 3082 3081 3076 3077 3092 3085 3087 3074 3087 3090 3081 3081 3079 3081 3079 3087 3075 3078 3083 3081 3095 3085 3086 3079 3086 3093 3090
2999 3003 2982 2997 3001 2993 2991 2995 2993 2995 2997 2990 3013 3005 3019 3039 3047 3056 3047 3043 3042 3052 3055 3054 3056 3052 3053 3047 3056 3063 3061 3070 3073 3078 3074 3079 3081 3085 3080 3071 3081 3080 3094 3078 3071 3085 3083 3088 3076 3073 3083 3082 3092 3082 3077 3085 3073 3078 3081 3083 3083 3082 3090 3085
2995 2991 2980 2987 3007 2992 3000 2999 2995 2999 2988 2994 2998 3002 3008 3025 3038 3040 3042 3050 3049 3049 3046 3065 3070 3060 3074 3055 3071 3064 3067 3064 3077 3061 3078 3069 3068 3083 3087 3077 3083 3073 3080 3075 3077 3079 3072 3079 3083 3081 3074 3077 3074 3079 3081 3072 3082 3087 3082 3087 3084 3093 3088 3090
3008 2991 2999 3005 3008 3004 2995 3008 2989 2981 2984 2996 2993 2990 3000 3015 3039 3052 3048 3051 3064 3049 3048 3050 3044 3052 3057 3051 3059 3074 3055 3073 3067 3085 3070 3081 3082 3081 3087 3073 3066 3085 3075 3086 3076 3081 3071 3088 3084 3083 3076 3091 3084 3084 3081 3075 3064 3084 3080 3089 3097 3092 3093 3082
2994 3004 2993 2995 3027 2994 3006 3011 2984 2982 2989 2987 3000 3001 2999 3007 3027 3036 3044 3057 3051 3047 3060 3047 3058 3065 3057 3071 3046 3074 3072 3077 3069 3079 3084 3077 3084 3080 3077 3080 3071 3082 3084 3081 3081 3088 3084 3085 3082 3082 3076 3087 3083 3084 3077 3084 3079 3090 3081 3085 3092 3089 3083 3083
2983 2987 2985 2994 3000 2994 2992 3002 2996 2987 2994 2993 2993 2991 2979 3009 3019 3035 3047 3046 3050 3054 3037 3049 3069 3060 3055 3062 3063 3067 3073 3081 3082 3082 3088 3093 3083 3073 3088 3087 3087 3069 3078 3078 3084 3100 3090 3095 3078 3080 3088 3079 3065 3080 3070 3062 3083 3087 3082 3085 3087 3069 3081 3087
3017 3004 2994 3002 3008 3001 3009 3000 3005 3004 3000 3004 3001 2989 2990 3013 3016 3029 3049 3039 3049 3052 3056 3054 3047 3070 3056 3045 3062 3068 3074 3072 3078 3069 3070 3076 3078 3091 3098 3081 3081 3074 3081 3086 3086 3081 3091 3079 3079 3081 3092 3085 3078 3087 3075 3081 3096 3082 3087 3085 3082 3078 3077 3084
3012 3016 3007 3003 3003 3008 2997 3001 3012 2996 3004 3002 2999 3009 3006 3007 3021 3022 3047 3056 3057 3060 3052 3067 3064 3054 3062 3065 3067 3076 3074 3071 3082 3085 3092 3069 3083 3086 3073 3091 3085 3078 3085 3086 3083 3073 3077 3092 3072 3064 3082 3090 3093 3086 3090 3091 3092 3070 3076 3075 3080 3077 3086 3093
3016 3005 3004 3018 3018 3007 3012 2996 3006 3007 3002 3001 3012 3001 3006 3016 3007 3036 3034 3047 3051 3063 3066 3054 3049 3055 3060 3067 3060 3076 3077 3063 3074 3071 3099 3069 3083 3075 3087 3096 3080 3096 3088 3089 3073 3080 3072 3078 3082 3066 3084 3097 3081 3100 3112 3096 3081 3077 3069 3077 3083 3081 3068 3100
3010 3000 2999 3001 3009 3010 3003 3008 3001 2997 2999 3004 3000 2998 3011 3017 3019 3018 3028 3058 3068 3054 3056 3067 3069 3063 3069 3063 3075 3062 3055 3065 3076 3080 3080 3083 3086 3085 3082 3095 3089 3088 3083 3075 3074 3084 3077 3074 3074 3075 3082 3083 3091 3103 3094 3082 3086 3081 3086 3085 3072 3087 3099 3096
3012 2996 2999 3002 2994 3008 2999 3011 3008 3000 2994 3013 3008 2999 2996 2985 2993 3010 3029 3033 3045 3052 3058 3055 3073 3085 3069 3076 3061 3075 3073 3065 3080 3097 3095 3098 3084 3097 3089 3085 3090 3084 3091 3099 3078 3086 3077 3081 3083 3087 3069 3087 3083 3101 3091 3074 3067 3089 3096 3086 3093 3081 3078 3080
3010 2998 3001 3002 3003 3010 3006 2997 3016 3010 3003 3007 3007 2996 2994 2988 3007 3005 3005 3018 3045 3066 3051 3071 3059 3065 3062 3058 3083 3075 3073 3060 3084 3082 3082 3092 3092 3089 3086 3079 3093 3084 3083 3081 3076 3071 3075 3087 3071 3082 3081 3075 3086 3081 3077 3087 3082 3073 3080 3092 3087 3090 3086 3089
2987 3000 3005 2993 3004 2993 2995 3012 3009 3000 3001 2991 2978 2995 3009 2997 2995 2993 2994 3020 3045 3048 3050 3067 3073 3076 3078 3065 3074 3082 3066 3092 3094 3083 3088 3085 3088 3091 3086 3098 3085 3086 3090 3084 3079 3080 3072 3082 3080 3093 3087 3089 3076 3084 3084 3087 3079 3087 3093 3082 3088 3078 3081 3086
2986 2993 3001 3005 3009 3010 2996 2991 2994 2998 2998 2982 2993 3002 2991 2998 2992 2981 2988 3004 3021 3045 3054 3064 3078 3071 3068 3067 3077 3079 3077 3081 3084 3087 3089 3080 3078 3081 3084 3082 3083 3096 3079 3091 3077 3089 3080 3086 3091 3098 3077 3082 3083 3087 3094 3091 3076 3073 3082 3084 3068 3054 3068 3087
2981 2997 2998 3001 3002 2996 2987 2995 2999 2991 2993 2992 2984 2998 2988 2988 2997 2994 2996 3017 3027 3050 3059 3064 3074 3073 3082 3071 3075 3077 3084 3082 3077 3085 3070 3073 3082 3088 3079 3092 3078 3085 3098 3092 3097 3086 3092 3093 3090 3100 3090 3086 3087 3099 3074 3086 3093 3075 3083 3072 3064 3065 3081 3080
3008 3002 2990 2999 2985 2993 2987 3005 2999 2991 2999 2993 2984 2993 2985 2981 2981 2994 2998 3003 3015 3048 3068 3067 3077 3079 3069 3071 3069 3064 3066 3067 3075 3064 3079 3069 3077 3086 3094 3090 3086 3088 3093 3095 3091 3087 3088 3080 3086 3088 3087 3079 3088 3097 3092 3079 3090 3081 3080 3083 3075 3064 3065 3060
2999 2984 2981 2984 2993 2992 2992 2998 3004 2990 2993 2984 2987 2997 2986 2985 2983 2977 3007 2997 3019 3038 3067 3074 3082 3077 3069 3072 3073 3066 3077 3073 3078 3076 3074 3088 3088 3083 3083 3076 3081 3089 3073 3085 3086 3090 3081 3082 3088 3086 3092 3073 3077 3088 3094 3083 3078 3087 3087 3077 3091 3073 3065 3060
2998 3004 3002 2990 2988 2985 3000 2987 3003 2989 2985 2986 2989 2992 2985 2985 2975 2967 2971 2990 3027 3028 3060 3065 3084 3079 3080 3082 3069 3066 3062 3068 3066 3079 3085 3079 3084 3091 3080 3092 3085 3074 3076 3081 3091 3084 3073 3074 3085 3087 3080 3072 3071 3079 3069 3084 3078 3092 3082 3072 3071 3078 3055 3057
3002 2989 3006 3003 2993 2999 3002 2999 3004 2984 2996 2983 2989 2994 3003 2991 2978 2981 2981 2992 3002 3030 3045 3059 3072 3084 3078 3077 3069 3072 3065 3068 3070 3072 3086 3096 3082 3085 3080 3085 3076 3087 3076 3078 3077 3088 3093 3083 3091 3092 3085 3070 3077 3069 3059 3074 3070 3074 3074 3067 3059 3073 3056 3049
3016 3009 3013 3016 3012 3018 3015 3016 3006 3012 3004 3006 3009 3014 3009 3006 2995 2997 2997 3003 3012 3046 3053 3059 3077 3070 3087 3087 3075 3071 3073 3075 3066 3068 3081 3089 3077 3094 3083 3076 3079 3080 3080 3080 3083 3078 3095 3082 3069 3072 3072 3087 3078 3065 3076 3063 3086 3072 3073 3069 3075 3071 3050 3042
3011 3021 3007 3019 3005 3001 3020 3030 3022 3007 3014 3004 2996 3010 3021 3014 3026 3007 3005 3026 3016 3036 3051 3070 3077 3080 3082 3090 3089 3080 3072 3078 3080 3069 3091 3080 3080 3078 3078 3076 3094 3084 3084 3086 3082 3086 3089 3080 3080 3064 3071 3071 3076 3066 3073 3076 3087 3078 3076 3078 3058 3049 3031 3040
2996 2988 2988 2991 2998 3011 3012 3010 2992 2992 2988 2992 3001 3005 3008 3006 3013 3015 3026 3032 3025 3041 3063 3072 3091 3076 3088 3084 3082 3080 3068 3083 3068 3071 3087 3082 3078 3077 3076 3080 3077 3083 3079 3092 3090 3099 3086 3087 3085 3080 3085 3074 3078 3089 3074 3067 3069 3074 3077 3069 3052 3041 3050 3023
2991 2998 2985 2987 2992 2995 2991 2995 3002 3000 2989 2991 2992 2994 2993 3014 3018 3022 3030 3051 3041 3054 3056 3066 3069 3078 3081 3087 3078 3079 3083 3079 3076 3074 3075 3075 3079 3068 3079 3081 3082 3078 3066 3083 3088 3101 3080 3086 3070 3078 3083 3078 3072 3077 3083 3084 3082 3070 3057 3053 3053 3044 3033 3033
2990 2992 2988 2970 2980 3002 3010 2999 2997 2988 3000 3014 3029 3026 3034 3038 3043 3047 3058 3056 3062 3063 3078 3070 3084 3075 3086 3078 3082 3083 3086 3077 3079 3091 3087 3070 3074 3074 3073 3089 3062 3070 3074 3076 3086 3078 3080 3082 3070 3072 3081 3084 3071 3076 3073 3086 3070 3062 3073 3058 3040 3038 3019 3015
2993 2993 2980 2976 2992 2997 3010 2988 3016 2998 3017 3021 3043 3045 3059 3057 3051 3056 3069 3062 3065 3071 3072 3070 3075 3080 3075 3078 3078 3079 3064 3096 3072 3079 3079 3079 3093 3086 3073 3095 3081 3080 3070 3075 3074 3086 3068 3076 3084 3070 3059 3063 3086 3076 3072 3068 3079 3075 3064 3054 3037 3029 3027 3008
3015 3018 2999 3024 3012 3016 3019 3029 3033 3031 3025 3030 3043 3056 3058 3051 3062 3069 3059 3065 3071 3077 3080 3071 3072 3070 3061 3081 3074 3079 3082 3072 3071 3079 3070 3075 3093 3076 3072 3078 3083 3074 3076 3066 3072 3076 3059 3057 3058 3058 3069 3071 3067 3066 3077 3071 3073 3073 3055 3045 3035 3033 3030 3000
3019 3030 3015 3024 3038 3037 3039 3045 3048 3043 3042 3033 3047 3042 3048 3057 3057 3063 3058 3046 3072 3087 3073 3069 3067 3077 3075 3053 3077 3086 3075 3078 3075 3067 3066 3070 3083 3074 3076 3081 3077 3078 3066 3078 3067 3073 3060 3067 3073 3061 3069 3071 3060 3070 3063 3067 3081 3087 3058 3043 3029 3019 3017 3007
3037 3037 3033 3049 3042 3041 3044 3037 3048 3064 3059 3057 3057 3055 3059 3060 3055 3052 3068 3061 3069 3065 3079 3068 3080 3055 3073 3078 3073 3083 3080 3079 3067 3073 3074 3075 3067 3084 3076 3072 3082 3079 3086 3079 3074 3066 3066 3080 3083 3077 3069 3075 3072 3062 3064 3088 3078 3084 3079 3054 3039 3022 3023 3006
3058 3061 3052 3048 3047 3052 3052 3045 3060 3054 3036 3058 3065 3060 3067 3054 3046 3062 3056 3060 3069 3072 3078 3074 3068 3079 3075 3092 3080 3070 3068 3089 3080 3081 3079 3065 3078 3064 3067 3076 3068 3075 3078 3081 3086 3070 3088 3073 3097 3074 3071 3072 3078 3073 3071 3089 3078 3083 3066 3058 3050 3030 3031 3027
3063 3062 3060 3053 3059 3055 3048 3063 3051 3061 3056 3048 3061 3052 3044 3049 3063 3062 3049 3066 3069 3065 3058 3075 3074 3075 3079 3072 3067 3082 3089 3073 3070 3076 3071 3072 3070 3072 3099 3077 3082 3075 3072 3080 3093 3090 3077 3102 3073 3081 3077 3067 3066 3077 3082 3077 3081 3079 3079 3079 3075 3044 3039 3039
3059 3076 3063 3055 3055 3059 3061 3056 3074 3056 3061 3045 3038 3048 3044 3046 3057 3054 3063 3066 3068 3064 3065 3077 3066 3073 3081 3075 3069 3075 3071 3074 3079 3070 3061 3066 3074 3069 3081 3085 3073 3068 3066 3079 3093 3073 3096 3086 3073 3076 3068 3070 3074 3089 3083 3081 3065 3067 3081 3091 3076 3061 3058 3052
3064 3072 3077 3074 3081 3070 3073 3059 3061 3064 3050 3056 3049 3048 3055 3049 3053 3053 3081 3067 3074 3078 3072 3071 3065 3076 3074 3067 3071 3069 3070 3078 3070 3070 3063 3075 3070 3071 3065 3076 3073 3079 3086 3078 3076 3084 3078 3070 3079 3070 3077 3069 3082 3071 3069 3079 3076 3086 3078 3077 3080 3091 3055 3046
3066 3063 3062 3083 3079 3079 3080 3071 3055 3059 3053 3063 3052 3059 3038 3061 3055 3068 3053 3064 3065 3069 3074 3064 3059 3082 3064 3080 3074 3070 3075 3069 3083 3072 3084 3074 3093 3073 3063 3064 3084 3083 3072 3074 3062 3071 3063 3085 3076 3091 3080 3085 3074 3082 3073 3086 3081 3078 3075 3086 3079 3090 3069 3045
3069 3069 3074 3075 3080 3066 3070 3072 3051 3067 3059 3060 3057 3052 3055 3056 3053 3060 3063 3065 3058 3068 3073 3075 3070 3072 3074 3076 3068 3074 3079 3087 3072 3080 3084 3072 3080 3073 3073 3073 3075 3075 3071 3077 3073 3074 3081 3079 3075 3086 3086 3074 3071 3079 3070 3077 3074 3078 3080 3067 3071 3078 3073 3058
3060 3076 3083 3081 3071 3070 3069 3073 3058 3060 3051 3063 3061 3057 3064 3056 3049 3057 3071 3064 3067 3060 3082 3084 3075 3085 3078 3072 3074 3059 3080 3086 3084 3093 3082 3077 3083 3085 3075 3087 3085 3080 3075 3079 3077 3081 3074 3090 3085 3094 3080 3096 3076 3079 3072 3087 3073 3087 3083 3078 3082 3075 3075 3072
3061 3077 3071 3082 3066 3080 3076 3066 3059 3046 3052 3068 3063 3071 3062 3068 3058 3068 3065 3071 3083 3074 3069 3074 3072 3063 3075 3076 3075 3071 3061 3068 3076 3066 3075 3071 3077 3084 3087 3096 3081 3088 3076 3082 3091 3084 3080 3079 3074 3080 3080 3089 3069 3084 3081 3094 3085 3090 3089 3088 3078 3095 3071 3084
3067 3085 3100 3075 3067 3067 3071 3071 3061 3063 3078 3058 3073 3066 3070 3065 3053 3066 3055 3061 3075 3074 3073 3079 3070 3062 3090 3074 3080 3070 3056 3072 3060 3072 3076 3078 3088 3083 3082 3090 3081 3077 3075 3088 3086 3087 3080 3076 3080 3073 3091 3085 3074 3076 3076 3080 3088 3084 3078 3097 3088 3077 3098 3091
3077 3085 3079 3075 3067 3079 3070 3082 3089 3077 3061 3065 3076 3082 3074 3072 3050 3043 3052 3054 3064 3085 3064 3071 3071 3071 3070 3065 3077 3071 3056 3048 3078 3072 3065 3072 3068 3085 3085 3069 3066 3077 3077 3070 3095 3095 3088 3082 3093 3092 3079 3079 3068 3063 3070 3080 3077 3075 3090 3091 3105 3086 3089 3082
3091 3076 3079 3058 3057 3074 3070 3068 3077 3083 3076 3078 3065 3063 3068 3067 3052 3054 3048 3046 3056 3057 3070 3060 3077 3059 3070 3068 3071 3084 3063 3056 3056 3057 3062 3065 3070 3068 3069 3058 3079 3073 3079 3074 3083 3079 3093 3077 3093 3069 3071 3080 3080 3075 3058 3077 3074 3094 3092 3098 3097 3107 3083 3069
3080 3064 3063 3062 3075 3072 3068 3067 3074 3058 3078 3075 3073 3065 3064 3061 3063 3045 3047 3047 3068 3061 3071 3072 3073 3082 3078 3067 3070 3057 3065 3079 3061 3065 3062 3070 3076 3064 3075 3062 3065 3062 3072 3062 3080 3079 3068 3075 3067 3074 3086 3077 3050 3068 3060 3072 3070 3073 3093 3097 3094 3073 3073 3077
3075 3060 3070 3069 3072 3072 3074 3074 3058 3074 3063 3072 3074 3068 3070 3053 3063 3071 3055 3053 3048 3071 3065 3080 3071 3080 3068 3088 3088 3061 3084 3066 3073 3069 3072 3070 3065 3077 3079 3069 3062 3073 3066 3081 3066 3060 3075 3079 3070 3073 3075 3070 3064 3058 3058 3060 3077 3088 3090 3092 3088 3072 3072 3088
3085 3075 3063 3065 3075 3071 3072 3077 3080 3073 3070 3070 3086 3087 3067 3075 3074 3067 3063 3059 3068 3051 3055 3068 3074 3094 3080 3081 3074 3073 3075 3069 3076 3079 3081 3079 3062 3078 3069 3071 3075 3074 3074 3068 3082 3070 3076 3079 3082 3085 3089 3060 3069 3066 3081 3077 3085 3085 3081 3091 3074 3086 3087 3086
3079 3066 3075 3069 3068 3068 3066 3074 3074 3072 3065 3068 3067 3064 3059 3075 3070 3079 3068 3073 3066 3053 3049 3049 3076 3076 3063 3094 3080 3072 3084 3075 3077 3072 3086 3070 3071 3072 3090 3083 3089 3080 3090 3079 3068 3080 3086 3080 3076 3081 3079 3079 3065 3083 3073 3081 3096 3096 3095 3093 3099 3095 3080 3077
3086 3083 3086 3072 3082 3077 3065 3082 3074 3088 3083 3075 3065 3075 3080 3079 3068 3062 3078 3061 3057 3064 3062 3059 3060 3076 3074 3088 3073 3067 3079 3068 3080 3069 3075 3073 3065 3070 3080 3086 3080 3087 3083 3081 3087 3087 3084 3084 3082 3077 3075 3078 3084 3078 3076 3082 3085 3087 3085 3080 3080 3086 3078 3077
3091 3081 3088 3097 3080 3076 3062 3074 3093 3084 3082 3087 3070 3071 3083 3075 3059 3076 3069 3063 3072 3063 3066 3058 3062 3065 3069 3063 3086 3069 3073 3051 3068 3077 3075 3067 3068 3066 3082 3090 3084 3093 3074 3084 3085 3099 3103 3095 3087 3084 3083 3075 3089 3073 3086 3082 3088 3090 3081 3077 3064 3072 3082 3085
3082 3089 3075 3080 3076 3070 3072 3086 3095 3092 3077 3071 3082 3077 3075 3081 3062 3070 3080 3078 3075 3062 3054 3060 3064 3056 3055 3070 3077 3064 3072 3067 3075 3065 3074 3067 3074 3073 3071 3076 3072 3092 3066 3088 3081 3088 3092 3088 3065 3081 3089 3085 3067 3083 3077 3091 3087 3075 3077 3076 3079 3073 3065 3082
3066 3082 3065 3064 3075 3055 3076 3080 3083 3079 3072 3075 3073 3061 3081 3072 3084 3077 3071 3070 3074 3066 3077 3052 3048 3049 3061 3060 3072 3066 3068 3073 3081 3092 3079 3075 3068 3074 3066 3076 3069 3054 3069 3085 3082 3078 3074 3085 3077 3066 3089 3079 3078 3074 3095 3082 3074 3060 3050 3068 3075 3073 3066 3053
3072 3080 3085 3071 3079 3067 3072 3066 3065 3084 3077 3079 3085 3072 3064 3066 3076 3076 3063 3062 3057 3052 3065 3050 3049 3067 3062 3058 3070 3072 3059 3062 3071 3072 3075 3074 3069 3071 3065 3073 3068 3063 3068 3069 3064 3067 3081 3086 3067 3066 3061 3066 3075 3082 3075 3069 3079 3071 3069 3067 3085 3074 3078 3069
3056 3072 3084 3078 3074 3078 3088 3077 3078 3073 3071 3077 3065 3069 3065 3075 3093 3084 3067 3067 3064 3053 3044 3055 3055 3054 3066 3061 3066 3060 3054 3051 3051 3066 3059 3060 3073 3076 3062 3052 3054 3053 3051 3067 3060 3066 3063 3075 3056 3067 3065 3076 3092 3081 3079 3066 3077 3073 3076 3080 3072 3070 3069 3066
