3078 3077 3050 3041 3059 3048 3060 3047 3035 3050 3051 3043 3032 3022 3031 3018 3041 3042 3028 3036 3048 3033 3028 3017 3020 3032 3026 3023 3032 3028 3020 3022 3025 3022 3015 3007 3006 3014 3005 3000 3005 3008 3018 3009 3008 3010 2997 2998 3005 3012 3011 3009 3010 3010 3010 3013 3009 3015 3008 2999 3012 3010 3004 3012
3073 3055 3042 3053 3052 3049 3048 3040 3056 3043 3038 3046 3042 3041 3032 3034 3030 3035 3027 3046 3031 3026 3031 3027 3024 3009 3015 3025 3028 3017 3030 3014 3020 3013 3013 3012 3007 3012 3000 3001 3011 2997 3014 3011 3001 3008 3023 3011 2995 3018 3023 3022 3007 3007 3003 3010 3006 3008 3010 3007 3007 3020 3003 3004
3058 3046 3047 3041 3045 3042 3051 3047 3040 3043 3037 3043 3036 3045 3039 3037 3024 3030 3023 3014 3026 3033 3022 3014 3009 3018 3024 3015 3022 3013 3039 3005 3020 3019 3013 3002 3019 3008 3007 3004 2994 2997 3017 3007 3016 3018 3019 3011 3023 3024 3019 3022 3024 3026 3006 3003 3014 3012 2998 3010 3023 3008 3012 3003
3045 3050 3048 3041 3041 3045 3038 3048 3035 3030 3041 3047 3045 3028 3025 3030 3026 3029 3013 3022 3025 3024 3005 3010 3013 3020 3010 3013 3025 3005 3015 3015 3020 3028 3019 3013 3004 3009 3013 3014 2999 3010 3007 3013 3002 3013 3016 3027 3016 3025 3029 3027 3029 3005 3004 3019 3023 3009 3002 3010 3015 3011 3010 3005
3044 3043 3042 3028 3036 3052 3056 3047 3032 3039 3033 3033 3021 3034 3052 3030 3028 3026 3032 3023 3034 3007 3016 3018 3010 3006 3018 3008 3011 3011 3012 3008 3028 3012 3012 3009 3006 3016 3022 3009 3007 3005 3011 3003 3016 3004 3012 3019 3010 3012 3037 3023 3009 3011 3016 3023 3013 3017 3023 3017 3010 3008 3011 3001
3059 3052 3051 3049 3027 3048 3039 3051 3037 3043 3026 3033 3036 3039 3047 3018 3026 3028 3023 3016 3033 3015 3010 3034 3013 3021 3029 3011 3019 3019 3013 3006 3010 3010 3001 3009 3007 3021 3003 3010 3008 3007 3018 3006 3016 3010 3013 3013 3021 3015 3023 3014 3012 3012 3013 3015 3015 3017 3008 3019 3017 2999 3018 2987
3054 3058 3042 3039 3028 3024 3034 3036 3041 3031 3030 3031 3022 3033 3032 3035 3029 3033 3028 3024 3034 3019 3017 3012 3016 3029 3017 3020 3017 3020 3013 3020 3010 3010 3001 3019 2997 3003 3006 2989 3006 3009 3011 3009 3015 2990 3002 3001 2999 3015 3005 3005 2984 3002 3007 2996 3006 3004 2994 3005 3003 3010 3023 3032
3030 3017 3005 3013 3012 3014 3008 3011 3021 3010 3004 3011 3012 3009 3005 3012 3018 3011 3016 3011 3019 3010 3010 3006 3004 3008 3017 3006 3004 3006 3018 3005 2999 2999 3007 3000 3006 2995 2997 2997 3007 2995 3020 3009 3005 3002 2992 3009 3009 2998 3006 2992 2995 3026 3006 2990 2988 3012 3013 3007 2993 3018 3026 3013
2983 2986 2985 2970 2985 2996 2987 2987 2981 2983 2987 2991 2990 3000 3001 2991 2985 2996 3000 2985 3004 2994 2984 2972 2986 2997 2993 3000 2987 2990 2996 3003 2993 2999 2992 2996 2989 2994 2987 2995 2993 3000 2984 2997 3006 3001 2986 2996 3000 2997 2980 2995 2999 3000 2994 2998 2997 3013 2999 3000 3007 3004 3011 2998
2984 2985 2984 2987 2987 2983 2988 2997 2989 2967 2991 2993 2987 3002 2988 2974 2982 2979 2988 2998 2982 2991 2984 2985 2985 2992 3004 2991 2993 3001 2991 3001 3008 3007 2994 3001 2993 3004 3001 2980 2995 3000 3006 2996 3009 2999 3000 2997 2992 3006 2986 2990 2987 2996 2987 2994 3009 3002 3013 3006 3006 2998 3008 2992
2993 2985 2988 2982 2981 2980 2986 2976 2993 2988 2981 2993 2996 2996 2980 2994 2980 2992 2981 2996 2985 2982 2993 2999 2992 2983 3008 2990 3006 2977 2989 2986 2997 3007 2994 2987 3005 2997 3004 2996 2994 3006 3007 3005 3011 2998 3001 3014 2999 2995 2996 2987 2979 3004 3012 3008 2995 2996 3008 3003 3008 3001 3003 3014
2968 2988 2981 2986 2984 2987 2979 2991 2986 2984 2991 2991 2992 2990 2984 2977 2990 2981 3000 2996 2993 2993 2992 3000 2999 2996 2998 2987 2997 2999 2996 2993 2989 2997 2990 2994 3007 3000 3001 3009 3007 3006 3021 3010 3005 2995 3008 3010 3003 3003 2995 3005 3006 3011 2994 3012 2996 2995 2998 3006 3009 3004 2995 3002
2959 2963 2979 2987 2995 3001 3007 2984 2993 2991 2994 2985 2997 3001 2993 2987 2984 2983 2999 3009 2991 2998 2986 2979 2996 3000 3000 3004 3001 3001 3004 3000 2988 2990 2994 3010 3009 3015 3015 3017 3009 3000 3004 2997 3010 3010 3011 3007 2992 2994 3003 3008 2997 3000 3008 3005 3002 2993 3002 3009 3006 3000 2993 2975
2992 2965 2978 2973 2988 3002 2992 3000 2989 2992 2969 2992 2987 3005 2999 2982 2988 2994 3002 3001 2996 2999 2992 2985 3001 2994 3008 3000 2995 2999 2993 3014 2994 3003 2995 3002 3014 3010 3015 2997 3008 3007 3016 3013 3000 3002 3009 3008 3011 2991 3003 2995 2993 3004 3007 3005 2998 2996 2992 3012 2995 3009 2979 2984
2972 2996 2987 2995 2995 2994 2994 2996 2984 2983 2992 2988 2992 2991 2981 2983 2992 2993 3005 2996 2981 2988 3010 3006 2998 3004 3004 3008 3011 3003 2994 2994 3003 2987 3005 3004 3012 2999 3008 3009 3004 2993 3013 3016 3007 3006 3015 3007 3007 3004 3003 3009 2988 2996 2997 3000 3007 3001 2995 2995 2994 2987 3000 2994
2989 2986 2993 2990 2999 2995 2991 2991 2995 2991 2990 3012 2995 2987 3002 2992 2987 3004 2992 2985 2983 2997 3005 3010 3000 2999 3007 2996 2999 3002 2999 2989 3004 2999 2983 2998 3004 3005 2994 2997 3028 3003 3000 3001 3013 3012 2998 3010 3014 3005 3009 2999 3008 3005 2997 2992 2994 3002 2992 3005 3000 2996 3003 3002
2992 3007 3006 3001 3001 2994 3014 3008 3006 2984 3007 2995 2993 2998 3002 3017 2995 3001 2999 2989 2998 2986 3008 3012 3007 3009 2995 2992 3003 3000 2991 2992 2992 2997 2984 3007 3002 3020 2993 3004 3003 3003 2996 3008 3000 3002 3003 3005 2998 3010 3009 3009 3008 3016 3015 3003 3002 3009 3016 3019 3008 2995 3001 3007
3003 3008 3001 2998 2995 3008 3020 3009 3006 3002 3000 3002 3008 3008 3004 3013 2990 3014 2999 3001 2994 2995 3008 2999 2997 3000 3010 2997 3007 2997 3008 2997 2984 2996 2994 3000 3001 3005 2996 2994 3000 3002 3002 3010 3009 3016 3002 2994 3004 3011 3007 3023 3005 3012 3008 2997 3004 2997 3014 3003 3010 2993 2986 2989
3023 2996 2982 3004 2993 2990 3001 3001 3002 3020 3005 2997 2999 3007 2991 3005 3003 3011 3003 3016 2990 2991 2991 3003 2995 2995 2997 2994 2995 3006 3002 3006 2994 2992 3005 2989 3007 3000 2992 2998 3012 3011 3006 3000 3006 3011 3013 3011 3015 3013 3018 3011 3025 3011 3006 3004 3004 2990 2997 2989 2990 2997 2995 2999
3019 3007 3000 2998 2998 3001 3003 2991 3005 3015 3012 3009 3012 3014 3015 3005 3006 3003 2998 2998 2999 3007 2989 2991 3014 3001 3006 3013 3012 3007 3016 3001 2993 2995 2998 3007 3008 3002 3014 3001 3015 3019 3012 3020 3024 3012 3011 3020 2998 3021 3018 3016 3024 3020 3015 3011 3010 3020 3006 3006 3001 2991 3009 3001
3009 2997 3007 2995 3017 3015 2998 3019 3018 3004 3011 3006 3010 3004 3010 3000 3004 2997 3007 3013 3011 2991 2999 3004 3006 3001 3010 3014 3006 3011 3013 3008 2990 3006 2984 2997 3007 3021 3025 3020 3021 3025 3017 3007 3024 3025 3014 3011 3027 3033 3029 3017 3021 3024 3016 3015 3005 2993 3014 3005 3024 2996 2997 3008
3019 3020 3020 3017 3029 3023 3019 3016 3016 3009 3010 3012 3013 3023 3027 3026 3003 3016 3004 3010 3020 3026 3003 3006 3012 3013 3009 3016 3009 3012 3016 3025 3008 3009 3010 3020 3002 3014 3022 3021 3021 3016 3014 3032 3025 3026 3028 3020 3019 3029 3036 3030 3031 3031 3019 3025 3016 3009 3025 3020 3011 3011 3000 3007
3029 3018 3013 3029 3025 3041 3043 3033 3022 3034 3021 3026 3020 3034 3021 3041 3037 3027 3019 3023 3022 3034 3027 3030 3032 3024 3027 3037 3039 3029 3017 3024 3022 3020 3013 2999 3010 3017 3028 3014 3024 3025 3029 3037 3034 3031 3015 3026 3027 3044 3033 3039 3039 3034 3039 3048 3022 3025 3023 3026 3005 2996 3009 3019
3009 3018 3017 3027 3033 3029 3026 3023 3027 3019 3016 3011 3034 3028 3019 3027 3014 3028 3018 3011 3020 3028 3025 3011 3012 3022 3023 3022 3024 3022 3026 3010 3030 3018 3017 3020 3014 3009 3010 3013 3017 3023 3028 3034 3030 3020 3037 3023 3038 3053 3032 3035 3035 3039 3051 3032 3033 3037 3018 3010 3006 3007 3010 3012
3017 3013 3013 3016 3015 3002 3014 3018 3012 3006 3010 3012 3009 3011 3017 3008 3016 3013 3012 3005 2999 3005 2995 3016 3009 3015 3006 3009 3003 3005 2999 2998 3007 3014 3006 3013 3020 3027 3021 3025 3036 3027 3027 3028 3025 3035 3016 3027 3039 3049 3057 3047 3043 3045 3038 3039 3025 3024 3028 3012 3023 3015 3017 3013
3008 3024 3009 3012 3018 3018 2997 3005 3011 3001 2997 3006 2997 2998 2994 3014 3011 2991 2996 2996 2996 3005 2988 3008 2999 2993 2980 3000 2994 3002 2989 3005 2998 3008 3025 3020 3028 3017 3029 3024 3035 3016 3034 3026 3032 3026 3031 3029 3036 3049 3039 3050 3054 3041 3044 3020 3038 3035 3023 3022 3023 3024 3013 3019
2989 2992 2996 3019 3010 3002 3003 3002 2994 2998 3003 2991 2998 3006 3007 3007 3006 3000 2998 2997 3003 2998 3001 3002 2990 2995 2997 2986 2996 3011 2996 2997 3001 3022 3024 3031 3030 3025 3026 3038 3027 3030 3030 3038 3024 3029 3036 3037 3043 3049 3059 3042 3047 3043 3028 3055 3043 3035 3025 3024 3029 3011 3006 3026
2993 2992 3000 3004 3014 3013 2992 3019 2996 2998 2997 2995 3006 3002 3000 3018 3000 2996 3001 2997 3000 2999 2995 3005 3004 2990 3007 2990 3008 3007 2994 3000 3012 3012 3020 3030 3039 3034 3025 3023 3025 3017 3023 3033 3030 3026 3039 3041 3038 3051 3048 3040 3062 3049 3050 3046 3037 3036 3030 3018 3023 3015 3027 3030
2998 3004 2996 3009 3015 3007 3005 2999 3005 3004 2995 2995 2999 3012 3007 3006 3003 3009 2989 3004 2994 3004 3021 3000 3009 3003 3004 3003 3010 3008 3005 3007 3016 3026 3033 3029 3033 3033 3023 3022 3016 3027 3031 3036 3039 3035 3043 3035 3029 3043 3038 3051 3048 3066 3058 3053 3057 3044 3040 3037 3027 3010 3037 3030
3004 2992 3006 3006 3014 2999 3002 2993 3005 2994 2994 3001 3015 3000 3004 3017 3006 2999 2993 2996 3005 2991 3006 3014 3004 2993 3002 2997 3012 2986 2999 3006 3014 3025 3027 3039 3044 3034 3040 3032 3042 3033 3034 3022 3039 3040 3031 3044 3040 3050 3050 3059 3085 3077 3062 3054 3059 3049 3049 3036 3027 3025 3021 3040
3003 3010 3005 3018 3003 2996 3002 2997 2997 2995 2989 2996 2997 2997 3006 3002 2979 2994 3007 3013 2998 2993 2999 2993 2991 2996 2998 3012 3007 3005 2996 3000 3018 3015 3031 3035 3031 3040 3017 3032 3035 3026 3030 3036 3032 3039 3036 3031 3043 3047 3070 3057 3079 3094 3078 3075 3065 3067 3047 3039 3040 3022 3036 3032
3000 3011 3009 2999 3017 3002 3004 2990 2990 2983 2988 2992 2997 3004 2998 2993 2999 2988 2987 2995 2990 3002 3006 2992 3003 2996 2997 3004 2998 3005 3001 3002 3002 3023 3034 3038 3034 3044 3029 3021 3043 3032 3029 3039 3039 3040 3047 3041 3050 3049 3060 3072 3079 3089 3101 3097 3077 3072 3062 3050 3032 3031 3036 3020
3006 3000 2993 3010 3018 3009 2997 2978 2999 2998 2986 2987 2987 2983 3005 3012 3000 2995 3003 2997 2999 3000 3005 3011 3008 3007 3016 3011 3007 3004 3010 3011 3027 3037 3034 3045 3037 3028 3031 3038 3029 3029 3030 3038 3037 3044 3044 3050 3044 3053 3067 3083 3090 3107 3104 3098 3087 3084 3065 3046 3063 3031 3042 3049
3011 3016 3013 3015 3020 3014 3002 3010 3008 2993 2997 2990 2991 2997 2987 3021 3011 3011 2994 3006 3006 3003 3008 3014 2999 3018 2999 3006 2994 3012 3011 3012 3029 3035 3054 3038 3044 3035 3033 3036 3031 3053 3030 3037 3048 3052 3057 3048 3058 3069 3077 3078 3102 3103 3098 3096 3091 3100 3072 3060 3045 3044 3041 3046
3022 3022 3019 3018 3030 3025 3028 3024 3024 3008 3007 3010 3010 3014 3010 3025 3012 3022 3018 3016 3010 3002 3016 3013 3012 3008 3019 3024 3009 3006 3017 3023 3041 3038 3038 3048 3048 3043 3036 3036 3041 3050 3040 3040 3059 3054 3065 3066 3085 3079 3094 3091 3084 3098 3103 3096 3091 3097 3071 3052 3048 3051 3037 3047
3013 3027 3017 3025 3027 3035 3016 3012 3034 3025 3028 3008 3007 3024 3020 3010 3016 3019 3026 3008 3010 3016 3019 3025 3012 3006 3022 3018 2995 3014 3003 3019 3036 3051 3062 3047 3050 3040 3042 3038 3056 3059 3055 3052 3066 3071 3083 3076 3080 3086 3093 3109 3099 3089 3094 3097 3094 3077 3072 3051 3052 3038 3031 3031
2998 3004 3015 3012 3022 3007 3007 2997 3006 3010 3004 3012 3007 3013 3011 3000 3000 3000 3012 3017 3010 3016 3016 3014 3004 3004 3006 3019 3011 2999 3015 3015 3027 3030 3054 3047 3058 3060 3054 3054 3063 3065 3062 3069 3073 3089 3079 3097 3101 3086 3098 3092 3108 3094 3102 3103 3082 3087 3065 3050 3057 3050 3040 3027
2987 2988 3005 3016 2995 3002 3000 2993 2992 2993 3014 2995 3009 3013 3006 2994 2990 3013 3007 3015 3007 2998 3012 3017 2995 2994 3012 3007 3005 3004 3015 3019 3034 3035 3049 3043 3058 3061 3069 3053 3078 3073 3087 3086 3070 3089 3096 3104 3102 3107 3100 3095 3100 3100 3099 3092 3101 3091 3070 3060 3071 3057 3042 3021
3006 3016 3003 2990 3013 3004 3010 3005 2996 3008 3010 3005 3002 3003 3006 3009 2999 2987 3011 3016 3002 3008 2996 3014 3011 3021 2992 3006 2993 2985 2998 3015 3028 3049 3054 3053 3065 3062 3074 3067 3078 3090 3082 3091 3083 3077 3083 3086 3080 3088 3093 3100 3111 3102 3104 3116 3100 3077 3088 3061 3070 3040 3037 3033
3004 3011 3000 3001 3001 3019 2996 3000 2992 3004 3012 3001 3001 2988 3011 2988 2989 3009 3003 3014 2999 3013 3004 3001 3011 3000 3008 3003 2996 2989 2997 3007 3038 3046 3053 3071 3067 3083 3080 3089 3094 3087 3080 3095 3081 3076 3098 3103 3084 3087 3083 3091 3096 3105 3104 3103 3090 3077 3087 3080 3057 3052 3039 3035
3007 3006 2994 3010 3012 3000 3012 3002 3015 3014 3001 2993 2997 2996 2999 3002 2995 2996 3006 3004 3003 3004 3005 2994 3003 3006 3001 2988 2999 2995 3005 3021 3033 3052 3065 3067 3076 3082 3083 3076 3085 3088 3083 3094 3083 3080 3083 3092 3088 3086 3096 3099 3099 3104 3098 3090 3085 3084 3084 3085 3058 3032 3039 3042
3009 3000 2995 3007 3002 3006 2993 3007 3007 3013 2996 2994 3003 2999 3009 2998 2999 3002 2990 3002 3000 2997 2996 2997 2997 2996 3003 2999 2994 2998 3012 3025 3039 3050 3057 3072 3079 3098 3084 3073 3102 3101 3079 3084 3086 3096 3088 3091 3077 3084 3089 3100 3087 3096 3090 3085 3092 3084 3077 3063 3062 3044 3040 3041
2996 2994 2985 2997 3001 3001 3003 3008 3002 2996 2999 3012 3017 3003 3005 3002 3005 3011 2995 2996 2996 2993 2996 2993 2990 3001 2999 2998 2994 2996 3012 3031 3028 3055 3068 3072 3081 3082 3079 3081 3080 3086 3080 3091 3082 3084 3089 3073 3095 3093 3085 3083 3089 3093 3083 3098 3089 3084 3089 3060 3058 3041 3037 3035
3008 2997 2978 2993 3008 3010 2986 3004 3008 3016 3003 3017 3016 3002 3008 3011 3005 3000 3003 2994 2999 2982 3006 3005 2996 3002 3003 2993 2997 2995 3005 3019 3020 3043 3064 3083 3084 3084 3077 3079 3098 3077 3092 3085 3095 3107 3088 3097 3091 3092 3093 3082 3084 3089 3077 3102 3097 3099 3074 3063 3044 3031 3032 3048
3009 2999 2993 3002 3016 3015 3006 3006 3020 3006 2987 2984 3003 2996 3003 3005 3006 3012 3009 3021 3002 3004 3007 3003 3010 3007 3001 3015 2992 3002 2994 3013 3028 3058 3067 3070 3084 3091 3086 3089 3081 3082 3065 3083 3084 3097 3096 3097 3093 3087 3109 3095 3098 3102 3086 3091 3090 3105 3081 3069 3052 3051 3037 3030
3014 2996 3001 3006 3011 3011 2996 3006 3020 3011 2990 2998 2981 2997 3007 2995 3016 3003 3020 3005 3004 3007 3008 3002 3016 3011 2997 3009 3002 3015 2990 3016 3016 3044 3059 3071 3092 3075 3080 3092 3089 3082 3077 3074 3076 3097 3092 3085 3089 3095 3100 3094 3099 3092 3094 3099 3088 3095 3087 3063 3055 3038 3037 3045
2980 3007 3014 3001 3021 3014 2994 3014 3000 3012 3006 2998 3005 3012 3014 2995 2998 3002 3007 2998 3014 2996 3008 3012 3017 2995 3004 3011 3011 3005 2988 3010 3019 3049 3062 3079 3068 3068 3073 3087 3091 3076 3075 3080 3077 3082 3073 3101 3101 3099 3096 3089 3092 3089 3087 3107 3092 3071 3077 3048 3029 3031 3028 3031
2989 3013 3006 3005 3009 3006 2999 2994 3010 2997 2998 3004 2997 2992 2985 2993 2991 2984 2996 2999 3008 2998 2997 3001 3008 3006 2997 3010 3002 3010 3005 2994 3030 3029 3053 3074 3085 3079 3087 3076 3070 3073 3076 3077 3080 3082 3085 3084 3106 3095 3092 3101 3097 3087 3090 3102 3097 3080 3075 3061 3049 3039 3036 3027
2994 3001 3001 3002 3000 2991 2992 3004 3009 3002 2993 3000 2997 2998 3001 2999 2990 3003 2992 3007 3004 2990 2994 2987 3012 3009 3000 2999 3015 3017 2999 3004 3004 3015 3033 3055 3076 3083 3086 3073 3079 3068 3078 3079 3081 3084 3082 3100 3096 3095 3093 3087 3103 3089 3085 3100 3071 3081 3056 3057 3036 3033 3045 3037
3003 2996 2986 2995 2991 3003 2992 3004 3005 2997 3000 3000 3012 3000 3001 2997 3010 2998 2993 2997 2988 3001 2975 2986 2997 2998 2997 3000 3005 2998 2996 3018 2996 3014 3021 3041 3069 3081 3076 3074 3078 3068 3073 3080 3084 3083 3093 3087 3086 3089 3088 3077 3089 3081 3087 3082 3079 3079 3053 3053 3053 3043 3030 3033
2996 3002 3005 2994 2992 3006 3007 3004 2986 2994 2993 2990 2987 2987 2993 3013 3011 3016 3002 2996 2993 2990 3004 3008 3006 3000 3000 3016 2997 3004 3011 3011 3014 3014 3024 3045 3054 3088 3083 3075 3073 3062 3078 3083 3094 3093 3082 3077 3087 3095 3093 3086 3083 3095 3088 3075 3076 3075 3058 3054 3044 3032 3043 3029
2986 2996 3003 3002 2997 3002 3020 2996 2999 2996 3005 2995 2991 2991 2997 3002 3010 3011 3010 2996 2981 2998 3005 3007 3000 2998 3000 3008 3004 3005 3010 3021 3016 3013 3025 3034 3067 3079 3078 3080 3076 3079 3084 3066 3084 3096 3095 3081 3078 3086 3093 3107 3087 3090 3083 3085 3078 3065 3068 3050 3029 3016 3041 3027
2999 2996 3001 3003 2995 2991 2986 3002 2988 2982 2991 2998 2992 2991 2983 2994 2998 2995 2993 2995 2990 2987 2998 3010 2999 3008 3012 2999 3001 3007 3003 3007 3002 3014 3024 3033 3068 3079 3090 3074 3070 3090 3085 3086 3095 3072 3088 3077 3093 3104 3100 3098 3093 3091 3094 3084 3071 3057 3060 3050 3046 3034 3028 3036
2991 3000 3004 2999 3001 2993 2979 2998 2997 2982 3000 2992 2999 2999 2989 2997 2984 2997 2995 2996 2999 2998 3015 3009 3005 3004 3000 3013 3017 3007 3004 3007 2998 2998 3016 3032 3053 3085 3078 3072 3072 3077 3083 3082 3086 3105 3085 3080 3095 3106 3106 3098 3095 3093 3099 3091 3066 3056 3056 3064 3045 3046 3030 3023
3000 3001 2997 3006 3010 2992 2988 2993 2986 2996 2986 2992 2992 2989 2988 2989 2993 2997 3008 3017 3001 2994 2985 2999 3021 3024 3018 3009 3001 3007 3018 3004 2993 3017 3020 3045 3051 3076 3081 3067 3088 3068 3079 3082 3078 3086 3081 3093 3100 3102 3089 3089 3102 3084 3098 3076 3061 3056 3056 3055 3047 3030 3024 3011
3012 3005 2999 3002 3003 3004 2989 2983 2984 2992 2986 2994 2993 2999 2992 2985 2987 2995 2999 3016 3002 3001 2990 3005 3033 3030 3014 3017 3022 3005 3010 3009 3012 3015 3023 3039 3075 3073 3082 3079 3068 3074 3091 3084 3083 3097 3086 3081 3087 3103 3093 3090 3095 3083 3070 3066 3046 3044 3054 3050 3043 3039 3035 3019
3018 3000 3015 3009 3019 3019 2990 2998 3002 2995 2985 3007 2999 2996 2995 2993 3003 3001 3023 3010 3001 3004 3000 3015 3019 3023 3022 3026 3030 3023 3014 3016 3020 3022 3032 3056 3063 3075 3081 3081 3078 3083 3094 3092 3087 3093 3100 3098 3105 3085 3106 3086 3094 3087 3080 3058 3068 3054 3065 3060 3062 3050 3051 3035
3016 3017 3009 3007 3021 3003 2993 2992 3008 3001 2991 2991 3000 3002 3004 3013 3023 3001 2997 3000 2991 3005 3016 3025 3015 3026 3022 3041 3047 3043 3037 3020 3008 3015 3045 3067 3084 3087 3078 3094 3092 3089 3080 3093 3091 3092 3095 3095 3099 3100 3106 3093 3095 3086 3068 3054 3052 3061 3064 3068 3055 3062 3046 3043
3011 3000 3004 3002 3003 2998 2989 2997 3004 2998 3016 3004 3008 3002 3008 3018 3005 3024 3011 3012 2995 3005 3025 3005 3019 3018 3036 3044 3051 3046 3042 3017 3016 3026 3053 3067 3076 3081 3089 3094 3102 3097 3093 3090 3086 3105 3094 3107 3072 3081 3085 3083 3088 3076 3067 3048 3056 3050 3044 3059 3054 3050 3045 3039
3011 3009 2998 3003 3007 2994 2998 2991 2988 3008 3023 3019 3010 3010 3008 3018 3005 3029 3011 2999 3005 3021 3024 3031 3036 3030 3056 3056 3051 3052 3039 3036 3018 3034 3067 3082 3069 3083 3086 3091 3083 3087 3095 3090 3103 3085 3096 3097 3085 3079 3076 3069 3060 3064 3052 3059 3055 3055 3052 3044 3067 3048 3049 3024
3025 3017 2992 2999 3013 3005 2989 2996 3003 2991 3003 3017 3028 3014 3005 3026 3016 3026 3015 3016 3010 3017 3009 3031 3020 3039 3042 3050 3051 3052 3044 3037 3031 3048 3065 3083 3096 3098 3085 3092 3094 3084 3098 3097 3102 3109 3114 3092 3100 3092 3074 3059 3078 3075 3044 3037 3049 3053 3051 3057 3040 3050 3040 3024
3015 3005 2997 3006 3019 2998 3001 2996 2998 2992 3005 3004 3026 3024 3028 3015 3025 3013 3012 3003 3007 3019 3019 3025 3036 3037 3042 3038 3046 3045 3031 3029 3040 3046 3058 3086 3082 3088 3086 3099 3105 3099 3097 3105 3093 3094 3107 3105 3095 3080 3083 3063 3079 3071 3064 3051 3050 3041 3062 3063 3049 3045 3039 3038
3015 3008 3009 3025 3007 3008 3017 3009 2987 3010 3009 3013 3021 3013 3008 3016 3001 3004 2999 3026 3026 3027 3023 3040 3023 3036 3054 3044 3050 3042 3039 3052 3048 3065 3061 3090 3080 3091 3102 3079 3101 3097 3086 3096 3084 3096 3096 3118 3100 3088 3097 3079 3080 3063 3069 3068 3051 3054 3059 3046 3046 3037 3042 3046
3010 3014 3006 3004 3003 3024 3031 3008 3011 3007 3023 3010 3010 3013 3006 3015 2994 2998 3007 3012 3020 3021 3029 3033 3036 3065 3053 3073 3050 3054 3060 3067 3071 3065 3077 3075 3106 3069 3089 3089 3084 3082 3099 3098 3089 3099 3091 3091 3100 3100 3091 3083 3087 3085 3072 3061 3062 3069 3047 3046 3040 3038 3063 3067
