3077 3082 3083 3072 3070 3052 3037 3048 3055 3057 3070 3072 3043 3058 3073 3069 3053 3052 3054 3047 3041 3035 3029 3027 3051 3059 3049 3044 3038 3041 3030 3015 3030 3019 3029 3037 3037 3032 3025 3028 3019 3025 3024 3026 3006 3019 3012 3027 3025 3031 3036 3028 3049 3040 3065 3042 3042 3041 3043 3055 3047 3052 3054 3041
3071 3078 3067 3066 3058 3044 3054 3054 3051 3068 3070 3052 3054 3048 3056 3056 3058 3048 3060 3045 3052 3052 3043 3045 3059 3046 3036 3037 3044 3046 3037 3041 3045 3036 3041 3038 3039 3024 3030 3026 3027 3037 3033 3038 3019 3031 3025 3040 3041 3025 3047 3040 3037 3044 3035 3053 3049 3048 3051 3046 3044 3066 3044 3043
3052 3059 3055 3054 3045 3060 3052 3051 3057 3048 3054 3065 3038 3044 3062 3054 3037 3046 3059 3043 3033 3039 3036 3028 3043 3044 3037 3035 3048 3048 3055 3052 3040 3041 3034 3032 3033 3042 3036 3028 3033 3041 3041 3037 3027 3023 3018 3036 3028 3018 3035 3042 3038 3046 3045 3063 3051 3042 3054 3052 3049 3051 3055 3066
3076 3076 3049 3053 3064 3042 3054 3045 3055 3049 3060 3046 3045 3045 3059 3049 3040 3049 3045 3033 3052 3050 3032 3048 3046 3048 3044 3052 3054 3065 3061 3047 3054 3047 3035 3029 3027 3020 3031 3037 3027 3038 3037 3035 3028 3033 3026 3030 3038 3030 3029 3043 3045 3025 3050 3048 3058 3062 3051 3043 3045 3057 3042 3068
3080 3053 3046 3053 3057 3048 3028 3039 3047 3058 3027 3044 3050 3044 3053 3042 3038 3055 3031 3045 3052 3052 3046 3044 3043 3061 3051 3060 3073 3087 3059 3049 3055 3042 3044 3025 3016 3005 3029 3044 3029 3025 3027 3027 3028 3021 3027 3022 3032 3028 3011 3040 3033 3042 3061 3051 3055 3045 3063 3046 3058 3052 3059 3066
3063 3061 3052 3046 3046 3054 3043 3053 3045 3038 3051 3049 3053 3059 3043 3050 3047 3051 3043 3047 3040 3057 3049 3039 3046 3043 3042 3043 3057 3069 3063 3073 3048 3051 3034 3024 3022 3020 3013 3032 3027 3027 3025 3031 3041 3025 3022 3034 3024 3029 3032 3044 3036 3048 3046 3050 3047 3052 3064 3051 3058 3049 3057 3069
3060 3057 3050 3051 3053 3040 3047 3042 3027 3048 3050 3043 3045 3048 3045 3039 3047 3056 3047 3058 3045 3043 3045 3034 3045 3027 3035 3042 3057 3058 3061 3051 3053 3048 3021 3023 3025 3019 3026 3017 3017 3035 3019 3020 3020 3024 3027 3032 3048 3041 3030 3029 3043 3029 3033 3027 3039 3057 3048 3044 3043 3047 3049 3044
3027 3026 3025 3027 3031 3021 3023 3014 3014 3027 3023 3032 3038 3036 3034 3028 3029 3029 3024 3021 3019 3043 3035 3031 3024 3015 3021 3018 3042 3049 3059 3062 3056 3049 3034 3034 3025 3028 3031 3019 3014 3019 3006 3023 3018 3025 3039 3032 3025 3030 3035 3027 3031 3033 3037 3051 3061 3046 3051 3060 3049 3048 3057 3058
3012 2988 3003 3000 2976 2976 2985 2985 2997 3005 3005 3014 3005 2998 3022 3017 3015 3018 3015 3019 3011 3012 3016 2996 3004 3002 2997 3013 3020 3048 3058 3059 3063 3057 3019 3015 3030 3015 3017 3027 3025 3019 3022 3004 3003 3004 3022 3015 3023 3024 3024 3026 3024 3026 3043 3052 3061 3050 3054 3052 3045 3050 3048 3056
2984 2988 2991 2986 2987 2983 2977 2994 3001 2989 2982 2995 3006 2985 2994 3000 2997 3012 3016 3015 3022 3011 3015 2998 3009 2993 3012 3006 3021 3026 3061 3068 3069 3044 3047 3022 3036 3009 3011 3015 3025 3006 3010 3012 3024 3026 3039 3030 3044 3038 3037 3041 3032 3038 3041 3034 3044 3049 3054 3064 3059 3049 3062 3046
2967 2980 2982 2988 2988 2984 2991 3003 3021 3005 3001 2995 2987 2992 2998 2994 2999 3011 3012 3015 3022 3010 2997 2993 3006 2990 3006 3007 3022 3053 3064 3081 3080 3064 3040 3041 3033 3011 3017 3012 3006 3011 3014 3037 3036 3049 3055 3055 3047 3036 3048 3025 3030 3042 3048 3042 3042 3036 3043 3046 3068 3072 3072 3066
2978 2980 2981 2992 2996 2992 2994 3004 3008 3000 3007 3002 2995 2993 2995 3007 2997 3014 3023 3034 3032 3039 3021 2997 3027 3012 2988 3001 3019 3043 3064 3088 3080 3060 3059 3042 3020 3013 3014 3011 3015 3024 3025 3030 3052 3063 3073 3061 3052 3040 3027 3023 3027 3019 3044 3041 3042 3047 3056 3052 3053 3069 3083 3071
2987 2981 2999 2997 2985 3002 2990 3013 2999 2994 3003 2999 3000 3002 2985 2986 2996 3010 3036 3041 3047 3060 3032 3029 3005 3005 3009 3021 3010 3049 3073 3084 3095 3088 3066 3046 3019 3003 3020 3011 3017 3016 3031 3050 3062 3073 3081 3071 3060 3025 3036 3022 3003 3034 3038 3038 3038 3050 3059 3051 3059 3076 3077 3079
2983 2982 2990 3001 2996 3001 2989 3000 3004 3005 3006 3006 3005 3013 2998 2999 3000 3007 3035 3068 3064 3060 3037 3027 3008 3003 3013 3027 3019 3039 3065 3085 3086 3072 3067 3059 3025 3012 3016 3018 3022 3021 3029 3052 3074 3063 3069 3067 3047 3033 3029 3022 3020 3022 3024 3028 3037 3036 3058 3060 3063 3061 3073 3081
2973 2991 3003 2994 2997 2996 2986 2987 2997 2993 2996 3003 2997 3019 3015 2999 3005 3021 3057 3063 3061 3083 3050 3035 3025 3011 3010 3009 3015 3035 3067 3078 3085 3076 3081 3058 3034 3022 3016 3008 3015 3019 3043 3040 3063 3078 3073 3073 3050 3041 3027 3021 3021 3021 3023 3032 3041 3049 3060 3069 3069 3058 3071 3080
2995 2995 3005 3009 3003 3002 3005 2996 3000 2998 3002 2994 3003 3006 3008 3009 2999 3029 3043 3072 3062 3068 3070 3042 3019 3015 3019 3009 3010 3039 3052 3058 3083 3063 3064 3048 3030 3029 3016 3017 3026 3011 3038 3040 3072 3077 3080 3077 3058 3036 3033 3032 3020 3018 3012 3024 3030 3045 3060 3066 3060 3067 3065 3075
3019 3022 3021 3006 2998 3018 3028 3010 3017 3025 2999 3008 3003 3008 3013 3013 3020 3041 3042 3067 3078 3072 3061 3050 3048 3026 3018 3024 3025 3021 3058 3072 3074 3077 3067 3068 3047 3023 3021 2999 3008 3017 3028 3046 3078 3080 3084 3067 3063 3040 3025 3015 3011 3016 3016 3008 3031 3042 3049 3071 3059 3078 3081 3076
3018 3024 3008 3007 3011 3017 3036 3021 3010 3005 3017 3004 3004 3005 3002 3017 3021 3043 3049 3054 3074 3067 3070 3053 3042 3016 3004 3027 3016 3041 3061 3056 3066 3081 3068 3066 3055 3025 3025 3018 3019 3008 3027 3046 3073 3081 3074 3064 3069 3042 3026 3015 3014 3018 3010 3014 3036 3038 3035 3062 3065 3070 3072 3081
2994 3002 3015 3015 2995 3016 3017 3009 3007 3020 3009 3011 2992 3005 3003 3014 3015 3022 3042 3050 3060 3064 3066 3072 3025 3023 3021 3006 3010 3029 3051 3072 3076 3073 3076 3065 3041 3043 3027 3011 3017 3006 3029 3043 3055 3083 3091 3081 3056 3045 3039 3017 3009 3014 3013 3013 3021 3026 3040 3048 3057 3073 3070 3063
3009 3013 3014 3014 3009 3022 3009 3020 3018 3003 3011 3004 3010 3005 2997 3003 2993 3014 3034 3072 3064 3072 3078 3062 3041 3029 3013 3016 3019 3021 3040 3065 3077 3071 3092 3058 3045 3022 3013 3019 3004 3010 3034 3037 3057 3074 3085 3079 3061 3042 3036 3006 3020 3023 3017 3012 3018 3009 3019 3047 3063 3070 3057 3066
3025 3020 3025 3013 3017 3021 3027 3014 3004 3027 3009 3013 3020 3007 2999 2989 3000 3022 3034 3053 3087 3079 3062 3062 3057 3042 3026 3025 3021 3035 3051 3057 3066 3081 3080 3077 3048 3034 3014 3017 3004 3019 3042 3056 3067 3084 3071 3062 3060 3026 3025 3019 3013 3018 3001 3008 3019 3023 3015 3040 3048 3061 3066 3060
3015 3024 3009 3015 3017 3013 3016 3000 3009 3006 3021 3023 3020 3016 2993 3001 2999 3011 3034 3051 3071 3080 3069 3076 3057 3056 3031 3028 3030 3039 3044 3067 3068 3073 3078 3070 3054 3022 3018 3016 3015 3020 3025 3061 3078 3086 3069 3076 3052 3044 3021 3014 3019 3014 3019 3007 3005 3009 3010 3015 3043 3058 3065 3063
3022 3012 3009 3005 3020 3006 3019 2999 3022 3013 3024 3015 3010 3016 2996 2991 2999 3008 3021 3040 3060 3078 3067 3062 3054 3049 3044 3022 3025 3032 3030 3051 3068 3080 3070 3083 3042 3030 3020 3008 3018 3025 3047 3057 3085 3086 3091 3069 3050 3038 3032 3022 3000 3011 3005 2998 3002 2998 3017 3009 3031 3035 3053 3059
3019 3019 3001 3004 3023 3017 3014 3016 3016 2995 3018 3011 3026 3012 3004 3007 3014 3017 3007 3034 3057 3072 3069 3070 3057 3058 3052 3033 3031 3038 3037 3060 3076 3078 3072 3073 3070 3044 3033 3024 3029 3029 3060 3075 3093 3075 3075 3075 3052 3040 3021 3003 3011 3021 3019 3007 3017 3005 3019 3025 3028 3038 3058 3083
3016 3018 3009 3019 3023 3022 3028 3017 3021 3020 3001 3025 3019 3010 3012 3022 3002 3022 3012 3028 3053 3064 3063 3076 3084 3060 3045 3048 3036 3036 3049 3074 3078 3078 3084 3082 3054 3049 3025 3020 3028 3021 3055 3071 3072 3086 3089 3076 3054 3036 3028 3022 3013 3025 2994 3009 3002 3016 3024 3033 3026 3037 3052 3073
3021 3016 3003 3024 3017 3018 3022 3024 3024 3017 3007 3014 3011 3016 3013 3008 3020 3028 3022 3033 3054 3072 3073 3068 3075 3064 3060 3059 3036 3037 3053 3063 3073 3080 3083 3069 3075 3047 3036 3022 3024 3037 3059 3079 3079 3084 3087 3073 3061 3028 3034 3015 3013 3014 3010 2993 3005 3017 3021 3030 3025 3042 3040 3052
3035 3020 3008 3034 3020 3019 3026 3027 3019 3024 3013 3004 3017 3008 3012 3021 2999 3020 3009 3035 3042 3068 3075 3081 3096 3072 3065 3054 3036 3040 3055 3060 3068 3079 3078 3089 3065 3063 3032 3029 3019 3037 3062 3080 3080 3079 3081 3066 3057 3031 3018 3013 3011 3005 3013 3009 3013 3017 3018 3017 3023 3027 3042 3058
3015 3020 3011 3022 3032 3025 3015 3028 3040 3035 3018 2999 2998 3006 3020 3017 3011 3021 3014 3015 3039 3062 3075 3086 3088 3070 3069 3066 3051 3039 3051 3060 3063 3067 3085 3082 3066 3043 3035 3031 3036 3038 3067 3075 3078 3073 3080 3066 3038 3032 3013 3021 3006 3007 2997 3022 3019 3008 3006 3008 3023 3028 3046 3072
3018 3025 3021 3023 3035 3030 3007 3030 3039 3034 3002 2995 3017 3031 3023 3020 3006 3018 3017 3037 3057 3052 3064 3075 3074 3086 3073 3061 3056 3034 3038 3052 3066 3083 3083 3074 3059 3035 3041 3032 3033 3061 3068 3084 3084 3087 3077 3066 3028 3022 3030 3012 3010 3015 3007 3011 3004 3008 3011 3019 3012 3002 3039 3076
3010 3018 3010 3028 3030 3024 3025 3028 3038 3025 3016 3010 3006 3024 3010 3011 3023 3002 3015 3029 3045 3047 3048 3067 3086 3078 3072 3052 3053 3045 3059 3046 3080 3103 3095 3080 3062 3050 3025 3035 3051 3069 3074 3075 3081 3100 3064 3050 3042 3022 3018 3025 3007 2999 3004 3016 3006 3006 3016 3000 3000 2997 3039 3060
3026 3018 3019 3032 3036 3045 3038 3047 3050 3030 3012 3015 3015 3018 3013 3007 3004 3014 3013 3018 3023 3039 3054 3066 3074 3083 3068 3055 3052 3036 3042 3071 3085 3088 3084 3081 3060 3054 3052 3043 3058 3070 3082 3087 3074 3085 3073 3059 3035 3026 3018 3016 3014 3010 3015 3012 3009 3016 3021 3016 3007 3014 3028 3059
3028 3025 3013 3037 3044 3046 3059 3056 3046 3039 3023 3014 3019 3008 3014 3007 3023 3014 3021 3012 3023 3020 3050 3062 3074 3076 3081 3062 3066 3056 3065 3060 3080 3077 3087 3088 3080 3050 3058 3062 3059 3072 3078 3081 3080 3089 3075 3037 3038 3004 3016 3019 3007 3009 3004 3012 3013 3017 3017 3022 3017 3006 3036 3056
3012 3014 3022 3038 3051 3056 3068 3081 3071 3065 3046 3031 3014 3008 3018 3011 3006 3007 3017 3000 3012 3025 3027 3042 3066 3092 3086 3064 3079 3072 3074 3063 3070 3093 3075 3087 3082 3061 3078 3073 3077 3088 3097 3075 3075 3063 3063 3046 3018 3011 2998 3007 3025 3018 3015 3019 3005 3015 3011 3025 3029 3021 3040 3058
3028 3019 3011 3035 3044 3052 3078 3080 3080 3058 3055 3046 3041 3037 3013 3018 3017 3018 3017 2998 3004 3016 3032 3048 3076 3092 3083 3078 3084 3074 3068 3080 3078 3078 3080 3089 3075 3083 3073 3074 3074 3086 3089 3078 3067 3062 3055 3040 3013 3004 3011 3019 3015 3010 3018 3012 3003 3006 3017 3024 3033 3037 3050 3063
3025 3025 3017 3037 3035 3050 3079 3066 3081 3075 3075 3055 3060 3034 3027 3017 3008 3002 3011 3005 3017 3010 3030 3040 3073 3078 3081 3074 3102 3072 3081 3072 3080 3087 3084 3081 3095 3073 3080 3072 3080 3078 3088 3084 3088 3081 3046 3029 3007 3010 3011 3009 3010 3007 3003 3012 3003 3008 3028 3029 3038 3045 3051 3060
3015 3028 3022 3019 3015 3047 3048 3070 3084 3084 3077 3077 3055 3057 3042 3026 3030 3014 3015 3009 3005 3021 3025 3038 3073 3085 3089 3072 3077 3076 3077 3087 3084 3088 3081 3089 3086 3086 3072 3062 3086 3076 3081 3087 3088 3069 3045 3023 3015 3025 3007 3014 3006 3011 3009 2998 3018 3006 3025 3028 3051 3049 3063 3068
3025 3018 3008 3020 3005 3029 3043 3049 3060 3076 3080 3077 3066 3056 3057 3029 3052 3036 3019 3025 3015 3015 3026 3060 3069 3080 3071 3081 3090 3083 3077 3093 3086 3090 3089 3082 3072 3087 3082 3075 3069 3077 3083 3090 3063 3080 3036 3021 3011 3018 3013 3012 3020 3009 3012 3002 3007 3008 3024 3058 3057 3063 3088 3070
3013 3003 3016 3008 3021 3014 3022 3045 3052 3057 3073 3068 3073 3071 3068 3049 3066 3038 3040 3022 3027 3029 3038 3057 3070 3075 3079 3091 3088 3092 3085 3076 3096 3086 3088 3079 3093 3080 3082 3077 3085 3081 3094 3087 3086 3088 3055 3029 3012 3013 3005 3007 3016 3017 3008 3005 3005 3032 3072 3060 3078 3082 3077 3081
3013 3003 3000 3014 3016 3014 3027 3030 3040 3045 3063 3063 3066 3084 3060 3060 3072 3065 3055 3037 3039 3047 3056 3063 3088 3092 3091 3094 3081 3081 3102 3086 3092 3087 3082 3089 3082 3080 3087 3079 3076 3095 3084 3088 3087 3058 3044 3029 3015 3010 3016 3014 3014 3040 3023 3031 3052 3055 3057 3090 3076 3072 3071 3091
3013 3004 3011 3004 3000 3012 3012 3008 3026 3041 3050 3059 3067 3065 3065 3071 3067 3074 3072 3066 3065 3058 3049 3079 3085 3092 3085 3094 3089 3098 3097 3095 3085 3076 3083 3087 3084 3088 3082 3081 3086 3084 3092 3087 3082 3076 3053 3039 3029 3022 3014 3020 3011 3029 3043 3054 3063 3066 3074 3074 3086 3084 3073 3090
3002 3004 3013 3004 2994 3003 3004 3009 3020 3034 3030 3051 3045 3052 3052 3072 3085 3077 3076 3077 3074 3070 3058 3057 3088 3081 3081 3089 3078 3080 3088 3090 3094 3092 3083 3085 3078 3073 3075 3091 3086 3096 3089 3095 3088 3081 3060 3040 3032 3024 3030 3032 3032 3049 3060 3068 3056 3070 3070 3087 3071 3093 3089 3080
3006 3006 3006 3008 3005 3007 3012 3002 3022 3011 3019 3026 3031 3043 3054 3055 3067 3085 3078 3078 3075 3083 3076 3076 3088 3091 3074 3080 3084 3101 3085 3088 3080 3105 3082 3092 3076 3098 3077 3089 3083 3094 3102 3088 3089 3099 3055 3039 3042 3038 3044 3044 3055 3064 3081 3078 3074 3068 3068 3090 3090 3092 3084 3094
3002 3011 3014 3015 3017 3012 2997 3010 3007 3008 3022 3006 3015 3026 3029 3054 3053 3076 3074 3082 3066 3082 3080 3076 3090 3084 3084 3090 3085 3089 3091 3088 3093 3086 3089 3083 3091 3086 3078 3078 3082 3089 3096 3093 3092 3098 3070 3065 3064 3062 3055 3059 3061 3063 3083 3072 3081 3085 3089 3085 3085 3081 3093 3095
3014 3011 3010 3019 3004 2995 3007 3013 3013 3008 3021 3002 3015 3018 3029 3042 3062 3061 3093 3062 3067 3084 3080 3079 3090 3084 3090 3092 3080 3094 3087 3078 3090 3082 3080 3073 3085 3078 3080 3079 3087 3080 3093 3083 3102 3075 3080 3079 3077 3072 3075 3063 3089 3073 3083 3071 3091 3079 3080 3076 3083 3074 3083 3088
3018 3030 3009 2996 3005 3005 3006 3017 3017 3030 3000 3008 3002 3017 3022 3024 3033 3051 3070 3075 3071 3069 3083 3085 3076 3081 3087 3090 3085 3086 3080 3095 3098 3087 3099 3094 3087 3081 3096 3103 3089 3089 3099 3097 3092 3077 3074 3092 3074 3100 3072 3072 3086 3094 3080 3068 3081 3080 3058 3070 3083 3086 3082 3089
3007 3000 3015 3009 3008 3002 3005 3012 3022 3020 2995 3003 3000 3002 3020 3019 3016 3045 3065 3078 3073 3074 3091 3086 3076 3091 3075 3086 3081 3089 3099 3097 3098 3105 3087 3091 3079 3098 3084 3099 3105 3087 3093 3092 3086 3084 3087 3082 3086 3076 3074 3077 3085 3077 3067 3087 3091 3068 3064 3069 3078 3083 3090 3086
3005 3012 3014 3003 3004 3002 2993 3007 3003 3005 3008 3002 3007 3013 3013 3015 3005 3021 3036 3058 3062 3067 3083 3083 3093 3084 3098 3087 3093 3095 3087 3087 3094 3092 3091 3096 3084 3080 3091 3095 3079 3090 3093 3083 3081 3089 3093 3082 3085 3093 3080 3081 3076 3082 3089 3086 3070 3085 3079 3080 3077 3069 3081 3090
3006 3004 3029 3005 3003 3010 3008 3004 3007 3000 2999 3013 3011 3008 3007 3012 3015 3013 3036 3030 3063 3076 3075 3072 3085 3087 3081 3090 3088 3096 3089 3094 3085 3099 3090 3093 3088 3090 3091 3092 3102 3093 3085 3078 3081 3082 3089 3089 3088 3092 3098 3089 3089 3088 3093 3081 3074 3084 3080 3079 3074 3063 3074 3097
3013 3000 3002 3017 3009 3015 3004 3019 3003 3009 3008 3006 2998 2993 3003 3016 3003 3015 3012 3037 3066 3073 3084 3091 3076 3084 3081 3086 3094 3091 3081 3095 3098 3099 3096 3097 3096 3088 3092 3088 3081 3092 3087 3078 3091 3077 3090 3101 3098 3097 3094 3088 3082 3087 3083 3092 3074 3074 3090 3100 3087 3077 3084 3087
2999 3005 2997 3004 3006 3016 3006 3006 3011 2998 2999 3001 3003 2997 2993 3022 3009 3004 3008 3035 3058 3073 3073 3085 3094 3077 3078 3082 3081 3097 3095 3108 3093 3095 3096 3104 3109 3097 3109 3087 3099 3085 3077 3077 3081 3078 3086 3076 3092 3095 3085 3090 3078 3085 3082 3085 3086 3074 3072 3093 3085 3078 3084 3076
3000 3005 3012 3007 2993 3003 3001 3012 3005 3004 2998 2999 3002 2997 3005 3007 3019 3013 3020 3027 3047 3057 3086 3082 3080 3083 3076 3083 3077 3088 3088 3093 3095 3096 3105 3097 3106 3099 3084 3096 3094 3094 3090 3093 3087 3080 3089 3089 3077 3075 3098 3082 3093 3089 3081 3084 3076 3089 3065 3090 3082 3084 3083 3093
2992 3014 3017 3010 2990 2996 3010 3016 3015 3018 3019 3008 3000 2992 2984 3001 3018 3007 3023 3031 3046 3060 3074 3092 3079 3091 3073 3083 3093 3100 3090 3077 3090 3098 3103 3107 3105 3091 3079 3085 3088 3094 3089 3101 3099 3090 3088 3091 3078 3088 3081 3085 3083 3087 3077 3065 3070 3084 3076 3067 3073 3074 3067 3077
2988 3008 3012 3000 2991 3003 3011 3007 3020 3001 3004 3014 3021 2999 3003 3002 3019 3010 3023 3027 3053 3057 3065 3065 3081 3085 3094 3085 3086 3083 3085 3086 3079 3084 3090 3096 3088 3074 3073 3078 3091 3079 3081 3089 3095 3082 3080 3083 3082 3077 3080 3097 3072 3081 3064 3070 3076 3080 3069 3070 3072 3079 3088 3087
2992 3000 3003 3003 3010 3020 3006 3022 3021 3021 3003 3013 3003 3010 3015 3006 3014 3021 3028 3027 3031 3049 3060 3070 3088 3080 3064 3082 3088 3080 3085 3091 3091 3090 3081 3092 3090 3072 3087 3081 3077 3079 3065 3081 3093 3082 3081 3080 3087 3091 3078 3088 3091 3095 3076 3071 3065 3090 3076 3073 3064 3082 3071 3084
3008 3007 3003 3005 3003 3007 3000 3005 3013 3016 3012 3019 3009 3007 3000 3006 3003 3015 3018 3015 3033 3037 3052 3080 3080 3079 3074 3068 3095 3093 3075 3085 3084 3082 3090 3088 3078 3075 3087 3081 3087 3070 3087 3083 3070 3081 3072 3081 3085 3079 3085 3092 3074 3077 3065 3061 3071 3070 3067 3081 3074 3072 3073 3082
3016 3005 3004 3005 3014 3002 2998 3007 3006 3004 3020 3003 2997 2995 2992 3002 3020 3006 3020 3027 3029 3032 3057 3068 3087 3083 3068 3071 3094 3099 3089 3094 3101 3117 3091 3086 3073 3077 3097 3096 3081 3075 3093 3086 3082 3086 3073 3078 3089 3075 3087 3087 3092 3077 3068 3080 3079 3064 3072 3069 3073 3071 3072 3098
3014 3011 2998 3001 3013 3012 3002 3007 3002 3005 3012 3005 3006 3010 3001 3008 3021 3027 3015 3024 3025 3042 3069 3077 3077 3088 3086 3077 3081 3074 3090 3080 3086 3094 3094 3091 3083 3078 3075 3083 3082 3100 3071 3081 3090 3078 3080 3079 3092 3101 3092 3092 3096 3070 3078 3082 3064 3073 3082 3082 3080 3089 3078 3087
3015 3022 3007 3018 3022 3008 3009 3005 2997 2986 3000 3003 3012 3006 3032 3010 3012 3014 3025 3031 3030 3056 3073 3094 3086 3095 3086 3081 3090 3094 3091 3084 3094 3090 3084 3105 3085 3093 3077 3063 3081 3091 3093 3089 3072 3084 3068 3055 3100 3082 3097 3097 3080 3074 3079 3086 3078 3069 3072 3075 3083 3088 3093 3088
3016 3019 3016 3011 3021 3006 2997 3008 3013 3013 3013 3007 3008 3007 3016 3013 3023 3026 3022 3024 3045 3059 3062 3084 3072 3079 3083 3080 3074 3091 3086 3089 3094 3091 3097 3091 3100 3087 3084 3093 3080 3082 3086 3088 3079 3077 3074 3068 3066 3077 3088 3083 3091 3085 3080 3079 3086 3076 3082 3063 3087 3087 3089 3089
3027 3029 3016 3017 3008 3007 3025 3018 3019 3023 3018 3020 3017 3016 3011 3030 3025 3033 3020 3033 3061 3065 3084 3086 3074 3078 3083 3078 3076 3080 3079 3104 3105 3090 3093 3083 3089 3092 3087 3090 3091 3083 3081 3087 3075 3089 3079 3090 3081 3079 3086 3074 3087 3082 3085 3080 3074 3075 3075 3082 3085 3081 3088 3080
3010 3021 3008 2998 3012 3013 3000 3015 3009 3013 3031 3015 3013 3006 3007 3022 3025 3029 3038 3044 3064 3065 3099 3086 3083 3088 3063 3069 3065 3071 3075 3077 3106 3092 3095 3076 3091 3088 3099 3076 3087 3073 3075 3083 3084 3085 3090 3081 3101 3075 3077 3083 3095 3104 3083 3068 3073 3080 3069 3068 3081 3077 3077 3078
3040 3020 2997 2999 3013 3007 3015 3015 3030 3016 3022 3026 3019 3017 3021 3018 3030 3036 3050 3065 3080 3087 3093 3102 3099 3091 3078 3076 3091 3084 3089 3093 3092 3096 3093 3084 3095 3091 3090 3090 3093 3072 3087 3087 3074 3077 3082 3079 3080 3081 3069 3085 3088 3081 3071 3072 3072 3064 3074 3091 3080 3065 3088 3081
3012 3018 3020 3025 3006 3006 3018 3003 3013 3024 3034 3037 3011 3026 3025 3037 3050 3055 3068 3082 3073 3079 3079 3090 3103 3092 3090 3084 3081 3095 3099 3110 3100 3101 3079 3079 3093 3089 3090 3087 3063 3070 3081 3073 3098 3089 3085 3080 3077 3076 3083 3079 3074 3079 3092 3089 3084 3082 3079 3080 3084 3072 3076 3066
2995 3023 3031 3015 3005 3010 2995 3015 3017 3014 3028 3026 3015 3030 3045 3059 3076 3070 3063 3061 3053 3084 3067 3093 3096 3096 3085 3082 3091 3088 3107 3093 3090 3100 3092 3095 3085 3075 3074 3086 3066 3057 3067 3075 3085 3096 3103 3092 3081 3064 3077 3076 3085 3100 3081 3088 3090 3069 3079 3082 3076 3069 3082 3078
