3024 3002 3014 3019 3025 3020 3019 3014 3024 3012 3009 3017 3016 3010 3015 3017 3021 3014 3010 3010 3006 3019 3027 3026 3037 3032 3022 3023 3019 3026 3017 3019 3014 3003 3027 3024 3025 3016 3026 3020 3022 3017 3005 3012 3018 3011 3010 3009 3013 3009 3010 3020 3016 2986 3016 3039 3034 3035 3045 3023 3031 3029 3023 3019
3012 3016 3021 3024 3011 2997 3006 3008 3008 3011 3009 3021 2994 3003 3005 3006 3012 3019 3009 3019 3022 3019 3019 3034 3020 3014 3014 3009 3011 3013 3018 3005 3018 3013 3014 3012 3006 3014 2997 3006 3019 3010 3007 3008 3008 3010 3021 3005 3014 3016 3012 3015 3017 3003 3006 3027 3019 3022 3028 3032 3038 3027 3039 3038
3026 3021 3019 3012 3012 3000 2989 3000 3003 3017 3016 3006 3003 2998 2994 3012 2996 3008 3014 3027 3010 3013 3029 3014 3019 3010 3014 3001 3012 3020 3000 3013 3014 3008 3009 3005 2997 2993 2996 3013 3021 3016 3026 3028 3013 3019 3008 3013 3004 3006 3022 3023 3007 3003 3002 2999 3018 3030 3033 3047 3043 3056 3040 3074
3024 3023 3011 3001 3008 2997 3009 3008 3003 3015 3010 3009 2992 3013 3013 3000 3012 3017 3020 3010 3018 3014 3022 3001 3026 3014 3010 3014 3018 3004 3017 3011 3024 3025 3014 3026 3012 3014 3010 3006 3017 3018 3011 3019 3009 3015 3025 3008 2998 2996 3004 3010 3013 3020 3018 3019 3029 3026 3041 3034 3033 3044 3059 3051
2996 3009 3002 3002 3017 3012 3001 3009 2996 3015 3037 3003 3006 3001 3006 2997 3008 2996 3005 3008 3019 3011 3005 3003 3014 3012 3008 3008 3015 3021 3012 3000 3002 3014 3021 3019 3030 3023 3033 3024 3013 3012 3015 3017 3002 2995 3015 3003 3002 3003 3013 3009 3018 3032 3030 3036 3034 3024 3034 3025 3030 3044 3030 3032
2993 3006 2997 3004 3008 3004 3003 3001 3010 3010 3022 3015 2994 3023 3004 3016 3014 3020 3017 3006 3024 3019 3002 3007 3004 3011 3020 3023 3014 3010 3011 3012 3005 3005 3020 3012 3019 3027 3022 3011 3021 3008 2992 3017 3005 3006 3003 3008 3006 3012 3004 3004 3022 3030 3031 3028 3036 3036 3036 3021 3045 3048 3037 3051
2995 3001 2996 3007 3017 3008 3009 3017 3026 3026 3021 3006 3002 3007 3011 3017 3009 3008 2997 3014 3013 3021 3013 3014 3014 3009 3012 3014 3015 3010 3014 3013 3013 3002 3008 3020 3002 2997 3020 3018 3020 3005 3004 3006 3015 3017 3009 2997 3002 3016 3015 3018 3007 3022 3023 3029 3032 3039 3046 3025 3049 3054 3052 3058
3001 3006 3015 3015 3023 3016 3012 3017 3020 3020 3010 3007 3018 2995 2998 3012 3014 2997 3003 3010 3025 3026 3007 3021 3017 3020 3016 3023 3038 3026 3004 3014 3011 2999 2999 3015 3016 3006 3019 3008 3014 3013 3007 3012 3010 3009 3003 2993 3005 3012 3029 3019 3015 3017 3036 3026 3039 3041 3042 3033 3039 3070 3046 3058
3011 3005 3019 3023 3022 3012 3018 3030 3026 3006 3008 3005 2997 3010 3011 3001 2997 3006 3008 3004 3005 3035 3012 3030 3017 3027 3015 3018 3020 3013 3010 2996 3000 3010 3025 3003 3006 3017 3008 3013 3019 3020 3008 3009 3020 3023 3005 3010 3021 3002 3012 3014 3025 3029 3029 3055 3066 3036 3039 3046 3034 3051 3039 3045
3028 3019 3014 3017 3017 3026 3024 3020 3022 3014 3005 3006 3010 3013 3009 3006 3006 3007 3016 3008 3020 3015 3017 3023 3016 3022 3012 3016 3014 3018 3023 3005 3010 3006 3009 3011 3012 3008 3003 3017 3019 3017 3010 3003 3020 3018 3014 3009 3022 3014 3006 3008 3037 3026 3030 3060 3036 3048 3056 3049 3053 3059 3050 3036
3029 3007 2997 3011 3014 3024 3027 3029 3023 3019 3011 3014 3007 3009 3011 3013 3011 3022 3015 3026 3015 3024 3017 3021 3022 3013 3010 2983 3001 3021 3003 3023 3024 3016 3013 3019 3006 3007 2996 2994 3015 2995 3015 3018 3014 3005 3013 3016 3005 3010 3005 3009 3032 3039 3049 3044 3034 3051 3062 3056 3059 3050 3054 3044
3021 3018 3021 3021 3020 3021 3027 3034 3032 3016 3009 3013 3014 3011 3020 3019 3017 3000 3016 3014 3013 3011 3019 3008 3014 3011 2993 3007 2993 3017 3014 3008 3013 3026 3029 3005 3001 3007 3017 3007 3019 3013 3013 3024 3021 3011 3009 3000 3017 3015 3006 3002 3029 3042 3038 3039 3047 3045 3054 3061 3050 3044 3057 3053
3011 3016 3019 3017 3038 3040 3027 3011 3011 3030 3013 3005 3028 3022 3017 3012 3035 3023 3024 3019 3010 3018 3014 2994 3021 3005 2999 2995 3013 2998 3011 3013 3001 3004 3021 3012 3014 3004 3012 3011 3006 2994 3016 3007 3016 3007 3004 3005 3002 3007 3006 3008 3027 3043 3041 3042 3049 3061 3043 3068 3058 3077 3050 3048
3024 3011 3013 3018 3027 3018 3011 3011 3028 3023 3013 3016 3012 3032 3005 3019 3008 3010 3015 3015 3013 3010 3004 3006 3001 3000 3000 3016 3011 3008 3002 3008 3009 3015 3009 3020 3009 2998 3009 3016 3011 2999 3019 3005 3007 3001 3003 3013 3014 3014 3005 3001 3017 3037 3034 3040 3062 3038 3049 3054 3050 3051 3048 3054
3008 3005 3028 3012 3013 3010 3012 3034 3016 3014 3017 3008 3017 3025 3012 3025 2999 3008 3013 3003 3010 3003 3019 3009 3002 3001 3012 3010 3011 3016 3025 3036 3012 3016 3023 3010 3012 3034 3019 3013 3004 3010 3003 3026 3011 3010 3035 3031 3009 3013 3009 3019 3014 3031 3036 3041 3035 3050 3051 3044 3044 3050 3056 3065
3021 3009 3023 3024 3015 3017 3016 3014 3019 3025 3013 3026 3011 2996 3019 3011 3003 3010 3019 3018 3008 3020 3016 3003 3006 3012 3001 3013 3011 3018 3016 3015 3034 3013 3018 3012 3019 3012 3007 3007 3002 2995 3009 3026 3022 3019 3026 3024 3007 2996 3011 3008 3025 3017 3045 3038 3054 3059 3066 3066 3057 3050 3060 3062
3021 3014 3038 3022 3006 3019 3027 3018 3018 3026 3028 3023 3017 3013 3014 3006 3001 3015 3028 3012 3016 3014 3020 3009 3020 3014 3009 3021 3017 3015 3029 3015 3021 3021 3011 3013 3005 3014 3013 3012 3014 3010 3023 3025 3026 3012 3018 3014 3006 3012 3022 3021 3019 3024 3035 3052 3048 3064 3062 3060 3076 3062 3066 3068
3019 3030 3023 3020 3021 3018 3020 3025 3022 3024 3018 3006 3011 3019 3016 3017 3000 2995 3016 3018 3018 3009 3015 3015 3016 3024 3012 3021 3033 3017 3027 3017 3015 3008 3022 3023 3014 3012 3022 3009 3022 3023 3029 3023 3018 3015 3010 3009 3020 3011 3021 3034 3024 3025 3032 3052 3049 3058 3059 3064 3073 3072 3065 3073
3005 3011 3001 3020 3011 3008 3008 3010 3017 3016 3012 3010 3002 3011 3009 3007 3008 3007 3017 3023 3008 3007 3018 3015 3019 3004 3010 3019 3021 3022 3007 3018 3016 3014 3024 3030 3034 3030 3010 3009 3021 3037 3013 3010 3022 3021 3014 3026 3018 3020 3027 3013 3005 3010 3037 3052 3057 3074 3056 3075 3074 3058 3074 3078
3006 3013 3017 3008 2995 3012 3017 3014 3024 3022 3009 3009 3013 3010 3022 3020 3014 3019 3022 3008 3012 3002 3017 3023 3018 3011 3015 3016 3028 3021 3030 3009 3019 3014 3025 3027 3021 3034 3026 3021 3026 3019 3026 3004 3024 3031 3010 3011 3029 3035 3025 3038 3040 3025 3028 3055 3064 3064 3070 3077 3076 3081 3086 3083
3002 3034 3031 3018 3018 3003 3016 3009 3012 3019 3019 3016 3021 3012 3026 3023 3021 3012 3016 3017 3023 3017 3029 3011 3018 3018 3008 3019 3018 3019 3035 3016 3043 3035 3027 3031 3030 3037 3020 3030 3030 3038 3031 3038 3029 3024 3031 3031 3029 3041 3034 3045 3043 3035 3037 3054 3073 3070 3067 3069 3067 3096 3094 3094
3010 3023 3026 3017 3022 3016 3017 2996 3007 3007 2994 3003 3020 3024 3020 3024 3033 3027 3025 3027 3021 3031 3030 3035 3021 3014 3022 3025 3038 3032 3047 3027 3029 3028 3032 3034 3036 3022 3017 3040 3027 3034 3038 3031 3027 3029 3028 3035 3026 3033 3045 3035 3034 3033 3042 3057 3055 3055 3075 3080 3093 3088 3082 3086
3008 3019 3024 3021 3020 3024 3012 3020 3022 3023 3014 3017 3030 3041 3027 3039 3034 3025 3033 3032 3044 3036 3032 3032 3033 3030 3030 3030 3038 3040 3041 3038 3036 3032 3029 3037 3034 3035 3022 3030 3016 3026 3011 3028 3034 3031 3028 3030 3034 3029 3024 3028 3023 3024 3039 3036 3058 3069 3090 3086 3086 3080 3076 3086
3008 3016 3013 3019 3014 3019 3016 3019 3004 3020 3007 3022 3025 3030 3025 3034 3029 3032 3031 3029 3036 3032 3039 3036 3027 3024 3032 3027 3017 3029 3045 3039 3037 3035 3028 3024 3026 3034 3019 3011 3019 3017 3020 3035 3014 3014 3014 3028 3016 3018 3023 3030 3004 3016 3027 3022 3053 3054 3076 3076 3086 3078 3084 3085
3011 3023 3024 3023 3019 3016 3019 3016 2998 3008 3007 3006 3016 3012 3022 3028 3015 3027 3021 3040 3027 3030 3028 3010 3012 3010 3017 3028 3010 3030 3025 3020 3013 3017 3023 3031 3023 3023 3020 3018 3016 3025 3030 3021 3014 3018 3020 3019 3022 3024 3017 3015 3019 3018 3027 3024 3025 3045 3062 3084 3078 3083 3075 3096
3010 3017 3025 3022 3018 3013 3006 3019 3007 3006 3020 2988 3008 3007 3023 3014 3034 3015 3022 3031 3020 3006 3008 3020 3016 3004 3018 3015 3002 3009 3020 3018 3025 3011 3022 3021 3019 3029 3023 3014 3032 3033 3028 3026 3020 2999 3021 3021 3008 3020 3020 3035 3015 3018 3024 3025 3038 3054 3060 3087 3083 3085 3087 3090
3029 3009 3007 3018 3019 3019 3002 3020 3011 3002 3003 2999 3007 3014 3024 3014 3022 3010 3018 3023 3006 3013 3018 3022 3008 3002 3015 3008 3016 3016 3031 3024 3008 3013 3016 3013 3013 3016 3016 3024 3022 3016 3028 3012 3028 3022 3024 3016 3009 3015 3025 3037 3026 3020 3025 3016 3032 3043 3054 3077 3077 3068 3072 3077
3013 3010 2999 3010 3025 3015 3031 3013 3002 3013 2997 3009 3007 3013 3016 3016 3014 3029 3011 3017 3003 3010 3010 3017 3003 3005 3004 3010 3002 3009 3010 3023 3023 3006 3025 3012 3025 3016 3017 3020 3021 3009 3026 3028 3010 3038 3017 3012 3027 3020 3021 3025 3030 3015 3026 3027 3031 3045 3058 3078 3070 3079 3079 3087
3004 3005 3012 3012 3025 3025 3022 3002 3005 3006 3011 3012 3011 3027 3015 3005 3013 3016 3016 2995 3024 3005 3020 3013 3007 3010 3026 3017 3017 3013 3015 3026 3004 3021 3016 3020 3025 3018 3008 3009 3016 3007 3020 3004 3013 3021 3020 3020 3019 3023 3014 3025 3013 3010 3012 3031 3037 3027 3049 3070 3080 3081 3081 3086
3018 3015 3015 3012 3015 3014 3022 3014 3014 3012 3015 3008 3014 3005 3010 3009 3011 3011 3017 3009 3009 3008 3004 3006 3021 3019 3030 3024 3012 3027 3022 3023 3031 3009 3017 3006 3026 3014 3021 3013 2993 3006 3009 3004 2997 3013 3008 3020 3011 3023 3029 3023 3016 3021 3016 3025 3021 3032 3040 3063 3053 3080 3079 3094
3011 3025 3011 3026 3040 3029 3008 3014 3010 3003 2997 2998 3002 2996 3000 3003 3015 3014 3024 3019 3009 3005 3010 3012 3025 3018 3011 3012 3013 3023 3019 3029 3014 3017 3021 3022 3001 3011 3023 3010 3009 3017 3012 3020 3013 3009 3019 3030 3014 3002 3015 3016 3012 3022 3020 3017 3023 3026 3039 3053 3056 3062 3059 3067
3013 3017 3014 3015 3033 3018 3011 3007 3017 3022 3007 2995 2993 3001 3012 3011 3014 3022 3018 3004 3022 3020 3009 3014 3022 3023 3027 3014 3013 3020 3023 3026 3016 3009 3020 3013 3020 3031 3026 3023 3023 3013 3019 3020 2998 3005 3026 3026 3017 3016 3005 3014 3024 3025 3030 3019 3023 3030 3034 3039 3060 3066 3075 3075
3008 3016 3008 3017 3032 3019 3009 3010 3012 3015 3005 3010 3007 3010 3002 3007 3013 3010 3004 3021 3015 3016 2992 3013 3023 3033 3021 3031 3029 3012 3014 3023 3024 3030 3025 3021 3023 3027 3029 3039 3026 3038 3040 3020 3027 3027 3040 3037 3031 3027 3033 3015 3030 3047 3030 3020 3022 3044 3035 3046 3033 3043 3062 3078
3016 3005 3016 3021 3019 3019 3006 3013 3015 3013 3020 3006 3017 3009 3017 3015 3015 3016 3014 3009 3019 3010 3002 3017 3027 3037 3019 3027 3026 3024 3027 3025 3025 3018 3030 3025 3029 3023 3023 3032 3024 3036 3031 3039 3040 3026 3046 3039 3021 3033 3023 3034 3038 3033 3030 3023 3044 3030 3046 3028 3033 3052 3050 3076
3012 3010 3001 3012 3020 3003 3006 2999 3005 3009 3007 3022 3018 3014 3004 3024 3025 3006 3004 3013 3010 3008 3010 3020 3016 3032 3025 3040 3027 3026 3027 3021 3027 3027 3031 3028 3029 3029 3026 3022 3019 3034 3004 3013 3022 3011 3016 3012 3031 3026 3012 3027 3035 3031 3009 3023 3021 3030 3017 3023 3031 3044 3043 3048
3011 3020 3003 3005 3005 3004 2996 2993 3009 3017 3006 2998 3021 3013 3010 3011 3016 3000 3007 3011 3007 3017 3020 3017 3019 3026 3021 3027 3028 3019 3024 3016 3028 3030 3047 3015 3020 3016 3028 3036 3018 3022 2992 3016 3014 3015 3018 3022 3015 3021 3018 3028 3018 3013 3016 3025 3018 3043 3020 3015 3029 3039 3046 3046
3023 3008 3010 3010 3009 3006 3006 3008 3009 3013 3008 2994 3005 3001 3005 3009 3013 3001 3011 3002 3001 3012 3014 3015 3015 3011 3013 3017 3009 3011 3008 3019 3019 3013 3018 3016 2999 3006 3018 3009 3019 3019 3019 3015 3023 3016 3012 3015 3013 3030 3018 3024 3022 3011 3010 3006 3019 3038 3029 3019 3028 3020 3036 3051
3021 3022 3005 3005 3013 3007 3028 3019 3012 3010 3011 3013 2997 3009 3003 3006 3004 3014 3017 3020 3010 3003 3009 3017 3007 3014 3012 3011 2995 3022 3015 3014 3020 3011 3030 3018 3009 2994 3017 3019 2995 3012 3019 3029 3008 3015 3019 3016 3009 3016 3004 3023 3010 3013 3016 3010 3019 3013 3015 3012 3017 3023 3035 3060
3040 3017 3013 3022 3009 3006 3024 3012 3015 3015 3016 3000 3009 3000 2999 3003 2994 3018 3011 3025 3027 3016 3008 3018 3018 3003 3014 3002 3018 3023 3032 3029 3011 3009 3018 3014 3017 3020 3009 3011 3003 3025 3025 3030 3023 3025 3018 3019 3010 3027 3015 3010 3014 3032 3034 3020 3009 3015 3014 3027 3012 3024 3051 3054
3046 3024 3013 3013 3018 3009 3022 3007 3024 3014 2998 3013 3007 3013 3004 3007 2994 3018 3032 3014 3014 3022 2996 3018 3010 3012 3010 3023 3022 3023 3023 3017 3012 3018 3020 3010 3010 3021 3005 3010 3009 3023 3019 3022 3022 3009 3021 3013 3028 3021 3030 3010 3016 3016 3016 3007 3006 3030 3034 3018 3006 3027 3031 3053
3033 3022 3018 3021 3017 3000 3027 3020 3023 3019 3013 2995 3021 3011 2997 2996 3008 3022 3010 3017 3013 3002 3007 3009 3022 3017 3022 3025 3014 3019 3017 3027 3024 3024 2997 2995 3014 3014 3004 3008 3019 3015 3014 3011 3012 3017 3019 3016 3015 3015 3017 3030 3029 3028 3011 3014 3022 3031 3024 3026 3030 3027 3040 3066
3026 3019 3001 3012 3007 3020 3012 3018 3011 3005 3010 3014 3012 3015 3015 3020 3009 3014 3006 3014 3005 3024 3020 3019 3009 3016 3016 3013 3016 3020 3008 3017 3020 3012 3023 3007 3014 3009 3005 3010 3022 3018 3015 3005 3013 3016 3027 3022 3013 3020 3011 3016 3012 3011 3011 3022 3022 3030 3022 3030 3033 3020 3046 3051
3014 2998 3005 3020 3030 3026 3027 3021 3010 3008 3007 3011 3013 3014 3014 3005 3004 3019 3000 3016 3021 3021 3009 3022 3025 3011 3022 3018 3016 3017 3013 3021 3014 3013 3017 3003 3011 3015 3017 3008 3030 3025 3023 3014 3020 3030 3026 3042 3027 3025 3009 3012 3012 3032 3028 3019 3016 3031 3025 3018 3030 3016 3042 3039
2999 3008 3011 3003 3035 3024 3009 3025 3010 3005 3007 3011 3020 3010 2997 3017 3000 3005 2995 3008 3012 3015 3010 3016 3022 3002 3014 3023 3020 3012 3025 2998 3001 3007 3011 3018 3003 3017 3012 3023 3005 3014 3026 3014 3019 3016 3030 3037 3018 3020 3017 3029 3019 3017 3018 3015 3018 3027 3037 3028 3043 3042 3046 3048
3013 3025 3024 3011 3019 3023 3036 3028 3020 3027 3023 3017 3020 3007 3009 3008 3014 3000 3014 3024 3014 3020 3022 3006 3017 3003 3020 3024 3016 3026 3020 3016 3023 3029 3017 3006 3003 3027 3017 3025 3023 3014 3012 3019 3023 3035 3026 3017 3012 3021 3010 3019 3032 3032 3009 3004 3018 3031 3030 3032 3036 3030 3043 3066
3023 3014 3025 3030 3026 3030 3027 3022 3030 3022 3018 3026 3019 3003 3003 3011 3015 3007 3010 3010 3017 3001 3002 3006 3017 3003 3019 3011 3016 3016 3027 3021 3010 3021 3021 3004 3021 3022 3024 3014 3024 3025 3030 3022 3022 3027 3018 3020 3011 3007 3018 3017 3029 3014 3013 3016 3010 3028 3032 3027 3045 3034 3048 3066
3026 3022 3024 3020 3006 3020 3025 3016 3021 3034 3029 3027 3026 3007 2997 3007 3010 3001 3018 3004 3014 3002 3005 2999 3007 2995 3009 3006 3006 3002 3014 3017 3035 3022 3005 3000 3011 3026 3019 3000 3018 3015 3012 3023 3019 3020 3022 3013 3021 3019 3019 3024 3022 3010 3013 3010 3020 3027 3021 3034 3017 3030 3049 3058
3022 3017 3017 3011 3010 3024 2998 3024 3008 3006 3019 3013 3012 3012 3018 2997 3005 3018 2994 3002 3014 3007 3002 3005 3003 3016 3005 3008 3022 3015 3001 3018 3017 3015 3013 2999 3013 3017 3010 3010 3010 3007 3019 3021 3012 3018 3023 3007 3024 3029 3021 3015 3006 3007 3020 3016 3020 3024 3020 3022 3028 3018 3027 3064
3019 3020 3023 3025 3022 3008 3010 3027 3014 3026 3021 3016 3015 3012 3010 3003 3000 3009 2994 3006 3013 3003 3016 3005 3019 3016 3012 3010 3025 3015 3009 3012 3020 3016 3004 3017 3007 3020 3020 2994 3024 3011 3015 3014 3026 3009 3019 3020 3022 3010 3018 3012 3020 3014 3016 3029 3035 3036 3047 3051 3027 3040 3058 3078
3023 3021 3012 3030 3020 3014 3015 3021 3017 3024 3026 3012 3013 3010 2997 3005 3017 3001 3004 2999 3013 3010 3009 2999 3006 3000 3011 3021 3019 3026 3008 3020 3008 3011 3006 2999 3010 3026 3017 3011 3016 3021 3016 3026 3018 3007 3005 3009 3025 3024 3009 3022 3032 3023 3036 3030 3022 3045 3048 3067 3058 3040 3067 3089
3012 3026 3022 3014 3007 3011 3021 3020 3025 3016 3012 3009 3012 3005 3008 3007 3017 3005 3006 3000 3015 3001 3004 3019 3009 3000 3012 3010 3022 3039 3010 3024 3021 3016 3015 3005 3022 3011 3011 3008 2995 3011 3014 3016 3031 3027 3036 3011 3015 3013 3027 3021 3037 3028 3034 3036 3037 3032 3057 3056 3073 3055 3072 3097
3008 3015 3016 3016 3013 3022 3022 3027 3009 3026 3018 3014 3018 3017 3015 3021 3014 3000 2999 3011 3016 3007 3011 2996 3002 2998 3001 3024 3033 3025 3023 3022 3032 3011 3006 3019 3005 3009 3011 3020 3014 3013 3008 3019 3026 3022 3018 3014 3013 3032 3018 3024 3019 3019 3031 3032 3056 3069 3066 3068 3066 3082 3085 3084
3021 3024 3012 3025 3020 3010 3010 3012 3029 3001 3013 3001 3019 3010 3020 3008 3006 3007 3007 3005 3008 3004 3003 3016 3021 3020 3009 3006 3021 3029 3007 3022 3019 3015 3023 3022 3008 3008 3022 3011 3019 3007 3020 3020 3018 3032 3018 3010 3010 3023 3019 3036 3030 3027 3044 3060 3053 3055 3057 3068 3072 3081 3079 3088
3044 3016 3019 3032 3021 3015 3020 3011 3013 3007 3013 3016 3004 3007 3008 3012 3003 3001 3012 3020 3006 3001 3017 3014 3024 3008 3018 3019 3013 3013 3012 3016 3006 3029 3015 3012 3003 3006 3012 3007 3013 3020 3023 3026 3015 3015 3010 3006 3029 3029 3032 3052 3036 3031 3048 3055 3062 3074 3062 3065 3077 3069 3083 3086
3034 3018 3027 3007 3019 3019 3003 3014 3007 3006 3014 2997 3007 3013 3016 3001 3003 3001 3020 3015 3013 3004 3005 3015 3010 3008 3019 3020 3016 3011 3017 3009 3021 3025 3016 3022 3026 3021 3026 3025 3011 3004 3022 3020 3018 3021 3023 3028 3043 3037 3051 3059 3053 3060 3064 3060 3058 3062 3072 3075 3066 3069 3075 3076
3022 3012 3016 3015 3013 3012 3002 3016 2995 3020 3009 3010 3011 3012 3011 3015 3009 3007 3031 3028 3012 3002 3001 3002 3002 3012 3023 3021 3008 3010 3015 3023 3013 3028 3026 3020 3017 3019 3030 3029 3025 3022 3015 3014 3021 3018 3046 3046 3055 3054 3061 3058 3059 3055 3065 3059 3059 3059 3069 3080 3064 3078 3068 3076
3001 2999 3014 3011 3020 3014 3013 3009 3012 3008 3016 3011 3010 3001 2996 3015 3003 3008 3017 3003 2996 3000 3000 3008 3019 3015 3018 3013 3020 3028 3026 3018 3024 3011 3027 3016 3024 3012 3029 3030 3037 3045 3027 3043 3027 3036 3038 3046 3047 3066 3069 3057 3051 3064 3068 3078 3066 3064 3062 3068 3079 3076 3080 3083
3016 3018 3002 3021 3018 3007 3018 3002 3018 3022 3025 3018 3011 3001 2998 2994 3000 3004 3002 3002 2997 3006 3017 3026 3013 3023 3016 3007 3025 3027 3022 3037 3024 3030 3030 3022 3021 3030 3033 3025 3044 3039 3047 3049 3067 3051 3059 3060 3063 3067 3058 3060 3063 3069 3072 3083 3058 3056 3083 3070 3065 3069 3073 3066
3003 3013 3009 3010 3001 3000 3024 3015 3004 3007 3018 3020 3017 2996 3010 2995 3014 3014 3004 2995 3003 3007 3003 3017 3017 3018 3023 3010 3022 3027 3030 3025 3019 3006 3017 3026 3040 3028 3035 3048 3046 3047 3058 3072 3069 3070 3060 3070 3056 3062 3052 3060 3059 3066 3075 3070 3077 3072 3071 3088 3069 3074 3088 3078
2993 3021 3005 3014 2992 3023 3011 3028 3042 3022 3024 3008 3015 3000 3000 3013 3008 2996 3006 2999 3002 3003 3008 3010 3020 3015 3018 3004 3022 3031 3023 3008 3009 3019 3028 3032 3049 3052 3053 3067 3066 3065 3063 3070 3065 3052 3058 3054 3072 3072 3087 3087 3060 3068 3064 3076 3084 3076 3087 3086 3085 3098 3099 3100
2996 3002 3007 3002 3023 3013 3016 3021 3019 3022 3019 3002 3011 3001 3019 3011 3020 2991 2994 2999 2998 3003 3002 3016 3024 3004 3018 3028 3028 3025 3039 3029 3020 3029 3042 3041 3053 3064 3045 3061 3059 3066 3052 3061 3076 3065 3064 3069 3058 3077 3080 3079 3077 3064 3077 3068 3074 3078 3075 3079 3075 3077 3087 3092
3014 2998 3015 3021 3029 3013 3020 3020 3016 3017 3027 2999 3010 3010 3016 2996 3000 3003 2997 2993 3006 3018 3013 3002 3008 2994 3000 3009 3027 3039 3044 3035 3039 3050 3062 3053 3061 3063 3066 3057 3067 3073 3076 3072 3068 3090 3069 3068 3075 3071 3071 3069 3076 3079 3087 3066 3075 3074 3064 3067 3072 3087 3084 3092
3002 3005 3015 3014 3024 3002 3017 3004 3022 3012 3010 3010 3006 3010 3009 3013 2995 3010 3002 3004 3016 3031 3022 3015 3022 3024 3015 3035 3034 3046 3043 3048 3048 3040 3066 3065 3073 3074 3067 3067 3079 3060 3078 3075 3080 3088 3068 3075 3071 3067 3087 3079 3093 3087 3090 3096 3081 3085 3072 3063 3072 3072 3087 3087
2989 3008 3015 3025 3018 3003 3011 3017 3029 3021 2998 3010 3011 3005 3014 3005 3012 3005 3005 3011 3016 3023 3017 3017 3030 3029 3025 3023 3033 3054 3053 3067 3063 3056 3067 3061 3078 3064 3091 3073 3066 3075 3086 3082 3097 3085 3069 3076 3077 3084 3075 3090 3078 3086 3104 3097 3088 3097 3078 3078 3062 3072 3084 3099
