3054 3038 3057 3036 3046 3038 3035 3025 3038 3033 3036 3027 3035 3027 3051 3038 3024 3016 3019 3006 3024 3002 3010 3014 3009 3016 3003 3013 3006 3000 3004 3012 3015 3004 2996 3007 3014 3010 3000 2991 2991 3004 2999 3004 3006 3005 3003 3003 2992 2994 2998 3003 2989 2989 2975 2968 2991 3004 2997 2991 2991 2994 2995 2982
3066 3053 3052 3035 3031 3027 3028 3026 3023 3028 3033 3021 3028 3037 3030 3020 3023 3019 3013 3016 3015 3014 3023 3009 3000 3011 3000 3011 3016 3003 3011 3000 2997 3006 3000 2997 3000 3009 3008 3007 2993 3006 2999 3001 3010 3006 3007 2996 3007 2999 2987 2997 2994 2990 2987 2994 2987 2985 3000 3008 3004 2994 2996 2989
3051 3045 3053 3030 3036 3037 3031 3033 3023 3022 3033 3032 3039 3013 3020 3013 3013 3023 3025 3018 3020 3020 3020 3009 2994 3007 3000 3005 3017 3007 3004 3016 3009 3007 2998 2989 2992 3005 3000 3013 2992 3007 2999 2997 3003 3002 3002 2986 2998 2994 2986 2982 2999 2994 2987 3005 3006 2996 3000 3015 2998 2993 2997 2987
3052 3044 3031 3046 3036 3025 3026 3028 3026 3032 3024 3030 3030 3030 3022 3018 3016 3015 3014 3027 3014 3026 3001 3013 3007 2986 3006 3019 3025 3023 3008 3020 3014 3011 2997 2999 2992 3000 3013 3004 2997 2999 2994 2998 2991 3002 3001 2985 3008 3003 3005 2989 2992 3001 2993 2991 2998 2996 3001 2998 2994 2990 2993 3009
3046 3036 3027 3044 3032 3028 3031 3023 3034 3037 3011 3028 3030 3020 3026 3011 3018 3021 3027 3023 3002 3015 3025 3025 3013 3007 3021 3011 3008 3010 3014 3016 3011 3005 3008 2997 3002 3002 3007 3000 3016 3020 3002 2987 2991 2983 2988 2991 2987 3001 3005 3008 3008 3002 2992 2990 3002 3016 3014 2994 3004 2986 3003 2997
3051 3042 3025 3032 3023 3008 3028 3045 3032 3028 3014 3020 3014 3027 3032 3006 3008 3011 3022 3026 3016 3014 3019 3004 3002 3015 3013 3028 3006 3003 3012 3017 3008 2996 2990 3028 3002 3007 3020 3004 3001 3001 3005 2990 2996 2989 2995 2998 2986 2990 3014 3000 3011 2997 3000 2994 3005 3008 3008 3001 3001 2990 2994 3001
3033 3050 3019 3017 3040 3024 3019 3032 3016 3031 3007 3014 3025 3005 3003 3006 3009 3013 3027 3009 3016 3014 3017 3007 2989 2996 3011 3005 2990 2992 2992 2997 2990 2984 2995 3003 3007 3012 3005 3010 3011 3004 3010 3012 3011 3012 3009 2995 2982 3003 3000 3006 2996 3008 2996 2981 2996 3004 3003 2999 2995 2991 2992 3007
3012 3007 3000 3005 3001 2995 2992 2999 2990 2990 3008 2992 3014 3004 2991 2995 2994 2999 3010 2996 2988 2998 2993 2987 2979 2983 3012 2992 2991 2994 2986 2992 2975 2979 2983 2991 2996 2988 2991 2993 2993 3001 2996 3001 3000 3004 2994 2992 3000 2992 3002 3002 2997 2990 2986 2990 3003 2997 2998 2994 2982 2983 2989 2995
2985 2977 2955 2956 2949 2956 2978 2961 2959 2964 2969 2976 2981 2973 2974 2976 2981 2982 2987 2975 2972 2971 2979 2964 2982 2971 2972 2978 2977 2961 2990 2982 2976 2984 2972 2969 2985 2984 2984 2975 2989 2977 2985 2995 2999 2996 2978 2990 2980 2991 3002 3005 3003 2987 2996 2991 2984 2991 2992 2981 2996 2986 2988 2979
2973 2961 2959 2965 2963 2968 2969 2967 2967 2958 2968 2980 2973 2970 2964 2979 2987 2989 2975 2985 2979 2988 2970 2975 2971 2979 2984 2978 2975 2975 2982 2981 2975 2976 2976 2976 2986 2986 2985 2971 2982 2983 2974 2987 2973 2974 2988 2997 2987 2981 2986 2998 2999 2991 3003 2995 2992 2993 2988 2984 2984 2979 2977 2971
2950 2950 2965 2972 2977 2968 2953 2969 2966 2968 2980 2970 2970 2980 2977 2983 2982 2991 2968 2984 2992 2990 2975 2991 2997 2991 2973 2974 2981 2989 2981 2981 2978 2979 2993 2988 2987 2989 2972 2978 2981 2976 2979 2980 2981 2985 2990 2990 2987 2989 2988 2997 3007 3009 3003 2989 2994 2986 2986 2986 2999 2996 3005 2999
2962 2972 2957 2976 2972 2976 2975 2968 2969 2975 2968 2971 2987 2976 2968 2972 2982 2979 2992 2983 2985 2986 2983 2989 2982 2976 2992 2981 2972 2983 2978 2980 2984 2994 2990 2981 2982 2986 2984 2980 2975 3002 2981 2987 2982 2985 2986 2979 2995 2997 2987 2990 3010 3014 2996 2997 2988 2993 2978 2995 3002 2993 2981 2993
2969 2954 2972 2972 2975 2981 2977 2960 2976 2970 2988 2976 2985 2976 2990 2979 2994 2988 2986 3001 2979 2996 2986 2989 2982 2974 3005 2995 2997 2977 2983 2980 2994 2977 2993 2987 2988 2995 3002 2986 2990 2995 2987 3000 2975 2989 3000 3002 2991 3003 2988 2982 3002 2993 2984 2990 2993 2988 2996 2976 2985 2986 2986 3007
2965 2974 2978 2973 2983 2978 2976 2975 2972 2980 2985 2977 2988 2982 2978 2986 2983 2984 2984 2977 2974 2981 2980 2994 2980 2981 2992 3000 2991 2973 2982 2979 2982 2990 2998 2997 2980 2992 2988 2998 2995 3002 2994 2998 2976 2982 2981 2990 2982 2985 2986 2987 2996 2993 2992 2994 3001 2993 2985 2997 2990 2989 2997 2992
2977 2982 2970 2980 2974 2973 2970 2969 2975 2983 2987 2991 2983 2976 2989 2987 2991 2990 2994 2987 2974 2973 2969 2982 2975 2982 3003 2991 2995 3000 2984 2982 2991 2991 3002 2996 2997 2998 2989 2992 2982 2992 2996 2987 2975 2980 2987 2984 2978 2984 2995 2995 2992 3002 2986 2996 2993 3007 2996 2991 2991 2991 2994 2988
2974 2975 2990 2986 2990 2978 2981 2974 2991 2989 2997 2991 2978 2980 2986 2993 3008 2985 2983 2990 2995 2989 2978 2977 2980 2983 2990 2993 2992 2992 2983 2985 2986 2991 2995 2992 2986 3008 2988 2990 2983 2976 3005 3000 2995 2983 2986 2987 2989 2998 2982 3000 3001 3001 2991 3002 3001 3004 2992 2986 2975 2991 2989 2994
3005 2996 2995 2988 2984 2991 2999 2999 2998 2998 2988 2979 2987 2985 2993 2991 2989 2987 2994 2996 2987 2987 2989 2978 2970 2980 2995 2998 2991 2982 2995 2982 2981 2979 2983 2986 2996 2995 2993 2991 2984 2995 2991 3010 2990 2999 3003 2983 2997 2986 2993 2983 2994 2992 2987 3003 2991 2979 2980 2973 2980 2997 2985 2972
3006 3000 2998 3001 3000 3009 2988 2993 2991 2994 2989 2974 2977 2988 2995 3006 2987 2999 2995 2988 2985 2997 2987 2980 2981 2971 2993 2997 2986 2996 2986 2994 2992 2976 2981 2998 2994 3003 2997 2986 2998 2996 2987 2998 3003 2990 3002 2990 2986 2984 2981 2991 2993 2984 2992 3003 2987 2987 2994 2988 2985 2980 2985 3002
2990 2984 2980 2997 3004 3014 2985 3001 2996 3000 2985 3002 3000 2980 2978 2982 2999 2999 2995 2983 2976 2993 2987 2992 2997 2987 2991 2982 2983 2987 2985 2987 2998 2999 2983 2996 2992 2998 2989 2992 2986 2994 2999 3004 2991 2997 2987 2994 2980 2973 2972 2981 2990 3003 2997 3005 2996 2994 2991 3005 3011 3002 2993 3020
2996 2991 2999 2999 3018 3006 2998 2999 3020 2985 2990 2998 2999 2988 2968 2983 2984 3004 2995 3005 2977 2987 2989 2995 3004 2997 3003 3000 2991 2993 3012 2997 3004 2996 2991 3003 3004 3013 2997 2990 3007 3016 2991 3004 2997 2987 2997 2984 2999 2994 2998 2980 2991 3004 3005 3000 3008 2993 3000 3001 2999 2983 2990 2992
3004 2994 2994 2996 3011 3011 2997 2991 3007 3001 3002 2990 2996 2990 2981 3001 3003 2998 3000 2974 2981 2979 2993 2995 2991 2997 2987 2997 2985 2979 2996 2999 2998 2985 3008 2993 2990 3004 3003 2992 3002 3002 2987 2995 2996 3000 3001 2985 2994 2995 2986 2992 3001 3003 2997 3005 3011 3005 3015 3004 2997 2988 2997 2994
3016 3015 2993 3008 3014 3001 3007 3017 3006 3008 3002 2995 3001 2983 2986 3012 2994 3004 2997 3002 3002 3001 2998 3002 3017 3001 3011 2994 2986 2998 2994 3005 2993 3006 2993 3009 3005 3005 3008 3006 3004 2997 3004 3000 3010 2998 2993 3006 3011 3014 3006 2995 2999 3000 3013 3005 3004 3013 3014 3007 3013 2996 3010 2997
3019 3020 3023 3003 3019 3009 3011 3026 3015 3011 2998 3006 3005 3002 3019 3025 3010 3016 3011 3011 3002 3011 2999 3003 3012 3022 3000 2997 2998 3002 3011 3008 3022 3023 3006 3013 3004 3001 3024 3021 3005 3019 3015 3008 3024 3012 3005 3007 3022 3004 3016 3011 3014 3015 3014 3022 3021 2996 3013 3004 2996 2995 3000 3004
3018 3034 3011 3020 3012 3007 3011 3016 3016 3009 3004 3009 3005 3000 3007 3006 3014 3008 3010 3013 3007 3009 3000 3009 3005 3012 3006 3016 3010 3008 3019 3006 3022 3022 3028 3015 3006 2994 3023 3010 3032 3027 3023 3008 3018 3015 3020 3012 3012 3030 3021 3010 3016 3009 3019 3015 3018 3018 3017 3016 3010 3007 3008 3008
3018 3019 3015 3000 3004 3005 3001 3004 3013 3010 3010 3002 3011 3008 2998 2996 3007 2999 2994 2986 3010 2998 2991 2998 3009 3006 3008 3013 3020 3014 3014 3019 3027 3031 3026 3029 3023 3013 3025 3017 3015 3022 3013 3013 3003 2996 3014 3023 3002 3007 3004 3004 3011 3018 3021 3018 3012 3015 3007 3013 3010 3011 3019 3019
3005 3009 3004 3025 2992 2994 2997 2999 3012 2997 3002 3008 3005 3011 2993 2984 2995 2999 2991 2984 2997 2997 2998 2989 2989 3012 3015 3022 3017 3008 3008 3022 3022 3022 3028 3023 3037 3024 3011 3016 3024 3009 3016 2999 3003 2994 3015 3003 3007 3005 3001 3011 3014 3006 3013 3003 3003 3011 3001 3002 3009 3006 3013 3024
2981 3000 3010 3005 2989 2991 2993 2994 2989 2987 2983 2987 3002 2995 2981 2991 2994 2992 2990 2987 2989 2991 2998 3001 2992 3000 2997 3009 3019 3017 3010 3014 3022 3044 3022 3020 3039 3024 3020 3026 3026 3015 3015 3016 3011 3018 3005 2995 2999 2986 2997 3015 2995 3005 3004 2990 2998 3003 3007 3000 3002 2987 3015 3007
2998 2995 3006 2986 2994 3004 2988 2999 2990 2986 2990 3000 2997 2990 2989 2998 2987 2999 2989 2996 3006 2988 2993 2997 3004 2996 3012 3016 3009 3016 3027 3029 3041 3034 3046 3046 3040 3028 3011 3031 3023 3013 3035 3005 3016 3015 2995 3000 2996 3002 3002 2990 3001 3003 2994 2986 3005 2991 2999 2984 2996 3009 3000 2984
2993 2994 3003 3012 3008 2995 2981 3000 2991 2993 2990 2996 2978 2988 2990 2997 2985 2993 2984 2997 2979 2988 3002 2984 3001 3008 3006 3009 3002 3020 3021 3037 3046 3043 3061 3055 3047 3035 3040 3039 3031 3025 3031 3017 3013 3004 3005 3017 3006 2997 2988 2995 2987 2998 2993 2979 2990 2998 2986 2988 2992 3001 3009 2985
2994 2993 3000 3002 3009 2983 2989 2995 2978 2988 2984 2994 2998 3004 2997 3002 2996 2980 2976 2985 2993 2992 3003 3007 3002 3002 3014 3012 3023 3020 3019 3031 3038 3059 3049 3057 3055 3054 3034 3041 3045 3039 3031 3014 3023 3014 3005 3016 3002 2996 2989 3003 2978 2986 2981 2994 2986 2993 2999 2988 2990 2993 2994 2994
2981 2996 3006 3000 3005 3002 2989 2981 2994 2989 2979 2991 3006 2999 2991 2984 2975 2981 2995 2989 3002 2987 2990 2996 2995 3013 3011 3020 3007 3016 3030 3045 3048 3056 3064 3059 3059 3053 3027 3020 3032 3028 3020 3030 3015 3021 3015 3013 3017 3015 3004 2976 2979 2996 2982 2992 3003 2986 2997 2985 2988 3000 2995 2983
2995 2981 2980 2999 3014 2991 2989 2987 2992 2992 2987 2990 2999 3004 2987 2990 2989 2995 2977 2987 2990 2986 2991 2991 3002 3016 3020 3011 3024 3026 3036 3049 3053 3056 3058 3065 3050 3047 3040 3036 3025 3045 3039 3018 3019 3016 3030 3030 3010 3014 2997 2975 2983 2989 2998 2992 2993 2993 2999 2992 2992 2995 2983 2984
2986 2975 2983 2994 3003 2996 2989 2997 2977 2983 2981 2994 2989 2996 2987 2993 2991 2989 2997 2991 2986 2991 2976 2987 3000 2997 3019 3003 3018 3041 3012 3028 3038 3057 3080 3067 3059 3060 3069 3047 3043 3038 3018 3034 3023 3026 3033 3041 3033 3016 2989 2994 3005 2981 2993 3000 2993 2994 2985 2994 2989 2980 2995 2978
3004 2996 2985 2989 3005 3009 3003 2991 2977 2984 2985 2989 2988 2990 2992 2981 2982 2984 2988 2993 2992 2986 2987 2988 3013 3008 3013 3034 3032 3039 3021 3044 3054 3068 3084 3080 3066 3060 3063 3059 3059 3043 3048 3035 3034 3029 3038 3035 3038 3017 3021 2994 2990 2990 2997 3011 2994 2985 2983 2998 2986 3000 2985 2994
3010 3011 3002 2996 3003 3000 3014 3002 2988 3008 2996 3005 3009 3002 2998 2995 3009 3011 3003 2996 3006 3002 2996 3016 3017 3021 3010 3030 3047 3039 3035 3040 3052 3073 3092 3086 3068 3073 3069 3053 3059 3054 3044 3035 3039 3042 3043 3042 3039 3029 3018 3010 2997 2994 3006 3019 2996 3007 2993 3011 2999 2990 2981 2996
3022 3010 3015 3008 3013 3006 2994 3002 2990 3004 3006 3016 3012 3007 2993 3002 3015 2996 3000 3009 2999 3002 2997 3012 3012 3020 3019 3024 3037 3035 3038 3056 3080 3083 3084 3087 3079 3078 3065 3059 3070 3063 3038 3037 3049 3050 3040 3044 3053 3050 3047 3012 3017 3011 3002 3012 3000 2992 3000 3001 3004 3006 3004 2991
2996 3004 2987 2995 2980 2993 2998 2995 2991 2998 3004 3003 3001 2997 2986 3004 3003 2997 3006 2989 2991 2991 2994 3004 3017 3014 3017 3033 3039 3042 3052 3075 3087 3072 3083 3071 3068 3069 3066 3064 3064 3083 3059 3044 3051 3057 3056 3050 3047 3037 3035 3027 3010 3001 3003 2982 3000 2998 2988 3002 3008 3003 2996 3001
3003 2981 2994 2980 2990 2988 2980 2988 2993 2976 2983 3001 2980 2983 2980 2998 3004 2989 2971 2993 2988 3007 2992 3001 3006 3013 3032 3032 3025 3043 3058 3075 3082 3076 3067 3066 3066 3066 3065 3077 3072 3072 3062 3055 3055 3059 3052 3063 3057 3052 3031 3031 2997 2992 2995 2982 2997 2992 3005 2993 2987 3010 2990 2992
2970 2992 2989 3001 2994 2982 2983 2978 2975 2988 2979 2983 2984 2988 2993 2989 2988 2994 2995 2982 2977 2992 2993 2997 3007 3020 3018 3033 3036 3045 3063 3063 3066 3073 3073 3086 3078 3070 3065 3065 3083 3078 3063 3060 3057 3060 3049 3085 3048 3054 3030 2996 3009 3000 2998 2988 2993 3005 2991 2987 2987 2998 2984 2980
2974 2971 2995 2988 2990 2984 2981 2972 2994 2976 2972 2985 2977 2976 2996 2983 2991 2987 2983 2991 2989 2981 2991 2979 3011 3030 3022 3047 3036 3047 3065 3073 3062 3063 3097 3083 3075 3065 3077 3077 3074 3079 3070 3066 3051 3077 3060 3066 3072 3044 3024 3004 3011 2986 3003 2985 3002 2996 2987 2981 2994 2995 2990 2990
2991 2985 2995 2998 2997 2996 2980 2990 3002 2984 2982 2980 2994 2983 2983 2996 2975 2991 2987 2970 2979 2991 2989 2993 2996 3019 3043 3057 3055 3057 3071 3065 3083 3073 3081 3082 3082 3085 3097 3085 3087 3079 3072 3074 3077 3086 3074 3071 3067 3057 3035 3016 3002 3009 2994 2988 2991 3005 2993 3001 2979 2997 2996 2990
2978 2973 2983 2983 2993 2980 2977 2979 2996 2996 2997 2990 2994 2992 2998 2986 2994 2985 2980 2987 2986 2983 2984 2999 3013 3019 3043 3050 3074 3074 3078 3074 3071 3072 3080 3077 3082 3084 3073 3100 3089 3086 3072 3057 3077 3065 3070 3076 3080 3044 3036 3020 3010 2992 2999 2991 2990 2990 2998 2993 2998 2995 3010 3002
2979 2985 2985 2996 2997 2982 2997 2983 3001 2991 2996 2996 3003 2997 2991 2985 2990 2984 2981 2985 2980 2993 2992 3005 3011 3016 3033 3050 3071 3081 3072 3084 3085 3068 3084 3075 3070 3081 3086 3080 3070 3085 3087 3089 3070 3093 3090 3081 3060 3055 3022 3004 3009 3011 3004 2998 3005 2997 2992 2983 2994 2993 2997 3010
2978 2986 2990 2994 2984 2980 2996 2988 2980 3009 2998 2999 2997 3001 2983 2981 2982 2978 2994 2986 2981 2998 3003 3009 3012 3035 3048 3059 3065 3068 3090 3085 3084 3082 3085 3085 3082 3086 3087 3089 3087 3072 3082 3081 3081 3072 3088 3069 3056 3049 3021 3010 3003 3010 3011 3000 3008 3004 2999 2990 2997 3003 3005 2998
2998 2996 2978 2978 2970 2990 2984 2984 3002 2996 2986 2996 3004 2996 2989 2981 2978 2995 2999 2997 2973 2989 2992 3012 3005 3017 3046 3052 3068 3063 3072 3082 3077 3082 3088 3093 3079 3083 3095 3088 3085 3071 3091 3089 3076 3078 3084 3064 3050 3033 3025 3016 3005 3002 2999 2998 3001 2991 2991 2999 2997 2994 2994 2997
3007 2982 2973 2981 2979 2978 2979 2993 2994 2994 2981 2986 2995 3000 2988 2985 2971 2977 2979 2989 2983 2988 2989 2982 3006 3016 3043 3062 3056 3059 3066 3070 3083 3086 3084 3085 3090 3077 3069 3086 3083 3073 3079 3080 3082 3084 3071 3070 3043 3024 3019 3021 3011 3006 2991 3000 2991 2993 2999 3004 3018 2994 2985 3001
2983 2985 2987 2973 2982 2992 2990 2994 2997 2992 2978 2987 2988 2990 2994 2979 2976 2978 2986 2997 2995 2993 2987 2990 2985 3000 3033 3048 3060 3052 3065 3071 3077 3075 3079 3071 3083 3081 3086 3067 3069 3068 3068 3081 3075 3073 3074 3060 3041 3033 3024 3002 3009 3018 2992 2997 2994 2996 2991 3005 2995 2983 2989 2995
2970 2986 2984 2983 2981 2980 3008 2991 2984 2973 2981 2979 2983 2988 2980 2997 2984 2996 2993 2995 2999 2989 2990 2987 2986 2988 3006 3027 3044 3068 3065 3069 3071 3074 3068 3070 3075 3071 3059 3076 3062 3070 3082 3074 3071 3068 3070 3061 3047 3025 3008 3022 3001 2988 2991 2996 2993 2998 2995 3002 2980 2977 3000 2988
2971 2967 2974 2975 2983 2989 2991 2987 2978 2986 2966 2988 2983 2980 2994 2989 2993 2987 2995 2972 2989 2988 2992 2986 2982 2993 3017 3031 3056 3052 3063 3068 3074 3081 3074 3081 3071 3078 3079 3071 3066 3073 3088 3076 3068 3053 3067 3058 3029 3006 3006 3009 3001 2999 2999 2995 2992 2990 2996 2990 2990 2996 2987 2974
2997 2984 2980 2980 2986 3000 2987 2981 2971 2987 2972 2992 2985 2988 2984 2982 2996 2985 2976 2979 2972 2986 2995 2994 3013 3005 3018 3022 3035 3059 3052 3066 3059 3088 3083 3086 3082 3078 3083 3082 3085 3083 3091 3097 3083 3071 3058 3036 3031 3004 3002 2997 3001 3005 3007 2987 2985 2977 2987 2983 2982 2991 2993 2980
2983 2988 2980 2991 2992 2995 2985 2982 2970 2983 2997 2993 2989 2993 2978 2992 2991 2986 2982 2979 2990 2979 2989 2991 3000 2986 2996 3016 3045 3045 3055 3069 3066 3076 3080 3070 3085 3081 3078 3084 3078 3076 3086 3087 3081 3070 3040 3048 3009 3014 3009 2998 2996 2998 3008 2983 2982 2984 2982 2997 3002 3001 2988 2982
2999 3002 2994 2984 3007 2995 2977 2975 2975 2982 3000 3004 3006 2978 2987 2974 2969 2970 2994 2989 2977 3000 2983 3001 2993 2988 2996 3010 3024 3041 3056 3069 3061 3084 3078 3085 3096 3082 3085 3085 3078 3084 3071 3081 3080 3062 3038 3049 3022 3004 2992 2996 3002 2986 2993 2985 2987 2984 2987 3008 2997 2995 2981 2983
2995 2995 2985 2980 2985 2981 2995 2984 2970 2981 2997 2996 2992 2993 2983 2977 2985 2981 2978 2994 2979 3000 2995 2994 2987 2980 2996 3007 3025 3025 3048 3070 3071 3075 3089 3091 3089 3079 3077 3081 3082 3094 3080 3085 3063 3059 3040 3014 3022 2994 2995 2994 2990 2995 2988 2974 2985 2990 2989 3015 2993 2984 2995 2982
2995 2991 2989 2978 2980 2981 3003 2996 2979 2994 3002 2998 2992 2991 2984 2987 2987 2985 2991 2985 2993 2982 2998 2992 2991 2991 2986 2983 3016 3022 3045 3065 3066 3073 3082 3093 3071 3066 3066 3061 3074 3085 3078 3068 3067 3065 3039 3009 3003 3006 2996 2983 2988 2987 2988 2986 2988 3004 3011 3012 2996 2989 2998 2996
2988 2973 2988 2995 2987 2990 3002 2993 2988 2987 2989 2989 2991 2991 2976 2978 2982 2973 2981 2984 2977 2981 2986 2996 2983 2996 2984 2995 3010 3010 3036 3054 3060 3079 3079 3092 3080 3065 3078 3069 3075 3078 3075 3064 3056 3053 3020 3007 3003 3000 3012 3003 2992 2987 2993 2985 2993 2995 3006 3001 2999 2993 2993 2973
2982 2974 2990 2990 2999 2994 2996 2976 2969 2984 2988 2978 2980 2984 2975 2986 2983 2981 2964 2968 2975 2965 2984 2992 2993 2989 2983 2978 2994 3018 3040 3054 3063 3060 3075 3078 3100 3071 3071 3065 3068 3093 3075 3066 3062 3049 3029 3006 3008 3012 2999 3003 2999 2996 2985 2998 2999 2992 2994 2998 2996 2997 2997 2983
2989 2994 2998 2997 2997 3004 2988 2982 2991 2986 2976 2975 2982 2990 2991 2995 2986 2987 2974 2990 2990 2983 2990 2985 3010 2993 2992 2989 3000 3020 3052 3064 3076 3086 3077 3094 3087 3073 3078 3079 3079 3074 3078 3069 3071 3057 3037 3015 3001 3002 3008 2999 3006 3015 2999 2995 2990 2994 2990 2997 2979 2987 2986 2989
2987 2995 2991 3002 2991 2998 2982 2988 2978 2982 2975 2978 3001 2987 2992 3002 2984 2981 2997 2986 2989 2992 2991 3002 3003 3006 2999 3003 3006 3030 3040 3070 3076 3085 3089 3097 3086 3085 3097 3092 3086 3074 3085 3080 3074 3051 3029 3012 3006 3009 3006 3001 3003 3007 3000 2999 3011 2997 3005 3005 2995 2991 2982 2991
2983 2994 2998 2991 3003 2993 2992 2991 2987 2993 2977 2994 2994 2989 2991 2980 2994 2998 2991 2989 3005 3002 2996 2994 3002 2999 3008 3004 3015 3019 3058 3067 3087 3096 3084 3079 3079 3088 3085 3091 3084 3073 3086 3083 3071 3084 3038 3020 3011 3002 3011 3012 3016 3011 3002 3012 2992 3002 2994 2995 2984 2984 2991 3005
2992 2989 2988 2978 2996 3000 2994 2995 2999 2995 2986 2997 3000 2994 2984 2988 2998 2989 2996 3008 2997 3000 2998 2994 2997 3000 3015 3013 3024 3045 3064 3069 3082 3076 3072 3077 3085 3080 3078 3092 3073 3076 3096 3096 3088 3063 3046 3028 3018 3022 3016 3029 3021 3013 3000 3004 3006 2998 2995 3002 3004 3003 3003 3005
3005 2993 2994 2985 2984 3004 2997 3008 2994 3006 2988 2990 2992 2990 3002 2987 3007 2994 3003 3001 3004 3002 3027 3005 3015 3030 3032 3030 3058 3050 3068 3075 3072 3075 3077 3092 3077 3085 3076 3081 3094 3085 3089 3094 3098 3078 3064 3039 3032 3022 3019 3008 3015 3023 3009 3011 3018 3007 3001 2995 3002 3002 3002 2998
2979 2984 2997 2999 2980 2994 3006 3004 3003 3010 2991 2988 2993 2992 2998 3001 3001 2995 3019 3015 3007 3016 3025 3033 3039 3028 3035 3046 3071 3073 3058 3061 3074 3069 3070 3081 3085 3083 3077 3082 3080 3082 3093 3093 3093 3092 3072 3051 3051 3033 3029 3024 3027 3019 3018 3008 3012 3034 3016 3007 3010 3011 3001 2991
2974 2973 2996 2992 2993 2991 3004 2981 2998 2985 2984 2990 2998 2995 2996 2996 3003 3016 3028 3022 3020 3034 3030 3040 3034 3044 3048 3055 3066 3067 3071 3074 3075 3064 3083 3071 3099 3094 3088 3087 3091 3089 3087 3081 3085 3079 3079 3047 3059 3051 3042 3052 3045 3036 3034 3011 3025 3041 3034 3014 3019 3015 3003 2995
2967 2967 2989 2984 2986 2987 2993 3005 2990 3003 2993 2984 2983 3000 3011 3028 3021 3030 3038 3034 3047 3044 3048 3056 3061 3050 3046 3052 3046 3061 3053 3077 3059 3065 3089 3082 3079 3077 3084 3085 3095 3080 3078 3073 3079 3063 3070 3066 3066 3072 3060 3056 3044 3033 3034 3028 3045 3035 3039 3020 3018 3015 3016 3016
