3050 3060 3050 3044 3061 3065 3056 3057 3052 3046 3047 3053 3042 3049 3033 3043 3024 3037 3038 3049 3023 3039 3038 3044 3025 3049 3055 3049 3037 3035 3044 3031 3034 3040 3024 3033 3023 3018 3031 3034 3027 3006 3014 3021 3019 3017 3006 3026 3008 3017 3025 3011 3005 3000 3005 3011 3009 2996 3004 2998 3003 3009 2991 3002
3046 3043 3055 3050 3058 3049 3048 3061 3045 3040 3039 3031 3041 3029 3044 3038 3032 3041 3044 3034 3029 3032 3035 3043 3058 3057 3042 3040 3028 3040 3036 3030 3032 3018 3023 3016 3012 3017 3027 3022 3022 2999 3005 3017 3013 3013 3008 3010 3010 3007 3003 2998 3013 3016 3019 3019 3012 2996 3001 3006 3002 2989 2991 2997
3058 3039 3033 3044 3049 3035 3055 3053 3045 3038 3037 3027 3027 3027 3034 3035 3035 3042 3032 3031 3031 3046 3045 3044 3051 3052 3035 3034 3025 3025 3031 3023 3010 3001 3012 3015 3010 3022 3023 3029 3021 3012 3011 3013 3013 3009 3024 3013 3003 2996 2994 3021 3022 3016 3014 3010 3013 3018 3016 2989 3004 2988 3002 2992
3049 3045 3047 3042 3023 3049 3057 3054 3033 3039 3042 3029 3017 3029 3029 3028 3032 3024 3034 3039 3047 3053 3036 3043 3041 3045 3040 3036 3029 3015 3014 3016 3004 3006 3009 3020 3009 3011 3024 3021 3014 3020 3019 3011 3017 3017 3018 3031 3013 3007 3024 3017 3015 3014 3026 3019 3008 3006 3023 3005 3002 3001 3005 3013
3036 3034 3040 3047 3036 3052 3059 3041 3032 3037 3031 3034 3026 3024 3034 3032 3042 3026 3033 3043 3040 3047 3048 3035 3024 3026 3022 3016 3008 3008 3004 3016 3007 3018 3016 3019 3004 3026 2994 3019 3021 3013 3004 3014 3009 3022 3033 3029 3041 3002 3016 3015 3007 3008 3021 3013 3011 3003 3020 3009 3015 3001 3012 3020
3046 3054 3047 3038 3039 3041 3034 3039 3025 3028 3039 3030 3017 3031 3033 3020 3033 3025 3042 3039 3025 3028 3032 3025 3017 3029 3022 3014 3005 3021 3011 3006 3005 3008 3002 3015 3002 3010 3023 3015 3021 3014 3003 3006 3004 3009 3011 3019 3013 3020 3011 3018 3005 3026 3007 3011 2997 3009 3011 3007 3004 3011 3004 3023
3032 3049 3056 3030 3036 3031 3027 3024 3033 3032 3026 3033 3042 3021 3026 3013 3026 3026 3026 3028 3008 3026 3023 3013 3016 3007 3015 3015 3008 3014 3001 3013 3010 3004 3016 3005 3012 3014 3005 3007 3017 3000 2998 3004 3001 2993 3005 3009 3014 3008 3020 3007 3007 3004 2999 2999 2996 3003 3011 3000 3000 3001 3000 3018
3015 3014 3019 3010 3004 3007 3010 3002 3005 3004 3011 3006 3018 3010 2999 3015 3005 3009 3013 3013 3008 3015 3001 3015 3019 3008 3015 3010 3014 2990 3005 3007 3002 2993 2999 3002 3012 3004 3007 2986 3000 3005 3002 2999 3003 3003 2999 2994 2993 3007 3007 3005 3005 3003 2994 3003 3004 2992 2988 3005 2988 3006 3008 3019
2985 2985 2979 2973 2963 2978 2981 2988 3004 2984 2972 2985 2985 2988 2994 2990 2991 2989 3004 2990 2997 2986 2984 2987 3005 3004 2996 3000 2995 2999 2997 2993 3003 2988 3000 3000 2990 2992 2980 2987 2988 2995 2999 2997 2996 2996 2990 2983 2994 2998 2994 2994 2992 2984 2985 2980 2983 2987 2984 2991 2997 2983 3005 2999
2989 2974 2988 2989 2977 2982 2980 2987 2990 2980 2964 2973 2997 2980 2968 2997 3005 2992 2994 2992 2992 2997 2991 2990 2985 2992 3004 2991 2999 2991 2996 2998 2995 3001 2993 3003 2987 2995 2999 3001 2993 3004 3001 3002 3005 2993 2997 3006 3002 2991 3006 2988 2997 2996 2989 2989 2987 2996 2996 2991 2998 3008 3004 3008
2987 2982 2985 2979 2986 2970 2988 2981 2977 2982 2978 2976 2992 2987 2980 2984 2981 2988 2994 3000 2999 2995 2988 2984 2980 2986 3006 3000 2993 2997 2992 3003 3009 3005 3000 2996 2982 2996 3000 2990 2996 2997 2995 3011 3012 3019 2995 3008 3003 2985 2997 2996 3001 3000 2990 2999 2992 2982 2996 2992 2997 3008 3026 3007
2980 2988 2988 2983 2985 2980 2996 2978 2990 2992 2985 2979 2993 2993 2987 2990 3003 2999 3000 2998 2999 2999 2998 3002 2990 2986 3004 2998 2995 2991 2998 2995 3003 3000 3011 3002 2996 3000 2997 3010 3006 2995 2994 2998 2997 2993 3005 3006 3006 3000 3003 2997 3005 3007 3007 2993 2988 2992 3002 2990 3009 3002 3008 3004
2986 2993 2991 2976 2987 2980 2997 2982 2983 2984 2984 2988 2992 2993 2982 2988 3000 3004 2988 2989 2990 2987 2975 2984 3014 3002 3009 3000 2987 2977 2990 2992 3007 2998 2999 2995 3005 3007 2993 2990 3002 3012 3007 3000 2996 3018 3006 3008 3006 3003 3011 3002 3002 3008 3011 3013 3004 3009 3000 3007 3008 3009 2989 3002
2978 2985 2975 2982 2977 2980 2983 2989 2992 2980 2987 2999 2995 3003 2977 2999 3003 2995 2989 2989 2999 2991 2992 2980 2999 2997 2996 2999 2996 3002 2988 2996 3008 3006 3001 2990 3000 3007 3007 3001 2994 2999 2996 3004 3000 2992 2992 3002 2990 2998 2988 3005 2997 2993 2999 3011 3000 3000 3005 3011 2997 2994 2996 3003
2999 2993 2973 2966 2987 3000 2997 2989 2986 3006 2994 3000 3007 2998 3000 2996 2983 2996 2990 2975 2999 2991 2968 2991 2996 2999 3007 3005 2984 2987 2988 2992 2995 3001 2991 2986 2998 3006 3001 2986 2985 3010 3010 3002 3012 2993 2998 2981 2994 2989 3012 3008 3001 3011 2994 3004 3015 3006 3011 3001 3001 2983 3000 3011
3008 2993 2995 2988 2997 2989 2989 3001 2998 2990 2992 2998 3003 3003 2996 2991 3003 3002 2970 2997 2995 3002 2996 2996 2996 2990 2996 3002 2989 3000 2992 2994 3001 2986 2997 2991 3002 2991 2995 2993 2990 2997 2994 2994 3004 3005 2995 2987 2997 2996 2998 3009 2996 2992 2994 2993 3004 2994 3009 3001 2993 2983 2993 3015
2989 3000 3025 3000 2990 2993 2999 2997 3005 2998 2994 3002 3004 3007 2999 2993 2986 2983 2990 2994 2993 2994 2994 2988 2995 3001 3019 3008 3004 2999 2995 2996 3005 2992 2997 2994 3002 2986 2985 2987 2988 2991 3010 3005 3008 2999 2994 2987 2998 2999 2999 3007 2997 3006 2992 3007 2990 2996 3003 2993 3008 3013 3002 3001
3008 2999 3013 2990 2997 2987 3006 3008 2998 3003 2997 2997 2995 3009 2997 2981 2982 2991 2998 2997 3000 2998 2995 2988 2987 2982 2991 3004 3002 2990 3002 2994 2998 3005 2990 2992 2994 2992 2993 3004 2996 2995 3002 3003 3018 3000 2993 2998 3000 3003 3005 2999 3004 3006 2992 3000 3007 3009 2999 2993 2996 3002 3015 2992
2998 3006 3000 2983 2988 3000 2987 3010 2994 2996 3013 3008 3001 2997 2996 3011 2994 2989 2989 3000 2991 2987 2985 2990 2994 2996 2994 2990 3003 2981 2989 2991 2993 2983 2999 3003 3000 2992 2988 2993 2998 3003 2998 3010 3001 3011 2995 2995 2990 2993 3000 2990 2994 3009 3011 3017 3007 3007 3005 2991 3015 2999 3006 3022
3000 2990 2993 2985 2983 2978 3006 3004 2995 2989 2989 3014 2992 2984 3001 2996 2989 3002 2999 3002 3007 3002 2983 2987 2991 2989 2974 2985 2987 2993 2985 2993 2990 2998 2997 2993 2995 3001 2993 2975 2989 2995 3007 3008 2997 3006 2996 3005 3000 2995 2994 2996 2998 3013 3010 3017 2995 3013 3006 3018 2999 3013 3000 3017
3007 2996 2990 2984 2993 2984 2986 2991 2983 2993 3010 3011 3003 2990 2993 2999 2996 2983 2995 3004 2999 3000 2998 2987 2987 2981 2993 2986 2986 2984 2989 2982 2997 3001 2992 2996 2995 3001 2993 2987 2999 2984 2995 3007 3000 2989 2991 2996 2997 3008 2982 2995 3001 3008 2995 3006 3000 3016 3022 3016 3020 3015 3013 3013
2999 2992 2992 2995 3001 2987 2997 2990 2991 3015 3006 2999 3001 3001 2998 2990 2995 2991 3013 3000 2988 2993 2999 2998 2982 2990 2991 2997 2987 2990 2980 2991 3008 2996 2993 2993 2991 2995 3002 2989 2989 2983 2996 2997 2993 2997 2987 3001 3007 3002 3006 2993 3000 3009 3007 3007 2992 3005 3010 3016 3010 3017 3016 3016
3000 3000 2992 2993 2996 3010 3003 3005 3004 2998 3002 2989 3013 2991 2997 2998 2995 2988 3014 2998 3008 2993 3005 2996 2988 2982 2989 2986 2990 2989 2996 2985 2991 2991 3001 2983 2993 2987 2988 2990 2986 2999 2995 3003 3010 2987 2997 2994 3004 3002 2994 3015 3012 3010 3006 3000 3012 3013 3008 3013 3017 3026 3021 3023
3012 3005 3004 3005 3001 3011 3006 2995 2997 3006 3007 2999 3022 3008 3004 3001 2989 2999 3005 3019 2993 2991 3002 2993 2985 2971 2999 2992 2994 2996 2996 2995 2997 2989 3001 3005 2991 2995 2992 2992 2977 2984 2996 2994 3005 3003 2996 3006 3015 3007 3005 3016 3014 3021 3004 3004 3021 3020 3013 3024 3004 3020 3018 3022
3005 3005 3025 3012 3001 3004 3001 3003 2993 3009 3009 3018 3014 3014 3008 3007 2999 3007 3002 2999 2992 3004 2989 3001 3004 2992 2993 3001 3000 2999 3010 2993 2998 2990 3002 3002 3001 2988 2991 2979 2996 2998 3006 2998 3003 3003 3003 2998 3003 2994 3006 3009 3012 3025 3014 3020 3021 3032 3027 3021 3018 3002 3007 3018
3016 3020 3022 3011 3001 2988 2998 2994 3011 2993 3000 3000 2995 3002 2999 3016 3007 3008 3008 2994 3013 2997 2993 3000 2988 3004 2997 3005 2992 2993 2988 2995 3003 3001 2997 2998 2997 2989 2996 2982 3012 2996 3006 2995 3000 3007 3008 3003 3001 2992 2997 3005 3014 3019 3010 3020 3010 3026 3027 3028 3006 3002 3005 3026
3015 3020 3006 2996 2999 3002 3001 2992 2994 2993 2991 2999 2994 3005 3009 3002 3002 3012 3009 3017 3007 2994 2992 2994 2990 3000 2986 2999 2979 2988 2995 2995 2994 3002 2993 3007 2993 3009 3007 3019 3004 2990 3002 2994 3002 2998 2997 2995 2995 3001 3002 3010 2988 3006 2994 2991 3008 3010 2996 3006 3001 3003 3018 3008
3014 2995 3011 3006 3009 2993 3005 2989 2988 3005 2997 2997 2987 3005 3013 3026 3009 2997 3008 2995 3001 2992 2999 2995 3000 2994 2989 2987 2990 2999 3000 3007 3005 2999 3000 3006 3002 3002 3014 2998 3003 3004 2998 3000 2995 3009 3002 2995 3000 2990 3004 3003 2999 2991 3004 2996 2998 3016 3012 3011 3013 2997 2993 3020
3004 2999 3001 3009 3013 3002 3008 3010 3016 3006 3007 2997 2997 3001 2996 3009 3008 3005 2986 2990 3000 3002 2999 2991 2978 2998 2995 3002 2992 2996 2998 2988 3010 2998 2990 2988 3002 3018 3010 3000 3000 3003 2988 2998 3019 2998 2999 2996 2993 2994 2994 2994 3003 2987 2999 2988 3001 3008 2997 3007 3002 3007 3009 3018
3002 3003 3007 3013 3012 3003 3004 3000 3006 3007 3003 3008 2993 3004 3004 3006 2992 3001 2991 2992 2989 2992 2983 2991 3016 2989 3005 2998 2998 2988 2985 3005 2989 3003 2984 2994 3002 3006 2992 2997 2999 2998 2992 2996 2991 3000 3003 2986 2993 2978 2999 3013 2994 2988 2992 2999 2993 3002 2992 2999 2995 3007 3023 3012
3001 3007 3009 2998 3013 2993 3000 3003 3004 3010 3013 2996 2991 2996 2992 3004 3012 2978 2993 3000 3019 2985 2986 2994 2990 2998 3003 2991 3000 3002 2990 2987 3000 3000 2991 3004 2983 3008 3004 2997 2997 2998 2996 2992 3000 2991 2996 2996 2991 2977 2984 2999 2994 2996 3001 3008 3017 3003 3004 2985 3015 3013 3014 2994
3004 2997 3018 3002 3007 3007 2996 2990 3006 3000 3015 3004 3001 3003 2988 3004 3012 2999 3005 2998 3005 2993 2986 2987 3005 3003 3018 3002 3008 2999 3001 2996 3001 3012 3007 3002 3005 3000 3010 3001 2999 3010 3009 3009 3006 2998 3006 3003 2996 2976 3000 2999 2998 2994 2995 3002 2995 2996 2991 3005 3014 3017 3008 3004
2994 3016 3010 3007 3014 3010 3011 3000 2999 3012 3019 3007 3012 2997 2995 2993 3009 2998 2990 3005 2995 2997 2988 2996 3007 2992 3003 3002 3013 3001 2996 2989 3008 2988 2999 3006 2997 3001 3005 3003 3003 3011 3007 2995 3014 3002 3011 2996 2989 2984 2983 2995 3004 2997 3002 3001 3007 3005 2998 2997 2993 3003 3021 3008
2993 3001 3004 3009 3026 2997 2989 3005 3016 3010 3021 3012 3013 2999 3004 2992 3006 3001 3010 2989 2995 2990 2999 3014 3000 3003 2990 3003 3001 3000 2996 2993 2998 2999 2996 3017 2996 2996 3000 3009 3001 3011 3019 3007 3012 3018 3007 3004 2999 2994 2994 2997 3010 3001 2997 2998 3015 3016 2989 2989 2997 3002 2997 3022
3000 3004 3007 2995 2999 3013 3013 3006 3010 3015 3018 3002 2998 3001 2993 3002 2986 2997 3004 3004 2991 2992 2994 2990 3004 2997 2996 2991 3009 2999 2993 3002 2997 2998 2994 3000 2994 2994 3001 2999 3002 2998 2995 3002 3007 3008 3006 2996 2998 2995 2996 3003 3002 2993 2982 3002 2999 3000 3012 3004 3003 3001 3000 3013
3001 3007 3004 3015 2991 3003 3018 3006 3012 3005 3012 3008 3005 3006 3008 3010 2998 2999 3007 3019 2997 3002 3005 2997 2993 2988 3001 2998 3009 3003 3006 2989 2996 3002 3008 2998 2994 2996 2996 3000 3003 2994 3022 3003 3013 3010 3000 3019 3010 2999 2993 3004 2992 3008 3000 3001 3016 3009 3014 2993 3000 3011 3015 3012
3016 3018 3004 2990 3012 3002 3020 3017 2996 3004 2999 3001 3010 3014 3006 3002 2991 2992 3000 2997 2990 2989 2992 3004 3006 2987 2998 2998 3005 3005 3006 3002 3003 2997 2999 2997 2999 2993 2996 2994 2986 3001 3003 3003 3009 3017 2998 2997 3001 2996 2990 3006 2994 3003 2982 2990 2990 3002 2996 3011 3001 3008 2998 3012
3001 3002 3008 3011 3003 3005 3011 3009 2988 3000 2995 2999 3018 3000 2991 3001 2987 3014 3004 3000 3006 2996 3006 3011 2994 3001 2998 2994 2997 3005 2999 3007 3021 3005 3001 3000 2994 2987 3003 2990 3000 2994 3011 3005 3000 3004 2999 3002 3007 2993 2994 2991 2999 3002 2991 3004 2981 2989 3001 3007 2991 3006 2991 3010
3005 3005 3009 2997 2993 2994 3006 3012 3012 3012 3007 3008 3001 3009 2999 3002 2991 3007 2996 2996 2998 2999 3004 3005 3001 2996 2999 2983 3001 3004 3004 3003 3003 3002 2995 2996 2981 2992 2993 2995 3003 3003 3010 3014 2993 2987 3012 2991 2998 2998 2999 3009 3007 3013 2988 2979 2989 2994 2998 3000 3000 2989 2999 2997
2997 3003 3004 3006 2994 3003 2992 3011 3012 3008 2999 3009 2990 3006 3001 2987 2988 2998 2993 2998 2998 3002 2990 3001 3005 2999 2994 3004 2989 2986 2995 3009 2989 3011 3012 2993 2992 2995 2996 3001 3011 3007 3003 3003 3003 3004 3019 2994 2989 2984 3008 3006 3018 3013 3005 2990 2972 2984 2995 2997 2985 2985 3011 3010
2997 3004 2995 3007 3013 3011 3017 3016 2995 2995 2989 2996 3002 3000 3003 2999 2996 3003 3006 3004 2997 3021 3004 3002 2999 3000 2997 2995 2997 2980 2997 2997 2995 3005 3022 3001 2988 2993 3005 3002 2997 3001 3002 2999 3009 3004 3002 3004 2998 2993 2997 3002 3005 3009 2997 2989 2986 2991 2982 3007 2987 2992 3001 3007
3000 3003 3012 2998 2999 3015 3013 3007 3002 3000 2994 3002 2991 3005 3005 2994 2988 3002 2999 3010 3005 3006 3000 2981 3000 2999 3001 2998 2991 3000 2988 2999 2998 3016 3006 3010 2996 2987 3001 2990 3011 3008 2993 3006 2997 3003 2997 3013 2989 2986 3000 3007 3016 2999 2988 3007 2998 2994 2997 2991 3007 3004 3010 3015
2992 3004 3014 3003 3022 3014 2998 3012 2996 3007 3014 3011 3008 2999 2999 3004 2996 2994 2992 2999 3002 3011 2993 2998 3000 2986 2986 3018 2998 2996 2990 3012 2991 2991 3001 3007 2993 3004 2992 2995 3008 3003 2988 2998 2986 2996 3007 3005 3000 2992 3013 3003 3004 2994 2992 3001 3004 3010 2999 2994 2998 3012 2999 3010
2997 3000 3015 3004 3009 3003 3003 3005 3019 3008 3016 3024 3010 3011 3006 2992 2996 2995 3003 3004 3002 3007 2995 2999 2991 3003 3007 3020 3010 2997 2993 3002 2987 3006 3002 2994 2994 2993 2997 3010 3005 3000 3004 2999 3000 3011 3009 3018 3009 3005 3002 3007 3006 3009 3009 3002 3005 3006 2983 3006 2986 3003 2995 3000
3009 2998 3002 2999 3015 3003 3006 3011 3018 2999 3007 3004 3015 3011 3014 3024 3013 3020 3012 2996 2991 3002 2994 3010 2996 3009 3008 3011 3009 3003 2988 3010 2996 3005 3009 2997 3006 2984 2997 3003 2996 3000 3007 2990 3012 3011 3011 3018 2999 3008 3003 3001 3006 3004 2992 3004 3002 3004 3001 3005 3010 2993 2997 2998
2988 2991 2993 2998 3002 3005 3024 3014 3020 3004 3009 2999 3007 3002 3021 3013 3020 3015 3017 2994 2999 2985 2999 3007 3002 3011 3009 3008 3004 3003 3005 2986 2999 3005 2991 3010 2994 2999 3012 3000 3005 3007 3006 3005 3001 3004 3007 3007 3006 3019 2997 2998 3005 3002 3006 3007 3013 3001 2996 2996 2992 2984 2984 2994
3005 2991 2991 2996 3006 3006 3011 3006 3004 2986 2997 3005 3018 3006 2994 3000 3007 3012 3020 3012 3003 3002 2993 3008 3018 3017 2992 3004 3007 3017 2987 2993 2996 3001 3004 3005 3005 2983 3006 3011 3009 3003 2989 3007 3012 3009 3009 2999 3006 3014 3019 3016 3003 3009 3003 2998 2992 3004 2997 3000 3001 2987 2986 3005
3017 2998 2994 3005 2999 3009 3010 3008 3009 3011 2997 3009 2997 2995 2989 2993 3003 3005 3005 3004 3008 3005 2999 2998 3000 2989 2997 3009 3002 3008 2998 3002 3003 3003 3012 3003 3012 3004 2995 3008 2997 3010 3003 3005 3000 3014 3008 3012 3007 3012 3018 3016 3021 3012 3007 3023 3015 3013 2991 2998 2995 2997 3004 2989
3003 2987 3002 3008 3010 3010 3009 3010 3006 2990 3001 2994 2982 3003 3001 2986 2997 2996 3011 2999 2982 3006 3006 3011 2995 3010 3013 3002 3006 3010 3000 3013 3001 3013 3012 3011 3018 3013 3016 3004 3004 3010 3004 3009 3014 3009 3002 3018 3020 3017 3011 2999 3008 3018 2995 2995 3000 3012 3009 3004 2987 2998 2992 2997
2993 2991 3005 3003 3001 3022 3012 3009 2991 3006 3001 2995 2998 2992 3006 2996 3001 2993 2997 3003 2980 3006 2984 3001 3011 3018 3005 3007 3007 3002 3008 3010 3010 3018 3008 3020 3014 3018 3023 3005 3011 3015 3015 3020 3019 3003 3006 3008 3014 3011 3010 3000 3015 3022 3018 3005 3004 3011 3002 2999 2996 3001 2995 2981
3003 2998 2999 2997 3008 3020 3007 3004 3005 2998 2997 2983 3004 3000 2985 3006 2987 2998 2998 3000 3010 3004 2999 2997 3012 3010 3008 3001 3001 3002 3005 3018 3009 3019 3019 3008 3006 3015 3008 3005 2995 3002 3005 3002 3003 3019 3018 3012 3006 3016 3010 3010 3014 3012 3002 3004 3012 3012 3009 2993 2998 3004 3005 2984
2998 3008 3001 3004 3018 3018 3002 2989 2996 2999 3005 3000 3004 2999 3001 2986 3006 2999 3004 2991 3002 3004 2995 3009 3011 3016 3003 3006 2997 2989 3011 3020 3011 3019 3016 3005 3001 3005 2999 2982 3004 3003 3011 2996 3004 3017 3008 2996 2994 3011 3010 3019 3013 3002 2997 3009 3020 3012 2985 2994 3008 3009 2997 2987
2992 3009 3000 2997 3004 3003 2997 3017 2999 2996 3013 2999 2993 3007 3006 3006 3000 2994 3012 2999 3004 2995 2993 3001 2998 2997 3004 3007 2997 2993 3002 3013 2998 2989 2998 2999 2998 3006 3010 3005 3001 3009 3000 3014 3012 3015 3014 3006 3015 3007 3014 3010 3015 3008 2986 2991 2996 2992 2999 3006 3004 3009 3004 2998
2990 2995 2996 2989 2993 3003 3009 2999 3002 2997 3001 3012 3001 3005 3000 3005 3001 3016 2998 3002 3000 3002 2986 3000 3009 3012 3002 2999 3005 3006 2994 2997 2989 3001 3001 3004 2993 3007 3006 3000 3003 3008 3013 2999 2994 3007 3007 3017 3002 3019 3019 3001 2999 2986 2990 2988 2993 3002 2983 2996 3000 3002 2997 3003
2999 2999 3007 3001 3002 3010 3010 3013 2996 3013 3011 3008 3000 3005 2998 2998 3001 3004 3008 3009 3002 2984 3017 2995 3004 3003 3006 3007 3003 2987 3001 2994 2996 2992 2996 3007 2992 3000 2999 3020 3003 2999 3010 3000 3005 3006 3002 3012 3010 3007 2991 3015 3001 2995 2992 2998 2991 3011 2991 2997 2982 2992 2999 2994
2999 3002 3009 3009 3021 3017 3014 3021 3006 3014 3010 2994 2994 2998 3011 3013 2996 3002 3001 3012 2997 2991 2999 2993 2986 2999 3011 2995 3004 3013 3005 2997 3002 3002 3006 3012 2998 2996 3001 3014 3000 3005 3020 3013 3000 3010 3011 3009 2997 3004 3015 3002 2999 3003 3008 3006 2983 2983 2992 2989 3005 2993 3000 3001
3009 3009 3007 3009 3021 3018 3040 3011 3021 3009 3001 2994 3000 3003 3008 2994 2998 3006 3019 2996 3010 3005 3001 3015 2997 3000 3004 3027 3000 3003 2993 3001 3005 3005 3009 3004 3013 2996 3000 3012 3011 2994 2998 3008 3013 3010 3017 3012 3009 3009 3009 3000 3009 3007 3014 2999 3006 3003 2999 3011 3002 3001 3006 3002
3022 3007 3027 3024 3017 3016 3008 3012 3036 3017 2994 2992 3011 2996 2994 3008 3009 3025 3016 3024 3021 3005 3007 3006 3000 3002 3013 3011 2997 2998 2997 3001 2994 2999 3004 2998 2997 3008 3015 3010 3007 3008 2996 3011 3017 3008 3024 3013 3005 3006 3014 3009 3025 3013 3013 3006 3006 3018 3007 3006 3001 3008 2991 3016
3011 3012 3021 3016 3022 3014 3015 3013 3026 3027 3020 3009 3000 3008 3006 3014 3009 3010 3026 3018 3022 3011 3012 3002 2986 3010 3005 3007 2994 3002 3020 2996 2995 3007 3006 3005 3000 2997 3009 2998 3006 3010 2995 3006 3008 3009 3020 3016 3015 3015 3014 3002 3009 3010 3003 3005 3005 3014 3010 2989 2997 2988 3002 2996
3002 3010 3006 3023 3011 3006 2996 3014 3033 3021 3022 3012 2986 3018 3008 3015 3020 3017 3022 3020 3019 3012 3011 2997 2993 2997 3005 3006 3001 2994 3013 3007 2982 2989 3022 3024 3003 2995 2998 2992 3014 3012 3004 3011 3020 3022 3019 3023 3037 2999 3014 2994 3002 2985 3000 2996 3020 3015 2999 2977 2985 2972 2983 2987
3009 3018 3024 3006 3001 3017 3002 3013 3025 3032 3013 3012 3008 2996 3005 3002 3010 3023 3028 3024 3026 3017 3010 3014 2999 3005 3009 3002 3010 3005 3008 3013 3004 2999 3014 3018 3010 3003 3013 3005 3010 3021 3015 3011 3018 3022 3017 3021 3009 3013 3010 3002 2997 2994 3001 2998 3007 3011 3003 2998 3004 2978 2997 2990
3018 3009 3008 3007 2995 3000 3008 3027 3024 3020 3002 3014 2995 2995 3010 3013 2997 3002 3030 3024 3024 3022 3009 3012 2990 3009 3002 3014 3016 3011 3017 2999 3005 3015 3013 3012 3008 3012 3011 3004 3008 3003 3012 3012 3020 3021 3015 3004 3014 3006 2988 2996 2996 3008 2997 3002 2994 2986 2998 3015 3007 2996 3018 3020
3012 3023 3013 3007 3004 3014 3008 3022 3013 3015 3001 3016 2991 3003 3017 3006 2996 3022 3019 3022 3040 3025 2997 3006 3005 2999 2989 2993 3009 3000 3021 3014 2998 3007 3001 3006 3008 3001 3015 3010 3011 3013 3007 3016 3002 3006 3002 3004 3006 2992 3013 3006 3007 3011 3001 3022 2994 2998 2993 3017 3012 3001 2996 2993
3022 3021 3026 3010 2985 3001 3015 3027 3023 3006 3005 3002 2985 2997 3010 3004 3009 3005 3032 3034 3040 3030 3026 3017 3008 2996 3002 3002 3004 3009 3020 3013 3018 3002 3001 2996 3002 3020 3003 2998 3015 3011 3001 3006 3011 2999 2997 3005 2991 2990 2989 3016 3014 2998 2995 3007 2999 3006 3003 3003 3006 2999 2984 2981
