3037 3032 3035 3043 3051 3059 3040 3050 3040 3056 3066 3075 3088 3103 3103 3098 3100 3104 3092 3086 3103 3085 3086 3099 3090 3088 3085 3085 3083 3089 3076 3083 3086 3092 3087 3084 3096 3093 3100 3099 3081 3095 3093 3090 3090 3081 3083 3104 3094 3088 3111 3103 3096 3108 3087 3094 3097 3097 3093 3088 3091 3102 3094 3092
3055 3057 3047 3046 3046 3039 3036 3051 3044 3059 3057 3064 3090 3108 3099 3094 3092 3096 3105 3098 3090 3083 3103 3080 3078 3087 3087 3085 3078 3076 3080 3089 3097 3092 3087 3097 3100 3094 3092 3092 3102 3095 3100 3092 3094 3092 3090 3094 3091 3087 3099 3107 3092 3106 3099 3079 3092 3098 3084 3100 3095 3099 3099 3098
3051 3059 3053 3036 3042 3043 3032 3044 3057 3046 3059 3082 3093 3096 3112 3099 3079 3089 3093 3087 3080 3080 3077 3064 3078 3078 3080 3085 3087 3077 3086 3081 3090 3100 3087 3093 3087 3098 3106 3104 3104 3105 3088 3090 3095 3103 3104 3082 3095 3094 3093 3104 3099 3096 3095 3091 3092 3081 3095 3091 3092 3103 3097 3110
3054 3037 3046 3036 3041 3045 3037 3034 3049 3039 3063 3069 3080 3100 3111 3087 3096 3092 3086 3083 3082 3075 3075 3079 3096 3084 3077 3075 3082 3078 3083 3082 3082 3088 3096 3089 3101 3101 3103 3098 3102 3116 3104 3094 3087 3086 3098 3090 3100 3093 3086 3102 3103 3089 3102 3097 3098 3086 3089 3083 3095 3083 3106 3087
3061 3048 3026 3036 3026 3025 3037 3042 3037 3043 3046 3066 3088 3090 3091 3075 3104 3088 3091 3079 3070 3077 3069 3085 3087 3080 3070 3069 3085 3102 3067 3083 3090 3092 3101 3087 3098 3089 3098 3107 3108 3100 3089 3092 3076 3083 3086 3082 3100 3094 3095 3081 3087 3098 3101 3100 3089 3088 3096 3082 3080 3083 3086 3087
3049 3040 3031 3027 3036 3026 3019 3028 3040 3040 3039 3057 3076 3074 3083 3080 3084 3081 3089 3077 3078 3084 3069 3080 3090 3070 3078 3070 3085 3084 3086 3090 3088 3093 3085 3093 3092 3120 3098 3095 3092 3089 3095 3083 3087 3101 3085 3101 3106 3103 3080 3081 3093 3098 3091 3104 3083 3088 3086 3084 3082 3084 3083 3097
3045 3025 3032 3027 3032 3034 3028 3037 3031 3033 3037 3049 3064 3068 3070 3072 3090 3094 3100 3095 3076 3075 3071 3074 3071 3090 3069 3084 3093 3082 3093 3075 3083 3082 3076 3089 3109 3084 3111 3109 3093 3085 3085 3080 3087 3090 3089 3100 3102 3094 3092 3077 3086 3082 3105 3098 3097 3095 3082 3085 3086 3094 3082 3102
3012 2992 2995 2997 2989 3008 2999 3012 3010 3009 3015 3031 3048 3047 3067 3058 3071 3067 3061 3077 3070 3059 3070 3067 3072 3076 3082 3060 3074 3072 3074 3068 3075 3065 3084 3076 3085 3099 3094 3093 3081 3086 3074 3073 3082 3083 3086 3089 3083 3095 3082 3086 3087 3078 3085 3100 3080 3083 3076 3079 3089 3078 3080 3070
2954 2958 2951 2958 2970 2958 2989 2976 2981 2985 3005 3007 3024 3034 3056 3040 3040 3040 3043 3060 3044 3050 3053 3053 3058 3059 3067 3051 3054 3057 3059 3061 3065 3068 3066 3064 3079 3082 3085 3078 3085 3076 3077 3075 3071 3069 3073 3082 3080 3092 3077 3083 3092 3088 3082 3077 3085 3091 3079 3088 3064 3079 3073 3074
2962 2954 2948 2962 2976 2959 2974 2963 2982 2972 2984 3002 3011 3026 3031 3041 3047 3043 3033 3042 3044 3055 3044 3057 3065 3063 3055 3057 3061 3056 3056 3068 3069 3065 3072 3066 3068 3081 3080 3080 3071 3088 3071 3074 3082 3076 3077 3076 3073 3089 3092 3096 3081 3084 3084 3099 3082 3080 3075 3067 3072 3083 3070 3073
2959 2944 2945 2962 2974 2976 2983 2968 2966 2975 2976 2988 3002 3027 3039 3036 3036 3057 3040 3038 3048 3048 3036 3060 3072 3065 3059 3052 3062 3074 3065 3068 3078 3071 3065 3077 3067 3078 3082 3089 3090 3083 3078 3091 3089 3084 3087 3073 3090 3087 3082 3094 3093 3076 3069 3081 3076 3065 3064 3094 3072 3093 3089 3086
2958 2961 2982 2976 2977 2951 2978 2975 2969 2973 2974 2996 3006 3021 3033 3035 3042 3047 3045 3039 3051 3053 3036 3046 3063 3063 3050 3057 3063 3061 3064 3081 3073 3063 3082 3071 3068 3073 3094 3090 3085 3087 3089 3086 3090 3085 3071 3085 3098 3084 3093 3087 3082 3088 3097 3078 3090 3073 3089 3080 3085 3072 3088 3096
2973 2964 2992 2974 2975 2965 2974 2970 2981 2976 2984 2999 3018 3024 3032 3041 3048 3061 3051 3037 3060 3052 3033 3038 3050 3047 3062 3063 3065 3050 3072 3073 3082 3075 3070 3064 3072 3075 3088 3086 3093 3086 3091 3086 3083 3088 3082 3098 3093 3084 3079 3077 3093 3096 3082 3083 3099 3100 3090 3079 3089 3078 3090 3087
2962 2981 2988 2967 2972 2980 2973 2975 2962 2976 2997 2991 2992 3013 3029 3032 3065 3042 3045 3045 3044 3042 3042 3051 3055 3046 3068 3063 3053 3068 3061 3074 3077 3074 3083 3083 3083 3090 3080 3084 3089 3099 3093 3081 3084 3083 3072 3092 3081 3079 3084 3071 3082 3081 3079 3085 3091 3095 3085 3081 3069 3075 3087 3087
2979 2973 2975 2980 2971 2972 2971 2970 2958 2980 2993 2982 2982 3015 3023 3039 3045 3050 3038 3049 3039 3042 3057 3045 3047 3052 3054 3049 3063 3056 3068 3067 3083 3082 3099 3089 3092 3073 3082 3073 3088 3086 3101 3084 3098 3089 3098 3081 3072 3076 3086 3092 3070 3075 3087 3069 3085 3099 3093 3089 3076 3070 3087 3088
2987 2973 2974 2977 2963 2979 2979 2985 2987 2991 2989 3000 2981 3000 3019 3031 3062 3062 3042 3054 3033 3063 3066 3056 3048 3045 3055 3061 3055 3052 3055 3079 3083 3063 3088 3076 3075 3085 3069 3085 3073 3080 3076 3076 3083 3083 3088 3096 3085 3074 3080 3091 3083 3089 3087 3073 3089 3110 3082 3068 3087 3087 3087 3078
3001 2992 2974 2978 2991 2998 2985 3003 3005 2993 2996 3003 2999 2997 3031 3026 3052 3053 3058 3052 3049 3040 3065 3063 3060 3063 3054 3053 3045 3074 3062 3073 3072 3058 3077 3062 3083 3083 3079 3079 3076 3099 3086 3079 3070 3078 3081 3074 3086 3078 3075 3083 3086 3077 3086 3068 3079 3081 3091 3075 3093 3082 3077 3080
3004 3001 2978 2984 3004 3000 3001 3007 3014 2991 2989 2995 2990 3004 3010 3014 3043 3057 3039 3051 3055 3047 3058 3064 3047 3049 3060 3048 3068 3062 3065 3065 3078 3070 3080 3072 3077 3089 3072 3087 3070 3070 3094 3078 3081 3071 3074 3086 3081 3079 3076 3079 3077 3089 3073 3087 3090 3081 3076 3088 3085 3093 3079 3101
2989 3005 2996 3010 3011 3007 3001 3010 2999 2987 2987 2988 2993 2997 3008 3013 3039 3052 3047 3038 3054 3048 3047 3053 3054 3064 3065 3057 3058 3070 3062 3069 3076 3081 3080 3076 3082 3084 3095 3089 3075 3075 3082 3083 3088 3065 3080 3077 3086 3084 3076 3088 3081 3078 3087 3081 3076 3083 3094 3084 3092 3087 3094 3086
3011 2997 2999 3002 3009 2996 3002 2986 2998 3006 2983 2986 2999 2998 2993 3010 3028 3034 3042 3051 3025 3053 3052 3052 3063 3066 3052 3055 3063 3068 3073 3069 3066 3080 3070 3087 3081 3087 3078 3089 3077 3077 3075 3078 3080 3080 3090 3081 3071 3085 3105 3092 3077 3072 3096 3084 3086 3084 3090 3075 3088 3075 3079 3086
3008 3003 3000 3007 3010 3001 2999 2994 2998 3000 2985 2996 2979 2974 2979 3006 3013 3026 3043 3040 3048 3051 3049 3058 3071 3053 3060 3057 3069 3064 3075 3075 3087 3076 3074 3075 3079 3084 3088 3083 3073 3080 3087 3081 3075 3093 3082 3087 3093 3075 3090 3079 3092 3075 3083 3081 3086 3081 3090 3088 3081 3073 3084 3094
2998 2997 2998 2999 2996 3004 3007 3002 3007 3002 3003 2998 2997 2991 2988 3012 3018 3027 3046 3060 3054 3049 3061 3054 3076 3063 3062 3057 3064 3067 3074 3078 3065 3082 3082 3088 3082 3080 3089 3079 3079 3080 3084 3077 3074 3093 3097 3087 3083 3075 3071 3088 3083 3081 3086 3083 3083 3087 3087 3069 3075 3080 3086 3080
3009 3000 2991 3014 3009 3000 2997 3001 3002 3008 3010 3006 2996 2994 3006 3007 3018 3027 3046 3047 3048 3050 3055 3058 3061 3064 3065 3062 3073 3063 3070 3072 3080 3075 3088 3084 3074 3077 3079 3086 3078 3084 3091 3081 3078 3069 3083 3083 3082 3095 3089 3091 3083 3088 3080 3082 3088 3077 3081 3078 3083 3081 3089 3084
3009 3005 3011 3013 3016 3012 3001 3005 3016 3003 3000 3012 3008 3010 3016 3007 3004 3028 3050 3057 3051 3075 3055 3070 3060 3060 3065 3057 3074 3063 3058 3067 3065 3086 3082 3089 3088 3085 3086 3083 3083 3081 3080 3088 3077 3081 3079 3080 3081 3081 3084 3102 3095 3095 3092 3092 3081 3085 3079 3069 3084 3092 3088 3091
3034 3002 3000 3003 3006 3008 2999 3010 3003 2994 3006 3000 2998 3010 3002 3009 3009 3023 3030 3037 3056 3061 3058 3065 3064 3073 3070 3063 3063 3059 3070 3055 3067 3070 3069 3076 3081 3084 3085 3096 3093 3092 3082 3083 3081 3078 3081 3078 3078 3067 3076 3086 3083 3086 3097 3084 3084 3088 3083 3080 3076 3084 3104 3092
3009 2997 2991 2999 3005 3001 3005 2997 3005 2990 3004 3001 3009 2998 2992 3005 3002 3013 3025 3036 3050 3056 3067 3067 3083 3075 3064 3071 3072 3069 3067 3065 3083 3100 3069 3095 3101 3085 3092 3093 3078 3091 3090 3079 3074 3090 3071 3066 3057 3091 3082 3080 3091 3087 3079 3076 3069 3084 3078 3081 3090 3089 3086 3090
2999 2987 3003 3000 2990 2991 2989 2995 3002 3008 3001 3001 2995 2993 2997 2983 2986 2995 3001 3031 3038 3045 3058 3051 3078 3072 3060 3068 3080 3075 3073 3074 3091 3079 3095 3082 3092 3085 3101 3086 3069 3083 3075 3084 3078 3076 3078 3080 3094 3079 3071 3074 3087 3090 3077 3090 3071 3074 3068 3105 3088 3094 3092 3090
2988 2986 3007 3012 3007 2987 2983 2989 3002 3013 3002 2993 2999 2998 2996 2994 2984 2998 3004 2996 3031 3056 3052 3071 3076 3077 3076 3071 3084 3073 3082 3076 3082 3091 3088 3073 3089 3084 3096 3098 3090 3089 3069 3090 3078 3070 3076 3086 3077 3084 3086 3089 3089 3082 3083 3088 3088 3081 3084 3085 3088 3073 3079 3094
2996 3006 3008 3001 3007 2991 2980 3000 3006 2995 2995 2985 2988 2989 2994 2992 2991 2986 2996 3015 3023 3040 3046 3057 3067 3071 3064 3080 3080 3081 3063 3079 3090 3087 3082 3081 3077 3076 3086 3081 3094 3087 3099 3100 3086 3081 3082 3075 3086 3085 3086 3077 3087 3073 3089 3072 3078 3083 3078 3075 3076 3064 3064 3082
2991 2985 3004 2990 3005 3009 2990 2997 2995 2996 2994 2995 3004 2979 2989 2990 2997 2993 3001 3006 3019 3038 3052 3064 3073 3067 3083 3072 3080 3080 3080 3070 3084 3077 3096 3090 3092 3070 3083 3091 3104 3086 3095 3097 3093 3088 3085 3082 3093 3096 3091 3090 3084 3085 3092 3098 3091 3079 3069 3087 3077 3053 3062 3078
2998 2995 2983 2983 2980 2991 2999 3000 3003 3005 2992 2986 2982 2985 2987 2996 2988 2975 2997 3000 3008 3030 3051 3058 3076 3080 3081 3080 3072 3070 3074 3081 3079 3067 3074 3072 3073 3072 3088 3092 3084 3087 3092 3085 3078 3107 3077 3077 3080 3101 3091 3084 3098 3092 3093 3079 3080 3073 3088 3072 3069 3076 3076 3063
3001 3001 2988 2990 2990 2984 2993 2987 3009 3010 2997 2997 2985 2985 2987 2986 2975 2976 2997 2994 3019 3032 3062 3069 3082 3070 3077 3079 3082 3072 3074 3088 3068 3063 3086 3081 3089 3070 3086 3090 3081 3080 3076 3085 3077 3088 3092 3084 3088 3083 3079 3089 3079 3087 3079 3094 3078 3089 3071 3074 3089 3088 3062 3046
2994 2991 2988 2982 2988 2982 2990 2999 3004 2983 2979 2973 2984 2980 3001 2991 2970 2976 2979 2991 3004 3026 3048 3059 3077 3073 3068 3068 3065 3064 3074 3074 3078 3076 3072 3091 3084 3087 3097 3080 3088 3086 3091 3072 3076 3086 3093 3085 3076 3097 3079 3072 3078 3078 3076 3064 3088 3085 3068 3074 3077 3084 3054 3055
3005 3006 3004 2995 2997 2990 2989 3005 2993 3000 2985 3005 2983 2990 2997 2983 2978 2988 2982 2999 3007 3026 3051 3071 3070 3070 3075 3077 3073 3074 3074 3074 3079 3078 3085 3103 3085 3068 3077 3082 3075 3089 3074 3085 3082 3082 3082 3086 3080 3081 3087 3068 3063 3067 3069 3072 3067 3086 3084 3082 3068 3066 3060 3052
3019 3002 3014 3006 3000 3011 3023 3012 3012 3027 3007 3000 2999 3004 3006 3010 3000 3009 3006 3001 3024 3034 3045 3075 3072 3080 3077 3089 3089 3074 3077 3071 3074 3077 3078 3095 3090 3076 3084 3078 3082 3072 3079 3081 3082 3082 3090 3082 3076 3082 3078 3086 3081 3075 3068 3089 3080 3081 3083 3073 3063 3060 3047 3042
3016 3012 3009 3011 3001 3026 3016 3012 3015 3015 3018 3002 3008 3014 3009 3021 2990 3006 3008 3019 3012 3045 3076 3084 3074 3084 3076 3079 3078 3082 3085 3056 3077 3075 3086 3081 3078 3086 3076 3081 3076 3082 3085 3079 3081 3085 3088 3086 3078 3078 3080 3089 3082 3079 3075 3056 3074 3081 3078 3067 3058 3042 3035 3049
2999 2998 2995 2990 3008 3014 2994 3005 3017 3005 3001 3001 3002 2991 3000 2999 3015 3016 3026 3022 3036 3042 3059 3061 3079 3079 3089 3089 3075 3082 3086 3080 3076 3073 3086 3083 3071 3077 3087 3082 3083 3091 3080 3085 3098 3087 3082 3086 3080 3079 3087 3083 3067 3080 3093 3061 3068 3080 3066 3058 3052 3037 3036 3028
2995 2984 2994 2979 2989 3011 2994 2994 3011 3017 2997 3000 2998 3014 3019 3013 3017 3020 3040 3036 3051 3055 3062 3087 3069 3067 3088 3077 3080 3078 3072 3081 3066 3069 3074 3083 3085 3086 3082 3092 3068 3079 3090 3075 3094 3088 3090 3084 3088 3077 3081 3087 3069 3067 3075 3071 3068 3071 3057 3058 3050 3041 3031 3025
2986 3000 3002 2988 2976 2997 3006 2996 3000 3007 3002 3011 3023 3028 3035 3041 3033 3038 3055 3065 3062 3068 3075 3069 3075 3070 3086 3074 3073 3083 3090 3084 3094 3086 3080 3076 3080 3082 3091 3085 3085 3065 3074 3083 3084 3077 3071 3067 3076 3089 3060 3068 3071 3070 3066 3068 3078 3069 3059 3058 3041 3035 3020 3023
3002 3002 2985 2997 2982 2994 3008 3008 3000 3004 3024 3021 3033 3037 3044 3060 3055 3050 3067 3072 3069 3078 3085 3083 3075 3069 3074 3076 3072 3075 3076 3084 3086 3073 3085 3074 3088 3072 3084 3081 3071 3085 3077 3071 3075 3078 3079 3072 3069 3073 3072 3065 3072 3074 3071 3072 3081 3072 3054 3053 3039 3028 3007 3003
3011 3016 2999 3016 3018 3009 3009 3023 3031 3032 3044 3034 3037 3049 3058 3054 3067 3058 3069 3067 3078 3078 3076 3084 3081 3072 3064 3069 3069 3067 3076 3066 3076 3067 3075 3082 3088 3088 3077 3081 3065 3078 3078 3065 3069 3082 3064 3061 3063 3072 3063 3060 3062 3071 3067 3061 3077 3074 3075 3040 3039 3035 3012 3007
3027 3028 3012 3033 3051 3037 3034 3050 3062 3040 3050 3042 3053 3051 3074 3053 3057 3067 3049 3065 3058 3077 3081 3081 3073 3077 3067 3076 3069 3073 3067 3081 3068 3077 3071 3078 3066 3076 3081 3076 3083 3078 3081 3070 3070 3084 3075 3072 3073 3065 3071 3064 3074 3072 3062 3071 3069 3096 3074 3031 3036 3038 3013 3010
3051 3037 3029 3043 3048 3046 3041 3049 3055 3047 3052 3045 3068 3066 3054 3060 3053 3068 3058 3078 3061 3077 3080 3079 3065 3078 3069 3069 3082 3070 3064 3070 3075 3067 3073 3067 3074 3081 3073 3084 3070 3076 3072 3078 3069 3075 3065 3070 3077 3073 3075 3072 3076 3080 3065 3084 3082 3073 3080 3064 3043 3043 3027 3018
3057 3045 3048 3047 3069 3053 3049 3052 3057 3048 3052 3062 3063 3055 3053 3053 3048 3056 3059 3065 3084 3062 3082 3063 3070 3071 3084 3068 3066 3071 3078 3078 3078 3070 3070 3055 3070 3061 3059 3069 3078 3080 3082 3074 3067 3070 3073 3073 3075 3086 3089 3076 3065 3073 3085 3080 3087 3078 3071 3076 3051 3036 3030 3033
3047 3070 3052 3063 3056 3065 3054 3057 3045 3059 3060 3045 3055 3053 3037 3053 3054 3064 3067 3048 3060 3066 3070 3075 3078 3081 3067 3069 3072 3070 3073 3064 3076 3075 3070 3072 3074 3059 3068 3073 3079 3077 3071 3072 3082 3090 3081 3097 3073 3082 3068 3063 3073 3071 3091 3093 3082 3072 3079 3070 3058 3049 3027 3032
3064 3068 3056 3059 3072 3067 3053 3064 3070 3063 3056 3051 3057 3048 3033 3046 3064 3072 3056 3056 3063 3065 3064 3065 3079 3077 3073 3071 3075 3062 3073 3085 3081 3069 3063 3061 3074 3076 3079 3081 3086 3075 3071 3083 3082 3090 3083 3087 3077 3072 3057 3062 3073 3087 3078 3094 3082 3083 3078 3074 3074 3071 3049 3039
3061 3052 3051 3076 3070 3065 3068 3066 3064 3071 3059 3054 3049 3047 3053 3057 3054 3052 3062 3072 3066 3077 3064 3065 3072 3074 3069 3075 3068 3088 3071 3067 3079 3085 3080 3071 3073 3058 3078 3070 3081 3081 3067 3080 3067 3094 3083 3079 3077 3079 3068 3087 3068 3081 3074 3086 3090 3078 3090 3080 3084 3079 3068 3051
3053 3061 3073 3084 3075 3081 3069 3076 3056 3067 3055 3056 3062 3057 3053 3059 3050 3046 3055 3069 3065 3074 3066 3068 3062 3079 3086 3072 3063 3063 3071 3072 3076 3079 3070 3076 3077 3082 3066 3082 3069 3077 3068 3070 3075 3076 3084 3081 3074 3079 3078 3097 3070 3075 3073 3078 3087 3078 3091 3079 3091 3089 3072 3050
3072 3063 3068 3074 3078 3080 3071 3074 3062 3048 3050 3057 3067 3054 3049 3062 3049 3054 3060 3071 3068 3070 3075 3068 3074 3081 3076 3081 3071 3072 3085 3074 3080 3079 3081 3071 3090 3069 3072 3072 3095 3080 3082 3068 3085 3079 3079 3089 3089 3079 3080 3092 3083 3068 3067 3077 3084 3074 3075 3086 3084 3085 3070 3055
3061 3067 3079 3075 3068 3076 3066 3053 3067 3044 3057 3058 3076 3051 3065 3049 3045 3063 3055 3070 3076 3081 3071 3081 3070 3082 3083 3083 3078 3072 3074 3083 3066 3077 3083 3086 3078 3098 3083 3071 3077 3096 3077 3082 3074 3085 3080 3093 3083 3089 3087 3085 3075 3066 3065 3080 3076 3086 3070 3079 3066 3074 3071 3081
3061 3074 3086 3079 3071 3069 3069 3066 3072 3061 3048 3066 3080 3071 3061 3059 3063 3063 3060 3068 3075 3085 3072 3072 3075 3075 3077 3080 3064 3076 3072 3068 3076 3079 3081 3085 3084 3077 3092 3082 3077 3076 3085 3080 3075 3084 3087 3078 3081 3101 3080 3070 3070 3079 3085 3072 3083 3077 3077 3072 3082 3080 3087 3085
3071 3084 3088 3075 3052 3072 3084 3064 3052 3076 3058 3062 3076 3059 3065 3057 3070 3062 3054 3075 3074 3090 3077 3075 3060 3067 3072 3083 3071 3082 3067 3060 3068 3079 3080 3078 3082 3079 3077 3079 3080 3078 3093 3089 3087 3081 3083 3069 3080 3093 3082 3072 3077 3074 3069 3083 3088 3096 3089 3080 3099 3081 3090 3096
3085 3073 3079 3065 3062 3074 3082 3087 3075 3074 3060 3078 3072 3060 3054 3066 3050 3044 3054 3063 3071 3060 3069 3063 3070 3070 3068 3064 3075 3073 3064 3070 3064 3071 3070 3080 3070 3070 3085 3079 3076 3070 3073 3082 3091 3083 3082 3072 3082 3062 3082 3081 3071 3089 3075 3068 3067 3089 3100 3094 3096 3098 3082 3076
3079 3093 3070 3068 3061 3065 3070 3062 3088 3083 3083 3071 3065 3075 3072 3060 3043 3055 3037 3046 3070 3066 3069 3078 3086 3067 3066 3072 3076 3068 3068 3053 3061 3068 3059 3060 3070 3078 3067 3071 3067 3066 3074 3084 3083 3089 3080 3091 3084 3067 3080 3071 3067 3071 3061 3075 3074 3079 3090 3110 3099 3093 3094 3087
3088 3057 3067 3068 3067 3063 3068 3089 3068 3071 3077 3072 3064 3063 3067 3060 3060 3039 3052 3060 3063 3067 3070 3063 3080 3067 3070 3073 3071 3069 3069 3059 3071 3060 3058 3080 3072 3076 3072 3080 3074 3062 3071 3076 3071 3082 3068 3077 3068 3073 3070 3073 3066 3063 3068 3071 3083 3075 3097 3088 3082 3087 3088 3086
3071 3073 3059 3060 3080 3066 3067 3057 3075 3057 3076 3070 3077 3077 3061 3056 3062 3061 3060 3050 3049 3061 3078 3077 3078 3069 3070 3077 3075 3065 3077 3070 3081 3070 3077 3078 3078 3082 3074 3058 3065 3065 3063 3068 3072 3066 3072 3076 3086 3073 3074 3071 3069 3069 3069 3051 3080 3083 3089 3093 3081 3067 3098 3068
3074 3059 3067 3063 3076 3074 3080 3079 3070 3067 3076 3069 3069 3075 3075 3064 3074 3061 3067 3053 3057 3069 3066 3061 3085 3066 3079 3088 3077 3071 3083 3066 3070 3079 3067 3068 3077 3076 3074 3065 3073 3073 3085 3087 3081 3080 3085 3085 3078 3066 3086 3081 3080 3060 3082 3072 3077 3082 3085 3090 3085 3078 3090 3069
3078 3075 3079 3067 3081 3083 3074 3071 3089 3071 3074 3062 3083 3069 3079 3056 3076 3067 3067 3060 3069 3056 3047 3058 3074 3077 3070 3073 3083 3082 3079 3068 3092 3081 3076 3077 3060 3079 3077 3081 3081 3069 3083 3077 3088 3076 3086 3082 3075 3086 3084 3077 3080 3068 3065 3079 3084 3093 3092 3078 3091 3087 3082 3057
3087 3081 3085 3083 3074 3083 3072 3077 3085 3089 3081 3084 3070 3067 3070 3067 3072 3060 3072 3058 3067 3063 3066 3058 3066 3072 3065 3070 3081 3089 3074 3075 3070 3066 3081 3061 3072 3075 3072 3078 3080 3076 3081 3081 3086 3083 3100 3084 3087 3080 3082 3084 3083 3079 3084 3086 3075 3091 3085 3082 3081 3083 3071 3063
3088 3083 3083 3083 3063 3088 3062 3074 3091 3083 3082 3080 3074 3078 3090 3074 3060 3057 3056 3072 3067 3069 3061 3061 3068 3068 3073 3066 3088 3083 3073 3074 3060 3079 3071 3076 3072 3082 3071 3094 3095 3082 3071 3089 3090 3086 3086 3084 3083 3085 3071 3079 3077 3085 3082 3089 3091 3089 3084 3083 3087 3065 3081 3079
3081 3063 3074 3072 3079 3088 3072 3066 3081 3076 3082 3084 3077 3075 3068 3077 3079 3072 3082 3069 3065 3077 3065 3058 3064 3056 3056 3071 3073 3074 3075 3076 3077 3069 3072 3076 3068 3060 3074 3086 3063 3066 3073 3070 3079 3093 3096 3087 3070 3067 3076 3084 3087 3072 3079 3087 3087 3068 3073 3075 3076 3079 3066 3074
3078 3073 3080 3082 3075 3067 3071 3094 3079 3068 3075 3077 3069 3064 3077 3087 3068 3060 3067 3062 3066 3058 3060 3061 3057 3061 3055 3072 3066 3080 3082 3068 3075 3078 3083 3076 3074 3071 3065 3063 3063 3065 3072 3088 3073 3083 3090 3089 3076 3076 3074 3085 3080 3079 3079 3083 3071 3056 3069 3069 3069 3086 3074 3055
3079 3075 3075 3082 3071 3078 3073 3067 3084 3071 3077 3082 3067 3061 3066 3077 3085 3077 3082 3080 3049 3066 3058 3048 3054 3057 3061 3063 3070 3090 3065 3057 3058 3066 3084 3066 3069 3067 3069 3067 3061 3059 3070 3073 3066 3076 3081 3085 3079 3063 3065 3081 3087 3068 3082 3069 3075 3054 3072 3075 3066 3073 3058 3064
3063 3083 3090 3087 3076 3086 3081 3085 3057 3066 3077 3066 3065 3072 3064 3076 3083 3089 3075 3079 3062 3051 3064 3057 3057 3058 3057 3077 3070 3062 3048 3040 3057 3060 3060 3076 3075 3078 3064 3063 3051 3062 3048 3060 3070 3064 3065 3073 3069 3061 3066 3072 3076 3083 3076 3065 3068 3068 3071 3084 3062 3060 3065 3073
