3010 3006 3011 3022 3027 3014 3011 3016 3010 3027 3012 3003 3001 3019 3007 3013 3020 3013 3004 3013 3015 3027 3023 3007 3020 3018 3019 3017 3017 3002 3019 3025 3029 3018 3013 3022 3023 3006 3019 3008 3015 3017 3023 3014 3016 3015 3019 3014 3011 3011 3000 2996 3018 2996 3024 3028 3031 3015 3034 3039 3031 3047 3029 3016
3021 3017 3018 3021 3020 3021 3003 3016 3014 3008 3004 3007 2988 2994 3008 3011 3014 3015 3011 3014 3005 3009 3019 3018 3009 3008 3010 3010 3010 3011 3003 3007 3008 3017 3020 3012 3016 3012 3001 3022 3007 3000 3029 3017 3015 3002 3008 3025 3005 3001 3017 3017 3014 2996 2997 3014 3028 3022 3033 3054 3026 3044 3044 3042
3010 3028 3015 3037 3002 3002 3000 2999 2992 3009 3012 2996 3010 2997 3004 3002 3009 3015 3024 3027 3013 3009 3022 3016 3015 3001 3006 3014 3013 3023 2996 3008 3013 3018 3022 3009 3002 3004 3000 3007 3001 3007 3014 3010 3015 3013 3011 3022 3012 2994 3016 3024 3013 3006 3009 3008 3024 3029 3026 3030 3039 3052 3079 3060
3021 3009 3015 3011 3011 3002 3013 3004 3006 3009 3020 3014 2998 2994 3007 3006 3013 3016 3009 3017 3025 3016 3019 3009 3003 3007 3019 3012 3017 3012 3008 3010 3005 3019 3024 3011 3012 3000 3011 3011 3015 3007 3021 3019 3015 3001 3008 3011 3002 3002 3008 3001 3009 3020 3012 3027 3031 3028 3027 3041 3039 3041 3041 3044
3000 3001 2989 2997 3009 3019 2999 2994 3012 3011 3026 3010 3010 3001 3001 3004 3027 3020 3010 3012 3021 3003 2992 3003 3014 3000 3025 3009 3015 3010 3026 3009 3005 3010 3015 3037 3022 3023 3024 3013 3016 3016 3016 3011 3013 3021 2999 3008 2996 3012 3008 3006 3016 3028 3034 3041 3031 3032 3035 3040 3031 3040 3024 3042
3000 2996 2987 2992 3013 3022 3003 3005 3014 3021 3016 3012 2999 2995 3005 3007 3009 3013 3004 3020 3019 3024 3009 3003 3012 3005 3009 3016 3001 3013 3028 3012 3016 3013 3014 3022 3012 3014 3025 3009 3020 3010 3007 3016 3013 3005 3012 3006 3014 2998 3002 3004 3011 3023 3028 3026 3035 3034 3028 3040 3044 3041 3045 3046
2993 2992 2994 3004 3024 3007 3006 3020 3015 3019 3013 3015 3012 3010 3018 2996 3014 3018 3005 3018 3031 3017 3019 3010 3011 3011 3017 3006 3019 3019 3023 3009 3010 3002 3010 3012 3017 3007 3027 3024 3012 3008 3007 3012 3015 3022 3006 3002 3009 3012 3025 3024 3018 3014 3027 3008 3032 3043 3044 3030 3057 3050 3069 3063
2988 3000 3010 3022 3009 3024 3026 3014 3030 3014 3024 3002 2990 3004 3015 3010 3001 3002 3003 3008 3016 3029 3011 3007 3028 3021 3017 3012 3022 3021 3009 3012 3006 3002 3015 3011 2997 3003 3020 3011 3000 3021 3009 3002 3009 3011 3000 2990 3004 3012 3020 3017 3015 3019 3027 3032 3042 3038 3039 3048 3042 3054 3045 3052
3010 3015 3020 3031 3015 3017 3024 3032 3024 3027 3007 3000 3013 2997 3012 3014 3004 3001 3003 3011 3010 3012 3014 3035 3034 3023 3009 3013 3009 3009 2998 2999 3000 3017 3009 3012 3004 3004 3003 3015 3003 3010 3027 3011 3028 3008 3003 3004 3017 3006 3013 3019 3025 3025 3028 3057 3047 3034 3043 3052 3041 3050 3046 3060
3007 3008 3026 3018 3020 3036 3031 3023 3027 3025 3013 3011 3000 3012 3004 3025 3007 3015 3016 3002 3019 3021 3029 3027 3022 3022 3012 3002 3007 3009 3014 2995 3015 3013 3022 3008 2995 3003 3008 3010 3004 3002 3015 3008 3022 3014 3014 3015 3013 3018 3009 3006 3021 3035 3045 3041 3036 3041 3047 3052 3058 3049 3047 3045
3033 3018 3015 3006 3006 3032 3030 3026 3036 3022 3023 3010 3020 3017 3013 3006 3016 3015 3023 3025 3020 3012 3029 3016 3019 3010 2999 2998 3005 3013 3001 3010 3027 3020 3014 3019 3019 2994 2996 2995 3004 3010 3013 3014 3022 3016 3015 3013 3015 3011 3004 3012 3028 3040 3048 3044 3041 3047 3059 3076 3052 3059 3052 3061
3016 3019 3021 3022 3015 3017 3029 3015 3029 3027 2996 3004 3011 3016 3023 3009 3023 3011 3026 3018 3009 3009 3019 3006 3010 3003 2994 2996 3002 3020 3017 3017 3013 3017 3021 3007 3014 2997 3004 2997 3010 3015 3022 3012 3018 3017 3009 3011 3008 3004 3014 3014 3024 3022 3034 3048 3052 3044 3057 3055 3052 3046 3050 3045
3020 3019 3029 3022 3036 3030 3029 3019 3027 3007 3017 3024 3019 3028 3035 3019 3013 3027 3018 3011 3018 3004 2990 3005 3005 3010 3011 3011 3003 3014 3010 3005 3005 3013 3019 3025 3019 3022 3018 3008 3002 3006 3011 3020 3015 3019 3008 3006 2994 3019 3007 3029 3029 3038 3049 3049 3051 3048 3053 3048 3049 3060 3057 3066
3019 3014 3014 3018 3026 3030 3013 3015 3013 3024 3008 3017 3022 3026 3023 3030 3009 3013 3015 3024 3009 3014 3005 3017 3003 3018 3013 2988 3002 3022 3008 3009 3009 3004 3001 3003 3012 3014 3005 3009 3026 3011 3014 3012 3021 3012 3006 3012 3010 3010 3013 3005 3019 3018 3050 3029 3049 3039 3045 3047 3047 3049 3055 3061
3009 3026 3022 3010 3015 3018 3013 3024 3028 3022 3028 3017 3015 3009 3015 3015 3014 3003 3014 3009 3011 3010 3007 3023 2999 2998 3009 3017 3032 3009 3023 3013 3010 3024 3015 3011 3007 3007 3011 3009 3004 3000 3011 3009 3011 3015 3025 3024 3021 2998 3011 2998 3014 3028 3028 3054 3043 3046 3046 3053 3054 3048 3071 3056
3017 3021 3024 3031 3011 3015 3018 3016 3033 3025 3023 3023 3018 3000 3010 3008 2998 3012 3019 3007 3015 3017 3021 3014 3008 3007 3012 3023 3011 3014 3031 3027 3033 3024 3023 3019 3011 3016 3002 3010 3004 3019 3017 3032 3001 3012 3016 3029 3011 3004 3009 3020 3021 3026 3037 3046 3046 3045 3056 3056 3061 3050 3046 3071
3024 3026 3030 3033 3017 3024 3011 3020 3013 3031 3021 3015 3008 3005 3019 3008 2988 3006 3011 3023 3008 3001 3009 3024 3018 3018 3013 3017 3026 3020 3029 3018 3024 3009 3006 3010 3019 3018 3009 3013 3022 3014 3025 3013 3019 3015 3012 3024 3023 3014 3013 3019 3011 3021 3027 3042 3051 3051 3060 3057 3065 3056 3061 3068
3009 3017 3030 3029 3017 3013 3017 3025 3016 3028 3011 3024 3001 3012 3023 3009 3004 3012 3018 3002 3015 3025 3017 3014 3013 3010 3018 3017 3027 3027 3025 3010 3014 3008 3017 3025 3012 3023 3005 3011 3021 3014 3010 3033 3016 3016 3019 3006 3015 3021 3019 3009 3007 3017 3034 3048 3054 3055 3068 3062 3069 3066 3072 3069
3006 3005 3020 3016 3003 3001 3009 3012 3026 3023 3024 3010 3009 3011 3017 3011 3008 3008 3022 3014 2997 3009 3015 3019 3021 3008 3016 3009 3028 3009 2996 3008 3002 3016 3014 3026 3025 3011 3010 3015 3015 3014 3017 3022 3010 3026 3011 3015 3023 3024 3024 3021 3023 3013 3027 3050 3064 3063 3065 3070 3073 3077 3075 3078
3008 3023 3012 3011 3018 3019 3006 3015 3014 3025 3009 3023 3005 3016 3018 3014 3017 3017 3015 3019 3002 3016 3023 3023 3028 3018 3003 3012 3025 3033 3009 3020 3020 3021 3033 3026 3025 3028 3009 3030 3035 3024 3016 3019 3019 3027 3016 3023 3020 3032 3020 3046 3025 3023 3054 3055 3054 3066 3069 3069 3067 3079 3084 3086
3008 3023 3024 3013 3030 3025 3019 3017 3004 3013 3004 3014 3027 3032 3003 3019 3014 3019 3019 3027 3027 3016 3018 3033 3017 3016 3018 3023 3031 3035 3034 3027 3032 3040 3038 3028 3024 3040 3040 3036 3031 3035 3034 3027 3036 3040 3026 3014 3027 3025 3030 3040 3036 3022 3062 3064 3057 3078 3069 3078 3086 3078 3086 3083
3005 3019 3023 3029 3028 3011 3014 3013 3018 3024 3007 3013 3016 3025 3024 3017 3030 3035 3021 3018 3034 3034 3022 3015 3017 3017 3022 3017 3039 3043 3019 3030 3032 3036 3031 3045 3035 3044 3028 3038 3037 3026 3016 3038 3029 3031 3038 3032 3039 3036 3026 3038 3032 3046 3034 3058 3062 3064 3074 3082 3074 3084 3087 3103
3014 3012 3017 3023 3014 3020 3019 3016 3021 3019 3005 3019 3030 3027 3032 3035 3042 3029 3031 3048 3046 3046 3035 3036 3033 3033 3038 3049 3039 3040 3034 3049 3039 3035 3040 3039 3031 3029 3019 3026 3022 3026 3018 3031 3041 3024 3041 3045 3043 3025 3024 3036 3019 3017 3029 3035 3043 3072 3075 3071 3090 3071 3091 3090
3008 3011 3009 3026 3024 3029 3013 3020 3019 3014 3017 3014 3031 3029 3032 3024 3022 3030 3043 3042 3042 3040 3023 3039 3034 3028 3020 3024 3032 3031 3016 3039 3037 3037 3023 3019 3015 3029 3020 3019 3018 3022 3026 3023 3029 3019 3027 3035 3032 3026 3023 3027 3014 3011 3023 3013 3052 3051 3067 3080 3090 3080 3084 3083
3012 3015 3021 3015 3026 3015 3028 3019 3012 3009 3008 3019 3005 3024 3018 3025 3025 3023 3028 3047 3026 3028 3032 3018 3001 3010 3023 3020 3019 3017 3017 3020 3021 3029 3016 3023 3021 3036 3030 3016 3007 3026 3022 3024 3008 3031 3009 3011 3012 3031 3016 3016 3002 3029 3016 3026 3043 3055 3068 3074 3090 3079 3088 3082
3022 3030 3015 3014 3018 3014 3015 3015 3026 3008 3004 3012 3006 3026 3028 3030 2998 3026 3014 3023 3013 3013 3019 3017 3009 3020 3017 3012 3019 2994 3020 3015 3026 3019 3027 3028 3027 3041 3013 3023 3021 3027 3023 3018 3029 3016 3013 3020 3003 3007 3035 3029 3017 3002 3018 3016 3038 3052 3056 3084 3075 3075 3082 3085
3020 3001 3015 3015 3017 3021 3018 3001 3004 3016 3003 3005 3017 3022 3015 3002 3014 3019 3004 3004 3008 3008 3018 3018 3008 3006 3008 3019 2995 3012 3021 3015 3015 3000 3014 3025 3028 3017 3018 3026 3033 3025 3019 3006 3016 3013 3025 3013 3025 3011 3017 3028 3028 3022 3033 3033 3047 3044 3083 3068 3084 3079 3080 3091
3005 3002 3006 3014 3025 3012 3017 3001 3005 3015 3011 3012 3016 3016 3028 3020 3011 3019 3011 3017 3010 3027 3038 3014 3010 3004 3009 3015 3016 3019 3027 3028 3016 3017 3013 3021 3028 3022 3019 3021 3014 3014 3032 3036 3022 3012 3014 3002 3018 3015 3014 3018 3012 3019 3026 3039 3036 3042 3061 3074 3074 3082 3083 3080
3008 3013 3007 3012 3017 3029 3028 3018 3019 3007 3014 3005 3013 3020 3011 3025 3014 3011 3021 3007 3007 3008 3010 3009 3013 3016 3014 3027 3020 3021 3022 3017 3023 3009 3002 3007 3020 3028 3023 3024 3001 3004 3011 3014 3018 3019 3009 3017 3017 3008 3020 3014 3019 3025 3023 3014 3029 3044 3048 3071 3074 3067 3083 3086
3013 3017 3012 3016 3004 3011 3010 3013 3021 3010 3015 3005 3001 3018 3017 3006 3026 3011 3023 3016 3030 3009 3013 3012 3004 3016 3021 3025 3021 3027 3028 3021 3028 3018 3030 3020 3013 3017 3020 3014 2998 3011 2997 3014 3000 3021 3020 3016 3016 3013 3019 3020 3020 3015 3014 3021 3032 3038 3042 3057 3066 3071 3070 3093
3021 3013 3007 3014 3010 3009 3021 2999 3023 3024 3020 2994 2994 3022 3008 3010 3012 3021 3013 3009 3003 3001 3018 3012 3018 3004 3018 3021 3012 3001 3015 3002 3006 3016 2999 3007 3006 3027 3022 3008 3015 3001 3009 3011 3002 3019 3022 3015 3002 3020 3014 2997 3020 3022 3021 3013 3033 3018 3037 3053 3048 3066 3068 3080
3009 3013 3026 3023 3018 3009 3006 3001 3016 3014 3008 3002 3001 2990 3005 3014 3007 3023 3023 3018 3009 3006 3010 3014 3019 3030 3012 3006 3018 3016 3025 3016 3004 3010 3011 3009 3020 3018 3020 3024 3032 3023 3015 3019 3026 3024 3024 3018 3019 3024 3011 3023 3039 3028 3019 3039 3032 3017 3035 3051 3058 3067 3060 3066
3005 3009 3014 3017 3024 3018 2999 3001 3012 3023 3009 3012 3007 3023 3003 3016 3030 3000 3014 3007 3011 3007 3009 3005 3027 3018 3017 3019 3012 3023 3026 3027 3020 3025 3031 3024 3029 3027 3025 3023 3023 3034 3031 3027 3042 3028 3024 3041 3026 3031 3023 3022 3038 3040 3031 3020 3034 3039 3030 3036 3041 3060 3063 3069
3000 3020 3007 3017 3027 3008 3010 3008 3019 3020 3009 3017 3008 3006 2990 3018 3007 3014 3013 3007 3015 3000 3012 3010 3024 3028 3027 3025 3023 3019 3028 3032 3026 3027 3023 3021 3037 3036 3034 3025 3038 3026 3034 3046 3024 3034 3028 3039 3042 3032 3030 3027 3030 3033 3032 3024 3016 3022 3026 3037 3038 3046 3054 3065
3012 3006 3005 3008 3019 3000 2996 2993 3011 3008 3005 3021 3014 3009 3019 3014 3006 3012 2997 3004 3014 3008 3006 3009 3016 3035 3015 3041 3025 3028 3024 3023 3026 3019 3024 3030 3035 3020 3024 3022 3030 3015 3014 3020 3019 3029 3014 3020 3030 3017 3036 3028 3023 3022 3018 3005 3032 3033 3019 3019 3025 3030 3058 3051
3017 3017 3011 2996 3013 3016 2998 3007 3017 3015 3014 3013 3012 3025 3004 3006 3013 3011 3014 3019 3007 3012 3027 3023 3018 3018 3025 3029 3015 3025 3017 3029 3006 3026 3013 3026 3021 3022 3016 3029 3015 3022 3002 3024 3012 3021 3008 3015 3035 3020 3025 3031 3029 3013 3029 3010 3023 3022 3021 3015 3033 3036 3037 3063
3015 3015 3015 2995 3009 3012 2999 3009 3014 3011 3010 3001 3019 3004 3015 3004 3017 3013 3001 3015 3012 3010 3011 3018 3010 3017 3020 3014 3019 3012 3021 3024 3022 3019 3025 3021 3012 3016 3016 3036 3005 3014 3020 3004 3025 3034 3016 3010 3022 3012 3019 3017 3027 3006 3015 3014 3028 3015 3028 3010 3014 3016 3037 3054
3023 3021 3015 2997 3010 3006 3004 3016 3022 3009 3010 3010 2992 3001 3002 3017 3002 3019 3023 3016 3007 3009 3012 3014 3013 3019 3004 3009 2996 3013 3008 3014 3023 3034 3011 2997 3016 3031 3017 3017 3004 3006 3011 3016 3022 3015 3018 3002 3015 3008 3015 3018 3015 3019 3020 3030 3015 3021 3011 3016 3016 3019 3031 3058
3026 3008 3006 3003 2996 3012 3017 3021 3024 3015 3009 3014 3015 3003 3003 2998 3008 3013 3017 3012 3008 3019 3024 3015 3008 3012 3015 3013 3030 3021 3026 3018 3012 3007 3003 3011 3013 3014 3009 3017 3006 3015 3020 3021 3026 3028 3018 3013 3038 3023 3030 3017 3009 3011 3016 3020 3028 3013 3031 3040 3028 3019 3050 3042
3041 3024 3010 2994 3019 3006 3014 3015 3016 3007 3003 3002 3008 2998 3009 2998 3003 3015 3021 3025 3010 3018 3010 3005 3004 3016 3013 3017 3025 3016 3020 3009 3016 3023 3009 3016 3008 3012 3010 3004 3008 3013 3019 3034 3019 3019 3022 3016 3016 3027 3019 3007 3015 3029 3014 3019 3019 3013 3022 3025 3038 3015 3037 3071
3035 3026 3017 3007 3003 3018 3016 3016 3015 3007 2999 3018 3027 3001 3007 3024 3002 2999 3004 3004 3015 3005 3014 3018 3007 3009 3006 3017 3018 3025 3017 3018 3010 3026 3012 3019 3003 3017 3024 3017 3017 3007 3018 2997 3026 3018 3014 3019 3001 3027 3028 3026 3033 3020 3009 3022 3021 3026 3024 3026 3033 3012 3048 3058
3036 3018 3018 3009 3018 3022 3026 3017 3011 3027 3017 2997 3009 3021 3020 3022 3008 3002 3001 3002 3010 3001 3015 3010 3019 3010 3020 3019 3010 3033 3002 3016 3022 3024 3020 3008 3003 3019 3011 3015 3019 3012 3005 3000 3015 3021 3017 3012 3023 3010 3015 3019 3011 3010 3014 3007 3018 3027 3017 3024 3023 3018 3035 3057
3019 3014 3009 3028 3031 3030 3024 3017 3011 2998 3011 3019 3025 3011 3026 3009 2994 3015 3017 3018 3004 3008 3012 3024 3009 3011 3018 3019 3029 3024 3020 3003 3018 3010 3013 3013 3006 3014 3000 3013 3032 3027 3013 3011 3030 3015 3021 3033 3028 3040 3032 3023 3011 3017 3015 3015 3026 3040 3025 3028 3026 3015 3041 3068
3008 2997 3006 3025 3039 3015 3032 3003 3004 3014 3008 3010 3015 3021 3002 3016 2996 2992 2994 3000 3012 3021 3010 3020 3003 3018 3017 3011 3011 3026 3017 3016 3009 3005 3004 3009 3002 3014 3017 3009 3028 3022 3022 3018 3019 3020 3034 3027 3027 3012 3020 3018 3023 3025 3013 3017 3026 3019 3018 3019 3019 3024 3038 3057
3027 3018 3025 3018 3020 3032 3030 3019 3024 3012 3019 3010 3005 3010 3012 3005 3019 2998 3008 3005 3005 3016 3007 3005 3017 3011 3021 3018 3020 3014 3016 3011 3011 3019 3008 3005 3025 3023 3023 3017 3022 3019 3010 3029 3020 3029 3028 3023 3013 3006 3014 3015 3022 3021 3021 3024 3015 3020 3032 3023 3032 3028 3053 3042
3019 3024 3022 3026 3025 3020 3035 3019 3014 3030 3024 3014 3010 3011 3013 3011 3009 3011 3020 3008 3012 3008 3013 3001 3011 3020 3018 3004 3019 3018 3023 3018 3026 3011 3007 3002 3019 3021 3032 3018 3027 3031 3009 3023 3019 3022 3028 3022 3014 3010 3026 3025 3023 3017 3007 3017 3010 3019 3027 3029 3041 3041 3046 3056
3019 3015 3014 3025 3005 3023 3026 3018 3025 3018 3015 3008 3008 3002 2999 3019 2999 3011 3004 3016 3002 3025 2996 3001 3019 3010 3016 3014 3020 3026 3023 3028 3031 3019 3006 3001 3008 3013 3019 3015 3028 3024 3026 3025 3021 3025 3014 3040 3027 3023 3017 3029 3024 3015 3008 3026 3009 3017 3018 3029 3023 3036 3051 3059
3018 3018 3015 3001 3014 3012 3002 3003 3018 3044 3020 3003 3013 3005 3013 3005 3008 3014 3004 3007 3000 3014 3004 2997 3010 3002 3005 3012 3014 3006 3010 3013 3024 3014 3022 2994 3013 3020 3013 3010 3011 3000 3013 3028 3033 3028 3026 3022 3020 3021 3025 3031 3015 3010 3018 3021 3017 3030 3024 3026 3026 3016 3041 3056
3020 3024 3021 3030 3021 3026 3003 3009 3028 3020 3025 3018 3017 3007 3014 3010 3009 3003 2996 2991 3014 3008 3001 3016 3002 3013 3018 3011 3013 3017 3016 3015 3017 3014 3000 3007 3013 3029 3022 3004 3011 3017 3029 3017 3009 3012 3005 3015 3015 3018 3027 3020 3018 3013 3022 3030 3030 3029 3034 3039 3034 3032 3056 3078
3026 3026 3018 3018 3022 3007 3017 3013 3038 3023 3022 3020 3029 3014 3001 3006 3016 3009 3005 2996 2999 3002 3003 3012 3015 3018 3004 3012 3004 3017 3013 2999 3004 3008 3017 3011 3012 3017 3017 3005 3023 3010 3014 3025 3015 3020 3017 3015 3013 3018 3007 3019 3027 3033 3031 3041 3028 3040 3048 3058 3055 3050 3070 3084
3013 3011 3032 3024 3015 3012 3020 3018 3012 3027 3025 3009 3017 3009 3007 3020 3010 3004 2991 3001 3010 3011 3006 2998 2997 3009 3006 3014 3022 3011 3021 3025 3015 3022 3011 3003 3014 3014 3020 3011 3012 3009 2998 3010 3018 3022 3017 3021 3023 3027 3023 3023 3010 3018 3035 3043 3035 3045 3057 3052 3067 3059 3081 3086
3007 3012 3021 3013 3009 3029 3008 3021 3011 2993 3022 3020 3006 3024 3008 3008 3000 2992 2997 3001 3005 3010 3001 3005 2998 3015 3007 3020 3035 3024 3023 3023 3023 3015 3020 3011 3015 3022 3016 3021 3007 2996 3008 3020 3018 3035 3017 3006 3025 3033 3032 3025 3021 3009 3034 3044 3052 3060 3055 3074 3066 3071 3076 3097
3015 3018 3022 3022 3026 3022 3023 3009 3020 3015 3002 3003 3011 3006 3023 3007 2997 2998 3010 3006 3006 3019 3016 3024 3014 3015 3014 3018 3013 3026 3033 3020 3018 3016 3022 3002 3017 3012 3011 3019 3008 3011 3002 3022 3028 3022 3009 3016 3028 3023 3025 3046 3023 3044 3043 3065 3060 3052 3068 3072 3089 3071 3091 3093
3041 3032 3013 3024 3012 3010 3011 3020 3009 3029 3000 3012 3012 3002 3018 3005 2996 3004 3014 3016 3002 3006 3025 3024 3010 3023 3017 3012 3009 3018 3014 3013 3008 3021 3019 3015 3013 3008 3019 3030 3018 3015 3020 3017 3007 3015 3005 3014 3019 3024 3046 3045 3045 3053 3046 3055 3054 3055 3076 3080 3067 3081 3077 3097
3029 3030 3024 3019 3012 3019 3015 3006 3007 3009 3008 3006 3002 3017 3012 3020 3000 3031 3013 3018 2988 3016 3012 3009 3016 3013 3012 3016 3020 3017 3022 3021 3010 3012 3021 3019 3012 2999 3018 3025 3016 3007 3029 3015 3024 3024 3010 3017 3035 3039 3050 3049 3047 3057 3056 3062 3056 3050 3066 3076 3055 3076 3079 3086
3015 3020 2999 3010 3020 3002 3001 3010 3013 3014 3013 3012 3002 3004 3012 3018 3004 3004 3022 3015 3003 3010 3009 2997 3019 3013 3026 3017 3004 3012 3012 3024 3025 3023 3023 3024 3026 3027 3028 3014 3025 3033 3026 3013 3012 3028 3029 3043 3044 3061 3061 3068 3076 3059 3058 3083 3055 3054 3062 3063 3088 3072 3079 3074
3015 3016 3015 3024 3010 3018 3001 3007 3014 3021 3001 3008 2996 3012 3008 3011 3006 3022 3004 3009 3009 2995 3005 3007 3018 3017 3012 3016 3029 3021 3024 3026 3024 3023 3015 3028 3033 3020 3024 3035 3022 3028 3031 3050 3040 3038 3043 3041 3053 3060 3060 3059 3048 3082 3072 3069 3070 3058 3064 3072 3067 3076 3067 3069
3016 3012 3006 3007 3009 3005 3018 3013 3028 3021 3034 3010 3010 2998 3004 2997 3002 3021 3010 3007 3004 2998 3014 3012 3020 3014 3005 3008 3010 3028 3016 3027 3027 3030 3032 3022 3018 3010 3020 3033 3042 3052 3059 3058 3054 3061 3060 3073 3062 3053 3056 3061 3072 3061 3070 3075 3070 3064 3059 3079 3074 3075 3070 3084
3009 3011 3009 3015 3015 3009 3028 3022 3020 3022 3028 3020 3001 2997 3011 2999 3012 3010 3002 2999 3003 3007 3007 3008 3023 3017 3014 3014 3022 3025 3026 3026 3005 3027 3035 3029 3038 3032 3047 3042 3054 3063 3072 3067 3054 3056 3066 3062 3059 3071 3066 3082 3069 3069 3065 3069 3077 3069 3073 3074 3096 3085 3092 3089
2992 2997 3024 3007 3005 3001 3020 3016 3018 3010 3022 3015 3020 2999 3003 3007 3005 3002 3003 3000 3002 3009 3006 3007 3027 3032 3020 3015 3014 3018 3006 3011 3012 3010 3018 3032 3042 3044 3057 3074 3056 3062 3063 3063 3060 3055 3072 3060 3065 3068 3085 3079 3084 3074 3076 3086 3075 3083 3087 3083 3080 3091 3088 3092
2996 3014 3014 3005 3031 3018 3016 3014 3018 3018 3011 3013 3008 3018 3007 3007 3012 3006 3009 2992 3012 2995 3017 3002 3013 3007 3016 3030 3039 3023 3036 3032 3034 3037 3036 3047 3043 3055 3062 3068 3056 3067 3068 3078 3061 3065 3071 3078 3078 3069 3077 3093 3088 3080 3069 3075 3070 3075 3084 3081 3082 3092 3084 3082
2997 3008 3015 3010 3022 3027 3013 3019 3020 3019 3008 3017 3002 3005 3014 3017 2991 3002 3010 3012 3004 3018 3022 3003 3019 2993 2998 3017 3022 3045 3047 3040 3040 3051 3063 3058 3065 3049 3056 3068 3072 3074 3069 3086 3073 3076 3082 3062 3068 3069 3070 3062 3079 3093 3081 3064 3081 3081 3079 3070 3084 3092 3091 3091
2988 3001 3012 3024 3031 3012 3015 3000 3012 3024 3017 3003 3006 2996 3010 3010 3012 3004 3006 3016 3026 3022 3005 3029 3019 3022 3007 3017 3032 3040 3052 3040 3054 3033 3054 3059 3086 3061 3066 3078 3071 3062 3080 3082 3080 3076 3071 3073 3076 3076 3072 3080 3091 3084 3082 3093 3078 3095 3079 3070 3068 3076 3087 3084
2994 2999 3017 3022 3031 3012 3009 3015 3027 3005 2998 3005 3015 3014 3012 3007 3018 3004 3003 3008 3011 3009 3025 3019 3040 3030 3028 3022 3041 3044 3060 3049 3063 3061 3062 3079 3065 3067 3080 3067 3074 3078 3089 3103 3082 3090 3083 3060 3076 3077 3079 3076 3098 3090 3098 3100 3091 3095 3072 3073 3079 3073 3086 3090
