3019 3014 3008 3018 3028 3021 3012 3015 3019 3017 3013 3008 3004 3009 3017 3016 3011 3009 3008 3010 3014 3017 3020 3022 3023 3023 3021 3018 3015 3016 3021 3022 3021 3020 3019 3018 3017 3016 3015 3014 3013 3013 3014 3014 3014 3014 3013 3012 3011 3009 3010 3010 3006 3004 3015 3025 3028 3030 3034 3037 3035 3033 3026 3020 
3018 3018 3017 3016 3015 3011 3007 3010 3013 3014 3014 3008 3001 3005 3012 3012 3009 3011 3016 3015 3013 3016 3021 3021 3019 3017 3015 3014 3014 3014 3014 3015 3017 3017 3016 3014 3010 3009 3008 3009 3012 3015 3016 3016 3014 3013 3013 3012 3009 3008 3013 3016 3010 3005 3011 3017 3023 3028 3033 3038 3040 3041 3042 3042 
3017 3022 3027 3015 3002 3002 3002 3004 3007 3011 3015 3008 2998 3001 3008 3008 3006 3013 3023 3020 3013 3015 3022 3021 3015 3011 3008 3009 3013 3013 3008 3009 3014 3015 3013 3010 3004 3001 3002 3005 3012 3017 3019 3018 3014 3011 3012 3011 3007 3006 3015 3021 3013 3007 3007 3008 3018 3027 3032 3038 3044 3050 3057 3063 
3013 3012 3011 3009 3007 3005 3004 3005 3006 3011 3017 3010 2999 3001 3005 3008 3011 3014 3017 3016 3015 3015 3016 3015 3014 3013 3012 3012 3013 3012 3012 3012 3012 3014 3016 3016 3014 3012 3011 3011 3014 3016 3017 3017 3012 3009 3010 3011 3007 3005 3010 3015 3017 3019 3020 3022 3026 3030 3032 3034 3040 3045 3047 3049 
3008 3001 2994 3003 3012 3009 3005 3005 3005 3012 3020 3012 3001 3001 3003 3009 3017 3015 3010 3012 3017 3015 3009 3009 3012 3014 3017 3016 3012 3012 3015 3015 3011 3012 3018 3022 3024 3024 3020 3017 3016 3016 3016 3015 3010 3007 3009 3010 3007 3004 3005 3008 3020 3031 3034 3037 3036 3034 3032 3030 3035 3039 3037 3034 
3004 3001 2998 3006 3014 3010 3005 3008 3012 3016 3020 3012 3002 3003 3006 3010 3013 3012 3008 3011 3017 3016 3012 3011 3011 3013 3015 3015 3012 3013 3016 3015 3010 3010 3015 3017 3015 3015 3019 3019 3012 3009 3012 3013 3011 3009 3005 3003 3006 3008 3010 3012 3019 3025 3027 3030 3033 3036 3034 3032 3040 3048 3045 3042 
3000 3002 3003 3009 3015 3010 3005 3012 3020 3020 3019 3012 3003 3005 3010 3010 3010 3008 3007 3011 3017 3018 3015 3013 3011 3011 3013 3014 3013 3014 3016 3014 3009 3008 3012 3011 3004 3006 3018 3021 3008 3002 3007 3012 3013 3012 3001 2996 3005 3013 3015 3017 3018 3018 3019 3021 3030 3038 3036 3035 3046 3058 3055 3052 
3006 3010 3013 3015 3018 3016 3014 3017 3021 3018 3015 3010 3005 3007 3010 3010 3008 3007 3007 3010 3016 3017 3017 3017 3018 3017 3015 3015 3017 3015 3011 3009 3009 3010 3013 3011 3005 3005 3014 3017 3010 3007 3009 3012 3014 3014 3006 3002 3008 3013 3017 3019 3019 3020 3027 3034 3038 3042 3039 3037 3046 3055 3054 3053 
3013 3018 3023 3022 3020 3022 3025 3024 3021 3016 3010 3008 3008 3009 3011 3009 3007 3007 3008 3010 3014 3016 3018 3021 3025 3023 3017 3017 3021 3017 3006 3004 3008 3012 3014 3012 3006 3005 3010 3013 3013 3013 3012 3012 3015 3017 3012 3009 3011 3013 3017 3021 3021 3024 3037 3049 3048 3046 3042 3039 3044 3050 3051 3053 
3020 3018 3017 3018 3018 3022 3027 3025 3023 3017 3011 3010 3010 3010 3011 3010 3009 3011 3013 3014 3016 3017 3019 3021 3023 3019 3010 3010 3016 3015 3010 3009 3013 3015 3016 3013 3007 3004 3007 3010 3011 3012 3015 3017 3017 3017 3015 3013 3011 3010 3012 3016 3023 3031 3042 3051 3047 3044 3046 3049 3048 3048 3050 3052 
3026 3017 3009 3012 3015 3021 3027 3026 3025 3019 3013 3012 3013 3012 3011 3012 3012 3015 3018 3019 3018 3018 3020 3020 3020 3013 3001 3001 3009 3014 3016 3017 3018 3018 3018 3014 3007 3004 3005 3007 3008 3011 3018 3022 3019 3016 3016 3015 3011 3007 3007 3009 3024 3038 3045 3050 3045 3041 3051 3060 3053 3047 3049 3051 
3020 3016 3013 3018 3023 3024 3026 3024 3022 3018 3012 3014 3017 3017 3015 3016 3016 3018 3021 3019 3015 3013 3012 3013 3016 3011 3001 3002 3009 3013 3012 3013 3014 3014 3015 3014 3008 3006 3008 3009 3008 3009 3016 3019 3016 3014 3012 3010 3009 3007 3007 3010 3025 3039 3044 3047 3045 3043 3050 3057 3055 3053 3052 3051 
3012 3016 3020 3026 3032 3028 3024 3021 3019 3015 3012 3016 3023 3022 3020 3020 3020 3021 3023 3019 3012 3007 3003 3005 3012 3010 3003 3004 3011 3012 3007 3006 3007 3009 3012 3012 3009 3009 3012 3013 3009 3008 3013 3015 3014 3011 3007 3004 3006 3008 3008 3012 3026 3039 3042 3044 3046 3047 3049 3051 3056 3060 3056 3052 
3010 3016 3022 3023 3024 3022 3019 3020 3021 3017 3013 3015 3018 3018 3017 3015 3015 3016 3018 3015 3010 3007 3005 3005 3007 3007 3007 3009 3014 3015 3012 3011 3013 3013 3013 3013 3011 3011 3011 3011 3007 3007 3011 3014 3013 3012 3011 3011 3010 3009 3009 3012 3024 3035 3040 3044 3047 3048 3049 3051 3054 3057 3056 3056 
3011 3017 3023 3018 3012 3013 3014 3019 3024 3021 3015 3013 3012 3011 3010 3009 3006 3008 3010 3010 3009 3010 3010 3007 3001 3003 3010 3015 3018 3019 3019 3020 3021 3019 3016 3014 3013 3012 3010 3007 3005 3006 3010 3013 3012 3013 3018 3021 3015 3010 3010 3012 3020 3029 3038 3046 3047 3049 3050 3051 3052 3052 3056 3060 
3016 3021 3027 3020 3012 3014 3018 3020 3022 3021 3019 3015 3010 3011 3013 3010 3005 3007 3012 3012 3011 3012 3015 3012 3007 3009 3014 3018 3021 3022 3021 3021 3020 3019 3016 3014 3013 3012 3011 3010 3008 3009 3015 3019 3014 3013 3019 3021 3015 3011 3013 3016 3021 3026 3037 3046 3049 3052 3054 3056 3056 3055 3059 3063 
3021 3027 3032 3023 3015 3019 3024 3022 3019 3020 3022 3017 3010 3013 3019 3014 3006 3009 3017 3016 3013 3014 3018 3019 3017 3016 3017 3019 3023 3024 3022 3020 3017 3016 3016 3014 3011 3010 3014 3014 3011 3013 3022 3026 3018 3013 3017 3019 3015 3012 3017 3021 3022 3024 3036 3047 3051 3055 3059 3062 3061 3061 3063 3066 
3016 3021 3025 3020 3014 3016 3019 3019 3018 3020 3023 3017 3010 3012 3017 3014 3007 3011 3018 3017 3013 3015 3018 3020 3020 3018 3014 3016 3022 3022 3018 3015 3014 3015 3018 3019 3016 3014 3015 3015 3015 3017 3021 3022 3018 3016 3016 3017 3016 3017 3021 3024 3020 3019 3032 3045 3053 3061 3064 3067 3066 3066 3069 3072 
3008 3011 3015 3014 3013 3011 3010 3014 3019 3020 3021 3016 3010 3011 3013 3011 3009 3013 3019 3018 3013 3014 3017 3019 3020 3016 3010 3011 3020 3020 3012 3010 3011 3015 3022 3025 3023 3020 3015 3014 3019 3020 3016 3014 3018 3019 3015 3014 3018 3023 3025 3025 3017 3013 3028 3043 3056 3069 3069 3070 3071 3072 3075 3078 
3007 3012 3016 3016 3015 3012 3009 3013 3018 3017 3016 3015 3014 3013 3013 3013 3013 3015 3018 3017 3016 3017 3018 3019 3019 3016 3012 3016 3024 3024 3018 3015 3017 3021 3027 3030 3028 3026 3023 3022 3025 3026 3022 3020 3023 3025 3021 3019 3025 3030 3032 3032 3025 3021 3036 3051 3061 3071 3071 3072 3076 3080 3081 3083 
3011 3017 3023 3021 3019 3015 3012 3013 3016 3012 3008 3013 3019 3018 3015 3017 3019 3018 3016 3017 3020 3021 3022 3020 3017 3017 3018 3023 3031 3032 3027 3025 3027 3030 3033 3034 3031 3030 3033 3034 3033 3032 3032 3032 3031 3031 3029 3029 3034 3038 3040 3040 3036 3035 3050 3063 3067 3070 3071 3072 3081 3089 3088 3088 
3012 3017 3022 3022 3023 3018 3013 3014 3016 3012 3008 3014 3023 3023 3022 3024 3026 3025 3022 3024 3028 3029 3028 3026 3024 3024 3026 3029 3034 3035 3034 3034 3034 3034 3035 3034 3032 3031 3033 3034 3031 3029 3031 3032 3031 3031 3031 3031 3032 3034 3036 3037 3033 3032 3044 3056 3062 3068 3074 3079 3084 3088 3089 3089 
3012 3015 3017 3022 3026 3021 3015 3016 3017 3015 3011 3018 3026 3030 3032 3033 3033 3033 3033 3036 3040 3039 3036 3035 3035 3035 3034 3034 3034 3036 3040 3041 3039 3036 3034 3033 3032 3031 3029 3027 3023 3022 3024 3026 3027 3028 3029 3029 3026 3024 3026 3027 3022 3020 3030 3040 3053 3066 3077 3088 3085 3083 3086 3088 
3014 3016 3018 3021 3024 3020 3016 3016 3017 3014 3011 3015 3022 3026 3029 3030 3031 3032 3034 3036 3037 3036 3033 3031 3030 3030 3031 3030 3027 3029 3034 3035 3032 3030 3029 3028 3029 3029 3026 3023 3021 3020 3022 3024 3022 3022 3023 3024 3021 3019 3021 3022 3018 3015 3022 3030 3045 3061 3074 3086 3084 3081 3085 3089 
3016 3019 3022 3020 3018 3017 3017 3017 3016 3012 3008 3010 3013 3016 3020 3021 3022 3026 3031 3030 3026 3025 3024 3021 3015 3016 3021 3021 3016 3017 3021 3022 3019 3019 3021 3023 3026 3026 3024 3022 3021 3022 3024 3023 3017 3013 3016 3018 3017 3017 3020 3021 3016 3013 3018 3024 3039 3053 3067 3080 3081 3082 3086 3090 
3015 3017 3019 3018 3018 3017 3017 3015 3014 3010 3006 3008 3011 3014 3017 3018 3018 3021 3024 3022 3019 3019 3020 3017 3010 3010 3015 3014 3011 3013 3018 3018 3014 3014 3016 3019 3022 3024 3022 3021 3022 3022 3024 3024 3017 3013 3014 3015 3016 3017 3020 3021 3018 3016 3019 3024 3037 3050 3064 3076 3078 3080 3084 3088 
3013 3012 3011 3016 3022 3020 3017 3013 3009 3007 3005 3008 3012 3016 3019 3019 3018 3017 3016 3015 3013 3016 3020 3017 3010 3009 3010 3010 3009 3013 3021 3021 3015 3012 3013 3016 3020 3022 3022 3022 3021 3022 3024 3024 3021 3019 3017 3015 3017 3018 3021 3023 3022 3021 3023 3027 3039 3050 3063 3075 3076 3077 3080 3084 
3011 3010 3009 3016 3023 3021 3019 3013 3007 3007 3008 3011 3013 3016 3018 3017 3015 3014 3013 3013 3013 3015 3017 3015 3011 3011 3012 3012 3011 3015 3022 3022 3017 3014 3015 3016 3020 3022 3021 3020 3018 3017 3020 3021 3020 3018 3017 3016 3017 3018 3021 3023 3022 3021 3023 3026 3036 3046 3059 3072 3073 3075 3081 3087 
3010 3011 3012 3017 3021 3022 3022 3015 3007 3010 3015 3015 3014 3015 3015 3013 3010 3011 3013 3015 3017 3015 3013 3012 3013 3016 3020 3019 3016 3017 3021 3023 3021 3019 3018 3019 3021 3022 3021 3018 3012 3010 3013 3015 3014 3014 3016 3017 3017 3018 3020 3022 3019 3017 3019 3022 3030 3039 3054 3069 3071 3073 3084 3094 
3011 3013 3014 3017 3021 3020 3020 3014 3009 3011 3015 3013 3010 3011 3012 3011 3011 3012 3015 3015 3015 3013 3009 3010 3015 3019 3022 3021 3016 3016 3020 3022 3020 3018 3017 3017 3019 3021 3021 3019 3012 3009 3011 3012 3011 3011 3016 3018 3017 3016 3018 3020 3018 3018 3018 3020 3026 3033 3047 3061 3067 3072 3083 3093 
3014 3014 3013 3017 3021 3017 3012 3012 3014 3012 3010 3007 3003 3004 3007 3012 3016 3018 3018 3015 3010 3007 3005 3009 3017 3020 3020 3018 3013 3014 3019 3019 3015 3012 3011 3012 3015 3018 3021 3022 3017 3014 3014 3013 3010 3010 3016 3019 3016 3013 3015 3016 3019 3022 3021 3020 3024 3028 3039 3050 3061 3071 3078 3084 
3014 3013 3012 3017 3022 3015 3008 3011 3015 3013 3010 3006 3001 3003 3006 3011 3017 3018 3017 3014 3010 3007 3004 3010 3019 3022 3020 3017 3014 3015 3020 3020 3016 3014 3014 3015 3018 3021 3024 3025 3024 3023 3020 3018 3015 3015 3021 3025 3020 3017 3017 3018 3024 3029 3025 3023 3026 3029 3035 3042 3053 3065 3071 3077 
3011 3011 3011 3016 3022 3016 3009 3011 3013 3014 3016 3012 3006 3006 3007 3010 3013 3014 3013 3013 3013 3011 3007 3013 3024 3026 3022 3020 3019 3020 3023 3023 3022 3023 3025 3027 3029 3029 3027 3028 3033 3034 3031 3028 3026 3026 3032 3035 3030 3026 3025 3025 3033 3039 3033 3028 3031 3035 3035 3036 3044 3053 3062 3071 
3011 3011 3010 3014 3019 3013 3006 3008 3012 3014 3017 3014 3011 3010 3010 3011 3012 3011 3010 3011 3015 3013 3010 3015 3024 3027 3025 3024 3023 3023 3024 3024 3024 3026 3029 3031 3032 3032 3028 3028 3033 3035 3032 3029 3027 3027 3031 3034 3031 3029 3028 3029 3034 3037 3032 3027 3032 3035 3033 3031 3038 3045 3055 3064 
3014 3012 3011 3012 3013 3006 2997 3003 3011 3013 3014 3014 3014 3014 3014 3014 3013 3010 3007 3009 3013 3014 3013 3016 3022 3027 3031 3030 3026 3024 3023 3023 3022 3023 3026 3028 3029 3028 3026 3024 3025 3025 3023 3020 3018 3017 3019 3022 3023 3024 3027 3029 3026 3024 3022 3020 3025 3030 3027 3025 3033 3041 3049 3057 
3015 3013 3012 3011 3010 3004 2997 3004 3012 3012 3011 3012 3013 3014 3015 3014 3013 3010 3008 3009 3011 3013 3014 3017 3019 3023 3028 3028 3023 3021 3022 3022 3021 3021 3023 3023 3022 3021 3023 3022 3018 3016 3018 3018 3015 3014 3015 3016 3018 3019 3024 3026 3021 3016 3016 3016 3021 3025 3023 3021 3028 3035 3044 3053 
3016 3014 3012 3011 3009 3008 3007 3011 3016 3013 3009 3008 3008 3009 3010 3010 3011 3012 3013 3011 3008 3010 3014 3015 3015 3016 3016 3014 3012 3014 3019 3022 3022 3021 3020 3016 3010 3011 3019 3022 3014 3012 3017 3021 3020 3020 3020 3020 3016 3014 3016 3017 3017 3017 3015 3013 3018 3022 3020 3019 3021 3024 3038 3052 
3020 3016 3013 3010 3008 3010 3013 3015 3018 3014 3008 3007 3007 3006 3005 3006 3008 3012 3016 3014 3009 3009 3013 3014 3013 3011 3010 3009 3009 3012 3019 3022 3021 3019 3016 3012 3007 3008 3017 3019 3012 3010 3019 3024 3023 3022 3021 3020 3017 3014 3013 3014 3017 3019 3015 3012 3016 3020 3020 3019 3019 3019 3036 3053 
3028 3020 3013 3010 3007 3010 3013 3015 3017 3014 3010 3011 3012 3008 3001 3002 3006 3011 3017 3017 3015 3013 3013 3012 3011 3012 3013 3015 3017 3019 3022 3021 3016 3012 3011 3011 3014 3015 3016 3015 3012 3014 3023 3028 3022 3018 3018 3018 3021 3022 3018 3016 3020 3023 3017 3012 3017 3021 3022 3023 3022 3021 3039 3057 
3034 3023 3012 3010 3009 3011 3014 3015 3016 3013 3010 3012 3015 3010 3002 3003 3005 3010 3016 3017 3016 3014 3012 3011 3011 3012 3015 3018 3021 3023 3022 3019 3015 3011 3009 3010 3016 3018 3014 3012 3013 3015 3022 3024 3020 3016 3016 3017 3022 3025 3021 3018 3022 3023 3018 3013 3018 3023 3025 3028 3025 3022 3041 3060 
3036 3023 3011 3013 3015 3015 3016 3016 3016 3013 3009 3011 3013 3012 3011 3009 3008 3010 3014 3013 3009 3009 3011 3012 3012 3014 3015 3018 3021 3021 3018 3018 3020 3018 3012 3010 3013 3014 3013 3013 3014 3014 3012 3011 3014 3017 3018 3019 3021 3022 3021 3020 3020 3019 3017 3015 3019 3024 3028 3032 3027 3022 3040 3059 
3031 3020 3009 3015 3021 3020 3018 3016 3014 3011 3009 3010 3012 3014 3015 3013 3009 3008 3010 3009 3008 3009 3010 3012 3014 3015 3016 3018 3021 3020 3015 3016 3021 3021 3015 3011 3011 3011 3012 3014 3016 3015 3008 3005 3013 3019 3021 3022 3021 3019 3020 3020 3019 3017 3016 3016 3021 3025 3029 3033 3027 3022 3039 3057 
3015 3011 3007 3017 3028 3025 3021 3015 3008 3008 3010 3012 3014 3014 3013 3010 3007 3004 3002 3007 3016 3016 3011 3012 3015 3017 3018 3019 3020 3019 3015 3014 3014 3015 3015 3014 3012 3012 3014 3017 3019 3019 3015 3013 3017 3022 3027 3030 3024 3020 3019 3019 3018 3018 3017 3016 3022 3027 3026 3025 3023 3022 3037 3053 
3008 3008 3008 3019 3031 3028 3024 3015 3006 3008 3012 3014 3016 3013 3009 3008 3006 3003 2998 3006 3019 3019 3012 3012 3015 3017 3018 3019 3019 3018 3016 3013 3011 3011 3014 3014 3013 3013 3016 3019 3021 3022 3021 3020 3021 3023 3030 3032 3025 3018 3018 3018 3019 3019 3017 3015 3022 3028 3025 3022 3023 3024 3039 3053 
3020 3019 3017 3022 3026 3026 3025 3019 3013 3015 3019 3018 3016 3011 3005 3006 3008 3007 3005 3008 3014 3014 3012 3011 3012 3014 3017 3018 3017 3017 3018 3018 3016 3013 3010 3010 3015 3018 3017 3019 3023 3026 3025 3024 3022 3021 3023 3024 3018 3014 3016 3018 3020 3022 3015 3011 3020 3028 3027 3027 3030 3032 3046 3059 
3027 3025 3022 3022 3021 3023 3024 3021 3018 3020 3023 3020 3016 3010 3003 3005 3010 3010 3008 3009 3010 3010 3010 3010 3010 3012 3015 3016 3015 3016 3019 3020 3020 3015 3007 3007 3017 3021 3018 3018 3023 3026 3027 3026 3022 3020 3020 3019 3015 3013 3016 3019 3021 3021 3014 3009 3018 3027 3028 3030 3033 3036 3049 3062 
3022 3020 3017 3017 3016 3017 3017 3018 3018 3019 3019 3018 3017 3010 3003 3005 3009 3008 3005 3006 3010 3009 3005 3004 3007 3009 3011 3013 3015 3016 3015 3017 3022 3018 3007 3005 3016 3021 3017 3015 3015 3016 3021 3024 3022 3022 3022 3022 3020 3018 3020 3021 3017 3014 3013 3012 3020 3026 3025 3025 3025 3026 3042 3058 
3020 3017 3014 3014 3013 3013 3012 3016 3020 3019 3017 3017 3016 3011 3004 3005 3008 3006 3002 3005 3009 3007 3002 3002 3005 3007 3008 3011 3015 3015 3012 3015 3022 3019 3008 3005 3015 3019 3016 3012 3009 3009 3017 3022 3022 3022 3022 3022 3022 3022 3023 3023 3016 3011 3014 3017 3022 3027 3026 3025 3024 3023 3041 3059 
3025 3022 3020 3018 3017 3015 3013 3018 3023 3022 3019 3016 3013 3011 3008 3007 3007 3005 3003 3003 3005 3006 3007 3008 3009 3010 3012 3013 3013 3013 3011 3012 3016 3016 3011 3011 3014 3016 3014 3012 3010 3011 3017 3020 3018 3016 3016 3017 3018 3018 3019 3020 3021 3022 3023 3025 3027 3030 3037 3043 3038 3034 3055 3076 
3026 3025 3024 3022 3019 3017 3014 3019 3025 3023 3019 3015 3012 3011 3012 3009 3006 3004 3003 3003 3003 3006 3011 3011 3010 3011 3013 3014 3014 3013 3012 3012 3013 3014 3014 3014 3014 3014 3013 3012 3011 3012 3017 3019 3015 3013 3012 3012 3015 3017 3017 3018 3024 3029 3031 3032 3033 3035 3047 3058 3052 3047 3068 3089 
3017 3019 3022 3019 3017 3017 3018 3019 3020 3018 3016 3015 3014 3014 3013 3010 3006 3003 3000 3002 3008 3009 3009 3007 3004 3006 3010 3015 3021 3021 3017 3017 3019 3018 3013 3012 3017 3019 3016 3014 3011 3011 3014 3016 3019 3020 3015 3012 3017 3020 3020 3020 3021 3023 3031 3039 3043 3047 3055 3062 3063 3065 3076 3088 
3013 3016 3020 3018 3015 3017 3020 3018 3016 3015 3014 3014 3016 3015 3014 3010 3006 3002 2999 3003 3011 3011 3008 3005 3002 3004 3008 3016 3026 3027 3021 3020 3023 3020 3012 3011 3018 3021 3018 3015 3012 3010 3012 3015 3022 3024 3016 3012 3018 3023 3024 3024 3021 3021 3033 3045 3052 3058 3062 3066 3072 3079 3083 3087 
3026 3024 3021 3021 3020 3017 3015 3015 3016 3014 3011 3010 3010 3011 3013 3009 3004 3004 3007 3008 3008 3010 3014 3015 3015 3014 3012 3015 3020 3021 3017 3016 3019 3018 3013 3010 3012 3014 3017 3017 3014 3013 3016 3019 3020 3019 3013 3011 3019 3026 3029 3033 3033 3035 3044 3052 3055 3059 3064 3070 3073 3077 3083 3088 
3035 3028 3022 3022 3023 3017 3011 3013 3016 3013 3009 3007 3005 3008 3012 3008 3002 3007 3014 3012 3006 3009 3017 3022 3025 3022 3016 3014 3015 3015 3013 3014 3016 3016 3014 3012 3008 3008 3016 3019 3016 3015 3019 3021 3018 3015 3012 3013 3022 3030 3036 3041 3045 3049 3054 3059 3059 3059 3066 3073 3074 3075 3081 3088 
3025 3021 3018 3018 3019 3015 3010 3011 3012 3012 3011 3008 3006 3008 3012 3010 3007 3011 3018 3014 3007 3006 3008 3013 3019 3020 3017 3015 3015 3015 3016 3017 3017 3019 3021 3021 3016 3016 3021 3023 3020 3018 3017 3016 3017 3018 3022 3027 3038 3047 3049 3052 3055 3058 3060 3062 3059 3058 3066 3074 3074 3073 3077 3080 
3016 3015 3014 3015 3016 3013 3010 3010 3010 3011 3013 3010 3006 3008 3011 3011 3010 3014 3020 3016 3007 3003 3001 3006 3014 3017 3017 3016 3014 3015 3019 3020 3019 3021 3027 3028 3023 3022 3025 3026 3024 3022 3017 3015 3019 3024 3032 3041 3052 3061 3061 3061 3064 3067 3066 3065 3060 3056 3066 3075 3073 3072 3073 3074 
3019 3016 3013 3014 3014 3014 3013 3013 3013 3016 3018 3013 3005 3005 3006 3007 3008 3010 3014 3011 3006 3005 3007 3011 3015 3016 3015 3015 3017 3020 3023 3024 3021 3021 3024 3024 3020 3019 3024 3028 3031 3034 3036 3038 3040 3043 3047 3050 3054 3058 3058 3059 3061 3064 3069 3072 3065 3059 3068 3075 3073 3071 3072 3073 
3020 3016 3012 3012 3012 3015 3017 3017 3017 3020 3022 3015 3005 3002 3000 3002 3005 3007 3007 3006 3005 3007 3012 3015 3017 3016 3012 3014 3019 3024 3027 3027 3023 3021 3022 3021 3018 3018 3024 3031 3038 3046 3054 3059 3060 3060 3060 3059 3057 3056 3057 3059 3060 3062 3071 3078 3069 3062 3070 3076 3073 3071 3073 3074 
3008 3010 3013 3010 3007 3011 3017 3017 3017 3019 3022 3016 3007 3004 3002 3004 3007 3006 3004 3003 3004 3007 3011 3015 3020 3019 3014 3014 3018 3021 3024 3022 3018 3018 3023 3028 3031 3035 3042 3047 3050 3054 3059 3062 3061 3061 3063 3064 3065 3067 3070 3072 3068 3066 3072 3076 3073 3070 3075 3079 3079 3080 3083 3086 
2996 3005 3014 3008 3002 3009 3016 3017 3017 3019 3021 3016 3009 3006 3003 3005 3008 3005 3001 3001 3003 3007 3010 3016 3023 3021 3015 3014 3017 3020 3021 3019 3014 3016 3026 3035 3043 3051 3059 3063 3062 3062 3064 3065 3063 3063 3066 3068 3073 3077 3082 3084 3076 3070 3073 3075 3076 3076 3079 3082 3085 3088 3093 3097 
2999 3005 3011 3013 3016 3015 3014 3015 3016 3017 3018 3012 3006 3006 3007 3008 3007 3005 3002 3004 3008 3011 3012 3014 3015 3013 3010 3015 3027 3031 3030 3028 3026 3029 3038 3046 3053 3058 3060 3063 3064 3066 3068 3070 3069 3070 3071 3072 3074 3076 3077 3078 3078 3078 3076 3075 3077 3078 3077 3076 3081 3085 3087 3089 
3002 3005 3009 3018 3028 3021 3012 3013 3015 3015 3014 3009 3002 3006 3012 3010 3007 3005 3003 3007 3012 3014 3015 3012 3007 3005 3005 3017 3036 3043 3038 3037 3037 3042 3051 3058 3062 3064 3062 3063 3067 3070 3073 3075 3075 3076 3076 3076 3076 3075 3073 3073 3081 3086 3080 3076 3079 3081 3075 3070 3076 3083 3082 3080 
2993 3003 3013 3018 3022 3017 3012 3013 3016 3013 3010 3008 3006 3008 3011 3011 3011 3008 3004 3007 3013 3016 3018 3019 3020 3018 3014 3023 3039 3047 3048 3049 3049 3052 3058 3064 3068 3071 3072 3072 3070 3071 3079 3084 3081 3079 3077 3075 3076 3077 3077 3078 3085 3090 3087 3084 3085 3085 3078 3072 3075 3079 3083 3087 
2985 3001 3017 3017 3015 3013 3011 3014 3018 3012 3005 3007 3010 3011 3010 3012 3014 3011 3005 3008 3014 3018 3021 3026 3032 3030 3024 3028 3041 3051 3058 3061 3060 3062 3066 3070 3074 3078 3082 3081 3073 3073 3085 3092 3087 3082 3077 3074 3075 3078 3080 3083 3089 3094 3093 3092 3091 3089 3082 3075 3074 3074 3084 3094