3039 3045 3054 3056 3045 3039 3035 3037 3038 3028 3034 3043 3049 3023 3021 3036 3029 3010 3009 3009 2993 3014 3016 3023 3027 3018 3015 3014 2996 3011 3011 3014 3008 3005 2992 3002 2998 3002 3004 3011 3005 3013 2987 2991 2997 3005 3024 3016 2994 3006 3009 3012 3000 2992 2981 2989 3007 3010 3020 3010 3017 3003 3009 3002
3055 3046 3050 3044 3045 3039 3028 3034 3025 3027 3029 3023 3026 3033 3029 3021 3020 3027 3013 3008 2984 3007 3012 3015 3011 3017 3021 3013 2996 3006 3023 3003 3005 3013 3012 3015 2993 3003 3000 3005 3006 2989 3006 3000 3000 3001 3002 3010 3003 3000 3016 3004 3005 2994 2991 2989 3001 3005 3005 3015 3007 3009 3006 2999
3049 3046 3042 3055 3036 3034 3026 3030 3032 3032 3026 3032 3030 3018 3025 3011 3007 2998 3015 3020 3007 3012 3014 3018 3012 3006 3022 3012 3011 3013 3006 3017 3006 3019 3011 3001 2999 3006 3005 2992 3000 3008 3007 3005 3008 3008 3000 3002 2999 3012 3002 2995 2997 3005 2995 3006 3000 3013 3013 2998 3010 3011 2996 3009
3047 3048 3039 3047 3027 3037 3022 3029 3024 3028 3024 3025 3021 3026 3032 3012 3012 3010 3020 3022 2995 3032 3012 3015 3004 3016 3023 3021 3008 3006 3007 3008 3003 2990 3000 3007 2997 3013 3004 3009 2996 3006 3006 3005 3003 3006 2991 3002 3000 2989 2997 2995 2999 2990 2988 3000 2996 3007 3003 2996 3005 3012 3013 3004
3043 3022 3042 3048 3029 3025 3022 3024 3031 3022 3023 3027 3024 3031 3015 3008 3012 3003 3006 3011 3010 3004 3010 3008 3007 3006 3024 3013 3008 3015 3008 2996 2995 3002 3002 3000 2995 3000 3006 2988 3001 3007 3001 3008 2995 2989 2998 3008 2992 2998 2995 2990 2982 2989 3015 3012 3013 3010 3003 3002 2986 2999 3003 3003
3019 3024 3030 3024 3024 3021 3030 3029 3012 3023 3025 3025 3014 3030 3025 3015 3001 3015 3022 3017 3023 3014 3011 3004 3014 3006 3009 3004 3008 3012 2992 3002 3012 2994 3000 3010 2999 2994 3006 2998 3001 3001 3006 2995 3014 3013 2985 3002 3006 3007 3001 2999 2990 3016 3002 3008 3021 3004 3004 3006 2992 2993 2997 3004
3036 3035 3025 3023 3014 3019 3024 3014 3019 3012 3014 3016 3021 3029 3024 3009 3010 3027 3013 3006 3012 3017 3011 3023 3008 3018 3000 3000 3017 2991 2999 2999 3016 3011 3006 3005 3009 3007 2994 3001 3001 2998 2995 3000 2993 2998 2996 2997 3003 3004 3003 3009 3005 3011 3005 2997 3010 2998 2999 2983 2979 2991 2998 2995
2999 2997 3005 2986 2990 2999 2999 2987 2988 3003 2996 2983 2998 2998 3002 3003 2999 2981 2992 2979 2981 2994 2998 2993 2991 2991 2975 2979 3000 2988 2997 2985 2994 3004 2995 3003 2986 2976 2987 2998 2996 2992 2989 2984 2988 3003 2996 3000 3005 2998 2998 2996 2999 2984 3007 2996 3009 3005 3001 2980 2994 2979 3009 2999
2940 2964 2964 2972 2968 2980 2968 2966 2964 2959 2960 2967 2986 2989 2980 2975 2981 2987 2975 2960 2960 2976 2967 2978 2977 3001 2993 2988 2976 2991 2981 2990 2992 2985 2977 2991 2982 2997 2989 2994 2980 2977 2976 2985 2996 2988 2991 3003 2992 2989 2992 2992 2976 2974 2997 2997 2996 2997 3000 2985 3007 2996 2992 2982
2941 2961 2968 2958 2969 2955 2973 2967 2970 2967 2967 2986 2983 2990 2966 2972 2973 2977 2961 2970 2990 2977 2980 2981 2982 2982 2969 2995 2985 2974 2970 2985 2991 2989 2979 2983 3003 2985 2989 2984 2966 2974 2989 2986 2983 2988 2996 2995 2989 2990 2990 2991 2991 2989 2987 2990 2992 2986 2991 2997 2996 3005 2987 3004
2954 2964 2968 2967 2970 2957 2955 2957 2966 2967 2978 2977 2981 2975 2975 2976 2965 2982 2985 2981 2987 2993 2976 2971 2996 2980 2975 2975 2990 2997 2992 2983 2976 2985 3002 2985 2990 2987 2983 2987 2986 2980 2985 2992 2977 2979 2982 2984 2978 2999 2993 2996 2992 2971 2980 2989 2982 2992 2989 3004 2990 2998 2996 2994
2968 2967 2972 2965 2973 2952 2970 2966 2979 2983 2974 2983 2991 2981 2983 2975 2973 2973 2981 2981 2994 2988 2975 2985 2975 2991 2973 2978 2997 3003 2988 2978 3002 2985 2991 2990 2980 2983 2995 2996 2985 2981 2993 2982 2993 2981 2992 2977 2986 2993 2976 2988 2991 2981 2980 2991 2981 2972 2988 2993 2989 2976 2996 3002
2972 2961 2971 2969 2967 2966 2965 2964 2972 2971 2964 2975 2988 2985 2972 2977 2981 2995 2981 2983 2975 2987 2985 2968 2984 2971 2986 2994 2991 3002 2988 2996 2994 2992 2974 2973 2983 2980 2994 3007 2988 2976 2974 2976 2993 2995 2984 2990 2985 2995 2987 3002 2975 2984 2983 2988 2976 2968 2977 2996 2976 2972 2978 2996
2977 2970 2972 2960 2964 2978 2979 2969 2980 2975 2974 2970 2974 2980 2971 2968 2986 2985 2983 2990 2973 2979 2978 2992 2984 2998 2995 2998 2991 2994 2986 2982 2996 2994 2976 2975 2991 2993 2995 3000 3003 2999 2979 2986 2989 3003 2987 3000 2992 2990 2989 2976 2977 2989 2983 2992 2986 2975 2983 2976 2994 2989 2988 2983
2982 2969 2967 2973 2980 2989 2967 2980 2968 2981 2972 2971 2978 2979 2967 2970 2975 2976 2971 2977 2987 2985 2982 2993 2993 2986 2995 2996 2994 2981 2976 2987 2985 2991 2975 2988 2984 2976 2995 3004 3000 3005 3000 2987 2991 2989 2986 2997 2995 2984 2981 2996 2988 3006 2978 3015 2990 2988 2980 2980 2974 2984 2984 2988
2996 2980 2982 2981 2980 2989 2978 2986 2988 2984 2982 2978 2983 2964 2981 2995 2978 2981 2989 2974 2995 2978 2984 2981 2991 2993 2985 2992 2993 2985 2987 2967 2986 2994 2992 2993 2990 2987 2988 2989 2995 2997 2988 2998 2996 2980 3000 2993 2999 2996 2996 2985 2994 2999 2992 3011 3003 2995 2994 2994 2988 2999 2992 2976
2989 2996 2988 2976 2995 2986 2992 2993 3000 2999 2989 2990 2998 3000 2995 3007 2981 2973 2985 2992 2987 2980 2983 2981 2983 2980 2983 2994 2997 2978 2977 2989 2978 2990 2999 2996 2990 3011 2985 2989 2991 2988 2987 2995 2996 3009 2979 2996 2990 2991 3001 2993 3007 3009 3012 3006 3001 2986 2984 2992 2992 3005 2977 2971
2995 3003 2994 2982 2992 2994 3000 3000 2997 3009 3003 2983 2986 3010 2997 2992 2974 2983 2980 2973 2982 2976 2997 2980 2976 2982 2981 2987 3001 2995 2993 2988 3002 2993 2997 2992 2994 2992 2986 2997 2999 2993 2986 2992 2998 3000 2997 2982 2992 2989 2999 2992 3000 3002 3000 3015 3004 3009 2988 2984 2985 2990 2998 2987
3006 3003 2986 2992 2983 2977 2978 2979 2985 2985 2991 3007 3001 2999 2991 3006 3006 2998 2985 2980 2969 2990 2989 2993 2983 2999 2988 2979 2984 2986 3001 2979 3001 2993 2998 2994 2982 2983 2982 2997 3000 3005 3005 2996 2993 2989 2978 2987 2993 2977 2974 2991 3011 2986 2998 3003 3003 3005 2991 2986 2996 2993 2991 2997
3009 3008 3003 2986 2979 2988 2982 2994 2979 2991 2995 3002 3006 2991 3005 2995 2995 2995 2979 2976 2977 2981 3000 3000 2980 3005 2994 2979 2990 2988 2985 3000 2979 2997 2984 2995 2984 2992 2997 2995 2995 2992 2993 2990 2994 2981 2999 2991 2987 2992 2994 3010 2995 3010 3008 2993 2998 2997 3019 3003 2989 2975 2986 2985
3005 2999 2998 3002 3007 3002 3008 2998 2996 2990 3009 3010 3012 3006 2998 3016 3009 2999 2999 2999 2997 2992 2992 2988 2995 2994 2986 2995 2992 2991 2993 2991 2993 2998 2980 2993 2983 2991 2997 3010 2992 2988 2997 2995 3002 3008 2993 2989 2992 2984 2981 3001 3003 3014 3005 3007 2993 2998 3005 3001 2987 2987 3000 3002
2995 3008 3007 3007 3013 3010 3006 3000 3015 3000 3002 3011 3007 3002 2999 3007 3016 3006 3015 3000 2995 3003 3009 3001 2993 3001 3005 3002 2990 2989 3004 3010 3011 2995 3004 3011 3007 2997 3017 2999 3022 3010 3005 3002 3006 3008 3004 2998 3001 3009 3005 3021 3018 3014 3013 3002 3003 2996 3008 3014 2989 2983 2993 2992
3012 3021 3006 3013 3021 3030 3008 3004 3015 3003 3017 3015 3011 3009 3011 3018 3019 2992 3010 3012 3006 3004 3023 3023 3015 3021 3019 3025 3011 3006 3018 3014 3005 3012 3018 3020 3007 3016 3022 3017 3016 3015 3019 3025 3015 3015 3009 3015 3025 3024 3015 3008 3019 3018 3027 3016 3029 3016 3014 3005 2997 3006 3006 3010
3016 3017 3010 3022 3011 3001 2999 3013 3005 3007 3010 2994 3003 3009 3018 3012 3021 3014 3011 3002 2999 3019 3007 3018 3017 3019 3026 3013 3002 3015 3013 3020 3013 3010 3022 3027 3008 3016 3000 3004 3005 3018 3017 3023 3010 3000 3016 3010 3017 3016 3021 3019 3018 3019 3015 3019 3006 2994 3000 3002 3006 3006 2997 3007
3008 3011 3003 3007 3004 3008 2997 2999 2998 3003 2997 2991 2980 2998 3004 2998 2996 3008 2994 3004 2990 2991 3003 3010 2990 3008 3010 2995 3004 2993 3012 2988 3000 2991 3005 3003 3005 2998 2988 2993 3019 3006 3012 3002 3002 3016 3006 2999 2999 3001 3000 3012 3012 3020 3013 3007 2991 2996 3010 3002 3017 2993 2999 3002
3013 2992 3006 3009 2998 2997 2987 2991 3004 2991 2991 2990 2988 3004 2990 2999 3009 2988 2993 2979 3000 2997 2993 2997 2994 2990 2985 2998 2993 2992 3004 2992 2998 3005 2994 3003 3001 2995 2993 2990 2990 2992 2986 3003 2995 2994 3002 3001 2990 2994 2996 2991 3017 3008 3012 2987 2993 2993 2986 3010 2984 2996 2988 3002
3001 3001 2996 2997 2992 2998 3000 2995 2999 3001 2989 3000 2997 2999 2998 2996 3000 3004 2993 2998 3002 2995 3002 3012 2982 2998 2988 2995 2998 2990 3001 2997 3005 3012 2991 2987 2981 2988 2994 2994 3000 3012 2990 2978 2989 2984 3003 2994 2988 2988 2999 2998 2996 3002 2996 2988 2987 2985 3000 2987 2982 2986 2988 2990
2988 2995 2998 3002 2990 2995 2988 2993 2995 2991 2985 2998 2997 2998 3015 3009 3009 2998 3003 3007 2983 3009 2994 3005 2989 2982 2993 2993 2993 2999 3006 2999 2983 3000 3001 3000 2985 2999 2996 2987 2995 2983 2987 2985 2993 2998 2991 2992 2985 2991 2986 3003 2997 2979 2987 2991 2970 2989 2975 3000 2985 2987 2989 3008
2998 3000 2983 2994 2999 3002 2994 2997 2999 3001 2997 2994 2997 2997 3007 3021 3021 3015 3019 3022 3003 3000 3014 3017 2993 3010 3002 2979 2995 3002 2987 2985 2989 2999 3002 3009 2981 2988 2999 2991 2989 2980 2990 2999 2986 2994 2984 2986 2980 2985 2990 3004 2989 2997 2991 2978 2988 3000 2987 2998 2987 2985 2993 2999
2998 2992 2985 2985 2992 2994 2996 2992 2993 2992 3001 3001 2990 2999 3002 3005 3003 3017 3024 3017 3021 3032 3016 3023 3006 2998 2998 3004 3006 3003 2995 2989 2984 2991 2995 2983 2970 2987 2982 2994 2994 2981 2995 2995 2998 2989 2993 2986 2997 2993 3003 2994 2980 2981 2973 2979 2984 2999 3012 3015 3004 2997 2997 3004
2992 2991 2983 2981 2998 3005 2982 3012 2998 3006 2994 3004 3001 3007 3019 3011 3019 3018 3020 3023 3023 3012 3020 3019 3009 3025 3013 3009 2995 2992 2994 2987 2981 2982 2975 2987 2976 2990 2984 2999 2990 2991 2992 2983 2978 2990 2994 2992 2992 2986 3000 3005 2994 2991 2992 2988 2990 2981 2993 3004 2990 3010 2995 3006
2995 2991 2989 3001 2993 2986 2993 3011 3003 3007 3012 3003 3012 3021 3016 3028 3021 3014 3006 3032 3033 3020 3016 3015 3009 3022 3015 3010 3000 3012 2989 3012 2992 2988 2995 2980 2989 2987 2997 2980 2981 2983 2988 2979 2995 2987 2990 2991 3003 2990 2998 2997 2992 2988 3004 2996 2989 2996 3002 3005 2995 2999 2998 3001
2986 2986 3004 3009 2985 3000 3002 3014 3007 3012 3026 3022 3023 3028 3025 3034 3028 3020 3017 3022 3028 3015 3015 3014 3014 3025 3028 3022 3019 3023 3018 3023 3006 2995 2976 2977 2976 2988 2986 2988 2984 2987 2988 2989 2990 2998 2991 2990 2982 2984 2987 2977 2970 2993 2994 3000 2994 2997 2993 2995 3000 2988 2998 3016
2990 3001 2999 2999 3016 2997 3008 3021 3013 3026 3026 3022 3035 3033 3027 3038 3044 3041 3014 3015 3021 3027 3024 3025 3020 3031 3027 3013 3018 3026 3030 3012 3014 3011 2999 2997 2991 2992 3006 3006 2991 2980 2983 2991 2981 2990 2985 2995 2990 2989 2988 2985 2978 2987 2998 3002 2997 2999 2994 3005 2993 2976 3000 3012
3015 3008 3013 3009 3023 3018 3029 3024 3014 3020 3030 3040 3046 3029 3030 3035 3030 3036 3004 3010 3019 3037 3027 3029 3021 3021 3015 3019 3027 3017 3033 3033 3030 3015 3001 3006 3002 3003 3017 3010 3010 3003 2996 3000 3005 2983 3003 3011 3002 3000 2999 2982 2980 2994 3000 3006 3008 3016 3018 3003 2998 2988 2999 3022
3005 3011 3022 3017 3018 3015 3021 3015 3021 3024 3018 3032 3032 3045 3038 3046 3040 3030 3010 3032 3017 3007 3018 3002 3011 3004 3025 3025 3011 3026 3028 3035 3023 3036 3017 3003 3008 2999 3003 3012 3009 3008 3008 2996 2998 2987 3010 3012 2991 3002 2998 2998 2998 2969 2985 3003 3019 3016 2994 3000 3003 2989 2997 2997
2999 3015 2997 3003 3011 3021 3008 3025 3024 3054 3048 3055 3048 3040 3041 3042 3036 3020 3021 3017 3008 3018 3025 3018 3011 3016 3029 3022 3021 3033 3037 3042 3035 3027 3020 3019 2990 2977 2993 3003 2987 2997 2998 2988 2999 3012 2995 2989 3005 2997 2999 2994 2997 2993 2994 3008 3002 3015 3007 2989 2989 3003 3001 3005
2993 2993 2999 3007 3008 3019 3009 3015 3038 3031 3037 3042 3056 3056 3037 3024 3033 3024 3012 3022 3017 3012 3013 3017 3010 3010 3021 3024 3019 3033 3041 3023 3031 3031 3002 3014 2991 2976 2991 2989 2998 2997 2987 2983 3002 2995 2996 2989 2994 2987 3002 2992 2992 2987 2993 2988 3009 3003 3006 2996 3001 2992 3011 2999
2991 2987 3007 3015 3031 3020 3011 3026 3032 3038 3059 3057 3043 3047 3031 3034 3030 3029 3018 3017 3013 3017 3000 3013 3014 3031 3019 3021 3040 3023 3031 3033 3045 3033 3025 3023 2994 2974 2978 2982 2989 2991 2995 2981 2996 2999 2987 2987 2997 2985 2991 2991 2992 2985 2995 2987 2995 2995 2986 2996 2999 3009 3000 3001
3005 3003 3009 2994 3030 3015 3008 3026 3032 3048 3051 3049 3046 3048 3041 3044 3028 3027 3031 3030 3015 3017 3006 3019 3011 3013 3029 3028 3047 3049 3032 3033 3034 3049 3021 3024 3002 2983 2978 2966 2985 2991 2989 2997 3003 2998 2981 2980 2994 2999 2989 2989 2980 2983 2979 2978 3000 2988 3002 3004 3005 3003 3016 3016
3008 3004 3003 3017 3015 3020 3014 3017 3038 3045 3035 3063 3064 3061 3074 3060 3059 3035 3020 3026 3031 3028 3023 3016 3033 3025 3013 3034 3041 3044 3030 3043 3045 3035 3028 3030 3004 2996 2979 2993 2999 2983 2993 2991 2982 2998 2994 2984 2991 2992 2986 2990 2988 3004 2974 2992 2994 2994 3017 3001 3002 3002 2997 2997
3014 3021 2984 3007 3021 3008 3010 3019 3030 3039 3030 3063 3075 3063 3070 3070 3086 3046 3027 3021 3037 3039 3032 3022 3017 3039 3040 3040 3041 3039 3042 3046 3037 3046 3033 3030 3022 3004 2992 2994 2994 2996 2989 2981 2994 2980 2976 2985 2975 2980 2990 2986 2994 2992 2989 2990 2994 3000 2986 2995 2991 2977 3001 3000
2997 2997 2998 3001 3005 3013 3027 3018 3039 3021 3045 3032 3072 3075 3071 3092 3072 3049 3050 3049 3040 3041 3037 3040 3023 3033 3032 3041 3064 3046 3040 3039 3037 3033 3035 3033 3020 3007 2988 2987 2988 2994 2987 2994 2984 2993 2988 2981 2993 3003 2985 2985 2990 2996 2996 3003 2988 2999 2984 2986 2987 2986 2994 3000
2995 3010 3010 3017 3019 3012 3025 3022 3028 3040 3042 3064 3074 3082 3099 3093 3069 3074 3058 3053 3052 3071 3046 3039 3037 3040 3044 3049 3058 3047 3046 3057 3040 3049 3039 3033 3021 3012 2988 2981 2977 2986 2992 2985 2994 3010 2993 2990 2988 3007 2994 2985 2983 2990 2998 2996 2994 2993 2992 2975 2990 2981 2995 2997
2987 2983 2999 3005 3025 3021 3025 3030 3030 3053 3053 3064 3085 3080 3086 3081 3069 3061 3063 3054 3068 3050 3071 3051 3026 3027 3047 3048 3062 3057 3064 3056 3053 3041 3037 3040 3016 3010 2992 2986 2995 2988 2989 2996 3001 3000 3002 2995 2980 2981 2979 2983 2977 2989 2998 2997 2982 2993 2987 3007 2990 2984 2984 2978
2996 2989 3005 3009 3020 3026 3020 3029 3050 3054 3067 3074 3082 3074 3088 3096 3078 3078 3072 3072 3069 3073 3069 3064 3041 3064 3066 3070 3079 3083 3071 3073 3070 3061 3049 3042 3021 3007 3007 2982 2982 3004 2997 3001 3002 2988 3000 2982 2983 2987 2982 2981 3001 2980 2985 2992 2989 2982 2997 2998 2981 2984 2982 2977
2991 3004 3003 3009 3012 3015 3023 3031 3041 3055 3080 3073 3080 3096 3093 3087 3090 3089 3078 3061 3073 3061 3063 3064 3058 3059 3074 3067 3077 3090 3081 3081 3086 3068 3061 3043 3022 3009 3002 2984 2983 2981 2980 2991 2989 2999 2983 2998 2995 2993 2985 2988 2984 2980 2991 2990 2983 3003 2995 2992 2990 2995 2988 2981
3006 3007 3004 3003 3011 3012 3002 3036 3038 3058 3070 3084 3087 3092 3094 3077 3071 3089 3090 3074 3072 3070 3077 3068 3086 3080 3087 3082 3071 3093 3098 3093 3084 3074 3058 3042 3038 3005 3001 2981 2979 2982 2983 3000 2994 2985 2988 2985 2994 3001 2991 2982 2981 2984 2993 2987 2992 2990 2977 2984 2995 3007 2980 2982
3002 2998 3005 3012 3009 3015 3030 3024 3028 3056 3083 3075 3090 3087 3103 3096 3094 3083 3088 3086 3084 3086 3073 3079 3085 3083 3073 3068 3086 3076 3098 3084 3096 3087 3077 3059 3054 3024 2999 2985 2992 2988 3004 2992 2991 2986 2982 3000 3003 2987 2994 2985 2992 2992 2987 2981 2993 2992 2985 2971 2978 3004 2996 2988
2991 3004 3013 3010 3016 3018 3015 3030 3041 3051 3080 3081 3092 3101 3096 3092 3105 3100 3085 3080 3098 3091 3094 3091 3090 3094 3070 3078 3072 3082 3086 3095 3079 3076 3063 3071 3054 3043 3000 2981 2990 2997 2994 2986 2983 2998 2998 3007 2988 2994 2976 2988 2995 2997 2987 2975 2983 2993 2976 2982 2987 2992 3005 3008
2995 2995 3012 3006 3014 3013 3016 3028 3051 3068 3077 3089 3094 3076 3083 3080 3091 3081 3098 3089 3095 3095 3091 3083 3088 3084 3076 3063 3081 3087 3084 3081 3091 3080 3068 3069 3059 3039 3019 3004 2986 2987 2987 2990 2972 2987 2980 2999 3003 3007 2994 3000 2989 2991 2999 2988 2987 3001 2990 2989 2993 2996 2993 2996
2971 2994 3001 3009 3017 3012 3010 3024 3047 3057 3069 3078 3084 3068 3081 3092 3095 3081 3087 3090 3081 3094 3088 3094 3091 3081 3082 3079 3081 3079 3097 3075 3067 3071 3069 3053 3047 3039 3024 2999 2995 3002 3000 2994 2990 3001 3003 2996 2989 2998 2990 2995 2982 2985 3002 3000 2988 2996 2988 2992 2990 2994 2987 2983
2997 3006 3018 3004 3006 3000 3019 3028 3033 3043 3058 3074 3080 3070 3088 3085 3080 3091 3082 3091 3091 3090 3075 3096 3079 3074 3081 3074 3083 3081 3080 3081 3082 3075 3072 3069 3054 3036 3018 3007 2996 2986 3005 2998 2996 2994 2994 2995 2989 2992 2999 3001 3008 2983 2992 2994 3003 3011 3009 3001 2991 2990 3000 2998
3002 3010 3015 3011 3016 3001 3013 3017 3031 3037 3063 3072 3075 3073 3087 3087 3085 3101 3086 3083 3089 3081 3100 3087 3074 3081 3079 3082 3080 3070 3078 3077 3068 3067 3061 3060 3041 3024 3010 2998 2993 2994 2982 3002 2992 2990 2993 2999 2994 2990 2998 3003 2998 3000 2990 3009 3000 3008 3004 3000 3007 2998 3000 2979
2988 3000 3001 3007 3004 3016 3012 3029 3025 3043 3065 3070 3077 3085 3071 3082 3083 3096 3072 3073 3102 3076 3085 3080 3077 3076 3080 3071 3061 3074 3074 3086 3067 3064 3066 3062 3059 3043 3013 3001 2989 2995 2993 2985 2996 3002 2998 2992 2996 2995 2994 2992 2990 2995 3002 2997 2994 2992 3001 3002 2982 3008 3000 2997
2975 2985 3006 2998 3004 3021 3028 3013 3023 3032 3063 3073 3081 3080 3074 3082 3095 3083 3085 3069 3101 3098 3094 3085 3084 3074 3075 3067 3080 3067 3062 3061 3065 3065 3068 3058 3044 3038 3001 3002 2979 2994 2989 2992 3002 2998 3005 2999 3011 2987 2998 3007 3006 2999 2999 2997 3007 3008 2997 2998 2989 3003 2994 3005
2980 2992 2995 3013 3013 3024 3007 3021 3019 3042 3055 3069 3072 3086 3081 3087 3091 3087 3094 3081 3081 3080 3080 3079 3078 3085 3083 3068 3075 3065 3067 3066 3069 3067 3059 3054 3035 3022 3007 2998 2990 2988 2992 2997 2989 3008 2989 3002 2998 2990 2994 3005 3002 3006 3003 2997 3002 3006 2989 2996 2984 3008 3002 3004
2995 3006 3003 3002 3017 3016 3015 3011 3035 3028 3048 3065 3081 3081 3085 3097 3103 3102 3093 3082 3078 3080 3076 3076 3089 3089 3090 3081 3087 3071 3076 3070 3076 3072 3072 3041 3024 3016 3014 3010 3000 2991 2997 2997 3014 3010 2997 2987 2997 3002 3007 2994 3005 2996 2997 2999 3001 3010 3006 3009 3010 3004 3005 3001
2996 2991 3010 3013 3013 3028 3013 3014 3030 3028 3042 3058 3076 3087 3084 3097 3094 3096 3076 3080 3074 3074 3066 3087 3086 3085 3095 3089 3068 3072 3077 3065 3072 3076 3061 3050 3022 3007 3012 3020 3000 3001 3005 3004 3001 3000 3003 2997 3007 2987 2993 3001 2989 2992 2994 3001 3004 3022 3013 3013 3002 2989 3005 3004
2989 3000 3000 3006 3025 3028 3040 3026 3025 3036 3039 3048 3060 3080 3087 3095 3086 3084 3068 3084 3086 3088 3083 3089 3084 3077 3075 3076 3081 3077 3064 3066 3067 3057 3062 3045 3036 3015 3011 3007 3008 3002 3016 3026 3006 3001 3005 3007 3003 3005 2995 2983 2986 2983 3000 3009 3022 3004 3014 3001 3002 3001 3009 3011
2994 3006 2997 3020 3021 3016 3031 3028 3027 3018 3046 3051 3046 3067 3082 3081 3079 3088 3083 3093 3088 3091 3078 3084 3086 3086 3088 3085 3078 3069 3087 3058 3068 3068 3059 3037 3028 3021 3004 3018 3008 3012 3004 3002 3014 3011 2999 3003 3004 2993 3005 3008 3002 2986 2987 3011 3007 2996 3001 3004 3010 2998 3002 3013
3000 3003 3011 3019 3021 3015 3010 3013 3026 3035 3051 3045 3045 3060 3081 3086 3083 3078 3095 3092 3074 3083 3094 3107 3093 3081 3077 3084 3082 3089 3072 3073 3065 3061 3045 3034 3020 3027 3030 3010 3012 3001 2994 3003 2992 3018 3010 3010 3000 2993 3015 3023 3000 2990 2991 2994 2986 3004 2990 2998 3003 3002 3002 3005
3001 3006 3010 2995 3012 3030 3019 3013 3012 3026 3030 3033 3036 3059 3069 3083 3078 3084 3092 3094 3094 3079 3096 3104 3104 3096 3080 3096 3095 3086 3088 3077 3060 3055 3054 3036 3033 3010 3013 2998 2997 3001 3002 3000 3000 2987 3012 3004 2996 2984 3004 3003 2992 2986 2999 2982 2990 2993 3001 3002 3017 3003 3014 3026
2995 2999 2999 3009 3020 3001 3012 3025 3033 3028 3013 3030 3025 3046 3067 3076 3087 3083 3084 3089 3085 3085 3087 3084 3100 3100 3090 3087 3095 3100 3070 3071 3071 3057 3060 3047 3006 3006 2997 2994 3011 2993 2993 3003 3000 2986 2999 3012 3008 3010 3002 2983 2996 2996 2978 2988 2992 2984 2991 3000 3002 2996 3011 3030
