3043 3042 3060 3046 3055 3041 3035 3036 3039 3018 3047 3035 3039 3016 3022 3024 3034 3007 3023 2997 2996 2998 3024 3033 3029 3015 3018 3005 3001 3000 3000 3010 3010 3013 3002 3011 2988 2989 3011 3011 3013 3011 3009 2997 2997 3013 3005 3001 2994 3001 3007 3010 2993 2967 2989 2983 2992 3005 3016 3018 3005 3023 3008 2990
3042 3042 3052 3050 3049 3034 3031 3029 3028 3035 3026 3046 3030 3024 3018 3016 3012 3020 3015 3016 3004 3007 3015 3018 3013 3012 3018 3012 3007 3016 3013 3010 3018 3013 3016 3008 3002 2996 3007 3005 3001 3007 2995 3009 3000 2999 3019 3007 3008 2994 3011 3005 2999 2982 3002 2988 3001 3000 3008 3010 3015 3014 3003 2996
3050 3046 3040 3036 3042 3032 3021 3032 3031 3031 3043 3034 3021 3021 3022 3003 3012 2997 3031 3021 3005 3006 2999 3016 3014 3011 3015 3019 3000 3009 3002 3018 3013 3013 3010 2999 3007 3005 2995 3002 2997 3012 3003 3020 3010 3000 2996 3005 3012 3009 3000 2994 3007 2991 2997 2989 2998 3007 3007 3008 3018 3011 3003 3002
3045 3035 3051 3032 3034 3032 3033 3022 3036 3036 3027 3034 3024 3034 3022 3020 3007 3009 3015 3010 3000 2997 3012 3028 3021 3012 3021 3025 3019 3017 3013 3014 3006 2994 2992 3007 3005 3013 2991 2997 3004 3009 3013 3009 3010 3005 3001 2992 3005 2999 2998 2994 2989 2997 3003 3010 3009 3002 3008 3001 3004 2999 3004 2998
3020 3033 3046 3030 3036 3033 3036 3026 3030 3013 3019 3023 3024 3027 3015 2999 3002 3015 3017 3011 3009 3015 3010 3006 3008 3013 3032 3014 3014 3015 3002 3001 3001 2995 2996 2997 3004 2993 2997 2988 2998 3006 3000 3007 3005 3000 3010 3006 3000 2998 2997 2993 2994 2980 2998 3006 3005 3008 3000 2996 2997 3010 2990 2992
3032 3027 3035 3037 3021 3015 3026 3036 3026 3024 3022 3018 3026 3022 3020 3010 3011 3010 3008 3017 3015 3008 3020 3010 3009 3003 3009 3002 3010 3007 3008 2999 2993 2999 2997 3017 2992 3003 3003 2999 2999 3000 3012 3009 3000 2985 2996 3007 3004 3007 3000 2999 3001 2998 3005 3011 2998 3001 2997 2985 3000 2992 2990 3001
3032 3033 3022 3022 3022 3017 3010 3019 3021 3011 3011 3022 3021 3020 3030 3014 3010 3012 3025 3022 2996 3004 3008 3016 3012 3020 3001 2987 3016 3014 3001 2992 2994 3013 3007 2999 3002 2998 3011 3002 3002 2985 2998 3005 2998 2996 3009 2994 2994 3016 2995 2996 3005 3012 3010 3010 3010 2996 3002 2985 2993 2989 2998 3011
2976 2995 2997 2985 2987 2988 2996 2992 2982 2985 2989 3004 3013 3011 2999 3002 2995 3003 2986 2990 2986 2990 2988 2994 2993 3007 2994 2988 3000 2996 2994 2991 3002 2996 2992 3003 2996 2981 2989 2997 2988 2989 2982 2989 2998 2999 2994 2992 2993 2999 3002 2999 2996 2998 2995 2993 2998 3006 2989 2994 2992 2984 2993 3008
2941 2954 2956 2977 2969 2968 2966 2963 2955 2950 2966 2976 2989 2986 2980 2978 2968 2977 2962 2973 2979 2963 2983 2978 2986 2975 2987 2982 2967 2999 2977 2988 2990 3003 2977 2985 2979 2981 2993 2985 2983 2978 2988 2997 2991 2999 2995 2992 2997 3002 2981 2984 2991 2983 2995 2998 2988 2984 2988 2997 2991 2996 2985 2986
2943 2965 2963 2959 2962 2972 2956 2969 2961 2977 2968 2980 2990 2984 2974 2982 2969 2970 2977 2972 2994 2979 2959 2969 2970 2981 2984 2971 2987 2990 2982 2985 2979 3005 2993 2998 2975 2987 2980 2989 2981 2982 2982 2992 2988 2993 2989 2982 2985 2977 2983 2977 2979 2988 2982 3000 2999 2985 3001 2993 2994 2994 3003 2993
2963 2955 2974 2970 2958 2952 2951 2962 2973 2981 2980 2976 2987 2989 2978 2989 2980 2964 2962 2978 2987 2991 2975 2978 2982 2977 2979 2972 2987 2989 2981 2984 2996 2995 2996 2991 2986 2992 2987 2978 2981 2988 2995 2991 2983 2983 2993 2983 2983 2987 2994 2987 2993 2995 2987 2985 2979 3003 3000 2996 2990 2979 3002 3006
2955 2965 2978 2961 2954 2968 2958 2970 2977 2962 2965 2969 2987 2989 2982 2980 2979 2980 2966 2978 2976 2970 2980 2963 2991 2981 2979 2980 2989 2998 2994 2981 2992 2988 2994 2992 2987 2980 2997 2986 2991 2987 2980 2971 2983 2975 2975 2990 2986 2987 2983 2993 2977 2983 2993 2982 2991 2996 2989 2994 2994 2986 2996 2996
2980 2972 2964 2948 2962 2963 2971 2977 2981 2959 2958 2964 2974 2972 2965 2971 2972 2975 2971 2990 2979 2976 2977 2979 2981 2990 2980 2988 2996 2996 2976 2989 2994 2996 2986 2992 2976 2981 3001 2995 2987 3005 2986 2976 2991 2992 2981 2983 2979 2988 2973 2998 2985 2988 2978 2991 2989 2969 2984 2985 2979 2964 2995 2982
2974 2971 2952 2968 2973 2980 2967 2969 2970 2977 2974 2976 2970 2977 2973 2968 2981 2981 2980 2975 2979 2992 2984 2984 2971 2988 2990 2981 2979 2985 2984 2975 2989 2989 2996 2982 2996 2988 2992 3001 2996 2990 2990 2980 3002 2992 3001 2998 2995 2988 2985 2986 2989 2984 2984 2995 2986 2980 2976 2974 2983 2993 2983 2998
2976 2974 2967 2969 2995 2964 2964 2980 2987 2984 2976 2975 2970 2983 2976 2977 2992 2977 2980 2973 2978 2985 2987 2986 2991 2982 2991 2994 2990 2977 2989 2993 2987 2991 2988 2986 2986 2989 3000 2998 2994 2987 3008 2985 2983 2993 2992 3007 3003 2991 2988 2980 2970 2989 2996 3001 2986 2988 2990 2988 2973 2989 2990 3004
2987 2972 2972 2982 2998 2975 2974 2985 2994 2982 2975 2992 2979 2981 2979 2985 2990 2989 2988 2980 2972 2989 2975 2991 2983 2988 2985 3005 2997 2986 2980 2984 2990 2990 2978 2990 2979 2994 2986 2991 2991 2983 2999 2996 2993 2982 2991 2991 2987 3000 2986 3007 2999 3001 3004 2997 2996 2997 2992 2982 2998 2991 2994 2992
2990 2997 2992 2994 3000 3000 3007 3000 2999 3002 2998 2994 3003 2992 3006 2979 2983 2981 2983 2988 2985 2994 2978 2991 2972 2978 2985 3000 3002 2985 2991 2983 2986 2996 2991 2982 2994 3002 2983 2993 2985 2985 2980 2995 3003 3009 2985 2986 2992 2996 2997 3011 3009 3003 2997 3015 2989 2985 2995 2983 2985 3004 2978 2981
2998 3002 2994 2997 2989 2991 2996 2985 2998 2988 2986 2994 3003 3001 3006 3007 2988 2979 2985 2989 2996 2989 2981 2982 2977 2981 2988 2991 2994 3000 2994 2998 2998 2989 2994 2984 2992 2995 2993 2983 2978 2985 2988 2997 2991 2987 2977 2986 2991 2992 2982 2993 3000 3003 3008 3017 3006 3007 2995 2984 3002 2996 2992 2978
3007 2996 3002 2997 2983 2986 2986 2992 2987 2984 2991 2994 3006 2997 2996 2989 2994 2991 2975 2970 2980 2983 2990 2987 2982 2984 2988 2990 2982 2975 2997 2988 2996 2993 3001 2996 2979 2989 2990 2993 3001 2992 2991 2994 2987 2980 2987 2994 2980 2987 2984 2987 2996 3009 3002 3000 3001 3001 2998 2990 2993 2986 2998 2984
3001 3004 2993 3001 2981 2994 2984 2995 2999 2984 3006 2998 3006 2992 2996 3010 2986 2986 2986 2972 2980 2994 2988 3000 2993 2982 2996 2991 2989 2983 2992 2999 2993 3010 2990 2990 2985 2980 2984 3003 2997 3001 2992 2995 2992 3003 2984 2981 2975 2982 2989 3007 2994 3011 2990 3004 3001 3017 2996 2982 2990 2993 2999 2995
2997 3002 3010 2998 3002 2992 3016 2999 2993 2999 3010 3011 3009 3008 2984 2982 3007 3007 2998 2978 2988 2992 2998 3001 2998 2998 2989 2989 2998 2993 2989 2984 2990 2996 2983 3000 2993 2996 3001 3007 2991 2994 2994 3005 2989 3001 2997 2987 2991 2987 2991 3000 2994 3009 2991 2993 2999 2996 2992 2993 2974 2990 2985 3000
2998 3006 3020 3016 2997 3007 3007 3009 2997 2994 3014 3005 3004 3011 2990 3000 3006 3004 3002 3004 2999 3002 3011 3014 3010 3001 3005 2998 3003 2998 2996 3000 2999 2995 2994 2995 2999 3007 3003 3003 3001 2997 2995 3015 3018 3005 2998 3000 3001 3001 3008 3011 3022 3002 3004 3011 3011 3007 3001 2995 3004 2995 2994 3013
2996 3013 3011 3015 3023 3023 3009 3010 3011 3015 3011 3017 3027 3022 2996 3011 3008 3017 3014 3017 3009 3009 3017 3026 3004 3019 3008 3012 3009 3017 3008 3013 3034 3010 3006 3016 3017 3012 3014 3018 3013 3006 3022 3020 3024 3016 3017 3016 3021 3023 3015 3021 3019 3011 3021 3013 3023 3007 3012 2997 3013 3017 2995 2998
2998 3019 3005 3015 3035 3006 3009 3003 3001 3006 3002 3002 3007 3013 3005 3017 3008 3009 3002 3006 3001 3001 3004 3008 3010 3014 3019 3009 3008 3009 2999 3012 3003 3015 3012 3006 3012 3010 2999 3021 3013 3016 3021 3029 3019 3018 3010 3005 3019 3013 3014 3026 3025 3018 3027 3021 3011 2995 3006 3020 3007 3018 3006 3001
3002 2999 3013 3016 3016 2998 2998 2999 2985 2995 3001 2996 2991 2995 3006 3007 3000 2990 3005 2989 2994 2999 2989 3007 3009 3002 2989 2995 3006 3000 3011 3000 3003 3001 2999 3007 3000 3001 3004 3007 3007 3018 2995 3003 3005 3005 3004 3008 3015 3016 3001 3000 3007 3017 3004 2993 3007 2996 2993 3007 2999 3004 2997 2994
2997 3011 3005 3002 2997 2990 2997 2981 2994 2994 2997 2983 2995 2988 3009 3004 2998 3003 2996 2990 3004 2992 3010 2996 2995 2995 2994 2988 2994 2988 3006 2986 2993 2991 2992 2992 2988 3001 2994 2983 2993 3014 3008 2990 2989 2994 3001 3000 2988 2996 2994 3007 3008 3005 3012 3008 2992 3000 2998 2995 3004 3001 3006 2998
2999 2986 3011 3010 2995 2996 2993 2988 3001 2997 2988 3009 2987 2995 3006 3002 3001 3002 2994 3002 2983 3005 2994 2981 2987 3003 2995 2984 2993 2998 3003 2998 2993 3007 3004 2993 2997 2981 2997 3001 2993 3001 2991 2987 2981 2979 2998 2998 2998 2991 2988 2992 2998 2988 2995 2983 2981 2996 2987 2994 3006 2983 2996 3007
2979 2995 2991 2991 2991 2983 2996 2997 3010 2992 2990 2992 3005 3003 3012 3002 3013 3020 3002 3001 3006 3005 3009 3001 3001 2988 2995 2997 3003 2994 2996 2992 2994 3010 3008 2998 2989 2995 2998 3000 2995 2977 2985 2983 2976 2997 2996 2994 2997 2988 3004 2998 3002 2993 2996 2987 2991 2992 3007 2993 2988 2982 2992 3007
2987 3003 2991 2990 2987 3002 2987 2990 3008 3002 2993 2987 2986 3000 3012 3002 3016 3026 3019 3018 3002 3004 3021 3031 3002 3001 2991 3002 3002 2994 2978 2987 2991 2986 2992 3000 3001 2983 2983 2993 2986 2991 2988 2996 2992 2997 3003 2995 2988 2980 2979 2995 2981 2989 2993 2998 2992 2991 3002 3001 2999 2975 2999 3003
2986 2994 2982 2993 2991 2994 2988 2998 2990 2997 3003 3001 2988 3000 3018 3023 3022 3013 3024 3021 3019 3024 3020 3019 3011 2999 3003 2992 3000 3003 2988 2987 2984 2989 3002 2981 2985 2980 2989 2994 2987 2981 2999 2994 2990 3005 2995 2966 2986 2986 2988 2992 2993 2983 2986 2985 2988 3001 2996 3006 2997 3007 2988 3004
2988 2987 2991 3004 2995 2993 2985 2992 2998 2998 3006 2991 3002 3005 3010 3011 3021 3021 3020 3014 3011 3026 3013 3010 3005 3017 3008 3001 2989 3003 2993 2976 2988 2988 2991 2983 2984 2983 2993 2989 2981 2982 3007 2979 2993 2998 2997 2997 2979 2990 3010 3002 3000 2980 2990 2986 2992 2994 3003 2989 2998 2997 3003 3003
2985 2985 2993 2986 2990 2983 2998 2992 3012 3005 3010 3004 3018 3016 3027 3012 3018 3022 3006 3018 3026 3034 3016 3024 3016 3014 3019 3007 3006 2999 3013 2996 3003 2989 2974 2998 2993 2998 2988 2990 2984 3004 2981 2992 2980 2991 2992 2993 2988 2989 2996 2993 2988 2986 2975 2988 2992 2998 3002 2998 3003 2990 3003 2999
2982 2990 2988 2997 2998 2996 3009 3008 3010 3013 3019 3014 3029 3014 3029 3016 3029 3031 3011 3027 3038 3027 3025 3016 3013 3029 3008 3026 3015 3020 3014 3017 3004 2998 2989 2984 2990 3006 2994 2993 2990 2989 2991 2992 2982 2984 3002 2996 2989 2987 2983 2992 2973 2997 2984 2987 3008 2992 3006 3008 2992 2983 2995 3004
2985 2996 2995 2992 2993 3004 3000 3007 3015 3022 3023 3021 3031 3039 3025 3028 3033 3018 3017 3024 3026 3031 3019 3021 3027 3024 3026 3019 3018 3024 3025 3014 3013 2987 3002 2992 2993 2995 3000 2983 2982 2989 3000 2991 2988 2994 2987 2989 3000 2985 2995 2993 2978 2993 2988 3001 3003 3004 2988 3005 2991 2972 3006 3018
3004 3002 3026 3018 3014 3023 3020 3013 3019 3024 3028 3031 3039 3039 3035 3039 3052 3026 3012 3011 3018 3008 3026 3023 3022 3019 3016 3018 3020 3030 3014 3027 3029 3014 3015 3019 2999 3010 3017 3008 3010 2998 2996 2987 2999 3003 2999 3013 2998 2996 2986 2993 2986 2986 3010 3014 3006 3010 3008 2995 2987 2986 3000 3013
3005 3010 3014 3023 3030 3025 3033 3022 3023 3021 3041 3035 3044 3045 3043 3035 3031 3028 3009 3007 3020 3015 3027 3016 3011 3003 3023 3023 3017 3016 3032 3030 3036 3032 3007 3015 3001 2995 3006 3011 3004 2999 3000 2995 3006 3000 3004 3003 2987 3009 2991 3011 2985 2974 3007 3021 3012 3011 3005 3005 2994 2990 3007 3008
3008 3008 3006 3017 3024 3016 3016 3016 3029 3038 3027 3042 3044 3037 3035 3024 3026 3027 3015 3008 3012 3017 3021 3020 3015 3017 3015 3016 3032 3036 3016 3036 3033 3033 3020 3011 2987 2987 2990 2992 2991 2990 2998 3002 2998 2995 2985 2986 2993 2987 2990 2992 2991 2986 2989 2992 2998 3007 2991 2999 2989 2975 2990 3010
2981 2988 3004 3007 3028 3024 3022 3030 3026 3033 3061 3052 3040 3051 3049 3035 3034 3021 3034 3006 3013 3025 3016 3011 3023 3021 3022 3015 3033 3046 3035 3035 3027 3032 3023 3022 2976 2991 2982 2988 2989 2982 2989 3005 2990 2994 2994 2978 2988 2986 2994 2992 3002 2997 2991 2988 2990 3005 2999 3008 3004 2990 3008 3017
2992 2996 2996 3010 3026 3021 3012 3017 3031 3035 3066 3050 3062 3031 3041 3028 3033 3022 3017 3012 3016 3017 3017 3015 3018 3026 3017 3027 3039 3045 3032 3036 3046 3034 3028 3004 2991 2991 2986 2986 2994 2990 2988 2998 2994 2992 2990 2995 2987 2992 2997 2989 2984 2982 2988 2992 2991 3001 3007 2998 3001 2998 2998 3005
2987 3006 3010 3003 3018 3018 3013 3033 3031 3054 3049 3048 3055 3047 3040 3037 3029 3025 3019 3035 3014 3008 3017 3008 3009 3026 3030 3015 3051 3049 3039 3036 3032 3039 3038 3028 2996 2980 2997 2984 2984 2985 2992 2988 2989 2995 2995 2983 2989 2992 2987 2985 2980 2978 2977 2997 2983 2991 3002 2999 3006 3003 3014 3012
2997 3011 3000 3019 3004 3019 3015 3026 3036 3034 3047 3057 3064 3065 3069 3074 3070 3028 3033 3025 3027 3017 3019 3024 3019 3026 3035 3018 3035 3045 3029 3036 3039 3038 3036 3021 3008 3001 2997 2993 3001 3000 2987 2980 2982 2985 2976 2985 2980 2983 2987 2987 2980 2981 2979 3000 2990 2996 2989 3006 3006 3007 3001 3000
3008 3003 3007 3012 3027 3015 3019 3033 3033 3036 3037 3042 3061 3062 3077 3081 3069 3050 3034 3021 3037 3018 3028 3026 3032 3030 3030 3035 3041 3042 3044 3039 3037 3039 3033 3031 3009 3013 2989 2992 2993 2998 2991 2977 2984 2999 2977 2991 2970 2984 2992 2988 2992 2982 2978 2981 2989 2999 2993 3004 3007 2974 2998 3011
2995 3005 3007 3019 3022 3006 3006 3015 3024 3033 3031 3050 3067 3068 3084 3082 3088 3068 3040 3043 3052 3050 3052 3036 3034 3033 3035 3039 3058 3046 3042 3060 3043 3031 3040 3024 3017 3006 2983 2986 2973 2989 3001 2987 3002 2987 2991 2988 2986 3004 2994 2974 2991 2990 2995 2992 2987 2986 2995 2993 2976 2982 2988 2986
2980 2994 3005 3013 3025 3021 3021 3007 3034 3031 3057 3062 3062 3079 3092 3086 3076 3058 3060 3066 3051 3064 3063 3044 3033 3031 3034 3051 3057 3049 3052 3044 3028 3047 3046 3035 3018 3007 2981 2977 2983 2984 2988 3002 2997 3009 2992 3008 2984 3005 3000 2984 2989 2994 2993 2998 2995 2993 2986 2979 2982 2986 2995 3003
2995 2992 2988 3013 3012 3025 3020 3024 3027 3047 3060 3074 3082 3074 3086 3083 3069 3076 3061 3060 3059 3061 3062 3049 3037 3031 3052 3067 3061 3080 3057 3068 3056 3056 3038 3042 3011 3013 2982 2991 2982 2979 2984 2998 2997 3003 2999 2989 2988 2980 2979 2967 2986 2987 2995 2986 2995 2983 2992 3004 2986 2979 2990 2985
2980 2992 3003 2997 3025 3023 3031 3022 3050 3049 3059 3075 3088 3092 3089 3081 3070 3075 3078 3071 3065 3055 3061 3056 3027 3052 3056 3064 3067 3083 3069 3066 3075 3057 3046 3043 3006 3017 3007 2987 2987 2984 2996 2996 3004 3011 2995 2988 2984 2978 2968 2964 2983 2989 2990 2998 2984 2981 2992 2991 2983 2990 2977 2977
2993 3001 3002 3005 3012 3024 3011 3035 3036 3064 3063 3075 3094 3101 3079 3087 3072 3085 3096 3067 3059 3064 3081 3070 3056 3059 3071 3075 3077 3078 3083 3064 3074 3067 3055 3051 3029 3002 2991 2982 2985 2966 2998 2998 2999 2997 2980 2989 2985 2990 2982 2992 2989 2986 2981 2959 2994 2993 2983 2988 2991 2993 2985 2974
2998 3009 3010 3023 3013 3012 3019 3024 3046 3043 3077 3078 3091 3093 3084 3082 3089 3098 3092 3082 3071 3079 3074 3071 3075 3069 3079 3088 3090 3088 3087 3084 3082 3073 3064 3049 3030 3016 3000 2991 2980 2986 2978 2980 3008 2989 2978 2996 2975 3006 2991 2997 3004 2982 2977 2983 2992 3006 2975 2990 2985 3002 2976 2987
2999 3003 3010 3016 3011 3010 3009 3034 3035 3059 3076 3084 3084 3093 3091 3089 3087 3083 3087 3083 3075 3092 3072 3081 3073 3088 3077 3085 3094 3082 3088 3091 3079 3086 3062 3050 3042 3022 3009 2996 2994 2984 2985 2977 2989 2999 3006 2991 2999 2984 2983 2979 2988 2999 2994 2995 2984 2985 2987 2975 2989 3008 2992 2990
2976 3019 3002 2993 3008 3006 3028 3033 3046 3054 3085 3085 3090 3096 3102 3081 3088 3093 3080 3091 3089 3087 3091 3087 3082 3078 3082 3063 3077 3080 3101 3091 3090 3070 3084 3072 3045 3041 3009 2994 3003 2997 2989 2989 2991 2999 2995 3000 3001 2984 2981 2989 2989 3012 2996 2983 2999 3007 2977 2972 2994 3006 3008 2997
2996 2996 3017 2995 3004 3014 3018 3042 3034 3061 3077 3086 3087 3073 3089 3084 3090 3082 3087 3082 3078 3088 3105 3087 3077 3082 3085 3069 3085 3089 3084 3092 3086 3067 3070 3061 3057 3039 3025 2997 3002 2991 3000 3005 2995 2987 3006 3001 2999 2980 2999 3005 3000 2999 2991 2985 2981 3001 2984 2984 2998 3007 2989 2990
2983 3000 2999 3009 3004 3020 3014 3036 3041 3056 3081 3074 3084 3082 3074 3077 3083 3086 3098 3088 3093 3080 3096 3077 3089 3086 3079 3088 3090 3077 3087 3090 3063 3074 3074 3064 3054 3041 3021 3003 2993 2984 2989 2996 2994 2999 3000 2993 2995 2999 3004 2995 2993 2971 2996 2997 3002 2982 2996 2984 2995 2998 2974 2992
2995 2997 3008 3011 3006 2997 3020 3020 3033 3062 3060 3079 3074 3084 3085 3077 3083 3081 3087 3091 3091 3084 3097 3082 3084 3085 3075 3079 3089 3080 3094 3084 3074 3063 3078 3059 3053 3044 3014 2999 2994 2997 2995 3001 2987 2997 2993 2983 2985 2990 2998 2997 2994 2995 3000 2986 2994 2991 3002 3003 2997 3002 2990 2987
2999 3001 3008 3016 3001 3009 3019 3030 3037 3062 3061 3070 3072 3077 3071 3087 3083 3081 3085 3077 3080 3095 3086 3075 3083 3075 3066 3082 3081 3078 3084 3075 3062 3070 3064 3052 3049 3031 3015 3003 2995 2993 2990 2990 2988 2994 3001 2985 2998 2984 2996 3003 2993 3004 3002 3008 3004 2997 3004 3013 3004 3005 2995 3003
2990 3003 3003 3003 3005 2999 3009 3027 3021 3048 3062 3070 3073 3073 3076 3083 3081 3071 3088 3070 3092 3108 3091 3096 3082 3079 3069 3084 3077 3075 3076 3069 3056 3063 3063 3054 3056 3034 3019 2995 2996 2987 2990 2998 2998 3000 2989 2994 2992 2999 2993 3006 2999 3001 3004 2999 3011 2995 2996 2995 2982 2998 2992 2983
2988 2985 3000 2997 3001 3008 3020 3021 3010 3040 3069 3073 3057 3074 3083 3095 3097 3089 3065 3076 3098 3105 3089 3082 3072 3079 3077 3065 3068 3066 3069 3075 3060 3071 3061 3063 3047 3030 3017 2986 2991 2977 2996 2997 2986 3006 3002 2988 2999 3000 2994 3005 2999 2999 2995 2999 2999 3005 2997 2991 3007 3002 2996 3002
2989 2993 3008 2995 3010 3010 3006 3011 3020 3041 3069 3065 3076 3075 3083 3094 3106 3091 3086 3073 3087 3093 3095 3071 3084 3087 3067 3071 3078 3074 3070 3068 3075 3075 3069 3061 3042 3025 3015 2990 2989 3002 2998 2996 3005 3002 2993 2996 3004 3005 2996 3006 3000 3007 2994 3012 3009 3008 3022 3000 2990 2998 3004 2999
2999 2999 2999 3015 3006 3006 3017 2999 3029 3031 3051 3069 3081 3088 3089 3095 3094 3101 3095 3091 3079 3072 3067 3086 3087 3088 3080 3085 3067 3077 3077 3093 3073 3070 3076 3048 3033 3013 3012 3008 3010 2999 2994 3004 2991 3003 3001 3004 2988 2991 2999 3013 3000 2991 3004 3003 3008 3005 3010 3015 3011 2997 3001 3001
2994 2999 3005 3000 3020 3014 3021 3019 3023 3029 3050 3055 3066 3089 3096 3085 3087 3094 3085 3079 3091 3066 3095 3077 3077 3079 3092 3086 3063 3072 3071 3055 3068 3079 3062 3045 3021 3015 3020 3002 3009 3003 2991 3015 3011 3008 3001 2989 2997 3006 3006 3006 2986 2989 2989 3007 3007 3006 3009 2999 3017 2997 3013 3014
2995 2992 2980 3008 3008 3023 3031 3037 3022 3035 3038 3060 3063 3090 3099 3091 3090 3092 3091 3073 3084 3088 3076 3077 3078 3092 3089 3071 3089 3077 3074 3080 3063 3059 3054 3047 3026 3007 3017 3008 3003 3007 3020 3015 3015 2997 3013 3009 3003 3002 2997 2985 2988 2992 2998 3016 3004 3005 3015 3014 3020 3004 2994 3013
2992 3009 3003 3003 3008 3017 3013 3036 3022 3026 3040 3045 3043 3062 3090 3096 3081 3080 3091 3097 3077 3081 3086 3077 3084 3091 3096 3090 3086 3077 3076 3068 3061 3052 3048 3051 3036 3018 3015 3012 3008 3008 3007 2992 3015 3008 2997 3009 2999 2989 3000 3005 2997 2977 2997 3005 3000 2988 2996 3015 2993 2995 3006 3008
3000 3013 3008 3008 3013 3015 3017 3033 3013 3031 3039 3058 3046 3066 3078 3067 3086 3080 3081 3087 3082 3083 3083 3085 3082 3088 3094 3076 3083 3081 3073 3072 3062 3063 3052 3038 3030 3012 3013 3001 3012 3000 3000 2990 3009 3010 3006 2991 2994 3001 2999 3005 3017 2992 2994 2997 2991 2994 2997 3004 2989 3010 3007 2993
3006 3002 3009 3008 3014 3003 3011 3019 3025 3027 3024 3042 3049 3049 3086 3088 3081 3087 3084 3096 3084 3084 3081 3096 3095 3085 3095 3091 3090 3081 3076 3071 3062 3040 3060 3038 3024 3012 3014 3004 3014 3013 3001 2993 2989 2997 3002 3002 2999 3003 2998 3005 2995 3006 3003 2995 2992 2996 3007 3004 3001 3008 3024 3022
3010 3004 3002 3008 3021 3025 3023 3019 3020 3017 3014 3036 3028 3054 3068 3081 3088 3088 3084 3077 3084 3084 3093 3092 3097 3094 3083 3098 3088 3094 3082 3069 3061 3052 3059 3041 3025 3007 3002 3011 2990 3003 2995 2989 2989 2995 3010 3007 3000 2987 2990 2990 2995 2991 2991 2985 2997 2991 3013 3019 2995 3011 3006 3009
