3065 3058 3066 3059 3059 3052 3069 3059 3049 3057 3057 3047 3034 3049 3049 3059 3056 3045 3045 3049 3062 3055 3041 3051 3032 3042 3041 3046 3032 3031 3031 3026 3024 3015 3019 3031 3033 3037 3041 3037 3029 3026 3027 3023 3028 3038 3024 3021 3043 3039 3027 3028 3022 3015 3019 3043 3021 3014 3008 3008 3025 3018 3013 3012
3065 3066 3071 3072 3050 3062 3056 3057 3041 3057 3051 3056 3049 3060 3052 3040 3038 3044 3044 3029 3046 3052 3029 3040 3042 3024 3031 3039 3046 3034 3032 3035 3032 3041 3027 3034 3031 3034 3032 3036 3010 3031 3033 3012 3027 3025 3026 3026 3029 3028 3019 3013 3014 3013 3026 3030 3020 3010 3015 3017 3016 3016 3026 3013
3062 3065 3063 3066 3051 3056 3063 3053 3042 3044 3037 3050 3055 3048 3052 3043 3040 3046 3026 3017 3045 3035 3031 3037 3030 3024 3026 3019 3039 3040 3039 3026 3035 3039 3020 3014 3027 3024 3027 3032 3044 3034 3017 3030 3031 3032 3010 3005 3019 3020 3020 3019 3019 3021 3043 3026 3020 3010 3024 3019 3015 3015 3024 3018
3056 3053 3053 3058 3056 3050 3060 3056 3056 3058 3056 3046 3035 3049 3046 3044 3032 3036 3024 3034 3031 3033 3036 3027 3030 3025 3019 3019 3028 3029 3030 3027 3035 3019 3026 3021 3021 3024 3035 3039 3044 3039 3019 3034 3040 3040 3022 3017 3017 3020 3021 3015 3013 3029 3031 3032 3012 3012 3023 3025 3013 3015 3022 3014
3065 3066 3066 3050 3054 3055 3057 3050 3083 3050 3033 3029 3048 3048 3045 3052 3040 3028 3027 3020 3026 3036 3038 3017 3025 3028 3004 3006 3020 3024 3038 3027 3014 3025 3026 3011 3026 3026 3030 3044 3028 3034 3032 3045 3048 3035 3027 3024 3017 3024 3026 3021 3020 3029 3027 3013 3016 3021 3022 3026 3018 3012 3011 3018
3058 3052 3061 3049 3051 3050 3040 3050 3053 3058 3030 3046 3043 3034 3034 3026 3014 3031 3037 3029 3037 3029 3027 3020 3023 3018 3017 3022 3020 3026 3026 3024 3046 3023 3030 3019 3024 3040 3026 3039 3031 3045 3022 3033 3028 3046 3045 3025 3031 3029 3029 3030 3028 3028 3024 3029 3017 3003 3011 3034 3017 3009 3018 3014
3057 3040 3053 3071 3069 3049 3041 3041 3034 3039 3035 3047 3037 3031 3021 3030 3036 3039 3035 3035 3028 3029 3023 3024 3012 3020 3018 3029 3027 3026 3039 3040 3028 3035 3028 3025 3035 3032 3018 3028 3027 3037 3030 3031 3033 3057 3038 3024 3028 3042 3026 3017 3036 3020 3015 3023 3018 3017 3025 3027 3023 3014 3011 3019
3025 3041 3010 3022 3030 3014 3011 3017 3020 3036 3013 3012 3018 3006 3023 3016 3014 3016 3026 3010 3026 3019 3012 3014 3013 3018 3017 3016 3027 3023 3036 3029 3032 3026 3031 3026 3040 3042 3014 3026 3038 3032 3027 3018 3036 3033 3037 3035 3031 3029 3022 3030 3025 3016 3027 3012 3008 3016 3012 3015 3007 3009 3009 3032
2995 2994 2976 2983 2987 2985 2980 2986 2992 2993 3003 2996 3005 3008 2996 3001 3002 3011 3007 2987 2995 3000 3002 3003 3004 3016 3004 3026 3016 3006 3017 3029 3013 3031 3031 3030 3028 3017 3020 3030 3036 3027 3027 3024 3024 3041 3028 3039 3031 3023 3022 3038 3024 3032 3015 3010 3006 3005 3003 2999 2999 3013 3026 3042
2986 2984 2988 2994 3004 3000 2991 2989 3004 3007 3013 3016 3025 3008 2993 3006 2998 3006 3002 3007 2993 3005 3012 3012 3007 3008 3019 3014 3021 3026 3015 3019 3017 3028 3021 3021 3013 3024 3026 3024 3029 3023 3023 3032 3028 3026 3033 3044 3034 3037 3033 3026 3027 3020 3023 2997 3009 3014 3006 3012 3004 3017 3019 3023
2969 2985 2987 2985 3004 2996 2970 2991 3020 3033 3047 3044 3016 3017 3000 3005 3013 2999 3007 3017 3014 3018 3006 3029 3025 3017 3022 3026 3020 3023 3024 3024 3022 3029 3020 3029 3038 3034 3035 3024 3038 3028 3033 3033 3032 3035 3042 3047 3034 3043 3033 3031 3034 3030 3036 3023 3010 3009 3000 3004 3005 3019 3017 3023
2978 2974 2993 2997 2993 3007 2998 3007 3026 3051 3050 3052 3034 3032 3013 3015 3020 3007 2999 3007 2997 3000 3024 3022 3017 3032 3033 3030 3023 3025 3027 3032 3028 3027 3029 3038 3039 3030 3025 3031 3038 3041 3037 3040 3041 3045 3048 3048 3035 3034 3035 3027 3028 3030 3029 3033 3016 3007 3018 2994 3004 3011 3009 3011
2992 2997 3011 2998 2991 2997 2991 3012 3032 3058 3069 3068 3064 3058 3039 3025 3012 3010 3007 3001 2990 2998 3018 3019 3030 3026 3028 3028 3026 3044 3044 3043 3034 3035 3037 3047 3042 3032 3035 3024 3044 3036 3042 3038 3046 3045 3063 3055 3038 3036 3035 3023 3031 3023 3020 3021 3013 3014 3018 3015 3024 3017 3018 3024
3006 3004 3002 3005 2988 2998 3005 3019 3026 3037 3081 3060 3065 3058 3049 3031 3025 3014 2995 2993 3003 3001 2990 3023 3030 3036 3040 3042 3034 3024 3034 3025 3028 3036 3029 3037 3029 3025 3037 3022 3047 3037 3052 3052 3047 3055 3044 3061 3043 3035 3034 3039 3039 3026 3028 3038 3028 3024 3020 3025 3029 3035 3019 3005
2989 2995 3001 2990 2980 2995 3004 3001 3018 3044 3080 3068 3069 3080 3066 3047 3010 3006 3006 2998 2998 2993 3011 3014 3034 3036 3042 3041 3027 3028 3028 3030 3016 3033 3035 3037 3032 3040 3023 3025 3027 3033 3039 3055 3044 3045 3051 3058 3042 3035 3043 3039 3034 3041 3042 3032 3035 3024 3025 3014 3017 3006 3023 3023
2996 3001 2993 3002 2982 3001 2994 3002 3019 3020 3058 3073 3077 3086 3078 3063 3032 3014 3000 3010 3001 3004 3006 3026 3046 3030 3041 3036 3044 3025 3037 3019 3031 3043 3041 3032 3024 3037 3034 3028 3040 3040 3048 3050 3052 3059 3053 3059 3075 3031 3040 3059 3061 3040 3038 3039 3034 3020 3030 3020 3009 3019 3020 3035
3010 3010 3017 3008 3000 3006 2996 3007 3031 3036 3062 3072 3104 3099 3086 3062 3031 3012 3009 3006 3003 3008 3027 3017 3018 3029 3045 3042 3044 3042 3033 3034 3047 3048 3037 3036 3042 3032 3041 3025 3047 3035 3047 3066 3075 3054 3066 3059 3047 3042 3048 3056 3047 3043 3048 3042 3031 3035 3027 3016 3004 3021 3016 3034
3000 3010 3009 3009 3008 3008 2996 3001 3032 3041 3054 3076 3088 3080 3086 3075 3045 3024 3011 3010 3007 3006 3021 3030 3028 3033 3044 3041 3041 3034 3051 3045 3046 3042 3052 3040 3035 3028 3037 3041 3040 3039 3052 3070 3072 3076 3079 3082 3061 3067 3062 3071 3061 3060 3048 3044 3036 3044 3033 3032 3026 3028 3009 3034
2996 3006 2999 3002 2998 2997 2988 3005 3012 3048 3075 3078 3089 3089 3082 3075 3049 3027 3012 3005 2994 3011 3020 3027 3039 3039 3052 3045 3046 3044 3045 3045 3040 3042 3037 3032 3037 3042 3049 3040 3055 3055 3075 3077 3090 3098 3090 3082 3089 3064 3083 3065 3060 3049 3060 3045 3041 3054 3044 3040 3033 3031 3044 3048
2974 2989 3001 3017 3016 2995 2997 3012 3007 3040 3070 3089 3095 3097 3082 3077 3059 3023 3010 3000 3005 3006 3027 3022 3031 3053 3052 3057 3042 3042 3048 3045 3046 3032 3051 3037 3046 3051 3055 3056 3065 3066 3072 3072 3077 3087 3092 3094 3079 3080 3074 3070 3067 3076 3061 3061 3063 3065 3051 3063 3047 3024 3048 3044
2991 2991 3013 3015 3025 3020 3012 3019 3007 3047 3071 3073 3086 3092 3094 3073 3057 3036 2998 2996 3001 3000 3014 3023 3031 3057 3066 3060 3050 3062 3040 3051 3036 3045 3040 3047 3058 3058 3057 3067 3073 3081 3097 3091 3096 3100 3097 3100 3081 3081 3091 3091 3075 3085 3083 3080 3078 3093 3083 3088 3067 3047 3025 3028
2991 2995 3023 3014 3024 3023 3005 3004 3025 3061 3078 3083 3102 3080 3079 3074 3044 3020 3004 2996 2999 3002 3016 3031 3045 3059 3068 3062 3060 3070 3056 3055 3057 3055 3053 3044 3069 3056 3066 3064 3064 3079 3081 3102 3094 3095 3092 3091 3081 3079 3090 3090 3088 3083 3101 3088 3094 3089 3098 3089 3065 3050 3055 3052
3007 3000 3007 3023 3017 3014 2996 3007 3026 3050 3077 3078 3096 3095 3069 3053 3038 3034 3005 3002 2996 3013 3008 3024 3050 3066 3064 3066 3057 3071 3077 3071 3078 3076 3065 3073 3073 3074 3092 3076 3082 3089 3088 3093 3110 3092 3108 3112 3095 3095 3097 3095 3103 3104 3087 3101 3097 3091 3086 3084 3074 3076 3073 3055
3002 3015 3027 3014 3030 3011 3000 3026 3031 3060 3071 3083 3096 3092 3081 3047 3046 3028 3011 3010 3002 3016 3023 3034 3051 3064 3076 3073 3067 3067 3070 3072 3085 3074 3087 3078 3081 3079 3082 3089 3093 3087 3087 3091 3087 3100 3078 3100 3098 3089 3094 3100 3098 3098 3099 3100 3091 3081 3089 3100 3086 3084 3079 3082
2993 3021 3032 3029 3019 3014 3001 3029 3019 3055 3081 3093 3096 3085 3096 3062 3070 3059 3009 3009 3008 2998 3015 3048 3066 3056 3074 3066 3057 3065 3076 3072 3071 3073 3086 3092 3110 3096 3088 3096 3083 3077 3097 3090 3089 3078 3079 3088 3094 3096 3109 3103 3099 3087 3084 3108 3092 3106 3104 3099 3088 3081 3077 3084
3015 3015 3018 3026 3026 3023 3021 3028 3042 3057 3098 3090 3095 3085 3098 3074 3073 3040 3023 3012 3015 3013 3024 3038 3052 3065 3066 3066 3080 3081 3076 3071 3080 3087 3097 3091 3091 3104 3092 3093 3089 3084 3086 3093 3090 3076 3091 3088 3090 3101 3109 3102 3094 3093 3096 3094 3107 3098 3100 3110 3095 3102 3089 3094
3015 3019 3013 3018 2992 3031 3017 3042 3066 3081 3097 3090 3094 3094 3077 3082 3071 3067 3022 3008 3026 3030 3038 3045 3066 3062 3081 3069 3077 3076 3081 3074 3091 3108 3099 3101 3108 3095 3086 3090 3092 3093 3083 3095 3094 3097 3085 3090 3087 3091 3089 3108 3107 3089 3102 3102 3096 3106 3104 3089 3100 3104 3096 3087
3024 3016 3022 3007 3001 3016 3022 3055 3082 3087 3091 3088 3092 3086 3094 3091 3076 3053 3036 3039 3042 3050 3051 3063 3081 3075 3069 3077 3088 3079 3085 3086 3097 3091 3099 3101 3102 3097 3095 3091 3095 3083 3079 3104 3092 3098 3096 3101 3094 3101 3094 3114 3106 3097 3102 3103 3098 3106 3103 3105 3094 3096 3098 3084
2997 3007 3029 3013 3023 3022 3025 3054 3096 3099 3086 3078 3087 3078 3106 3090 3082 3071 3074 3055 3068 3065 3085 3079 3076 3073 3076 3082 3091 3080 3087 3083 3091 3099 3091 3090 3085 3105 3082 3094 3093 3089 3096 3096 3101 3091 3100 3104 3098 3090 3093 3100 3103 3109 3096 3098 3103 3100 3100 3095 3107 3096 3091 3100
3006 3020 3028 3009 3024 3034 3026 3064 3099 3099 3083 3081 3078 3090 3103 3088 3078 3088 3069 3077 3074 3083 3083 3086 3095 3094 3084 3073 3089 3086 3086 3089 3096 3091 3083 3088 3112 3103 3098 3083 3080 3086 3097 3107 3094 3103 3102 3106 3097 3101 3105 3088 3116 3104 3098 3095 3102 3101 3107 3103 3094 3098 3096 3102
3011 3012 3016 3028 3022 3030 3031 3061 3102 3099 3091 3088 3077 3078 3106 3092 3091 3086 3091 3085 3073 3091 3087 3075 3090 3089 3076 3085 3078 3076 3082 3083 3085 3097 3091 3093 3108 3099 3103 3091 3094 3093 3091 3105 3094 3106 3086 3105 3096 3088 3091 3081 3096 3095 3100 3093 3098 3095 3108 3104 3093 3089 3100 3109
3014 3001 3026 3016 3033 3037 3053 3068 3088 3090 3090 3094 3083 3088 3092 3093 3088 3092 3093 3090 3084 3085 3089 3082 3090 3082 3083 3079 3066 3073 3083 3072 3081 3085 3085 3093 3090 3104 3088 3093 3093 3090 3105 3087 3090 3097 3100 3099 3095 3093 3101 3096 3087 3097 3099 3102 3094 3100 3103 3100 3094 3089 3096 3100
3010 3008 3014 3025 3013 3038 3049 3073 3099 3093 3084 3095 3083 3090 3090 3093 3079 3086 3102 3074 3091 3075 3088 3089 3085 3076 3083 3078 3085 3085 3076 3080 3094 3085 3083 3080 3068 3089 3084 3089 3082 3103 3088 3096 3096 3086 3081 3093 3091 3093 3098 3080 3090 3104 3102 3107 3100 3103 3095 3105 3096 3100 3088 3075
3018 3004 3014 3013 3011 3043 3045 3073 3087 3084 3098 3094 3082 3089 3081 3101 3094 3080 3085 3082 3080 3088 3094 3091 3101 3087 3079 3087 3079 3087 3075 3085 3097 3083 3089 3089 3074 3088 3087 3096 3091 3095 3097 3099 3090 3090 3094 3078 3095 3089 3096 3094 3098 3101 3106 3105 3094 3091 3092 3099 3096 3088 3082 3053
3002 3019 3003 3009 3016 3030 3046 3073 3077 3088 3090 3086 3098 3095 3086 3091 3098 3085 3086 3084 3080 3079 3083 3089 3085 3095 3088 3092 3070 3075 3077 3084 3080 3078 3085 3089 3091 3092 3083 3082 3098 3103 3111 3104 3106 3078 3101 3105 3102 3098 3086 3102 3096 3092 3095 3092 3084 3092 3091 3108 3078 3078 3053 3048
3004 3018 3015 3019 3020 3030 3062 3067 3081 3072 3098 3088 3096 3081 3086 3091 3095 3078 3079 3077 3098 3075 3086 3077 3102 3084 3088 3078 3073 3083 3075 3082 3072 3073 3082 3080 3086 3078 3080 3090 3098 3103 3101 3115 3104 3096 3095 3095 3097 3097 3107 3112 3097 3089 3092 3087 3085 3099 3096 3096 3075 3065 3054 3033
3000 3011 3002 3018 3014 3039 3058 3082 3080 3077 3073 3080 3085 3080 3095 3091 3065 3076 3077 3089 3072 3096 3096 3089 3096 3093 3091 3079 3077 3066 3087 3079 3065 3070 3094 3083 3081 3084 3088 3100 3089 3100 3091 3095 3096 3098 3095 3092 3087 3100 3084 3091 3092 3104 3104 3106 3102 3106 3094 3079 3075 3055 3054 3044
3002 3011 3005 3023 3021 3046 3084 3071 3082 3088 3087 3074 3085 3079 3088 3064 3071 3073 3078 3084 3086 3094 3096 3084 3090 3100 3095 3086 3088 3075 3071 3083 3083 3068 3087 3093 3088 3088 3087 3086 3096 3089 3107 3090 3106 3090 3087 3079 3086 3090 3079 3082 3085 3110 3094 3088 3106 3084 3106 3098 3077 3060 3047 3047
3003 3012 3010 3019 3029 3049 3079 3082 3089 3089 3082 3084 3068 3083 3086 3070 3072 3083 3072 3085 3096 3088 3098 3089 3095 3092 3083 3078 3088 3088 3076 3083 3084 3078 3077 3089 3089 3094 3094 3092 3108 3092 3089 3102 3084 3093 3081 3085 3102 3098 3104 3095 3094 3096 3088 3091 3090 3082 3090 3109 3069 3047 3036 3039
3005 3012 3022 3027 3031 3070 3077 3084 3086 3087 3079 3074 3081 3087 3103 3093 3082 3077 3090 3080 3094 3082 3089 3080 3081 3084 3078 3089 3100 3086 3078 3086 3088 3078 3092 3092 3080 3080 3092 3084 3090 3097 3085 3101 3097 3087 3091 3073 3093 3085 3071 3085 3090 3087 3079 3092 3082 3092 3096 3085 3059 3045 3043 3037
2991 3007 3020 3021 3043 3061 3086 3070 3077 3069 3089 3075 3074 3081 3100 3091 3081 3095 3088 3082 3092 3080 3093 3096 3082 3077 3090 3093 3087 3083 3091 3085 3088 3079 3089 3091 3076 3091 3086 3089 3094 3076 3098 3090 3096 3090 3083 3084 3084 3101 3097 3084 3096 3082 3095 3082 3090 3090 3084 3073 3062 3057 3033 3044
2994 3013 3019 3005 3022 3051 3093 3081 3082 3086 3077 3082 3087 3084 3090 3099 3093 3081 3098 3087 3086 3091 3097 3089 3093 3083 3086 3083 3107 3091 3085 3086 3087 3085 3090 3102 3084 3088 3090 3083 3082 3091 3096 3089 3105 3084 3074 3084 3089 3092 3086 3095 3089 3091 3089 3091 3092 3094 3082 3048 3047 3033 3034 3030
3009 3013 3017 3047 3048 3056 3074 3091 3074 3074 3088 3086 3091 3087 3091 3086 3093 3089 3085 3085 3085 3086 3096 3084 3098 3094 3091 3090 3101 3098 3094 3090 3096 3086 3080 3090 3085 3098 3090 3095 3084 3096 3099 3091 3103 3095 3093 3086 3096 3107 3100 3086 3093 3098 3101 3084 3081 3071 3051 3037 3032 3041 3016 3023
3010 3017 3028 3048 3067 3063 3086 3074 3078 3077 3081 3086 3087 3101 3091 3104 3093 3097 3090 3087 3082 3096 3083 3085 3092 3092 3102 3093 3090 3093 3100 3099 3098 3089 3095 3085 3084 3092 3078 3085 3087 3080 3096 3094 3090 3106 3096 3100 3092 3106 3084 3097 3091 3104 3097 3075 3077 3060 3038 3029 3012 3014 3021 3016
3011 3016 3042 3065 3061 3079 3090 3080 3079 3081 3074 3089 3083 3086 3081 3088 3092 3083 3078 3082 3091 3088 3079 3091 3085 3102 3108 3089 3083 3092 3100 3098 3087 3078 3075 3078 3082 3085 3079 3085 3082 3096 3103 3113 3106 3098 3093 3079 3096 3108 3105 3099 3092 3091 3087 3078 3055 3049 3040 3020 3022 3005 3018 3011
3020 3028 3062 3050 3070 3084 3077 3086 3086 3082 3098 3081 3088 3077 3095 3076 3080 3091 3083 3082 3079 3069 3076 3096 3089 3101 3093 3094 3093 3079 3074 3073 3085 3081 3065 3082 3080 3099 3088 3085 3085 3092 3103 3113 3100 3088 3098 3109 3105 3106 3100 3096 3087 3082 3080 3057 3047 3040 3028 3016 3013 3007 3009 2999
3035 3028 3048 3067 3071 3068 3088 3093 3093 3076 3091 3086 3082 3084 3092 3099 3095 3086 3074 3072 3074 3081 3090 3092 3110 3085 3087 3088 3096 3094 3075 3079 3072 3093 3087 3101 3104 3091 3092 3082 3076 3090 3102 3110 3097 3106 3106 3087 3092 3100 3097 3091 3082 3058 3044 3046 3029 3013 3027 3022 3021 3021 3005 3005
3026 3043 3046 3066 3074 3086 3091 3088 3088 3093 3101 3104 3086 3088 3091 3085 3080 3076 3083 3077 3069 3090 3109 3095 3104 3094 3083 3090 3093 3092 3072 3081 3081 3087 3100 3094 3101 3097 3089 3091 3078 3090 3092 3101 3105 3091 3091 3087 3092 3093 3093 3076 3055 3039 3028 3039 3021 3013 3019 3025 3014 3010 3008 3010
3037 3056 3063 3076 3090 3088 3079 3089 3073 3094 3085 3087 3080 3081 3091 3092 3082 3092 3072 3086 3080 3081 3094 3093 3103 3100 3090 3096 3107 3096 3084 3085 3080 3075 3087 3096 3091 3102 3085 3096 3101 3090 3096 3103 3086 3086 3084 3088 3079 3074 3057 3054 3048 3035 3036 3028 3023 3020 3011 3017 3007 3011 3006 3011
3038 3055 3080 3081 3080 3084 3080 3082 3081 3078 3092 3098 3092 3097 3090 3093 3103 3085 3089 3088 3087 3078 3098 3092 3084 3093 3102 3097 3073 3086 3111 3087 3083 3085 3085 3104 3103 3097 3098 3104 3099 3093 3097 3092 3097 3088 3090 3080 3068 3057 3049 3041 3039 3038 3034 3015 3024 3025 3021 3038 3025 3016 3024 3004
3047 3046 3054 3068 3082 3086 3090 3091 3079 3097 3087 3090 3095 3086 3086 3088 3086 3085 3093 3096 3099 3090 3084 3090 3092 3098 3099 3113 3091 3080 3092 3085 3082 3082 3099 3109 3091 3090 3091 3085 3086 3100 3103 3100 3102 3093 3087 3076 3072 3055 3057 3045 3036 3040 3043 3036 3040 3037 3040 3048 3034 3031 3018 3009
3061 3061 3077 3078 3086 3088 3072 3083 3077 3083 3073 3084 3089 3077 3080 3100 3085 3099 3078 3086 3096 3093 3082 3094 3097 3100 3081 3093 3085 3095 3082 3090 3084 3088 3093 3097 3081 3085 3064 3091 3084 3078 3089 3088 3102 3096 3069 3067 3068 3061 3062 3048 3049 3055 3055 3048 3045 3031 3048 3062 3053 3051 3025 3015
3071 3070 3082 3083 3077 3091 3087 3090 3093 3077 3077 3084 3075 3092 3093 3084 3093 3092 3089 3101 3085 3089 3100 3107 3100 3098 3088 3084 3093 3092 3096 3093 3089 3084 3089 3094 3101 3087 3089 3092 3097 3093 3091 3099 3076 3078 3071 3071 3056 3064 3056 3058 3050 3063 3057 3044 3049 3051 3047 3056 3061 3047 3043 3024
3095 3085 3075 3078 3080 3070 3078 3095 3080 3080 3083 3100 3080 3098 3084 3092 3107 3105 3093 3095 3083 3086 3104 3094 3101 3083 3098 3089 3096 3099 3096 3087 3086 3088 3103 3079 3085 3081 3080 3094 3095 3110 3092 3083 3070 3068 3071 3077 3068 3053 3053 3046 3054 3069 3069 3056 3056 3060 3063 3059 3060 3043 3041 3045
3087 3089 3080 3084 3075 3087 3076 3081 3072 3081 3077 3099 3082 3082 3094 3092 3085 3090 3094 3093 3102 3081 3089 3082 3092 3094 3108 3099 3093 3104 3108 3094 3092 3092 3088 3093 3088 3079 3086 3090 3099 3094 3080 3072 3076 3058 3069 3082 3070 3076 3058 3068 3067 3065 3053 3051 3049 3048 3059 3063 3053 3061 3054 3065
3080 3083 3077 3073 3075 3077 3087 3075 3085 3084 3097 3103 3084 3082 3087 3098 3078 3082 3081 3083 3088 3099 3082 3086 3089 3113 3094 3099 3103 3099 3096 3093 3080 3093 3093 3097 3086 3087 3080 3080 3094 3090 3077 3059 3064 3068 3067 3071 3073 3067 3067 3069 3064 3066 3062 3052 3059 3036 3052 3059 3056 3057 3056 3070
3090 3088 3092 3095 3097 3077 3082 3087 3084 3095 3098 3102 3094 3093 3092 3090 3080 3080 3090 3088 3095 3099 3099 3101 3111 3100 3103 3091 3099 3102 3089 3086 3085 3083 3096 3090 3084 3094 3093 3080 3083 3077 3071 3055 3080 3073 3071 3062 3062 3085 3072 3067 3073 3066 3059 3077 3058 3043 3051 3059 3057 3059 3061 3082
3088 3087 3096 3100 3105 3102 3070 3085 3091 3094 3104 3115 3085 3099 3097 3092 3093 3102 3110 3087 3102 3105 3108 3100 3096 3105 3097 3107 3104 3096 3098 3092 3090 3081 3101 3102 3098 3085 3086 3081 3075 3071 3064 3077 3080 3079 3071 3058 3063 3075 3073 3070 3054 3066 3071 3076 3056 3051 3051 3064 3038 3066 3070 3089
3087 3099 3091 3100 3096 3104 3086 3087 3091 3098 3095 3098 3098 3109 3093 3103 3095 3093 3091 3099 3112 3100 3105 3098 3093 3107 3100 3107 3086 3097 3092 3098 3098 3101 3093 3083 3095 3082 3082 3073 3069 3079 3080 3083 3084 3071 3071 3063 3066 3071 3079 3068 3071 3061 3064 3067 3060 3053 3045 3065 3056 3054 3079 3074
3094 3082 3093 3095 3076 3091 3097 3109 3101 3083 3093 3089 3120 3093 3095 3102 3091 3108 3095 3106 3101 3098 3096 3101 3091 3095 3093 3096 3091 3076 3080 3094 3094 3088 3081 3087 3101 3086 3086 3075 3074 3062 3076 3078 3076 3085 3062 3056 3064 3072 3076 3058 3058 3060 3056 3039 3060 3050 3051 3064 3062 3073 3067 3075
3092 3103 3104 3088 3104 3087 3105 3090 3079 3098 3099 3100 3123 3102 3098 3100 3107 3107 3094 3091 3083 3104 3104 3109 3102 3098 3092 3094 3083 3087 3080 3085 3079 3079 3068 3072 3082 3079 3077 3068 3074 3063 3073 3071 3077 3080 3067 3071 3063 3061 3072 3063 3071 3067 3062 3047 3062 3068 3064 3050 3067 3083 3074 3081
3131 3119 3093 3099 3097 3094 3089 3076 3084 3096 3104 3106 3105 3098 3089 3090 3099 3103 3109 3100 3083 3093 3103 3096 3090 3081 3093 3080 3083 3070 3086 3073 3062 3061 3068 3072 3071 3067 3074 3053 3058 3057 3073 3084 3077 3070 3084 3066 3071 3061 3065 3060 3047 3057 3068 3058 3067 3070 3059 3062 3077 3074 3076 3065
3109 3109 3100 3107 3098 3080 3086 3079 3080 3091 3096 3102 3091 3087 3107 3097 3102 3093 3101 3099 3089 3079 3099 3076 3088 3102 3089 3071 3087 3080 3069 3070 3069 3059 3061 3080 3068 3068 3078 3068 3076 3081 3054 3067 3076 3079 3072 3080 3074 3051 3070 3068 3076 3055 3058 3079 3064 3058 3064 3047 3063 3051 3071 3060
3102 3102 3105 3097 3093 3091 3098 3098 3087 3079 3091 3095 3105 3098 3102 3103 3103 3098 3084 3084 3086 3077 3076 3076 3093 3095 3082 3062 3067 3071 3073 3067 3064 3057 3062 3076 3074 3074 3072 3074 3091 3070 3068 3060 3049 3054 3061 3073 3065 3071 3064 3068 3079 3078 3081 3073 3071 3057 3049 3054 3060 3057 3063 3073
