3077 3062 3068 3048 3056 3052 3055 3060 3042 3058 3051 3064 3045 3050 3055 3051 3047 3056 3045 3053 3060 3054 3057 3056 3033 3024 3029 3043 3047 3053 3027 3029 3028 3026 3021 3022 3032 3039 3038 3038 3034 3022 3024 3023 3012 3021 3021 3028 3029 3042 3036 3032 3021 3017 3027 3019 3031 3024 3005 2997 2994 3020 3019 3014
3066 3068 3071 3055 3050 3054 3052 3054 3045 3049 3055 3049 3059 3043 3046 3042 3037 3032 3036 3032 3044 3038 3039 3041 3030 3040 3029 3033 3042 3043 3030 3029 3022 3031 3027 3019 3036 3019 3030 3040 3025 3030 3013 3025 3025 3028 3027 3024 3019 3034 3011 3014 3020 3027 3031 3022 3015 3008 3016 3018 3015 3022 3014 3023
3059 3065 3061 3063 3049 3065 3067 3047 3054 3053 3051 3053 3056 3046 3055 3041 3046 3026 3030 3033 3039 3044 3032 3033 3033 3036 3025 3036 3035 3026 3027 3025 3042 3035 3018 3020 3023 3029 3035 3017 3022 3021 3025 3018 3027 3026 3019 3010 3023 3029 3001 3014 3022 3015 3036 3030 3025 3009 2999 3022 3015 3027 3030 3028
3052 3067 3049 3066 3051 3057 3054 3063 3050 3050 3042 3048 3040 3046 3054 3030 3034 3039 3032 3039 3041 3025 3028 3038 3033 3021 3024 3023 3023 3020 3035 3023 3027 3030 3033 3034 3029 3017 3042 3039 3031 3031 3024 3022 3041 3026 3025 3030 3036 3024 3011 3017 3018 3035 3038 3039 3023 3005 3010 3022 3013 3022 3034 3016
3070 3048 3048 3059 3061 3057 3056 3055 3074 3048 3035 3034 3039 3049 3051 3035 3040 3023 3024 3029 3032 3019 3021 3026 3014 3013 3000 3015 3018 3035 3024 3023 3044 3030 3019 3029 3018 3035 3044 3034 3027 3045 3037 3041 3039 3033 3041 3030 3023 3025 3028 3024 3009 3024 3033 3016 3018 3010 3002 3016 3023 3016 3009 3015
3061 3054 3056 3056 3055 3063 3054 3063 3061 3045 3037 3037 3043 3037 3043 3032 3028 3037 3025 3028 3022 3036 3019 3030 3015 3008 3011 3028 3015 3040 3019 3021 3042 3031 3028 3027 3029 3026 3038 3027 3037 3028 3017 3032 3044 3041 3024 3025 3026 3026 3017 3023 3017 3028 3026 3017 3021 3009 3011 3019 3021 3018 3014 3009
3044 3048 3048 3049 3040 3049 3046 3050 3035 3047 3051 3041 3031 3035 3034 3037 3032 3040 3045 3025 3039 3029 3021 3030 3027 3020 3026 3021 3044 3035 3029 3034 3041 3029 3032 3028 3032 3047 3021 3028 3026 3020 3028 3016 3031 3035 3022 3023 3031 3023 3020 3024 3022 3025 3016 3020 3041 3014 3015 3027 3016 3005 3020 3015
3020 3025 3020 3024 3018 3013 3021 3020 3023 3015 3013 3022 3015 3010 3022 3010 3029 3004 3016 3014 3019 3030 3013 3014 3009 3006 3013 3033 3025 3022 3032 3023 3029 3032 3030 3032 3029 3031 3016 3028 3026 3021 3022 3029 3025 3030 3028 3032 3020 3017 3021 3033 3026 3021 3016 3015 3014 3023 3015 3015 3015 3006 3022 3018
2991 2989 2983 2981 2997 2996 2995 3001 2997 3004 2993 3010 2995 2994 2996 2999 3009 3003 3012 3005 2999 2998 2997 3008 3003 3008 3023 3016 3008 3011 3023 3018 3019 3013 3025 3016 3024 3015 3026 3039 3028 3034 3018 3026 3028 3030 3022 3036 3030 3026 3035 3018 3024 3014 3017 3011 3009 3021 3008 2998 3002 3011 3018 3050
2994 2990 2982 2993 2987 2980 2980 2992 3003 3000 3013 3015 3016 3009 3004 3004 3012 3000 3002 3009 3003 3014 3011 3007 3016 3017 3021 3019 3016 3023 3029 3027 3013 3033 3026 3027 3024 3025 3021 3016 3038 3027 3008 3023 3027 3040 3026 3029 3026 3031 3024 3025 3033 3038 3014 3020 3021 3005 3005 3013 3017 3018 3022 3029
2979 2982 2986 2982 2988 3002 2987 2991 3016 3039 3043 3027 3020 3016 3005 3005 3003 3001 2999 3010 3007 3011 3005 3019 3024 3030 3020 3042 3020 3026 3029 3032 3032 3027 3014 3027 3029 3031 3024 3026 3025 3036 3017 3040 3034 3039 3047 3030 3034 3034 3028 3038 3033 3028 3030 3035 3010 2997 3001 3003 3007 3016 3019 3014
2981 2998 2994 2985 2992 2997 3003 3003 3026 3046 3056 3039 3043 3021 3024 3011 3012 3007 2994 2995 2996 3008 3015 3019 3026 3045 3026 3034 3024 3029 3025 3032 3021 3028 3027 3047 3040 3024 3022 3030 3029 3032 3032 3044 3039 3041 3046 3047 3039 3043 3032 3033 3033 3025 3021 3018 3013 3009 3010 3016 3020 3025 3018 3021
2998 3010 3010 2993 3003 2994 3004 3026 3030 3049 3075 3073 3053 3060 3028 3035 3012 3003 3001 3002 2985 3004 3002 3017 3020 3024 3020 3044 3037 3025 3023 3028 3030 3032 3032 3029 3022 3018 3027 3031 3031 3037 3041 3056 3056 3049 3057 3053 3031 3031 3033 3032 3019 3019 3030 3032 3009 3017 3030 3023 3010 3018 3026 3007
2999 2983 3002 2995 2987 3000 2987 3016 3015 3030 3072 3066 3069 3065 3033 3033 3000 3007 2998 2999 2980 3010 3011 3009 3030 3040 3014 3033 3042 3037 3028 3040 3031 3026 3029 3025 3028 3033 3033 3033 3028 3038 3036 3042 3051 3061 3050 3050 3043 3026 3019 3030 3033 3020 3028 3030 3017 3023 3028 3024 3018 3009 3032 3027
2986 2982 2981 2996 2989 2997 2995 3005 3035 3040 3063 3066 3071 3062 3057 3046 3029 3007 2990 3009 3004 2998 3007 3023 3046 3031 3043 3043 3037 3043 3026 3029 3039 3026 3037 3037 3037 3026 3012 3031 3034 3031 3040 3037 3042 3060 3048 3052 3050 3044 3048 3037 3047 3048 3033 3031 3037 3022 3022 3025 3016 3016 3019 3025
2998 2995 3005 2990 2987 2992 2999 3000 3012 3031 3058 3074 3090 3074 3072 3054 3018 3014 2999 3016 3004 3010 3021 3018 3025 3044 3045 3035 3038 3042 3023 3024 3035 3042 3038 3034 3040 3039 3027 3025 3031 3031 3050 3053 3053 3060 3051 3055 3050 3035 3048 3044 3049 3046 3049 3039 3039 3023 3029 3032 3008 3021 3006 3023
3001 3011 3015 3010 3009 2998 2994 3005 3023 3053 3051 3074 3100 3093 3095 3065 3034 3033 3000 2995 3002 3016 3021 3021 3034 3041 3046 3052 3055 3042 3034 3035 3037 3036 3040 3048 3039 3040 3040 3030 3047 3029 3056 3056 3053 3065 3052 3046 3049 3035 3044 3059 3043 3050 3038 3046 3038 3031 3031 3023 3022 3010 3029 3040
3000 3016 3014 3000 2990 2985 2999 3010 3025 3043 3060 3078 3093 3099 3086 3076 3037 3023 3016 2997 3021 3003 3002 3032 3024 3046 3054 3044 3040 3040 3043 3028 3036 3051 3050 3032 3033 3030 3031 3037 3040 3044 3060 3061 3078 3076 3063 3081 3064 3059 3068 3058 3064 3055 3045 3053 3047 3043 3031 3027 3035 3018 3011 3031
2982 3000 3012 3004 3012 3005 3002 3000 3024 3041 3064 3080 3092 3100 3093 3074 3049 3035 3002 2995 2999 3003 3016 3036 3041 3039 3059 3040 3037 3034 3032 3044 3043 3039 3029 3040 3040 3052 3032 3050 3054 3073 3061 3071 3084 3091 3098 3084 3082 3072 3062 3064 3064 3064 3054 3059 3052 3058 3052 3037 3036 3031 3041 3056
2991 3003 3008 3011 3016 3018 3015 3009 3020 3046 3075 3082 3090 3086 3094 3081 3060 3031 3000 3002 3004 3008 3017 3024 3037 3060 3037 3059 3047 3049 3043 3044 3043 3046 3047 3030 3038 3053 3064 3044 3051 3065 3064 3083 3087 3092 3106 3096 3080 3085 3076 3078 3064 3049 3068 3071 3067 3079 3054 3053 3044 3035 3044 3038
3002 2996 2996 3016 3035 3017 3016 3009 3021 3033 3081 3086 3087 3099 3085 3082 3063 3026 2999 3012 2996 3010 3009 3013 3040 3051 3066 3060 3055 3058 3049 3040 3053 3045 3039 3048 3050 3052 3056 3067 3077 3076 3089 3076 3099 3089 3079 3085 3082 3089 3087 3083 3076 3088 3092 3083 3076 3094 3083 3085 3070 3037 3036 3021
2990 2999 3004 3013 3033 3023 3009 3010 3032 3060 3085 3078 3099 3096 3084 3069 3053 3032 2992 2991 2997 2993 3009 3014 3039 3062 3054 3059 3067 3048 3054 3064 3056 3047 3046 3057 3064 3069 3070 3073 3073 3080 3089 3094 3087 3080 3096 3096 3104 3079 3083 3089 3087 3109 3101 3088 3094 3089 3089 3079 3061 3070 3044 3041
2997 3008 3016 3022 3022 3012 3010 3014 3024 3038 3092 3077 3091 3084 3071 3068 3043 3017 3002 2997 3009 3014 3013 3040 3056 3059 3062 3059 3052 3060 3064 3059 3062 3074 3060 3073 3078 3080 3087 3087 3093 3093 3078 3088 3084 3103 3094 3098 3095 3089 3097 3090 3102 3102 3093 3089 3101 3096 3093 3072 3078 3067 3070 3060
3010 3007 3024 3010 3004 3012 3005 3018 3028 3059 3085 3092 3107 3075 3080 3066 3043 3027 3017 3001 3012 3007 3006 3031 3049 3065 3059 3077 3068 3062 3067 3069 3082 3079 3070 3078 3077 3087 3090 3091 3086 3083 3089 3081 3094 3078 3091 3097 3105 3082 3109 3103 3103 3082 3097 3097 3089 3095 3085 3087 3093 3102 3072 3081
3021 3015 3020 3025 3024 3023 3018 3010 3024 3066 3091 3096 3088 3086 3084 3078 3063 3037 3026 3009 2998 3018 3015 3030 3053 3071 3074 3078 3081 3072 3076 3073 3078 3077 3091 3081 3090 3106 3100 3093 3087 3088 3095 3088 3078 3093 3088 3075 3084 3091 3095 3115 3085 3102 3097 3094 3104 3091 3114 3092 3105 3081 3086 3091
3020 3025 3029 3022 3026 3005 3023 3026 3045 3072 3088 3092 3095 3084 3093 3091 3067 3048 3012 3010 3001 3022 3029 3033 3057 3069 3082 3072 3073 3087 3066 3083 3075 3089 3088 3091 3091 3095 3089 3084 3093 3092 3085 3094 3088 3097 3088 3073 3102 3099 3100 3097 3101 3098 3093 3086 3089 3104 3085 3102 3098 3104 3096 3083
3013 3019 3032 3012 3014 3009 3027 3051 3055 3080 3097 3088 3083 3092 3090 3092 3077 3043 3032 3018 3020 3035 3041 3051 3078 3084 3078 3080 3072 3083 3087 3078 3084 3083 3109 3107 3098 3095 3096 3082 3087 3078 3093 3091 3096 3102 3089 3087 3093 3099 3103 3111 3107 3096 3086 3095 3101 3096 3092 3099 3090 3095 3098 3082
3015 3027 3020 3007 3011 3023 3025 3043 3090 3094 3095 3085 3092 3090 3096 3090 3074 3069 3046 3037 3039 3043 3061 3077 3068 3080 3089 3074 3084 3085 3077 3081 3087 3090 3097 3101 3092 3096 3091 3093 3087 3096 3102 3104 3104 3088 3105 3090 3093 3087 3108 3106 3112 3098 3096 3095 3109 3101 3108 3096 3108 3100 3099 3102
3023 3018 3023 3024 3006 3010 3031 3060 3094 3092 3089 3085 3073 3085 3085 3102 3085 3080 3071 3061 3065 3066 3086 3074 3091 3089 3084 3092 3094 3095 3092 3079 3100 3099 3105 3091 3091 3100 3089 3082 3092 3092 3098 3101 3100 3100 3093 3099 3107 3099 3103 3100 3104 3100 3098 3101 3103 3107 3102 3107 3091 3085 3094 3093
3009 3010 3017 3019 3023 3015 3037 3060 3104 3105 3099 3090 3066 3078 3088 3090 3079 3080 3071 3087 3059 3070 3082 3092 3087 3087 3098 3085 3085 3088 3089 3083 3093 3089 3090 3074 3093 3091 3085 3096 3097 3088 3110 3095 3109 3106 3113 3103 3100 3093 3093 3088 3099 3108 3102 3094 3108 3103 3105 3102 3098 3099 3088 3101
3019 3024 3027 3020 3026 3027 3037 3056 3094 3084 3078 3086 3087 3079 3101 3093 3093 3095 3103 3092 3072 3079 3093 3089 3072 3081 3079 3074 3090 3073 3086 3088 3079 3078 3099 3091 3110 3107 3084 3092 3097 3093 3095 3089 3095 3084 3114 3098 3084 3094 3091 3102 3092 3097 3105 3099 3112 3110 3106 3109 3095 3096 3108 3094
3007 3013 3025 3031 3010 3038 3035 3063 3089 3106 3086 3087 3084 3081 3099 3088 3081 3093 3090 3096 3082 3087 3082 3090 3097 3067 3090 3075 3082 3088 3076 3085 3072 3085 3090 3088 3095 3100 3093 3081 3108 3092 3099 3089 3098 3095 3094 3079 3102 3080 3103 3102 3099 3096 3094 3088 3098 3097 3109 3108 3098 3101 3096 3080
3010 3015 3013 3020 3023 3022 3045 3074 3086 3102 3087 3099 3089 3092 3103 3097 3087 3080 3087 3096 3092 3080 3070 3082 3082 3086 3078 3089 3080 3085 3095 3082 3080 3084 3086 3090 3087 3093 3077 3094 3085 3094 3087 3092 3090 3088 3096 3099 3088 3097 3080 3094 3101 3099 3101 3095 3103 3100 3087 3094 3104 3089 3091 3075
3004 3018 3026 3027 3010 3037 3049 3068 3100 3084 3089 3090 3079 3086 3085 3082 3080 3086 3092 3085 3091 3086 3073 3087 3089 3089 3088 3081 3088 3081 3085 3074 3071 3082 3085 3076 3086 3077 3085 3096 3097 3091 3104 3096 3096 3101 3101 3090 3109 3103 3089 3090 3104 3107 3106 3095 3095 3095 3098 3115 3086 3087 3077 3073
3010 3011 3016 3008 3018 3028 3046 3074 3082 3084 3081 3084 3091 3094 3094 3076 3089 3084 3079 3087 3080 3083 3090 3082 3102 3085 3083 3092 3078 3082 3075 3075 3089 3087 3079 3078 3079 3083 3094 3084 3090 3096 3111 3099 3102 3086 3081 3095 3096 3095 3107 3099 3099 3102 3097 3090 3093 3106 3091 3090 3087 3085 3057 3055
3006 3021 3015 3011 3028 3031 3042 3081 3087 3086 3091 3084 3091 3087 3082 3087 3106 3090 3070 3085 3101 3085 3098 3083 3091 3102 3091 3081 3080 3080 3078 3082 3081 3076 3073 3079 3091 3083 3076 3087 3098 3101 3103 3098 3095 3095 3094 3094 3081 3103 3101 3094 3098 3091 3094 3091 3095 3108 3102 3102 3088 3070 3065 3038
3003 3016 2997 3026 3028 3044 3056 3062 3085 3079 3075 3086 3092 3082 3093 3079 3086 3078 3080 3073 3089 3096 3083 3090 3095 3104 3083 3082 3064 3075 3061 3075 3071 3089 3080 3079 3090 3091 3080 3087 3091 3081 3092 3092 3090 3093 3073 3095 3087 3100 3091 3086 3085 3095 3096 3095 3092 3102 3085 3090 3065 3064 3060 3050
3001 3014 3019 3016 3029 3055 3067 3073 3080 3083 3076 3085 3089 3100 3083 3087 3076 3069 3071 3087 3099 3091 3088 3095 3101 3078 3088 3094 3076 3082 3088 3074 3077 3075 3076 3090 3087 3092 3089 3079 3076 3092 3098 3087 3094 3087 3091 3088 3093 3085 3083 3085 3088 3106 3104 3094 3095 3097 3089 3093 3073 3045 3055 3048
3014 3022 3003 3020 3032 3056 3079 3090 3087 3088 3089 3068 3076 3077 3081 3085 3065 3083 3083 3080 3083 3087 3090 3095 3097 3088 3077 3085 3097 3084 3086 3095 3076 3091 3101 3087 3087 3074 3090 3088 3091 3099 3087 3088 3100 3104 3087 3088 3085 3089 3088 3090 3092 3101 3100 3094 3104 3092 3090 3099 3065 3056 3041 3040
3006 3011 3026 3019 3033 3049 3083 3088 3078 3084 3085 3080 3065 3084 3089 3082 3068 3077 3084 3089 3079 3092 3095 3094 3089 3072 3088 3085 3090 3097 3090 3082 3074 3087 3082 3097 3079 3103 3073 3093 3099 3093 3089 3098 3089 3096 3092 3097 3088 3097 3094 3095 3092 3105 3098 3090 3091 3081 3085 3080 3073 3047 3028 3035
2994 3001 3018 3024 3024 3049 3102 3081 3087 3073 3081 3077 3078 3092 3084 3085 3091 3085 3089 3088 3082 3082 3090 3086 3091 3101 3097 3089 3102 3099 3078 3081 3084 3086 3093 3098 3087 3088 3104 3092 3086 3082 3099 3083 3098 3097 3082 3093 3085 3095 3089 3092 3099 3108 3085 3102 3096 3096 3084 3062 3056 3032 3038 3033
3001 3001 3021 3026 3037 3071 3087 3078 3072 3071 3083 3082 3080 3095 3086 3087 3090 3089 3097 3097 3073 3090 3084 3099 3082 3089 3097 3095 3104 3095 3096 3088 3085 3083 3088 3100 3099 3085 3099 3092 3098 3081 3087 3101 3096 3083 3087 3093 3087 3083 3077 3098 3094 3095 3096 3073 3089 3096 3068 3059 3040 3041 3040 3026
3000 3016 3027 3029 3057 3086 3092 3084 3065 3083 3081 3072 3083 3091 3099 3089 3089 3107 3099 3089 3087 3080 3094 3088 3092 3084 3087 3088 3096 3090 3088 3099 3101 3077 3084 3087 3078 3089 3093 3091 3088 3085 3087 3098 3105 3082 3092 3100 3094 3083 3088 3078 3097 3083 3091 3090 3071 3082 3053 3041 3036 3027 3032 3021
3012 3012 3029 3038 3063 3075 3086 3078 3077 3084 3077 3082 3095 3094 3086 3107 3106 3096 3082 3080 3082 3086 3092 3092 3086 3096 3087 3097 3087 3088 3100 3100 3097 3086 3088 3085 3082 3095 3092 3082 3080 3098 3096 3101 3097 3098 3097 3097 3092 3105 3088 3087 3083 3096 3091 3084 3077 3053 3048 3019 3019 3031 3027 3006
3028 3027 3038 3058 3068 3073 3096 3092 3076 3074 3072 3085 3090 3070 3088 3085 3094 3082 3085 3085 3095 3087 3080 3063 3084 3089 3091 3090 3090 3088 3085 3081 3075 3087 3072 3084 3085 3091 3091 3080 3095 3085 3088 3108 3092 3098 3108 3106 3112 3102 3080 3087 3102 3079 3077 3066 3064 3043 3034 3030 3015 3003 3013 3006
3015 3041 3040 3049 3076 3081 3099 3091 3086 3095 3085 3087 3073 3083 3082 3094 3093 3079 3080 3074 3084 3084 3086 3086 3088 3098 3104 3099 3087 3092 3081 3075 3079 3078 3071 3078 3093 3097 3086 3075 3083 3100 3104 3103 3096 3106 3100 3107 3107 3096 3080 3087 3091 3095 3061 3057 3040 3036 3027 3016 3014 3007 3021 3010
3022 3040 3043 3067 3076 3076 3079 3084 3087 3096 3091 3085 3075 3094 3095 3089 3089 3081 3072 3080 3074 3070 3082 3103 3093 3094 3097 3082 3095 3084 3093 3071 3087 3083 3081 3087 3096 3096 3097 3093 3073 3088 3084 3106 3097 3096 3093 3095 3080 3103 3086 3085 3065 3059 3051 3048 3033 3020 3017 3022 3016 3015 3005 3007
3038 3046 3052 3065 3067 3092 3082 3081 3079 3090 3100 3094 3077 3088 3082 3084 3089 3066 3087 3071 3084 3078 3091 3092 3092 3097 3095 3079 3097 3085 3082 3082 3091 3080 3087 3095 3098 3095 3089 3077 3092 3093 3090 3101 3093 3105 3096 3088 3088 3085 3074 3080 3056 3044 3039 3025 3023 3021 3024 3028 3022 3008 3011 3019
3047 3042 3079 3070 3087 3081 3087 3088 3085 3090 3088 3091 3091 3077 3090 3094 3091 3090 3078 3085 3091 3098 3089 3107 3098 3092 3097 3097 3090 3090 3088 3100 3088 3091 3091 3082 3102 3099 3096 3093 3088 3095 3103 3095 3086 3091 3094 3084 3087 3082 3061 3042 3046 3033 3027 3024 3012 3014 3014 3026 3012 3020 3009 3001
3045 3058 3070 3088 3089 3083 3085 3076 3081 3081 3090 3092 3088 3094 3087 3106 3097 3094 3098 3084 3088 3086 3084 3097 3089 3083 3106 3113 3082 3088 3106 3089 3079 3086 3084 3083 3088 3091 3092 3096 3086 3099 3083 3091 3084 3075 3079 3078 3080 3056 3046 3057 3039 3040 3029 3034 3023 3028 3019 3031 3022 3013 3001 3009
3051 3060 3066 3077 3084 3094 3091 3095 3077 3083 3088 3083 3088 3078 3068 3084 3082 3094 3085 3087 3091 3080 3087 3101 3102 3102 3097 3091 3086 3098 3092 3093 3098 3079 3093 3092 3106 3095 3084 3087 3077 3083 3100 3092 3109 3091 3080 3071 3060 3065 3051 3040 3045 3048 3032 3034 3039 3029 3032 3037 3029 3035 3021 3027
3069 3056 3072 3080 3076 3081 3097 3083 3087 3091 3080 3070 3090 3082 3075 3084 3088 3081 3086 3082 3090 3100 3083 3100 3090 3093 3106 3099 3097 3091 3092 3085 3092 3087 3094 3106 3089 3096 3088 3084 3077 3091 3092 3091 3102 3098 3070 3062 3066 3055 3053 3059 3040 3053 3048 3057 3059 3042 3054 3044 3048 3054 3019 3024
3072 3077 3076 3067 3081 3085 3100 3086 3088 3085 3076 3081 3085 3081 3089 3092 3095 3076 3087 3085 3091 3089 3095 3087 3106 3096 3101 3085 3093 3092 3086 3079 3078 3093 3100 3093 3089 3096 3091 3099 3094 3094 3094 3105 3078 3082 3077 3061 3063 3057 3052 3057 3057 3054 3048 3054 3058 3059 3049 3055 3053 3045 3037 3029
3089 3085 3070 3086 3079 3083 3085 3079 3084 3084 3078 3088 3099 3095 3071 3095 3100 3098 3094 3079 3086 3100 3083 3091 3100 3099 3087 3097 3082 3091 3098 3094 3089 3092 3084 3092 3076 3083 3098 3101 3098 3093 3089 3077 3066 3067 3075 3065 3059 3050 3042 3046 3063 3074 3063 3050 3052 3065 3046 3055 3074 3044 3045 3038
3089 3070 3095 3071 3073 3082 3079 3083 3084 3082 3093 3086 3086 3078 3085 3095 3092 3093 3094 3085 3095 3084 3093 3093 3105 3100 3099 3083 3101 3085 3096 3084 3094 3102 3082 3089 3083 3087 3086 3092 3088 3089 3090 3068 3064 3064 3083 3068 3071 3060 3060 3061 3064 3068 3056 3058 3043 3057 3067 3045 3036 3048 3059 3052
3086 3079 3079 3090 3066 3083 3074 3074 3082 3094 3088 3090 3091 3093 3092 3086 3096 3083 3084 3089 3084 3090 3083 3096 3110 3105 3091 3091 3093 3101 3084 3096 3088 3090 3087 3107 3079 3094 3085 3073 3096 3081 3073 3063 3055 3073 3060 3059 3066 3075 3068 3077 3068 3057 3061 3057 3051 3040 3043 3063 3052 3047 3057 3070
3088 3082 3087 3087 3101 3083 3071 3081 3091 3089 3106 3088 3097 3092 3087 3087 3100 3088 3091 3099 3098 3089 3107 3101 3105 3105 3103 3110 3102 3096 3092 3091 3084 3090 3097 3096 3089 3094 3088 3087 3083 3088 3073 3077 3064 3079 3075 3070 3065 3070 3061 3078 3059 3071 3070 3072 3050 3036 3051 3046 3056 3057 3057 3080
3105 3099 3094 3105 3095 3091 3086 3085 3095 3089 3098 3103 3089 3096 3095 3106 3096 3098 3098 3099 3103 3110 3101 3099 3107 3092 3097 3089 3095 3094 3094 3089 3083 3097 3098 3102 3103 3089 3094 3075 3085 3064 3067 3076 3082 3075 3058 3065 3077 3075 3073 3064 3071 3085 3060 3072 3068 3048 3055 3053 3061 3065 3073 3085
3090 3096 3093 3099 3092 3095 3092 3101 3080 3091 3092 3094 3097 3089 3092 3104 3092 3095 3093 3098 3109 3109 3092 3096 3092 3112 3097 3092 3082 3099 3092 3100 3092 3086 3090 3089 3104 3093 3083 3089 3077 3077 3075 3075 3080 3072 3073 3060 3078 3080 3071 3054 3065 3054 3059 3054 3063 3053 3062 3058 3060 3076 3079 3078
3091 3095 3085 3097 3100 3096 3087 3094 3102 3087 3085 3097 3108 3093 3112 3104 3094 3103 3093 3097 3099 3116 3096 3090 3097 3098 3089 3094 3094 3093 3094 3106 3094 3083 3090 3082 3088 3084 3080 3077 3059 3064 3066 3076 3067 3072 3063 3074 3074 3071 3062 3080 3072 3063 3042 3073 3064 3052 3062 3061 3075 3063 3064 3077
3109 3117 3096 3106 3087 3088 3079 3091 3091 3090 3095 3106 3106 3103 3105 3101 3097 3101 3104 3091 3101 3100 3092 3091 3100 3103 3072 3086 3083 3089 3079 3082 3094 3079 3072 3071 3071 3080 3065 3082 3066 3066 3072 3088 3086 3074 3079 3074 3071 3063 3062 3075 3048 3064 3071 3062 3050 3066 3047 3065 3063 3070 3063 3078
3120 3112 3093 3090 3101 3092 3077 3075 3085 3083 3100 3096 3096 3108 3105 3103 3100 3107 3102 3103 3095 3080 3089 3094 3103 3095 3088 3086 3085 3088 3083 3083 3068 3070 3072 3071 3071 3066 3063 3069 3056 3061 3081 3071 3076 3076 3078 3080 3066 3065 3051 3049 3061 3059 3061 3052 3065 3052 3055 3060 3073 3079 3079 3061
3104 3110 3099 3100 3109 3090 3084 3082 3083 3091 3102 3096 3097 3102 3094 3090 3096 3110 3092 3088 3083 3093 3091 3088 3093 3096 3074 3084 3067 3073 3068 3083 3086 3074 3066 3062 3077 3060 3065 3066 3062 3060 3064 3064 3059 3071 3061 3060 3077 3062 3078 3050 3073 3073 3074 3062 3052 3064 3058 3051 3056 3056 3049 3074
3101 3094 3089 3100 3098 3088 3091 3084 3084 3091 3089 3103 3103 3090 3099 3102 3110 3100 3080 3074 3091 3069 3081 3085 3086 3086 3081 3083 3074 3057 3072 3073 3070 3063 3055 3065 3069 3074 3059 3080 3073 3082 3050 3060 3058 3070 3064 3060 3073 3089 3061 3064 3070 3087 3079 3067 3069 3057 3066 3056 3040 3051 3052 3067
