3063 3053 3070 3047 3046 3050 3059 3058 3055 3029 3056 3047 3057 3055 3053 3040 3046 3026 3026 3039 3033 3028 3028 3022 3031 3013 3012 3016 3023 3021 3016 3011 3022 3018 3018 3020 3009 3010 3011 3033 3030 3026 3017 3009 3013 3019 3015 3012 3016 3018 3031 3027 3026 3024 3018 3015 3020 3031 3042 3042 3021 3004 3006 3011
3054 3054 3058 3051 3046 3039 3052 3048 3027 3031 3028 3053 3024 3044 3053 3044 3038 3032 3030 3038 3013 3023 3021 3030 3023 3021 3004 3008 3017 3022 3027 3019 3017 3015 3024 2997 3008 3005 3011 3020 3023 3027 3030 3029 3022 3031 3029 3014 3019 3026 3029 3022 3020 3034 3030 3023 3018 3008 3008 3021 3002 3008 3012 3013
3030 3040 3035 3037 3056 3039 3027 3032 3039 3036 3041 3036 3029 3038 3051 3040 3028 3047 3033 3027 3011 3025 3010 3034 3020 3015 3020 3020 3023 3018 3021 3024 3020 3021 3019 3021 3021 3008 3002 3028 3024 3021 3014 3014 3017 3031 3023 3032 3030 3042 3028 3028 3031 3048 3009 3008 3017 3012 3008 3015 3017 2997 3007 3006
3041 3045 3046 3049 3043 3038 3031 3032 3035 3042 3035 3043 3034 3035 3034 3027 3013 3029 3032 3032 3018 3017 3017 3032 3021 3014 3027 3010 3014 3017 3027 3026 3020 2995 3013 3014 3011 3012 3020 3018 3016 3022 3024 3028 3017 3026 3022 3032 3031 3035 3011 3025 3037 3019 3020 3003 3011 3004 2995 3011 3010 2996 3004 3005
3042 3042 3046 3055 3055 3040 3040 3032 3037 3022 3026 3018 3043 3024 3010 3019 3027 3012 3006 3019 3021 3024 3017 3012 3008 3009 3021 3012 3018 3015 3018 3007 3013 3013 3002 3011 3013 3015 3012 3016 3013 3007 3008 3026 3027 3029 3029 3027 3027 3010 3015 3015 3029 3011 2996 2999 3009 3004 3006 3007 3009 3014 3015 3015
3035 3041 3033 3040 3048 3039 3037 3037 3031 3029 3028 3032 3027 3026 3013 3035 3009 3015 3019 3018 3034 3024 3015 3016 3015 3015 3015 3005 3015 3023 3014 3011 3010 3012 3010 3019 2999 3026 3007 3008 3005 3020 3008 3012 3022 3022 3014 3019 3020 3013 3008 3018 3012 3011 2996 3000 3011 3013 3009 3016 3009 3013 3017 3006
3016 3027 3035 3031 3028 3034 3038 3039 3033 3025 3027 3030 3033 3032 3029 3020 3025 3034 3013 3024 3023 3017 3017 3018 3013 3018 3027 3010 3024 3018 3026 3025 3004 3012 3005 3009 3021 3016 2994 3006 2997 3017 3011 3017 3008 3013 3018 3030 3029 3016 3024 3006 3004 3019 3010 3000 3008 3014 3008 2987 2999 2988 2988 2981
2994 2997 3004 3013 3022 2996 3001 2989 3003 3009 2993 3000 3015 3015 3000 2999 3004 3011 3004 2998 3004 2995 2999 2983 3002 3008 3006 3001 3016 3014 3012 3013 3004 2997 3007 2997 3006 3015 2996 2991 2995 3001 3013 3021 3010 2999 3007 3007 3025 3020 3008 3009 3017 3007 3007 3003 3003 2987 2998 2989 3004 3011 2981 2995
2964 2965 2957 2972 2979 2978 2969 2973 2966 2974 2966 2976 2982 2982 3000 2981 2988 2996 2983 2979 2993 2983 2975 2976 2993 2989 2987 3001 2987 2992 3002 2995 3009 3003 3000 2995 2989 2995 2990 2992 3008 3011 2995 2995 2994 3001 3007 3003 3000 3005 3016 3004 3017 3018 2995 2992 2997 3007 2999 2999 3001 2988 2997 2989
2969 2975 2980 2975 2976 2981 2982 2967 2976 2978 2975 2974 2984 2978 2990 2998 2979 2980 2976 2972 2990 2978 2998 2982 2986 2990 2983 2993 3002 2999 2992 2995 2993 2988 2991 3003 2987 2999 3001 2999 2990 3007 2989 2985 2992 3003 3009 2997 3000 3000 2996 3001 3012 3014 3004 2978 2997 2993 2998 2996 3008 3005 2993 2995
2967 2965 2992 2992 2988 2978 2989 2971 2974 2981 2978 2978 2974 2990 2988 2992 2989 2999 2992 2975 2980 3005 2999 3008 2991 2988 2998 2995 2989 3001 2994 2988 3001 2993 2981 2988 3002 3002 3013 3001 2995 2988 2995 2990 2992 3000 3003 3003 2995 2998 2995 3001 3006 3010 2992 2976 2988 2980 3008 3017 2993 2983 2974 2994
2971 2990 2991 2992 2994 2989 2981 2978 2975 2982 2980 2986 2976 2974 2992 2988 2989 2980 2992 3002 2998 3005 2996 2996 2989 2986 2991 3003 3001 2997 3011 2999 2990 2998 3010 2985 2997 3002 3004 3008 3002 2998 3000 3005 2994 3004 2994 2989 2982 2991 3004 3003 3008 3000 2993 2973 2992 2986 2997 3026 2985 2986 2989 3008
2960 2965 2985 2983 2988 2982 2983 2968 2981 2983 2983 2977 2989 2991 2985 2999 2991 2992 2984 3002 2996 2997 2983 2988 3004 2983 2982 2981 2995 2994 3004 3004 2996 3009 3007 3001 2997 3000 2993 3000 2994 2998 2996 2997 3004 3008 3005 2997 2993 2992 2995 2994 3005 3021 3010 2995 3000 2992 2980 2996 3006 2995 2981 2996
2962 2983 2989 2990 2984 2971 2981 2971 2979 2982 2982 2990 2973 2985 2999 2991 2990 2981 2994 2993 2993 3007 2984 3003 2998 2994 2984 2990 2990 3008 3010 3011 3004 2997 3001 3004 3000 3003 2992 3011 3000 2995 2995 2998 2991 3002 2998 2995 2995 2989 3002 2989 2992 3007 3001 2975 2999 3002 2998 3003 2992 3000 2987 2985
2974 2982 2983 2977 2980 2967 2979 2982 2986 2995 2994 2985 2970 2990 2979 2983 2987 2981 2993 2990 2993 2997 2985 2992 3002 2995 2999 2997 2996 3009 2995 2998 2992 3008 3003 2996 3004 3003 2997 3004 3004 2996 2995 3000 2997 2998 2993 2996 2991 3001 3001 2999 2999 2987 2995 2992 2991 3002 3008 2982 3002 3012 2997 3008
2979 2977 2997 2973 2974 2977 2976 2973 2984 2994 2969 2981 2993 2983 2992 2999 2980 3000 2993 2998 2990 2991 2990 2990 3002 2987 2995 2993 3000 2987 3002 3007 2996 3004 3004 2999 3012 3006 3006 2999 3005 3000 2987 2988 2994 2999 3002 2991 3000 2990 3003 2990 2993 2995 2990 2987 2999 3001 2991 3003 3001 2995 2995 3004
2990 2995 2993 2993 2988 2984 2996 2991 2989 2990 2991 2988 2977 2984 2983 2994 2994 2996 2999 3001 2988 2997 2992 2997 2989 2980 2995 2982 2980 2989 2993 2994 2983 3014 2996 2985 2979 2992 2993 3000 2987 2992 2981 2996 2997 3002 3001 2991 2992 2984 3007 3000 2986 2996 2989 2995 2999 3002 3002 2995 2981 2981 2993 3003
2991 2995 2995 2982 2986 2998 2993 2990 2992 2997 2999 2999 2983 2992 2994 2988 2983 2999 2992 3004 2978 2991 3000 2984 2980 2984 2988 2995 2997 3003 2995 3000 2998 2980 2994 3005 2994 2996 2992 2999 2986 3008 2991 2995 3002 3001 2995 2997 2997 3000 3000 3013 3005 2985 2997 3005 2997 2999 2990 2982 2984 2992 2994 2994
2993 2993 2992 2992 2988 3003 2992 2991 2985 2988 3008 2985 2990 2988 2990 2976 2984 2987 3000 2988 2990 2987 2985 2994 2997 2986 2990 3011 3010 2999 3004 2997 2989 2988 3012 3005 2995 3001 3009 3008 2993 2991 3002 2992 2997 3003 2989 2998 3001 2988 3008 3015 3014 2998 2983 2999 3000 2992 2996 2986 2983 2989 2996 2997
2990 3003 2992 2985 3000 3003 2995 2995 2996 3000 2993 3000 2988 2989 2990 2983 2987 2996 2986 2997 2991 2994 3011 3002 3004 2991 2989 2991 3004 2997 3007 3009 2981 2971 2988 3004 2996 2996 2988 2981 3000 2997 2989 2998 2999 2995 3004 2990 2997 2997 3000 2997 2996 3011 2985 2995 2988 2979 2990 2995 2993 3000 2997 2994
2993 3002 2994 2985 3000 2984 2987 2999 2987 2988 2993 2992 3003 2988 2992 2984 2971 2975 2983 2995 2999 2997 2999 2999 2993 2985 2994 2993 3005 2996 3006 3002 3001 2990 2994 2991 2992 2999 2996 2993 2994 3010 3005 3016 3004 2997 3000 3004 2993 3010 2996 2998 3008 2993 2984 2991 2988 2994 3001 3016 2996 3005 3003 3004
3001 3003 2994 2986 2998 3006 2988 2977 2996 2998 2989 2976 2991 2997 2992 2987 2987 2986 2982 2981 2984 2996 2994 2998 3002 3000 2996 2999 3014 3003 3006 3002 2994 2992 2993 3006 2991 2990 2989 2994 2989 2993 2989 3007 3004 2993 3006 3001 3004 2986 2990 2993 2994 2993 2989 2989 2982 2994 2997 2996 2994 2993 2988 3006
3001 3003 3012 2992 3001 2996 2997 2992 2996 2985 2999 2995 2994 2994 2988 2998 2976 2991 2982 2988 2998 3008 3005 2994 2990 2983 3003 2999 3016 3000 3002 3000 2992 2989 2995 3005 3002 2994 2995 2988 2999 2997 2995 3006 3007 3008 3001 3006 2996 2973 3000 2993 3000 2986 2978 2998 2988 2996 2997 2998 2995 3005 3004 2988
2992 3000 3002 3006 2989 2991 2991 2999 2997 3004 3006 2990 2995 3004 3002 2999 3001 2983 2993 3001 2989 2999 2994 2991 2989 2987 2986 3015 3002 2997 3005 2997 2987 3004 3003 3002 2992 2992 2984 2990 2998 2992 2997 2994 3006 3020 3002 3006 2994 2995 2998 3012 2994 2985 2999 2989 2992 3007 2999 2988 2992 3004 2995 2989
3000 2996 3002 2996 2991 2990 3003 3001 3000 3003 2997 2997 2995 2996 2997 2986 3002 2992 2997 2988 3001 2993 3020 2994 2996 2998 2992 3001 2991 3010 3017 3003 3010 2992 3007 2983 2987 2989 3003 3006 3000 2980 3000 2988 2999 3002 3007 3005 2990 2989 3001 3006 2993 3003 2996 2994 2988 2987 3001 3002 3005 3011 3006 3007
2996 2993 3000 2991 3001 2988 2994 2996 2993 2995 2998 3012 3000 3001 2997 3009 2997 3008 3000 2997 2983 2998 2987 2987 2996 3010 2999 2998 2986 2992 2992 2998 3018 3016 3011 3008 3001 2989 2998 3000 3008 3011 2996 2992 2997 3003 2990 2988 2993 3004 3004 3009 3003 2991 3000 2998 2985 2995 2994 3011 3009 2999 2999 2997
2997 3000 3001 2992 2989 2992 2987 2998 3008 3001 3002 3013 3001 2991 2995 2993 3005 3018 2999 3004 2994 2996 2998 2993 2992 2999 2987 2986 2988 2994 2999 3000 3007 2997 3007 3003 2999 3008 2993 3000 3003 3015 3004 2995 2998 2993 2996 2993 2997 2986 3012 3001 3014 3011 3007 3000 3000 3008 2999 2991 3012 3005 3004 2986
3001 2999 2994 2991 2997 2998 2988 2998 2996 2993 2990 2991 2996 2995 3004 2996 3020 2994 2999 2999 2995 2997 2992 2981 2997 2992 3005 2989 2999 3002 3010 3002 3010 3007 2996 3001 2998 3010 3000 3005 3022 3011 3005 3010 3004 3009 3006 3000 2991 2998 3003 3005 2998 3005 3001 3008 3001 3011 2999 3007 3015 3006 3000 2989
3006 3014 2994 2990 2991 2993 2991 2992 2984 2994 2997 3006 2999 3011 2997 2991 2997 3002 3009 2996 3006 2996 2995 3001 2994 3000 2997 2993 2999 2998 2998 3002 3000 2994 3008 2991 2993 3008 2998 3004 2999 3005 3011 2996 3005 2988 3005 3014 2996 3012 2998 2997 3001 2989 3005 3008 3006 2999 3001 3009 3002 3001 3003 2994
3010 2999 3007 3005 2994 2996 3000 2996 3005 2986 3002 2997 3012 3003 2996 2997 2997 3010 3003 2999 2991 3007 2996 3000 2997 3001 2994 2996 3004 3008 3006 2999 2997 2992 2998 2999 2998 3008 3004 2992 3000 2996 3000 3004 3018 3010 2993 2999 3005 3002 3006 2997 3008 3009 3009 3003 3006 3011 2991 3009 2993 2988 2994 2997
2990 2995 3005 2998 2985 2992 2990 3006 2995 2991 2998 3004 3003 3005 3008 2997 3011 3002 3000 3011 3002 3005 3000 3004 3007 2999 3016 3012 3006 302 3000 3012 3005 3005 3009 3003 2994 2987 2994 3005 3003 3018 3008 2997 2994 3006 2993 3007 2994 2987 3003 3001 3013 3001 3004 2993 3006 3008 3008 3007 3000 2991 2996 2983
3000 3005 3007 2994 2996 3006 3002 3010 3003 2995 2994 3007 2984 3003 2995 2998 2992 2998 3000 3011 2998 2999 3001 3009 2989 2998 3003 3007 3005 3004 3002 2997 3000 2992 2992 2991 2987 2988 2992 3002 3000 3012 3006 3002 3006 3001 3000 3001 3000 3002 3000 2993 2999 3003 2999 3006 3005 3008 3006 2997 3002 3007 2989 3004
2997 3003 3000 2998 2996 3005 3011 3001 2984 2994 2994 2994 2991 3001 2993 2986 3003 3001 3011 3007 2993 3018 3008 2994 2999 2999 3003 2995 2995 3001 3000 3010 2993 3004 2993 2988 3004 3006 2989 3014 3007 2996 2993 3006 2994 2998 3003 3011 3010 2998 2994 2998 2997 2994 3006 2994 3010 3004 2992 2997 3004 2996 3004 2992
2994 3001 2999 3001 3001 3013 3004 3005 2999 2991 2985 3000 2997 3011 3003 2990 2991 2987 2998 3003 3016 2994 3005 3004 2990 2999 2991 2991 2998 3001 3000 3002 2994 2994 2999 3010 2996 3001 3012 3000 2997 2991 3005 3008 2998 2995 3003 3000 2992 3014 3000 3001 2996 2994 3016 3006 3000 3007 2994 2987 3003 3001 3003 2990
2995 3007 3001 3000 3006 2998 3016 3006 3000 3004 3014 3003 3004 3005 3015 3015 3012 3010 3003 3007 3009 3010 2995 3007 3002 2995 2998 2976 2995 2991 2982 2989 2992 3000 3002 3019 3014 3003 3005 3001 2990 3003 2999 3016 3010 2992 3002 3010 3003 3012 3003 2998 3003 2994 3002 3001 2999 3014 3000 2987 3010 3008 3006 2999
2988 3001 3000 3012 2995 3002 2996 3004 3002 2999 3012 3005 3007 3008 2996 3015 3015 2999 3011 2989 3005 3010 3022 3005 3004 3011 3007 3006 2993 3011 3002 3006 2986 2998 2997 3012 3013 3000 3007 2997 3006 2992 3008 3004 3004 2999 3014 2993 3008 3010 3010 3002 2996 2995 3000 3005 2998 3011 3005 2985 2993 3004 2999 3002
2984 3006 3017 2994 2992 2994 2997 3004 2995 2996 3007 3008 3002 3013 3005 3012 3005 3002 2996 3003 3000 3012 3001 3008 3006 2983 3011 3001 3001 3004 3010 3001 2994 2993 2996 3017 3003 3002 2990 3005 3002 3003 2994 2999 3006 2987 2996 2996 2999 3005 3002 2990 2999 3010 2993 3007 3003 3002 2997 3003 3002 3009 3013 3015
2997 2987 3001 3006 2982 2987 3009 3012 3011 2998 3008 3005 3001 2994 3002 3007 3012 2993 2986 2993 2988 3023 3005 2991 3008 3004 2999 2986 3011 3010 3006 2996 2985 3000 3012 3012 3003 2992 3009 3014 3013 2999 3008 2985 3002 3005 3013 3004 3000 2999 3006 3002 2998 3008 3012 2996 3006 3010 2994 2991 3006 2996 3009 3001
2982 2991 2995 2993 2988 2994 2993 3004 3000 2997 2985 2985 2982 2999 2996 3009 2991 3001 3003 3004 3015 3009 3019 3008 3014 3015 3010 3005 2990 3000 3000 3004 2999 3002 3000 3006 3003 3002 3007 3012 3000 2988 3001 3002 3003 3009 2994 2994 3002 3001 3009 2996 3003 3001 2995 2987 3009 2997 3002 3004 3000 2998 3000 3014
3008 2996 3005 2990 2996 2996 2990 3003 2987 2996 2996 2980 2997 2984 2999 2988 3001 3008 2988 3004 3003 2997 3002 2994 3012 3006 2993 3000 2997 2997 3001 3009 2997 2996 3012 3007 3004 3005 3013 3016 3008 2990 3004 2997 3023 3016 3011 3002 3011 2999 3005 3006 2994 2996 2991 2997 3001 3003 3007 3010 3005 2995 3007 3002
3000 3002 3003 3003 2981 3002 3002 3005 3006 2997 3004 3000 3006 3001 2995 3002 3003 2988 2998 3002 3011 2997 3001 2999 2991 2998 3002 2982 2994 3001 3003 3001 2999 2990 3012 2998 2998 3010 3006 3003 2996 2995 2997 3012 3006 3005 3008 3003 3008 2994 2998 2993 2994 2992 3004 3002 2997 2998 3000 2986 2984 3005 3002 2996
3000 2999 3002 3007 3003 2998 3004 3011 3005 2996 3004 2996 2996 3013 3005 3006 3008 3004 3004 3000 3010 2995 2988 2987 3002 3002 3000 3001 3003 2993 3005 2998 2999 2990 2993 3007 3006 3016 2988 3001 2993 3007 3019 3016 3000 3003 3002 3003 3010 3012 2998 2994 3007 2981 2997 2996 3006 2994 2990 2998 3000 3004 2991 2990
3005 3004 2990 3004 3006 3001 3004 3011 3000 3002 3008 3012 3003 3007 2997 2999 3006 3010 3005 3000 3012 3006 3020 3011 2995 2999 2989 2994 3003 3004 3010 3003 2987 2997 2992 2989 2998 3002 2995 3012 2987 3004 3012 3006 2999 3007 3006 3011 3009 3011 3006 2993 2996 2992 3011 3000 3001 2995 2996 3006 2987 3004 2998 2991
3001 2986 2998 3005 3002 3005 3019 3004 3025 3004 3009 3006 3005 3014 3000 3010 3009 3007 3006 2988 3018 3014 3010 3015 3002 2998 3004 3011 2992 3001 2999 2994 2990 2977 2992 3016 2998 3006 3024 3002 2998 2999 2999 3005 3014 3007 3000 3016 2994 3007 3005 3001 3001 3000 3003 2994 3006 3011 2993 2993 2997 2994 2995 3021
2995 2996 3007 3001 2999 2991 3000 3004 2999 3006 2998 3012 3002 3010 3011 3005 3012 3005 3001 2996 3009 3005 3013 3008 2992 3005 2985 3001 3010 2985 3004 2995 3010 2988 2999 2993 2990 2996 3023 3009 3004 3000 3013 3013 3004 3007 3016 3008 2990 2980 2994 3008 3008 3006 2996 3000 3010 3017 2999 2997 2996 3008 3016 3001
2993 3004 3001 2994 3002 3010 2998 2992 2999 2990 3002 3008 3012 3007 3009 3010 3014 2995 2997 3007 2997 3009 3001 2995 3009 2999 2997 3011 2992 2999 2988 3004 2998 3006 2995 2991 2996 2989 3003 3019 3012 3009 3023 3007 3005 3000 3015 3005 2994 3002 3000 3000 3013 3020 3006 3000 2988 3006 2990 3001 2999 3012 2998 3007
2998 2986 3006 3004 2996 2980 3012 3009 2997 3005 2998 3003 3014 3009 3002 2999 3011 3004 3010 2996 3009 2998 3007 3008 3002 3000 3007 2987 3006 2992 3001 2993 2994 3007 3006 2999 2997 3012 3011 3015 3005 3010 3012 3007 3005 2998 2997 2997 3003 3010 3011 3015 3012 3005 3000 3001 2995 2986 2992 2999 3020 3017 3014 3005
2977 2991 3003 2979 2986 3005 3003 2994 3001 2999 3007 2999 3017 3013 3027 3003 3003 3000 3003 2996 3004 3001 2996 3010 3003 2988 2997 2995 3012 2999 2996 2997 3001 2996 2996 3025 3004 3019 3017 3007 3000 3002 3003 3023 3001 3008 2993 2998 3019 3000 3006 3005 3008 3007 2996 2999 2989 2997 3007 3003 3008 3014 3013 3013
2988 2998 3008 2994 2980 2998 2988 3005 2997 3007 3014 3022 3009 3011 3001 3007 3000 2991 3010 2995 3004 2993 3001 3005 2996 3001 3009 3005 2998 3005 2994 2991 3004 2991 3014 3008 3008 3019 3012 3003 3013 3001 3010 3006 3014 3001 3011 3002 3007 2988 3012 3000 3002 2990 2993 3000 2994 3009 3002 3012 3013 2998 3001 2996
2986 2996 3008 3002 2989 3003 3000 2993 2994 2995 3014 3021 3010 3008 3018 3005 3001 2998 2999 3003 3023 3004 3005 2994 3003 3003 3001 3008 3001 3004 2993 2993 3000 3021 3008 3006 3011 3011 3006 3006 3017 3005 3009 2993 3006 3006 3007 3008 2993 2998 3019 3019 3005 2992 3000 2996 3002 3008 3007 3008 3008 3003 2997 2997
2992 2990 2990 3001 2996 2998 3013 3001 3006 2992 3017 3001 3024 3005 3001 3008 3003 3009 3005 3020 3004 3010 3003 3002 3002 3018 3008 3016 2995 2992 3001 2998 3006 3004 3010 3004 3021 3032 3020 3010 3004 2998 3001 3002 3017 3010 3006 3013 3000 2999 3015 3017 3008 3001 2996 2989 3008 3008 2994 3007 3001 3001 3003 3005
2989 2992 3004 3006 3000 3001 3014 2992 2991 3000 3001 3001 2995 2999 3012 3009 3016 3014 2988 3010 3019 3020 3006 3001 3009 3017 3022 3021 3007 3001 2996 3003 2996 2999 3012 3025 3024 3029 3015 3021 3004 2998 3005 3005 3003 3016 3025 3003 3000 2998 3006 3006 3000 3004 3006 2994 3002 3007 3004 2994 2995 2992 3015 3005
2984 3001 2986 2992 2990 2983 2996 3004 2999 2993 2999 3005 3001 3004 3011 3013 3008 3014 3007 3002 3009 3015 3006 2994 3010 3012 3002 3011 3005 3001 3005 3009 3006 3019 3027 3018 3026 3029 3007 3017 3010 3005 3003 3016 3005 3007 3013 3013 3002 3010 3004 2994 2999 3010 3008 2995 2986 2989 2989 3011 3009 2992 3014 3006
2986 2987 2994 2993 2993 2986 2986 2999 2997 2999 3001 3002 3000 2998 3005 3022 3019 3017 3010 3007 2987 2996 3015 3021 3019 2999 3005 3007 3006 3006 3007 3014 3028 3006 3009 3027 3025 3028 2990 3007 3011 2989 2999 3001 2995 3005 3020 3021 3017 3011 3003 2990 2994 3002 3006 2990 2992 2988 2991 3002 2994 2981 2981 3006
2999 2997 2981 2987 2985 2999 2992 3002 3005 2997 3004 2989 2983 3002 3004 3011 3019 3020 3003 3004 3005 3005 3013 3013 3002 2994 3010 2984 3023 3008 3016 3002 3011 3009 3007 3013 3013 3015 3006 3000 3012 2991 3001 3010 3000 3001 2992 3002 3008 3001 3011 2991 3005 3001 3007 2998 2982 2990 3003 3006 2993 3008 2993 2997
2988 2984 2993 2983 2973 2995 3010 3015 3004 2991 2986 2989 2993 2998 3000 3013 3004 3012 2990 2996 3006 3009 3014 3003 3006 3006 2994 3002 3005 2996 3018 3002 3000 3001 3015 3036 3021 3012 3013 3005 3015 2974 2991 3003 3007 3016 2997 2998 2995 2999 3005 3000 2992 3009 3001 2990 2990 2998 3003 3009 3013 3017 3007 2994
3004 2992 2994 3003 2996 2997 3001 2989 2985 2986 2994 3002 2991 3006 3013 3021 3014 3017 3027 3018 3006 3008 3002 3015 3002 2989 3014 3009 2998 2996 3009 3004 3015 3014 3023 3031 3022 3012 3011 3005 3006 2995 3007 3004 3007 3012 3005 3005 3009 2998 3008 2995 3005 3002 3002 3005 2997 2999 2990 3005 3007 2993 3005 2998
3030 3013 3006 2994 2996 3009 3003 3002 2995 2996 3015 3023 2995 3019 3005 3015 3026 3024 3033 3021 3020 3010 3018 3018 3005 3008 3015 3003 2997 3023 3000 3010 3007 3003 3017 3017 3022 3014 3012 3006 3014 3022 2997 3008 3001 3015 3000 3007 3018 3001 3007 3010 2990 3005 2995 2996 3001 2992 3001 3007 3004 3005 3003 2996
3001 3003 3002 3004 3006 2991 3000 2998 3000 3009 3012 3018 2996 3024 3008 3003 3011 3021 3018 3015 3014 3018 3013 3021 3004 3002 3021 3016 3009 3016 3017 3018 3016 3019 3031 3025 3016 3009 3023 3018 3019 3007 2997 3005 2997 2992 3020 3006 3011 2997 3004 3016 3000 2978 2996 3015 3001 2999 3005 2988 3000 3006 3005 2993
2980 2991 3009 3012 3018 3021 3015 3021 3005 3011 3019 3011 3000 3011 3031 3021 3010 3011 3012 3009 3003 3016 3029 3017 3011 3015 3006 3025 3020 3010 3016 3013 3027 3023 3027 3018 3030 3026 3007 3011 2995 3003 3005 3007 3009 3023 3018 3016 3016 3016 3022 3011 2997 2995 3014 3015 3004 3002 2999 2991 3007 3016 3015 3009
2985 3001 2991 3008 3011 3016 3000 3002 3004 3017 3019 3015 3009 3010 3021 3019 3014 3015 3007 3007 3008 3009 3031 3015 3010 2997 3010 3017 3015 3011 3038 3029 3029 3015 3025 3020 3023 3005 3009 3011 3009 2998 2989 3008 3006 3030 3022 3029 3022 3018 3010 3015 3000 2997 2993 3013 2998 2995 2989 2999 3001 3008 2991 3003
3007 3008 3008 3015 3023 3012 3007 3013 2997 3025 3025 3013 3002 3029 3022 3025 3026 3024 3014 3015 3008 2998 3005 3002 3003 3020 3008 3019 3017 3030 3030 3019 3011 3006 3004 3005 3009 3007 3003 3001 3013 3003 2987 3002 3004 2993 3020 3023 3028 3009 3010 3011 3002 2988 3000 3009 3001 3008 2999 3010 3010 2997 3000 2998
2994 3007 3001 3004 3005 2997 3018 3021 3022 3014 3016 3014 3010 3005 3025 3016 3008 3008 3007 3007 3006 3009 3017 3011 3006 3009 3016 3008 3011 3021 3032 3030 3012 3016 3018 3011 3012 3024 3007 3007 2990 3002 3011 3005 3022 3032 3042 3037 3022 3021 3005 3003 3008 3001 3001 3010 3000 3005 3002 3010 2998 2993 3000 3009
2990 3009 3012 3020 3003 3010 3017 3030 3009 3012 3000 3008 3005 3000 3000 3024 3011 3019 3007 3024 3013 3011 3022 3022 3005 3006 3005 3009 3016 3010 3019 3016 3008 3009 3011 2997 3012 3013 3029 3003 2989 2999 3014 3008 3031 3032 3035 3032 3027 3002 2998 2996 3005 3001 3002 3015 3006 3017 3018 3018 3000 2991 3000 3022
