3057 3063 3045 3057 3054 3043 3034 3044 3049 3055 3050 3055 3041 3042 3035 3035 3051 3048 3048 3029 3018 3026 3035 3049 3046 3035 3034 3034 3032 3032 3021 3022 3020 3011 3030 3027 3026 3032 3023 3029 3022 3023 3016 3031 3037 3026 3027 3023 3018 3032 3030 3022 3037 3030 3040 3032 3041 3029 3024 3026 3012 3015 3030 3026
3057 3057 3052 3057 3039 3047 3038 3045 3049 3047 3057 3038 3042 3051 3032 3029 3046 3035 3036 3034 3025 3027 3048 3046 3024 3036 3036 3028 3028 3033 3017 3029 3020 3019 3035 3035 3046 3038 3024 3033 3032 3041 3038 3029 3029 3022 3021 3026 3037 3035 3042 3017 3026 3023 3032 3029 3030 3021 3025 3019 3033 3024 3036 3032
3032 3054 3043 3039 3042 3037 3059 3042 3048 3042 3051 3045 3053 3053 3027 3022 3037 3031 3035 3053 3032 3046 3051 3040 3026 3027 3042 3040 3034 3035 3038 3036 3035 3029 3044 3039 3048 3056 3040 3035 3026 3047 3035 3038 3024 3027 3020 3028 3031 3038 3034 3023 3029 3017 3029 3008 3007 3006 3007 3013 3023 3046 3041 3034
3047 3042 3053 3043 3040 3049 3051 3055 3052 3034 3047 3035 3038 3018 3033 3045 3041 3034 3042 3030 3045 3036 3030 3038 3025 3027 3041 3035 3026 3030 3031 3034 3030 3029 3033 3029 3038 3023 3028 3024 3030 3031 3027 3039 3035 3018 3018 3020 3026 3040 3032 3033 3029 3026 3028 3027 3020 3009 3023 3012 3026 3028 3022 3010
3035 3047 3058 3044 3055 3051 3056 3052 3045 3048 3038 3051 3028 3036 3038 3024 3039 3028 3013 3031 3025 3033 3018 3028 3030 3021 3029 3044 3039 3038 3028 3023 3025 3010 3031 3015 3015 3016 3017 3026 3022 3040 3027 3026 3027 3009 3019 3024 3022 3026 3018 3021 3021 3023 3022 3024 3014 3013 3014 3009 3016 3028 3009 3007
3050 3049 3047 3047 3042 3034 3048 3049 3035 3032 3023 3032 3019 3041 3029 3037 3034 3037 3031 3020 3029 3019 3018 3031 3024 3020 3023 3030 3041 3027 3036 3016 3024 3032 3023 3011 3019 3019 3021 3031 3025 3019 3026 3021 3016 3019 3018 3025 3037 3022 3031 3018 3007 3011 3014 3030 3027 3017 3026 3024 3027 3029 3030 3030
3043 3053 3036 3045 3045 3039 3032 3038 3044 3032 3022 3037 3016 3019 3020 3026 3018 3029 3021 3020 3029 3021 3020 3034 3031 3026 3025 3020 3024 3022 3030 3021 3017 3020 3006 3013 3026 3021 3014 3015 3018 3014 3010 3013 3018 3015 3027 3012 3007 3013 3004 3021 3006 3016 3026 3035 3024 3022 3022 3031 3023 3030 3047 3042
3011 3014 3011 3020 3008 3018 3005 3001 3013 3018 3004 2990 3015 3005 3011 3013 3021 3004 3002 3021 3020 3009 3003 3013 3023 3006 3014 3006 3011 3014 3008 3013 3015 2998 3010 3010 3015 3017 3013 3008 3023 3009 3011 3006 3010 3019 2998 3004 3015 2998 3009 3007 3022 3015 3018 3014 3018 3025 3025 3033 3031 3042 3025 3037
2955 2985 2993 2996 2981 2972 2981 2977 3006 3002 2991 2980 2987 2986 2994 2996 2999 3002 2998 2984 2997 2990 2999 3000 2989 2988 2995 3006 3007 2998 2995 3006 3000 3005 3001 2989 2997 2991 2997 3006 3002 3010 3009 3003 3027 3010 3018 3004 3014 3002 3017 3026 3013 3029 3013 3001 3001 3019 3009 3030 3034 3023 3012 3033
2967 2977 2978 2981 2974 2977 2974 2980 2976 2994 2994 2976 2989 2988 2963 2993 3000 2992 3003 2987 2999 3004 2998 3008 3006 2994 2998 2999 2998 2986 2987 2996 2998 3008 3008 3001 3002 3006 3002 3016 3013 3012 3005 3029 3018 3006 3008 3005 3016 3017 3021 3017 3027 3024 3010 3012 3019 3032 3034 3023 3035 3035 3034 3039
2969 2980 2969 2975 2972 2977 2968 2978 2993 2991 2975 3000 2984 2967 2984 2971 3007 2997 2993 2994 2992 2995 2995 3011 2994 2999 2979 2994 2988 3001 2993 3002 2996 3012 3013 3000 3005 3007 3006 3017 3008 3010 3001 3018 3015 3017 3010 3012 3017 3030 3018 3024 3023 3028 3021 3027 3023 3025 3022 3022 3040 3031 3036 3036
2978 2981 2973 2967 2976 2967 2984 2986 2980 2997 3004 2997 3003 3000 2992 2988 3003 2998 2987 2990 2999 3009 3009 3006 3012 3017 2991 2990 2996 2998 2995 3005 2999 3002 3006 3008 3013 3029 3004 3008 2999 3021 3020 3003 3022 3010 3018 3031 3018 3028 3023 3017 3020 3024 3007 3015 3028 3041 3041 3018 3042 3040 3047 3033
2972 2970 2977 2973 2973 2984 2994 2980 2983 3000 3003 3014 3003 3008 3009 3006 3014 2989 2999 3001 3000 3005 3007 3023 3016 3005 2996 3001 3001 3011 3018 3008 2999 3004 3002 2998 3012 3014 3016 3025 3032 3027 3029 3016 3006 3019 3021 3014 3021 3028 3002 3022 3003 3014 3027 3015 3028 3037 3040 3042 3038 3044 3033 3037
2986 2974 2983 2976 2998 2988 2980 2989 2990 2999 2996 3001 3004 3017 3000 3004 3011 3005 2990 2991 3005 3003 3018 2996 3017 2995 3002 3002 3008 2998 3010 2999 2998 2991 2988 3004 3008 3018 3017 3018 3025 3011 3003 3012 3025 3021 3013 3018 3022 3032 3015 3018 3018 3015 3032 3026 3036 3038 3040 3034 3045 3038 3039 3021
2977 2982 2983 2989 2991 2996 2999 2988 2994 2986 2991 3004 2988 2992 2995 2997 3002 2996 2983 2984 2994 3002 3009 3008 2996 2998 3002 3005 3006 3009 2992 3000 2991 3000 3007 2986 2997 3008 3017 3015 3012 3011 3015 3006 3002 3016 3007 3024 3006 3006 3008 3009 3001 3004 3018 3027 3026 3021 3038 3021 3036 3047 3043 3040
3001 2994 3007 3000 2991 3001 2991 2991 3002 2989 2994 3006 2995 3004 2995 3006 2989 3018 2998 2999 2997 2995 3006 3004 3007 3006 2998 3003 3006 3000 2991 2995 3008 3014 2985 2996 2999 3002 3005 3019 3015 2998 3002 3000 2997 3014 3000 3017 3016 3017 3014 3003 3009 3019 3013 3028 3029 3027 3041 3039 3038 3032 3044 3039
3015 3006 3006 3007 3007 3002 3001 3001 3012 2992 2988 2997 2992 2993 2993 3002 2998 2996 2993 2993 2991 3005 3020 3008 3008 3002 2999 3004 3005 3002 2991 3007 3010 3004 2995 2998 2997 3004 3025 3015 2994 2989 3001 3003 3010 3009 3021 2994 3006 3002 3002 3007 3020 3030 3017 3012 3033 3041 3035 3047 3041 3030 3044 3032
3026 3012 3017 3006 3005 3007 3017 3004 3006 3003 3012 3003 2992 3005 3001 2998 2998 3013 2992 3003 3010 3003 3007 3004 3013 3004 2996 2996 3002 3003 2995 2999 3006 3011 3016 3013 3002 3004 3010 3012 3004 3012 3000 3004 2999 3004 3000 2998 3008 3016 3007 3004 3012 3018 3009 3012 3033 3039 3044 3060 3037 3030 3030 3049
2998 3007 3005 3002 3020 3020 3003 3005 3018 3007 3015 3017 2992 3014 3006 3006 3007 3000 3003 3009 3008 3004 3020 2993 3009 2998 2999 3003 3005 3002 3005 3014 3013 3014 3015 3010 2998 3004 3005 3001 3007 3005 3003 3006 3017 3023 3017 3008 3000 3008 3001 3012 3009 3025 3013 3010 3010 3025 3043 3047 3046 3049 3038 3044
2999 3012 3006 3019 3007 3017 3021 3017 3014 3018 3009 2996 3000 3005 3006 3000 3007 3009 3008 3009 3008 3011 3005 3014 3007 3005 3004 3010 3009 2992 2996 3003 3009 3011 3005 3006 3001 2994 2989 3006 3016 2999 3010 3016 3018 3016 3015 3004 3007 3006 3006 3016 3019 3020 3011 3011 3024 3030 3047 3044 3041 3043 3038 3038
3015 3016 3004 3016 3009 3021 3012 3028 3021 3009 3015 3023 3006 2999 2999 3011 3013 3023 2999 2996 2984 2997 3004 3011 3017 3014 3015 3007 2997 3002 3001 3001 3012 3003 2998 3004 2992 3009 3010 3014 3018 3013 3010 3020 3021 3039 3021 3025 2999 3029 3010 3002 3016 3016 3019 3010 3009 3023 3033 3048 3040 3045 3041 3052
3022 3012 3016 3022 3010 3014 3023 3012 3018 3010 3015 3015 3002 2996 3019 3009 3008 3014 3002 3001 3003 3007 3002 3002 3022 2993 3011 3002 3001 2994 3003 2996 2998 3008 3017 3006 3003 2998 3009 3011 3009 3005 3012 3007 3032 3016 3009 3011 3017 3005 3017 3010 3023 3018 3015 3014 3021 3018 3035 3038 3036 3037 3061 3062
3014 3007 3015 3021 3011 3015 3031 3021 3029 3008 2995 3009 3007 3002 3014 3013 3012 3011 3002 3011 3005 3020 3016 3007 3012 3007 3010 2996 2997 3002 3006 2999 3009 3003 3003 3008 3003 3006 3003 3008 3000 3005 3017 3002 3010 3015 3010 3013 3007 3004 3006 3014 3028 3019 3019 3018 3018 3018 3028 3051 3046 3060 3062 3084
3014 3019 3022 3022 3019 3015 3005 3017 3024 3016 3007 2996 2999 3019 3001 3015 3004 3012 3014 3012 3022 3018 3030 3009 3022 3010 2998 3009 2997 3010 3013 3008 3002 3019 3004 3004 3015 3016 3005 3005 3020 3015 3012 2991 3007 3005 2996 3019 3008 2998 3022 3020 3009 3010 3024 3014 3026 3037 3033 3044 3048 3072 3068 3069
3016 3025 3026 3015 3013 3015 2990 3015 3039 3015 3009 3007 3007 3020 3023 3023 3019 3016 3015 3024 3030 3033 3027 3013 3008 3000 3006 3000 3003 3002 3002 3006 3000 2991 3004 2994 3012 3017 3009 3018 3016 3020 3021 3011 2992 3004 3006 3007 3009 3007 3012 3022 3016 3018 3017 3017 3023 3022 3029 3034 3044 3064 3069 3069
3011 3019 3019 3018 3017 3020 3014 3019 3034 3018 3018 3030 3033 3019 3024 3023 3020 3017 3032 3024 3019 3034 3023 3015 3003 3007 3004 2984 3009 3000 3006 3004 2995 3019 2999 3002 3006 3010 3002 3015 3013 3002 3004 3010 3010 3001 3010 3022 3013 3020 3009 3019 3002 3001 3022 3008 3004 3023 3011 3042 3051 3070 3066 3074
3017 3009 3013 3012 3026 3018 3014 3017 3029 3035 3030 3032 3020 3020 3019 3018 3013 3017 3027 3017 3016 3033 3012 3014 3018 3015 3000 3007 3000 3002 3005 3000 2991 2998 2998 2992 3007 3010 3013 3011 3013 2994 2998 3002 3009 3005 2999 3011 3016 3030 3028 3019 3022 3006 3015 3008 3020 3016 3018 3040 3046 3071 3069 3077
3015 3027 3021 3015 3013 3009 3030 3014 3022 3033 3038 3024 3032 3027 3028 3009 3019 3017 3011 3021 3024 3022 3024 3032 3014 3010 2999 2997 2997 2999 3002 3002 3001 3004 2993 3001 3005 2990 3001 3002 3008 2998 3002 3001 3011 3008 3011 3008 3009 3013 3010 3011 3015 3003 3006 3020 3018 3021 3032 3033 3046 3074 3069 3080
3016 3021 3038 3034 3024 3021 3031 3028 3017 3030 3018 3021 3022 3025 3025 3010 3006 3031 3015 3013 3010 3029 3037 3019 3021 3001 3008 2992 3000 3003 3016 3007 3006 3005 3007 3014 3003 2994 3014 3002 2996 3003 3010 3023 3020 3035 3022 3010 3022 3021 3021 3016 3009 2996 3002 3017 3000 3010 3015 3034 3036 3040 3051 3074
3007 3020 3029 3023 3015 3020 3015 3015 3012 3011 3013 3016 3018 3013 3023 3015 3036 3028 3038 3021 3024 3026 3031 3033 3013 3006 3001 2986 3005 2989 3006 3012 2997 3008 3001 3002 2991 3003 3009 3005 2999 3003 3015 3018 3027 3025 3013 3035 3015 3021 3017 3006 2994 2990 3006 3018 3014 3006 3005 3028 3029 3044 3042 3063
3020 3024 3016 3020 3010 3002 3005 3014 3018 3006 3016 3012 3029 3026 3040 3025 3027 3021 3034 3036 3023 3040 3036 3046 3017 3010 2996 2995 3009 3011 3006 3002 2992 3004 3009 3000 3001 2996 2993 3005 3001 3005 3004 3005 3017 3020 3027 3005 3014 3006 3009 2996 3006 3025 3011 3009 3005 3019 3006 3028 3024 3031 3052 3055
3013 3012 3013 3009 3015 3016 3010 3017 3026 3006 3005 3002 3018 3037 3046 3036 3041 3035 3034 3033 3038 3029 3035 3038 3016 3003 3008 3007 3007 3006 2997 2996 3005 3010 2999 3026 3012 2995 3016 3002 3003 2997 2996 3008 3007 3033 3019 3008 3004 2992 3006 2995 3016 3011 3021 3020 3029 3014 3020 3024 3031 3037 3050 3053
3016 3012 3018 3017 3013 3021 3010 3017 3014 3001 2999 3028 3030 3046 3043 3043 3037 3035 3018 3035 3030 3029 3037 3035 3025 3021 3012 3008 3010 2998 3006 3002 3014 3012 3017 3004 3007 3001 3010 3017 3015 3019 3008 3013 3015 3025 3010 3006 2999 3001 3006 2993 3010 2997 3006 3025 3015 3017 3023 3024 3034 3019 3046 3051
3016 3024 3014 3020 3015 3010 3007 3011 3010 3000 3005 3024 3030 3037 3049 3054 3046 3038 3033 3040 3044 3025 3040 3033 3025 3006 3008 3008 3004 2998 2990 3015 3000 3018 3009 3009 3000 3000 3006 3017 3010 3018 3009 3021 3012 3012 3013 3013 3012 2989 2996 3003 3004 2998 3007 3008 3019 3009 3018 3034 3022 3025 3036 3039
3016 3013 3012 3022 3026 3016 3004 3011 3016 3009 3014 3031 3042 3042 3054 3037 3040 3048 3046 3036 3039 3039 3044 3032 3008 3010 3010 2996 3011 2986 3006 3018 3006 3012 3005 3002 2995 2997 3005 2995 3017 3010 3010 3016 3012 3004 3003 3011 3008 2994 3016 3010 3015 3017 3015 3010 3007 3014 3017 3023 3027 3022 3032 3053
3021 3025 3010 3011 3010 3005 3014 3014 3022 3002 3006 3036 3043 3044 3035 3031 3032 3038 3036 3047 3034 3030 3034 3021 3013 3005 3013 2997 3009 3005 3014 3016 2993 3012 3006 3004 3003 3003 3007 2999 3003 2988 3014 3000 3012 3017 3017 3013 3012 2994 3004 3001 3005 3020 3024 3021 3007 3004 3008 3019 3013 3024 3026 3041
3008 3016 3013 3005 3019 2994 3009 3006 3009 3015 3022 3014 3021 3033 3034 3030 3041 3044 3036 3034 3046 3045 3028 3016 3009 3035 3015 3003 3016 3014 3006 3003 2999 3010 3000 3011 3005 3011 2993 2996 3000 3016 3005 3011 3024 3014 3008 3005 3005 3007 3008 3014 3015 3013 3006 3018 3001 3003 3013 3014 3031 3027 3037 3038
3019 3017 3017 3020 3006 3013 3014 3003 3009 2986 3018 3026 3020 3037 3023 3046 3048 3039 3030 3035 3048 3030 3027 3016 3016 3001 3017 3009 3003 3001 3000 3006 3009 3008 3005 2988 3002 2998 3018 2996 3007 3011 3009 3005 3020 3028 3022 3008 3011 3006 3020 3008 3027 3021 3010 3007 3002 3007 3025 3021 3023 3016 3043 3041
3005 3030 3023 3003 3009 2997 2996 3007 3005 3008 3033 3009 3027 3012 3015 3016 3015 3028 3030 3039 3042 3036 3025 3027 3001 2997 2996 3002 3002 3005 2995 3003 3020 3009 3012 3004 3012 3007 3007 2992 2987 2996 3005 3010 3015 3014 3026 3020 3004 3008 3011 3025 3016 3019 3012 3014 3004 3002 3021 3018 3024 3014 3026 3040
2999 3018 3019 3019 3010 3011 3007 3005 3015 3004 3018 3021 3013 3011 3016 3029 3028 3026 3026 3035 3053 3042 3023 3024 3005 3012 2997 3000 2996 2996 2984 2986 3006 2998 2997 3009 3021 3027 3008 3002 2992 2991 3011 3019 3023 3019 3022 3015 3012 2991 3016 3003 2999 3011 3026 3023 3006 3012 3015 3028 3016 3005 3015 3036
3005 3020 3015 3010 3013 3011 3020 3003 3004 3011 2996 2999 3014 2999 3023 3028 3025 3014 3025 3035 3053 3046 3025 3024 3021 3011 2995 2991 2994 2994 3000 2995 3005 3012 3010 3007 3005 2999 3005 3014 3005 2994 3009 3007 3021 3014 3023 3015 3016 3004 3006 3022 3000 3003 3011 3023 3021 3027 3007 3016 3022 3009 3022 3051
3011 3020 3013 3011 3018 3012 3031 3023 2994 2994 3009 2998 3008 3007 3011 3020 3018 3025 3017 3039 3044 3039 3019 3005 2999 3011 3012 3005 2995 2988 2996 3005 2996 3007 3012 2991 3006 3005 3017 3017 3000 3003 3002 3021 3015 3010 3017 2993 3009 3006 3011 3005 3012 3001 3030 3022 3030 3033 3014 3026 3013 3025 3026 3050
3001 3019 3005 3011 3008 3012 3006 3002 2999 3006 3016 3016 3008 3013 3013 3019 3015 3006 3015 3022 3028 3037 3027 3025 3008 3011 3008 3017 3006 3000 3002 2993 3005 2993 3015 3009 3006 2999 3003 2998 2996 3004 3003 3014 3018 3021 3015 3007 3016 3013 3006 3021 3006 3028 3011 3010 3028 3032 3030 3018 3018 3022 3042 3053
3020 3000 3011 2997 2998 3011 3000 3004 3012 3013 3018 3012 3023 3007 3000 2997 3014 3011 3022 3008 3035 3016 3025 3021 3008 3007 3000 3018 3009 3000 3002 3007 3009 3017 3006 3005 3009 3011 3012 3007 3007 3010 3007 3012 3017 3008 3011 3011 3010 3021 3014 3019 3019 3004 3014 3022 3029 3032 3031 3012 3015 3035 3045 3050
2995 2996 2992 2996 3003 3002 3006 2999 3010 2994 3005 3021 3009 3011 3006 3007 3010 3014 3004 3012 3024 3024 3022 3014 3019 3022 3002 3002 2997 2999 3009 3012 2997 3010 2995 3005 3008 3015 2999 3000 3006 3015 3020 3020 2999 3002 3015 3025 3013 3013 3010 3030 3015 3015 3025 3006 3022 3026 3020 3030 3051 3047 3061 3058
3016 2993 2998 2999 3000 2997 2998 2999 3014 3015 2991 3009 2995 3011 3016 3014 3014 2994 3006 3021 3020 3022 3019 3004 3013 3011 2988 3002 3000 3001 3004 2999 3013 2994 3005 3013 2996 2997 3007 3003 3005 3009 2999 2993 3006 2997 3003 3012 3010 3025 3032 3026 3027 3024 3007 3016 3024 3016 3024 3048 3049 3062 3052 3067
3026 2994 2998 3012 3009 3012 2997 3011 3012 2999 2989 2996 2999 2999 2999 3013 3006 2999 3014 3031 3020 3015 3001 3018 3019 3010 3004 2995 2992 2996 3002 3012 3011 3001 3005 3012 3006 3011 3001 3008 3005 3021 3003 3005 2997 3009 3015 3019 3024 3016 3027 3022 3017 3025 3029 3016 3028 3025 3049 3058 3065 3063 3065 3065
3009 2998 3004 3012 3014 2998 3000 3009 3006 2999 2991 2987 2991 3001 3012 3000 3007 3010 3014 3000 3017 3011 3005 3016 3016 3008 3008 3010 2999 3001 2999 3016 2991 3013 2996 3025 3011 3002 2993 2992 3006 3012 3002 2990 3015 3011 3012 2997 3019 3001 3006 3014 3025 3027 3022 3011 3036 3035 3044 3073 3077 3074 3082 3075
3009 3019 3022 3028 3018 3005 3005 3011 3014 3005 3012 2992 2998 2999 3009 3000 3010 3013 3010 3011 3018 3024 3020 3010 3029 3008 3011 2998 2988 3005 2988 3002 3007 3006 3010 2997 3012 3010 3006 3016 3008 3007 3016 3002 3004 3012 3007 3001 3009 3015 3022 3016 3026 3022 3024 3022 3031 3044 3062 3082 3083 3070 3085 3096
3012 3007 3014 3020 3016 3010 3009 2994 2989 3003 2997 3007 3005 2996 3005 3007 3034 3030 3011 3016 3022 3025 3021 3020 3020 3014 3021 2996 3000 2998 3009 3015 3006 3001 3015 3008 2994 3006 2997 3011 3019 3016 3012 3031 3024 3005 3007 3006 2999 3016 3031 3034 3038 3045 3043 3042 3051 3056 3065 3087 3087 3082 3083 3095
3027 3012 3011 3011 3007 3020 3013 3004 2992 2996 3001 3005 3017 3018 3007 3010 3019 3013 3008 3017 3018 3035 3020 3011 3017 3020 3013 3006 2998 3000 3002 3007 3018 3027 3004 3019 3005 2998 3011 3004 3004 3007 3032 3010 3014 3007 3026 3019 3013 3029 3030 3031 3040 3036 3032 3050 3057 3056 3067 3088 3083 3070 3091 3084
3009 3011 2999 3001 2998 3010 3006 3014 2995 2995 3005 3013 3027 3021 3019 3023 3025 3016 3008 3018 3021 3033 3019 3015 3010 3008 3013 3013 3013 3000 3020 3020 3010 3021 3011 3012 2998 3008 3007 2994 2994 3015 3013 3016 3018 3023 3013 3035 3027 3033 3039 3039 3049 3038 3061 3058 3063 3063 3070 3076 3077 3064 3091 3105
3020 3000 2989 2997 2999 3006 3009 3005 3003 3002 2982 3005 2999 3003 3017 3013 2995 3007 3011 3013 3019 3028 3021 3013 2995 2996 3009 3028 2995 3009 3023 3006 3011 3002 2999 2995 3011 3009 3013 2999 3016 3010 3012 3017 3036 3021 3041 3032 3038 3046 3039 3059 3047 3060 3054 3041 3060 3072 3065 3075 3078 3074 3066 3069
3005 3004 2998 3003 3008 3000 3019 3010 3012 3009 3006 2985 3009 2994 2987 3008 2993 3013 3017 3015 3030 3041 3022 3015 3006 3001 3012 2998 2994 2989 2992 3007 2998 2991 3011 2997 3018 3026 3009 3001 3007 2995 3010 3003 3027 3041 3043 3054 3039 3054 3053 3061 3059 3069 3060 3061 3075 3073 3070 3060 3069 3065 3054 3059
3012 3006 3000 3008 3008 3023 2997 3011 3010 3018 3018 3000 3005 2991 2995 3011 3006 3022 3015 3015 3018 3026 3027 3011 3017 3005 3011 3003 3012 2995 2987 2989 3004 3008 3006 3011 3008 3007 3005 3025 3006 3019 3033 3043 3056 3043 3053 3055 3060 3053 3047 3063 3052 3058 3060 3063 3049 3077 3064 3061 3064 3063 3063 3058
2998 3020 3016 3010 2990 3015 3004 3011 3015 3009 3006 3007 3004 3004 3011 3010 3014 3012 3027 3018 3015 3009 3027 3004 3021 3005 3008 3016 3008 2996 2993 3003 3014 3021 3015 3007 2994 2991 3009 3018 3032 3016 3036 3036 3048 3074 3071 3068 3065 3059 3062 3064 3063 3058 3072 3058 3073 3056 3063 3052 3086 3080 3070 3048
3007 3011 3022 3023 3004 3018 3021 3010 3015 3007 3024 3029 3023 3017 3012 3014 3017 3023 3026 3010 3025 3021 3015 3019 3020 3025 3015 3006 3014 3003 3009 2997 3015 3011 3007 3009 3010 2995 3026 3004 3031 3041 3056 3048 3068 3073 3068 3068 3061 3063 3072 3063 3083 3071 3069 3072 3085 3072 3070 3077 3071 3093 3075 3060
3014 3014 3026 3007 3005 3006 3024 3012 3027 3013 3005 3032 3027 3030 3022 3011 3014 3022 3032 3036 3024 3033 3021 3036 3019 3018 3010 3006 3023 3005 2996 3010 3009 3016 3012 3018 3022 3018 3026 3030 3034 3041 3057 3072 3076 3072 3068 3071 3049 3074 3064 3075 3068 3074 3082 3078 3080 3079 3086 3081 3077 3073 3079 3078
3005 3010 3029 3012 3014 3008 3012 3016 3021 3019 3011 3010 3012 3029 3015 3033 3023 3022 3035 3039 3034 3023 3027 3033 3026 3008 3018 3014 2994 3013 3003 3006 3012 3016 3029 3010 3023 3029 3023 3043 3046 3054 3052 3055 3072 3081 3069 3055 3071 3067 3063 3068 3069 3074 3059 3077 3070 3085 3087 3085 3082 3094 3083 3078
2995 3012 3029 3023 3006 3005 3005 3026 3026 3014 3005 3012 3015 3029 3039 3035 3027 3034 3037 3029 3026 3023 3037 3032 3034 3021 3006 3003 3012 3008 3011 3014 3019 3012 3019 3017 3027 3036 3036 3038 3054 3076 3072 3066 3063 3074 3055 3062 3058 3070 3077 3075 3064 3067 3067 3074 3078 3073 3077 3080 3080 3079 3087 3096
3013 3001 3013 3005 3018 3000 3012 3018 3013 3012 3019 3011 3012 3018 3028 3023 3021 3020 3034 3023 3023 3032 3028 3021 3035 3019 3011 3012 3004 3004 3004 3001 3024 3029 3029 3033 3048 3032 3046 3059 3065 3059 3061 3069 3061 3069 3061 3073 3062 3060 3065 3062 3068 3069 3076 3071 3093 3091 3079 3079 3087 3081 3090 3092
3026 3020 3012 3007 3005 3003 3022 3031 2999 3015 3020 3005 3012 3017 3018 3016 3021 3009 3019 3014 3020 3019 3010 3009 3029 3030 3010 3013 3018 3011 3014 3020 3012 3028 3025 3042 3054 3050 3064 3064 3058 3064 3070 3069 3053 3063 3056 3054 3066 3070 3049 3048 3053 3063 3064 3078 3066 3086 3093 3073 3079 3086 3088 3079
3034 3024 3014 3018 3017 3009 3032 3005 3023 3006 3022 3009 3012 3016 3001 3001 3007 3023 3008 3025 3024 3024 3034 3019 3024 3026 3025 3022 3001 3009 3030 3003 3034 3017 3028 3039 3046 3053 3051 3056 3069 3059 3079 3083 3073 3055 3072 3063 3063 3066 3052 3065 3069 3074 3079 3072 3084 3082 3069 3076 3079 3086 3080 3080
3022 3020 3014 3015 3011 3011 3011 3024 3008 3013 3004 3016 3014 2991 3000 2997 3000 3003 3016 3013 3033 3028 3029 3036 3018 3019 3034 3010 3007 3013 3024 3030 3026 3021 3024 3027 3034 3036 3043 3060 3071 3071 3069 3071 3072 3068 3080 3079 3070 3062 3073 3077 3083 3074 3082 3094 3076 3070 3062 3066 3083 3077 3083 3090
