3068 3060 3057 3044 3034 3020 3030 3028 3023 3034 3026 3022 3018 3026 3053 3038 3029 3024 3026 3016 3016 3008 3006 3006 3014 3015 3010 3005 3015 3014 2996 3005 3003 3001 2999 3006 3017 3016 3000 2988 3013 3002 3005 3003 2997 2997 3007 3007 2998 2994 3005 3011 3002 2997 2986 2971 2989 2986 2985 2996 2980 2999 2993 2981
3063 3054 3046 3042 3039 3033 3029 3035 3018 3025 3035 3031 3026 3030 3036 3015 3017 3010 3021 3005 3017 3011 3015 3007 2994 3017 2990 3009 3013 3014 3002 3005 3003 3010 2999 3003 2990 3006 3005 3008 2991 2994 3000 3011 3004 3009 3001 2998 2993 2998 3007 3007 3002 2989 3004 2978 2994 2995 2994 2999 3003 3016 2997 3007
3043 3050 3052 3043 3043 3039 3024 3026 3024 3018 3038 3022 3031 3026 3020 3019 3010 3031 3017 3017 3005 3011 3008 3013 2996 2988 3004 3022 3007 3023 3016 3020 3007 3016 2998 2989 2995 2998 3005 3008 3000 2993 3007 3005 3008 3012 3003 2992 2992 3003 2999 2993 2996 2985 2984 2998 3004 3004 3002 3018 3009 2996 2998 3002
3051 3045 3037 3038 3034 3029 3021 3033 3039 3022 3024 3029 3027 3019 3017 3004 3020 3016 3026 3018 3010 3009 3019 3010 3006 3010 3001 3013 3011 3004 3017 3005 3011 3002 2994 2996 3001 2999 2999 3004 3004 3020 2987 2994 2983 2998 2996 2992 2999 2995 2996 3014 2995 2994 3008 2984 2994 2999 3004 3011 3001 3003 3002 2996
3040 3032 3022 3026 3029 3031 3028 3028 3055 3033 3010 3039 3018 3018 3015 3024 3010 3021 3027 3014 3008 3013 3013 3011 3003 3009 3014 3022 3011 3005 3016 3013 3016 3016 3013 3012 3009 3007 2997 3011 3014 3015 3005 2990 2981 2989 2996 2992 2995 2998 2994 3001 3007 3000 2996 3001 3008 3004 3013 2991 2994 2986 2996 3005
3037 3036 3025 3037 3031 3031 3017 3039 3034 3032 3025 3019 3018 3024 3018 3002 3019 3016 3018 3020 3005 3014 3014 3018 3004 3013 3019 3017 3010 3001 3001 3007 2998 2993 2998 3005 2994 3006 3009 3004 2995 3007 2990 3004 3008 3006 2990 2996 3002 2997 3008 3007 3013 2998 3004 2985 2998 3010 3013 2989 2991 2974 3003 3002
3038 3036 3030 3039 3049 3041 3024 3035 3029 3031 3014 3007 3024 3011 3013 3009 3017 3004 3029 3016 2999 3021 3020 3011 2998 3003 3020 3015 3001 2989 2986 2993 2996 2998 2998 3009 2996 3007 3011 3006 2994 3013 3004 3017 3021 3011 3003 2992 2995 2997 3003 3012 3000 3004 3001 2991 3001 2992 2998 3004 2989 2992 2993 2996
3013 2993 2998 3006 2986 3007 3005 2991 2993 2983 2990 2993 3000 3007 3017 3002 2997 3009 3006 3004 2996 2996 2990 3002 2994 2997 2989 2999 2987 2997 2984 2988 2987 2992 2988 2995 2989 2994 2987 2983 2988 2999 2975 2992 3015 3004 2996 2989 2987 2987 2995 3000 3008 3000 2992 2969 2994 2989 2994 2991 2994 3001 2993 2989
2986 2964 2958 2953 2956 2961 2956 2955 2949 2972 2955 2980 2973 2976 2981 2988 2999 2992 2974 2993 2972 2971 2974 2978 2971 2978 2973 2982 2965 2978 2978 2976 2976 2964 2973 2983 2979 2994 2971 2976 2977 2980 2988 2991 2985 2985 2994 2985 2995 2988 2981 3004 2991 2994 2977 2978 3000 3010 2993 2981 2992 2989 2987 2985
2971 2975 2972 2948 2966 2967 2979 2975 2960 2956 2975 2982 2979 2972 2979 2987 2970 2986 2985 2980 2975 2987 2970 2983 2984 2971 2986 2987 2975 2986 2976 2980 2977 2982 2982 2968 2994 2976 2979 2972 2971 2982 2973 2978 2978 2993 2987 2999 2993 2979 2992 2998 2992 3006 2995 2976 3005 2993 2996 2981 2999 2986 2992 2987
2953 2956 2961 2967 2972 2975 2974 2966 2958 2967 2986 2970 2959 2976 2965 2976 2977 2978 2968 2986 2976 2987 2988 2990 2991 2990 2995 2981 2982 2979 2975 2970 2973 2986 2982 2976 2979 2968 2973 2980 2970 2979 2983 2979 2978 2983 2993 3000 2994 2984 2997 2991 2992 2990 3006 2997 3013 2985 2999 2989 2990 3001 2974 3003
2952 2974 2958 2969 2988 2980 2971 2968 2975 2976 2973 2984 2969 2980 2973 2979 2991 2987 2982 2994 2979 2988 2986 2975 2969 2980 2998 3004 2996 2977 2988 2972 2992 2988 2985 2996 2972 2996 2978 2977 2980 2991 2981 2989 2982 2979 2973 2991 2990 2992 2994 2995 2989 3002 3003 2977 2991 2990 2981 2998 2989 2993 2997 2997
2955 2973 2962 2964 2973 2977 2981 2969 2987 2984 2973 2977 3001 2986 2967 2982 2966 2974 2985 2997 2980 2987 2989 2977 2970 2983 2997 2998 2982 2979 2986 2985 2998 2964 2993 2986 2993 2989 2988 2985 2999 2992 2999 3001 2998 2973 2982 2994 3008 3006 2987 2991 2984 2995 2992 3001 2987 2978 2992 2991 2964 2983 2989 2999
2972 2990 2968 2956 2968 2984 2977 2967 2979 2977 2979 2982 2988 2994 2981 2975 2973 2979 2978 2988 2991 2990 2978 2982 2975 2988 2995 2992 2990 2982 2983 2992 2983 2994 2993 2990 2998 3002 2996 2995 2981 2993 2987 2985 2987 2978 2996 3002 2993 2988 2986 2984 2989 2988 2990 2993 2997 2997 2986 2994 2986 2986 2991 2987
2962 2979 2975 2963 2985 2973 2974 2976 2971 2967 2986 2993 2992 2983 2984 2997 2980 2990 2989 2985 2983 2980 2964 2972 2982 2982 2989 3013 2983 2990 2992 2985 2981 2987 2990 2990 3002 2994 2986 3004 2990 2977 3002 3000 2993 2987 3002 2990 3003 2995 3000 3005 2997 3001 2985 2995 2992 3002 3006 2989 2981 2994 2982 2997
2993 2987 3001 2993 2981 2980 2973 2972 2984 2982 3000 2981 2975 2992 2973 2985 2989 2988 2982 2990 2977 2988 2989 2978 2974 2979 2985 2983 2988 2993 2992 2982 2980 2977 2989 2995 3000 2997 2981 2987 2980 2987 3004 2991 2992 2990 2988 2998 2980 3002 2992 2976 3003 3008 3012 2995 3009 3006 2997 2996 2980 3003 2991 2988
2991 2992 2996 2988 2994 2989 2981 2997 2996 3000 2994 2990 2986 2979 2991 2989 3002 2991 2997 2993 3000 2990 2981 2967 2967 2973 2990 2986 2985 2986 2984 2991 2981 2982 2986 2987 2985 2991 2993 2993 2976 2983 2989 2999 2990 2998 3004 2986 2994 2979 2995 2990 3009 2993 2998 2991 2977 2985 2992 2985 2994 2987 2984 2992
2994 2990 2990 2996 2996 2989 2992 3000 2982 2990 2981 2996 2991 2990 2983 2992 2988 3002 3009 2981 2987 2986 2979 2978 2987 2980 2994 2990 2999 2998 2979 2979 2973 2983 2991 2988 2999 3004 2983 2981 2981 2992 3002 2999 2996 2996 2994 2984 2983 2988 2990 2981 2989 2997 2993 2996 2994 2983 2998 2993 2988 2992 3003 2987
2996 2997 2997 3002 3012 3013 2991 2992 2993 2992 2990 2990 2982 2986 2973 2993 2999 2991 2998 2986 2986 2984 2975 2996 2980 2988 2989 2989 2987 2974 3004 2990 2991 2999 2999 2991 2989 2999 3001 2992 3001 2993 2998 2996 2992 2984 2999 2992 2988 2984 2993 2986 2997 2998 2999 2998 2996 2993 2989 3011 3001 2984 3006 2999
2996 3004 2999 3002 3018 3004 2992 3010 2992 2999 2998 3000 2992 2985 2986 2992 2996 2988 3002 2982 2990 2981 2985 2996 2991 2997 2989 3003 2988 2988 2987 3000 2987 3008 2994 2989 2996 3006 3008 2993 3000 3006 3002 2995 3003 3003 3002 2998 2993 2988 2990 2985 3006 2999 3012 3002 2992 3003 2999 3010 2992 2992 2996 3001
3007 3006 3001 2991 3012 3004 3000 3006 2999 2998 2991 2996 3000 2990 2985 2977 2990 2985 2997 2998 2984 2988 2979 2992 3000 2998 2993 3000 2995 2996 2980 2982 2989 3011 3003 3008 2999 2985 2997 2998 3017 2999 2997 2994 2992 2995 2991 2997 2992 3003 3003 2995 2998 3005 2999 2998 3003 3007 3013 3012 3003 2991 2995 3004
3009 3016 2993 2990 3011 3008 2995 3002 2996 3011 3005 2993 2997 2984 2997 2997 3010 3014 2997 2998 2991 2998 3014 3002 3004 3014 2997 3004 3004 2991 3004 2996 3007 3005 3004 3003 3009 3005 3020 3004 3008 3008 3006 2996 3009 3007 2994 3002 3006 3010 3010 3010 2997 3016 3021 3006 3011 3007 3006 3014 3015 2995 3004 3001
3014 3015 3011 3009 3010 3009 3008 3018 3016 3011 3004 3010 2998 3018 3023 3018 3008 3009 3006 3016 2993 3006 3004 3015 3019 3022 3015 2996 2995 3007 3011 3009 3025 3022 3006 3014 3006 3002 3017 3018 3024 3008 3013 3018 3000 3021 3020 3014 3013 3018 3012 3006 3005 3019 3013 3012 3016 3014 3018 3007 3006 3007 2995 2992
3020 3008 3008 3009 3010 3009 3013 3013 3014 3011 3003 3006 2998 3014 3010 3026 3015 3013 3002 3019 3024 3006 2998 3016 3013 3011 3023 3007 2997 2992 3018 3014 3015 3023 3010 3013 3020 3010 3016 3033 3019 3034 3028 3017 3018 3028 3020 3019 3024 3006 3008 3011 3017 3010 3017 3014 3016 3014 3004 2999 3007 2993 3016 3008
3018 3007 3012 3017 3007 2994 3006 3004 3001 3014 3010 3016 2997 3001 3005 2995 2996 2999 2997 3000 2998 2996 2998 2994 3015 3011 3018 3011 3012 3012 3002 3019 3014 3032 3019 3018 3012 3026 3017 3002 3013 3020 3032 2999 2993 3009 3007 3005 3010 2998 3012 3012 3017 3007 3011 3023 3021 3005 2998 2991 3008 3004 3009 3014
3005 3010 3013 3009 2995 2999 2999 3006 2994 3011 3013 3011 3016 3014 3001 2999 2998 2999 2989 2992 2985 3010 2999 3004 2989 3009 3006 3008 3022 3013 3015 3017 3025 3026 3020 3025 3028 3026 3014 3021 3029 3024 3014 3006 3006 3011 2997 2994 3002 3006 2999 3024 3002 3010 3011 3011 2987 3013 2999 3003 3004 3000 3019 3016
3000 3002 2998 3003 2995 2989 2987 3001 2999 3003 2992 2992 2995 2992 2987 2982 2989 2988 2995 2992 2990 2999 2995 2997 2987 2991 3004 3008 3020 3031 3016 3014 3030 3042 3029 3030 3037 3042 3018 3024 3018 3006 3016 3019 3009 3002 2998 3000 3006 2996 3017 3009 3009 3007 2995 3012 3003 3000 2985 2993 3002 3005 3010 3010
2989 2992 3002 2995 2993 2984 3003 2992 2996 2987 2997 2995 3001 2993 2986 2993 2976 3003 2980 2993 2998 2998 3006 3010 3008 2998 3002 3004 3007 3009 3014 3021 3031 3029 3044 3043 3046 3040 3028 3013 3024 3024 3019 3025 3024 3016 3009 2996 2993 3002 3000 2997 3003 3001 2987 2992 2988 2999 2996 2994 3003 3007 2986 2989
2989 2990 2995 3011 3006 2995 2998 2987 2993 2990 2982 3001 2996 3004 2991 2985 3006 2996 2986 3004 2982 2984 2992 2990 3007 3005 3014 3012 3006 3020 3031 3039 3040 3056 3051 3055 3045 3029 3038 3047 3019 3017 3028 3037 3033 3006 3001 2992 3008 2993 3000 3003 3003 2996 2979 2997 2988 3003 2995 2980 2988 2997 2995 2985
2996 2998 2998 2991 2993 2997 2989 2988 2989 2994 2992 2981 2990 2994 2996 2995 2987 2996 3001 2995 2979 2999 2991 3000 3007 3019 3014 3002 3015 3025 3031 3028 3048 3057 3056 3057 3056 3049 3033 3036 3039 3019 3025 3017 3018 3010 3013 3005 3018 3004 2999 2999 2976 2988 2990 2991 2998 2988 3000 2979 2991 3006 3010 2980
2994 2991 2979 3000 2995 2999 3002 2991 3002 2992 2989 2992 2996 2987 2990 2989 2986 2975 2995 2993 2982 2997 3000 3000 3015 3011 3014 3012 3032 3024 3040 3039 3051 3064 3066 3053 3055 3051 3034 3023 3027 3034 3034 3025 3015 3006 3009 3015 3033 3008 2998 2985 2984 2999 2995 2999 2999 2997 2981 2987 2979 2990 2983 2995
2997 2980 2988 2995 3003 2987 2996 2993 2999 2993 2988 2979 3007 2991 2993 2995 2973 2995 2985 2990 3001 2990 2997 2986 3002 3021 3019 3018 3028 3036 3034 3032 3046 3063 3073 3067 3066 3043 3038 3030 3032 3033 3044 3025 3024 3018 3032 3025 3018 3017 2997 2980 2983 2980 2992 2995 2985 2987 2997 3010 2991 2994 2985 2988
2983 2983 2975 2991 2998 2997 2990 2992 2981 2984 2973 2985 2994 2982 2982 2982 2983 3000 2982 2991 2987 2973 2989 2997 2997 2999 3015 3021 3033 3025 3037 3033 3048 3053 3084 3066 3062 3057 3064 3042 3043 3037 3019 3032 3025 3036 3036 3025 3025 3024 3010 2999 2986 2990 2988 2997 2974 2992 2999 2993 2989 2982 2988 2984
3001 2993 3002 3012 2993 2998 2995 2998 2987 2990 2982 2994 2991 2997 2985 2994 2983 3002 2983 2985 2988 2996 2992 2999 3014 3022 3015 3018 3038 3032 3021 3024 3061 3065 3088 3087 3071 3058 3052 3061 3063 3043 3039 3036 3026 3039 3045 3035 3027 3024 3008 3012 3007 3001 2999 2991 2992 2998 2998 2998 2994 2993 2988 2988
3003 3009 3006 3009 3001 3018 3024 3017 3002 3003 2998 3000 3003 3006 3010 2997 3005 3008 3003 3001 3010 3003 2996 3018 3012 3022 3014 3018 3040 3039 3033 3043 3068 3072 3084 3085 3078 3063 3068 3070 3060 3048 3044 3037 3049 3044 3045 3036 3037 3049 3037 3019 3012 3009 3010 3002 3001 2998 2994 2993 2999 2990 2996 2991
3023 3020 3018 3007 3008 3011 3016 2999 2995 3011 3015 3013 3014 3006 3004 3011 3012 3005 3001 2999 2998 3008 3023 3026 3018 3021 3010 3044 3034 3040 3040 3072 3068 3088 3080 3082 3072 3073 3057 3067 3074 3061 3055 3041 3054 3052 3055 3058 3044 3038 3026 3007 3011 3005 2998 3015 3009 3002 2991 2986 2998 3007 3000 3004
3000 3002 3007 2995 2987 3003 3001 2999 2989 2997 2988 2990 2990 3006 3007 2993 3013 2993 2991 2996 2998 2992 2983 3005 3019 3018 3037 3014 3035 3030 3054 3061 3075 3072 3081 3082 3072 3065 3065 3059 3082 3076 3056 3034 3046 3046 3047 3058 3058 3041 3034 3022 3013 2996 2993 2996 3007 3001 2993 2996 3001 3000 3007 3005
2993 2998 2993 2992 2986 2995 2988 2985 2995 2978 2976 2971 2978 2990 2987 2985 2994 2996 2991 2984 2984 2997 2991 2998 3010 3018 3029 3032 3040 3030 3070 3073 3074 3078 3079 3080 3069 3071 3068 3070 3072 3080 3066 3051 3053 3063 3051 3063 3069 3037 3026 3024 3004 2997 2998 2998 2994 2988 2991 2990 2995 3000 3003 2996
2980 2984 2992 2997 2991 2993 2981 2992 2984 2980 2986 2987 2985 2979 2986 2993 3003 2989 2985 2986 2982 2977 2993 3005 3033 3015 3027 3025 3037 3050 3070 3060 3072 3073 3083 3084 3074 3086 3070 3059 3077 3068 3075 3060 3058 3069 3047 3064 3063 3049 3023 3018 2998 3013 2978 2984 2984 3007 2994 2985 3001 3006 2996 2984
2980 2980 2986 2990 2999 2992 2984 2995 2987 2987 2989 2986 2981 2976 2987 2984 2990 2986 2987 2985 2992 2978 2988 3000 3010 3010 3026 3046 3050 3057 3065 3074 3062 3072 3093 3078 3068 3087 3072 3064 3088 3079 3075 3069 3066 3062 3063 3061 3064 3049 3024 2996 3009 2997 2986 2988 2984 3003 2995 2984 3002 2989 2989 2987
2993 2980 2987 2991 2992 2990 2977 2986 2987 2982 2984 2984 2990 2988 2996 2989 2988 2992 2983 3003 2989 2983 2989 3011 3002 3015 3035 3046 3059 3065 3070 3082 3083 3085 3083 3083 3080 3087 3083 3087 3085 3086 3073 3073 3060 3072 3078 3077 3063 3043 3025 3006 3010 3004 2995 2996 2989 2995 3001 2990 2983 2992 3000 2999
2985 2993 2990 2990 2985 2991 2986 2990 2994 2997 2993 2991 2998 2980 2990 2994 2987 2980 2982 2986 2980 2984 2989 2989 3005 3020 3045 3057 3064 3075 3076 3076 3070 3091 3084 3092 3078 3068 3101 3082 3070 3080 3084 3075 3073 3065 3077 3080 3068 3062 3044 3011 3009 3002 2988 2988 3004 3006 2998 2994 3002 3001 2993 3000
2987 2990 2985 2977 2982 2986 2981 2994 3000 2987 3005 2994 2990 2990 2982 2999 2987 2984 2993 2981 2983 2990 2980 3004 3013 3013 3032 3049 3065 3078 3080 3087 3079 3078 3088 3080 3073 3073 3086 3086 3084 3091 3091 3083 3077 3076 3067 3071 3069 3047 3031 3018 2997 3005 3005 2984 3007 3004 2983 2988 2992 2996 3001 3009
2985 2984 3000 2989 2990 2980 2975 2984 2989 2986 3015 3010 2995 2977 2990 3003 2981 2979 2990 2986 2972 2994 2989 3006 2992 3010 3027 3055 3069 3079 3078 3074 3076 3074 3087 3078 3076 3083 3091 3087 3087 3080 3086 3086 3085 3084 3076 3083 3055 3052 3015 3012 3015 3007 2998 2988 2983 2993 3002 2983 2995 2988 2996 3001
2986 2993 2988 2974 2983 2986 2984 2978 2994 2984 2999 2992 3006 3002 2983 2986 2987 2982 2988 2982 2985 2991 2999 3002 2996 3014 3035 3056 3070 3074 3052 3064 3078 3072 3084 3068 3074 3073 3075 3095 3083 3068 3087 3085 3095 3096 3066 3059 3051 3033 3024 3004 3015 3016 2995 2996 3009 2997 2996 2997 3001 3002 3000 2994
3008 2981 2973 2972 2971 2979 2992 3001 2994 2991 2983 3002 2996 3000 2999 2993 2975 2985 2983 2994 2987 2981 2991 2994 2987 3018 3044 3056 3050 3066 3080 3065 3062 3083 3071 3082 3088 3091 3083 3081 3061 3075 3078 3072 3073 3077 3079 3077 3049 3023 3009 3008 3020 3001 2989 3003 2996 2989 3003 3015 2999 2994 2994 3002
2994 2983 2967 2966 2982 2968 2997 2986 2991 2980 2985 2972 3004 2994 3005 2994 2983 2977 2991 2985 2985 2990 2993 2986 2985 2993 3034 3044 3050 3055 3072 3068 3076 3074 3076 3066 3081 3079 3076 3078 3070 3060 3076 3079 3072 3066 3061 3068 3039 3010 3019 3003 3002 3008 2977 2993 2989 2996 3002 2998 2999 2993 2989 2989
2976 2985 2985 2987 2970 2983 2999 2994 2998 2982 2979 2993 2976 2996 2992 2982 2980 2989 2988 2986 2996 2993 2994 2988 2982 2988 3026 3035 3056 3062 3062 3070 3078 3080 3079 3073 3076 3073 3071 3076 3073 3065 3077 3071 3064 3053 3058 3064 3023 3013 3002 3025 3004 2993 2984 2991 2981 2994 3000 2991 2995 2978 2982 2987
2982 2979 2991 2978 2981 2981 2986 2991 2982 2978 2985 2991 2979 2991 2991 2981 2998 2983 2977 2984 2991 2982 2991 2998 2980 2983 3018 3026 3047 3068 3071 3073 3072 3077 3078 3074 3073 3079 3069 3071 3074 3084 3075 3073 3083 3068 3055 3063 3033 3023 3013 2996 3017 2993 3003 2997 2985 2985 2995 2997 2977 2985 2989 2977
2977 2987 2988 2982 2984 2994 2979 2978 2967 2981 2983 2976 2995 2984 2980 2980 2978 2985 2980 2978 2980 2982 2979 2990 3000 3007 3011 3020 3037 3054 3060 3077 3082 3067 3082 3085 3092 3088 3072 3076 3081 3085 3069 3084 3082 3058 3062 3052 3018 3017 2996 3010 3008 3003 2989 2988 2984 2981 2982 3007 2983 2996 2997 2994
2990 2992 2981 2983 3000 2986 2986 2989 2980 2986 2996 3008 2983 2989 2977 2983 2976 2984 2969 2992 2982 2996 2995 3000 2991 2994 3007 3023 3031 3053 3067 3063 3079 3079 3077 3086 3094 3067 3081 3077 3076 3080 3076 3075 3078 3059 3050 3027 3027 3019 2994 2993 3005 3004 2996 2999 2990 2963 2986 3002 2991 2983 2995 2983
2990 2987 2997 2988 2991 2998 2984 2991 2984 2985 2996 2996 2989 2988 2980 2989 2969 2978 2976 2987 2984 2990 2994 2989 3003 2979 2988 3009 3035 3045 3067 3066 3063 3064 3080 3089 3090 3087 3085 3085 3075 3079 3076 3072 3065 3055 3044 3026 3027 3020 2998 2995 2986 2994 2997 2986 2973 2981 2995 3004 2982 2997 2986 2983
2988 2988 2991 2984 2990 2980 2982 2985 2980 2985 2989 2995 2984 2979 2980 2981 2971 2985 2982 2979 2985 2987 2995 2999 2995 2986 2991 3006 3023 3043 3060 3068 3067 3076 3088 3081 3085 3074 3089 3084 3076 3083 3084 3075 3062 3052 3030 3012 3012 2994 2999 2987 2989 2983 2982 2980 3001 2990 2999 2999 2996 2980 2993 2984
3000 2987 2982 2986 2976 3005 2989 2987 2988 2986 2987 2998 2998 2988 2987 2986 2978 2992 2980 2989 2983 2999 3002 2998 2992 2985 2985 2989 3012 3028 3043 3048 3064 3076 3091 3103 3088 3067 3067 3073 3082 3086 3082 3076 3057 3062 3018 3009 3000 3000 2981 2985 2986 2989 2993 2993 2992 3006 3004 3003 2999 2994 2983 2981
2977 2993 2987 2986 2988 2995 2998 2986 2967 2987 2986 2988 2986 2980 2984 2991 2980 2986 2967 2978 2980 2968 2977 2988 2987 2989 2981 2997 3001 3009 3035 3051 3076 3069 3066 3086 3072 3077 3077 3070 3078 3073 3073 3069 3066 3061 3026 3009 3018 3007 2990 3000 2998 2983 2987 3001 2998 3002 3007 3004 2985 2994 2986 2983
2981 2985 2975 3010 2995 2985 3004 2981 2967 2973 2976 2981 2969 2985 2986 2978 2976 2988 2965 2967 2984 2982 2985 2983 2988 2997 2989 2995 2992 3010 3041 3046 3061 3068 3081 3081 3077 3076 3068 3069 3074 3077 3078 3068 3057 3063 3025 3014 3018 2998 3007 3004 3010 2988 2997 2987 3005 2994 2992 2990 2989 3002 2986 2989
2985 2989 2996 3000 3000 2988 2985 2974 2989 2988 2977 2975 2988 2990 2987 2995 2990 2977 2994 2969 2990 2970 2988 2990 3003 3004 3006 3000 2998 3011 3050 3072 3066 3073 3094 3083 3081 3091 3076 3090 3083 3075 3076 3075 3057 3053 3024 3017 3015 2991 2993 3003 2995 2991 2998 2995 3002 2984 2986 3005 2998 2986 2997 2984
2993 2991 3003 3017 3003 3000 2967 2990 2989 2978 2967 2976 2990 2996 2990 2984 2988 2984 2988 2984 3000 2995 2994 2999 3002 3008 2993 2996 3008 3014 3042 3075 3089 3088 3086 3074 3070 3096 3091 3096 3075 3076 3071 3084 3076 3060 3024 3020 3002 3021 2994 3009 2999 3006 3007 3002 3007 2994 2986 3007 2987 2989 2992 2992
3005 2992 3001 2992 2990 2997 2987 2994 2991 2987 2987 2979 2999 2996 2981 2998 2982 2988 2992 2996 2994 2992 2999 3004 3017 3010 3005 3011 3013 3031 3046 3066 3077 3088 3081 3071 3081 3082 3088 3094 3087 3089 3073 3092 3079 3061 3040 3032 3026 2998 3013 3016 3019 2999 2998 3007 3004 2996 3001 2993 2988 2992 3000 2995
3003 3000 2989 2997 2993 2994 3000 2996 2992 2997 3002 3000 2992 2992 2985 2984 2995 2993 2988 3005 3016 3009 3008 2994 3007 3012 3009 3016 3028 3046 3062 3084 3084 3080 3069 3081 3079 3085 3079 3086 3071 3082 3085 3091 3091 3079 3049 3028 3021 3019 3024 3038 3018 3015 3010 2988 3005 2984 2986 2999 2990 3001 3001 3005
2989 2989 2980 2980 2993 3013 3003 3000 2997 3006 2987 2989 2988 3000 2993 2996 3001 2991 2998 2999 2999 3024 3026 3024 3016 3008 3011 3040 3051 3069 3060 3060 3066 3071 3075 3073 3074 3068 3089 3073 3093 3085 3091 3095 3093 3087 3065 3033 3033 3033 3028 3034 3018 3015 2998 3005 3001 3016 2993 3012 2999 3003 3001 2984
2988 2992 2986 2996 2984 2998 2998 3003 2994 2998 2993 2993 2993 2994 3000 3024 2997 3005 3007 3008 3015 3016 3024 3043 3023 3026 3035 3050 3066 3070 3064 3073 3085 3075 3082 3084 3085 3077 3090 3083 3086 3086 3095 3093 3100 3090 3083 3059 3044 3033 3041 3018 3031 3031 3015 3001 3014 3018 3018 3008 3008 3001 2997 2992
2970 2978 2987 2989 2995 2990 2990 2996 2997 2994 2977 2993 2979 2991 3006 3006 3009 3016 3017 3026 3032 3040 3035 3036 3050 3046 3045 3049 3074 3068 3068 3060 3060 3069 3079 3072 3077 3081 3081 3082 3079 3084 3082 3085 3090 3080 3075 3066 3060 3058 3048 3039 3033 3042 3022 3021 3028 3030 3017 3016 3017 3026 3006 3002
2960 2974 2984 2989 2992 2992 2998 2994 2992 2990 2976 2987 2964 2995 3005 3016 3016 3023 3025 3042 3036 3045 3053 3052 3046 3049 3043 3040 3054 3066 3071 3069 3069 3066 3079 3082 3080 3094 3091 3088 3084 3082 3088 3081 3066 3073 3075 3067 3075 3062 3057 3061 3052 3037 3036 3026 3037 3045 3043 3020 3030 3020 3021 3008
