3049 3049 3050 3050 3050 3044 3038 3033 3030 3030 3031 3033 3035 3031 3027 3028 3029 3023 3013 3005 2999 3007 3021 3025 3024 3020 3015 3012 3009 3009 3011 3012 3012 3009 3004 3002 3005 3007 3006 3006 3010 3009 3002 2998 3000 3003 3006 3007 3004 3003 3006 3006 2996 2987 2988 2989 3000 3009 3013 3017 3014 3011 3006 3001
3048 3048 3047 3046 3045 3038 3031 3032 3034 3033 3032 3033 3034 3030 3024 3021 3018 3016 3014 3009 3002 3007 3016 3020 3021 3019 3015 3012 3009 3009 3011 3012 3012 3009 3005 3003 3003 3003 3003 3003 3004 3005 3004 3003 3001 3001 3006 3008 3006 3004 3004 3004 2999 2994 2993 2992 3000 3006 3008 3010 3011 3011 3009 3006
3047 3046 3044 3042 3040 3033 3025 3031 3038 3036 3033 3033 3033 3028 3022 3014 3007 3009 3014 3012 3006 3007 3011 3015 3019 3019 3015 3012 3009 3008 3010 3011 3011 3010 3007 3004 3001 3000 3000 3000 2999 3000 3007 3009 3003 3000 3006 3009 3007 3005 3003 3002 3002 3001 2998 2995 2999 3003 3003 3004 3008 3012 3011 3011
3040 3041 3043 3039 3036 3031 3026 3028 3031 3029 3027 3028 3030 3026 3020 3015 3010 3011 3014 3013 3009 3010 3012 3013 3014 3015 3017 3016 3013 3010 3007 3005 3004 3004 3004 3003 3001 3000 3000 3000 3001 3003 3006 3007 3002 3000 3004 3007 3004 3002 2999 2997 2997 2998 2999 3001 3002 3002 3002 3002 3004 3006 3006 3006
3032 3037 3041 3036 3032 3030 3028 3026 3023 3022 3021 3023 3027 3023 3018 3015 3012 3013 3014 3014 3013 3013 3013 3011 3008 3011 3018 3019 3017 3012 3004 2999 2997 2998 3002 3003 3000 2999 3000 3001 3004 3006 3006 3005 3002 3001 3003 3004 3001 2998 2995 2992 2992 2994 3001 3007 3005 3002 3001 3000 3000 2999 3000 3000
3033 3033 3033 3028 3022 3022 3022 3022 3021 3020 3019 3022 3025 3024 3022 3017 3011 3013 3017 3014 3009 3009 3012 3011 3008 3008 3009 3010 3010 3008 3002 3001 3004 3005 3006 3004 3001 3000 3000 3000 3001 3002 3001 3000 2999 2998 2999 3000 3001 3002 3000 2998 2999 3000 3005 3008 3006 3003 2999 2994 2995 2995 3000 3004
3034 3029 3025 3019 3012 3014 3016 3018 3019 3018 3017 3020 3024 3026 3026 3019 3010 3013 3020 3015 3004 3005 3011 3011 3009 3005 2999 2999 3003 3003 3001 3004 3012 3014 3010 3006 3002 3000 3000 3000 2998 2997 2995 2994 2995 2996 2995 2996 3002 3006 3005 3005 3006 3007 3008 3009 3007 3005 2996 2988 2990 2992 3000 3009
2995 2994 2992 2991 2990 2992 2994 2991 2989 2991 2993 2999 3006 3006 3005 3001 2995 2994 2994 2992 2988 2991 2996 2997 2995 2994 2994 2993 2994 2993 2993 2996 3003 3004 2998 2994 2993 2993 2994 2993 2990 2988 2988 2989 2992 2994 2994 2994 2999 3002 3000 2998 2997 2996 3001 3004 3003 3002 2996 2991 2992 2992 2997 3001
2952 2955 2957 2962 2967 2968 2969 2963 2955 2960 2967 2976 2986 2985 2981 2980 2979 2973 2965 2966 2971 2975 2979 2980 2980 2983 2988 2988 2984 2983 2984 2987 2993 2992 2983 2980 2983 2986 2987 2986 2981 2979 2982 2985 2989 2992 2992 2993 2996 2997 2994 2991 2986 2983 2992 3000 2999 2998 2997 2995 2995 2994 2993 2992
2953 2956 2959 2962 2964 2963 2961 2962 2962 2966 2971 2977 2984 2983 2979 2977 2975 2971 2967 2970 2977 2978 2975 2977 2981 2982 2981 2983 2987 2988 2985 2986 2990 2990 2986 2984 2985 2985 2985 2984 2981 2980 2984 2987 2987 2988 2987 2988 2991 2993 2991 2989 2986 2984 2990 2995 2995 2995 2996 2996 2994 2993 2994 2995
2961 2964 2967 2965 2964 2960 2955 2965 2975 2978 2979 2982 2984 2983 2981 2978 2973 2973 2973 2979 2987 2983 2974 2976 2985 2982 2973 2978 2993 2995 2988 2986 2989 2991 2991 2990 2988 2985 2984 2983 2982 2982 2987 2989 2985 2983 2982 2983 2986 2989 2989 2989 2987 2986 2988 2991 2992 2993 2994 2996 2994 2991 2996 3000
2964 2965 2966 2965 2964 2963 2963 2968 2974 2975 2976 2979 2984 2981 2976 2976 2976 2976 2976 2981 2987 2984 2977 2978 2985 2983 2976 2981 2994 2996 2989 2987 2990 2991 2990 2988 2985 2985 2990 2991 2988 2986 2986 2987 2988 2988 2985 2983 2985 2987 2988 2989 2987 2986 2987 2987 2987 2986 2989 2992 2988 2985 2992 2999
2967 2966 2964 2964 2964 2968 2973 2972 2971 2970 2969 2975 2983 2978 2970 2974 2980 2981 2979 2981 2985 2984 2980 2981 2984 2984 2982 2986 2994 2995 2988 2987 2991 2992 2987 2984 2981 2985 2997 3001 2995 2989 2985 2984 2991 2995 2989 2985 2984 2985 2988 2990 2987 2985 2985 2984 2982 2980 2983 2987 2982 2978 2987 2996
2972 2969 2966 2969 2972 2974 2975 2975 2976 2974 2971 2975 2980 2976 2970 2974 2982 2982 2979 2979 2982 2983 2983 2985 2987 2988 2989 2990 2992 2990 2986 2985 2989 2989 2986 2983 2983 2987 2996 3001 2997 2993 2990 2989 2991 2993 2992 2991 2988 2987 2987 2988 2987 2986 2989 2990 2987 2983 2985 2987 2984 2982 2987 2993
2978 2973 2969 2975 2982 2980 2976 2979 2982 2979 2975 2976 2977 2975 2971 2976 2983 2982 2978 2977 2978 2981 2986 2989 2991 2994 2997 2995 2989 2984 2982 2983 2986 2987 2984 2984 2986 2989 2995 2998 2997 2996 2996 2995 2990 2988 2995 2999 2993 2989 2987 2985 2986 2988 2994 2999 2994 2990 2989 2989 2989 2988 2990 2991
2985 2981 2977 2983 2989 2987 2985 2987 2990 2987 2983 2983 2984 2984 2984 2984 2984 2982 2981 2980 2979 2982 2986 2987 2986 2989 2995 2995 2991 2987 2984 2984 2988 2989 2987 2987 2990 2991 2993 2993 2993 2993 2993 2993 2992 2992 2994 2996 2994 2993 2990 2989 2993 2997 3001 3004 2998 2991 2989 2987 2991 2994 2990 2985
2993 2990 2987 2991 2995 2996 2996 2998 2999 2996 2992 2993 2994 2997 3000 2993 2984 2983 2986 2985 2983 2984 2986 2983 2978 2981 2990 2994 2994 2992 2986 2986 2991 2993 2990 2990 2993 2994 2990 2988 2988 2988 2987 2989 2995 2998 2993 2990 2994 2997 2995 2995 3002 3007 3009 3009 3000 2991 2987 2983 2992 3000 2989 2979
3000 2996 2991 2992 2993 2993 2994 2994 2995 2995 2994 2995 2997 2999 3002 2997 2990 2986 2983 2982 2981 2984 2988 2986 2981 2983 2989 2991 2991 2990 2989 2990 2993 2994 2992 2990 2989 2988 2989 2990 2990 2991 2991 2991 2994 2994 2990 2988 2990 2992 2993 2995 3002 3007 3007 3006 3000 2994 2989 2984 2991 2998 2991 2984
3008 3001 2994 2991 2988 2987 2987 2986 2986 2990 2994 2996 2997 2998 2999 2998 2998 2989 2978 2976 2977 2983 2991 2992 2988 2988 2991 2989 2984 2985 2991 2994 2995 2994 2992 2988 2981 2980 2988 2993 2995 2996 2997 2996 2992 2988 2987 2987 2985 2985 2988 2992 2999 3004 3002 3001 2999 2997 2992 2987 2990 2993 2993 2992
3005 3003 3000 2995 2990 2991 2993 2990 2986 2992 2999 3000 3000 2998 2995 2998 3002 2995 2985 2982 2982 2987 2994 2995 2993 2993 2993 2990 2985 2986 2991 2994 2994 2994 2994 2991 2984 2983 2991 2996 2996 2997 2999 2999 2995 2992 2990 2989 2986 2985 2990 2995 3000 3004 3001 2998 3000 3001 2996 2990 2990 2990 2994 2998
2999 3003 3007 3002 2996 3000 3004 2997 2989 2997 3007 3007 3005 2999 2992 2997 3005 3003 2996 2992 2990 2993 2998 2999 2998 2996 2994 2992 2988 2988 2991 2993 2994 2995 2997 2995 2990 2990 2995 2997 2996 2996 2999 3001 3001 3000 2995 2992 2989 2989 2995 3000 3003 3005 3000 2997 3001 3004 3000 2995 2991 2986 2994 3003
3002 3008 3013 3010 3007 3008 3010 3005 3000 3005 3010 3010 3009 3005 3000 3003 3009 3008 3005 3002 2999 3001 3005 3007 3006 3005 3003 3001 2999 2999 3000 3002 3003 3005 3006 3005 3001 3000 3003 3005 3003 3004 3009 3011 3009 3006 3003 3001 3002 3003 3005 3007 3011 3013 3009 3006 3007 3008 3005 3001 2998 2994 2998 3002
3009 3014 3018 3019 3020 3017 3013 3014 3015 3014 3012 3012 3013 3013 3013 3013 3014 3013 3012 3010 3007 3010 3015 3017 3017 3017 3016 3015 3014 3014 3014 3015 3018 3018 3018 3016 3012 3012 3014 3015 3015 3017 3024 3026 3018 3012 3013 3015 3019 3021 3018 3016 3021 3025 3023 3020 3016 3012 3010 3009 3008 3008 3004 3000
3010 3012 3014 3017 3021 3014 3007 3009 3011 3009 3007 3006 3006 3008 3011 3011 3011 3010 3007 3006 3004 3007 3011 3013 3014 3013 3011 3011 3012 3013 3013 3013 3014 3014 3014 3013 3011 3010 3011 3012 3013 3015 3019 3019 3014 3010 3011 3013 3016 3017 3015 3014 3020 3024 3020 3017 3011 3007 3008 3009 3009 3009 3004 3000
3007 3006 3004 3009 3014 3006 2996 2996 2997 2997 2997 2995 2991 2995 3000 3003 3005 3002 2996 2995 2996 2997 2998 3000 3002 3001 2998 2998 3001 3003 3003 3002 3001 3001 3002 3003 3002 3001 3000 3001 3005 3006 3002 3001 3003 3004 3004 3004 3002 3001 3003 3007 3011 3015 3009 3004 2999 2996 3002 3007 3005 3003 3002 3001
3001 3001 3001 3003 3005 2998 2991 2992 2994 2994 2993 2991 2989 2993 2997 3001 3005 3000 2993 2992 2993 2994 2995 2995 2995 2994 2993 2994 2997 2999 2998 2998 2998 2999 2999 2998 2997 2996 2995 2996 2999 2999 2993 2990 2995 2998 2998 2998 2994 2993 2997 3002 3005 3007 3002 2997 2994 2992 2996 3000 2998 2996 2999 3001
2993 2997 3001 2997 2993 2991 2990 2993 2996 2995 2992 2993 2994 2997 3000 3004 3007 3003 2997 2995 2995 2996 2998 2996 2991 2991 2993 2996 2998 2998 2996 2998 3003 3004 3000 2997 2995 2993 2993 2994 2995 2994 2988 2985 2988 2991 2993 2995 2992 2991 2995 2998 3000 3000 2997 2994 2993 2992 2992 2992 2989 2987 2994 3000
2990 2994 2998 2994 2991 2990 2990 2994 2997 2996 2994 2994 2995 3000 3005 3009 3012 3010 3006 3004 3002 3003 3006 3002 2994 2992 2994 2995 2998 2997 2993 2993 2998 3000 3000 2997 2990 2988 2991 2993 2992 2991 2988 2987 2988 2990 2992 2993 2990 2988 2992 2995 2996 2996 2994 2991 2991 2992 2992 2993 2989 2986 2995 3003
2991 2991 2991 2993 2995 2994 2992 2994 2997 2997 2997 2995 2993 3001 3011 3016 3019 3019 3019 3017 3014 3015 3017 3012 3003 2997 2994 2994 2997 2995 2988 2985 2986 2990 2998 2996 2984 2980 2989 2993 2989 2988 2992 2995 2993 2993 2993 2993 2988 2985 2988 2991 2993 2994 2991 2988 2990 2992 2997 3002 2997 2992 3000 3008
2991 2990 2989 2992 2995 2994 2992 2994 2998 2999 3000 2999 2996 3003 3013 3017 3019 3021 3022 3022 3021 3021 3021 3016 3008 3003 3000 2998 2998 2994 2988 2985 2983 2986 2993 2992 2982 2980 2989 2993 2988 2987 2993 2996 2993 2992 2993 2993 2989 2986 2990 2993 2992 2990 2989 2988 2990 2993 2998 3003 3000 2996 3001 3006
2990 2991 2992 2992 2993 2991 2989 2994 2999 3002 3003 3004 3005 3007 3011 3013 3014 3016 3017 3020 3023 3021 3017 3014 3011 3010 3010 3006 2999 2995 2993 2991 2988 2987 2986 2985 2984 2986 2990 2992 2988 2986 2990 2991 2989 2988 2992 2995 2992 2991 2997 3000 2991 2985 2987 2990 2992 2994 2997 2999 2999 2999 2999 2999
2989 2991 2993 2993 2993 2992 2991 2998 3005 3008 3010 3012 3015 3015 3015 3016 3019 3017 3015 3018 3025 3023 3017 3015 3015 3015 3015 3012 3006 3003 3002 2999 2994 2989 2985 2984 2986 2989 2991 2991 2987 2985 2987 2988 2987 2987 2992 2994 2993 2992 2996 2998 2990 2984 2989 2993 2994 2995 2998 3001 2999 2997 2998 2999
2988 2991 2994 2994 2995 2996 2998 3006 3015 3019 3021 3024 3026 3026 3024 3027 3032 3025 3015 3018 3027 3026 3020 3019 3021 3020 3016 3016 3016 3016 3014 3009 3000 2994 2989 2987 2989 2989 2990 2989 2986 2984 2985 2986 2987 2989 2991 2992 2991 2990 2989 2988 2987 2988 2993 2997 2996 2995 3002 3008 2999 2991 2999 3008
2993 2997 3001 3001 3002 3005 3008 3014 3020 3023 3027 3031 3034 3033 3030 3034 3039 3030 3014 3016 3025 3026 3021 3021 3022 3021 3019 3020 3022 3023 3023 3018 3009 3003 2998 2995 2994 2994 2997 2996 2992 2989 2989 2989 2990 2992 2994 2995 2993 2991 2989 2987 2987 2988 2996 3003 3001 3000 3005 3009 2998 2988 3000 3012
3006 3011 3015 3015 3014 3017 3021 3019 3017 3022 3028 3033 3039 3037 3033 3036 3042 3030 3013 3013 3021 3022 3021 3019 3017 3019 3022 3024 3023 3024 3026 3025 3022 3017 3012 3008 3003 3004 3012 3014 3006 3000 2998 2997 2997 2998 3002 3005 3001 2998 2997 2995 2988 2985 2998 3010 3010 3011 3008 3005 2997 2989 3000 3011
3010 3014 3017 3019 3021 3023 3025 3023 3019 3025 3032 3037 3042 3039 3035 3036 3040 3029 3013 3012 3017 3019 3021 3018 3014 3016 3023 3025 3024 3025 3028 3030 3030 3026 3020 3012 3004 3003 3013 3015 3008 3003 3001 2999 3000 3001 3003 3004 3001 2999 2999 2998 2990 2986 2998 3009 3012 3014 3009 3003 2996 2990 2999 3009
3004 3004 3004 3012 3020 3021 3020 3024 3027 3034 3040 3043 3045 3041 3035 3033 3033 3025 3016 3013 3013 3017 3022 3020 3014 3015 3019 3022 3023 3026 3030 3033 3033 3029 3019 3008 2995 2990 2995 2998 2996 2995 2994 2994 2998 2999 2995 2993 2994 2995 2996 2996 2994 2992 2996 2999 3005 3010 3007 3004 2997 2991 2998 3005
2998 2998 2999 3009 3020 3019 3016 3024 3032 3040 3048 3049 3048 3044 3037 3033 3028 3023 3018 3015 3013 3016 3020 3019 3015 3015 3018 3022 3027 3030 3033 3034 3036 3031 3020 3007 2992 2984 2985 2987 2989 2991 2990 2991 2996 2997 2990 2986 2990 2993 2994 2994 2994 2994 2993 2993 2998 3004 3004 3004 3000 2995 2999 3003
2993 2998 3002 3011 3020 3018 3015 3023 3032 3043 3054 3054 3052 3048 3042 3035 3027 3023 3021 3019 3018 3016 3014 3016 3018 3019 3020 3026 3037 3039 3035 3034 3037 3034 3025 3013 2997 2987 2984 2984 2988 2991 2990 2991 2995 2996 2990 2986 2992 2996 2994 2992 2991 2990 2989 2989 2993 2996 3000 3004 3004 3004 3005 3006
2994 2999 3005 3012 3020 3017 3014 3022 3033 3043 3053 3056 3057 3054 3050 3043 3036 3029 3023 3022 3022 3018 3013 3015 3021 3023 3022 3029 3042 3044 3037 3035 3038 3036 3030 3019 3003 2992 2986 2984 2989 2992 2991 2991 2993 2993 2989 2986 2991 2995 2993 2991 2989 2987 2987 2987 2989 2992 2998 3004 3005 3007 3007 3007
3005 3005 3004 3011 3018 3017 3014 3023 3033 3037 3040 3051 3062 3063 3062 3061 3059 3044 3025 3022 3027 3024 3017 3018 3024 3026 3026 3031 3041 3042 3038 3037 3039 3038 3034 3025 3011 2999 2991 2988 2994 2996 2992 2990 2990 2989 2987 2985 2987 2989 2990 2990 2988 2985 2986 2987 2990 2994 2999 3003 3001 2999 3002 3005
3009 3007 3005 3011 3017 3016 3014 3022 3031 3034 3035 3050 3066 3071 3073 3074 3075 3056 3031 3029 3036 3033 3026 3025 3027 3029 3030 3035 3042 3044 3041 3040 3040 3039 3038 3030 3016 3004 2993 2988 2994 2996 2993 2991 2989 2988 2987 2986 2987 2988 2989 2990 2988 2987 2988 2989 2992 2994 2997 2999 2995 2991 2996 3002
3001 3004 3007 3011 3015 3015 3015 3021 3027 3035 3045 3056 3068 3076 3082 3081 3076 3063 3046 3046 3052 3049 3043 3036 3030 3031 3037 3043 3049 3050 3048 3045 3040 3038 3039 3033 3019 3005 2991 2983 2987 2990 2992 2994 2995 2994 2990 2989 2995 2998 2993 2990 2992 2995 2995 2995 2995 2994 2991 2989 2985 2982 2990 2998
2994 3000 3006 3011 3015 3016 3017 3021 3026 3039 3053 3062 3071 3080 3089 3085 3076 3068 3060 3059 3062 3060 3056 3047 3033 3034 3044 3051 3057 3057 3055 3050 3044 3041 3041 3035 3021 3006 2990 2981 2983 2986 2992 2996 2999 2999 2994 2992 2997 3000 2992 2987 2993 2998 2998 2998 2996 2993 2988 2984 2980 2977 2985 2994
2990 2995 2999 3010 3020 3021 3021 3027 3035 3047 3059 3068 3076 3084 3091 3085 3074 3071 3070 3065 3059 3060 3063 3054 3039 3041 3053 3061 3066 3065 3060 3057 3055 3051 3045 3034 3020 3007 2994 2987 2986 2988 2991 2995 2999 3001 2997 2993 2989 2985 2982 2981 2986 2991 2992 2993 2992 2991 2991 2990 2985 2981 2985 2988
2990 2994 2997 3009 3021 3022 3023 3031 3041 3053 3065 3073 3081 3086 3092 3085 3075 3075 3078 3071 3058 3060 3068 3062 3047 3050 3063 3070 3074 3073 3068 3066 3066 3060 3049 3036 3021 3008 2997 2990 2988 2988 2991 2994 2998 3000 2998 2994 2984 2977 2977 2978 2982 2986 2988 2989 2989 2990 2991 2992 2989 2985 2984 2983
2998 3002 3006 3011 3016 3019 3021 3031 3041 3055 3068 3077 3085 3087 3089 3086 3083 3082 3081 3073 3062 3063 3070 3069 3063 3065 3072 3077 3081 3082 3082 3079 3074 3066 3055 3042 3025 3010 2996 2987 2985 2985 2990 2994 2994 2994 2993 2992 2990 2988 2987 2986 2986 2986 2988 2989 2989 2989 2989 2988 2989 2989 2984 2980
3003 3007 3011 3012 3012 3016 3021 3031 3041 3056 3071 3080 3087 3088 3087 3088 3090 3088 3084 3077 3068 3069 3074 3076 3077 3078 3079 3082 3084 3087 3091 3089 3081 3072 3062 3049 3032 3015 2998 2987 2984 2984 2990 2993 2990 2989 2990 2992 2993 2994 2992 2991 2989 2988 2988 2988 2989 2990 2987 2984 2988 2992 2986 2980
2999 3004 3009 3010 3011 3016 3022 3031 3041 3057 3074 3081 3086 3088 3090 3092 3093 3091 3087 3085 3083 3083 3083 3083 3084 3082 3078 3077 3079 3083 3088 3088 3083 3077 3070 3060 3047 3030 3008 2993 2990 2989 2990 2991 2988 2988 2993 2995 2993 2990 2988 2987 2993 2996 2989 2984 2990 2994 2987 2981 2987 2993 2993 2992
2995 3001 3007 3009 3011 3016 3022 3031 3041 3058 3076 3082 3085 3088 3091 3093 3094 3093 3089 3091 3094 3093 3089 3089 3089 3085 3077 3074 3076 3080 3087 3088 3083 3079 3075 3069 3058 3041 3015 2998 2995 2993 2991 2990 2988 2988 2995 2999 2993 2988 2986 2986 2995 3000 2990 2982 2990 2997 2988 2979 2987 2994 2997 3000
2989 2997 3006 3008 3010 3015 3019 3031 3044 3060 3076 3080 3081 3083 3085 3087 3089 3090 3091 3091 3091 3090 3090 3089 3087 3083 3079 3078 3081 3084 3089 3087 3079 3074 3072 3066 3055 3039 3015 2999 2996 2993 2992 2992 2991 2992 2997 2999 2997 2995 2993 2991 2991 2991 2989 2987 2992 2996 2990 2984 2989 2994 2995 2996
2985 2995 3005 3008 3010 3013 3017 3030 3045 3060 3076 3078 3078 3079 3081 3082 3084 3087 3091 3090 3087 3088 3091 3089 3084 3082 3080 3081 3084 3087 3090 3086 3076 3071 3070 3064 3053 3038 3016 3001 2997 2994 2993 2993 2994 2995 2998 2999 3000 3000 2998 2996 2989 2984 2989 2993 2995 2996 2992 2989 2992 2995 2994 2993
2992 3000 3009 3009 3008 3012 3017 3027 3038 3054 3071 3075 3077 3079 3081 3082 3083 3085 3088 3087 3084 3087 3093 3091 3083 3080 3079 3080 3082 3084 3087 3084 3077 3072 3070 3064 3052 3036 3017 3003 2997 2993 2993 2993 2994 2994 2995 2995 2994 2995 2998 2999 2992 2987 2993 2999 2999 3000 2999 2998 2999 2999 2997 2995
2996 3003 3011 3009 3007 3011 3017 3024 3032 3049 3067 3072 3076 3078 3080 3082 3083 3084 3084 3084 3083 3087 3095 3091 3083 3079 3079 3079 3079 3080 3083 3081 3076 3072 3070 3063 3050 3035 3017 3003 2996 2992 2993 2993 2994 2994 2993 2992 2990 2991 2998 3003 2996 2991 2998 3004 3003 3003 3004 3005 3004 3002 2999 2996
2989 2996 3003 3003 3004 3010 3017 3023 3028 3045 3064 3070 3072 3075 3079 3084 3090 3086 3080 3083 3090 3092 3091 3088 3082 3078 3076 3074 3073 3073 3075 3074 3071 3069 3068 3062 3050 3034 3013 2997 2991 2989 2992 2995 2997 2998 2995 2993 2992 2993 2998 3002 3000 2998 3000 3001 3002 3002 3000 2998 2999 3000 2999 2999
2984 2991 2997 3000 3002 3010 3018 3021 3024 3041 3061 3067 3070 3074 3078 3086 3096 3089 3078 3083 3096 3095 3088 3084 3082 3079 3074 3071 3069 3068 3069 3069 3067 3066 3066 3060 3048 3032 3009 2993 2988 2987 2992 2997 3001 3002 2997 2994 2994 2994 2999 3002 3004 3004 3001 2999 3001 3002 2997 2994 2996 2998 2999 3001
2992 2996 2999 3006 3012 3013 3013 3018 3024 3039 3056 3065 3074 3080 3085 3091 3097 3093 3086 3087 3090 3087 3082 3082 3084 3083 3080 3078 3075 3074 3072 3072 3071 3069 3066 3057 3039 3024 3012 3002 2996 2994 2996 2999 3001 3003 2999 2996 2996 2996 3000 3003 3002 3001 3000 2999 3000 3002 3004 3006 3005 3003 3002 3002
3000 3000 3001 3011 3021 3016 3011 3017 3024 3037 3050 3064 3077 3084 3091 3095 3098 3096 3093 3089 3084 3081 3077 3080 3085 3086 3086 3084 3081 3078 3075 3074 3074 3072 3066 3053 3031 3017 3014 3010 3004 3000 3000 3001 3003 3003 3000 2998 2997 2998 3002 3004 3000 2997 2999 3000 3001 3002 3010 3017 3012 3008 3005 3002
2997 2999 3000 3008 3016 3019 3021 3023 3025 3034 3045 3058 3070 3081 3091 3093 3093 3090 3086 3084 3083 3082 3079 3081 3084 3084 3084 3081 3078 3076 3074 3072 3071 3067 3063 3051 3029 3017 3016 3013 3006 3003 3008 3010 3007 3005 3001 2998 2998 2998 3000 3000 2994 2991 2998 3004 3005 3007 3011 3015 3009 3004 3005 3006
2994 2997 3000 3006 3012 3021 3031 3029 3025 3032 3041 3052 3063 3077 3090 3091 3088 3084 3080 3080 3082 3083 3082 3082 3083 3083 3082 3079 3076 3074 3073 3071 3067 3063 3060 3048 3028 3016 3017 3015 3008 3006 3015 3018 3012 3006 3001 2998 2999 2999 2998 2996 2989 2985 2997 3008 3009 3010 3012 3012 3007 3001 3005 3009
2997 3001 3005 3008 3012 3018 3023 3024 3024 3032 3042 3049 3056 3067 3080 3084 3084 3085 3087 3086 3085 3085 3086 3086 3087 3086 3085 3083 3080 3077 3073 3069 3066 3061 3056 3045 3028 3017 3014 3011 3008 3006 3007 3008 3008 3007 3004 3002 2999 2998 3002 3004 2997 2993 2997 3001 3001 3001 3004 3006 3004 3003 3006 3009
3000 3004 3009 3011 3013 3014 3016 3020 3023 3032 3042 3046 3048 3058 3070 3076 3081 3087 3093 3092 3088 3088 3090 3091 3090 3089 3088 3087 3085 3080 3073 3068 3064 3059 3052 3042 3027 3017 3011 3008 3008 3006 3000 2998 3004 3008 3007 3006 3000 2998 3005 3010 3005 2999 2997 2994 2992 2991 2996 3000 3002 3004 3007 3009
3006 3004 3002 3008 3014 3015 3016 3019 3022 3027 3032 3036 3039 3053 3069 3077 3083 3088 3092 3091 3088 3088 3090 3091 3092 3092 3091 3090 3089 3084 3076 3069 3062 3057 3053 3043 3024 3012 3007 3005 3006 3005 2999 2996 2998 3000 3004 3006 3002 2999 2999 2999 2999 2998 2995 2992 2992 2993 3000 3005 3003 3001 3009 3017
3012 3004 2995 3005 3015 3016 3016 3018 3021 3021 3022 3026 3030 3048 3068 3078 3085 3088 3090 3089 3087 3088 3090 3092 3093 3094 3093 3093 3092 3088 3080 3070 3060 3054 3055 3045 3021 3007 3003 3002 3004 3003 2998 2994 2992 2993 3001 3007 3004 3000 2992 2987 2993 2997 2993 2990 2992 2995 3003 3011 3004 2998 3012 3025
