3114 3114 3120 3105 3103 3122 3126 3122 3131 3126 3124 3117 3112 3123 3133 3126 3129 3119 3118 3117 3107 3108 3108 3124 3119 3119 3095 3099 3113 3104 3096 3094 3100 3108 3092 3078 3100 3106 3093 3096 3101 3109 3101 3097 3082 3094 3091 3084 3104 3086 3088 3090 3094 3064 3070 3076 3073 3067 3067 3048 3023 3015 3024 3036
3100 3111 3130 3114 3112 3113 3123 3118 3112 3118 3112 3121 3105 3112 3118 3120 3116 3125 3107 3117 3114 3109 3128 3120 3108 3101 3088 3100 3094 3097 3107 3095 3104 3101 3098 3086 3096 3110 3101 3095 3099 3108 3114 3108 3098 3091 3093 3084 3092 3102 3086 3088 3090 3080 3086 3077 3060 3060 3054 3047 3043 3014 3027 3025
3098 3111 3123 3125 3129 3120 3109 3108 3118 3110 3096 3107 3104 3124 3109 3116 3105 3116 3119 3109 3105 3107 3118 3129 3104 3108 3109 3098 3092 3094 3106 3111 3104 3098 3104 3106 3086 3111 3092 3089 3083 3096 3099 3098 3083 3082 3085 3082 3095 3088 3092 3084 3090 3087 3074 3063 3076 3069 3055 3046 3031 3015 3017 3020
3096 3102 3108 3106 3106 3101 3106 3113 3116 3112 3096 3108 3106 3119 3121 3110 3115 3115 3111 3094 3098 3104 3117 3101 3108 3112 3103 3094 3096 3103 3093 3107 3093 3097 3110 3103 3085 3092 3076 3102 3094 3093 3093 3094 3096 3092 3088 3084 3080 3078 3082 3103 3089 3074 3069 3068 3057 3059 3050 3033 3018 3006 3016 3011
3094 3090 3091 3101 3081 3093 3115 3104 3125 3096 3091 3105 3102 3117 3123 3111 3111 3109 3113 3103 3094 3104 3099 3092 3099 3105 3090 3093 3084 3084 3096 3084 3085 3098 3097 3104 3093 3087 3094 3100 3084 3081 3077 3087 3092 3089 3089 3090 3078 3084 3092 3091 3089 3059 3072 3058 3059 3060 3057 3025 3008 2996 3008 3015
3097 3107 3116 3094 3087 3098 3106 3103 3109 3109 3089 3105 3111 3111 3113 3101 3094 3097 3102 3109 3103 3106 3104 3092 3100 3097 3102 3085 3096 3088 3103 3096 3100 3099 3108 3092 3095 3094 3096 3105 3086 3094 3074 3092 3095 3107 3087 3102 3071 3074 3095 3092 3079 3068 3068 3064 3064 3055 3029 3034 3015 3006 3002 3013
3107 3102 3106 3105 3101 3106 3105 3104 3090 3096 3093 3108 3100 3099 3102 3098 3104 3105 3107 3116 3104 3100 3106 3115 3096 3105 3092 3093 3083 3091 3088 3111 3100 3087 3093 3105 3090 3091 3091 3088 3100 3086 3093 3083 3085 3092 3093 3095 3095 3095 3089 3082 3088 3078 3078 3074 3076 3074 3057 3041 3017 3001 2996 2997
3080 3075 3064 3073 3079 3080 3091 3080 3074 3075 3081 3083 3084 3092 3093 3098 3083 3094 3090 3098 3089 3090 3090 3098 3086 3071 3088 3075 3063 3072 3082 3091 3091 3087 3097 3083 3086 3073 3091 3085 3085 3084 3076 3075 3088 3095 3096 3082 3084 3082 3091 3089 3080 3076 3065 3071 3061 3066 3046 3021 3021 3004 3006 3018
3033 3025 3029 3039 3057 3056 3055 3054 3049 3058 3069 3054 3071 3051 3072 3081 3073 3085 3080 3079 3082 3076 3085 3080 3071 3059 3073 3077 3063 3065 3075 3076 3077 3093 3078 3073 3074 3092 3080 3072 3071 3069 3063 3064 3073 3102 3078 3075 3069 3079 3077 3078 3075 3065 3063 3050 3046 3064 3040 3017 3019 3004 3010 2990
3030 3039 3036 3034 3053 3042 3055 3046 3054 3054 3055 3044 3046 3054 3068 3068 3071 3079 3083 3072 3074 3061 3066 3066 3073 3070 3065 3065 3063 3076 3080 3070 3074 3079 3080 3074 3074 3075 3078 3078 3081 3086 3068 3076 3086 3084 3095 3071 3081 3079 3082 3069 3058 3060 3063 3057 3062 3036 3016 3015 3022 2991 3001 3000
3016 3023 3034 3043 3049 3056 3038 3053 3049 3056 3063 3063 3054 3069 3068 3066 3085 3075 3072 3087 3065 3071 3072 3076 3081 3080 3078 3081 3070 3068 3063 3078 3083 3080 3075 3068 3080 3072 3086 3076 3077 3082 3082 3075 3093 3078 3087 3080 3069 3061 3058 3069 3067 3084 3059 3061 3040 3031 3019 3014 3012 3000 3006 3006
3006 3014 3043 3029 3056 3057 3042 3041 3054 3052 3068 3066 3073 3072 3062 3072 3080 3079 3084 3081 3087 3072 3071 3080 3072 3074 3079 3084 3063 3076 3081 3074 3080 3082 3080 3074 3069 3073 3078 3073 3073 3087 3083 3090 3083 3085 3069 3066 3082 3067 3071 3060 3059 3060 3052 3050 3033 3005 3010 3003 3002 3006 3009 2990
3007 3013 3038 3035 3045 3042 3048 3046 3047 3058 3053 3064 3073 3072 3082 3081 3084 3081 3085 3084 3087 3074 3077 3066 3081 3076 3082 3086 3080 3075 3077 3079 3085 3085 3088 3083 3073 3071 3081 3087 3083 3102 3092 3087 3078 3099 3076 3059 3070 3074 3070 3067 3063 3045 3047 3034 3006 2988 2998 3006 3003 3003 3003 2985
3002 3031 3034 3038 3044 3032 3040 3055 3048 3057 3059 3061 3070 3073 3081 3072 3083 3073 3076 3077 3082 3100 3084 3081 3082 3092 3083 3085 3098 3093 3083 3086 3083 3087 3096 3073 3088 3082 3071 3080 3076 3088 3077 3082 3083 3080 3065 3061 3071 3083 3069 3068 3061 3054 3037 3022 3016 2994 3000 3000 2996 2998 3007 3006
2994 3025 3030 3049 3053 3041 3055 3051 3046 3052 3057 3073 3063 3053 3069 3074 3080 3068 3073 3074 3079 3083 3069 3078 3091 3078 3090 3084 3082 3092 3094 3099 3084 3090 3096 3082 3081 3086 3072 3077 3095 3077 3081 3088 3063 3078 3088 3075 3066 3078 3083 3068 3060 3041 3034 3017 3011 3016 2993 2987 2995 3001 3015 3006
3010 3016 3033 3045 3049 3051 3061 3044 3054 3046 3072 3069 3060 3072 3068 3063 3078 3057 3072 3074 3074 3074 3087 3077 3102 3082 3078 3076 3092 3081 3082 3077 3094 3093 3079 3090 3091 3069 3080 3075 3074 3074 3074 3081 3081 3076 3091 3078 3073 3078 3067 3064 3044 3034 3015 3007 3006 3000 2996 3004 3017 3004 3005 2998
3024 3017 3040 3046 3051 3053 3063 3066 3067 3070 3084 3080 3069 3063 3076 3086 3063 3065 3081 3065 3072 3068 3089 3075 3077 3073 3079 3072 3082 3083 3093 3091 3088 3083 3088 3075 3087 3087 3087 3082 3091 3066 3063 3071 3069 3067 3084 3069 3072 3065 3070 3057 3029 3031 3013 3008 3000 2998 3005 3003 3012 3003 2996 3007
3005 3013 3028 3031 3053 3053 3062 3070 3058 3070 3088 3067 3065 3064 3074 3068 3080 3084 3079 3078 3074 3080 3083 3074 3074 3074 3079 3089 3094 3083 3085 3086 3079 3082 3075 3074 3075 3082 3075 3077 3090 3077 3076 3089 3064 3066 3075 3083 3068 3064 3067 3051 3025 3020 2998 2997 2999 3001 3002 3009 2998 3001 3004 3009
3004 3002 3011 3029 3051 3054 3057 3064 3076 3058 3076 3068 3076 3073 3083 3069 3074 3085 3078 3077 3078 3098 3081 3082 3070 3066 3089 3075 3079 3066 3080 3073 3081 3072 3079 3076 3076 3090 3071 3077 3092 3087 3077 3081 3075 3081 3079 3066 3057 3050 3059 3034 3023 3007 3007 3012 3004 2989 3003 3012 3003 3002 3003 3015
2996 2997 3015 3042 3041 3047 3066 3056 3069 3071 3078 3081 3076 3076 3080 3075 3083 3066 3071 3092 3079 3072 3075 3079 3066 3072 3074 3068 3054 3068 3082 3070 3075 3071 3071 3066 3071 3067 3071 3083 3087 3084 3091 3070 3074 3076 3075 3081 3067 3042 3029 3015 3012 2998 2985 3002 2996 2993 2990 3000 3001 2999 3005 3010
2983 2994 2986 3022 3031 3045 3068 3084 3079 3078 3075 3070 3063 3073 3069 3083 3082 3081 3070 3082 3075 3063 3065 3075 3074 3075 3075 3068 3074 3056 3072 3071 3078 3072 3083 3074 3061 3080 3075 3078 3070 3079 3091 3071 3080 3066 3069 3069 3059 3057 3046 3012 3010 2999 2991 3007 2997 3000 3013 3001 2994 2984 3002 3004
3009 2998 3012 3013 3026 3051 3074 3074 3071 3072 3067 3079 3068 3082 3064 3069 3084 3064 3076 3080 3073 3073 3073 3078 3068 3068 3064 3072 3075 3081 3069 3075 3072 3068 3086 3083 3073 3062 3078 3084 3084 3080 3077 3072 3086 3072 3078 3078 3057 3037 3028 3002 3003 2998 3000 2997 3006 3006 3023 3004 2995 2994 3009 3011
3026 3021 3026 3035 3016 3038 3057 3062 3067 3061 3067 3064 3079 3081 3070 3075 3067 3077 3078 3074 3080 3080 3074 3075 3071 3068 3070 3075 3056 3080 3080 3084 3075 3085 3072 3064 3065 3063 3070 3072 3077 3073 3078 3074 3077 3068 3072 3059 3059 3047 3020 2996 3012 3001 3001 3012 3015 3013 3000 2993 2997 3009 3013 3004
3024 3023 3043 3029 3021 3051 3060 3064 3080 3079 3067 3074 3079 3082 3080 3084 3074 3060 3068 3075 3086 3095 3081 3076 3054 3073 3077 3073 3068 3079 3079 3076 3070 3071 3075 3080 3075 3057 3079 3066 3071 3087 3064 3079 3092 3077 3078 3079 3057 3052 3023 2996 3010 3007 3002 2998 3011 3009 3000 2990 2994 3012 3002 3005
3015 3032 3038 3046 3047 3061 3070 3063 3077 3086 3076 3077 3078 3070 3085 3075 3069 3067 3067 3074 3085 3074 3071 3061 3084 3073 3075 3070 3079 3067 3061 3068 3072 3088 3073 3082 3072 3078 3073 3088 3073 3071 3080 3070 3076 3086 3086 3077 3069 3051 3039 3023 2996 3013 3000 3003 2996 3014 2987 2999 3008 3009 3008 2998
3031 3037 3053 3053 3052 3076 3078 3066 3073 3074 3072 3065 3073 3076 3081 3078 3068 3053 3063 3066 3064 3078 3083 3081 3082 3080 3080 3075 3078 3061 3073 3072 3082 3078 3074 3070 3075 3068 3069 3079 3070 3087 3078 3083 3077 3077 3072 3092 3074 3066 3044 3038 3018 3008 3008 3003 2999 3010 3004 3005 3007 2991 2998 3000
3043 3060 3071 3066 3081 3060 3067 3081 3071 3058 3069 3071 3080 3077 3071 3084 3046 3066 3088 3081 3072 3075 3076 3080 3081 3079 3056 3069 3058 3076 3061 3065 3072 3083 3067 3075 3075 3071 3065 3071 3066 3074 3081 3067 3074 3066 3087 3065 3061 3059 3049 3043 3033 3019 3028 3005 3001 3007 3007 2999 3010 3004 3009 2998
3065 3067 3070 3079 3072 3079 3077 3083 3060 3069 3075 3093 3079 3078 3078 3058 3062 3076 3071 3071 3070 3068 3085 3079 3083 3076 3074 3075 3071 3067 3059 3073 3069 3070 3085 3063 3077 3078 3076 3075 3072 3074 3079 3072 3071 3076 3081 3073 3071 3077 3066 3047 3040 3029 3031 3017 3014 3014 3003 2994 3016 3023 3006 3007
3064 3066 3065 3077 3097 3084 3079 3070 3068 3081 3066 3070 3075 3070 3069 3074 3059 3061 3068 3068 3063 3068 3073 3069 3081 3070 3081 3077 3082 3066 3076 3067 3071 3083 3082 3073 3090 3077 3073 3086 3063 3077 3071 3072 3082 3086 3066 3075 3072 3066 3069 3059 3052 3041 3042 3036 3015 3012 3010 3020 3016 3012 2994 3015
3061 3065 3083 3082 3081 3086 3088 3090 3068 3080 3066 3076 3078 3067 3064 3063 3073 3063 3067 3066 3076 3076 3071 3066 3083 3073 3087 3076 3073 3073 3075 3078 3077 3085 3083 3088 3074 3074 3075 3070 3085 3074 3074 3078 3081 3079 3071 3070 3073 3080 3069 3069 3065 3049 3047 3031 3023 3032 3035 3021 3025 3027 3011 3021
3058 3068 3081 3087 3087 3075 3076 3065 3078 3079 3078 3074 3077 3071 3083 3081 3070 3063 3068 3064 3070 3081 3070 3072 3084 3086 3066 3073 3073 3077 3071 3073 3078 3069 3072 3065 3074 3071 3080 3092 3089 3072 3069 3067 3080 3081 3076 3069 3081 3063 3085 3080 3073 3060 3055 3050 3038 3046 3049 3046 3048 3041 3035 3041
3059 3062 3070 3071 3081 3078 3076 3079 3069 3064 3067 3082 3064 3061 3079 3080 3071 3067 3070 3079 3082 3070 3077 3075 3083 3078 3072 3072 3081 3080 3067 3072 3071 3086 3071 3067 3066 3074 3080 3082 3081 3091 3080 3079 3071 3068 3079 3070 3067 3080 3084 3074 3064 3063 3066 3059 3062 3060 3043 3054 3069 3058 3047 3039
3073 3070 3062 3085 3076 3081 3078 3075 3074 3070 3071 3068 3066 3078 3079 3073 3057 3075 3079 3079 3078 3062 3080 3063 3074 3066 3067 3072 3066 3083 3066 3066 3080 3079 3070 3074 3071 3070 3073 3083 3079 3069 3073 3071 3072 3086 3086 3086 3071 3093 3087 3079 3070 3056 3064 3053 3061 3043 3050 3049 3059 3063 3063 3059
3059 3077 3079 3084 3093 3075 3075 3079 3057 3070 3064 3074 3090 3069 3076 3079 3077 3075 3072 3061 3078 3077 3063 3069 3070 3063 3067 3067 3067 3070 3069 3076 3089 3075 3076 3069 3083 3083 3081 3079 3077 3089 3076 3083 3083 3068 3089 3070 3088 3067 3094 3082 3075 3068 3070 3073 3047 3070 3055 3044 3067 3080 3066 3062
3069 3058 3071 3079 3088 3092 3088 3076 3065 3068 3081 3079 3079 3080 3076 3069 3077 3067 3055 3080 3079 3090 3078 3078 3087 3066 3066 3080 3088 3087 3078 3092 3088 3096 3079 3077 3094 3084 3088 3082 3085 3078 3079 3064 3084 3073 3079 3072 3073 3088 3089 3098 3075 3065 3064 3051 3053 3046 3050 3056 3066 3052 3058 3067
3067 3067 3071 3080 3074 3080 3083 3069 3080 3080 3090 3079 3078 3073 3079 3078 3060 3061 3068 3073 3067 3077 3082 3092 3077 3069 3068 3078 3074 3076 3070 3076 3077 3074 3084 3079 3088 3092 3092 3081 3072 3076 3070 3078 3084 3066 3077 3074 3070 3086 3098 3096 3086 3070 3075 3043 3058 3059 3062 3058 3064 3060 3058 3065
3062 3068 3064 3084 3087 3081 3078 3088 3081 3067 3079 3077 3079 3068 3064 3062 3074 3065 3079 3076 3073 3062 3083 3070 3076 3080 3060 3077 3092 3088 3072 3083 3083 3083 3081 3087 3090 3072 3097 3074 3064 3066 3077 3076 3080 3075 3077 3077 3079 3089 3087 3095 3085 3069 3054 3060 3060 3066 3046 3047 3054 3044 3049 3064
3065 3077 3071 3072 3080 3079 3069 3087 3067 3089 3067 3078 3085 3070 3067 3065 3077 3081 3074 3072 3066 3081 3062 3075 3071 3074 3074 3073 3081 3078 3084 3075 3084 3082 3083 3081 3080 3079 3077 3085 3082 3074 3079 3084 3075 3060 3074 3075 3083 3093 3087 3087 3074 3070 3080 3068 3054 3047 3055 3051 3043 3052 3056 3061
3059 3070 3072 3073 3076 3087 3096 3080 3086 3080 3071 3073 3078 3064 3074 3064 3069 3057 3065 3077 3073 3088 3074 3078 3081 3073 3075 3074 3079 3083 3065 3086 3084 3074 3073 3076 3086 3088 3081 3087 3089 3076 3080 3077 3083 3081 3079 3075 3079 3091 3094 3092 3077 3054 3066 3064 3056 3048 3053 3056 3051 3034 3057 3052
3060 3060 3070 3068 3056 3075 3102 3094 3076 3073 3067 3073 3067 3073 3061 3060 3069 3056 3066 3068 3082 3067 3076 3079 3082 3072 3076 3088 3081 3074 3073 3074 3075 3055 3084 3084 3070 3091 3084 3084 3086 3079 3078 3091 3078 3080 3081 3080 3086 3090 3089 3090 3076 3069 3065 3070 3045 3055 3059 3071 3040 3045 3052 3044
3053 3068 3069 3068 3060 3084 3087 3093 3072 3076 3073 3069 3068 3072 3073 3068 3082 3077 3077 3068 3061 3071 3081 3074 3073 3077 3089 3079 3082 3072 3069 3073 3075 3075 3085 3069 3076 3081 3083 3073 3081 3077 3072 3075 3084 3064 3079 3079 3086 3084 3099 3088 3077 3056 3045 3064 3061 3070 3069 3059 3049 3059 3051 3066
3067 3055 3065 3070 3067 3061 3076 3085 3097 3081 3076 3069 3073 3074 3068 3066 3074 3083 3068 3066 3069 3081 3081 3081 3070 3070 3086 3094 3071 3069 3071 3070 3066 3080 3075 3073 3073 3077 3075 3063 3078 3080 3067 3070 3068 3067 3077 3084 3082 3101 3086 3098 3067 3050 3042 3064 3065 3057 3057 3055 3063 3070 3062 3052
3051 3058 3053 3054 3058 3065 3073 3079 3079 3076 3073 3076 3068 3071 3066 3073 3075 3066 3075 3076 3054 3083 3089 3077 3062 3073 3078 3085 3079 3075 3064 3085 3070 3086 3069 3085 3083 3068 3093 3085 3066 3068 3074 3073 3081 3070 3079 3083 3076 3108 3080 3094 3068 3055 3064 3073 3066 3062 3056 3058 3061 3059 3064 3073
3062 3053 3070 3058 3071 3068 3057 3058 3066 3069 3088 3077 3065 3067 3070 3068 3054 3065 3071 3070 3074 3077 3060 3065 3073 3071 3084 3077 3074 3084 3086 3072 3073 3078 3078 3079 3086 3076 3080 3075 3070 3076 3075 3069 3078 3082 3084 3089 3095 3095 3082 3066 3061 3050 3057 3068 3070 3058 3056 3057 3056 3058 3074 3082
3046 3053 3063 3074 3075 3073 3068 3069 3074 3077 3095 3087 3058 3080 3065 3068 3068 3068 3074 3068 3060 3068 3082 3067 3073 3066 3064 3087 3071 3082 3079 3081 3081 3077 3083 3076 3080 3084 3063 3081 3089 3060 3075 3064 3077 3069 3095 3082 3092 3077 3084 3074 3057 3063 3060 3070 3060 3067 3060 3043 3061 3076 3058 3058
3048 3050 3045 3054 3066 3073 3067 3067 3055 3074 3076 3081 3076 3067 3075 3057 3057 3075 3053 3066 3057 3069 3068 3069 3060 3059 3073 3072 3069 3089 3082 3086 3074 3077 3069 3066 3075 3083 3085 3075 3071 3070 3078 3085 3074 3074 3092 3096 3081 3077 3071 3054 3065 3060 3049 3061 3055 3051 3057 3044 3064 3066 3046 3053
3049 3047 3063 3058 3053 3068 3081 3062 3066 3073 3067 3073 3063 3074 3059 3077 3077 3065 3057 3061 3065 3068 3075 3070 3059 3068 3074 3068 3080 3074 3066 3072 3080 3077 3076 3070 3078 3086 3083 3083 3072 3069 3066 3081 3067 3077 3079 3082 3079 3090 3065 3069 3059 3053 3047 3053 3057 3060 3053 3047 3053 3063 3050 3054
3053 3062 3053 3068 3053 3063 3066 3068 3068 3075 3062 3067 3070 3077 3072 3065 3071 3073 3062 3066 3075 3057 3068 3068 3069 3080 3084 3080 3082 3086 3079 3073 3076 3070 3084 3071 3072 3082 3074 3090 3070 3062 3068 3077 3075 3074 3086 3091 3077 3075 3071 3077 3060 3071 3052 3049 3051 3035 3059 3051 3042 3046 3052 3054
3074 3065 3055 3064 3074 3076 3076 3076 3064 3059 3052 3063 3060 3079 3071 3078 3082 3068 3069 3060 3060 3083 3067 3087 3078 3067 3080 3088 3075 3086 3087 3093 3079 3094 3082 3069 3072 3081 3068 3078 3067 3068 3069 3085 3088 3083 3084 3108 3076 3066 3063 3071 3074 3044 3054 3057 3058 3065 3059 3059 3060 3056 3052 3057
3065 3057 3046 3059 3066 3063 3074 3070 3065 3055 3059 3062 3059 3073 3065 3072 3055 3067 3071 3059 3075 3063 3087 3074 3068 3069 3076 3073 3085 3071 3094 3083 3089 3082 3077 3067 3078 3073 3080 3065 3075 3065 3069 3091 3085 3079 3101 3098 3075 3057 3064 3048 3058 3041 3045 3047 3050 3048 3069 3061 3057 3053 3060 3044
3073 3069 3056 3052 3061 3068 3058 3067 3063 3062 3053 3062 3064 3057 3067 3074 3061 3062 3064 3074 3080 3077 3077 3067 3074 3078 3085 3072 3088 3068 3082 3086 3086 3084 3072 3081 3066 3076 3077 3076 3070 3060 3077 3090 3090 3097 3078 3081 3058 3047 3056 3066 3060 3067 3064 3054 3048 3047 3052 3060 3047 3044 3051 3050
3074 3059 3047 3053 3047 3064 3064 3058 3066 3067 3073 3053 3052 3054 3060 3066 3064 3064 3076 3083 3089 3059 3069 3076 3064 3074 3079 3082 3082 3079 3081 3075 3085 3077 3077 3083 3078 3071 3084 3077 3070 3077 3072 3093 3093 3090 3056 3061 3064 3078 3058 3071 3059 3062 3064 3057 3049 3046 3050 3053 3050 3037 3059 3058
3060 3051 3057 3058 3063 3058 3066 3052 3071 3058 3059 3057 3054 3047 3061 3060 3071 3066 3060 3081 3071 3075 3066 3062 3082 3074 3081 3077 3076 3086 3073 3091 3089 3082 3079 3079 3091 3076 3077 3080 3066 3081 3083 3087 3076 3061 3061 3053 3049 3062 3062 3067 3059 3063 3053 3057 3037 3043 3051 3061 3048 3040 3053 3050
3056 3056 3057 3060 3067 3057 3049 3064 3058 3053 3064 3064 3061 3047 3056 3060 3073 3075 3057 3049 3066 3065 3058 3073 3067 3063 3070 3065 3076 3071 3073 3076 3083 3087 3086 3088 3068 3075 3072 3084 3074 3071 3079 3085 3060 3043 3032 3054 3052 3052 3067 3076 3055 3050 3049 3042 3055 3052 3046 3053 3047 3046 3052 3050
3046 3053 3055 3058 3053 3060 3053 3059 3054 3050 3064 3049 3056 3064 3037 3058 3053 3052 3055 3068 3070 3046 3056 3045 3079 3079 3075 3081 3080 3097 3075 3079 3070 3079 3072 3084 3079 3067 3074 3076 3067 3062 3059 3067 3061 3051 3040 3049 3054 3043 3065 3059 3049 3044 3055 3043 3056 3053 3058 3044 3048 3038 3033 3057
3038 3047 3050 3053 3050 3058 3068 3072 3051 3061 3038 3046 3048 3039 3043 3048 3056 3060 3047 3047 3059 3054 3051 3049 3073 3073 3069 3079 3089 3078 3066 3057 3067 3068 3075 3088 3085 3083 3070 3073 3061 3063 3066 3062 3059 3058 3045 3050 3055 3056 3050 3055 3040 3040 3043 3028 3041 3044 3056 3065 3054 3042 3036 3044
3061 3043 3055 3046 3049 3048 3058 3052 3056 3058 3053 3048 3055 3058 3043 3058 3052 3056 3042 3058 3052 3046 3066 3055 3059 3057 3071 3065 3076 3058 3063 3048 3059 3064 3070 3077 3077 3070 3071 3066 3057 3062 3046 3045 3062 3061 3045 3052 3058 3062 3063 3060 3044 3033 3044 3053 3050 3036 3056 3050 3062 3047 3042 3067
3052 3058 3058 3052 3055 3057 3047 3043 3041 3058 3052 3049 3055 3059 3055 3056 3055 3055 3051 3054 3058 3054 3044 3055 3066 3080 3054 3058 3063 3050 3055 3063 3062 3055 3060 3072 3070 3059 3063 3075 3056 3048 3063 3054 3058 3065 3056 3051 3061 3063 3068 3064 3045 3032 3035 3048 3038 3052 3051 3045 3052 3055 3064 3070
3050 3071 3054 3049 3043 3058 3050 3057 3048 3058 3062 3062 3048 3044 3050 3062 3062 3063 3050 3051 3056 3084 3058 3066 3058 3068 3055 3054 3052 3044 3044 3062 3052 3066 3066 3054 3062 3069 3048 3066 3063 3058 3060 3057 3065 3061 3059 3048 3066 3056 3062 3053 3042 3052 3051 3049 3052 3042 3043 3056 3053 3059 3055 3053
3042 3060 3071 3049 3052 3064 3064 3057 3047 3065 3064 3068 3066 3052 3051 3046 3047 3050 3041 3064 3063 3073 3059 3055 3070 3069 3066 3069 3059 3056 3052 3061 3045 3053 3058 3045 3063 3059 3063 3075 3058 3063 3060 3058 3060 3067 3077 3070 3066 3060 3073 3065 3063 3045 3049 3056 3062 3051 3060 3081 3051 3048 3064 3068
3066 3077 3065 3060 3050 3048 3061 3060 3058 3061 3071 3056 3051 3048 3049 3044 3042 3058 3059 3069 3056 3054 3068 3058 3064 3081 3057 3066 3064 3064 3068 3072 3066 3059 3082 3067 3063 3059 3058 3060 3059 3071 3057 3081 3064 3052 3057 3056 3066 3057 3065 3061 3062 3059 3059 3064 3065 3070 3048 3059 3057 3047 3054 3063
3084 3059 3058 3067 3055 3060 3056 3061 3068 3073 3071 3063 3042 3046 3053 3045 3044 3056 3067 3059 3055 3054 3053 3058 3069 3055 3047 3041 3049 3063 3067 3056 3052 3051 3066 3067 3064 3066 3073 3076 3067 3062 3072 3074 3068 3058 3061 3060 3050 3060 3066 3049 3054 3068 3069 3078 3076 3067 3058 3067 3057 3061 3066 3078
3065 3068 3060 3056 3075 3078 3059 3068 3051 3050 3061 3057 3053 3055 3038 3052 3061 3053 3053 3060 3051 3057 3053 3061 3061 3072 3066 3061 3073 3079 3072 3058 3064 3058 3061 3063 3057 3074 3074 3061 3069 3064 3072 3066 3075 3050 3061 3058 3046 3039 3054 3049 3059 3049 3060 3060 3057 3063 3059 3072 3065 3070 3073 3076
3064 3066 3056 3060 3064 3077 3057 3059 3048 3054 3070 3062 3049 3062 3044 3050 3053 3052 3060 3049 3058 3061 3041 3047 3057 3073 3061 3084 3062 3075 3077 3076 3067 3063 3067 3063 3054 3069 3068 3063 3061 3063 3058 3058 3056 3049 3056 3056 3050 3050 3050 3048 3055 3051 3042 3055 3049 3068 3075 3067 3062 3068 3081 3066
