3052 3055 3047 3046 3045 3037 3042 3040 3044 3054 3067 3075 3098 3099 3113 3104 3094 3085 3093 3098 3082 3099 3085 3093 3089 3097 3091 3097 3087 3090 3075 3096 3090 3089 3079 3079 3097 3099 3079 3090 3080 3085 3105 3102 3098 3089 3084 3097 3107 3097 3101 3104 3107 3096 3095 3091 3099 3108 3088 3090 3082 3095 3095 3098
3056 3062 3050 3039 3037 3030 3053 3045 3042 3056 3059 3066 3098 3103 3084 3096 3089 3096 3084 3076 3077 3086 3091 3081 3088 3081 3087 3082 3080 3077 3072 3087 3089 3092 3079 3093 3106 3098 3096 3097 3098 3095 3095 3094 3101 3097 3094 3094 3085 3094 3108 3096 3105 3109 3095 3093 3082 3091 3097 3099 3100 3101 3090 3094
3059 3061 3046 3047 3033 3047 3040 3048 3051 3055 3061 3077 3073 3094 3087 3090 3107 3089 3081 3084 3082 3074 3085 3087 3075 3082 3086 3077 3079 3073 3078 3088 3096 3087 3087 3095 3084 3100 3113 3094 3109 3113 3107 3101 3096 3098 3096 3093 3093 3101 3091 3096 3097 3089 3092 3089 3093 3085 3106 3101 3100 3104 3106 3107
3056 3044 3054 3033 3030 3026 3031 3025 3052 3047 3054 3076 3086 3088 3094 3095 3092 3102 3086 3078 3069 3080 3068 3082 3068 3071 3071 3069 3085 3098 3081 3078 3094 3085 3091 3099 3093 3101 3107 3111 3109 3100 3099 3095 3105 3108 3091 3084 3092 3090 3095 3096 3097 3086 3097 3101 3085 3086 3078 3081 3089 3093 3086 3096
3045 3050 3040 3033 3038 3031 3010 3040 3038 3041 3040 3073 3084 3089 3097 3091 3086 3094 3094 3082 3053 3078 3070 3091 3087 3080 3073 3065 3086 3091 3085 3082 3100 3102 3089 3090 3094 3089 3096 3099 3115 3102 3096 3098 3072 3088 3079 3094 3089 3094 3085 3062 3092 3090 3105 3105 3091 3099 3099 3098 3092 3092 3083 3090
3036 3038 3021 3038 3033 3031 3030 3029 3039 3045 3044 3051 3086 3060 3084 3080 3097 3090 3088 3091 3084 3083 3074 3077 3090 3089 3065 3070 3078 3082 3088 3088 3087 3089 3082 3084 3096 3095 3098 3108 3098 3091 3089 3082 3080 3080 3100 3093 3097 3099 3089 3087 3093 3086 3102 3092 3086 3102 3090 3086 3091 3089 3079 3089
3044 3033 3021 3039 3039 3038 3035 3033 3021 3023 3043 3044 3070 3065 3075 3082 3091 3089 3096 3070 3087 3085 3061 3072 3077 3078 3076 3065 3086 3085 3087 3084 3085 3082 3070 3088 3107 3113 3101 3091 3085 3094 3083 3077 3082 3078 3091 3100 3106 3098 3101 3090 3092 3087 3099 3094 3088 3087 3097 3093 3097 3095 3098 3093
2994 2994 2984 3001 3003 3008 3004 3003 3001 3009 3015 3026 3037 3053 3055 3053 3076 3057 3066 3060 3069 3062 3057 3066 3068 3068 3066 3059 3090 3073 3076 3081 3083 3073 3072 3075 3074 3092 3086 3100 3087 3079 3081 3069 3085 3077 3086 3093 3094 3087 3085 3089 3071 3093 3091 3103 3085 3085 3090 3093 3089 3078 3074 3079
2977 2963 2935 2941 2960 2974 2974 2978 2969 2980 2997 3000 3032 3031 3044 3053 3054 3051 3046 3040 3038 3057 3050 3056 3060 3054 3042 3059 3056 3069 3070 3072 3065 3067 3068 3071 3078 3086 3073 3088 3083 3081 3075 3065 3064 3075 3075 3075 3078 3079 3089 3083 3078 3075 3084 3080 3081 3089 3077 3074 3075 3085 3077 3088
2955 2951 2951 2953 2966 2971 2977 2971 2971 2983 2985 3006 3012 3030 3031 3044 3048 3036 3049 3040 3047 3055 3051 3057 3054 3060 3056 3063 3054 3069 3072 3077 3070 3079 3071 3062 3071 3074 3072 3087 3075 3079 3093 3085 3080 3072 3070 3068 3077 3084 3091 3075 3088 3085 3085 3083 3071 3078 3083 3075 3078 3082 3077 3084
2948 2957 2966 2960 2959 2970 2976 2974 2970 2975 2963 2997 3007 3012 3037 3034 3044 3042 3051 3046 3032 3042 3042 3051 3056 3070 3061 3062 3071 3062 3063 3057 3071 3062 3083 3082 3077 3071 3091 3093 3076 3079 3093 3088 3087 3099 3091 3081 3097 3093 3091 3078 3088 3096 3082 3087 3082 3079 3077 3081 3086 3072 3084 3083
2955 2965 2971 2972 2975 2964 2975 2968 2965 2974 2977 2990 3002 3020 3039 3037 3055 3057 3051 3043 3050 3047 3035 3051 3053 3060 3043 3050 3059 3071 3075 3081 3073 3071 3072 3074 3064 3068 3077 3093 3082 3074 3092 3092 3086 3076 3090 3090 3084 3090 3082 3087 3093 3091 3090 3078 3081 3072 3078 3088 3089 3081 3086 3092
2965 2964 2984 2962 2975 2975 2970 2966 2953 2979 2984 2999 3009 3028 3031 3041 3054 3044 3052 3050 3052 3057 3048 3044 3051 3055 3062 3064 3055 3069 3074 3084 3055 3073 3082 3071 3074 3076 3088 3085 3080 3077 3087 3081 3071 3080 3094 3094 3085 3096 3082 3080 3089 3090 3091 3087 3095 3100 3086 3087 3086 3083 3077 3095
2966 2968 2972 2976 2955 2964 2979 2974 2967 2980 2980 3005 2998 3010 3032 3034 3062 3045 3043 3049 3054 3040 3040 3048 3039 3062 3063 3061 3066 3065 3073 3065 3072 3087 3081 3079 3101 3088 3078 3084 3084 3084 3075 3085 3080 3085 3086 3078 3089 3078 3086 3093 3084 3088 3066 3078 3091 3099 3083 3085 3085 3078 3076 3097
2973 2970 2985 2970 2966 2970 2966 2960 2975 2989 2994 3003 2983 2988 3027 3039 3050 3064 3048 3049 3041 3036 3048 3061 3054 3052 3053 3052 3061 3051 3060 3080 3087 3094 3088 3095 3089 3076 3086 3081 3085 3093 3096 3089 3092 3087 3096 3083 3077 3069 3085 3098 3087 3087 3069 3074 3083 3092 3095 3088 3081 3077 3082 3083
2984 2986 2987 2987 2967 2983 2990 2977 2986 2982 2982 2993 2989 3001 3015 3039 3053 3061 3057 3043 3051 3052 3056 3061 3055 3058 3053 3058 3052 3057 3052 3066 3085 3075 3092 3089 3092 3087 3072 3084 3090 3088 3084 3081 3093 3087 3064 3091 3084 3080 3078 3082 3082 3083 3076 3082 3091 3094 3091 3080 3094 3094 3074 3078
3015 2986 2972 2990 2985 2999 2988 3001 3002 2996 2986 3003 2997 3001 3026 3040 3052 3054 3063 3049 3050 3052 3047 3053 3055 3047 3045 3054 3059 3052 3067 3072 3066 3070 3074 3074 3087 3073 3078 3064 3074 3078 3076 3080 3077 3080 3080 3074 3083 3092 3080 3071 3079 3095 3082 3078 3080 3081 3070 3093 3088 3076 3102 3087
2998 3006 2980 2989 2996 2989 3008 2980 2994 2989 2978 2986 2997 3019 3023 3026 3037 3049 3062 3051 3043 3053 3065 3070 3066 3052 3047 3051 3061 3070 3057 3065 3072 3080 3083 3075 3086 3093 3082 3091 3083 3080 3091 3075 3084 3083 3072 3092 3079 3079 3075 3077 3082 3082 3084 3098 3088 3086 3088 3082 3091 3084 3078 3089
2992 3004 2995 2995 3000 3002 3002 2988 2996 2992 2976 2987 2991 2989 2997 3019 3038 3047 3055 3045 3054 3055 3063 3057 3050 3060 3067 3059 3062 3060 3054 3070 3086 3095 3089 3080 3093 3085 3083 3082 3079 3081 3089 3073 3080 3077 3073 3086 3074 3091 3082 3085 3077 3077 3086 3071 3084 3085 3088 3080 3083 3084 3077 3095
2987 2979 3009 3012 2999 3009 3004 3008 2996 2991 2987 2983 2999 2983 2992 3006 3024 3029 3048 3040 3052 3049 3046 3064 3058 3047 3066 3058 3067 3051 3075 3087 3081 3067 3084 3077 3077 3076 3090 3084 3080 3091 3078 3086 3091 3081 3078 3070 3082 3071 3105 3083 3081 3086 3074 3089 3084 3084 3089 3077 3069 3074 3088 3092
2995 3003 2999 2984 3000 2999 2986 2991 2983 3010 2989 2994 2992 2990 2984 3002 3033 3035 3036 3050 3049 3044 3051 3038 3048 3066 3053 3054 3064 3063 3083 3079 3073 3087 3079 3079 3090 3081 3087 3087 3095 3072 3079 3072 3081 3082 3088 3097 3079 3080 3089 3096 3076 3072 3079 3078 3089 3089 3091 3077 3081 3078 3087 3082
3000 2996 2985 3000 3001 2988 2999 2986 3003 3001 3008 3003 2995 2998 2987 2996 3018 3043 3048 3057 3055 3055 3052 3050 3066 3063 3067 3068 3052 3071 3083 3081 3074 3088 3087 3077 3097 3083 3086 3088 3080 3074 3083 3093 3088 3087 3099 3081 3075 3077 3087 3095 3100 3083 3081 3089 3073 3091 3081 3073 3072 3081 3079 3091
3015 3004 3002 3016 3012 3013 2989 3005 2997 2996 3003 2997 3008 3008 3017 3016 3012 3045 3047 3046 3053 3063 3050 3049 3056 3065 3051 3051 3070 3067 3070 3073 3069 3076 3084 3070 3080 3079 3094 3084 3095 3095 3083 3081 3083 3070 3086 3084 3077 3083 3080 3091 3089 3076 3094 3090 3079 3092 3094 3076 3079 3083 3080 3089
3013 3004 3002 3004 3013 3010 3001 2991 3007 3002 2994 3004 3006 3015 3014 3014 3023 3023 3038 3045 3068 3048 3054 3053 3055 3056 3076 3071 3071 3077 3053 3075 3070 3074 3077 3082 3084 3086 3094 3089 3081 3091 3079 3073 3082 3077 3085 3087 3084 3081 3087 3088 3090 3094 3081 3088 3074 3085 3085 3077 3065 3080 3081 3078
3010 2998 2988 3002 3013 3001 3001 2990 3009 2999 3013 3005 3009 3002 3004 3023 3003 3024 3040 3040 3053 3073 3063 3065 3064 3063 3076 3068 3066 3068 3069 3048 3062 3079 3082 3083 3095 3080 3089 3082 3088 3090 3086 3088 3087 3093 3075 3086 3075 3069 3082 3083 3094 3107 3087 3076 3090 3089 3086 3076 3091 3083 3079 3094
3014 3005 2997 2999 2999 3002 3001 2999 2994 3001 3007 3006 3005 2993 3001 2999 3006 3017 3014 3032 3052 3055 3059 3059 3066 3078 3073 3066 3070 3062 3063 3072 3071 3084 3094 3087 3093 3088 3093 3074 3087 3080 3076 3084 3083 3078 3078 3076 3079 3075 3069 3076 3090 3090 3074 3092 3082 3077 3085 3073 3079 3095 3096 3085
2998 3000 3000 2999 2999 2998 2992 3001 2994 3008 2993 3014 2991 2993 3001 3002 2991 3002 3007 3032 3049 3054 3071 3073 3072 3061 3079 3067 3073 3071 3076 3077 3091 3100 3085 3082 3087 3096 3083 3085 3081 3087 3075 3077 3083 3077 3073 3080 3080 3079 3088 3072 3076 3084 3087 3076 3082 3082 3072 3092 3084 3085 3079 3080
2989 2995 3005 3002 3013 2987 2981 3003 3008 2998 2998 3003 2980 2992 2998 2995 2987 2987 3000 3018 3039 3051 3059 3076 3066 3067 3080 3069 3081 3078 3069 3077 3086 3095 3080 3090 3099 3078 3083 3077 3082 3085 3099 3079 3076 3092 3076 3079 3073 3079 3086 3084 3094 3086 3072 3080 3083 3093 3091 3089 3085 3080 3091 3095
2988 3001 2992 2994 3010 3004 2994 2997 2998 3003 3007 2998 2992 2989 2991 2994 2984 2987 3005 3012 3035 3047 3061 3063 3070 3069 3073 3071 3071 3081 3086 3084 3079 3098 3078 3080 3087 3078 3081 3102 3097 3082 3090 3097 3091 3100 3075 3077 3087 3089 3084 3081 3073 3070 3096 3075 3080 3084 3077 3080 3074 3056 3073 3089
2992 2990 3000 2997 2997 2990 2996 2993 2998 2988 2997 2989 2987 2991 2997 2975 2981 2984 2997 3005 3015 3034 3058 3057 3064 3071 3075 3079 3082 3078 3088 3087 3096 3072 3079 3076 3087 3088 3097 3084 3081 3095 3099 3102 3087 3103 3073 3074 3099 3102 3098 3079 3093 3076 3084 3085 3088 3079 3085 3094 3067 3058 3072 3073
2999 2990 2992 2977 2992 2998 2996 2999 3002 3009 2990 2993 2977 2989 2993 2985 2975 2983 2993 2996 3024 3033 3063 3063 3079 3076 3069 3081 3066 3062 3086 3084 3078 3074 3083 3083 3087 3079 3084 3087 3099 3085 3090 3074 3086 3086 3093 3088 3078 3088 3083 3086 3103 3096 3090 3082 3092 3081 3088 3082 3084 3067 3077 3078
3006 2990 2991 2989 2992 2987 2992 2995 3014 2986 3002 2989 2988 2980 2983 2978 2978 2978 2987 3006 3010 3041 3051 3077 3086 3084 3068 3081 3082 3069 3077 3084 3073 3076 3078 3072 3085 3083 3083 3073 3080 3084 3088 3070 3087 3082 3077 3082 3093 3085 3087 3081 3085 3092 3076 3095 3089 3076 3082 3083 3079 3079 3078 3062
3002 2994 2994 2988 2984 2979 3002 2989 2996 2997 2988 2983 2975 2982 2989 2987 2978 2974 2982 2991 3001 3034 3047 3077 3070 3071 3070 3082 3070 3066 3059 3064 3074 3070 3094 3085 3074 3095 3083 3076 3084 3078 3089 3078 3084 3072 3093 3077 3082 3072 3081 3081 3082 3075 3086 3069 3082 3076 3081 3075 3074 3075 3063 3049
2997 2996 3008 2995 2991 2993 3001 3002 2998 3012 2981 2998 2983 2992 2996 2990 2989 2990 2990 2982 3004 3027 3042 3066 3077 3092 3078 3072 3075 3074 3066 3052 3067 3084 3084 3089 3084 3070 3082 3094 3087 3096 3074 3085 3083 3089 3095 3073 3076 3077 3081 3072 3065 3071 3073 3057 3072 3087 3070 3080 3062 3080 3046 3041
3003 3014 3012 3018 3002 3012 3011 3003 3012 3010 3012 3016 3007 2997 3007 3019 2998 3001 2996 3009 3022 3033 3053 3070 3082 3081 3081 3083 3073 3073 3072 3071 3079 3076 3083 3103 3081 3083 3085 3066 3088 3090 3077 3085 3091 3086 3085 3083 3078 3076 3077 3079 3066 3076 3062 3074 3075 3078 3072 3077 3076 3060 3053 3039
3001 3008 3009 3024 3023 3028 3020 3010 3005 3005 3008 3001 3003 3001 3018 3009 3010 3018 3017 3011 3032 3034 3060 3070 3067 3081 3088 3090 3082 3083 3076 3074 3069 3068 3078 3084 3085 3088 3081 3089 3087 3081 3092 3091 3088 3080 3074 3085 3095 3068 3073 3072 3085 3082 3077 3071 3078 3077 3070 3074 3047 3047 3028 3030
2995 2988 2990 3000 2991 3018 3002 3010 3005 3008 2993 2990 2988 2992 3013 2996 3009 3008 3015 3029 3031 3038 3046 3064 3068 3070 3087 3083 3069 3083 3076 3078 3082 3072 3095 3069 3075 3067 3082 3085 3085 3092 3090 3089 3093 3099 3080 3083 3075 3079 3075 3079 3079 3072 3075 3079 3059 3080 3072 3060 3058 3037 3040 3033
2994 2981 2993 2980 2996 2991 3004 3009 3007 3002 2999 3000 2998 3007 3014 3013 3015 3036 3030 3046 3036 3049 3058 3084 3072 3077 3082 3086 3076 3080 3082 3089 3080 3074 3074 3075 3074 3074 3069 3089 3077 3086 3078 3081 3090 3100 3074 3085 3088 3077 3090 3077 3077 3075 3070 3082 3073 3066 3063 3059 3052 3031 3047 3017
2985 2992 2992 2989 2963 2988 2994 3005 3002 3012 2993 3007 3015 3028 3032 3027 3024 3047 3059 3054 3064 3071 3080 3066 3076 3088 3074 3072 3075 3097 3069 3079 3085 3085 3079 3087 3077 3085 3075 3078 3084 3068 3084 3081 3085 3074 3082 3086 3074 3060 3069 3073 3070 3068 3078 3069 3073 3058 3051 3053 3040 3028 3018 3012
2996 2991 3007 2987 2992 2990 3011 3010 3008 3009 3017 3016 3032 3040 3050 3046 3054 3066 3068 3062 3069 3071 3070 3079 3075 3079 3074 3074 3078 3077 3089 3075 3079 3076 3075 3079 3079 3084 3082 3083 3074 3070 3080 3079 3084 3077 3081 3059 3068 3070 3066 3073 3064 3081 3071 3074 3063 3052 3058 3053 3045 3035 3010 3002
3011 3001 3021 3019 3019 3022 3024 3018 3026 3032 3041 3038 3042 3056 3060 3059 3045 3064 3062 3062 3068 3081 3077 3072 3062 3068 3063 3076 3079 3078 3074 3068 3060 3061 3067 3073 3076 3078 3066 3079 3076 3074 3079 3069 3080 3070 3060 3064 3078 3069 3066 3071 3082 3070 3060 3080 3076 3074 3062 3041 3042 3032 3010 3011
3023 3022 3024 3033 3038 3042 3036 3040 3039 3055 3044 3051 3057 3068 3068 3060 3055 3061 3050 3065 3071 3078 3079 3074 3073 3065 3067 3080 3077 3081 3071 3063 3080 3071 3066 3066 3064 3073 3072 3077 3075 3079 3070 3077 3080 3078 3070 3052 3063 3058 3069 3058 3077 3061 3078 3073 3087 3079 3063 3039 3047 3026 3026 3007
3046 3030 3034 3033 3059 3053 3050 3041 3048 3046 3037 3056 3063 3062 3054 3054 3064 3077 3073 3065 3065 3076 3065 3084 3063 3070 3070 3067 3066 3070 3079 3079 3078 3081 3068 3070 3068 3077 3085 3076 3077 3084 3090 3071 3074 3077 3068 3071 3084 3072 3069 3081 3066 3067 3082 3084 3085 3076 3072 3046 3045 3030 3026 3007
3062 3054 3048 3055 3060 3072 3052 3042 3053 3046 3051 3060 3064 3054 3052 3063 3064 3049 3053 3065 3066 3080 3079 3077 3069 3074 3072 3068 3068 3075 3081 3082 3072 3079 3068 3077 3076 3073 3081 3084 3081 3085 3081 3069 3078 3066 3080 3081 3062 3075 3077 3080 3074 3072 3078 3079 3087 3078 3068 3068 3049 3032 3030 3026
3058 3064 3061 3060 3044 3054 3057 3062 3061 3060 3051 3047 3047 3060 3045 3044 3059 3066 3065 3062 3051 3065 3064 3072 3077 3068 3066 3076 3075 3072 3076 3084 3073 3076 3074 3086 3074 3070 3088 3086 3083 3091 3074 3076 3088 3094 3077 3083 3071 3067 3076 3068 3080 3076 3066 3081 3084 3085 3066 3089 3076 3045 3046 3033
3065 3056 3061 3047 3078 3070 3057 3064 3070 3068 3045 3046 3033 3043 3032 3044 3070 3064 3057 3073 3074 3064 3070 3076 3076 3071 3079 3053 3068 3074 3079 3079 3088 3072 3054 3069 3077 3072 3071 3085 3074 3077 3068 3070 3076 3089 3098 3079 3078 3075 3066 3065 3072 3080 3092 3088 3064 3068 3077 3089 3074 3069 3044 3049
3054 3068 3070 3064 3072 3075 3070 3045 3068 3062 3054 3047 3048 3053 3038 3057 3071 3053 3066 3068 3072 3068 3067 3070 3075 3078 3073 3064 3062 3079 3068 3077 3082 3077 3075 3065 3068 3083 3071 3074 3061 3087 3085 3070 3081 3084 3087 3064 3073 3077 3072 3076 3081 3079 3083 3066 3083 3079 3083 3078 3076 3077 3071 3046
3059 3060 3066 3072 3076 3076 3084 3063 3061 3069 3059 3051 3062 3044 3048 3051 3050 3042 3064 3064 3070 3074 3065 3075 3077 3078 3077 3076 3077 3072 3062 3078 3081 3076 3076 3077 3071 3082 3069 3069 3068 3070 3061 3070 3082 3082 3088 3093 3084 3063 3087 3086 3075 3082 3068 3069 3079 3079 3082 3093 3080 3085 3079 3054
3057 3057 3086 3073 3069 3065 3074 3063 3066 3055 3060 3065 3044 3045 3063 3043 3054 3054 3057 3062 3075 3074 3059 3078 3084 3075 3075 3083 3063 3083 3083 3072 3082 3077 3084 3086 3078 3083 3083 3072 3080 3087 3073 3072 3067 3085 3086 3072 3091 3080 3075 3084 3078 3064 3075 3070 3080 3084 3080 3078 3084 3073 3077 3058
3058 3065 3083 3077 3066 3064 3072 3069 3060 3066 3051 3059 3067 3055 3060 3056 3070 3067 3063 3064 3077 3072 3070 3068 3080 3070 3080 3087 3083 3072 3086 3076 3091 3081 3083 3088 3087 3066 3079 3077 3081 3094 3077 3071 3083 3089 3076 3085 3091 3099 3082 3073 3085 3071 3082 3073 3062 3065 3082 3080 3061 3059 3070 3076
3066 3079 3086 3076 3070 3080 3066 3065 3051 3064 3059 3063 3078 3070 3050 3057 3044 3059 3056 3075 3068 3083 3065 3077 3070 3073 3079 3068 3077 3071 3070 3063 3060 3085 3069 3091 3086 3085 3080 3095 3084 3074 3095 3086 3083 3088 3087 3085 3079 3097 3092 3081 3085 3081 3071 3072 3084 3081 3093 3084 3069 3079 3080 3084
3063 3078 3088 3069 3073 3085 3073 3075 3066 3068 3060 3070 3073 3058 3065 3052 3062 3068 3056 3068 3079 3072 3072 3069 3057 3070 3064 3087 3081 3072 3056 3063 3074 3070 3066 3075 3084 3083 3091 3085 3090 3093 3083 3084 3070 3099 3069 3076 3075 3098 3079 3081 3082 3080 3074 3090 3085 3085 3094 3084 3085 3096 3081 3099
3081 3080 3073 3076 3065 3076 3073 3083 3083 3083 3076 3071 3077 3073 3069 3058 3043 3051 3052 3055 3059 3074 3070 3057 3066 3071 3066 3058 3084 3075 3072 3064 3059 3062 3073 3082 3085 3074 3076 3077 3075 3077 3062 3072 3080 3087 3089 3067 3076 3074 3071 3074 3065 3074 3073 3082 3080 3091 3087 3090 3089 3090 3089 3091
3079 3082 3077 3067 3062 3060 3066 3073 3095 3087 3076 3078 3070 3068 3066 3057 3061 3045 3041 3063 3072 3063 3068 3059 3069 3076 3076 3066 3063 3066 3062 3073 3070 3074 3063 3073 3070 3075 3069 3073 3070 3073 3063 3067 3086 3078 3094 3094 3081 3074 3075 3084 3071 3052 3083 3065 3085 3085 3080 3106 3094 3087 3075 3072
3078 3077 3073 3065 3078 3073 3063 3073 3081 3068 3068 3070 3083 3082 3064 3069 3063 3047 3047 3045 3059 3065 3071 3061 3067 3081 3078 3069 3068 3073 3068 3072 3073 3057 3072 3061 3058 3077 3066 3065 3067 3076 3065 3083 3070 3086 3077 3078 3070 3077 3077 3064 3070 3065 3062 3062 3085 3080 3091 3101 3094 3085 3074 3065
3072 3061 3064 3064 3060 3065 3064 3074 3062 3063 3052 3066 3069 3061 3053 3064 3062 3057 3052 3053 3061 3052 3075 3066 3069 3074 3077 3076 3074 3071 3080 3067 3075 3062 3070 3063 3076 3063 3056 3050 3073 3062 3067 3063 3066 3071 3081 3084 3074 3074 3069 3068 3059 3068 3065 3078 3082 3090 3096 3090 3085 3073 3077 3065
3076 3074 3063 3059 3075 3059 3067 3069 3076 3078 3071 3078 3075 3078 3063 3057 3065 3060 3058 3061 3061 3062 3061 3065 3079 3085 3072 3076 3077 3073 3089 3084 3069 3076 3067 3067 3059 3069 3080 3066 3076 3071 3073 3077 3083 3071 3081 3090 3076 3077 3089 3072 3077 3074 3071 3077 3081 3094 3076 3083 3076 3075 3069 3073
3073 3089 3068 3073 3062 3079 3065 3075 3079 3070 3087 3072 3085 3063 3066 3067 3081 3081 3073 3073 3067 3056 3056 3056 3070 3078 3072 3082 3076 3077 3082 3085 3090 3089 3075 3075 3062 3091 3080 3077 3085 3074 3070 3096 3088 3080 3086 3083 3090 3076 3086 3072 3068 3081 3068 3073 3095 3092 3088 3094 3089 3087 3086 3076
3083 3077 3074 3091 3085 3076 3070 3083 3096 3084 3084 3078 3079 3078 3076 3069 3080 3075 3063 3061 3065 3068 3063 3059 3066 3061 3065 3076 3076 3075 3067 3070 3073 3079 3086 3064 3076 3072 3096 3090 3084 3082 3089 3083 3095 3083 3087 3088 3081 3082 3067 3086 3096 3080 3075 3080 3092 3087 3085 3083 3082 3075 3085 3074
3082 3090 3077 3078 3068 3072 3073 3087 3089 3085 3100 3077 3074 3084 3083 3086 3059 3059 3072 3073 3068 3068 3067 3055 3070 3062 3070 3062 3089 3071 3067 3069 3074 3069 3081 3074 3081 3080 3076 3083 3089 3092 3078 3078 3077 3082 3089 3092 3094 3089 3086 3083 3085 3089 3091 3072 3090 3083 3094 3067 3071 3060 3077 3086
3082 3088 3077 3076 3072 3076 3059 3065 3076 3097 3078 3083 3071 3081 3080 3063 3085 3065 3067 3067 3067 3068 3069 3057 3063 3071 3062 3063 3068 3068 3075 3074 3072 3084 3081 3086 3071 3063 3077 3077 3066 3079 3065 3073 3085 3092 3089 3098 3089 3077 3084 3085 3083 3078 3083 3082 3087 3058 3079 3077 3075 3080 3072 3075
3080 3071 3073 3072 3071 3070 3066 3071 3066 3066 3074 3069 3074 3069 3082 3075 3078 3081 3073 3073 3064 3076 3064 3050 3054 3053 3049 3061 3073 3078 3074 3080 3086 3075 3070 3063 3069 3061 3070 3064 3072 3069 3075 3071 3082 3080 3099 3086 3076 3067 3075 3072 3075 3070 3090 3094 3074 3058 3071 3065 3062 3081 3072 3065
3072 3075 3091 3060 3083 3070 3070 3066 3075 3071 3081 3077 3076 3075 3071 3075 3079 3084 3078 3075 3059 3053 3063 3056 3056 3049 3055 3077 3065 3070 3055 3070 3065 3075 3068 3081 3074 3072 3073 3072 3053 3070 3065 3073 3065 3065 3089 3082 3074 3075 3071 3073 3074 3075 3087 3080 3078 3070 3071 3074 3075 3062 3071 3063
3078 3069 3099 3080 3066 3086 3078 3077 3079 3074 3070 3075 3065 3050 3061 3063 3084 3075 3076 3069 3063 3052 3068 3047 3066 3051 3079 3063 3058 3061 3058 3056 3039 3079 3078 3070 3071 3077 3081 3064 3056 3052 3061 3060 3069 3060 3070 3066 3068 3057 3067 3069 3059 3077 3077 3067 3063 3074 3061 3082 3050 3065 3071 3074
