3062 3060 3063 3059 3050 3049 3040 3046 3031 3062 3068 3052 3043 3036 3042 3030 3030 3035 3027 3030 3026 3021 3015 3006 3027 3007 3015 3007 3008 3019 3007 2999 2996 3015 3000 2996 2999 3002 2994 3000 3003 3013 2999 3016 3003 3000 2992 2993 3006 3005 3021 2998 2994 3008 2991 3002 2998 2999 3005 3011 3018 2994 2987 2986
3053 3051 3043 3049 3050 3040 3056 3038 3035 3041 3026 3041 3042 3031 3041 3031 3034 3030 3028 3024 3016 3036 3022 3013 3012 3023 3018 2997 3008 3011 3009 3011 3011 3009 2998 3007 2999 3010 3004 3009 3002 2999 3011 3001 2998 2991 2997 3014 3010 3010 2999 3006 3000 2998 3002 3005 2996 2983 3000 2987 3003 3011 2982 2988
3045 3043 3041 3043 3039 3037 3046 3031 3035 3028 3032 3027 3022 3024 3015 3034 3014 3019 3013 3029 3034 3028 3021 3029 3032 3014 3014 3014 3019 3010 3025 3023 3012 3016 3019 3008 3019 3020 2993 2997 3012 3006 3002 2996 2998 3001 2997 3003 3005 3012 3018 3003 3001 2994 2997 3012 3007 3000 2993 3001 3007 3017 3003 2997
3038 3038 3040 3036 3039 3036 3044 3027 3043 3037 3031 3029 3034 3029 3020 3034 3020 3020 3005 3020 3023 3021 3011 3010 3009 3002 3011 3022 3010 3007 3023 3021 3019 3012 3008 3012 3011 3016 3001 3002 3006 3008 3013 3010 2996 3006 3006 3010 3004 3001 3010 3016 2990 2999 2986 3009 3007 2997 3000 3002 2982 2996 2995 3005
3036 3038 3050 3041 3051 3035 3039 3040 3034 3035 3043 3023 3020 3006 3009 3007 3014 3009 3015 3028 3029 3009 3002 2998 3006 3010 3009 3013 3021 3016 3002 3002 3012 3016 3015 3022 2999 3012 3017 3017 3011 2998 3004 3007 3013 3006 3012 3011 3018 2998 2996 2992 3006 3012 3005 3002 3006 3005 2998 2994 2996 2992 2996 2987
3036 3041 3044 3033 3038 3026 3027 3022 3040 3023 3030 3008 3019 3023 3023 3031 3017 3026 3027 3016 3013 3013 3005 3008 3006 3002 3013 3007 3008 3012 2992 3002 3001 3003 2999 3006 3013 3010 2994 3015 3005 2993 3003 3011 3000 3005 3008 3015 3013 3004 2996 2996 3003 3001 2999 3002 3003 3008 3012 2991 3000 2989 2991 2991
3037 3031 3034 3038 3023 3023 3028 3026 3038 3040 3030 3007 3026 3026 3015 3013 3020 3020 3010 3017 3006 2999 3004 3006 3018 3015 3002 2998 2997 3005 3003 2994 2995 3004 3004 3009 2993 2998 3011 3006 2991 2985 2996 2977 3000 2999 2990 3006 3019 3005 3006 3006 3005 2998 2978 2994 3003 3009 3005 3006 2996 2989 3002 2983
3011 2998 3000 2995 3002 3006 3005 3005 3001 3013 3003 3005 2998 3001 3000 2996 3000 3004 2990 2991 3014 3006 2986 2994 3000 2992 2998 2990 2994 2994 2989 3000 2974 3000 2996 2987 3003 2984 2992 2999 2998 2989 2990 2993 2998 3003 2997 2986 3002 3001 3004 3013 3000 2992 2988 2990 3009 3008 2991 3005 2991 2993 2999 3006
2973 2968 2973 2960 2970 2974 2969 2975 2968 2960 2993 2979 2961 2974 2969 2973 2985 2977 2976 2973 2975 2971 2971 2974 2991 2994 2979 2980 2988 2982 2981 2985 2988 2975 2990 2990 2982 2979 2984 2997 2978 2994 2989 2996 2992 2994 2989 2988 2984 2983 2998 3001 2994 2996 2981 2993 2998 3001 3003 2999 2998 2985 2997 3005
2949 2968 2973 2973 2981 2979 2967 2971 2972 2978 2982 2979 2981 2964 2971 2976 2969 2972 2967 2983 2981 2973 2976 2977 2988 2987 2995 2988 2984 3004 2981 2991 2986 2987 2987 2986 2979 2978 2986 2981 2980 2981 2998 2991 2998 3001 2989 2987 2987 2988 2996 2988 3003 3000 3004 2991 2999 2991 3002 2982 2999 2995 3010 2988
2952 2964 2972 2979 2973 2969 2971 2956 2977 2966 2966 2969 2962 2971 2964 2969 2980 2982 2974 2976 2978 2976 2976 2981 2986 2977 2987 2981 2988 2987 3000 2985 2987 2987 2991 2975 2969 2970 2994 2978 2990 2998 2980 2995 2990 2991 2998 2981 3001 3007 2999 3000 3003 3006 3003 2988 2988 2995 2991 2987 2989 2990 2994 2987
2954 2965 2973 2972 2967 2970 2979 2979 2978 2986 2958 2961 2969 2974 2977 2975 2980 2985 2983 2988 2983 2989 2978 2989 2990 2998 2981 2976 2998 2991 2990 2986 3003 2996 2996 2985 2980 2985 2988 2989 2997 2998 3011 2997 3014 3013 3014 3003 3009 3001 3002 2987 3011 3017 3018 2988 2993 3000 2988 3002 2982 2981 2983 2990
2963 2969 2963 2968 2973 2978 2981 2985 2975 2983 2969 2970 2973 2987 2974 2978 2984 2991 3001 2988 2972 2986 2984 2978 2981 2986 2978 2990 2988 2992 2992 3000 3000 3005 2995 3001 3000 2999 2998 3008 3003 3006 3011 3015 3016 3016 3016 3020 3017 3011 3010 2993 3009 3015 2999 2990 2993 2989 2999 2992 2993 2986 2980 2990
2972 2966 2969 2985 2975 2971 2981 2986 2971 2985 2972 2974 2976 2975 2965 2987 2985 2983 2958 2977 2973 2993 2979 2976 2992 2990 2985 2987 2985 2994 2993 2999 2981 2989 2992 3006 3005 3006 3003 3016 3012 3015 3022 3027 3013 3018 3024 3026 3015 3020 3008 3010 3020 3017 3003 3010 3014 2991 2999 2999 2993 2975 2979 2987
2981 2984 2981 2975 2984 2971 2975 2976 2978 2986 2991 2992 2976 2980 2971 2984 2982 2989 2981 2973 2977 2987 2981 2985 2988 2988 2987 2999 3001 2997 2988 2989 3006 3008 2996 3010 3017 3009 3006 3018 3020 3025 3020 3013 3013 3022 3021 3037 3026 3021 3010 3013 3006 3018 3009 3000 3004 3001 2992 2990 2984 2985 2994 2999
2994 2988 2981 2985 2982 2973 2979 2984 2991 2979 2987 2981 2977 2982 2980 2983 2986 2993 2987 2975 2985 2988 2974 2982 2997 2989 3001 3000 3011 3007 3003 2998 3006 3010 2993 3006 3026 3012 3019 3024 3026 3033 3023 3026 3035 3031 3032 3016 3009 3028 3019 3017 3034 3016 3014 3010 3005 2995 3001 3004 2988 2970 2985 2993
2995 2999 2985 2985 2992 2990 2996 2996 3004 3002 2992 2989 2985 2985 2980 2977 2969 2968 2979 2981 2975 2990 2992 2997 2991 2979 2991 3014 3012 3021 3017 3021 3013 3009 3014 3010 3010 3006 3015 3026 3033 3035 3027 3029 3048 3036 3023 3018 3019 3011 3024 3019 3030 3019 3016 2995 3000 2988 2990 2989 2996 2986 2987 2977
2996 3001 2997 2997 2993 3000 2993 2992 2997 2996 2991 2982 2987 2980 2992 2986 2987 2978 2980 2989 2992 2987 2997 2976 2992 3005 2997 3002 3004 3008 3010 3010 3019 3019 3015 3017 3013 3019 3009 3027 3021 3031 3034 3032 3045 3039 3037 3022 3029 3027 3021 3027 3024 3021 3020 3028 3001 3002 3008 2997 2987 2996 2984 2979
2991 3001 2990 2988 2999 3005 3015 3009 2992 2989 2990 2991 2991 2979 2991 2979 2986 2984 2983 2989 2994 2987 2990 2999 2995 3006 3007 3003 3000 2996 3005 3008 3020 3018 3018 3024 3009 3010 3012 3025 3026 3025 3035 3040 3037 3031 3027 3014 3030 3033 3040 3031 3022 3033 3017 3007 3000 3015 3009 3005 2990 2986 2994 2988
3002 3000 2984 2989 2995 2997 2998 2996 2993 3002 2990 2992 2989 2989 2978 2972 2990 2994 2991 2990 2987 2992 2994 2992 2998 3014 3007 3011 3005 3005 3021 3026 3024 3018 3014 3016 3023 3018 3013 3016 3020 3035 3035 3051 3042 3048 3039 3030 3032 3030 3030 3033 3020 3031 3023 3013 3007 3014 3016 3011 2998 2998 3005 3007
3016 3006 2998 2993 2998 3002 3004 3012 2997 3002 3003 2988 2999 3001 2997 2997 3008 3001 2989 2993 2985 2981 2985 2997 3008 2996 3011 3012 3032 3013 3018 3019 3018 3028 3012 3009 3022 3018 2997 3015 3025 3030 3048 3069 3053 3072 3035 3035 3039 3034 3037 3023 3014 3016 3022 3018 3027 3022 3023 3007 3012 3001 2995 2986
3008 3009 3000 2999 2993 3001 3016 3009 3016 3008 3005 2995 3010 2992 2997 2989 2990 3008 3011 2992 3009 3001 3004 3010 3011 3014 3021 3020 3009 3022 3007 3025 3028 3016 3021 3021 3010 3027 3028 3021 3040 3037 3051 3070 3065 3063 3049 3055 3050 3024 3036 3045 3022 3027 3010 3017 3022 3030 3020 2995 3007 3007 3011 2995
3011 3015 3010 3011 3019 3034 3013 3019 3021 3026 3003 3010 3013 3003 3013 3015 3011 3021 3011 3007 3029 3016 3007 3013 3029 3032 3025 3029 3019 3017 3020 3032 3020 3028 3018 3023 3013 3017 3023 3022 3024 3034 3046 3058 3056 3056 3045 3051 3032 3035 3039 3027 3028 3022 3010 3016 3021 3015 3013 3000 3011 3016 3010 2990
3016 3006 3022 3012 2999 3007 3007 3006 3012 3007 3002 3021 3003 3004 3010 3014 3010 3013 3000 3006 3024 3018 3005 3016 3022 3032 3019 3018 3025 3015 3027 3033 3019 3017 3020 3017 3022 3020 3009 3022 3030 3030 3039 3030 3053 3046 3035 3038 3043 3036 3039 3031 3042 3034 3015 3007 3021 3015 3012 3005 3010 3009 3004 3020
3009 3009 3005 2992 2990 2990 3004 2987 2988 3002 3002 3004 2999 2992 3011 3006 2999 3013 3000 3000 2999 3006 3005 3003 3007 3026 3016 3037 3035 3023 3022 3007 3011 3023 3013 3020 3013 3013 3017 3013 3025 3036 3035 3029 3048 3048 3028 3036 3039 3036 3033 3040 3025 3027 3023 3035 3024 3029 3027 3024 3014 3012 3016 3018
3018 3002 2981 2997 2991 2995 2992 2988 2999 2985 2984 2997 3002 3010 2998 2996 2997 2992 3016 2997 3002 3013 3006 3016 3002 3026 3033 3026 3020 3003 3022 3015 3028 3028 3026 3022 3019 3012 3008 3033 3021 3039 3028 3039 3037 3050 3040 3045 3043 3026 3044 3035 3047 3038 3035 3020 3029 3016 3014 3029 3016 3004 3011 2998
2987 2985 2986 2986 2998 2992 2995 2987 2997 3001 2999 2989 2993 2996 2989 2986 3004 2996 2989 2993 3000 3004 3007 3013 3013 3012 3018 3022 3027 3017 3032 3012 3015 3005 3000 3034 3019 3020 3013 3038 3024 3031 3029 3041 3027 3051 3058 3068 3054 3049 3052 3051 3036 3033 3031 3032 3027 3030 3014 3030 3023 3017 3022 3009
2990 2980 3000 3004 3003 2995 2988 2982 2998 3004 3002 2986 2997 2995 2997 3011 3007 2990 2996 2995 3010 2999 3005 3010 3018 3017 3024 3026 3029 3011 3045 3025 3022 3012 3007 3024 3014 3029 3018 3015 3034 3037 3031 3044 3049 3061 3056 3072 3063 3055 3060 3067 3047 3034 3036 3034 3029 3006 3032 3033 3023 3022 3010 3029
2984 2979 2986 2987 3002 2996 3003 3000 2992 2990 2998 3006 3000 2986 2991 2991 2999 3005 2984 2991 2981 3001 3005 3009 3019 3014 3028 3018 3030 3034 3048 3030 3018 3016 3019 3013 3030 3027 3026 3033 3029 3025 3038 3046 3063 3057 3070 3068 3085 3068 3082 3084 3065 3045 3031 3031 3032 3036 3032 3032 3018 3016 3034 3026
2982 2991 2990 2993 3002 2989 2975 2987 2995 2984 2993 2998 2997 3001 2993 2999 2994 2988 2978 2990 2984 3005 3005 3009 3021 3018 3010 3025 3023 3027 3017 3015 3019 3021 3017 3022 3026 3030 3029 3020 3038 3030 3038 3048 3063 3074 3082 3081 3087 3073 3097 3100 3070 3063 3035 3049 3038 3037 3035 3036 3025 3039 3025 3018
2994 2991 2999 2985 2984 2983 2978 2977 2987 2997 2986 2990 2993 2987 2986 2980 2978 2976 2976 2980 2982 2975 3006 3010 3023 3032 3029 3017 3019 3029 3015 3020 3022 3013 3017 3021 3018 3025 3017 3028 3035 3032 3031 3052 3063 3084 3098 3092 3075 3096 3092 3084 3068 3058 3050 3030 3018 3034 3029 3024 3031 3035 3034 3031
2989 3005 2985 2988 2999 2993 2987 2984 2979 2992 2993 2986 2990 2980 2988 2994 2977 2981 2989 2982 2988 2984 2986 2999 3024 3013 3028 3027 3024 3032 3030 3016 3017 3011 3008 3025 3024 3025 3022 3031 3022 3042 3052 3065 3074 3080 3086 3095 3083 3099 3091 3089 3079 3055 3041 3036 3043 3035 3024 3037 3030 3044 3025 3005
2999 2993 2980 2993 2997 2985 2982 2981 2984 2981 2977 2987 2988 2994 2996 2997 2986 2991 2992 2986 2991 3004 3003 3014 3035 3027 3021 3029 3023 3023 3021 3008 3033 3027 3019 3011 3026 3034 3014 3009 3027 3032 3058 3063 3069 3082 3084 3088 3088 3082 3088 3075 3074 3065 3055 3051 3032 3025 3032 3028 3042 3035 3036 3030
3000 2990 2981 2989 2992 2987 2986 3000 2988 2999 2993 2990 2986 3007 2992 2994 3005 2976 2982 2994 3003 2994 3012 3013 3028 3017 3015 3028 3021 3016 3029 3015 3016 3015 3024 3014 3024 3031 3021 3023 3036 3052 3066 3088 3071 3088 3088 3086 3092 3085 3075 3085 3071 3065 3050 3044 3028 3025 3032 3038 3041 3045 3030 3026
3017 3000 3010 3008 3012 3027 3000 2998 2998 3000 3001 2996 2988 3001 3003 3003 2996 2990 2995 3000 3001 3005 2996 3007 3024 3014 3034 3021 3028 3011 3033 3026 3020 3026 3019 3025 3027 3036 3031 3052 3049 3063 3087 3069 3086 3088 3097 3094 3094 3102 3100 3094 3056 3039 3052 3057 3042 3026 3045 3043 3053 3033 3029 3037
3007 3011 3018 3014 3003 3013 3013 3013 2993 3001 3011 3005 3001 2994 2996 3009 3013 2994 2978 2989 2999 3002 3006 3011 3027 3029 3031 3043 3038 3025 3025 3024 3023 3025 3020 3015 3038 3038 3028 3060 3060 3080 3091 3093 3086 3096 3093 3120 3087 3081 3083 3095 3066 3045 3042 3062 3044 3043 3048 3053 3045 3038 3030 3024
3000 2982 2996 2997 2997 2991 2981 2988 2978 2999 3000 3005 2994 3000 2996 2978 2991 2994 2993 2989 2990 2986 2999 2987 3000 3029 3016 3035 3031 3020 3027 3032 3017 3019 3019 3041 3050 3040 3068 3062 3070 3089 3081 3093 3082 3077 3089 3097 3091 3080 3089 3092 3065 3039 3044 3064 3044 3040 3053 3068 3047 3035 3026 3025
2981 2981 2992 2995 2990 2986 2976 2990 2990 3005 2995 2995 2977 2998 2983 2994 2992 2980 2986 2978 2980 2982 2984 2996 3000 3019 3033 3039 3039 3026 3035 3037 3021 3028 3040 3050 3051 3059 3068 3064 3082 3065 3089 3091 3075 3093 3094 3105 3084 3085 3096 3089 3072 3069 3066 3057 3058 3046 3067 3065 3043 3022 3017 3018
2988 2975 2997 2993 2983 2997 2985 2980 2998 2986 2995 2992 3006 3005 3001 2990 2990 2998 2996 2996 2991 2992 2980 2993 2998 3014 3032 3062 3038 3033 3046 3047 3030 3034 3038 3052 3050 3064 3067 3079 3084 3080 3077 3087 3086 3091 3097 3094 3090 3090 3091 3079 3084 3068 3076 3075 3073 3064 3059 3062 3043 3030 3013 3010
2979 2982 3000 2994 2982 2986 3002 2989 2992 2993 2997 2988 2991 2995 2992 2987 3001 2987 2999 2996 2988 2986 2993 2992 2995 3009 3045 3062 3057 3049 3043 3052 3046 3055 3052 3059 3057 3056 3071 3070 3084 3081 3068 3073 3088 3088 3093 3089 3100 3091 3099 3089 3094 3086 3092 3073 3074 3057 3045 3066 3052 3034 3030 3021
2983 3004 3006 2991 2988 2985 3001 2995 2995 2983 3005 2993 2998 2997 2971 2982 2989 2999 2992 2986 2993 3005 2978 2990 2993 3021 3023 3063 3073 3046 3067 3063 3049 3057 3068 3064 3080 3073 3079 3070 3070 3071 3085 3086 3085 3085 3080 3093 3087 3097 3093 3084 3083 3084 3078 3081 3072 3078 3075 3072 3059 3032 3038 3015
2995 3000 2992 2988 2994 2992 2998 2997 2990 2989 2996 2996 2984 2999 2994 2999 2992 2999 2989 2999 2982 2991 2982 3005 2994 3024 3039 3059 3060 3057 3067 3082 3069 3078 3074 3083 3084 3086 3063 3048 3063 3073 3081 3078 3087 3080 3078 3086 3094 3087 3098 3099 3091 3080 3064 3079 3080 3074 3064 3062 3057 3039 3018 3015
2989 2996 2988 2980 2986 2997 3004 2993 2977 2985 3008 3009 2988 2994 2984 2997 2987 2993 2989 2994 2999 3008 3002 3008 3008 3023 3034 3042 3056 3071 3075 3079 3065 3064 3073 3071 3081 3075 3060 3072 3079 3072 3076 3068 3078 3077 3082 3093 3100 3104 3087 3107 3097 3094 3078 3077 3067 3066 3061 3076 3046 3027 3015 3001
2997 2988 2988 2990 2992 2996 2985 2991 2985 2999 2989 2998 3003 3001 2988 2992 2987 2998 2992 2995 3005 2999 2995 2990 3007 3026 3029 3043 3054 3064 3072 3085 3082 3079 3080 3072 3085 3093 3067 3067 3068 3077 3086 3094 3074 3079 3079 3103 3091 3090 3085 3096 3095 3087 3066 3075 3077 3065 3077 3067 3054 3018 3017 2999
2994 2986 3004 2992 3001 2989 2997 2996 2992 2994 2996 2991 2999 2987 2990 2983 2987 2987 2981 2994 2982 2984 2990 3006 2999 3004 3043 3045 3051 3045 3061 3057 3055 3084 3064 3083 3080 3077 3067 3075 3080 3084 3089 3090 3078 3091 3082 3091 3094 3095 3082 3085 3083 3089 3076 3068 3074 3059 3083 3073 3036 3041 3018 3009
2986 2988 2989 2996 2976 2977 2981 2992 2993 2997 2986 2990 2981 2981 2982 2998 2989 3005 2990 2993 2980 2990 2993 2999 2986 3001 3019 3046 3046 3057 3062 3074 3071 3060 3069 3079 3085 3077 3062 3075 3078 3076 3076 3074 3082 3089 3082 3078 3077 3083 3088 3083 3081 3086 3076 3074 3071 3093 3066 3054 3045 3030 3023 3014
2987 3001 2991 2993 2980 2985 2978 2982 2982 2983 2983 2989 2998 2991 2979 3000 2984 2989 2993 2980 2985 2980 2988 2995 2998 3006 3015 3036 3044 3056 3071 3074 3065 3071 3068 3072 3066 3078 3079 3077 3076 3086 3079 3083 3087 3080 3079 3095 3075 3080 3082 3083 3081 3083 3079 3074 3082 3078 3059 3046 3042 3027 3025 3011
2985 2995 2989 2985 2977 2980 2975 2972 2964 2987 3001 2996 2997 2997 2988 2992 2964 2982 2992 3010 2991 2975 2990 2993 2987 2992 3008 3020 3031 3058 3071 3070 3071 3066 3067 3081 3073 3077 3081 3084 3083 3081 3057 3076 3087 3085 3087 3081 3067 3080 3073 3075 3080 3080 3080 3087 3080 3084 3061 3044 3031 3033 3036 2999
2983 2989 3001 2996 2982 2985 2973 2984 2998 2984 3001 2980 2984 2985 3000 2992 2980 2994 3000 2991 2988 2994 2983 2993 2996 2997 3000 3009 3033 3058 3068 3071 3065 3066 3073 3067 3071 3065 3076 3094 3086 3087 3078 3078 3085 3077 3086 3084 3073 3075 3076 3087 3087 3095 3093 3075 3069 3069 3052 3037 3036 3019 3015 3013
2985 2994 3007 2986 2993 2983 2972 2969 2982 2992 2997 2982 2975 3000 2993 2995 3010 2991 2989 2987 2982 3003 2983 2994 2988 2998 2984 3007 3021 3038 3061 3065 3077 3058 3066 3061 3072 3070 3063 3074 3082 3071 3089 3081 3088 3079 3068 3063 3087 3094 3077 3076 3093 3099 3080 3067 3066 3070 3050 3032 3035 3028 3016 3013
2981 2984 3001 3002 3005 2974 2965 2975 2970 2976 2990 2995 2992 2988 2985 2983 2990 2995 2980 2990 2995 2994 2981 2993 2990 2985 2994 3010 3012 3027 3051 3046 3068 3072 3063 3071 3066 3074 3079 3086 3071 3084 3081 3075 3081 3081 3075 3084 3074 3080 3068 3070 3087 3096 3089 3066 3067 3061 3055 3042 3027 3029 3025 3014
2982 2983 2989 2991 2985 2987 2963 2977 2966 2980 2976 2996 2973 2986 2988 2995 2993 2997 2987 2981 2987 2979 2986 2990 2978 2989 2988 3000 2997 3027 3042 3048 3054 3062 3084 3077 3071 3070 3064 3079 3070 3084 3084 3079 3093 3091 3080 3081 3081 3077 3068 3064 3071 3088 3090 3067 3078 3062 3060 3035 3042 3045 3022 3008
2973 2981 2986 2983 2980 2994 2983 2979 2988 2992 2993 2995 2986 2987 2984 2993 2990 2985 2987 2993 2980 2989 2990 2980 2998 2973 3000 2983 3015 3022 3031 3050 3059 3077 3063 3063 3064 3058 3066 3072 3074 3068 3085 3076 3084 3075 3079 3072 3083 3059 3083 3065 3076 3075 3073 3066 3069 3060 3053 3049 3038 3043 3030 3017
2970 2971 2994 2978 2985 2998 2996 2982 2995 2986 2989 2988 2974 2977 2984 2993 2982 2980 2999 2987 2979 2985 3006 2984 3001 2990 2991 2990 2991 3012 3036 3049 3059 3064 3057 3051 3052 3066 3065 3067 3071 3081 3077 3080 3093 3091 3085 3074 3069 3075 3071 3072 3069 3070 3067 3080 3063 3072 3053 3048 3030 3022 3023 3019
2984 2987 2982 2977 2986 2996 2982 2968 2975 2995 2983 2992 2971 2982 2979 2979 2982 2998 2987 2985 2988 2980 2998 3017 3002 3003 2985 2985 2993 3009 3025 3044 3041 3066 3063 3059 3052 3059 3073 3076 3087 3076 3092 3088 3095 3090 3099 3086 3086 3077 3083 3064 3077 3057 3078 3075 3068 3067 3040 3048 3046 3029 3025 3014
2976 2988 2982 2978 2997 2981 2975 2971 2979 2984 2989 2980 2961 2961 2972 2972 2976 2988 2986 2992 2990 2986 2986 3023 3014 3002 2989 2990 2982 2996 3013 3041 3045 3045 3070 3061 3049 3060 3061 3074 3071 3070 3089 3103 3083 3089 3093 3082 3073 3078 3086 3086 3079 3067 3070 3068 3048 3036 3056 3051 3043 3034 3027 3017
2984 2977 2978 2990 2986 3004 2983 2982 2989 2967 2978 2993 2985 2991 2995 2995 2993 2990 3002 3013 2994 3010 3009 3003 3019 3032 3018 3012 2999 2991 3014 3034 3038 3052 3064 3065 3059 3074 3063 3083 3081 3086 3081 3100 3107 3100 3094 3096 3090 3092 3081 3096 3085 3076 3069 3062 3049 3039 3045 3053 3054 3041 3034 3024
2986 2983 2980 3000 3010 2997 2997 2998 2991 3000 2993 2993 3011 3010 3026 3019 2998 3015 2996 3008 3010 3015 3016 3019 3030 3028 3041 3014 3011 2994 3010 3027 3042 3069 3065 3072 3070 3069 3072 3082 3092 3083 3083 3082 3087 3097 3094 3101 3097 3080 3088 3098 3085 3082 3071 3050 3039 3031 3036 3055 3058 3038 3033 3028
2984 2991 3002 2991 2996 3004 2995 3000 2999 2996 2987 2999 3016 3020 3014 3010 3018 2988 3006 3003 3015 3019 3011 3013 3034 3040 3036 3026 3001 3004 3022 3031 3055 3066 3072 3075 3064 3060 3061 3093 3079 3082 3082 3097 3104 3099 3101 3086 3093 3086 3111 3073 3079 3067 3058 3050 3045 3037 3041 3058 3043 3034 3042 3033
2991 2992 2992 2988 2980 2997 3001 2995 2999 2997 2994 2990 3021 2995 3007 3004 3002 2996 2994 2995 3008 3020 3030 3035 3045 3043 3038 3032 3031 3011 3022 3043 3055 3075 3077 3080 3060 3060 3066 3073 3078 3083 3076 3105 3091 3106 3104 3090 3098 3095 3086 3080 3069 3057 3049 3036 3034 3022 3037 3026 3047 3013 3038 3045
3000 2994 2991 2989 2984 2998 3000 3004 2994 3004 3011 3017 3012 3002 2988 3001 3002 3006 3000 2997 3010 3018 3021 3022 3037 3055 3057 3047 3031 3036 3032 3053 3079 3072 3084 3076 3071 3056 3078 3090 3094 3093 3091 3095 3105 3097 3085 3094 3105 3097 3074 3080 3058 3059 3046 3057 3034 3022 3032 3039 3033 3029 3024 3059
2997 2983 2990 2989 2994 2997 2997 2982 2990 2995 3002 3004 3008 2999 2993 3000 3003 3005 2995 3007 3022 3022 3019 3039 3047 3052 3051 3044 3038 3026 3040 3064 3063 3070 3095 3071 3065 3074 3076 3089 3079 3101 3106 3099 3086 3090 3091 3095 3089 3096 3093 3076 3057 3048 3062 3057 3044 3011 3021 3031 3031 3034 3041 3048
2980 2995 2997 2998 3003 2999 2999 2991 2990 2996 2998 3008 3014 3001 3014 3005 3001 3009 2998 3029 3012 3018 3038 3054 3051 3060 3061 3063 3047 3054 3061 3058 3088 3087 3091 3098 3074 3072 3067 3070 3092 3091 3089 3087 3091 3092 3087 3102 3098 3099 3089 3075 3069 3072 3070 3040 3039 3014 3018 3032 3046 3022 3041 3038
2993 2997 2984 2986 2995 2993 3000 2990 2997 2992 2994 2997 3018 3009 3024 3014 3004 3010 3015 3012 3029 3027 3048 3051 3063 3055 3054 3063 3059 3060 3073 3070 3078 3080 3088 3101 3094 3093 3085 3069 3075 3080 3085 3087 3089 3081 3081 3097 3098 3095 3078 3067 3069 3073 3047 3041 3024 3036 3033 3049 3059 3048 3044 3045
