3056 3047 3049 3054 3038 3043 3037 3028 3027 3021 3025 3037 3035 3032 3025 3028 3022 3025 3005 3013 2986 3004 3027 3032 3020 3027 3007 3005 3002 3009 3003 3003 3012 2998 3008 3011 3006 3006 3006 3012 3016 3008 2992 3001 2999 3000 2999 3003 3001 3005 3006 3009 2992 2986 2987 2987 2999 3010 3009 3012 3010 3023 3004 3001
3059 3060 3049 3050 3036 3043 3033 3040 3033 3026 3016 3031 3029 3035 3018 3020 3001 3016 3012 3018 3009 3019 3006 3015 3020 3028 3019 3005 3008 3021 3011 3021 3005 3008 3014 2997 2994 3005 2982 3007 3001 3002 2993 2999 3004 3006 3003 2996 3004 3008 3005 3011 3001 2988 2983 2991 3000 3009 3016 3008 3016 3025 3009 3001
3046 3047 3042 3044 3031 3028 3026 3038 3038 3034 3031 3028 3030 3035 3013 3003 3004 3006 3012 3014 3012 3007 3004 3007 3012 3016 3020 3008 3018 3012 3013 3013 3019 3008 3010 2994 2999 2998 3000 3002 2989 3000 3003 3016 3002 2991 3000 2997 3019 2998 3012 2998 3004 2999 2988 2992 3004 3000 3002 2995 3012 3013 3006 3002
3042 3044 3053 3037 3030 3033 3035 3034 3034 3028 3034 3016 3022 3027 3014 3009 3016 3012 3001 3027 3002 3001 3017 3015 3015 3027 3009 3020 3012 3005 3013 3009 3004 3006 3005 3015 3000 3005 3006 3008 3000 3009 3009 3005 2992 2998 2992 3009 3006 2998 3008 3008 2993 2991 3002 2999 3008 2997 3007 2995 2998 2995 3001 2999
3027 3039 3038 3035 3037 3027 3026 3022 3017 3014 3012 3006 3021 3027 3005 3014 3011 3007 3017 3022 3016 3022 3005 3012 3022 3014 3018 3025 3024 3000 3001 3000 2991 2994 3005 3007 2996 2997 3007 3006 3010 3015 2998 2999 3010 3014 3005 3009 2996 2991 3004 2993 2996 2996 2983 3003 3014 3011 3005 3005 2995 3010 2995 3006
3031 3041 3027 3025 3021 3017 3018 3024 3012 3021 3012 3022 3022 3025 3021 3030 3006 3009 3016 3018 3017 3011 3013 3020 3007 2996 2997 3007 3015 3012 2999 3003 3003 3008 3008 3000 3010 2997 2999 2983 3000 3012 2995 3000 3003 2995 3004 3009 3005 3000 2989 3012 3009 3005 3013 3000 2997 2995 3008 3000 3000 2991 3011 3002
3035 3026 3018 3017 3010 3013 3011 3011 3016 3015 3015 3015 3027 3030 3027 3021 3012 3006 3012 3012 3003 2992 3001 3002 3020 3000 2984 2988 3013 3005 3002 3010 3018 3014 3011 2999 3006 2997 2999 2995 2999 2996 3012 2994 2991 2986 2997 2974 3002 3012 3004 3010 3004 3021 3000 3009 3002 3008 2994 2984 2998 2976 2996 3011
3000 2998 2995 2996 2996 2986 2993 2999 2980 2984 2994 3006 3011 3008 3001 2992 2989 2990 2988 2990 2989 2988 2992 2987 2999 2978 2988 2988 2989 2985 2995 2996 3011 2995 3004 2994 2999 2996 2992 2991 2993 3000 2982 2981 2999 3002 2996 2987 2994 2996 3004 2998 2994 3000 3005 3000 2999 2998 3004 2994 2989 2994 3000 2989
2946 2951 2956 2953 2966 2972 2970 2969 2952 2952 2972 2966 2978 2988 2982 2984 2980 2972 2978 2961 2964 2979 2980 2979 2968 2979 2993 2977 2995 2986 2972 2977 2994 2998 2973 2985 2977 2981 2980 2981 2977 2977 2987 2983 2986 2991 3002 2996 2998 2998 2996 2981 2985 2974 2994 2998 2992 2997 2993 2990 2991 2986 3000 2987
2952 2956 2974 2961 2961 2957 2968 2955 2966 2965 2963 2979 2987 2977 2984 2974 2976 2969 2958 2977 2971 2972 2974 2983 2979 2977 2980 2985 2982 2992 2987 2980 2982 2984 2984 2986 2987 2985 2978 2985 2997 2979 2994 2993 2977 2991 2978 2993 2992 2983 2988 2995 2982 2979 2989 2999 3005 2992 2995 2996 2986 2982 2988 2999
2956 2962 2967 2957 2973 2951 2958 2957 2973 2977 2989 2979 2989 2981 2985 2987 2969 2968 2983 2976 2982 2979 2963 2980 2976 2989 2969 2988 2994 2995 2985 2992 2981 2997 2993 2983 2985 2979 2986 2974 2973 2983 2996 2993 2969 2984 2992 2982 2973 2980 2989 2982 2990 2978 2986 2990 2991 3004 2977 2993 2996 2992 3002 2999
2961 2958 2974 2970 2955 2958 2968 2967 2990 2971 2981 2979 2986 2978 2975 2979 2985 2971 2977 2977 2984 2980 2975 2981 2977 2980 2961 2982 3001 2999 2997 2984 2986 2995 2992 2973 2985 2985 2986 2993 2977 2993 2996 2987 2986 2989 2985 2987 2992 2980 2986 2995 2999 2985 2989 2979 2999 2989 2998 2987 2997 2982 2986 3010
2969 2974 2967 2974 2941 2962 2963 2957 2981 2968 2969 2969 2978 2971 2970 2967 2981 2977 2964 2971 2996 2996 2982 2987 2986 2995 2978 2998 2993 2983 2993 2983 2991 2994 2986 2986 2981 2988 2985 2999 2996 2987 2987 2977 2993 2996 3001 2985 2979 2991 2993 2994 2990 2979 2975 2989 2971 2971 2964 2991 2989 2984 2988 2988
2978 2971 2959 2964 2967 2957 2985 2978 2987 2980 2967 2974 2983 2977 2960 2969 2980 2980 2981 2979 2984 2977 2977 2989 2983 2998 2982 2985 2998 2999 2976 2987 2982 2984 2986 2973 2989 2986 2996 2994 2998 2974 2988 2981 2998 2990 2995 2984 2986 2979 2983 2993 2977 2992 2998 2993 2992 2984 2990 2981 2979 2978 2985 2988
2976 2997 2977 2977 2986 2973 2978 2975 2976 2987 2976 2968 2978 2983 2971 2986 2993 2984 2997 2971 2980 2986 2984 2987 2983 2994 2988 2997 2999 2986 2985 2978 2987 2982 2983 2981 2994 2995 2989 3003 2989 3007 2993 2988 2994 2977 2986 2996 2995 2983 2987 3002 2981 2977 2993 3000 2997 2992 2993 2994 2999 3001 2997 2997
2990 2978 2973 2973 2985 2980 2988 2990 2990 2985 2985 2983 2979 2977 2982 2979 2991 2982 2977 2987 2978 2993 2994 2971 2989 2995 2987 2992 3000 2974 2976 2993 2982 2988 2993 2974 2991 2982 2993 2990 2995 2993 2983 2992 2995 2995 2997 3000 3005 2992 2996 2989 2994 2997 3003 3008 3008 2980 2989 2975 2982 2999 2994 2992
3011 2993 2994 2975 3000 3008 2993 2985 2992 2999 2979 2989 2995 2990 3009 2997 3000 3000 2984 2974 2981 2978 2985 2987 2977 2960 2982 2996 3008 2992 2995 2988 2987 2991 2979 3000 3002 2993 2995 2989 2985 2991 2990 2998 2984 3000 3006 2982 2997 3000 2996 2999 3000 3005 3007 3005 3014 2983 2989 2986 2997 3000 2992 2985
2995 3015 2983 2997 2992 2987 2996 3001 2998 2992 2987 2995 2999 2991 3005 3005 2987 2981 2987 2987 2990 2989 2980 2991 2981 2982 2987 2988 2987 2994 2983 2988 2978 2987 2988 2985 2990 2989 2993 2983 2993 3004 2985 2996 2998 2998 2989 2990 2984 3004 2986 2987 3009 3001 3010 3005 3002 2995 2990 2991 2985 2995 2984 2980
3000 3000 2988 2975 2980 2983 2981 2978 2991 2993 2982 2999 2998 2998 3010 3009 3000 2986 2977 2972 2978 2987 2995 2990 2986 2988 2982 3002 2979 2982 2986 2987 2990 2996 3008 2985 2975 2990 2987 2987 3001 2991 2992 3009 2998 2987 2987 2989 2983 2976 2985 2999 3004 2993 3000 3006 3000 2998 3001 2983 2995 2986 2997 2987
3002 2997 3010 2998 2987 2993 2993 2994 2979 2985 3005 2997 3006 3000 2991 3003 2995 2998 2992 2988 2972 2989 3004 2991 3001 2989 2995 2992 2980 2983 2985 2990 3009 3004 2996 2995 2989 2979 3001 2986 2988 3010 3006 2994 2993 2992 2984 3003 2979 2978 2997 2989 2993 2999 3000 2999 3003 2994 2993 2993 2992 2994 2988 2985
3003 3000 3010 2997 2998 3006 2991 2995 2994 2995 3009 3000 3005 3002 2995 2997 3008 3004 2993 2990 2982 2996 3000 3019 2995 2996 2989 2986 2981 2994 2988 2987 2988 2998 2982 2988 2984 2995 2985 2999 2980 3001 3008 3002 3002 2992 2991 2992 2983 2980 3003 2994 2997 3000 2988 2988 2995 3008 2987 2997 2985 2992 2989 3001
3010 2999 3017 3012 3015 3008 3016 3015 3001 2998 3009 2996 3013 2990 3008 2999 3007 2994 3001 2993 2998 3008 3003 3004 3005 3007 2996 2989 3000 2992 2993 2982 3009 3011 2996 3009 2994 2998 3005 3015 3003 2998 3015 3025 3001 3000 3008 3000 3000 3002 3014 2999 3001 3010 3015 3008 3009 3002 2993 2999 2991 2984 2998 2998
3016 3000 3024 3004 3016 3013 3014 3003 3020 3000 3002 3014 3019 3016 3016 3008 3014 3019 3023 3012 3017 3008 3018 3026 3014 3006 3026 3015 3010 3014 3016 3024 3009 3013 3011 3014 3015 3006 3015 3019 3015 3008 3023 3019 3013 3024 3016 3016 3021 3010 3023 3014 3023 3030 3001 3028 3013 3009 3010 3006 3007 3007 3011 2997
3012 3012 3016 3019 3011 3003 3015 3006 3016 3008 3016 3010 3002 2996 3010 3006 3016 3010 3013 3003 3009 3005 3018 3028 3020 3020 3004 3013 3001 3012 3013 3017 3016 3010 3013 3014 2994 3013 3006 3002 2998 3009 3020 3022 3013 3007 3011 3014 3021 3025 3007 3019 3033 3026 3022 3027 3013 3016 3002 3015 2996 2997 3004 3004
3005 3001 3003 3013 3002 2998 3008 2979 2993 2985 2997 2998 2998 2988 3006 3001 3003 3010 3001 2996 2994 2992 3004 3000 2987 2997 3003 3008 2994 3001 3012 2995 2997 3004 3004 3013 3008 3007 2995 2992 3005 3015 2992 2992 3004 3019 2996 2999 2992 2992 2984 3010 3007 3011 3001 3011 3005 2992 3007 3013 3009 3005 2995 3006
2999 3000 2992 3004 3003 2997 2994 2998 3001 2999 2985 2997 2986 3002 2993 2997 3007 3006 3003 2991 3000 3002 2985 2989 2990 2993 2997 2992 2992 2998 2997 3000 2989 2997 3004 2991 2991 2989 2998 2993 3000 3005 2990 2983 2999 2999 3001 3001 2994 2996 3003 3013 3002 3006 3006 3006 3002 2986 2995 2984 3000 3002 3004 3004
2980 2992 2990 3001 2998 3002 2997 2986 3000 2989 2991 2996 2998 2987 2995 3016 3015 3001 2995 2996 3004 2999 3003 2985 3000 2979 2997 2988 2993 3000 3007 2998 3005 3005 3006 2993 3000 3000 3002 2995 3002 2994 2994 2975 2987 2983 2985 2999 2985 2999 2989 2996 3000 3002 2997 2992 2995 2983 2993 3000 2987 2979 2998 3003
2990 2993 3008 2993 2993 2987 2986 3004 3000 3000 2996 3003 3000 2998 3003 3017 3013 2997 3011 3005 3003 3000 3002 3004 2993 2986 2992 2991 2994 3006 2988 2992 3006 2998 2999 2995 2989 2990 2991 2985 2989 2992 2980 2981 2989 2987 2987 2993 2994 2990 2993 2995 2986 2990 2994 2992 2989 2993 2999 3000 2997 2968 2996 3000
2980 2990 2982 2995 2989 2998 2989 2998 2998 2994 2985 2996 2997 2997 3018 3017 3030 3019 3008 3011 3007 3012 3011 3009 2999 3002 2993 2995 2988 2991 2989 2978 2979 2985 2993 3003 2996 2976 2975 2998 2986 2986 2989 2999 2979 3002 2982 2986 3006 2992 2986 2991 3006 2983 2991 2990 2979 2994 2987 2997 2991 3004 2997 2998
2983 2998 2985 2987 2981 2993 2997 2977 3003 2996 3005 2987 2992 3018 3009 3022 3014 3028 3029 3024 3030 3015 3018 3017 3013 2997 3008 2990 3003 2999 3006 2988 2985 2974 2998 2977 2982 2972 3003 3000 2984 2986 2994 3006 2995 2983 2997 2989 3001 2993 2995 3005 2990 2988 2986 2984 2986 2999 3002 3006 2998 2998 2985 3010
2999 2994 2998 2990 2989 2990 2992 2985 3009 3009 3001 3008 3011 3011 3005 3003 3011 3016 3014 3003 3021 3015 3006 3012 3016 3003 3004 2998 2987 2990 2994 2985 2986 2993 2992 2979 2989 2970 2996 2992 2977 2984 2994 2994 2994 2998 2989 2999 2990 2990 2998 3012 2993 2975 2986 2999 2991 2997 2982 2997 3011 3001 3004 2994
2981 2988 2996 2983 2987 2988 2991 2999 3003 3017 3013 3014 3014 3016 3010 3011 3029 3027 3017 3019 3018 3020 3014 3020 3018 3021 3016 3013 2997 3011 3019 2996 2982 2982 2992 2979 2983 2977 2993 2989 2989 2994 2977 2993 2985 2979 2986 3004 2989 2992 2991 2992 2986 2989 2983 2994 2995 2984 2995 3001 3000 2997 2994 2998
2982 2993 2993 2988 2986 2990 3001 3008 3009 3006 3013 3021 3020 3017 3027 3032 3036 3027 3013 3026 3029 3020 3006 3025 3012 3008 3013 3025 3021 3020 3022 3012 3000 3005 2986 2995 2982 2999 2988 2991 2982 2986 2993 2984 2979 2996 2993 2986 2982 2982 2989 2973 2995 2996 2995 3002 2996 2989 3002 3001 2999 2991 3004 3013
2994 2979 3000 3012 3003 3002 3014 3009 3028 3021 3031 3034 3042 3040 3018 3038 3041 3027 3018 3014 3025 3025 3017 3021 3019 3017 3015 3025 3016 3018 3019 3031 2999 2992 3001 2987 2999 2994 2994 2998 2980 2997 2997 2987 3000 3006 3006 2997 2994 3001 3001 2975 2976 2992 2995 2997 3001 3000 3000 3000 2999 2987 2997 3007
3011 3016 3013 3015 3020 3014 3017 3020 3016 3019 3021 3028 3037 3025 3027 3033 3055 3024 3015 3011 3018 3019 3017 3018 3012 3020 3013 3037 3016 3027 3011 3023 3033 3011 3013 3002 2998 3000 3005 3017 3014 2995 2997 2992 2992 2992 2993 2997 2995 3018 3003 2994 2989 2973 2992 3000 2998 3010 3000 3011 2986 2994 2991 3024
3014 3001 3006 3016 3028 3031 3024 3036 3015 3025 3040 3037 3045 3040 3041 3036 3041 3027 3014 2991 3026 3020 3024 3031 3007 3015 3011 3030 3025 3019 3020 3026 3027 3032 3015 3024 2995 3002 2997 3020 3007 3002 3006 2988 2998 2995 3007 3003 2988 2987 2989 3000 2990 2984 2993 3001 3002 3014 3003 3009 2980 2989 3000 3016
3008 2993 2996 3019 3014 3022 3022 3036 3014 3037 3041 3041 3043 3038 3029 3036 3033 3026 3015 3011 3011 3030 3022 3019 3012 3009 3018 3029 3033 3014 3031 3035 3029 3025 3014 2999 2989 2979 3000 3007 3001 2998 2994 2995 3004 3004 2991 2990 2993 3006 3002 2994 2997 2984 3002 2995 3003 3006 3001 3000 3004 2998 2993 3009
2997 3005 2996 3017 3016 3024 3023 3024 3038 3025 3046 3050 3049 3045 3039 3030 3037 3008 3020 3023 3010 3012 3024 3012 3020 3015 3016 3027 3042 3031 3040 3028 3035 3024 3021 3014 2984 2978 2992 2999 2978 2992 2994 2986 3001 2996 2991 2977 2993 2989 2996 2994 2990 2995 2995 2992 2995 3003 3011 3014 3001 2977 2991 3006
2995 3008 3001 3022 3012 3004 3011 3016 3020 3039 3057 3051 3051 3055 3050 3041 3023 3029 3014 3010 3011 3017 3018 3009 3027 3032 3023 3031 3034 3045 3042 3038 3040 3030 3028 3011 2990 2985 2990 2974 2989 2996 2987 2995 3003 3007 3000 2981 2998 3000 2987 3001 2990 2987 2980 2989 2991 2998 2990 2997 2999 3010 3005 3001
3006 3002 2988 3015 3024 3014 3015 3020 3033 3047 3055 3056 3044 3061 3057 3054 3033 3029 3029 3014 3026 3019 3011 3015 3017 3015 3030 3033 3030 3051 3031 3031 3054 3034 3028 3010 3007 2993 2983 2981 2995 2998 2977 2989 2986 2995 2971 2994 2993 2997 2977 3000 2988 2985 2996 2982 2990 2998 2996 3004 3007 3005 3006 2996
3003 3006 3007 3013 3023 3007 3017 3020 3021 3036 3033 3052 3057 3060 3070 3053 3052 3045 3028 3008 3033 3033 3024 3016 3030 3022 3028 3036 3037 3038 3042 3035 3039 3039 3030 3018 3001 2996 2999 2989 2991 2999 2988 2995 2989 2992 2976 2982 2985 2998 2979 2982 2990 2984 2989 2976 2991 2995 3002 3005 3004 3006 3001 3004
3003 3008 2997 3018 3026 3010 3017 3031 3038 3037 3034 3041 3072 3066 3085 3074 3067 3049 3035 3032 3041 3047 3023 3011 3033 3031 3030 3037 3041 3048 3036 3037 3036 3037 3042 3024 3021 3013 2984 2989 2984 3012 2993 2977 2988 2988 2987 2974 2984 2985 2978 2993 2993 2994 2972 2983 2990 2981 2986 3004 2990 2989 2994 3002
3006 2996 3016 3008 3022 3013 3009 3033 3033 3034 3058 3059 3073 3076 3085 3092 3063 3053 3042 3049 3051 3049 3035 3026 3037 3039 3021 3038 3057 3063 3056 3041 3039 3034 3035 3035 3013 3009 3002 2982 2977 2995 2991 2993 2984 2994 2978 2986 3001 2993 2992 2993 2980 2991 2991 2995 2998 2990 2993 2980 2988 2985 2990 2999
2996 3002 2993 3008 3014 3021 3012 3018 3022 3040 3054 3057 3071 3085 3080 3078 3087 3067 3060 3069 3058 3061 3058 3046 3036 3036 3042 3048 3063 3051 3054 3056 3054 3042 3042 3040 3026 3014 2987 2980 2995 2994 2981 3004 3004 3007 2997 2994 2990 2999 3000 2991 3001 3010 3003 3000 3002 2993 2989 2984 2966 2970 2989 2999
2987 2988 2997 3011 3017 3019 3027 3026 3041 3048 3067 3059 3077 3076 3095 3077 3072 3078 3072 3064 3058 3061 3067 3049 3030 3048 3047 3055 3075 3065 3055 3052 3055 3046 3048 3026 3026 3011 2999 2993 2982 2983 2979 2994 2995 3000 3007 2995 2986 2982 2977 2981 2968 2990 2992 2979 2996 2992 2995 2984 2987 2973 2990 2990
3005 2990 2993 3001 3017 3029 3024 3021 3049 3041 3075 3066 3081 3107 3093 3081 3076 3072 3074 3068 3058 3058 3068 3074 3050 3029 3049 3069 3073 3075 3072 3055 3074 3062 3045 3035 3026 3002 3005 2990 2996 2983 2995 2991 2994 2991 3000 2987 2989 2971 2966 2980 2977 2994 2992 2990 2986 2992 2992 2997 2996 2991 2977 2980
3003 2996 3015 3007 3013 3022 3021 3021 3033 3065 3062 3076 3075 3086 3091 3077 3075 3071 3083 3074 3066 3067 3073 3068 3062 3061 3073 3080 3072 3074 3075 3059 3072 3064 3050 3048 3029 3013 2995 2988 2982 2988 2987 2984 3003 2993 2989 2997 2996 2989 2996 2983 2979 2974 2987 2985 2984 2989 2992 2996 3008 2997 2988 2973
3009 3019 3015 3014 3016 3012 3021 3029 3037 3050 3072 3089 3084 3089 3086 3085 3088 3106 3088 3068 3065 3067 3069 3071 3090 3085 3078 3092 3087 3091 3081 3090 3075 3081 3059 3042 3042 3011 2988 2979 2987 2981 2996 2999 2996 2987 2985 2995 2997 2990 2994 2998 2995 2992 2998 2991 2971 2988 2993 2982 2992 2991 2982 2981
2983 3011 3003 3012 3019 3022 3019 3028 3039 3056 3084 3077 3084 3092 3089 3095 3086 3096 3093 3086 3085 3089 3098 3090 3083 3082 3063 3069 3071 3072 3088 3090 3092 3075 3065 3066 3036 3031 3006 2989 2994 3002 2996 2988 2992 2997 2995 3011 3001 2983 2981 2985 2988 2995 2987 2971 2972 2994 2983 2974 2991 2992 3000 2987
2985 3002 3007 3013 3012 3003 3024 3032 3049 3059 3085 3092 3083 3094 3086 3094 3088 3098 3102 3097 3104 3097 3091 3092 3087 3092 3077 3087 3082 3081 3078 3088 3072 3077 3076 3084 3052 3032 3020 3006 2999 2994 2980 2996 2993 2982 3002 3008 2988 2992 2975 2974 2997 2987 2993 2982 2990 2987 2988 2977 2986 2996 2994 2992
2981 2987 3007 3014 3014 3017 3023 3036 3037 3065 3073 3084 3086 3087 3083 3084 3081 3090 3083 3096 3084 3075 3089 3083 3088 3081 3068 3081 3082 3081 3091 3101 3081 3068 3082 3059 3047 3041 3034 3007 2989 3000 2987 2997 2997 2990 2994 3002 2997 2994 2989 3000 2993 2989 2987 2988 3002 2992 3000 2994 2998 2992 3002 2999
2988 2992 3008 3002 3010 3013 3016 3026 3052 3054 3080 3079 3078 3072 3066 3077 3072 3078 3095 3099 3100 3087 3072 3084 3084 3074 3088 3079 3085 3085 3084 3069 3079 3058 3078 3073 3053 3057 3005 3009 2997 2994 2987 2993 2998 2989 2991 2997 2991 3007 3000 2999 2995 2988 3000 2991 3004 3004 2982 2988 2983 3001 2989 2995
2991 3000 3008 3007 3019 3015 3016 3028 3034 3053 3070 3069 3075 3073 3084 3083 3081 3080 3081 3078 3086 3074 3088 3102 3089 3089 3083 3072 3083 3082 3080 3091 3076 3076 3067 3065 3057 3031 3023 3004 3001 2991 2994 2977 2995 2997 3002 2999 2995 2993 3003 3008 2997 2988 3004 2995 3000 2995 2998 3003 2991 3000 2999 2997
3005 3003 3008 3010 3017 3013 3018 3017 3039 3054 3054 3076 3077 3084 3074 3081 3089 3097 3089 3083 3080 3075 3095 3093 3083 3073 3081 3075 3089 3071 3073 3075 3084 3071 3081 3069 3048 3041 3020 3003 2999 3000 2986 2985 2989 2998 2992 3003 2985 3001 3005 2997 2999 2985 2992 3006 3015 3006 3002 2999 3001 3001 3002 3003
2988 3003 3003 3002 2999 3010 3026 3024 3029 3046 3057 3080 3074 3085 3086 3085 3085 3092 3083 3076 3084 3091 3087 3090 3075 3075 3068 3067 3067 3085 3072 3070 3066 3058 3057 3064 3057 3038 3005 2999 2996 2977 2970 2993 2997 3005 2981 2980 2990 2999 3006 3009 3002 3002 2993 3001 3005 2996 2997 2992 2993 2994 3002 2989
2974 2987 2991 2999 3000 3007 3011 3015 3022 3049 3057 3079 3076 3068 3067 3079 3090 3095 3079 3078 3099 3091 3098 3085 3089 3084 3069 3055 3077 3070 3077 3066 3064 3062 3073 3060 3050 3027 3016 2992 2997 2982 2998 2996 3000 3007 2993 2987 2986 2998 3007 2998 3006 3003 2999 2998 3002 3017 3007 2999 2993 2993 2998 3001
2990 2992 3001 3008 3015 3014 3015 3027 3018 3039 3062 3060 3077 3079 3075 3098 3091 3098 3087 3090 3082 3086 3086 3087 3092 3077 3076 3078 3078 3067 3073 3063 3079 3077 3078 3059 3035 3023 3013 3003 2994 2991 3005 3008 3009 3005 2992 2999 3003 3008 2997 3007 3001 3004 2981 3001 3001 2992 3007 3016 3017 3010 3006 3004
2992 3006 3000 3007 3021 3022 2996 3029 3016 3035 3052 3068 3074 3085 3092 3097 3097 3088 3085 3093 3071 3087 3071 3076 3089 3080 3089 3096 3094 3081 3070 3067 3084 3069 3065 3057 3045 3012 3017 3004 3013 2991 3000 2998 3012 3009 2987 2989 3002 2995 3013 2995 2996 3004 2999 2992 2987 3008 3014 3016 3011 3015 2993 3013
3004 3007 3000 3009 3017 3012 3023 3029 3027 3034 3057 3057 3064 3071 3081 3096 3087 3088 3092 3080 3082 3085 3083 3093 3086 3073 3085 3088 3078 3079 3073 3070 3083 3072 3056 3039 3025 3017 3018 3008 3018 3001 3010 3007 3007 3010 3003 2992 2990 2995 3008 3001 2988 2991 2994 3017 3000 2999 3006 3024 2997 3001 2999 3013
2992 2996 3007 2999 3006 3019 3028 3023 3022 3027 3054 3054 3059 3077 3091 3096 3084 3092 3073 3083 3085 3088 3072 3081 3083 3082 3083 3085 3075 3071 3072 3076 3054 3068 3055 3046 3020 3019 3001 3026 3007 3012 3012 3012 3000 3006 2988 2988 2999 2996 2997 2986 2988 2988 2996 3008 3005 3011 3018 3011 3006 2988 3010 3007
3019 2999 3004 3008 3016 3012 3021 3025 3032 3030 3048 3045 3055 3066 3067 3074 3096 3090 3098 3093 3085 3073 3097 3076 3098 3079 3085 3089 3074 3083 3077 3084 3066 3056 3053 3043 3046 3013 3009 3021 3007 2997 3009 3007 3008 3009 2999 2996 2992 2997 3009 3014 2997 2990 2984 2998 3006 3002 3009 3002 3006 3004 3012 3005
3003 3012 3015 3002 3023 3010 3021 3006 3038 3023 3040 3041 3050 3053 3072 3079 3069 3083 3089 3090 3100 3091 3092 3093 3102 3088 3082 3091 3074 3080 3070 3072 3065 3056 3062 3038 3035 3029 3006 3015 3021 3013 3009 2996 3022 3003 3015 3002 2998 3005 3009 3017 3009 2995 2993 2987 2991 2990 2993 2992 3008 3005 3009 3007
2994 3009 3005 3019 3005 3013 3014 3017 3027 3031 3040 3041 3037 3053 3064 3081 3085 3094 3102 3091 3092 3083 3088 3091 3086 3104 3091 3082 3085 3084 3081 3066 3064 3054 3047 3057 3021 2994 2999 3003 3009 3004 2993 3008 2987 3004 3006 2999 3003 3015 2991 3007 2994 2997 2997 2997 2995 2999 3006 3002 3004 2991 3014 2996
3024 2999 2983 3002 3020 3017 3012 3021 3026 3033 3022 3032 3024 3049 3063 3081 3085 3092 3091 3082 3083 3093 3090 3101 3084 3105 3088 3102 3089 3076 3076 3077 3064 3050 3041 3034 3018 3003 2998 3007 3003 2995 2996 2995 2999 2994 3005 2996 3005 2998 2984 2981 2992 2999 2995 2978 2994 2998 3008 3007 3013 3003 3006 3031
