3061 3053 3057 3065 3052 3052 3052 3051 3045 3048 3051 3049 3041 3043 3045 3037 3039 3032 3034 3025 3028 3022 3031 3022 3016 3014 3008 3024 3009 3033 3000 3025 3020 3030 3025 3031 2999 2997 3011 3005 3021 3012 3020 3018 3022 3014 3012 3010 3016 3024 3025 3032 3014 3034 3021 3007 3013 3018 3026 3036 3029 3007 3003 3014
3050 3045 3065 3050 3037 3041 3042 3033 3053 3043 3040 3039 3033 3040 3045 3031 3033 3030 3033 3020 3023 3015 3024 3018 3017 3013 3021 3017 3024 3009 3032 3023 3018 3021 3026 3014 3002 3013 3017 3011 3022 3028 3022 3012 3026 3025 3021 3024 3032 3031 3021 3040 3032 3042 3027 3016 3018 3016 3010 3016 3004 2999 3009 3010
3043 3043 3046 3041 3044 3027 3026 3027 3044 3031 3038 3035 3037 3033 3036 3037 3030 3023 3036 3026 3033 3014 3026 3022 3029 3017 3012 3026 3021 3025 3022 3021 3022 3006 3033 3026 3019 3006 3014 3031 3020 3010 3018 3023 3032 3033 3044 3009 3037 3032 3028 3024 3034 3037 3016 3012 3016 3022 3004 2997 3004 2996 3001 3009
3057 3032 3046 3041 3057 3039 3035 3042 3033 3019 3038 3039 3034 3024 3035 3013 3017 3015 3019 3024 3026 3030 3016 3014 3024 3024 3021 3028 3014 3009 3022 3012 3018 3001 3020 3016 3003 3022 3017 3006 3027 3011 3027 3031 3033 3021 3025 3033 3027 3024 3032 3029 3021 3025 3021 3007 3000 3004 3003 3000 3005 3006 3008 3012
3046 3034 3041 3046 3062 3060 3052 3049 3024 3037 3031 3036 3042 3030 3015 3011 3013 3029 3012 3013 3026 3018 3011 3015 3021 3017 3009 3013 3011 3021 3005 3001 3011 3012 3006 3013 3009 3019 3011 3016 3015 3000 3016 3032 3034 3028 3028 3036 3029 3024 3024 3017 3021 3008 3013 3005 3010 3005 3009 2999 3000 3017 3017 3022
3027 3038 3037 3045 3053 3051 3037 3030 3018 3026 3036 3022 3042 3018 3019 3015 3022 3016 3023 3008 3031 3020 3022 3029 3014 3023 3016 3024 3022 3007 3008 3009 3017 3020 3010 3020 3006 3009 3007 2997 3001 3017 3012 3018 3015 3015 3027 3025 3026 3023 3020 3005 3020 3012 3009 3012 3003 3009 2997 2992 3001 3020 2996 3005
3023 3031 3020 3024 3028 3034 3024 3026 3016 3034 3032 3027 3032 3027 3029 3019 3017 3010 3025 3018 3032 3011 3008 3021 3022 3021 3003 3017 3008 3030 3029 3025 3014 3022 3016 3007 3009 2998 3006 2999 3013 3009 3004 3013 3013 3016 3008 3030 3029 3031 3017 3015 2999 3010 3003 3009 3018 3005 3000 2990 2993 2993 3013 2988
2998 2987 2994 3003 3012 3001 2990 3003 3001 3003 3014 2999 3005 3008 3013 3007 2993 3004 3004 3008 2995 3007 3000 2997 3002 2994 2998 3013 2995 2996 3027 3008 3011 3003 2999 3010 3004 3008 3003 2992 3002 3005 3015 3000 3005 3003 3000 3007 3017 3015 3012 3010 3015 3014 3001 2995 2992 2997 2985 2992 2997 3001 3002 2991
2976 2976 2968 2970 2971 2971 2954 2968 2965 2978 2972 2981 2976 2993 2988 2982 2986 2980 2976 2986 2993 2982 2983 2995 2997 2987 2982 2999 2987 2994 2996 3002 3005 2992 2989 3006 2994 2998 2977 2991 2998 2994 3002 2998 2995 2998 3005 3003 3017 3002 2997 3000 3013 3013 3004 3004 2995 2994 2996 3002 2999 3000 3003 3002
2972 2977 2970 2966 2975 2972 2971 2968 2967 2977 2969 2978 2978 2979 2987 2987 3000 2988 2984 2981 2985 2982 2980 2996 2992 2983 2993 2999 2997 2992 2995 2993 2998 3001 2998 3001 2997 2991 3001 2999 3001 3003 2993 2996 2991 3000 3008 2995 2997 3003 2996 3009 3011 3008 2999 2983 3004 2989 3003 3006 3002 2985 2996 3010
2969 2973 2990 2972 2996 2982 2988 2979 2983 2986 2973 2976 2986 2971 2985 2986 2992 2990 2974 2982 2998 2998 2988 2995 2997 2993 2999 3007 2989 2999 2993 3005 3001 2990 2988 2977 3004 3003 3015 3020 3001 2994 3000 3000 2997 3001 2996 2996 3003 2990 2999 2994 3008 3002 2998 2989 2983 2993 3015 3014 2994 2975 2997 3008
2981 2980 2986 2986 2990 2978 2992 2986 2986 2971 2976 2979 2982 2979 2994 2988 2995 2993 2975 2990 2989 2991 2986 3007 2986 3004 3005 3000 3001 2990 2999 3005 3000 2996 2982 3001 3008 3008 2994 3001 2986 3006 2995 3004 3010 3000 3004 2991 3000 3006 2995 3010 3001 3006 2992 2992 2996 3001 3006 3012 3002 2987 2986 3000
2962 2988 2991 2981 2991 2991 2977 2980 2976 2982 2976 2981 2993 2975 2989 3003 3001 3002 2987 2992 3013 2999 3007 2994 2980 2983 2987 3000 3006 2996 3022 2997 3005 2997 3006 3011 3009 3010 2993 2993 3004 2993 2988 3009 3007 2998 2985 3007 2991 2986 3007 2999 3000 3009 3008 3001 3004 2996 2994 3008 3006 2994 2989 3006
2971 2973 2977 2982 2981 2974 2987 2976 2977 2977 2981 2986 2985 2988 2994 3001 2983 2985 2977 2992 3002 3001 2992 2982 2996 2995 2991 2980 3001 3001 2990 3004 3001 2994 2996 3001 3009 3015 2995 3003 2989 2988 2994 2998 3003 2999 2998 3001 2996 2994 2991 2996 2994 2996 2988 2990 3000 3000 3004 3005 2991 2989 3010 3014
2973 2976 2980 2978 2985 2985 2985 2969 2983 2991 2996 2990 2978 2983 2995 2979 2984 2992 2989 2996 3001 2981 2975 2985 2993 2996 2989 2998 2993 3000 3005 2990 2996 2998 3000 3003 3010 3003 3009 3002 2995 3003 2990 3002 2996 2993 3000 2987 2986 2985 2995 2990 2992 2988 2993 2995 3003 2998 3003 2984 2993 3000 3006 3001
2978 2977 2987 2981 2989 2996 2982 2983 2994 2994 2987 2980 2988 2977 2994 2975 2994 2990 2986 2987 2986 2983 2992 2984 2982 2988 2980 2994 2999 2980 2999 2998 2997 3015 2995 2995 2999 2999 3010 2996 2989 3009 2996 2988 2996 3004 3009 3004 3004 2977 2990 2999 2996 2995 2996 3000 3000 3003 2997 2980 2994 3000 3003 3000
2998 2985 2988 2980 2988 2991 2992 2996 2996 2981 2997 3003 2983 2981 2996 2991 2987 2983 3008 3003 2981 2997 3001 2988 2995 2992 3000 2998 2986 2977 2989 2994 3002 3001 2995 3007 2996 2996 3010 2995 3007 3008 2979 2985 2986 2997 2994 2999 2995 2993 2995 2996 2989 2997 3000 3002 2997 3009 2990 2980 2997 2984 2985 3002
2993 2997 2997 2983 2979 2990 2988 2992 2995 2997 3001 3006 2984 2998 2980 2983 2977 2996 2994 3002 2986 2990 3008 2992 2986 2984 2989 2997 2990 3000 3012 2991 2994 2999 2999 3006 2989 2986 2999 3002 2992 2995 2991 2995 2992 3003 2998 2998 2985 3009 2988 3004 3006 2989 2982 2999 3001 2995 2998 2976 2984 2991 2983 2999
2996 2986 2992 2989 2997 2997 2997 2981 2987 2999 2989 2995 2991 2996 2987 2999 2990 3000 2988 2999 2997 2992 2998 3008 2992 2991 3005 2997 2999 2997 3002 2983 3016 2981 3000 3012 2999 2989 2982 3003 2987 3003 2996 2994 2995 3002 2995 2998 3001 3000 3008 3014 3000 2998 2983 2988 2993 3008 2996 2989 3004 2988 2984 2997
2989 3001 2986 2988 2994 2995 2994 2985 2993 2999 2994 2995 2987 2988 2985 3006 2990 2986 2988 3000 3007 2991 3000 3005 2990 2992 2995 2989 3008 2999 3014 2993 2995 2996 3004 2998 3008 3000 3001 2996 3003 3000 2990 3004 2993 2999 2994 3003 3006 2998 3010 3002 3015 3013 2996 2981 2991 2998 2987 2997 2998 2994 3004 2994
2994 2994 2996 3010 2985 2991 2991 2989 2983 2985 2993 2995 2988 2998 2985 3001 2997 2993 2972 2988 2991 2993 2989 2989 2999 2982 2996 3001 3001 3011 3004 3004 2995 2995 2992 3005 2998 2987 2989 2992 3011 2989 2990 2999 2994 3015 2995 3014 2998 2996 2994 2995 2997 3004 2991 2992 2978 2993 2999 3006 2993 2989 3002 3000
2983 3009 2991 2989 3001 3003 2990 3002 2992 2996 2998 2997 2988 2990 2989 3002 2987 2984 2982 2981 2995 2995 2993 2997 2988 2985 2994 2998 2990 2994 2996 2992 2984 2992 2997 2999 3004 2983 2987 2990 2999 3003 2993 3004 3005 3004 3009 3018 2999 2993 2999 2995 2998 2999 2990 2991 2993 2984 2993 2999 2997 2996 3007 3001
3000 3004 2994 3000 2998 2992 2992 2996 2988 2996 3004 2994 2981 2992 2984 3001 2985 2986 2982 2992 2996 3002 3003 2992 2984 2985 3000 2991 3000 3001 3008 3011 2999 3000 3001 3006 2999 3000 2982 2996 3001 2997 3003 2995 3004 3007 3010 3003 3005 3003 3014 3008 2985 2990 2977 2981 2990 3006 2997 2994 2987 3001 2994 2988
3013 3003 2984 2994 3000 2998 2996 2995 3003 2999 3002 2998 2993 2990 2996 3001 2993 3002 2986 2995 3006 2999 2997 2986 2998 2989 3004 3004 3004 3004 2994 3019 3010 2992 3008 2999 3008 2997 2991 2983 3007 2990 2985 2996 3006 2998 2995 3011 2999 2994 2986 2991 2981 2993 2997 2985 2999 3008 2989 2991 2995 2999 3009 2999
2991 3002 3000 2995 2988 2997 2978 2994 3009 3002 2995 3008 3009 2989 2997 3009 2999 3001 2991 3002 2990 3005 3001 2994 2999 2993 2989 2998 2994 2997 3003 2989 3003 3009 3010 2995 2994 2993 3005 3002 2998 2991 2980 2996 3003 2995 3012 3003 2994 3003 2998 2994 3000 2995 2987 2994 2984 2995 2998 3006 2991 3005 2987 2997
2997 2998 3009 3007 2981 2992 2996 2985 3012 3011 3004 2998 3000 2997 2994 2989 3010 3005 3001 3004 3000 3002 3001 3001 2995 2998 2996 3000 3002 2992 3005 3002 3014 3006 3011 2999 2996 2995 2997 2995 3005 2994 2983 3003 2998 2989 2996 2992 2999 3005 2994 2990 3003 2982 3001 3007 2990 2997 2995 3008 2999 2997 3004 2995
2997 3011 3000 3000 2998 2986 2989 2991 3003 2984 3000 3006 3011 3000 2995 3003 3007 2987 2999 2991 3002 3000 3011 2993 3004 2989 3000 2992 3004 3001 3008 3007 3019 3016 3002 3008 3007 2997 2993 3015 3012 3008 3009 3004 3012 2996 2992 2999 2998 3000 2996 2993 2998 3011 3004 3005 2999 2996 3005 3004 3003 3016 3005 2992
2994 3005 2999 3005 2990 2992 2997 2986 2991 2992 2997 3001 2999 3005 2996 2986 2993 3001 3003 2994 3005 2994 3007 3010 2996 2990 3003 2988 2997 3017 3000 3002 2996 3006 3009 3007 3005 2999 3007 3004 3004 3010 3005 3001 3007 2996 2990 3015 3006 3011 2989 3001 2999 3000 3002 3001 3003 3003 3009 3011 2999 3011 2998 2985
3011 3003 2988 2996 2997 3000 2995 2994 3004 2995 2998 3001 3006 3001 2991 3004 2995 2991 3006 3002 3000 3000 3010 3012 2988 2997 3002 3011 3010 3002 2999 3010 3005 3002 2989 3008 3011 3006 2999 2997 3012 2999 3005 2993 2993 2998 2989 3001 3009 3002 3005 2999 2986 3008 3007 3006 3020 2994 3002 2998 2999 3000 2986 2982
3014 2991 2990 2989 2999 3003 2998 2992 2977 2993 3006 3000 3015 3004 3006 3001 2994 2996 2992 2996 2996 3002 3003 2995 3013 3008 3012 2997 3006 3001 3011 2999 2998 3005 2983 2994 3009 3002 3003 3000 3009 3008 3001 2994 3009 3000 3000 3001 3006 2997 3001 2992 3003 3003 3013 3014 3007 3006 3003 3001 2985 2985 2993 3003
3003 3001 2996 3009 3002 2994 3008 2997 2988 2990 3002 3002 2994 3004 3018 2995 2993 2991 2997 3004 3014 3003 2998 3008 3006 2999 3004 3020 3018 293 3014 3020 3009 3005 3002 2993 2986 2998 2996 2997 3004 3012 3006 2990 3011 3003 2998 2995 3005 2998 3018 2996 3011 2998 3001 2999 3005 3020 3012 3000 2989 2989 2997 3010
3000 2995 3010 3003 3009 3009 3006 3006 3000 3006 2982 2992 3004 3008 2997 2998 3009 3006 3006 2998 3006 3020 2993 2994 3004 2999 3002 2999 3011 3000 2998 3006 2999 3001 2993 2994 2990 2998 2998 2994 2996 3010 3005 3013 2997 2995 2996 3012 2988 3011 2995 3000 3003 3007 3005 3003 2998 3004 3008 2999 3004 3006 3007 3003
3005 2995 3005 3008 3004 2986 2996 3001 3000 2998 2995 3004 2996 2989 3003 2991 2992 3012 3001 3008 3003 3008 3006 2991 3001 2995 2996 2993 3015 3008 2991 2994 2994 2986 2993 2996 3003 3003 2986 3000 2995 3009 3013 3007 3004 3004 3013 3016 3018 2995 2986 3003 2992 2997 2993 2998 2998 3011 3002 2981 2999 2998 3005 2992
3003 3006 3008 3006 3003 3001 2990 3001 3003 3005 3001 3008 2994 3008 2994 2994 2999 3006 2999 3014 2995 3010 3003 2999 2996 2998 2998 2992 2997 3013 2989 2989 2989 3004 2996 3000 3002 3002 3005 2994 2998 2998 3008 3013 3001 2989 3001 2997 3000 2999 2989 2990 3013 3003 3003 3001 3005 3004 2978 2976 2991 3010 3009 2987
2992 3006 3008 2989 2982 3005 3006 2993 3001 2995 2996 3003 3013 3010 3007 3022 3010 3001 3004 3008 3019 3006 3001 3005 3001 3004 2995 2998 3004 2997 2990 2990 2990 3006 3009 3010 2999 3006 3000 2997 3000 3000 3012 2996 3012 3005 2998 3000 3013 3011 3011 3005 2995 3008 2989 3003 2999 3001 3002 2994 2998 3009 3002 2988
2989 3006 3009 2996 2999 3000 2991 3004 3004 3014 3020 3008 3004 3006 3011 3010 3012 3002 3000 3002 3003 3000 3017 3006 3006 3004 3000 2996 2999 2995 2989 2998 2991 2999 3008 3009 3008 3004 3015 2996 2999 2988 2988 3005 3009 3014 3007 3004 3010 3004 3004 3004 2992 3009 2998 3002 2996 3020 3009 2988 3019 3005 2993 2999
2981 3003 3013 2998 2999 2994 3004 3017 2995 3017 3012 3008 3000 3012 3008 3020 3012 3003 3002 2994 3010 3011 3005 3010 2995 3006 2998 3005 3008 3003 3009 2998 2991 2996 3007 3003 3004 3011 3005 2997 3000 3005 2995 2996 3001 3003 3004 3000 3007 3004 3002 2985 3003 3008 3006 2995 3003 3008 2997 2996 3001 2999 3006 3001
2985 2984 3006 2998 2989 2993 2996 3007 3011 2995 3012 3002 3005 3006 3003 2993 3004 3006 3006 3003 3003 3004 3002 3001 3005 3009 2997 2990 2989 3002 2997 2984 2992 3003 2999 3005 3005 3011 3000 3013 3002 3007 2978 2983 2997 2986 3015 3008 3006 2994 3000 2999 2996 3002 3010 3004 2995 3007 3004 3008 2993 2999 3019 3000
2992 2994 2981 2977 2998 2988 2977 3009 3000 3001 2999 2975 2995 3004 3005 3009 3005 2994 3003 3001 3007 3020 3002 3010 3009 3000 2997 3001 3004 3002 3001 3006 2996 3010 2997 3002 3006 2992 3011 3010 3006 2995 3003 3000 3001 3014 3013 3004 3000 2997 2998 3007 2978 2990 2999 2986 3002 3002 3010 3010 3007 3003 3002 3015
3001 2992 2980 2993 2979 2984 2997 2999 3003 3003 2989 2988 2993 2995 2998 3007 3001 3003 3015 3006 3013 2991 2996 3005 3000 3012 2999 2998 2996 2996 3007 3008 3001 3003 2995 2993 2994 2994 3000 3011 3006 2997 3003 2998 3024 3006 3007 3007 3007 3003 3007 3012 3000 2987 2999 2999 3007 3012 2997 3013 3002 3008 3006 3006
3006 3004 2997 2993 2989 2989 3003 3000 2996 2998 2999 2990 3010 3014 3002 3005 3004 3011 2993 3003 3001 2996 2985 2980 2999 3009 2984 3001 2989 2996 2989 3003 3007 2986 2995 2989 3001 2991 3006 3007 3001 3010 3003 3014 3006 3015 3000 2993 3010 3015 3005 2999 2996 3003 2996 3006 3008 2999 2984 2984 3000 3006 2996 2991
3005 3009 3019 2989 3000 2997 3001 3013 3007 3004 3003 3001 3008 3007 3002 3009 3003 3009 3011 2996 3008 2997 2993 2997 2993 2987 2999 2984 2989 2994 3000 3007 2989 2992 2994 3008 2996 3013 2999 2991 3002 3000 3011 3008 3001 2994 2995 2990 3006 3001 3001 2987 3003 3001 3005 3006 2996 2998 2991 2984 2983 3002 2985 2989
3000 3001 3014 2985 2993 2991 3004 3009 3004 3002 3012 3012 3015 3014 3002 3015 3009 2993 2988 3007 3017 2996 3008 2990 3006 3000 2990 2997 2995 3004 3001 3002 2996 2994 2988 2998 3010 3013 3005 3000 3007 3010 3004 3003 2990 3007 3007 3014 3022 3005 3005 3011 3012 3002 2995 2990 3008 3012 2997 2988 2984 3013 3004 2993
2999 2987 2979 2992 2996 3005 3004 2990 3007 3007 3003 3000 3014 2996 2998 3010 3009 2999 3001 3004 2996 3026 3013 3005 3000 2996 2994 2997 3007 3006 3004 2995 2990 2999 3003 3000 3008 3006 3014 3006 3013 3007 3011 3011 3015 3021 3013 3005 3001 2993 3004 2996 3014 2998 2994 2989 3011 3012 2991 2989 2999 3001 2995 2996
3002 3004 3000 3010 3003 2984 2998 3002 2998 2995 3013 2998 3003 3006 3006 3007 3008 3006 2998 3003 3008 3006 3008 2996 3010 3007 3011 3009 3004 2998 2994 2997 2993 3000 2989 3004 3000 2997 3004 3015 3007 3012 3013 2999 3007 3001 3018 3011 3007 2992 3001 3013 3005 3002 3003 2994 3008 2997 3004 2996 3013 2993 3012 3009
2978 3010 3009 3009 3006 3003 2997 3009 2982 2995 3001 2998 3018 3013 3012 3022 3005 2999 2999 3000 3011 3014 3006 3005 3002 3010 3000 2998 2997 3011 2997 2992 3000 2992 2997 2995 3002 3002 3017 3026 3005 3013 3015 3010 3009 3005 2990 3002 2988 2992 3003 3006 2993 3006 3000 3005 3009 3016 3013 3005 2995 3006 3004 3013
2990 3003 3008 2997 2992 2996 3010 2989 2986 3004 2998 3005 3004 3016 3012 3006 3002 2994 3012 2995 3008 3013 3003 3008 2980 2999 3009 3002 3009 3007 3001 2991 2993 3008 3006 2996 3008 3012 3019 3010 3024 3003 3009 2998 3010 3001 2997 3012 3001 3000 3000 3002 2999 2996 3000 3006 3006 2985 3010 3013 3010 3013 3018 2997
2997 2996 3003 3010 2983 3008 3003 3011 2993 2998 3012 3007 3011 3002 3003 3003 2997 3005 2996 2994 3005 3005 3000 3010 3017 3000 2993 3003 3022 3008 2996 2987 2992 2995 3014 3014 3013 3020 3018 3016 2995 2998 2997 3013 2991 2996 2993 2994 2999 3000 3009 3006 3018 3006 2996 3003 2996 3009 3009 2988 3012 3009 3006 3004
2994 2993 3003 2992 2990 2994 3004 2996 2980 3007 3015 3009 3022 3009 2997 2999 3007 3011 3008 3006 3011 3010 3007 2999 3008 3001 3001 3012 3001 3016 2989 2996 2998 3008 3011 3008 3016 3012 3024 3016 3010 3010 3020 3008 3016 3014 2999 3002 3000 3000 3010 3011 3002 3004 3003 2999 3001 2992 3008 3017 3016 3001 2998 2986
2985 2996 3007 2992 2995 3016 3007 3002 2998 3009 3003 3009 3010 3013 2991 2999 3013 3004 3015 3018 3010 2996 3001 3000 3002 3004 3015 3002 3004 3008 2999 2999 2998 2998 3015 3011 3007 3003 3008 3005 3008 3011 3006 3009 3022 3013 3015 2997 2989 2993 3008 3016 3005 3005 2991 2996 3000 3006 3012 3004 3011 3001 3004 3011
2993 2990 2989 2989 2993 3001 3000 3002 2995 3003 3009 3010 3018 3008 3009 3010 3011 3007 2990 3018 3006 3014 3009 3019 3002 3011 3013 3009 3003 2996 2992 2997 3005 3007 3024 3006 3014 3005 3021 3006 3013 2997 3004 3004 3008 3003 3011 3019 3000 3004 3015 3015 3014 2989 2996 3000 3000 3003 3004 3017 3012 3008 3000 2996
2998 2995 3005 3003 3000 3006 3004 3008 3005 2997 2998 2998 3004 3012 3014 2999 3013 2991 2995 3001 3022 3012 3010 3004 3014 3014 3010 3010 3009 3001 3000 3004 3005 3006 2999 3014 3024 3032 3022 3009 3005 3005 3014 3005 3017 3020 2998 2997 2998 2990 2998 3018 3003 3011 3012 3002 3003 3016 3001 3001 2991 3002 2991 3001
2987 2982 3005 2992 2995 2985 3009 2998 2994 3000 2982 3005 3004 3005 3016 3014 3014 3021 2999 3007 3011 3012 3010 3005 3014 3002 3001 3002 3009 3001 3004 3004 3007 3010 3010 3013 3020 3020 3016 3012 3013 3001 3001 3004 3008 3003 3003 3010 3014 3002 3012 2996 2994 2996 3000 2999 2990 2987 2993 3005 2996 3002 2998 2994
2985 2993 2988 2989 2988 2994 2984 3001 2992 3005 2995 2990 3009 2995 3011 3022 3014 3021 3018 3014 3003 3006 3021 3019 3001 2996 2998 3000 2999 3013 3022 3017 3018 3000 3020 3026 3018 3014 3018 3006 3002 3005 2996 2999 3006 3004 2998 3009 3021 3017 2991 3005 2983 3003 2993 2999 2990 2968 2987 2994 3006 2993 2988 2999
2996 2980 2994 2983 2984 2996 3004 2999 3008 3002 2996 2987 2993 3005 3000 3019 3016 3028 3002 3010 2997 3010 3019 3013 3018 3001 2995 3005 3007 3014 3018 3013 2995 3011 3019 3019 3024 3019 3006 2995 3004 2991 2993 3008 2988 3008 3010 3001 3010 2993 3008 2993 3002 3000 3004 3000 2999 2992 3002 3000 2999 2992 3013 3003
2995 2992 2974 2972 2984 2992 3017 2997 2994 2990 2978 2997 2972 2999 3011 3014 3016 2999 3018 3005 3007 3005 3022 3017 3007 2990 3003 2999 3006 2999 3002 3006 3005 3011 3014 3026 3028 3009 3020 3009 2997 2998 3004 3005 3014 3015 3009 3004 3005 2993 3005 2998 3005 3005 2997 3007 2990 2996 2994 3009 3006 3017 2995 2991
3014 3006 2997 2983 3001 2993 2995 3006 2990 3000 3000 2987 3005 3008 3004 3019 3018 3012 3018 3007 3003 3001 3020 3011 3012 3004 3004 3006 3003 3013 3008 3008 3000 3011 3007 3026 3028 3015 3024 3014 3022 3004 2998 3017 3017 3004 3007 3008 3004 2999 3001 2983 2998 3001 3011 3001 3001 2992 2997 3004 2999 3007 2994 2989
2999 3011 3010 3006 3007 2992 3003 2999 3000 3004 3013 3014 3004 3018 3015 3027 3020 3022 3023 3015 3006 3011 3013 3002 3014 2998 3002 3001 3004 3001 3006 3011 3029 3019 3018 3013 3027 3014 3012 3019 3005 3009 3021 3005 3008 2993 3006 3009 3012 3001 3012 2997 2991 2994 3007 3014 2999 3003 2999 3006 3008 3000 2990 2983
2995 3000 3012 3005 3005 3000 3010 3009 2998 3007 3017 3007 3010 3008 3017 3017 3014 3021 3012 3012 3023 3021 3026 3012 3011 3013 2998 3001 3005 3011 3014 3020 3017 3023 3008 3004 3016 3014 3016 3001 3009 3006 3006 3001 3017 3013 3019 3016 3011 3015 3017 3006 3014 2986 2998 3006 3000 2998 3003 2990 3007 3002 3017 2990
2996 3006 3003 3013 3011 3010 3001 3012 3015 3022 3011 3011 3010 3007 3004 3016 3005 3009 3008 3014 3015 3018 3028 3032 3004 3005 3024 3014 3025 3016 3018 3029 3023 3015 3031 3026 3024 3019 3004 2990 3005 3008 3006 3001 3016 3012 3020 3015 3025 3025 3022 3027 3001 2993 3003 3018 2998 2993 2993 2994 3011 3018 3015 3005
3011 2978 3002 3020 3007 3013 3008 3012 2990 3015 3016 3013 3006 3011 3016 3021 3011 3009 3007 3009 3008 3012 3024 3005 3001 3002 3005 3018 3009 3019 3024 3032 3026 3013 3017 3005 3013 3018 3012 3006 3002 3004 3005 3003 3001 3013 3016 3027 3028 3006 3013 3016 3007 3004 2998 3011 3010 2997 2999 3007 3008 3002 3001 3004
2994 3007 3004 3007 3017 3023 3003 3007 3008 3020 3020 3010 3004 3008 3023 3027 3024 3004 3009 3021 3002 3016 2998 3003 3010 3015 3010 3024 3027 3028 3021 3034 3025 3007 3002 3001 3015 3025 3004 3004 3012 3003 3006 3009 3006 3007 3028 3034 3018 3009 3008 3010 2992 2989 2998 3004 3001 3002 3011 3012 3008 2990 2995 2995
2988 2996 3008 3008 3005 3005 3009 3003 3006 3015 3015 3009 3012 3003 3010 3011 3016 3007 3014 3007 3008 3014 3010 3011 3006 3012 3012 3017 3015 3018 3029 3025 3011 3009 3011 3012 3022 3003 3007 3007 3000 2995 3010 3010 3017 3033 3022 3035 3020 3005 3014 3015 3006 3001 2998 3002 3000 3004 3013 3019 2997 2998 2994 3005
2991 2999 3016 3003 2994 3004 3012 3023 3016 3016 3014 3012 3013 3007 3016 3018 3010 3008 3012 3014 3020 3010 3021 3009 3006 3007 3005 3002 3017 3024 3027 3018 3008 3007 3019 3011 3018 3024 3000 3009 3001 2994 3006 3020 3023 3033 3047 3039 3024 3017 3003 2997 3001 3016 3001 3019 3011 3001 2996 3002 3004 2994 3002 3022
