3064 3062 3058 3049 3057 3028 3027 3040 3058 3046 3063 3057 3045 3040 3038 3035 3036 3040 3038 3033 3016 3038 3051 3050 3033 3035 3039 3039 3021 3036 3017 3016 3023 3022 3031 3040 3037 3024 3035 3027 3032 3030 3033 3042 3028 3023 3039 3021 3035 3024 3024 3015 3031 3034 3028 3029 3037 3042 3018 3028 3027 3030 3019 3023
3059 3052 3045 3050 3048 3052 3036 3051 3049 3047 3046 3056 3046 3030 3036 3039 3047 3029 3047 3029 3038 3036 3048 3046 3029 3030 3038 3040 3033 3024 3029 3008 3027 3035 3039 3031 3029 3029 3034 3038 3016 3024 3042 3033 3038 3026 3033 3022 3022 3044 3018 3030 3019 3033 3033 3023 3027 3027 3029 3015 3012 3034 3024 3052
3048 3043 3049 3043 3050 3038 3046 3047 3046 3036 3049 3054 3035 3033 3036 3035 3038 3037 3037 3039 3038 3051 3033 3037 3031 3039 3028 3029 3032 3031 3019 3027 3030 3036 3037 3033 3041 3032 3023 3042 3038 3037 3037 3042 3029 3027 3015 3033 3039 3036 3029 3033 3034 3023 3016 3020 3013 2999 3018 3010 3038 3035 3029 3030
3054 3045 3058 3042 3050 3042 3053 3048 3047 3051 3049 3045 3035 3038 3048 3035 3036 3032 3041 3034 3040 3042 3030 3035 3038 3008 3030 3028 3048 3042 3019 3020 3021 3031 3022 3037 3049 3029 3036 3024 3032 3032 3044 3041 3024 3027 3007 3012 3034 3043 3029 3024 3020 3036 3025 3013 3013 3014 3016 3011 3018 3038 3023 3030
3045 3051 3061 3046 3052 3055 3061 3062 3047 3045 3045 3045 3030 3024 3028 3041 3033 3026 3024 3035 3023 3031 3024 3025 3024 3016 3024 3035 3042 3038 3029 3020 3017 3020 3028 3015 3033 3029 3012 3019 3024 3030 3024 3025 3028 3029 3022 3021 3016 3027 3018 3020 3015 3020 3029 3021 3006 3017 3022 3022 3010 3027 3025 3012
3044 3048 3051 3050 3040 3041 3047 3048 3035 3038 3036 3027 3036 3025 3026 3034 3039 3022 3024 3021 3035 3036 3024 3024 3016 3032 3020 3028 3037 3031 3035 3017 3020 3014 3033 3012 3025 3010 3031 3020 3021 3048 3023 3030 3024 3020 3026 3010 3017 3013 3013 3021 3020 3007 3027 3016 3026 3019 3027 3018 3032 3028 3024 3032
3045 3036 3021 3044 3040 3034 3042 3040 3041 3023 3020 3032 3033 3015 3020 3029 3021 3037 3020 3020 3030 3028 3019 3031 3038 3022 3011 3025 3017 3017 3029 3032 3008 3020 3012 3016 3024 3009 3008 3018 3022 3012 3024 3025 3016 3006 3012 3033 3001 3007 3007 3020 3021 3026 3017 3032 3024 3033 3032 3029 3023 3032 3036 3044
3001 3017 3016 3016 3020 3008 3000 3008 3009 3018 3007 3018 3006 2999 3013 3005 3004 3005 3003 3014 3018 3015 3029 3016 3006 3027 3002 2998 3002 3015 3016 3017 3004 3022 3010 3011 3011 3012 3006 3012 3020 3019 3007 3018 3018 2998 3017 3003 3013 3013 3019 3022 3024 3024 3022 3007 3014 3027 3025 3035 3039 3042 3035 3030
2977 2979 3010 2999 2995 2987 2977 2982 2990 2986 2985 2981 2987 2980 2992 2996 3006 2996 3001 2990 3001 2993 2997 2988 3004 3009 3005 2999 2986 2986 2999 3001 3004 2998 3001 3009 2999 3003 3006 2993 3003 3008 3016 3024 3008 3005 3000 3002 3009 3016 3014 3013 3023 3030 3014 3004 3001 3015 3026 3022 3036 3021 3027 3026
2976 2974 2990 2993 2967 2987 2976 2980 2988 2999 2979 2982 2989 2991 2991 2985 3000 2994 2987 2994 2994 3011 2984 2992 3007 2999 2999 2983 2991 3000 2994 3005 3008 3004 3003 3013 2997 2992 3002 3003 3005 3014 3015 3018 3014 3014 3016 3012 3007 3015 3009 3016 3028 3039 3019 3013 3029 3023 3029 3019 3033 3026 3025 3023
2963 2965 2986 2969 2975 2966 2977 2985 2998 2992 2991 2982 3000 2980 2975 2978 2992 2997 2991 2992 2996 2996 2995 3004 3009 3012 2993 2981 2994 2985 2991 2994 3013 3010 3001 3011 3009 3002 3000 3013 3003 3017 2999 3004 3008 3016 3005 3009 3021 3015 3021 3016 3023 3031 3020 3017 3023 3024 3023 3033 3026 3036 3035 3035
2970 2976 2968 2970 2981 2988 2983 2977 2993 2988 3006 2986 2990 2998 2999 2995 2985 2991 3002 3009 2996 3002 3006 3004 2992 3013 2994 2992 2990 3005 2988 2993 3013 3011 3009 3004 3016 3011 3008 3015 3029 3023 3015 3006 3021 3019 3018 3015 3020 3025 3043 3015 3023 3017 3030 3023 3033 3025 3018 3035 3037 3041 3035 3041
2965 2988 2985 2982 2977 2988 2988 2993 2985 2988 3000 3010 3007 3010 3013 3006 2999 2988 2991 3007 2999 3004 2997 3015 3009 3007 2998 3002 2995 3008 3003 3010 3013 3007 3001 2997 3009 2998 3018 3029 3029 3025 3023 3007 3014 3018 3023 3031 3012 3026 3012 3023 3017 3017 3015 3029 3044 3030 3035 3032 3046 3050 3041 3025
2975 2977 2993 2987 2977 2993 2994 2996 2999 2990 2998 3010 3021 2998 3013 3005 3005 3004 2989 3001 3006 3002 3005 3000 3002 2991 3007 3003 3011 3014 2990 3010 3011 3000 2999 3012 2998 3001 3012 3031 3018 3020 3015 3014 3022 3015 3017 3016 3013 3014 3017 3021 3015 3006 3017 3020 3030 3032 3035 3036 3035 3038 3032 3037
3002 2991 2987 2981 2982 2992 2987 2981 2998 2992 3000 2998 2999 2996 3009 2991 3007 2989 2987 2991 3000 3015 2992 2999 2994 3005 2994 3007 3003 3003 2995 3007 2996 3018 2988 2991 3008 3002 3022 3018 3009 3008 3001 3002 3006 3009 3027 3017 3008 3009 3011 3011 3000 3003 3025 3023 3022 3036 3048 3033 3027 3045 3049 3029
2994 2995 2995 2993 3002 2990 2999 3006 3001 2999 3002 3009 3005 2991 2992 2995 3009 2999 2996 2991 2995 3004 3004 3002 2998 3001 3010 3002 3002 3010 2998 3006 2998 2999 3010 2990 2998 2998 3019 3013 3009 3004 2998 2993 3010 3016 3011 3016 3007 3003 3010 3017 3005 3003 3027 3021 3026 3040 3047 3035 3056 3042 3037 3046
3017 3001 3007 3019 2998 2999 3003 3004 3002 3009 3011 2993 2993 2998 2996 3006 3007 3013 3003 3003 3002 2993 3015 3016 3009 2995 3005 3006 3006 3008 2991 2988 3010 3002 3004 3005 2997 3003 3012 3021 2997 3005 2987 2997 3006 3024 3002 3002 3011 3019 3017 3007 3006 3028 3017 3012 3034 3026 3050 3046 3034 3038 3042 3042
3019 3007 3009 3007 3006 3008 3011 3006 3002 3004 2996 2992 3002 2992 3003 3005 2993 2995 2997 3003 2999 3003 3012 3015 3012 3003 2991 3002 3007 3008 2998 2994 3011 3012 3007 3014 3008 2998 3016 3022 3006 3000 2993 2998 3007 3022 3005 3008 2999 3016 3010 3013 3021 3029 3019 3023 3020 3037 3043 3046 3045 3032 3029 3047
3007 3005 3018 3004 3010 3012 3015 3005 3006 3007 3014 3004 3000 3005 3004 3016 3008 3004 3007 3012 2997 3023 3021 3008 3006 3004 3002 3003 2985 3004 2996 3009 3000 3028 3005 3010 2995 2999 3011 3004 3007 3014 3008 3002 2999 3007 3004 3017 2996 3007 3009 3014 3017 3021 3015 3020 3025 3037 3038 3043 3044 3040 3030 3043
2995 3002 3002 3003 3015 3001 3013 3020 3017 3021 3019 3008 2994 3005 3004 3016 3003 2999 3007 3008 3006 2996 3009 3011 3010 3006 3000 2997 3012 2985 3001 3011 3007 3011 3018 3009 3011 2985 3009 3017 3003 3002 3004 3012 3025 3019 3014 3012 3006 3002 2997 3008 3014 3016 3019 3017 3017 3022 3030 3032 3040 3045 3048 3049
3011 3020 3017 3008 3013 3000 3027 3021 3017 3010 3024 3011 3008 3000 2998 3020 3023 3015 3009 3019 2995 2995 3011 3015 3012 3018 3012 3007 2996 2992 3008 2996 3015 3011 2997 3014 2992 3000 3016 3022 3013 2999 3008 3018 3020 3023 3016 3017 3001 3008 3004 3007 3017 3024 3028 3014 3013 3028 3040 3044 3049 3041 3053 3066
3011 3013 3026 3015 3013 3009 3033 3023 3028 3018 3029 3005 3002 3011 3020 3023 3009 3012 3006 3005 3002 3008 3005 3010 3020 2999 2995 3002 3005 2995 3002 3010 3005 3004 3000 3007 3005 3010 3004 3012 3008 3011 3005 3009 3007 3031 3003 3010 3011 3011 3012 3008 3016 3023 3029 3010 3018 3015 3031 3044 3049 3050 3055 3054
2999 3006 3009 3019 3004 3018 3011 3014 3022 3008 2993 3006 2998 3002 3000 3005 3007 3008 3018 2995 3009 2998 3015 3009 3010 3008 2993 2994 2995 2996 3007 3002 3013 3001 3010 3018 3014 3012 3010 3013 3011 3010 3011 3009 3008 3007 3018 3011 3012 3008 3010 3015 3030 3026 3016 3033 3016 3023 3035 3043 3041 3057 3077 3077
3016 3015 3006 3025 3017 3007 3013 3022 3023 3016 2996 2999 3010 3008 3011 3022 3025 3025 3015 3024 3006 3005 3020 3024 3009 3007 3009 2999 2994 3010 3013 3006 3008 3002 2998 3000 3002 3005 3006 3012 3008 3021 3008 3012 3010 3005 3007 3009 3004 2997 3007 3024 3014 3012 3016 3017 3023 3014 3034 3038 3049 3067 3072 3069
3020 3024 3015 3026 3022 3005 2995 3019 3044 3024 3007 3004 3009 3019 3016 3015 3007 3026 3023 3033 3017 3023 3014 3027 3008 3004 3007 3006 2998 3007 3003 3005 2988 3006 2992 3004 3004 3007 3013 3018 3020 3008 3026 3014 3006 3001 3015 3012 3005 3009 3010 3032 3015 3010 3010 3020 3034 3020 3035 3034 3050 3072 3069 3080
3029 3016 3019 3016 3026 2998 2998 3015 3032 3028 3019 3020 3014 3019 3001 3025 3035 3021 3021 3023 3027 3021 3010 3017 3020 3014 3005 3010 2995 2989 3000 3007 3004 2996 3003 3009 2986 3019 3014 3014 3010 3013 3017 3017 3008 2997 3008 3018 3008 3006 3017 3017 3008 3002 3013 3025 3021 3029 3026 3039 3036 3065 3064 3084
3017 3018 3027 3021 3017 3025 3009 3024 3032 3023 3028 3035 3029 3021 3024 3010 3019 3023 3024 3017 3026 3020 3023 3022 3021 3008 2999 3004 2998 3007 2998 3002 2995 2997 3011 3012 3012 3006 3002 3021 3005 3019 2995 3003 3012 2994 3012 3020 3017 3027 3025 3017 3017 3005 3026 3021 3006 3024 3027 3028 3049 3073 3077 3074
3011 3020 3017 3009 3018 3020 3023 3016 3023 3040 3025 3035 3027 3024 3035 3022 3017 3016 3025 3036 3021 3019 3019 3046 3013 3007 2997 3000 3009 2998 3007 2998 2987 3004 3006 3009 2998 3010 3013 3007 3017 3022 3006 3021 3005 3014 3015 3026 3020 3026 3022 3015 3013 3002 3017 3009 3017 3007 3037 3027 3047 3053 3074 3078
3016 3023 3021 3026 3016 3031 3027 3011 3017 3015 3026 3033 3027 3021 3014 3023 3014 3024 3017 3014 3026 3022 3040 3035 3028 3013 3016 3011 2991 3009 3006 3006 2997 2995 3003 3003 3009 2987 3013 2989 3000 2998 3021 3011 3025 3023 3019 3014 3007 3029 3014 3011 3002 2997 3013 3017 3014 3011 3026 3030 3043 3049 3058 3070
3013 3021 3021 3024 3018 3020 3031 3028 3009 3027 3020 3017 3031 3022 3018 3021 3023 3028 3031 3014 3032 3036 3034 3030 3012 3005 2998 2996 3008 3017 3012 3023 3004 2997 3012 3005 2997 2995 2995 3005 2997 3012 3009 3021 3029 3028 3024 3027 3020 3011 3008 3003 3003 2999 3000 3008 3003 3013 3004 3031 3006 3049 3050 3051
3013 3017 3014 3015 3008 3021 3011 3003 3028 3009 3019 3026 3021 3031 3035 3039 3026 3038 3025 3016 3016 3037 3044 3022 3021 3014 3004 2995 3000 2995 3014 2998 3002 3005 3000 3015 2995 3001 2997 3007 2996 2990 2998 3003 3021 3033 3014 3005 3028 3009 2998 3002 3010 3016 3007 3019 3005 3016 3010 3029 3029 3045 3053 3037
3008 3019 3021 3019 3014 3013 3006 3018 3015 3005 3022 3017 3035 3030 3053 3044 3046 3037 3034 3031 3020 3051 3032 3020 3018 3005 3008 2990 2999 3000 2999 3009 3000 3014 3005 3011 3003 2995 3007 3008 3006 3006 2999 3002 3015 3029 3016 3014 3015 3001 3015 3006 3022 3022 3008 3008 3019 3015 3023 3018 3021 3050 3046 3051
3021 3011 3014 3022 3018 3017 2998 2995 3002 3005 3000 3007 3032 3028 3049 3045 3033 3033 3024 3032 3054 3042 3035 3028 3011 3010 3002 3003 2997 3002 2998 2992 3007 3010 3005 3002 3011 2986 3005 3009 3017 3021 3007 3010 3001 3012 3018 3004 3005 3010 3010 2994 3009 2997 3018 3023 3027 3008 3017 3017 3030 3023 3049 3055
3015 3018 3012 3014 3024 3018 3019 3004 3022 3000 3013 3019 3036 3036 3041 3046 3048 3031 3020 3040 3045 3046 3026 3023 3015 3002 2994 2993 2997 3000 3002 3024 3003 3018 3008 3007 3005 3004 3002 3003 3007 3017 3018 3005 3015 3009 3009 3014 3013 3012 3003 3008 3022 3008 3004 3022 3019 3019 3018 3027 3019 3025 3034 3053
3012 3023 3013 3018 3016 3025 3015 3009 3014 2999 3004 3027 3043 3040 3039 3042 3028 3028 3035 3039 3036 3045 3035 3025 3023 3015 2999 3001 2993 3010 3005 3013 3011 2992 3007 3002 2999 3005 3008 2995 3016 3009 3005 3010 3023 3017 3012 3005 2995 3003 2992 3001 3019 3013 3017 3007 3007 3009 3020 3024 3025 3044 3037 3031
2998 3015 3026 3009 2999 3005 3019 3006 3003 3002 3003 3025 3041 3038 3029 3045 3046 3037 3040 3049 3043 3038 3042 3026 3011 3024 3011 3014 3003 3011 3010 3007 3012 3011 3005 3008 3006 3008 3007 2996 2998 3012 3016 3010 3016 3022 3009 3001 3007 3012 3015 3018 3016 3021 3014 3011 3007 2999 3008 3022 3027 3025 3047 3036
3006 3011 3012 3011 3013 3002 3013 3006 2999 3017 3038 3029 3022 3032 3029 3037 3051 3036 3047 3054 3048 3042 3030 3013 3017 3006 3018 3008 3024 3009 3001 3005 3002 3006 3001 3004 3008 3001 3004 2998 2996 3004 3008 3016 3018 3027 3008 2996 3005 2999 3006 3015 3015 3019 3013 3014 3002 3012 3003 3015 3022 3031 3029 3033
3000 3005 3015 3021 3013 3017 3005 3009 3000 3016 3028 3023 3017 3018 3022 3027 3041 3041 3036 3033 3044 3034 3031 3019 3018 3012 3009 3007 3006 2999 3006 3009 3004 3001 3005 3008 3007 3007 3005 2997 2997 3007 3013 3002 3016 3030 3025 3015 2998 3006 3014 3020 3020 3022 3014 3009 3011 3009 3004 3018 3024 3026 3029 3034
3015 3016 3013 2994 3019 3008 3011 2998 2997 3014 3018 3018 3017 3016 3021 3019 3030 3039 3030 3040 3035 3048 3039 3017 3018 3009 2998 3002 2998 2983 3002 3001 3010 2997 3000 3009 3021 3002 3015 3004 2995 3012 3002 3009 3019 3021 3023 3017 3008 3000 3016 3009 3022 3014 3009 3018 3005 3012 3019 3015 3019 3008 3024 3034
3007 3009 3002 3010 3003 2996 3022 3002 3001 3009 3007 3002 3010 3013 3025 3019 3027 3020 3035 3044 3043 3032 3026 3022 3012 2991 2992 2991 2991 2997 3007 3003 3014 3007 3007 3005 3009 3000 2998 3005 2998 2994 3011 3017 3018 3019 3020 3017 3014 2999 3008 3011 3009 3004 3012 3018 3028 3014 3019 3025 3008 3016 3024 3026
3016 3022 3026 3018 3008 3016 3019 3003 3009 3010 3012 3006 3005 2997 3017 3028 3017 3030 3018 3035 3037 3032 3020 3015 3001 3009 3006 2981 3004 2998 2992 2997 3003 3009 3009 3002 3005 2999 3027 3001 3000 3010 3007 3021 3026 3030 3019 3016 3007 2999 3013 3011 3013 3007 3018 3015 3015 3018 3019 3021 3004 3022 3030 3038
3011 3021 3017 3009 3027 3010 3025 3008 3001 3004 3008 3012 3016 3012 3018 3013 3019 3017 3034 3043 3037 3029 3023 3011 3008 3007 2998 3005 3001 2999 2997 3010 3006 3005 3009 3016 3008 3005 3002 3001 3007 2997 3020 3027 3003 3013 3005 3009 3008 3014 3010 3007 3011 3009 3017 3003 3012 3030 3005 3011 3023 3009 3037 3044
2995 2992 3014 3018 3000 3012 3004 3001 2999 3004 2999 3015 3011 3013 3009 3008 3015 3008 3018 3015 3029 3030 3015 3012 3019 3002 3002 3010 3007 3010 2999 2994 3008 3001 2999 3003 3010 3016 3003 3007 3002 3012 3004 3014 3020 3013 3009 2993 3012 3006 3001 3019 3003 3016 3026 3025 3021 3031 3025 3013 3016 3016 3059 3057
2993 3006 2996 3001 3010 2999 3015 2991 3006 3019 3012 3024 3011 3007 3017 3010 3020 3017 3004 3012 3025 3017 3027 3025 3014 3004 3003 3003 3021 3002 2998 2993 2990 3010 3008 3010 3013 3005 3004 2996 3003 3002 3005 3003 3006 3013 3011 3016 3003 3010 3014 3037 3026 3022 3010 3016 3016 3024 3014 3013 3029 3032 3049 3057
2988 3006 2984 2994 3004 2992 3005 3005 3004 2999 3002 3015 3010 3012 3007 3018 3014 3007 3009 3009 3028 3025 3012 3014 3005 3016 3002 2995 3003 3007 3010 2989 3013 2998 3007 2985 3010 3008 3003 2999 2999 3007 3016 3012 3006 2999 3019 3023 3012 3017 3013 3029 3026 3019 3023 3036 3020 3023 3024 3023 3042 3055 3059 3066
3005 3007 2990 3003 3001 2997 3003 2989 3002 3004 3002 3005 3003 3018 3013 3014 3000 3010 3010 3010 3019 3025 3004 3009 3007 2994 2996 2994 3004 3001 3013 2999 2999 3005 3003 3011 2994 3009 2991 3007 3006 3012 3007 3004 3004 2999 3011 3010 3013 3019 3027 3025 3027 3021 3035 3032 3012 3022 3033 3039 3055 3069 3069 3057
3013 3007 2997 3001 3010 3010 3009 2998 3004 3015 3000 2995 2998 2999 3023 3007 3009 3001 3010 3028 3024 3027 3014 3005 3008 2993 3011 3005 3006 3006 3004 3007 2990 2997 3009 3017 3014 3008 2992 2997 3006 3005 3012 3017 3004 3000 3007 2998 3016 3023 3019 3021 3019 3024 3017 3028 3021 3030 3027 3048 3056 3072 3067 3066
3011 3011 3005 3014 3014 3008 2998 2997 3012 2999 3000 2992 2988 3009 3013 3010 2999 3002 3010 3006 3013 3036 3013 3017 3017 3025 2998 3003 2996 3007 3005 3007 3016 3003 3020 3006 3001 3010 2999 2993 3003 2998 3009 3008 2995 3005 3010 3013 3019 3020 3009 3022 3015 3018 3031 3017 3015 3028 3048 3066 3079 3077 3075 3072
3013 3011 3000 3015 3025 3019 2998 3000 3008 2998 2999 3005 3000 2995 2990 2998 2995 3004 3015 3016 3021 3034 3030 3037 3014 3009 3001 3004 3003 2999 2999 3001 2999 3006 3001 3002 2996 2997 3007 3015 3020 3008 3004 3020 3013 3012 3007 3008 2997 3011 3016 3021 3014 3035 3040 3039 3045 3046 3060 3083 3078 3063 3084 3084
3009 3010 3026 3013 3017 3007 3006 3000 2995 2997 3010 3006 3000 2994 3000 3010 3013 3019 3013 3013 3017 3022 3034 3020 3021 3015 3011 3005 3005 3006 3013 3005 3007 3000 2999 3003 3008 2996 3015 3018 3015 3021 3010 3009 3016 3028 3005 2994 3005 3021 3030 3028 3024 3035 3041 3040 3050 3047 3072 3086 3082 3061 3068 3086
3009 3018 3021 3014 3005 3004 3016 3009 2995 2996 3012 3001 3008 3005 3010 3012 3012 3015 2988 3014 3021 3029 3016 3019 3024 3010 2997 3004 3000 2997 3010 3013 3006 3007 3008 3009 2997 2995 3010 3009 3015 3004 3024 3011 3014 3013 3020 3011 3023 3032 3021 3045 3043 3030 3051 3053 3043 3068 3066 3090 3079 3072 3092 3095
2999 3014 3015 3009 3007 2992 3016 3003 3005 2998 3008 3007 3031 3024 3019 3006 3025 3014 3009 3019 3019 3021 3018 3024 3027 3006 3017 3027 3018 3012 3011 3005 3012 3016 2996 3004 2991 3006 3005 3017 3012 3006 3015 3025 3020 3012 3019 3031 3025 3034 3032 3051 3048 3032 3050 3062 3070 3058 3069 3061 3082 3077 3085 3119
3016 3016 2993 2983 3010 3018 2993 3009 3010 3007 3005 3006 3002 3012 3007 3015 3009 3002 3011 3016 3020 3030 3023 3022 3022 3016 3031 2995 2988 3002 3014 3006 3007 3013 3005 3008 3007 3010 3003 3012 3009 2996 3022 3014 3021 3022 3029 3053 3035 3040 3049 3050 3051 3057 3063 3057 3057 3069 3074 3067 3058 3063 3079 3081
3022 3003 2990 3002 3010 3011 3006 3003 3027 3016 3021 2993 2997 2998 3004 3014 3006 3019 3023 3015 3026 3030 3029 3018 3002 3010 3003 3004 3003 2994 2993 2993 2998 3002 3008 3007 3017 3001 3007 2998 3007 3008 3001 3021 3032 3044 3039 3052 3045 3055 3061 3055 3063 3059 3062 3059 3057 3075 3054 3062 3062 3046 3070 3053
3009 2998 2993 3004 3007 3003 3009 3013 3009 3017 3003 3015 3002 2997 3006 3003 3006 3008 3016 3021 3015 3012 3021 3021 3003 3015 3005 2989 3001 3014 2994 2999 3018 3006 3024 3002 3011 2992 3001 3012 3002 3006 3018 3027 3053 3044 3053 3077 3061 3053 3054 3065 3062 3064 3067 3061 3076 3061 3063 3053 3072 3087 3069 3059
3014 3003 3006 3002 3009 3000 3019 3013 3007 3002 3021 3012 3003 3010 3016 3008 2995 3010 3009 3025 3004 2990 3026 3021 3010 3010 3007 3003 3010 2993 2997 3007 3017 3014 3004 3009 3013 3000 3009 3021 3024 3022 3038 3051 3053 3054 3063 3064 3066 3066 3065 3059 3081 3064 3068 3072 3063 3070 3070 3052 3067 3086 3082 3066
3014 3017 3011 3014 3001 3013 3009 3002 3009 3019 3002 3020 3031 3014 3019 3027 3032 3012 3029 3025 3013 3023 3028 3016 3018 3026 3003 3013 3008 3004 3011 3001 3021 3019 3012 3006 3018 3026 3007 3032 3026 3030 3038 3060 3067 3078 3065 3052 3074 3069 3070 3076 3074 3065 3076 3075 3065 3072 3071 3070 3073 3102 3075 3063
3016 3016 3030 3024 3017 3018 3008 3024 3023 3009 3009 3019 3045 3025 3019 3019 3027 3027 3028 3033 3029 3024 3024 3013 3042 3032 3022 3012 3023 3021 2998 3012 3008 3029 3017 3003 3012 3035 3024 3029 3038 3049 3055 3056 3060 3070 3062 3061 3073 3061 3069 3069 3085 3074 3070 3068 3076 3081 3077 3076 3084 3083 3083 3066
3003 3008 3038 3015 3007 3017 3004 3010 3030 3013 3009 3011 3006 3019 3027 3032 3036 3029 3021 3027 3038 3023 3022 3021 3039 3034 3005 3009 2999 3026 3012 3004 3015 3022 3011 3034 3025 3028 3029 3032 3049 3058 3063 3057 3068 3076 3064 3064 3065 3064 3067 3064 3083 3071 3068 3081 3072 3075 3075 3092 3082 3085 3085 3070
2985 2998 3033 3027 3001 3014 3013 3007 3017 3019 3008 3000 3019 3025 3023 3030 3030 3036 3032 3047 3036 3026 3037 3028 3036 3010 3006 2999 3020 3014 3017 3007 3015 3007 3026 3024 3021 3025 3036 3034 3069 3077 3061 3068 3069 3075 3065 3053 3065 3057 3064 3072 3069 3058 3063 3069 3064 3085 3081 3076 3075 3067 3083 3098
3007 3018 3013 3015 2999 3012 3013 3018 3015 3008 3010 3010 3015 3006 3021 3017 3022 3019 3034 3033 3036 3033 3017 3029 3027 3019 3016 3009 2997 3018 3011 3008 3011 3028 3021 3026 3042 3053 3046 3061 3059 3059 3072 3060 3075 3054 3063 3049 3058 3067 3062 3067 3057 3076 3077 3073 3072 3087 3083 3085 3083 3081 3087 3086
3030 3028 3008 3016 3000 2999 3021 3016 2999 3024 3019 3023 3018 3023 3024 3015 3027 3017 3029 3023 3028 3018 3018 3019 3022 3013 3027 3020 3020 3007 2997 3028 3025 3023 3039 3037 3054 3055 3069 3054 3057 3064 3066 3076 3071 3066 3060 3063 3057 3073 3062 3048 3067 3071 3071 3074 3066 3088 3090 3073 3089 3081 3088 3089
3032 3009 3020 3022 3003 3006 3014 3021 3014 3011 3026 3018 3008 2997 2994 3009 3003 3025 3012 3015 3029 3018 3023 3026 3024 3021 3021 3009 3016 3015 3024 3018 3026 3024 3041 3025 3038 3044 3055 3069 3072 3071 3070 3079 3068 3080 3069 3068 3083 3055 3065 3068 3067 3074 3073 3080 3065 3075 3065 3067 3067 3082 3073 3076
3018 3012 3009 3018 3011 3020 3024 3010 3006 3017 3016 2999 3018 2990 2991 3003 3011 2998 3019 3020 3021 3029 3015 3011 3027 3027 3031 3017 3018 3012 3015 3022 3025 3020 3033 3035 3035 3045 3049 3054 3074 3071 3061 3069 3060 3072 3067 3078 3064 3047 3070 3080 3072 3079 3080 3083 3064 3087 3072 3054 3080 3068 3101 3078
