3055 3057 3059 3061 3036 3061 3060 3051 3029 3047 3046 3055 3042 3053 3039 3045 3047 3045 3031 3026 3034 3033 3028 3018 3030 3027 3020 3013 3011 3008 3027 3018 3019 3022 3011 3007 3007 3003 3013 3014 3026 3025 3027 3019 3014 3015 3025 3013 3017 3016 3033 3017 3038 3027 3011 3004 3021 3015 3035 3032 3019 3004 3000 3000
3056 3043 3051 3049 3047 3039 3034 3042 3037 3038 3044 3040 3039 3048 3044 3053 3038 3034 3033 3025 3018 3035 3017 3025 3028 3016 3019 3015 3028 3019 3005 3038 3015 3021 3009 3019 3010 3006 3010 3013 3021 3031 3012 3016 3012 3016 3030 3031 3037 3025 3028 3029 3026 3040 3017 3015 3009 3017 3020 3013 3018 3012 3004 3005
3039 3036 3043 3043 3041 3047 3031 3030 3036 3045 3043 3035 3030 3041 3041 3040 3044 3029 3034 3034 3018 3030 3031 3022 3020 3034 3012 3006 3004 3024 3035 3020 3021 3016 3024 3004 3003 3009 3025 3006 3021 3021 3021 3019 3034 3037 3031 3038 3040 3041 3027 3032 3024 3039 3028 3018 3013 3013 3001 2997 3012 2986 3003 3007
3037 3037 3043 3046 3050 3052 3040 3028 3030 3027 3034 3031 3040 3034 3045 3020 3021 3020 3019 3029 3014 3017 3018 3005 3014 3021 3009 3013 3022 3018 3019 3011 3014 3018 3024 3019 3021 3025 3007 3015 3006 3015 3022 3013 3033 3019 3029 3027 3022 3026 3027 3027 3029 3024 3017 3029 3003 3015 3012 3002 3011 3007 3004 3020
3048 3032 3034 3044 3046 3054 3042 3038 3024 3029 3020 3033 3035 3027 3022 3026 3015 3012 3013 3014 3024 3021 3014 3024 3008 3012 3014 3006 3010 3017 3011 3013 3016 3003 3014 3012 3010 3006 3006 3008 3012 2996 3024 3027 3022 3032 3021 3028 3025 3021 3017 3001 3028 3022 3013 2999 3009 3013 3002 3006 3002 3006 3013 3010
3037 3035 3037 3040 3052 3037 3035 3028 3019 3023 3026 3026 3029 3028 3024 3013 3021 3023 3008 3019 3037 3028 3021 3016 3014 3025 3003 3018 3017 3008 3011 3007 3016 3005 3010 3004 3004 3004 3010 3009 3015 3008 3019 3014 3020 3011 3025 3020 3029 3023 3017 3012 3023 3018 3005 3003 3011 3008 2991 2991 3008 3018 2997 3008
3025 3035 3028 3034 3033 3024 3025 3044 3016 3047 3014 3014 3040 3028 3019 3018 3016 3029 3021 3026 3020 3021 3014 3011 3021 3021 3002 3026 3004 3015 3029 3026 3010 3006 3006 3001 3011 3010 2992 2999 3006 3027 3010 3012 3011 3018 3001 3015 3027 3030 3016 3009 3016 3014 3012 3001 2989 3003 3008 2991 3023 3005 3005 2981
3004 3007 3014 3006 3007 3004 3002 3005 2995 2992 2991 3009 3014 3000 3009 3002 3001 3008 3011 3001 3009 3009 2989 2993 3001 2988 2998 3007 2997 2994 3004 3014 3005 3010 3005 3000 2998 3001 2985 2992 3005 3013 2996 3000 3001 3013 3007 3017 3012 3016 3012 3002 3012 3011 3007 2999 2996 3004 2999 3000 3000 3003 2994 2989
2987 2960 2958 2976 2989 2969 2968 2964 2973 2978 2980 2973 2975 2981 2979 2978 2994 2976 2981 2982 2996 2984 2979 2976 3002 2986 2989 2992 2994 3000 2994 3003 2997 2994 2990 2995 2992 3007 2998 2997 3011 3007 2999 3005 2996 3004 3009 3003 3002 3003 3004 3013 3011 3024 3005 3007 3006 3005 2987 2991 2991 2994 2998 2999
2992 2960 2969 2975 2981 2977 2970 2984 2975 2973 2982 2987 2972 2981 2991 2983 2986 2981 2981 2974 2992 2992 2972 2979 2998 2988 2991 2990 2990 2988 2995 3003 2992 3000 2989 2988 3001 2990 2999 2998 3000 2993 3001 2988 2988 3004 2998 3000 3007 2996 3002 3021 3014 3014 3003 2992 2993 2992 2999 2987 2990 2998 2986 2991
2983 2984 2986 2986 2975 2987 2987 2994 2988 2975 2991 2980 2984 2982 2992 3005 2973 2986 2983 2973 2999 2993 2998 2992 2996 2980 2985 2984 3004 2999 2998 2992 3006 2986 2988 2992 3002 3009 3000 3003 2989 2986 2997 3002 2986 3003 2995 3003 2984 2991 2995 3007 3008 3004 2989 2976 2986 3010 3003 3012 2996 2980 2983 3001
2973 2976 2987 2985 2981 2981 2974 2983 2982 2979 2979 2978 2979 2987 2997 2975 2999 2977 2981 2986 2994 2994 3003 2993 2991 2999 2990 2989 3002 2997 3002 2996 3005 2986 3012 2996 3001 3013 2993 2993 2999 3003 3001 2993 2991 3009 2986 2995 3000 2997 2996 3007 3013 3002 3004 2994 2991 2987 3003 3006 3001 2982 2998 2996
2975 2983 2992 2988 2991 2986 2977 2976 2987 2985 2981 2978 2985 2990 3002 2994 2987 2991 2981 2985 2993 2999 2996 2980 2994 2997 2989 2990 2994 2997 3006 3002 3010 3009 3004 3014 3016 3009 3002 3009 2998 2998 3006 2996 3005 3007 3004 2987 2981 2988 2995 2991 2996 3004 3001 2989 2994 2991 2989 3002 2996 2982 2995 3007
2979 2982 2979 2972 2985 2977 2984 2980 2972 2985 2979 2971 2982 2981 2991 2987 2990 2981 2986 2987 2994 2993 2992 2989 2997 2981 2972 2992 2991 2995 3004 3002 3007 3010 2986 3007 3010 2997 3004 3010 3006 3004 2995 3000 2998 2998 2994 2996 2998 2996 2999 2998 3003 3010 2994 2982 2988 3003 2992 2982 2999 2989 2993 3022
2977 2970 2986 2978 2976 2978 2984 2977 2986 2982 3001 2993 2988 2981 2976 2982 2992 2992 2992 2984 2989 2996 2987 2978 2992 2993 2994 2994 3005 3005 3002 2999 3008 2997 2994 3005 3008 2997 3003 3007 2996 3001 2999 2980 2982 3002 2993 2996 2988 3003 2990 2997 2992 2990 2994 2996 3000 3011 2987 2987 2994 3002 2991 3001
2991 2980 2976 2980 2997 2989 2990 2993 2981 2984 2992 2985 2986 2977 3000 2985 2980 2980 2997 2988 2987 2993 2994 2989 2988 2983 2989 2997 2987 2996 3004 2999 2999 3008 3013 3000 3003 3000 3008 3003 2990 3004 2989 3002 3007 2994 3000 3007 2995 2994 2996 2999 2995 2989 2990 2989 3000 3003 2995 2988 2998 2994 3000 2991
2986 2995 2986 2983 2981 2987 2986 2998 2990 2993 2994 2981 2985 2988 2989 2981 2984 2985 2998 2994 2976 2997 2997 2987 2975 2974 2980 2991 2987 2997 2991 2993 2998 2998 3001 3000 2987 2993 2998 2999 3008 2991 2989 2977 3000 3011 2993 2995 2988 3000 2999 3001 2988 2996 2999 2989 2981 2993 2992 2987 2983 2981 2997 3003
2992 2982 2990 2978 2988 2975 2997 3003 2990 2991 2999 2988 3000 3003 2998 2994 2989 2982 2995 2987 2987 2987 3002 2996 2994 2979 2995 2985 3001 2995 2994 2998 3005 2992 2988 2996 2996 2993 2999 3008 3007 3007 2995 2999 2999 3008 3005 3006 2986 2996 3004 3010 2992 2997 2995 2988 3004 2996 2995 2983 2983 2988 2988 3004
2986 2983 2994 2993 2995 3000 2992 2989 2991 2999 2987 2996 2995 2989 2995 2985 2992 2984 3009 2987 2985 2994 3003 2982 2988 2989 2999 3000 3006 3006 3007 3003 3002 2992 2993 3008 3005 3005 3007 2981 2989 2998 2997 2999 2996 2996 2995 2993 2984 2993 3005 2999 3008 3000 2985 2987 2990 2999 2991 2991 2993 2984 2986 3008
3001 2987 2995 2990 2986 2996 2985 2988 2986 2987 2997 2998 2998 3000 2990 2991 2977 2979 2988 2986 2989 2991 3001 3001 2993 2994 2996 2997 3005 3004 3002 2993 3001 2990 3003 3005 2997 2988 2986 2997 2995 3003 3004 2996 2999 2996 3007 2999 2990 2985 3001 3009 3004 2998 2994 2986 2997 2979 3008 2991 2991 3001 3005 2991
3004 2999 2995 2989 2990 2993 3000 2987 2977 2989 2997 2986 2992 2982 2988 2982 2979 2986 2971 2978 2995 2984 2992 2992 3002 2985 2982 2997 2979 3002 2999 2993 2991 2999 2994 3002 2994 2994 2993 2998 2998 3004 2997 3002 2993 3000 3012 3011 2999 3000 3002 3008 2996 2996 3002 2991 2988 2974 2984 2995 3006 2995 2988 3008
3001 2997 2997 2997 3004 2995 2993 2997 3004 2988 2984 3000 2991 2998 3002 2997 2996 2976 2979 2993 3004 2993 2992 2993 2988 2977 2994 2985 2996 3002 3006 3001 3000 2991 3003 2991 3006 3000 3007 2996 2994 2991 3008 2998 3003 3009 2997 2993 3000 2991 2994 2998 2993 2998 2996 2996 2989 3001 3001 3004 2989 2995 2994 3003
3004 2985 2996 2999 2991 3003 3004 2999 2998 3001 2995 2994 2991 2997 2993 2987 2985 2990 2987 2992 2991 2993 2999 2992 2985 2985 2999 2993 3005 3000 2998 3000 2993 2994 3003 3006 3003 2999 2989 2990 2996 2996 2989 3000 3007 3009 3008 2996 3002 2990 2996 3011 2985 3001 2985 2984 2991 2996 2989 2993 2994 3002 3012 2979
2992 3000 3000 3001 2998 2989 2996 2985 3005 2992 3002 2997 3007 2990 3002 3005 3010 2987 2998 2999 2996 3001 2992 2996 2989 2982 2994 3011 3006 3001 2999 3007 2991 2996 3004 2995 2997 2998 2982 2993 2985 3008 2999 2991 3000 3007 2991 3004 2993 2991 3007 2999 2998 2984 2987 2981 2991 2994 3006 2990 2993 3006 2992 3001
2985 2985 2994 2996 2993 2987 2992 3001 3009 2997 3011 3012 3012 3002 3003 2987 3015 3002 3001 3000 2989 3007 3004 2995 2993 2989 3001 2999 3004 2996 2996 3001 2998 3007 3004 3013 2996 2993 2998 3001 2998 2990 3004 3003 2999 2996 2987 2997 2992 2996 2997 2996 2990 2992 2988 2998 2996 2986 3005 2992 3001 3004 2997 2987
2996 3002 2991 2997 2985 2998 3005 2994 3013 3005 2990 3005 3008 2995 2998 3003 3004 3003 3001 3008 2993 2992 2994 3005 2991 3000 2993 2997 2999 3002 3000 2995 3003 3004 3011 2999 2985 2994 3002 2997 3000 2991 3004 2989 3001 3000 2996 2997 2990 2995 2989 3001 2995 3001 3011 3001 2996 3002 2996 3000 3013 3007 2992 2981
3005 3001 3002 3003 2996 3001 2990 2993 2986 3002 2995 2999 3004 3005 2997 2997 3001 3011 2989 2998 2990 2995 2994 3007 2993 2982 2995 2984 3000 2990 2998 2994 3012 3003 3004 3002 3011 3009 3004 3008 2999 3014 3001 3004 3012 2998 2991 2987 2983 3003 2988 3009 3005 3006 2989 3005 2998 2998 3008 3008 3012 3022 3010 2984
3015 3010 3003 2995 2996 2997 2995 3010 2995 3004 3000 3011 2996 3015 2998 3006 2997 2994 2998 3000 2990 3002 2997 3000 2989 3005 3003 2992 2998 3004 2998 2991 3004 2994 3005 2997 2994 3002 3004 3007 3001 3007 3015 3001 3002 2997 3008 2996 2986 2991 3004 3005 3007 2999 3002 3003 3001 3006 3019 3010 3010 3011 2994 3005
3022 2997 2994 2992 3012 2991 2997 2989 2990 2983 3020 3008 3002 3000 2998 3003 2990 3003 3009 3002 2987 2994 2998 3005 3003 2995 3003 3014 2995 2991 3011 3014 2999 2994 3005 3001 3012 3008 3011 3003 3004 3014 2988 3003 2999 3016 3005 2998 2997 3010 3013 2994 3014 3002 3013 3013 3009 2995 3016 3006 2999 2997 2990 2994
3009 3008 2994 2991 2993 2994 2992 2998 2998 2996 3001 2998 3009 3003 3000 3001 2997 2998 2991 3004 2996 2997 2997 2993 2999 3006 3001 3011 2999 3006 3006 3012 3009 2996 2995 3009 3007 3009 3000 3007 2993 3001 2997 3000 3006 3012 3002 3006 3005 3006 3014 3001 2998 2995 3006 2995 3010 3010 3001 3003 2988 3000 3000 2992
2992 3008 3009 3009 3001 2991 3006 2993 2999 2990 3002 2994 2995 3006 3010 2997 2992 2994 3013 2995 3000 2998 3002 3001 2994 3010 3008 3009 3009 289 3009 2990 3000 3001 2990 3005 2998 3000 2989 2996 3006 3019 2999 2999 3007 3007 2997 3005 3003 3001 3004 3006 3011 3004 2989 3005 3008 3015 3011 3015 3001 2989 3004 3010
3001 3005 3004 3001 3005 3017 3006 2997 2995 2997 2991 2995 2993 3001 3009 2990 2988 3000 3003 2990 3008 3001 2994 2988 3004 2998 3006 3009 3004 3010 3002 3010 2988 3006 3005 2999 2995 2995 2988 2999 2995 2998 3005 3006 3011 2995 2998 3006 2997 3000 3009 2999 2997 3009 3005 2999 3006 3022 3002 2990 3003 2991 2990 2995
3007 3002 3004 3007 3008 3000 3008 3016 2995 2998 3006 2994 3003 2998 3003 3002 2995 2991 2994 3003 3003 3011 3001 3002 2999 2996 2989 2993 3002 2996 3005 2994 2995 2994 2998 2986 2985 2992 3001 3001 3006 2995 3007 3008 3002 2992 3014 3010 3007 3008 2989 3012 3001 2995 2991 3003 3000 3002 2999 2999 2996 3001 2989 2982
3002 3020 3005 3003 2998 2995 3004 2998 3000 3000 2999 2996 3004 3002 2994 2994 2999 3013 3000 3009 3018 3010 3004 3002 3004 3000 2992 2994 3010 3009 2996 2997 2995 3007 3004 3007 2997 3002 3002 2999 3004 2986 3009 3005 3002 2997 2995 3010 3005 2999 3006 2988 2999 2995 2990 2993 3009 3001 2995 2994 3005 3003 2996 2983
2994 3000 3008 3006 3002 3000 3009 2995 2994 3005 3014 3013 3002 3005 3006 3013 3005 3003 3002 2993 3016 2992 3015 3002 3010 2994 3000 2984 3000 3004 3003 3006 2999 2999 3007 3011 3010 3005 2992 3012 2992 2992 3000 3012 3009 3009 3012 3003 3004 3004 2995 2978 3002 3007 3009 3012 2999 3011 3010 2994 3008 3013 3013 2994
2992 3002 3009 2991 3000 3021 3011 3003 2999 2999 3001 3004 2993 3003 3003 3015 3014 3002 3003 3000 3011 3010 2997 3002 3001 3013 2998 2996 2997 3005 2995 2984 2995 3006 3016 3009 3007 3023 2997 3004 2998 2999 3000 2999 3013 3007 3001 2999 3009 2997 3002 3002 2997 3009 2992 2995 3008 3003 2986 2999 3012 3009 3002 3006
2982 2996 3008 2993 2996 3003 3001 3012 3012 3001 3008 3003 2997 3015 3012 3015 2990 2999 2996 3003 3001 3005 3012 3007 3006 2992 2992 2997 2994 3003 3006 2999 2995 2984 3004 3003 3012 3004 2994 3003 3025 3004 3001 2998 2999 3010 3010 3000 3001 3003 2993 3000 3006 3001 3006 2995 3000 3016 3008 2994 2996 2998 2995 3008
2978 3008 2997 2993 2988 3000 2997 2995 3000 3006 2997 3004 3003 3006 3004 3012 3006 3013 2991 3004 3020 3014 3008 3016 3005 2997 2989 3003 3000 3003 3008 2993 2986 2987 3007 3004 3013 2991 2993 3009 3010 3008 2996 3008 3000 3000 3006 2995 3005 3006 2998 2989 3002 2997 2996 2996 3001 3002 2996 2999 3000 2994 3003 2998
2989 2998 2995 2985 2971 2989 2991 3008 3002 3007 2997 2999 2987 2989 3006 3004 3008 3002 2994 2998 3009 3013 3003 2995 3007 3002 2999 3016 2999 3002 3010 3009 2996 2999 3009 3008 3002 3013 3012 2996 3007 2998 3003 2985 3004 2994 2998 3002 3006 3004 3001 3000 2994 2996 2977 2997 3015 3002 3009 3016 2994 3007 3013 3012
2999 3000 2993 2990 2984 2984 2990 3013 2992 2992 3004 3002 2991 2994 3016 3005 2999 2997 3005 2997 3005 3009 2995 2995 3009 3020 2996 2992 2996 3005 3005 2995 2993 2994 3007 3010 2991 3000 3006 3000 2995 2993 2999 3010 3007 3009 3011 3000 2993 3020 2998 2995 3002 2995 2997 3002 2991 2994 3002 3018 3005 3012 3001 3004
2990 2996 3005 3000 2991 2994 3006 3002 2996 3003 3011 3001 3008 2993 3007 3002 3006 2997 3000 2995 3009 2998 2989 2993 2996 2993 2990 2992 2988 2997 3006 2993 2992 2978 2992 3003 3013 3014 2997 2995 3008 3011 2998 3012 3009 3006 3006 2988 3005 3016 3013 3003 3001 2985 2995 2995 3005 3004 3000 2995 2989 2993 2999 2991
2999 3005 3001 2993 2988 3008 3013 3005 3011 3002 3014 3016 3006 2994 3007 2996 3003 2995 3003 3006 3012 3000 2990 2995 2991 2989 3007 2988 2990 2985 2982 2999 3005 2997 3009 2984 3015 3008 3004 3012 3002 3002 3008 3024 3008 3003 3008 3012 2996 3014 3001 2993 2991 3002 3009 2997 2999 2992 2989 2983 2995 3002 3003 2986
2990 3004 2993 3003 3006 3003 3010 3000 3001 2996 3013 2999 3005 3012 2992 3010 3008 3006 2992 3003 3004 3014 2999 3000 3000 3004 2998 2993 3006 2994 3001 3001 2982 3002 2996 3013 3011 3011 2996 2999 3011 2998 3008 3017 3010 2997 3006 3000 3004 3001 3005 3005 3000 3009 3002 2991 3001 3003 2994 2993 3013 3012 2994 2991
2998 2998 2990 3000 3009 3001 3019 3007 3012 3012 3018 3009 3007 3002 3002 3010 3015 3013 2995 3013 3017 3011 3018 3003 3008 3009 3002 3002 3014 3002 2988 2993 2985 2985 3005 3007 3001 3000 3005 3001 3000 3007 3017 3000 3009 3018 3022 3013 2995 3010 3000 3002 3000 3010 3000 2992 3001 3004 3009 3002 3005 3021 3004 2998
2985 3009 3006 3003 3003 2994 3005 2991 2992 3000 3001 3017 3002 2999 2999 3008 3000 3005 3000 3000 3002 3005 3014 3007 3014 3001 3008 3002 2996 3001 2989 3001 2997 3014 2997 3006 2987 3009 3008 3011 3007 3004 3017 3007 3019 3007 3006 3005 2992 2994 3011 3003 3008 3003 2990 2999 3000 2994 3005 3005 3008 3008 3007 3010
2991 2997 3000 2998 2994 2994 2996 2999 2996 3001 2989 2995 3018 3009 3007 3009 3007 3010 2999 3004 3012 3005 3003 3006 3012 3005 3002 3006 3003 2988 2992 2996 3007 2995 2992 2999 2995 3004 3012 3029 3010 2999 2991 2994 3013 3005 3003 3005 2989 2993 2999 3004 3009 3018 3002 3001 2990 3011 2996 3012 3009 3000 3010 3006
2990 2999 2991 2993 2987 3001 3001 2991 3006 3003 3005 3004 3006 3001 3006 2996 3010 2998 3000 2999 2998 3002 3002 3008 3004 3008 2991 3001 2999 3007 2985 3002 3008 3001 3001 3008 2997 3009 3028 3011 2998 2999 3003 2988 2999 3010 3006 2993 2995 3015 3003 3010 3002 3003 3002 2996 3001 3004 3006 2995 2997 3020 3013 3013
2983 3008 2999 2991 2984 3012 3018 3004 2978 3000 2997 3009 3007 3006 3008 3000 2992 3000 2992 2994 3003 3002 2995 2998 2997 2991 3002 3013 3013 3002 2988 2988 2999 3000 3008 3006 3002 3019 3010 3021 3011 2996 2999 2998 3002 3006 2992 2996 3004 2998 3011 3006 3009 2994 3003 3002 2996 2993 2995 3003 3005 3010 3001 3012
2993 2982 2990 3002 3001 2993 3008 3006 2996 3006 3016 3016 3015 3010 3005 3001 2994 3004 3004 3011 3029 3012 2987 2992 3002 3008 3007 3002 2992 3009 2986 2988 2997 3008 3004 2999 3006 3015 3005 3021 3015 3007 2997 3010 3005 3006 3015 3006 2999 3001 3002 3006 3002 2984 3002 2995 3005 3013 3008 3013 3021 3005 2999 3004
2994 2996 2994 3005 2994 2991 2991 3001 2984 3004 3019 3015 3013 3012 3003 2998 3003 2998 3005 3008 3007 3001 3001 3003 3006 3006 3010 3012 3010 2995 2997 3006 3010 3010 3012 3008 3011 3015 3002 3015 3009 3003 3009 3009 3012 3014 3016 3008 3007 3012 3023 3019 3003 2988 2993 3001 2989 2999 3013 3016 3006 3001 3000 3004
2990 2993 3011 2998 2990 2994 3008 2998 2983 3004 3014 3024 3002 3024 3001 3017 3009 3002 2997 3005 3019 3023 3016 3002 3012 3017 3012 3015 3002 2996 3002 2990 3000 3005 3007 3010 3012 3020 3019 3021 3003 2998 3002 3007 3004 3005 3011 3001 2994 2991 2989 3007 3013 2998 3008 3003 3009 3001 3004 3022 3001 2993 3003 3006
2992 3014 2995 2995 3020 2996 3007 2995 3000 2994 2989 3005 3005 2995 3016 3009 3007 3011 2978 3004 3023 3011 3013 3006 3014 3009 3018 3010 3010 2988 3000 2993 2992 2999 3015 3026 3014 3022 3010 3017 3022 3003 3018 3011 3012 3013 3001 3005 2996 2998 3010 3006 2993 3002 2993 3008 2999 3003 3009 2999 3001 2998 3007 3002
2983 2994 2993 2986 2994 3010 2989 3003 2995 3003 3004 3003 3015 3026 2998 3017 3021 3019 3004 2998 3003 3020 3002 3019 3010 3016 3010 3011 2998 3001 3003 3008 3012 2999 3009 3015 3020 3026 3021 3007 3008 3016 3010 3007 3006 3011 3002 3023 3013 3008 2994 2993 2993 2996 3004 3009 3000 3004 2994 3000 3000 3002 2989 2996
2981 2981 2995 2989 2984 2999 2991 3002 3006 3016 3015 3009 2993 2993 3011 3019 3029 3006 3014 3005 2998 3018 3013 3014 3009 3003 3003 3001 3011 3009 3016 3012 3003 3019 3016 3020 3027 3021 3014 3000 2997 2998 3000 3003 3003 3007 3008 3017 3016 3013 3007 2983 2981 2995 2998 3001 2981 2969 2988 3002 2998 2980 2987 2997
2987 2990 2986 2991 2990 3000 2997 2992 2989 2991 3005 2990 2981 2999 2999 3011 3014 3010 2999 3003 3001 3000 3013 3007 3005 3002 3013 2986 3008 2995 3009 3017 3002 3010 3007 3020 3013 3015 3023 3007 2999 3002 3000 2983 3014 2998 2997 3009 3001 3007 3000 2992 2999 3000 3005 2997 2991 2978 2988 2998 3002 3008 3008 2997
2995 2992 2968 2989 2977 3009 3000 3007 2997 2996 2995 2980 2978 2991 3005 3013 3006 3003 3002 3004 3000 3011 3014 3015 2999 3012 3002 3002 3011 3006 3015 3005 3010 3012 3031 3029 3021 3018 3007 3000 3006 3001 2992 2997 2992 3011 3014 3004 2993 2992 2991 2995 2998 3007 3004 3008 2993 2978 2998 2999 3007 3007 3012 2996
3009 2995 3001 2991 2982 2995 2993 2999 2995 3002 2995 2987 2989 3001 3014 3007 3019 3018 3018 3009 3011 3019 3019 3007 3011 3004 3000 3007 2991 3009 2996 3017 3022 3005 3019 3012 3023 3014 3013 3008 3015 3011 2997 3004 2997 3020 2993 3006 3014 3004 2992 3004 2986 3000 2998 2999 3003 2995 2996 3009 3018 3011 2999 2995
3014 3009 3003 2999 3014 3010 2995 3003 2991 3001 3019 3010 2996 3014 3004 3009 3013 3016 3017 3024 3010 3010 3016 3010 3008 2990 3004 3001 3006 3011 3015 3004 3021 3014 3018 3020 3021 3006 3014 3011 3010 3001 3003 3005 3003 3009 3016 3007 3012 3003 3008 3003 2988 3006 3002 3006 2994 2997 3004 2998 3011 3006 3006 2999
3006 3000 3014 3012 3012 3009 3004 3009 3003 3009 3024 3015 3013 3010 3023 3022 3005 3019 3024 3022 3008 3031 3026 3019 3022 3009 3013 3023 3014 3005 3028 3028 3022 3029 3012 3014 3012 3027 3015 3014 3010 3006 3005 3015 3012 3021 3011 3013 3013 3003 3008 3007 2997 2999 2998 3004 2998 2998 2995 2992 3002 3017 3009 2994
3002 2986 3000 3002 3017 2997 3009 3020 3016 3019 3009 3016 3008 3012 3008 3014 2998 2994 3009 3009 3012 3020 3035 3021 3007 3002 3010 3021 3016 3019 3016 3031 3033 3024 3018 3031 3018 3015 3020 3012 3011 3008 2993 3008 3011 3020 3032 3010 3031 3004 3017 3023 3005 2991 3000 3012 3003 2989 2986 2985 3001 3009 3008 3006
2990 2991 3006 3015 3016 3017 3014 3012 3005 3000 3015 3021 3012 3014 3019 3017 3022 3010 3019 3005 3003 3019 3019 3002 3008 3000 3018 3018 3022 3012 3027 3031 3016 3028 3015 3017 3004 3005 2993 3000 3008 3007 3000 3002 3001 3020 3026 3021 3017 3027 3015 3019 3007 2984 2991 3007 3006 2990 2990 3008 3010 3009 3008 3015
2998 2994 3000 2996 3011 3017 2995 3011 3007 3020 3013 3013 2996 3008 3022 3027 3018 3008 3001 3002 3008 3003 3000 3004 3011 3018 3014 3012 3012 3027 3032 3023 3012 3019 3002 3003 3006 3011 3009 3003 3003 3013 3011 3007 3020 3016 3027 3037 3027 3020 3017 3019 2996 2984 2998 3009 2999 3000 3012 3013 2992 2992 2996 2992
2987 2997 3014 3000 3012 3013 3018 3015 3018 3012 3002 3012 3008 3019 3025 3015 3021 3017 3014 3007 3011 3009 3009 3012 2998 3005 3011 3021 3022 3036 3027 3011 3014 3016 3009 3007 3027 3022 3014 3002 3006 3004 3003 3008 3018 3021 3041 3018 3006 3012 3016 3004 3009 2991 2994 3008 2999 2994 3016 3014 3001 2987 2982 3011
2994 2999 3016 3006 3002 3008 3018 3018 3015 3002 3009 3003 3001 3003 3017 3008 3010 3011 3005 3007 3006 3010 3011 3007 2994 3012 3014 3008 3014 3016 3024 3023 3006 3008 3013 3018 3008 3015 3016 3007 2998 2997 3006 3035 3025 3034 3034 3029 3019 3003 3017 3012 3008 3005 3016 3009 3015 3008 2997 3002 3005 3003 3005 3021
