3115 3109 3121 3109 3098 3116 3131 3132 3129 3124 3119 3120 3106 3117 3124 3119 3126 3125 3123 3121 3109 3129 3138 3130 3116 3103 3095 3097 3090 3099 3102 3093 3102 3100 3093 3091 3100 3083 3082 3103 3107 3102 3101 3103 3089 3096 3097 3089 3083 3096 3093 3081 3090 3076 3075 3085 3074 3056 3058 3050 3045 3018 3012 3030
3104 3110 3113 3118 3116 3112 3120 3110 3126 3098 3102 3109 3104 3114 3119 3109 3126 3117 3110 3122 3116 3112 3100 3120 3113 3096 3095 3107 3101 3100 3102 3104 3101 3095 3105 3096 3096 3094 3110 3093 3110 3098 3104 3098 3105 3100 3082 3081 3105 3096 3087 3088 3082 3074 3087 3076 3070 3072 3060 3049 3045 3025 3011 3020
3107 3111 3125 3123 3116 3112 3105 3119 3115 3103 3103 3094 3106 3113 3119 3107 3111 3116 3113 3110 3108 3110 3106 3114 3119 3115 3104 3100 3097 3089 3111 3111 3095 3110 3100 3100 3111 3104 3091 3101 3098 3086 3105 3105 3092 3085 3074 3090 3098 3096 3088 3088 3087 3091 3074 3063 3060 3063 3049 3037 3035 2998 3008 3013
3103 3097 3117 3112 3094 3104 3104 3115 3109 3103 3098 3099 3097 3111 3110 3109 3114 3099 3097 3109 3114 3121 3116 3096 3114 3102 3096 3095 3092 3087 3098 3094 3101 3108 3099 3085 3100 3096 3080 3093 3091 3087 3092 3095 3091 3091 3085 3095 3075 3087 3084 3105 3088 3086 3068 3062 3049 3075 3056 3038 3028 2997 3025 3007
3104 3114 3110 3096 3086 3098 3116 3106 3101 3104 3104 3107 3102 3120 3110 3127 3107 3098 3096 3092 3099 3117 3095 3104 3112 3090 3102 3099 3099 3087 3091 3091 3102 3098 3100 3094 3099 3104 3098 3090 3086 3081 3081 3096 3087 3086 3086 3077 3091 3087 3080 3087 3069 3064 3067 3056 3058 3079 3052 3022 3019 3004 3009 3027
3104 3114 3112 3095 3077 3088 3098 3105 3094 3112 3108 3116 3119 3114 3111 3108 3111 3098 3108 3117 3109 3110 3112 3099 3091 3092 3084 3084 3091 3087 3091 3106 3103 3103 3109 3091 3084 3085 3095 3097 3079 3084 3083 3092 3092 3105 3093 3088 3078 3084 3074 3084 3080 3070 3078 3062 3069 3075 3053 3028 3008 2999 3003 3009
3099 3103 3107 3100 3101 3113 3092 3089 3088 3094 3103 3110 3104 3115 3097 3096 3103 3115 3115 3109 3105 3102 3100 3102 3102 3093 3085 3081 3087 3089 3101 3099 3105 3082 3077 3099 3085 3082 3097 3086 3097 3105 3093 3074 3097 3096 3090 3089 3102 3099 3083 3082 3074 3081 3069 3062 3073 3074 3063 3049 3016 3003 3014 2998
3071 3081 3065 3078 3077 3071 3091 3076 3089 3087 3080 3090 3091 3082 3080 3096 3089 3095 3092 3098 3095 3099 3094 3103 3093 3085 3075 3078 3071 3069 3089 3083 3096 3091 3100 3097 3082 3080 3083 3092 3090 3083 3074 3073 3079 3093 3106 3099 3086 3092 3080 3084 3058 3072 3072 3051 3051 3060 3049 3025 3017 3001 3002 2991
3025 3031 3042 3045 3041 3051 3056 3068 3056 3070 3049 3055 3038 3064 3082 3080 3070 3083 3078 3078 3075 3078 3078 3082 3077 3078 3063 3070 3063 3072 3075 3084 3086 3070 3074 3081 3071 3069 3073 3068 3075 3072 3076 3067 3085 3080 3085 3090 3056 3085 3080 3079 3069 3058 3060 3060 3056 3045 3039 3018 3002 3004 3009 2995
3024 3024 3037 3051 3041 3059 3047 3058 3048 3056 3050 3059 3048 3052 3070 3071 3062 3076 3080 3077 3085 3084 3060 3063 3083 3073 3072 3076 3073 3059 3075 3064 3087 3086 3076 3070 3078 3074 3069 3077 3076 3077 3067 3072 3087 3097 3088 3083 3089 3076 3074 3070 3072 3050 3051 3064 3056 3045 3026 3001 3010 2996 2994 2986
3000 3020 3032 3051 3046 3063 3057 3042 3055 3054 3062 3051 3053 3066 3061 3065 3078 3079 3080 3076 3072 3077 3065 3072 3081 3083 3081 3086 3065 3068 3080 3074 3079 3070 3080 3079 3077 3076 3085 3078 3083 3084 3085 3076 3090 3100 3085 3081 3075 3079 3068 3080 3063 3070 3080 3067 3046 3023 3022 3009 3016 3009 2993 2996
3013 3017 3037 3038 3046 3048 3035 3043 3050 3046 3069 3064 3072 3058 3077 3075 3079 3084 3076 3071 3078 3080 3069 3075 3072 3077 3088 3066 3065 3067 3069 3076 3085 3089 3078 3067 3072 3067 3077 3081 3079 3085 3081 3092 3088 3073 3090 3093 3075 3068 3070 3063 3070 3064 3055 3051 3010 3004 3001 3003 2998 3006 2998 2997
3007 3013 3026 3032 3033 3027 3049 3040 3051 3049 3060 3069 3075 3075 3070 3075 3057 3072 3093 3087 3079 3076 3076 3076 3069 3079 3079 3089 3092 3074 3086 3080 3087 3082 3080 3085 3079 3078 3077 3076 3068 3080 3068 3081 3088 3083 3069 3082 3080 3084 3072 3084 3070 3063 3035 3034 3017 2995 2988 3004 2998 3001 2990 3000
2990 3023 3022 3040 3039 3033 3046 3041 3045 3057 3050 3078 3072 3074 3078 3074 3071 3068 3076 3082 3074 3080 3086 3076 3075 3082 3094 3079 3091 3090 3090 3091 3084 3091 3087 3073 3088 3075 3085 3068 3086 3084 3082 3085 3077 3088 3085 3086 3078 3069 3081 3073 3060 3032 3041 3016 3013 3005 3001 2998 3004 2993 3008 3001
3015 3019 3049 3040 3037 3056 3042 3057 3054 3055 3055 3061 3055 3058 3063 3072 3075 3075 3068 3071 3086 3078 3086 3072 3092 3091 3082 3094 3085 3092 3084 3093 3089 3087 3092 3082 3080 3094 3088 3078 3081 3081 3084 3087 3070 3085 3085 3093 3076 3075 3053 3063 3067 3048 3030 3006 2998 2997 3004 2991 2993 2998 2993 3001
3004 3020 3033 3042 3050 3063 3065 3056 3058 3057 3067 3066 3072 3059 3067 3081 3075 3073 3074 3074 3071 3070 3070 3071 3094 3093 3085 3089 3096 3108 3097 3080 3084 3086 3100 3088 3074 3087 3073 3084 3079 3074 3078 3079 3082 3076 3081 3067 3072 3069 3077 3062 3055 3035 3021 3004 3001 3004 3006 3007 3008 3009 3001 3010
3010 3026 3036 3041 3064 3060 3071 3071 3064 3073 3083 3072 3066 3066 3074 3072 3063 3077 3066 3079 3066 3075 3088 3082 3086 3084 3087 3085 3087 3095 3080 3078 3078 3077 3098 3081 3083 3086 3076 3090 3063 3083 3091 3075 3075 3073 3066 3076 3075 3057 3070 3071 3042 3011 3006 2994 2996 3002 3000 3007 3017 3016 3012 3008
3017 3002 3024 3036 3049 3072 3066 3058 3068 3083 3078 3082 3063 3059 3081 3076 3081 3077 3064 3074 3086 3077 3083 3083 3074 3080 3076 3072 3087 3090 3073 3084 3062 3085 3093 3090 3080 3080 3072 3083 3081 3084 3081 3074 3063 3071 3071 3079 3070 3059 3058 3050 3035 3014 3003 3013 3002 2978 2998 3006 3003 3016 3005 3016
3004 3005 3013 3032 3044 3052 3056 3055 3064 3073 3072 3061 3055 3067 3069 3076 3075 3076 3073 3084 3081 3090 3072 3078 3068 3067 3091 3081 3070 3077 3079 3073 3070 3068 3070 3081 3080 3070 3079 3092 3107 3087 3082 3078 3081 3075 3083 3079 3066 3048 3034 3024 3021 2993 3009 3003 2998 3002 3003 3018 3003 2993 3005 3016
3012 3002 3006 3007 3035 3051 3056 3071 3077 3067 3067 3082 3075 3080 3080 3072 3079 3068 3080 3067 3078 3079 3079 3073 3055 3071 3074 3078 3081 3072 3077 3077 3081 3069 3091 3066 3067 3071 3078 3079 3085 3083 3073 3076 3078 3084 3089 3073 3062 3041 3045 3024 3011 2990 3007 3002 3000 2985 3000 2998 3005 3002 3014 3003
3000 2998 3010 3019 3033 3039 3058 3073 3076 3075 3071 3066 3072 3076 3066 3074 3069 3067 3078 3076 3069 3069 3064 3067 3073 3076 3085 3066 3065 3068 3067 3074 3070 3068 3085 3062 3064 3065 3080 3073 3077 3073 3068 3087 3075 3064 3082 3069 3068 3052 3026 3003 2997 2992 2995 3002 3011 3007 2993 3000 2995 2993 2994 3010
3007 3005 2997 3017 3030 3052 3065 3060 3085 3076 3076 3057 3077 3066 3079 3077 3074 3074 3068 3078 3072 3079 3079 3068 3070 3064 3074 3073 3071 3071 3078 3072 3071 3059 3071 3059 3060 3075 3077 3068 3067 3075 3069 3063 3083 3078 3074 3082 3050 3053 3026 3009 2990 2995 2989 2996 2995 3004 2997 3008 3002 2991 2998 3005
3023 3025 3021 3042 3016 3038 3058 3070 3060 3071 3060 3070 3072 3078 3081 3073 3076 3077 3075 3075 3084 3081 3070 3078 3068 3090 3074 3078 3080 3078 3085 3068 3075 3061 3078 3079 3051 3074 3060 3073 3080 3065 3079 3077 3070 3089 3070 3071 3049 3042 3026 3010 3007 3011 3007 3010 3007 3016 3001 2998 3004 3011 3011 3020
3013 3022 3034 3031 3032 3053 3061 3073 3061 3066 3060 3079 3072 3069 3086 3062 3069 3087 3063 3090 3072 3095 3075 3071 3071 3073 3069 3066 3065 3073 3073 3069 3091 3080 3078 3069 3077 3066 3071 3072 3078 3077 3068 3069 3088 3078 3087 3070 3047 3041 3010 3004 3016 3009 2999 3004 3009 3022 3002 2998 3001 3001 3012 3003
3026 3021 3030 3051 3044 3058 3067 3072 3084 3076 3069 3067 3082 3077 3081 3068 3069 3081 3081 3075 3074 3074 3070 3086 3084 3076 3079 3074 3082 3067 3069 3061 3077 3085 3072 3067 3078 3080 3074 3076 3067 3069 3097 3088 3079 3072 3067 3065 3066 3063 3037 3025 3008 3013 2997 2984 2996 2994 3000 2985 3005 3009 2995 2990
3029 3037 3052 3057 3049 3060 3077 3076 3066 3070 3066 3072 3072 3067 3079 3075 3084 3067 3076 3077 3076 3078 3074 3072 3086 3085 3073 3080 3065 3072 3069 3065 3082 3076 3078 3068 3072 3072 3071 3072 3082 3076 3081 3085 3076 3075 3071 3073 3069 3061 3050 3027 3017 3004 3007 2999 3014 2999 3005 2994 2996 3002 3007 2995
3046 3047 3055 3067 3071 3081 3081 3081 3064 3086 3073 3079 3068 3081 3073 3079 3072 3063 3071 3081 3072 3085 3070 3079 3083 3058 3071 3069 3066 3065 3074 3070 3060 3083 3068 3072 3082 3075 3068 3068 3079 3075 3071 3072 3071 3082 3079 3071 3070 3069 3045 3049 3029 3015 3020 3005 2999 2993 3007 3001 2998 3013 3003 2987
3051 3073 3071 3068 3082 3078 3085 3090 3074 3074 3075 3060 3077 3068 3070 3064 3077 3069 3089 3073 3077 3073 3068 3075 3068 3085 3059 3086 3072 3075 3063 3068 3083 3071 3066 3073 3077 3064 3078 3067 3071 3067 3062 3070 3076 3083 3074 3075 3061 3079 3057 3060 3048 3031 3022 3024 3006 3008 3001 3015 3015 3001 3003 3006
3056 3084 3079 3073 3067 3074 3073 3083 3076 3071 3070 3074 3082 3072 3062 3075 3062 3067 3067 3063 3062 3065 3077 3078 3078 3081 3075 3069 3094 3064 3075 3079 3076 3075 3080 3082 3068 3080 3078 3085 3074 3059 3069 3067 3074 3075 3073 3067 3088 3062 3072 3065 3053 3045 3036 3036 3028 3019 3019 3005 3011 3000 3004 3000
3065 3077 3074 3070 3076 3077 3082 3086 3070 3070 3065 3083 3066 3079 3068 3065 3051 3070 3067 3058 3066 3077 3068 3081 3084 3076 3078 3076 3077 3085 3073 3078 3075 3074 3078 3078 3085 3077 3083 3079 3078 3086 3067 3072 3080 3081 3069 3070 3085 3077 3069 3070 3065 3050 3047 3050 3035 3040 3032 3024 3020 3009 3014 3015
3064 3067 3079 3088 3094 3073 3081 3072 3073 3087 3081 3075 3077 3080 3085 3072 3082 3069 3078 3077 3080 3069 3079 3065 3087 3075 3074 3075 3073 3075 3066 3081 3090 3072 3066 3082 3079 3071 3077 3083 3078 3071 3079 3071 3078 3070 3066 3074 3080 3080 3072 3073 3062 3041 3047 3045 3042 3047 3041 3025 3029 3038 3036 3031
3073 3064 3081 3083 3083 3076 3091 3078 3064 3084 3077 3088 3073 3079 3076 3090 3071 3067 3076 3064 3062 3073 3068 3074 3086 3081 3072 3075 3076 3086 3068 3068 3070 3078 3078 3069 3066 3081 3086 3070 3096 3082 3086 3084 3073 3065 3071 3068 3082 3082 3078 3085 3061 3061 3054 3054 3046 3058 3056 3042 3060 3053 3054 3053
3072 3073 3074 3084 3088 3081 3072 3075 3073 3078 3072 3068 3075 3072 3086 3077 3083 3080 3069 3087 3073 3066 3070 3060 3071 3066 3072 3079 3069 3072 3071 3077 3077 3079 3077 3064 3076 3071 3081 3083 3065 3082 3087 3073 3068 3071 3076 3071 3068 3077 3085 3075 3079 3062 3062 3072 3057 3068 3048 3052 3056 3070 3051 3059
3063 3075 3078 3068 3081 3083 3068 3075 3076 3079 3069 3073 3075 3068 3084 3084 3074 3070 3069 3080 3074 3078 3072 3076 3068 3063 3061 3072 3073 3072 3057 3074 3076 3069 3074 3083 3080 3086 3076 3081 3077 3073 3085 3074 3076 3089 3088 3077 3078 3078 3084 3085 3071 3057 3069 3048 3067 3059 3057 3054 3052 3059 3062 3071
3058 3061 3063 3076 3083 3094 3084 3076 3071 3083 3087 3078 3073 3092 3069 3067 3061 3075 3073 3067 3073 3069 3073 3074 3077 3064 3066 3063 3074 3072 3078 3079 3082 3081 3067 3084 3092 3092 3086 3079 3074 3072 3087 3086 3075 3079 3085 3083 3083 3091 3088 3106 3079 3073 3069 3051 3058 3057 3064 3072 3053 3054 3064 3061
3077 3067 3078 3072 3075 3082 3092 3083 3062 3073 3081 3081 3081 3080 3076 3074 3076 3076 3057 3068 3082 3087 3078 3082 3079 3069 3069 3083 3075 3070 3076 3081 3083 3079 3078 3083 3090 3102 3094 3089 3065 3065 3091 3076 3078 3081 3080 3092 3078 3090 3095 3100 3091 3059 3068 3060 3054 3058 3070 3063 3049 3038 3054 3061
3066 3051 3081 3071 3089 3081 3081 3080 3088 3081 3067 3082 3088 3069 3057 3064 3065 3084 3066 3077 3078 3089 3072 3076 3086 3070 3069 3063 3081 3073 3082 3087 3080 3081 3084 3087 3084 3082 3088 3098 3073 3068 3087 3077 3074 3072 3066 3078 3078 3079 3100 3091 3083 3059 3066 3064 3071 3053 3060 3061 3040 3043 3061 3056
3065 3063 3069 3075 3090 3074 3061 3080 3077 3079 3075 3069 3061 3081 3064 3072 3073 3069 3080 3065 3074 3068 3071 3077 3085 3074 3067 3085 3077 3084 3081 3088 3080 3080 3071 3084 3076 3072 3075 3075 3062 3062 3083 3078 3070 3085 3081 3070 3081 3097 3101 3096 3063 3070 3057 3068 3059 3051 3044 3048 3041 3046 3041 3067
3072 3061 3072 3072 3068 3075 3091 3081 3085 3066 3069 3065 3079 3076 3074 3067 3054 3059 3070 3061 3088 3084 3068 3077 3073 3082 3085 3076 3077 3085 3084 3087 3073 3070 3084 3080 3079 3072 3072 3095 3073 3082 3071 3075 3082 3092 3073 3074 3084 3090 3098 3093 3088 3058 3063 3054 3060 3046 3049 3059 3046 3037 3045 3055
3063 3065 3071 3061 3077 3074 3084 3094 3070 3060 3067 3055 3078 3072 3074 3056 3047 3051 3073 3068 3069 3082 3073 3078 3092 3085 3086 3073 3078 3074 3073 3062 3073 3080 3085 3074 3095 3080 3073 3089 3090 3084 3081 3072 3057 3079 3078 3080 3095 3108 3097 3090 3078 3055 3067 3056 3056 3056 3061 3058 3046 3041 3049 3062
3075 3067 3072 3064 3062 3079 3084 3085 3090 3083 3067 3075 3066 3067 3078 3070 3080 3072 3055 3069 3064 3067 3092 3078 3075 3089 3081 3073 3073 3066 3072 3079 3066 3074 3072 3082 3078 3072 3074 3082 3078 3076 3077 3067 3073 3072 3080 3083 3084 3093 3093 3096 3066 3054 3059 3054 3052 3052 3054 3070 3058 3044 3058 3065
3041 3058 3064 3070 3058 3071 3085 3089 3073 3084 3079 3082 3066 3058 3084 3081 3065 3069 3075 3067 3075 3086 3066 3076 3066 3073 3084 3077 3084 3072 3061 3078 3080 3086 3075 3062 3086 3087 3087 3074 3070 3092 3072 3072 3068 3067 3076 3077 3081 3099 3098 3088 3065 3048 3050 3063 3057 3065 3064 3064 3057 3053 3059 3064
3041 3058 3067 3064 3054 3068 3076 3073 3079 3076 3074 3059 3057 3077 3060 3077 3063 3072 3072 3072 3072 3080 3081 3085 3079 3078 3076 3078 3076 3079 3078 3079 3083 3067 3070 3083 3079 3074 3080 3074 3073 3066 3073 3076 3078 3081 3071 3091 3080 3096 3089 3092 3065 3041 3069 3074 3074 3060 3057 3064 3062 3052 3064 3064
3040 3046 3055 3067 3054 3052 3067 3074 3081 3094 3090 3084 3063 3068 3045 3066 3055 3075 3071 3071 3067 3078 3084 3077 3075 3063 3075 3081 3088 3079 3099 3070 3067 3068 3085 3083 3074 3086 3063 3075 3070 3070 3072 3094 3069 3095 3091 3084 3084 3099 3089 3075 3062 3046 3069 3067 3057 3059 3067 3051 3065 3063 3064 3071
3042 3050 3062 3059 3066 3075 3057 3064 3073 3081 3085 3093 3071 3067 3079 3064 3062 3058 3061 3067 3070 3054 3072 3073 3068 3067 3061 3068 3079 3080 3084 3080 3075 3071 3082 3070 3079 3063 3077 3075 3072 3078 3069 3082 3070 3092 3078 3093 3078 3102 3079 3078 3062 3057 3061 3059 3057 3063 3060 3048 3054 3060 3058 3056
3042 3061 3055 3065 3071 3087 3075 3071 3062 3087 3100 3080 3062 3068 3070 3076 3073 3065 3075 3061 3066 3064 3067 3072 3063 3056 3075 3065 3058 3073 3074 3075 3071 3059 3071 3087 3072 3077 3080 3082 3077 3062 3070 3081 3078 3080 3086 3085 3093 3105 3084 3073 3060 3068 3046 3052 3049 3055 3052 3037 3070 3064 3058 3054
3051 3051 3062 3062 3067 3066 3063 3062 3070 3059 3065 3071 3060 3066 3064 3079 3067 3065 3068 3061 3060 3063 3057 3057 3074 3068 3064 3073 3074 3093 3086 3095 3073 3074 3075 3080 3089 3082 3089 3077 3063 3076 3075 3071 3067 3067 3072 3096 3079 3078 3070 3059 3059 3062 3057 3044 3054 3054 3056 3055 3059 3066 3065 3072
3050 3053 3063 3066 3071 3059 3061 3064 3057 3059 3053 3064 3071 3066 3062 3072 3075 3071 3060 3080 3067 3068 3074 3071 3070 3069 3067 3079 3097 3089 3091 3077 3086 3097 3081 3078 3086 3079 3075 3071 3066 3077 3070 3078 3073 3071 3082 3087 3081 3080 3067 3062 3056 3059 3065 3047 3058 3060 3047 3053 3054 3055 3050 3060
3064 3060 3055 3064 3065 3067 3070 3072 3056 3076 3054 3060 3076 3071 3061 3069 3073 3061 3057 3058 3078 3069 3071 3071 3062 3079 3076 3075 3087 3086 3084 3090 3083 3084 3085 3076 3073 3080 3070 3076 3070 3069 3081 3074 3081 3073 3089 3094 3066 3053 3062 3074 3067 3054 3048 3050 3053 3054 3051 3061 3069 3044 3065 3067
3067 3066 3059 3055 3072 3062 3069 3058 3067 3069 3053 3059 3076 3083 3079 3071 3062 3067 3055 3060 3063 3073 3081 3079 3076 3070 3072 3080 3071 3083 3082 3077 3087 3087 3067 3056 3063 3059 3080 3079 3075 3070 3068 3068 3094 3083 3101 3096 3064 3052 3050 3061 3065 3052 3060 3050 3067 3046 3054 3061 3056 3051 3054 3057
3076 3063 3048 3057 3053 3061 3062 3061 3049 3053 3056 3053 3046 3051 3050 3068 3070 3075 3062 3070 3060 3103 3072 3065 3070 3066 3077 3091 3069 3085 3075 3077 3069 3090 3073 3083 3072 3072 3076 3073 3070 3063 3082 3083 3096 3096 3092 3078 3064 3052 3065 3058 3050 3057 3067 3061 3055 3056 3056 3044 3051 3050 3054 3066
3072 3055 3049 3049 3049 3049 3074 3055 3064 3053 3054 3073 3037 3053 3048 3063 3050 3061 3077 3067 3084 3083 3074 3070 3076 3072 3074 3081 3080 3076 3075 3078 3072 3084 3074 3070 3079 3078 3075 3064 3070 3074 3081 3092 3089 3073 3078 3064 3046 3063 3054 3056 3069 3069 3062 3048 3048 3038 3045 3045 3058 3052 3047 3051
3058 3045 3073 3045 3058 3070 3053 3060 3059 3064 3061 3056 3062 3053 3052 3062 3054 3073 3070 3066 3070 3060 3071 3075 3073 3061 3085 3082 3069 3086 3078 3079 3086 3087 3088 3084 3077 3065 3071 3081 3069 3072 3067 3082 3084 3078 3054 3043 3047 3064 3063 3070 3051 3058 3056 3058 3042 3053 3051 3061 3048 3042 3042 3057
3050 3061 3054 3052 3057 3065 3052 3055 3058 3064 3069 3046 3070 3057 3053 3054 3066 3055 3070 3057 3059 3065 3070 3075 3068 3057 3073 3060 3069 3088 3079 3079 3086 3079 3079 3067 3074 3065 3077 3083 3072 3078 3086 3071 3051 3049 3053 3043 3052 3055 3065 3054 3049 3043 3043 3047 3051 3059 3048 3047 3047 3054 3040 3057
3039 3056 3063 3052 3049 3057 3068 3059 3060 3050 3043 3060 3073 3052 3049 3042 3060 3064 3061 3066 3055 3063 3056 3062 3069 3075 3067 3072 3084 3077 3074 3068 3086 3072 3078 3091 3079 3075 3084 3068 3069 3068 3073 3071 3062 3048 3054 3052 3048 3046 3069 3068 3056 3043 3039 3041 3051 3054 3053 3041 3047 3038 3054 3050
3041 3050 3054 3048 3053 3049 3065 3039 3048 3050 3047 3054 3049 3050 3048 3044 3055 3044 3058 3054 3051 3056 3047 3062 3066 3074 3076 3090 3081 3076 3067 3066 3069 3063 3067 3079 3076 3079 3073 3067 3068 3067 3062 3047 3050 3052 3049 3050 3054 3050 3068 3059 3046 3036 3039 3048 3045 3051 3065 3060 3038 3041 3047 3048
3060 3053 3050 3062 3039 3048 3057 3046 3045 3051 3050 3057 3048 3048 3057 3072 3054 3052 3058 3062 3056 3052 3049 3057 3063 3056 3071 3071 3059 3061 3062 3057 3061 3056 3059 3079 3070 3067 3081 3076 3058 3057 3047 3060 3056 3061 3052 3053 3059 3055 3061 3061 3041 3018 3045 3059 3045 3053 3053 3047 3056 3061 3048 3054
3059 3064 3052 3059 3055 3050 3049 3056 3052 3063 3061 3048 3048 3048 3041 3049 3059 3057 3056 3065 3055 3048 3052 3069 3079 3063 3057 3059 3049 3059 3050 3041 3058 3060 3061 3068 3059 3065 3050 3062 3057 3056 3062 3066 3068 3062 3050 3050 3061 3065 3055 3063 3046 3037 3038 3038 3040 3043 3054 3050 3063 3058 3061 3063
3065 3042 3068 3066 3057 3054 3061 3049 3055 3055 3075 3062 3046 3050 3052 3050 3063 3061 3057 3061 3068 3060 3057 3076 3059 3064 3064 3053 3066 3042 3065 3053 3065 3060 3050 3062 3066 3074 3071 3061 3060 3066 3056 3071 3074 3064 3068 3052 3074 3064 3063 3065 3052 3038 3042 3048 3045 3052 3052 3053 3064 3063 3058 3068
3045 3048 3058 3052 3039 3065 3062 3057 3042 3078 3082 3071 3063 3059 3046 3043 3048 3044 3050 3067 3077 3075 3068 3062 3077 3070 3065 3053 3058 3050 3055 3063 3057 3061 3056 3058 3073 3058 3056 3066 3058 3070 3059 3061 3066 3065 3073 3065 3057 3063 3069 3058 3057 3042 3053 3042 3041 3040 3066 3051 3051 3053 3061 3052
3063 3066 3061 3060 3045 3060 3073 3076 3060 3052 3061 3068 3059 3039 3039 3042 3051 3060 3058 3067 3055 3077 3069 3069 3065 3068 3052 3054 3070 3066 3068 3062 3061 3061 3054 3057 3077 3074 3066 3069 3068 3074 3077 3067 3061 3060 3066 3067 3055 3059 3069 3063 3069 3044 3064 3044 3072 3052 3057 3060 3052 3061 3051 3062
3071 3074 3067 3068 3052 3068 3066 3058 3072 3067 3058 3054 3048 3032 3032 3057 3044 3056 3063 3067 3065 3057 3065 3069 3076 3049 3052 3058 3052 3064 3063 3052 3056 3058 3059 3068 3058 3057 3087 3069 3079 3082 3078 3069 3052 3055 3066 3043 3060 3058 3063 3051 3054 3058 3063 3077 3058 3070 3061 3059 3057 3062 3059 3052
3078 3061 3062 3071 3057 3062 3055 3055 3064 3070 3065 3059 3050 3047 3040 3043 3061 3047 3051 3055 3060 3062 3048 3058 3071 3061 3072 3055 3067 3073 3081 3076 3066 3086 3072 3069 3051 3060 3065 3064 3074 3066 3065 3069 3056 3059 3066 3051 3049 3036 3053 3065 3060 3056 3054 3063 3066 3058 3068 3057 3059 3065 3063 3063
3071 3065 3051 3064 3071 3056 3057 3070 3046 3056 3063 3048 3050 3052 3044 3048 3054 3057 3056 3055 3057 3054 3041 3052 3068 3078 3065 3066 3065 3084 3079 3089 3061 3081 3089 3066 3061 3047 3077 3066 3064 3068 3074 3049 3057 3049 3058 3059 3044 3036 3049 3040 3049 3059 3055 3049 3056 3064 3071 3056 3046 3076 3086 3056
