3060 3052 3052 3055 3046 3039 3057 3044 3043 3051 3051 3054 3040 3041 3032 3025 3028 3035 3031 3027 3030 3031 3009 3011 3002 3008 3024 3015 3000 3013 3016 3003 3015 3004 2991 3000 2993 3002 3000 2996 3007 3010 3001 3004 2990 3002 2999 3008 2994 3005 3004 2995 3009 2998 2989 2981 3007 3005 3011 3012 3008 3001 2990 2976
3051 3046 3045 3053 3038 3037 3034 3039 3037 3035 3047 3043 3044 3037 3021 3043 3026 3025 3031 3024 3033 3022 3027 3023 3000 3018 3017 3003 3014 3005 3012 3012 3008 3005 3010 3007 3014 3007 2990 3001 3014 3015 3011 3007 2989 2999 2998 2993 3002 3015 3002 2997 3007 3000 2998 2989 2997 2982 2993 3016 3019 3005 2994 2975
3051 3047 3038 3033 3037 3039 3030 3022 3022 3023 3025 3032 3025 3036 3029 3035 3027 3022 3007 3024 3024 3014 3034 3036 3016 3019 3014 3008 3010 3009 3023 3038 3017 3007 3004 3015 3005 3022 3003 2998 3000 3012 2994 2999 2993 2999 2999 2998 2995 3001 3008 3018 3001 2977 3008 3017 2992 2988 2993 2993 2997 3007 3021 2982
3041 3026 3031 3048 3046 3039 3037 3031 3048 3028 3030 3035 3031 3028 3024 3022 3027 3028 3026 3019 3009 3007 3011 3019 3008 3007 3010 3011 3003 3014 3008 3012 3016 3004 3013 3015 3012 3014 3017 3008 3014 3015 3006 3006 3004 3008 2992 3017 3018 3009 2999 2997 2999 3002 3006 3021 3000 2999 2987 2993 2995 2989 2985 3004
3034 3037 3043 3044 3041 3050 3039 3023 3036 3035 3029 3021 3025 3019 3022 3018 3007 3013 3009 3023 3019 3012 3008 3000 3008 3007 3022 3019 3022 3019 3007 3005 3015 3007 3022 3006 3008 3006 3027 3014 3003 3009 3013 3010 2996 3008 3004 3005 3021 3000 2998 3001 3006 3003 3004 2999 3003 3006 3021 2991 2997 2981 2989 2992
3040 3035 3038 3031 3039 3037 3021 3031 3025 3035 3028 3030 3032 3019 3025 3018 3003 3011 3022 3018 3008 3019 3012 3007 3007 3019 3000 3005 3005 3013 2995 3012 2998 3014 3005 2999 3009 2993 3007 3004 2999 3009 2988 2995 2996 3000 3001 3005 3008 3022 3012 3009 3005 3008 2988 2991 3007 3006 3012 3020 2988 2984 2987 2994
3035 3039 3036 3029 3015 3022 3026 3036 3037 3028 3022 3028 3006 3023 3031 3018 3031 3019 3016 3026 3017 3004 3014 2999 3011 3010 3009 3008 3002 2994 3000 3009 2987 2999 2997 3000 3004 3002 2992 3005 2990 2993 2994 2994 2998 2997 2993 3005 3013 3013 3011 3009 3002 2989 3000 3001 2990 3015 3011 2996 2997 2981 2999 2983
3013 3006 3005 2993 3004 3003 2992 3011 2999 3008 3012 3001 2999 3017 2997 2999 2989 2993 2995 3001 2988 2997 2978 2984 2995 2991 2979 2997 2987 2990 3002 2995 2990 2999 2995 2991 2997 2991 2999 2995 2994 2986 2994 2992 2998 2990 3001 2997 3002 2990 3008 3011 2989 2989 2987 2995 2996 3000 2992 3001 2998 2996 3004 2990
2969 2973 2957 2970 2952 2960 2975 2964 2963 2978 3000 2991 2981 2972 2964 2980 2964 2970 2971 2982 2982 2975 2976 2979 2979 2984 2976 2991 2990 2995 2995 2990 2986 2994 2988 2972 2984 2994 2990 2986 2985 2977 2995 3000 3012 2995 3000 2985 2980 2984 2999 2990 2980 2989 2982 2980 3003 3002 2986 2997 2985 3014 3004 3004
2962 2974 2973 2960 2959 2963 2968 2967 2959 2964 2974 2978 2974 2970 2964 2976 2968 2978 2979 2971 2985 2977 2976 2990 2987 2982 2985 2987 2987 2997 2983 2979 2983 2991 2989 2972 2974 2980 2987 2994 2998 2996 2994 2991 2995 2990 2984 2993 2991 3000 3001 2997 2991 2994 2984 2988 2989 3003 2997 2977 3004 2990 2998 2992
2952 2955 2974 2983 2970 2977 2962 2978 2966 2962 2956 2968 2962 2970 2968 2979 2979 2980 2976 2977 2971 2974 2982 2984 2991 2988 2983 2980 2985 2989 2985 2987 2995 2994 2980 2981 2982 2980 2981 2991 2998 2998 2995 3001 2999 2994 2992 2993 3001 3011 2974 2988 3000 3005 3014 2978 2993 3001 2990 2983 2983 2978 2993 2999
2956 2960 2961 2989 2985 2977 2978 2973 2980 2965 2976 2969 2967 2970 2968 2969 2976 2986 2964 2980 2979 2973 2993 2974 2990 2981 2984 2988 2986 3012 2988 2988 2999 2996 2996 2992 2987 2991 2987 2991 2994 3000 3003 2999 3012 3009 3017 3010 3004 2995 2990 2993 3006 3007 2993 2998 2989 3004 2983 2992 2978 2980 2991 2983
2967 2957 2962 2977 2985 2972 2995 2978 2983 2975 2978 2975 2975 2977 2979 2987 2982 2987 2991 3001 2983 2989 2983 2994 2987 2987 2975 2989 2992 2993 2991 2993 2989 2985 2993 3006 3001 3000 3008 3006 3009 3004 3014 3023 3006 3016 3024 3030 3002 3005 2997 3003 3006 3002 2996 3009 2995 2991 2991 2990 2996 2989 2987 2983
2981 2973 2981 2989 2979 2989 2987 2977 2978 2981 2978 2976 2984 2977 2981 2974 2967 2973 2979 2971 2975 2978 2995 2995 2993 2987 2985 2996 2994 2980 2991 2995 3001 2999 2989 3008 2997 3015 2997 3008 3001 3015 3021 3015 3027 3009 3025 3025 3019 3018 3017 3020 3011 3010 2999 2996 3006 3012 2994 2980 2982 2982 2985 2981
2978 2987 2988 2980 2976 2974 2966 2980 2975 2982 2994 2977 2980 2973 2971 2979 2984 2979 2967 2976 2996 2984 2979 2985 2981 2996 3000 3004 2993 3004 2992 2994 3012 3005 2998 3011 3004 3004 3008 3014 3023 3024 3020 3025 3023 3025 3031 3031 3032 3032 3033 3015 3011 3025 3001 3000 2996 2997 3007 2998 2990 2982 2995 2993
2987 2992 2979 2989 2988 2987 2978 2973 3001 2977 2981 2977 2989 2981 2983 2975 2981 2980 2965 2982 2983 2974 2991 2989 2995 2989 3001 2995 2991 3012 3000 3004 3001 3011 3006 3008 2999 3019 3024 3029 3029 3041 3037 3017 3022 3022 3026 3023 3028 3019 3018 3013 3015 3023 3012 3002 3005 2988 3000 3002 2981 2988 2992 2978
3001 2997 2995 2991 2986 2991 2988 2989 2990 2987 2985 2984 2978 2972 2989 2989 2984 2976 2987 2997 2985 2996 2991 2992 2987 2996 3001 2994 3000 3011 3005 3023 3010 3014 3014 3009 3011 3015 3019 3026 3020 3032 3027 3034 3042 3037 3042 3017 3020 3025 3019 3028 3013 3024 3014 3011 2997 2991 2999 3002 2994 3004 2981 2968
2979 3000 2989 2987 2989 3004 2993 2996 2995 2998 2997 2986 2986 2982 2990 2974 2984 2978 2960 2970 2982 2991 2990 2990 2976 3004 2992 3005 3008 3011 3019 3009 3019 3011 3023 3008 3013 3023 3025 3028 3050 3037 3036 3040 3041 3028 3029 3025 3011 3026 3023 3024 3028 3029 3023 3009 2991 3002 3004 3005 2999 2990 2983 2978
2999 2995 2982 2998 2999 2998 3007 3012 3000 2989 2985 3002 2991 3001 2987 2980 2980 2984 2990 2985 2982 2988 2991 3010 3008 3002 3007 3007 3006 3003 3011 3023 3019 3021 3012 3018 3013 3014 3031 3022 3020 3042 3036 3040 3043 3035 3036 3038 3028 3032 3042 3026 3021 3024 3032 3016 3011 3010 3005 3011 3001 3007 2990 2994
3004 2996 2991 2986 2980 3003 3006 3003 3000 2990 2984 2994 2992 2989 2964 2990 2991 2993 2994 2985 2997 3005 2981 2982 3004 3009 3009 3013 3006 3016 3020 3019 3026 3025 3025 3022 3019 3020 3016 3029 3029 3035 3046 3056 3048 3045 3028 3015 3038 3038 3039 3018 3033 3011 3016 3014 3019 3017 3004 3003 3006 3004 3004 2996
3013 3004 3007 3002 2997 3006 3012 3017 3002 3011 2991 2985 2995 2990 2985 2986 2991 2996 3002 2998 2994 2989 2994 2993 3008 3022 3003 3022 3014 3015 3013 3016 3019 3036 3022 3009 3021 3017 3016 3024 3024 3035 3046 3059 3063 3057 3042 3039 3044 3032 3026 3036 3024 3029 3021 3014 3021 3024 3023 3000 3005 2997 2987 2977
3014 3011 3007 3017 3003 3016 3017 3014 3021 3005 2995 2999 2998 2988 2999 3005 2992 3010 3004 2996 2986 2988 2996 3001 3009 3016 3025 3010 3028 3008 3022 3035 3040 3028 3022 3006 3010 3017 3017 3014 3032 3039 3043 3066 3071 3064 3053 3058 3042 3043 3033 3032 3022 3027 3022 3010 3016 3029 3012 3003 3002 3006 2998 3001
3010 3011 3016 3011 3010 3021 3001 3025 3014 3025 3013 3010 3010 3008 3017 3007 3017 3018 3016 2998 3018 3020 3009 3014 3020 3028 3020 3016 3013 3019 3040 3038 3021 3016 3027 3010 3020 3023 3027 3026 3032 3031 3047 3038 3050 3060 3044 3050 3035 3042 3039 3021 3025 3026 3026 3020 3034 3022 3026 3005 3006 3005 3010 2994
3013 3010 3011 3007 3014 3012 3006 3003 3024 3003 3009 2998 3025 2995 3001 3017 3012 3017 3010 3006 3009 3007 3031 3009 3023 3037 3022 3023 3009 3017 3026 3020 3021 3007 3020 3007 3022 3019 3021 3022 3027 3026 3036 3042 3063 3052 3039 3049 3048 3036 3029 3029 3040 3030 3021 3009 3013 3020 3022 3013 3015 3012 3010 3003
3011 2998 3007 2992 2981 2992 2998 3006 2992 3011 3000 3003 3010 3006 3001 2991 2999 2994 2994 3008 3003 2998 3008 3014 3012 3031 3038 3022 3014 3005 3013 3008 3009 3020 3020 3029 3018 3013 3009 3031 3019 3029 3037 3032 3039 3032 3047 3023 3031 3032 3023 3019 3048 3030 3021 3018 3017 3030 3016 3015 3017 3017 3016 3007
3009 2999 3003 3002 2993 2993 2999 2997 3001 3014 2992 3000 2995 3007 2986 2981 3003 2987 2989 2992 2999 3003 3018 3014 3025 3020 3031 3023 3017 3016 3023 3022 3024 3013 3024 3035 3029 3024 3011 3024 3026 3025 3027 3033 3044 3054 3044 3042 3039 3040 3043 3031 3035 3022 3024 3023 3028 3030 3024 3022 3026 3019 3021 3025
2999 3005 2982 2996 3003 2996 2997 2997 2990 2989 2994 2991 3007 2997 2993 2994 2995 3005 3000 2997 2996 3004 2994 3015 3019 3026 3024 3022 3007 3012 3024 3028 3018 3006 3014 3015 3019 3014 3003 3021 3031 3047 3032 3041 3040 3056 3055 3052 3052 3055 3039 3035 3033 3035 3041 3040 3026 3030 3019 3021 3014 3012 3016 3025
2996 2993 2991 2982 3005 2991 2980 2983 2997 2991 2982 2991 2996 2997 2995 2991 2999 2998 2999 2992 2988 2991 2999 3007 3020 3017 3018 3014 3023 3018 3012 3038 3022 3018 3016 3012 3025 3036 3020 3028 3017 3036 3034 3038 3047 3064 3059 3070 3056 3064 3077 3053 3049 3032 3036 3032 3028 3032 3030 3019 3008 3016 3014 3022
2981 2985 2981 2984 2999 2993 2989 2994 2994 2997 2990 2997 3000 2999 2999 3002 2999 2995 2994 2993 2992 3001 2998 3014 3014 3018 3025 3005 3025 3026 3009 3031 3035 3013 3025 3017 3020 3033 3032 3026 3018 3024 3034 3036 3056 3059 3069 3075 3084 3080 3077 3074 3064 3044 3034 3026 3038 3035 3033 3024 3027 3026 3023 3023
2988 2991 2977 2992 2991 2995 2989 2991 2994 2994 2991 2987 2987 2996 2981 2995 2996 2994 2984 2988 2995 2991 3010 3021 3020 3024 3022 3024 3029 3027 3016 3019 3019 3012 3009 3016 3016 3018 3026 3025 3030 3036 3043 3042 3060 3065 3078 3081 3082 3083 3091 3093 3073 3043 3043 3037 3046 3049 3027 3030 3035 3026 3015 3019
2988 2992 2998 2997 2995 2986 2975 2985 2985 2997 2986 2996 2994 2980 2989 2998 2974 2987 2982 2989 2991 2985 2995 3009 3029 3018 3037 3023 3017 3024 3022 3012 3020 3026 3018 3017 3023 3027 3020 3020 3021 3032 3052 3050 3073 3090 3083 3088 3086 3102 3084 3082 3066 3061 3045 3037 3024 3033 3016 3023 3025 3033 3025 3022
2991 2985 2990 2980 2989 2974 2982 2984 2982 2995 2991 2998 2988 2990 2979 2986 2979 2986 2982 2983 2983 3002 2985 3015 3017 3032 3021 3018 3019 3030 3025 3006 3003 3012 3014 3004 3028 3023 3017 3023 3022 3035 3048 3065 3080 3092 3089 3084 3081 3084 3094 3084 3055 3056 3045 3047 3039 3018 3027 3032 3022 3041 3020 3033
2997 2989 2978 2999 2984 2993 2968 2972 2986 2992 2990 2985 2987 2996 2976 2997 2978 2985 2997 2978 2991 2988 3017 3013 3026 3038 3020 3026 3026 3008 3018 3033 3026 3025 3018 3030 3029 3025 3018 3014 3035 3026 3049 3059 3080 3081 3092 3086 3074 3085 3081 3070 3071 3073 3056 3048 3028 3025 3039 3031 3037 3033 3039 3033
2997 2992 2995 3001 3006 2986 2990 2984 2996 2987 2991 2995 2990 2991 3007 2985 2995 2996 2990 2987 2997 3003 2990 2996 3010 3028 3035 3019 3009 3012 3025 3024 3023 3024 3024 3019 3036 3037 3034 3033 3037 3054 3065 3070 3091 3086 3086 3103 3088 3095 3084 3075 3065 3052 3048 3043 3030 3036 3027 3043 3037 3031 3036 3035
3005 3009 3013 2995 3011 3015 3007 3008 3003 3001 2994 3012 3001 3011 3005 3010 3007 3001 2989 2988 2997 2999 3003 3027 3010 3026 3020 3033 3029 3024 3027 3024 3028 3028 3023 3017 3036 3031 3038 3042 3058 3061 3072 3084 3092 3093 3094 3099 3084 3097 3086 3076 3070 3047 3044 3060 3035 3024 3040 3044 3049 3029 3024 3029
3011 3008 3021 3022 3013 3000 3006 3003 3000 3008 3007 3013 3005 3002 2994 2995 2990 2990 2990 3008 3006 3004 3008 2997 3011 3014 3020 3045 3023 3026 3019 3029 3028 3023 3011 3012 3031 3043 3053 3056 3066 3076 3071 3094 3084 3085 3091 3110 3097 3085 3089 3089 3059 3035 3061 3048 3050 3047 3059 3068 3045 3025 3023 3030
2990 3002 2995 2989 3009 2987 3000 2990 2994 2993 2997 2997 2997 2987 2992 2987 2991 2996 2985 2975 2985 2990 2986 3000 3012 3022 3032 3048 3030 3027 3037 3026 3013 3025 3026 3033 3043 3065 3059 3055 3076 3085 3084 3092 3081 3072 3085 3102 3089 3093 3082 3086 3063 3048 3045 3053 3051 3044 3048 3065 3039 3020 3026 3018
2973 2986 2989 2979 2986 2990 2981 2982 2988 2994 2990 2988 3001 2987 2982 2991 2994 3003 2991 2984 2973 2984 2969 2985 2997 3015 3033 3035 3022 3039 3032 3017 3036 3020 3041 3045 3046 3061 3059 3066 3078 3079 3073 3081 3074 3094 3098 3088 3084 3092 3102 3084 3071 3057 3073 3066 3063 3052 3058 3073 3053 3036 3025 3017
2984 2985 2992 2981 2998 2983 2982 2996 2999 2980 2998 2980 2990 2994 2998 2992 2998 2989 2984 2985 2991 2992 2976 2995 2987 2999 3041 3041 3047 3053 3035 3038 3042 3042 3041 3047 3044 3052 3071 3068 3082 3081 3075 3091 3089 3091 3080 3092 3093 3091 3088 3084 3094 3081 3074 3084 3058 3074 3057 3065 3048 3018 3016 3019
2983 2976 3003 3003 2980 2991 3010 2994 2989 2991 2986 2997 3001 3003 2992 2996 2994 2986 2986 2990 2999 3003 2987 2980 2998 3024 3035 3039 3030 3044 3051 3049 3053 3056 3054 3059 3065 3069 3073 3076 3068 3065 3075 3094 3081 3077 3094 3099 3090 3090 3090 3091 3092 3072 3079 3096 3061 3060 3053 3066 3060 3034 3021 3007
2992 3007 2999 2987 2979 2999 2993 3003 2996 2996 2991 2997 3007 2988 2989 2994 2990 2996 2988 2988 2991 2994 2980 2994 3001 3007 3052 3058 3062 3058 3076 3070 3069 3065 3063 3068 3056 3070 3082 3074 3060 3076 3082 3068 3079 3090 3079 3077 3091 3104 3086 3080 3077 3095 3079 3083 3072 3060 3060 3062 3059 3040 3025 3016
2993 2985 2993 2991 2994 2999 3002 3001 2994 2986 3001 2993 2991 2992 2977 2985 2982 2989 2984 2988 2994 2987 2985 2996 2997 3013 3046 3058 3051 3062 3061 3075 3070 3068 3063 3073 3074 3080 3070 3052 3079 3074 3079 3088 3090 3086 3076 3092 3095 3084 3094 3093 3084 3073 3072 3072 3065 3069 3063 3065 3052 3034 3035 3015
2990 2990 3005 2986 2995 2982 2995 2991 2987 3009 3003 3002 2981 2992 2979 2990 2984 2983 3004 2995 3006 2996 2990 3009 3010 3015 3052 3065 3070 3066 3080 3077 3083 3078 3065 3082 3071 3079 3073 3063 3067 3082 3071 3085 3083 3070 3067 3089 3103 3092 3093 3097 3099 3096 3062 3056 3075 3083 3068 3067 3050 3033 3025 3004
2998 2996 3001 2992 2996 2995 2997 2999 2977 2996 3000 2993 2989 3011 2995 2996 2986 2981 2998 2974 2988 2998 2988 2990 3012 3017 3028 3050 3062 3054 3074 3073 3080 3085 3069 3084 3073 3089 3085 3074 3078 3081 3085 3083 3071 3067 3095 3094 3089 3087 3097 3099 3090 3094 3077 3060 3072 3064 3068 3059 3044 3034 3008 3010
2978 3008 2985 2986 2990 2997 2986 3001 3000 2997 2992 2996 2990 2996 2992 2994 2995 2998 2985 2981 2993 2981 2986 2996 2998 3020 3022 3042 3040 3075 3070 3082 3079 3076 3054 3077 3071 3070 3070 3073 3072 3077 3073 3079 3087 3085 3069 3087 3088 3099 3092 3083 3094 3099 3074 3070 3073 3083 3072 3073 3046 3021 3024 3018
2994 2990 3001 2998 2992 2984 2994 3002 3006 2993 2993 2979 2996 2995 2977 2986 2995 2981 3001 2987 2998 2984 2992 2988 2986 3005 3030 3048 3052 3066 3064 3070 3061 3071 3073 3082 3077 3087 3078 3079 3070 3072 3082 3100 3091 3085 3085 3089 3089 3087 3084 3073 3086 3076 3075 3073 3066 3089 3070 3059 3039 3031 3028 3021
2988 2994 2995 2980 2979 2996 2976 2985 2975 2988 2994 2987 2998 2983 2981 2989 2986 2976 2996 2989 2986 2976 2986 2997 3003 3001 3015 3019 3039 3053 3078 3063 3068 3078 3066 3056 3065 3078 3077 3074 3065 3078 3068 3076 3090 3086 3077 3079 3084 3075 3084 3074 3093 3091 3072 3074 3084 3087 3069 3052 3017 3040 3026 3014
2992 2987 2995 2987 2966 2979 2959 2987 2975 2984 2989 2988 2989 2992 2997 2994 2990 2980 2999 3002 2975 2976 2991 3002 2998 2997 2999 3027 3047 3054 3070 3073 3081 3071 3082 3068 3074 3073 3073 3080 3088 3079 3073 3075 3074 3075 3093 3091 3083 3088 3076 3091 3081 3076 3085 3080 3081 3080 3067 3049 3033 3037 3020 3007
2986 2997 3002 2992 2989 2984 2973 2973 2972 2980 3000 2992 2979 2989 2985 2976 2988 3002 2988 2986 2990 2990 2996 2989 3003 3000 2992 3003 3037 3061 3066 3070 3068 3066 3079 3076 3070 3070 3065 3070 3071 3083 3082 3081 3082 3082 3078 3084 3081 3073 3083 3071 3090 3098 3077 3073 3068 3066 3060 3051 3026 3023 3013 3017
2974 2980 2997 3002 2981 2979 2983 2972 2980 2984 2988 2985 2989 2986 2993 2987 3009 3012 2996 2984 2990 2998 2996 3001 3005 2999 2986 2991 3024 3045 3050 3072 3053 3063 3058 3062 3057 3069 3073 3076 3084 3071 3087 3092 3081 3074 3083 3078 3090 3088 3065 3084 3081 3096 3075 3064 3062 3051 3056 3044 3030 3026 3014 3029
2976 2987 2989 3002 2993 2976 2976 2977 2970 2983 2990 2990 2992 2979 2994 3002 3003 2976 2984 2977 2988 2984 2987 2990 2993 2987 3006 2999 3004 3027 3053 3056 3060 3063 3066 3064 3064 3070 3072 3075 3072 3062 3072 3080 3078 3075 3076 3070 3064 3090 3075 3075 3093 3087 3078 3073 3069 3066 3053 3044 3041 3040 3024 3013
2982 2982 2995 2987 2985 2987 2984 2980 2979 2970 2985 2988 2983 2998 2988 2985 2988 2991 2982 2983 2992 2975 2974 2986 2984 3001 3001 3000 2997 3021 3043 3043 3046 3071 3074 3074 3068 3064 3075 3075 3075 3068 3075 3075 3102 3100 3080 3080 3078 3067 3081 3082 3089 3084 3080 3050 3062 3064 3054 3032 3030 3045 3028 3012
2987 2978 2985 2984 2986 2976 2987 2978 2979 2981 2984 2979 2993 2997 2984 2999 2992 2994 2986 2998 2982 2990 2989 2978 2993 2988 2993 3004 3003 3005 3049 3054 3054 3042 3062 3078 3062 3047 3073 3073 3074 3066 3066 3077 3074 3088 3079 3071 3081 3068 3068 3064 3072 3085 3068 3058 3073 3063 3055 3054 3041 3025 3037 3010
2969 2979 2979 2978 2984 2979 2989 2989 2994 2991 2985 2987 2988 2977 2998 2993 2987 2983 2991 2986 2983 2995 3000 2991 2972 2991 2992 2998 2997 3020 3036 3043 3058 3065 3066 3065 3061 3073 3056 3058 3058 3071 3067 3083 3079 3096 3090 3088 3076 3076 3068 3068 3088 3079 3070 3060 3060 3063 3062 3042 3039 3027 3021 3010
2971 2989 2979 2991 2988 2981 2974 2977 2983 2984 2978 2979 2964 2981 2978 2984 2979 2976 2985 2987 2977 2985 2988 3004 3011 2997 2981 2986 3001 2992 3020 3033 3053 3068 3050 3066 3057 3077 3072 3082 3072 3074 3088 3102 3093 3091 3100 3093 3086 3058 3082 3076 3080 3073 3077 3073 3067 3061 3046 3042 3045 3025 3013 3024
2970 2978 2977 2991 2991 2998 2966 2980 2978 2989 2985 2977 2968 2965 2975 2986 2985 2975 2986 3005 2988 2993 3002 3014 3020 3006 2989 3004 2992 3000 3010 3033 3041 3046 3052 3061 3065 3072 3078 3101 3076 3082 3100 3097 3093 3101 3080 3095 3090 3083 3087 3083 3080 3076 3068 3059 3059 3049 3043 3058 3052 3038 3023 3013
2977 2978 2990 2988 2996 2992 2989 2996 2994 2991 2991 2978 3003 2991 2993 3002 2986 2990 2991 3000 3006 3006 2998 3022 3012 3019 3014 2999 2995 3010 3012 3030 3050 3048 3056 3061 3062 3067 3081 3077 3088 3091 3091 3090 3091 3092 3091 3100 3089 3078 3092 3080 3083 3081 3071 3061 3053 3045 3051 3058 3034 3043 3028 3026
2999 2970 2993 2991 2999 3009 2991 3001 2998 2983 2991 3000 3011 3014 3010 3005 2993 2997 3007 3010 3011 3008 3001 3017 3032 3024 3037 3017 2998 3003 3008 3028 3049 3056 3062 3064 3049 3063 3068 3086 3072 3084 3085 3089 3090 3091 3099 3085 3097 3082 3092 3087 3086 3082 3079 3060 3035 3045 3035 3047 3048 3032 3029 3024
2991 2982 2981 2995 3002 2992 2988 2999 3004 2995 2980 3001 3013 3005 3015 3000 3012 3006 2993 3008 3023 3026 3016 3014 3033 3033 3032 3027 3006 3006 3009 3039 3055 3079 3068 3070 3061 3069 3061 3090 3075 3072 3081 3095 3108 3102 3107 3094 3101 3087 3083 3086 3066 3067 3057 3065 3037 3044 3050 3049 3042 3038 3034 3035
3001 3001 3002 2989 2977 2993 2987 2999 2984 2982 2992 3001 3014 3005 3011 2995 3010 3004 2995 3005 3006 3007 3023 3028 3049 3042 3045 3029 3023 3016 3026 3053 3058 3091 3083 3079 3070 3068 3070 3079 3076 3072 3085 3099 3095 3090 3099 3096 3104 3095 3089 3076 3067 3062 3050 3050 3047 3044 3023 3044 3025 3020 3030 3042
2994 2994 3007 3001 2999 2990 2998 2985 2991 2996 3008 3011 3016 2998 2996 3002 2994 2999 2999 3000 3015 3022 3023 3031 3040 3049 3052 3043 3022 3017 3043 3064 3071 3085 3085 3067 3074 3069 3074 3088 3088 3082 3088 3091 3094 3092 3083 3096 3080 3087 3089 3081 3063 3046 3060 3050 3039 3025 3023 3031 3031 3030 3035 3051
2985 2993 3012 3000 2976 2999 2999 2997 2989 3007 3010 3004 3010 3008 2993 3004 3008 3000 3012 3012 3024 3011 3027 3024 3045 3046 3046 3050 3043 3036 3051 3076 3073 3087 3084 3081 3072 3072 3073 3075 3091 3095 3094 3087 3098 3093 3106 3090 3096 3096 3081 3075 3063 3048 3047 3066 3041 3021 3022 3015 3029 3038 3047 3039
2999 3001 2994 2999 2992 2993 3001 3002 3000 2997 2994 3002 3003 3009 2996 2998 3003 3005 3024 3011 3019 3027 3035 3040 3041 3065 3052 3054 3045 3061 3056 3061 3080 3076 3092 3086 3076 3076 3075 3083 3088 3094 3102 3087 3108 3086 3090 3092 3096 3089 3076 3065 3071 3065 3062 3038 3040 3037 3043 3037 3039 3037 3037 3034
2995 3000 2984 2992 2992 2977 3005 2983 2991 2996 3000 3005 3015 3025 3011 3005 2986 3013 3007 3023 3021 3026 3045 3041 3055 3056 3059 3053 3067 3073 3078 3062 3067 3086 3090 3100 3093 3095 3082 3064 3082 3071 3080 3083 3092 3098 3090 3105 3102 3098 3088 3073 3072 3063 3046 3040 3017 3028 3039 3051 3045 3055 3045 3043
