3070 3086 3080 3079 3078 3061 3055 3068 3055 3065 3069 3057 3049 3063 3058 3061 3049 3044 3047 3065 3040 3034 3021 3031 3048 3051 3046 3044 3033 3043 3032 3031 3041 3027 3046 3033 3030 3025 3010 3019 3020 3019 3024 3033 3029 3028 3030 3023 3033 3019 3039 3046 3053 3051 3054 3070 3055 3039 3035 3051 3048 3059 3039 3035
3056 3067 3071 3063 3060 3056 3054 3046 3064 3054 3060 3055 3045 3061 3057 3044 3038 3051 3041 3054 3046 3038 3040 3039 3052 3042 3044 3048 3045 3044 3050 3046 3044 3034 3029 3032 3033 3032 3031 3048 3038 3039 3042 3036 3022 3031 3032 3034 3035 3032 3046 3032 3033 3046 3042 3056 3051 3052 3031 3050 3048 3048 3053 3058
3075 3070 3063 3062 3049 3039 3051 3057 3050 3039 3050 3047 3049 3060 3053 3066 3039 3049 3052 3049 3046 3046 3042 3043 3044 3036 3045 3049 3052 3059 3049 3062 3053 3049 3036 3033 3045 3035 3031 3036 3030 3054 3029 3051 3019 3021 3017 3034 3029 3030 3026 3039 3047 3035 3043 3036 3036 3048 3062 3050 3054 3060 3056 3074
3066 3060 3059 3055 3050 3047 3050 3048 3050 3061 3042 3044 3054 3048 3048 3053 3058 3046 3053 3059 3048 3044 3036 3042 3050 3047 3052 3051 3067 3068 3067 3051 3061 3036 3033 3026 3016 3027 3031 3039 3032 3037 3027 3021 3033 3025 3038 3020 3027 3019 3033 3037 3037 3039 3043 3055 3054 3047 3061 3051 3044 3050 3045 3062
3082 3061 3048 3057 3056 3051 3032 3038 3049 3047 3046 3047 3039 3058 3042 3044 3045 3040 3047 3048 3039 3045 3044 3045 3059 3048 3045 3054 3074 3090 3071 3055 3050 3054 3029 3022 3015 3015 3017 3032 3027 3019 3033 3020 3025 3023 3026 3036 3017 3026 3019 3031 3030 3038 3049 3059 3059 3063 3052 3064 3049 3052 3055 3068
3062 3051 3052 3045 3065 3060 3031 3036 3047 3045 3038 3046 3060 3050 3030 3051 3037 3043 3034 3045 3066 3059 3050 3042 3037 3040 3050 3042 3067 3076 3062 3057 3063 3048 3038 3026 3017 3010 3024 3022 3028 3014 3022 3029 3024 3021 3032 3035 3033 3030 3032 3025 3027 3032 3045 3052 3061 3051 3050 3039 3042 3051 3056 3049
3060 3055 3057 3043 3047 3046 3040 3046 3049 3052 3032 3066 3064 3044 3050 3046 3043 3049 3051 3047 3055 3050 3065 3049 3029 3033 3031 3045 3056 3060 3046 3044 3050 3029 3025 3030 3015 3032 3029 3017 3032 3024 3017 3023 3037 3040 3048 3024 3038 3047 3045 3040 3038 3031 3038 3045 3053 3058 3034 3026 3049 3046 3051 3046
3020 3019 3013 3025 3015 3008 3016 3013 3029 3028 3020 3031 3035 3039 3027 3029 3033 3020 3042 3031 3038 3050 3037 3029 3023 3020 3025 3023 3040 3042 3049 3050 3058 3073 3035 3033 3023 3021 3022 3025 3014 3023 3016 3030 3012 3021 3030 3032 3030 3033 3043 3034 3033 3025 3047 3053 3041 3047 3054 3064 3049 3051 3043 3057
3009 2999 3006 2983 2978 2995 2993 2988 3007 2996 3002 3005 3008 3006 3014 3016 3019 3008 3008 3012 3031 3014 3018 3011 3009 2988 3001 3007 3008 3039 3061 3057 3068 3063 3028 3020 3024 3018 3010 3022 3022 3032 3011 3008 3016 3010 3024 3031 3005 3022 3020 3030 3023 3022 3044 3054 3048 3056 3068 3059 3044 3054 3052 3065
2990 2983 2995 2978 2980 2993 2997 2987 3004 2998 3002 3001 2994 3005 3007 3003 3015 3017 3018 3004 3023 3014 3007 3001 3017 3009 2993 3002 3027 3044 3069 3076 3077 3058 3040 3031 3021 3018 3009 3027 3008 3019 3013 3017 3023 3047 3034 3033 3041 3043 3034 3026 3039 3054 3041 3054 3048 3046 3059 3062 3056 3052 3047 3049
2967 2974 2984 2995 2984 2996 2993 3001 3009 3012 3012 2998 3001 2988 2998 3003 3010 3015 3018 3011 3028 3014 3010 2994 3001 2993 2995 3021 3016 3048 3073 3083 3063 3065 3051 3029 3010 3013 3013 3004 3015 3015 3020 3028 3044 3040 3050 3061 3035 3040 3024 3026 3050 3031 3033 3041 3046 3050 3042 3066 3050 3066 3070 3070
2984 2987 2990 2991 2996 2993 2998 3001 2998 3007 2993 3000 3003 3013 3007 3011 2998 3021 3028 3033 3026 3030 3015 3003 2998 3014 3005 3005 3022 3047 3075 3079 3095 3075 3051 3041 3032 3004 3016 3015 3002 3006 3026 3039 3048 3070 3060 3063 3049 3036 3033 3023 3040 3032 3038 3046 3038 3041 3037 3061 3073 3076 3077 3068
2976 2978 2989 2999 3000 3012 2993 2997 2994 2987 3009 3005 2994 3001 2995 2995 2997 3013 3034 3040 3057 3054 3023 3019 3010 3001 3007 3020 3026 3039 3060 3085 3093 3078 3085 3044 3027 3001 3019 2996 3019 3020 3037 3045 3069 3081 3076 3068 3054 3037 3023 3019 3025 3027 3043 3046 3049 3042 3058 3058 3057 3060 3062 3071
2970 2983 2985 2993 2995 2985 2989 2987 2990 2999 3001 3006 3013 3005 2997 2987 2996 3017 3032 3047 3062 3052 3049 3026 3013 3011 3010 3008 3031 3040 3060 3072 3079 3063 3073 3050 3038 3011 3016 3023 3015 3017 3020 3045 3061 3075 3088 3067 3064 3034 3042 3027 3016 3015 3034 3029 3043 3051 3064 3058 3062 3060 3074 3081
2984 2983 2996 2990 3001 2990 2986 2983 2994 2993 2995 2997 3007 3011 3004 2995 2997 3031 3055 3050 3073 3056 3054 3038 3023 3009 3018 3006 3015 3037 3064 3079 3067 3081 3073 3060 3023 3016 3023 3012 3026 3022 3044 3053 3051 3085 3087 3073 3066 3048 3039 3023 3028 3007 3018 3037 3040 3037 3057 3065 3070 3070 3070 3085
2996 2985 2990 3007 3009 3013 3011 3003 3000 3009 3006 3001 3008 2993 3014 3013 3008 3036 3054 3063 3067 3065 3048 3051 3023 3024 3020 3011 3017 3022 3056 3074 3077 3081 3073 3055 3038 3025 3025 3015 3011 3019 3036 3054 3067 3077 3075 3069 3063 3033 3033 3008 3020 3016 3012 3025 3039 3035 3055 3068 3061 3062 3065 3083
3021 3034 3007 3004 3016 3019 3024 3009 3023 3007 3013 3006 3004 3016 3014 3010 3018 3042 3040 3057 3065 3071 3068 3050 3021 3028 3018 3015 3008 3041 3051 3068 3075 3075 3071 3062 3040 3050 3029 3013 3015 3015 3043 3052 3049 3079 3084 3079 3063 3052 3014 3021 3017 3013 3019 3013 3020 3055 3051 3063 3068 3064 3089 3079
3019 3017 3021 3015 3009 3011 3023 3028 3016 3022 3013 3011 3002 3001 3019 3015 3010 3030 3033 3062 3062 3079 3064 3053 3042 3030 3010 3008 3026 3040 3049 3070 3067 3075 3067 3062 3030 3032 3013 3018 3014 3002 3029 3043 3070 3078 3066 3084 3059 3047 3026 3017 3015 3016 3010 3007 3030 3033 3051 3063 3077 3075 3074 3076
3002 3017 3014 3028 3005 3014 3009 3020 3010 3024 3016 3015 3008 2993 3005 3005 3011 3029 3043 3048 3062 3071 3076 3062 3042 3038 3023 3008 3019 3036 3048 3052 3084 3092 3063 3055 3042 3024 3011 3008 3003 3012 3025 3046 3064 3069 3088 3080 3047 3046 3030 3029 3014 3028 3017 3013 3015 3044 3038 3044 3067 3072 3070 3081
3015 3021 3024 3012 3015 3020 3016 3012 3018 3019 3011 3009 3005 3008 3009 3002 3004 3012 3033 3055 3066 3067 3076 3060 3050 3036 3032 3005 3012 3038 3043 3064 3074 3075 3078 3069 3052 3027 3013 3010 3011 3008 3033 3040 3055 3074 3067 3075 3071 3042 3023 3015 3004 3012 3010 3016 3000 3023 3026 3044 3052 3070 3081 3054
3014 3020 3022 3020 3019 3009 3014 3003 3009 3007 3011 3009 3011 3017 3009 3001 2998 3014 3038 3055 3077 3075 3069 3074 3058 3040 3023 3017 3028 3038 3054 3058 3067 3081 3069 3074 3057 3022 3017 3019 3004 3021 3038 3057 3059 3064 3078 3070 3048 3040 3015 3012 3015 3017 3018 3006 3016 2998 3028 3021 3052 3066 3075 3063
3021 3005 3011 3014 3009 3008 3021 3001 3009 3007 3014 3016 3004 3010 3011 3009 3000 3007 3029 3044 3066 3071 3080 3071 3060 3049 3037 3025 3019 3038 3050 3054 3083 3088 3071 3070 3045 3035 3015 3018 3015 3021 3044 3053 3064 3067 3084 3071 3056 3039 3031 3021 3006 3017 3003 3016 3007 3024 3016 3030 3044 3066 3065 3067
3022 2998 3019 3018 3018 3001 3016 3006 3000 3025 3018 3011 3022 3007 3009 3011 2996 3016 3024 3030 3060 3069 3076 3068 3063 3062 3036 3021 3019 3033 3042 3046 3071 3070 3086 3066 3053 3034 3023 3017 3026 3015 3058 3070 3080 3089 3083 3073 3064 3045 3021 3015 3009 3008 3007 3016 3012 2997 3017 3017 3033 3044 3056 3078
3011 3023 3011 3006 3022 3027 3019 3012 3009 3014 3007 3003 3014 3021 3017 3015 3012 3008 3012 3033 3042 3066 3074 3078 3069 3071 3048 3026 3028 3043 3057 3050 3063 3069 3075 3068 3043 3036 3018 3019 3015 3027 3056 3070 3083 3089 3078 3058 3055 3035 3032 3016 3018 3018 3009 3004 2998 3013 3028 3022 3033 3041 3059 3070
3016 3019 3011 3027 3019 3029 3023 3021 3013 3020 3008 3017 3013 3021 3010 3010 3008 3010 3025 3042 3064 3063 3069 3077 3077 3073 3059 3048 3030 3042 3050 3063 3080 3095 3081 3074 3057 3047 3037 3025 3016 3030 3057 3073 3073 3074 3086 3065 3044 3033 3030 3012 3012 3003 3005 3010 3001 3016 3021 3031 3039 3045 3054 3066
3024 3022 3019 3012 3028 3031 3019 3012 3016 3016 3006 3009 3009 3018 3019 3001 3018 3014 3016 3022 3044 3059 3073 3083 3067 3074 3047 3042 3037 3035 3048 3064 3090 3081 3074 3068 3048 3044 3030 3032 3040 3036 3054 3061 3073 3078 3083 3072 3048 3025 3017 3019 3013 3016 3020 3005 3011 3021 3016 3029 3048 3037 3051 3063
3021 3024 3032 3029 3037 3033 3018 3027 3032 3014 3014 3000 3015 3001 3004 2994 3020 3024 3011 3011 3037 3064 3068 3090 3081 3075 3069 3052 3043 3046 3049 3053 3070 3082 3091 3075 3064 3053 3049 3017 3032 3034 3067 3065 3072 3077 3083 3077 3047 3024 3017 3005 3014 3009 3017 3022 3025 3006 3018 3014 3016 3034 3036 3058
3026 3022 3020 3026 3016 3026 3024 3042 3034 3032 3008 3008 3010 3018 3014 3013 3013 3013 3022 3021 3038 3058 3077 3073 3084 3078 3077 3052 3040 3036 3043 3068 3059 3082 3089 3087 3064 3049 3036 3029 3028 3047 3060 3069 3078 3081 3091 3067 3028 3028 3032 3015 3005 2998 3021 3008 3014 3010 3004 3005 3022 3020 3056 3070
3030 3020 3027 3019 3025 3023 3010 3028 3037 3031 3009 3000 3009 3012 3025 3025 3005 3012 3024 3028 3047 3048 3062 3074 3089 3066 3068 3052 3045 3044 3049 3058 3069 3075 3085 3071 3057 3037 3031 3034 3039 3053 3070 3080 3087 3085 3075 3075 3044 3031 3012 3018 3008 3005 3014 3011 3004 2998 3013 3005 2997 3013 3050 3074
3032 3022 3026 3024 3040 3019 3022 3031 3044 3025 3011 2995 3014 3012 3007 3011 3005 3009 3019 3025 3025 3040 3050 3066 3090 3077 3071 3049 3053 3050 3045 3057 3076 3087 3088 3066 3052 3042 3043 3029 3038 3065 3085 3078 3075 3079 3071 3054 3043 3018 3024 3011 3006 3017 3015 3013 3006 3009 3009 3011 3001 3009 3033 3073
3035 3031 3018 3031 3048 3050 3029 3044 3057 3033 3020 3010 2995 3005 3012 3012 3013 3010 3004 3012 3020 3028 3057 3067 3081 3077 3069 3065 3048 3062 3046 3059 3083 3099 3081 3079 3070 3069 3050 3049 3066 3068 3088 3088 3086 3077 3079 3057 3034 3022 3030 3021 3015 3005 3019 3006 3001 3009 3014 3031 3017 3013 3032 3060
3034 3012 3020 3032 3043 3056 3037 3048 3053 3048 3038 3018 3009 3028 3004 3008 3002 3009 3019 3006 3020 3027 3041 3078 3077 3081 3083 3081 3068 3055 3062 3064 3072 3075 3076 3078 3083 3082 3057 3058 3066 3086 3078 3089 3076 3071 3061 3044 3048 3019 3028 3019 3014 3012 3018 3012 3009 3009 3013 3015 3023 3019 3028 3065
3027 3026 3011 3037 3049 3057 3075 3067 3073 3051 3041 3021 3024 3011 3011 3006 3019 3009 3017 3011 3018 3022 3028 3052 3082 3085 3074 3077 3068 3072 3052 3059 3068 3074 3087 3094 3077 3062 3073 3068 3076 3081 3080 3092 3075 3061 3044 3057 3023 3006 3005 3010 3012 3008 3010 3007 3009 3000 3030 3030 3036 3032 3049 3060
3013 3024 3026 3030 3039 3068 3080 3076 3074 3083 3064 3042 3033 3016 3017 3009 3010 3020 3009 3019 3004 3016 3035 3046 3075 3092 3087 3076 3086 3077 3080 3069 3090 3088 3068 3090 3084 3082 3066 3073 3076 3080 3080 3072 3073 3065 3051 3042 3017 3011 2995 3002 3011 3008 3029 3017 3015 3003 3017 3026 3036 3031 3043 3074
3029 3027 3013 3036 3032 3050 3069 3067 3073 3069 3080 3056 3051 3041 3033 3023 3005 3011 3007 3010 3002 3000 3029 3053 3078 3084 3075 3089 3086 3075 3086 3068 3086 3085 3084 3079 3100 3082 3077 3068 3071 3073 3096 3080 3085 3066 3050 3028 3020 3011 3002 3013 3011 3007 3002 3020 2996 3003 3019 3032 3041 3041 3048 3057
3010 3017 3020 3027 3030 3036 3053 3055 3081 3076 3082 3071 3061 3063 3027 3041 3027 3023 3006 3019 3018 3009 3023 3050 3068 3081 3076 3083 3079 3080 3084 3094 3095 3085 3079 3083 3094 3071 3084 3083 3073 3075 3068 3092 3098 3084 3033 3024 3016 3014 3009 3007 3009 3019 3016 3019 3008 3008 3019 3048 3048 3049 3071 3067
3015 3008 3015 3028 3018 3028 3046 3057 3072 3070 3071 3078 3073 3069 3062 3045 3040 3034 3025 3022 3032 3020 3031 3042 3080 3069 3091 3082 3084 3079 3087 3090 3091 3091 3093 3096 3087 3085 3075 3082 3084 3083 3073 3080 3073 3074 3050 3016 3017 3011 3001 3016 3014 3014 3014 3001 3003 3026 3042 3067 3060 3063 3062 3081
3030 3019 3013 3016 3014 3022 3031 3037 3054 3068 3074 3071 3072 3074 3069 3062 3057 3056 3026 3012 3036 3033 3041 3056 3062 3078 3084 3081 3090 3079 3088 3092 3089 3095 3081 3090 3088 3087 3077 3059 3079 3076 3073 3082 3080 3084 3048 3027 3018 3029 3007 3012 3022 3025 3024 3010 3023 3042 3061 3083 3071 3072 3078 3071
3016 3004 3014 3006 3012 3009 3029 3028 3025 3045 3055 3070 3075 3073 3067 3071 3073 3047 3059 3038 3030 3046 3055 3068 3090 3086 3080 3082 3088 3098 3095 3084 3087 3076 3080 3082 3090 3088 3080 3089 3088 3082 3089 3086 3070 3070 3051 3027 3007 3018 3010 3013 3036 3029 3024 3039 3051 3054 3066 3078 3072 3073 3081 3094
3005 3000 3014 3003 3009 3002 3010 3014 3033 3040 3043 3067 3062 3069 3061 3066 3065 3078 3076 3054 3054 3058 3061 3059 3088 3089 3082 3088 3094 3091 3106 3097 3096 3083 3083 3075 3083 3076 3081 3078 3084 3090 3081 3086 3091 3076 3047 3042 3031 3011 3011 3030 3021 3031 3054 3059 3051 3078 3073 3071 3082 3082 3085 3099
3012 3007 3010 2996 3003 3012 3014 3008 3018 3026 3037 3031 3047 3051 3054 3068 3079 3066 3068 3076 3071 3080 3068 3074 3082 3087 3091 3073 3083 3090 3092 3081 3085 3088 3097 3086 3087 3077 3086 3090 3093 3081 3097 3090 3082 3083 3062 3030 3024 3019 3034 3035 3029 3058 3059 3071 3064 3068 3075 3089 3083 3089 3088 3092
3006 3013 3006 3009 2982 3002 2997 3003 3023 3007 3015 3023 3023 3046 3057 3064 3070 3086 3082 3071 3076 3063 3070 3079 3084 3082 3085 3081 3097 3085 3086 3091 3086 3092 3090 3078 3072 3082 3086 3092 3092 3089 3088 3106 3101 3080 3064 3062 3044 3030 3054 3052 3059 3073 3070 3068 3080 3079 3077 3079 3076 3089 3096 3087
3017 3010 3018 3009 3004 3010 3005 3005 3002 3016 3017 3014 3024 3028 3030 3052 3060 3062 3068 3077 3077 3075 3086 3074 3078 3081 3086 3076 3089 3094 3087 3088 3095 3092 3076 3092 3084 3083 3077 3090 3086 3085 3086 3100 3079 3097 3076 3061 3058 3058 3058 3048 3067 3072 3072 3085 3097 3089 3085 3073 3074 3081 3095 3101
3014 3014 3007 3010 3006 3000 3009 2998 3009 2998 3007 3009 3017 3010 3024 3051 3066 3071 3074 3074 3070 3073 3081 3078 3096 3088 3085 3089 3092 3092 3086 3102 3083 3088 3077 3080 3078 3075 3083 3082 3081 3089 3086 3092 3085 3093 3076 3071 3080 3072 3075 3061 3080 3085 3082 3075 3069 3089 3081 3072 3076 3077 3100 3089
3023 3003 3011 3009 3010 3004 3006 3012 3013 3019 3002 2995 3014 3014 3018 3035 3026 3063 3056 3084 3073 3080 3090 3092 3078 3081 3080 3079 3091 3072 3107 3086 3088 3090 3089 3097 3094 3067 3082 3086 3089 3093 3088 3093 3100 3089 3085 3082 3090 3071 3079 3073 3087 3090 3078 3083 3076 3086 3075 3065 3077 3086 3095 3088
3014 2995 3004 3001 3003 3016 3015 3002 3004 3006 2994 3005 3005 3006 3009 3017 3007 3022 3060 3068 3061 3074 3069 3086 3077 3073 3095 3094 3105 3085 3092 3089 3103 3098 3089 3096 3080 3071 3091 3093 3098 3095 3090 3091 3094 3082 3091 3096 3086 3082 3076 3086 3071 3091 3089 3077 3080 3074 3077 3082 3072 3078 3073 3094
2998 3014 3006 3020 3008 3006 3008 3010 3007 3011 3010 3007 3003 2993 3016 3011 3015 3032 3042 3066 3074 3075 3077 3077 3088 3088 3091 3093 3086 3097 3087 3075 3099 3096 3097 3084 3085 3092 3089 3095 3081 3082 3093 3095 3097 3081 3078 3079 3097 3074 3068 3085 3075 3081 3086 3092 3087 3076 3076 3077 3070 3077 3090 3087
3009 3006 3018 3005 3000 3010 3020 3005 3006 3002 3010 3001 2992 2998 3010 3016 2995 3015 3015 3050 3066 3063 3074 3073 3101 3093 3102 3083 3093 3108 3089 3099 3097 3100 3077 3101 3088 3092 3082 3094 3091 3085 3092 3086 3084 3081 3086 3086 3088 3092 3085 3084 3086 3080 3100 3087 3082 3086 3080 3085 3082 3075 3076 3086
3015 3002 3001 2999 3019 3014 3026 3006 3003 2999 2998 2987 3004 2999 3006 3008 3008 3016 3005 3034 3059 3071 3071 3086 3089 3092 3083 3088 3082 3088 3077 3103 3095 3095 3103 3113 3092 3097 3086 3082 3094 3083 3087 3093 3077 3077 3088 3100 3096 3095 3082 3092 3088 3083 3094 3084 3084 3073 3092 3091 3091 3080 3093 3088
3001 2991 3008 3003 3013 3007 3012 3014 3015 3007 2991 3006 3000 3008 3009 3007 3002 3021 3020 3017 3058 3072 3080 3084 3089 3076 3088 3078 3092 3092 3105 3098 3111 3098 3098 3098 3093 3090 3098 3093 3100 3079 3088 3088 3088 3070 3086 3089 3089 3100 3085 3090 3097 3083 3083 3091 3080 3073 3083 3103 3093 3086 3076 3081
3000 2999 3000 3022 2991 3010 3009 3000 3004 3000 2999 3001 3003 2995 3011 3000 3019 3017 3013 3029 3067 3061 3074 3078 3076 3085 3079 3078 3097 3106 3100 3092 3093 3099 3090 3106 3115 3108 3089 3078 3085 3091 3090 3078 3088 3080 3089 3096 3092 3084 3090 3088 3075 3077 3087 3071 3073 3082 3084 3084 3085 3075 3095 3077
2993 3019 3011 3001 2995 2991 2992 3004 3010 3006 3011 3011 2983 2998 3000 3005 3019 3023 3027 3031 3036 3070 3074 3093 3091 3081 3082 3105 3087 3101 3089 3090 3088 3093 3095 3107 3097 3109 3098 3090 3088 3090 3079 3094 3085 3094 3094 3073 3093 3097 3087 3096 3082 3089 3074 3078 3079 3080 3092 3073 3060 3072 3087 3085
3007 2991 3009 3006 3001 2993 3012 3013 3005 3001 3012 3002 2995 3002 2998 3008 3031 3010 3016 3017 3046 3059 3065 3080 3085 3083 3080 3085 3088 3095 3085 3084 3077 3082 3091 3098 3099 3090 3091 3088 3094 3092 3074 3095 3076 3087 3088 3079 3078 3089 3068 3086 3086 3078 3068 3074 3064 3080 3082 3063 3063 3081 3078 3090
3002 3008 3006 2994 3012 3003 3011 3012 3014 3008 3008 3013 3008 3007 3010 3000 3009 3020 3018 3039 3036 3066 3066 3091 3080 3073 3078 3082 3063 3096 3087 3077 3094 3073 3086 3092 3092 3090 3085 3074 3087 3082 3087 3094 3101 3078 3090 3079 3091 3086 3075 3085 3075 3091 3072 3079 3069 3077 3077 3079 3070 3085 3089 3079
2991 3006 2997 3022 3005 3020 3007 3014 3017 3011 3017 3014 3014 3006 2985 3011 3008 3005 3012 3024 3021 3025 3069 3085 3083 3080 3069 3072 3094 3091 3083 3089 3090 3087 3091 3069 3080 3075 3079 3087 3071 3089 3092 3085 3094 3084 3077 3077 3086 3090 3088 3083 3082 3083 3065 3066 3067 3063 3081 3063 3066 3073 3079 3085
3010 2997 3001 3003 2991 3005 3003 3005 3008 3000 3013 3020 2997 2994 2989 2995 3000 3006 3024 3033 3027 3036 3059 3078 3077 3068 3069 3081 3083 3091 3089 3095 3093 3101 3090 3084 3079 3076 3088 3092 3081 3091 3079 3085 3084 3086 3076 3081 3078 3081 3092 3085 3086 3072 3054 3060 3080 3065 3078 3081 3072 3062 3074 3075
3023 2998 3015 3009 3024 3013 3003 3000 3003 3003 3003 3003 3004 3017 3020 3014 3012 3025 3025 3019 3033 3056 3081 3074 3100 3081 3085 3089 3093 3097 3084 3092 3088 3096 3096 3083 3080 3087 3086 3090 3075 3075 3077 3091 3078 3073 3068 3071 3085 3094 3094 3089 3079 3082 3072 3069 3077 3078 3088 3068 3079 3078 3070 3082
3016 3019 3015 3013 3025 3016 2997 3017 3002 3001 3012 3019 3010 3023 3019 3021 3019 3019 3022 3029 3024 3066 3074 3072 3093 3083 3072 3084 3087 3082 3084 3087 3091 3084 3088 3094 3081 3082 3086 3078 3084 3088 3090 3086 3081 3083 3075 3059 3077 3086 3095 3093 3067 3072 3082 3093 3084 3093 3079 3081 3073 3086 3075 3088
3021 3012 3014 3015 3007 3020 3018 3004 3010 3024 3006 3007 3019 3028 3020 3007 3035 3020 3038 3042 3053 3069 3075 3086 3087 3079 3074 3070 3073 3087 3089 3095 3082 3088 3089 3079 3081 3094 3086 3084 3094 3085 3080 3088 3073 3087 3075 3068 3067 3081 3091 3092 3084 3077 3076 3082 3088 3079 3087 3079 3086 3097 3096 3085
3026 3021 3020 3018 3014 3021 3020 3023 3026 3023 3030 3019 3009 3008 3020 3015 3024 3028 3028 3033 3058 3078 3073 3093 3067 3069 3074 3067 3073 3082 3088 3088 3095 3099 3093 3088 3087 3084 3090 3093 3072 3084 3084 3092 3095 3086 3083 3078 3078 3077 3083 3084 3091 3087 3088 3084 3087 3079 3091 3073 3084 3092 3089 3093
3020 3020 3011 3014 3012 3022 3004 3010 3020 3018 3020 3020 3011 3010 3021 3022 3026 3040 3036 3057 3063 3071 3105 3097 3090 3067 3078 3070 3076 3091 3090 3083 3095 3101 3082 3083 3076 3088 3079 3088 3079 3079 3081 3090 3076 3083 3084 3085 3092 3071 3088 3085 3095 3080 3071 3084 3073 3069 3089 3083 3084 3088 3071 3079
3026 3005 3004 3016 3020 3016 3017 3006 3022 3031 3039 3026 3012 3014 3014 3009 3040 3051 3064 3065 3075 3086 3103 3109 3096 3079 3079 3065 3080 3080 3081 3087 3096 3090 3079 3097 3090 3089 3091 3076 3089 3071 3083 3089 3090 3081 3085 3075 3090 3058 3069 3089 3093 3082 3074 3065 3059 3070 3069 3083 3078 3086 3075 3072
3013 3023 3017 3011 3010 3017 3014 3019 3017 3023 3033 3035 3017 3009 3031 3036 3054 3055 3066 3074 3081 3084 3079 3094 3099 3089 3078 3093 3101 3096 3096 3087 3104 3085 3097 3082 3073 3095 3085 3085 3075 3066 3065 3075 3090 3082 3079 3096 3080 3076 3078 3081 3072 3090 3077 3073 3076 3077 3077 3093 3084 3062 3080 3084
3008 3010 3040 3009 3003 3007 3010 3006 3007 3013 3040 3028 3026 3024 3045 3051 3056 3071 3064 3071 3069 3074 3076 3080 3095 3093 3074 3099 3097 3110 3103 3100 3095 3098 3094 3094 3084 3094 3081 3086 3070 3064 3074 3077 3087 3091 3084 3089 3078 3074 3074 3088 3074 3091 3089 3099 3077 3064 3071 3084 3074 3058 3062 3069
