3069 3060 3052 3051 3043 3056 3050 3054 3042 3047 3064 3032 3046 3045 3027 3039 3032 3024 3034 3030 3022 3020 3011 3016 3010 3012 3005 3016 3010 3002 2999 3005 3011 3002 3001 2992 2998 2985 3001 2993 3002 3007 3005 2997 2996 3003 2994 3000 3000 3009 2994 2997 3017 2993 3000 2992 2997 3016 2993 3011 3016 3015 2997 2981
3054 3043 3057 3043 3045 3036 3048 3034 3041 3041 3047 3038 3027 3043 3042 3035 3030 3027 3034 3025 3021 3023 3014 3026 3014 3010 2999 3018 3006 2992 3006 3018 3024 3007 3007 2994 2998 3001 3000 2999 3005 3015 3011 3004 2996 2997 2993 3001 3010 3032 3012 3013 3004 3006 3001 3001 2994 2998 2991 3006 3011 3003 2997 2977
3049 3040 3026 3031 3032 3033 3046 3028 3019 3031 3024 3024 3026 3040 3039 3030 3010 3013 3011 3014 3029 3019 3021 3029 3025 3007 3011 3008 3001 3025 3031 3028 3008 3009 2998 3013 3019 3011 3000 2995 3013 3013 3013 3003 3008 3004 2994 3009 3015 3005 3009 3012 3007 2998 3005 3005 2991 2987 2985 2995 3002 3006 2996 2978
3038 3037 3038 3038 3041 3045 3033 3025 3045 3045 3028 3026 3018 3023 3016 3023 3025 3016 3019 3012 3014 3019 3018 3003 2994 3015 3014 3012 3009 3012 3023 3009 3019 3004 3017 3009 3014 3020 2999 3003 3015 3000 3003 3000 2995 3011 3006 3004 3010 3016 2999 3003 2998 3000 3016 3010 3008 2997 2977 2996 2993 2994 2995 2979
3015 3052 3033 3034 3041 3041 3023 3035 3043 3035 3034 3026 3020 3018 3017 3017 3028 3014 3023 3018 3010 3022 2998 2996 3001 3012 3009 3018 3026 3024 3003 2991 3012 3012 3007 3002 3016 2997 3008 3019 3004 3008 3018 3016 3005 3011 3014 3014 3002 3002 2998 2996 3007 3007 3021 3011 3015 3019 3012 2998 3001 2999 2997 2994
3023 3029 3038 3037 3028 3023 3028 3040 3045 3037 3036 3031 3023 3026 3028 3014 3016 3012 3014 3013 3009 3022 3005 2999 3008 3000 3003 3010 3010 3013 3014 3008 3010 3004 3013 3001 3001 3002 2996 3011 3004 3007 2993 3001 2999 2993 3011 3014 3003 3017 3005 2997 3005 2996 2992 3001 3009 3017 2992 2992 2989 2986 2993 3004
3043 3036 3035 3028 3010 3020 3016 3035 3031 3032 3024 3022 3035 3032 3032 3026 3012 3015 3030 3018 3003 3011 3008 3013 3008 3009 3010 2985 2982 2995 3008 3001 2997 2999 2996 2998 2989 3004 3007 3011 3002 2998 3005 2993 2985 2987 2999 3000 3008 3014 3010 3013 3010 3006 2975 2996 3008 3004 3005 3004 2998 2988 2983 2987
3005 3000 2989 3004 2999 2990 3005 2998 3008 3002 3014 2989 3000 3012 3001 2991 3007 2993 2990 2996 2996 3008 2988 3001 3007 2994 2998 2992 2991 3003 3003 2990 2994 2993 2986 2987 3000 3001 2997 2994 2995 2983 2993 2996 2992 2998 2990 2997 2996 3008 3015 3006 3014 2988 2990 2987 3014 3005 3005 3006 2998 2993 3006 2998
2971 2985 2976 2971 2972 2976 2962 2964 2969 2989 2987 2990 2972 2983 2970 2971 2974 2965 2983 2979 2980 2976 2979 2972 2975 2979 2978 2977 3005 2988 2993 2979 2979 2979 2977 2990 2971 2989 2978 2987 2985 2995 3002 3004 2996 3011 3007 3006 2997 2977 2987 3002 2994 2993 2997 3001 3007 3015 3010 2995 2997 3008 3000 2996
2968 2959 2976 2966 2962 2951 2969 2960 2979 2962 2969 2964 2976 2982 2962 2980 2960 2966 2986 2975 2990 2983 2979 2993 2976 2987 2981 2978 2979 2988 2984 2993 2990 2980 2989 2989 2970 2983 2987 2984 2998 2994 3002 2995 2994 3000 2992 3001 2998 2990 2997 2991 3002 2990 2995 2984 2989 2995 2998 3003 2993 2995 2996 2998
2942 2947 2954 2974 2975 2974 2977 2965 2959 2972 2961 2960 2968 2970 2974 2965 2988 2979 2977 2976 2974 2976 2989 2987 2980 2979 2987 2971 2989 2982 2978 2976 2992 2991 2984 2976 2973 2975 2986 2984 2990 3004 3008 2997 3005 2992 2984 2982 2999 2990 2995 2994 2999 3011 2996 2989 3008 2993 2999 2978 3004 2980 2990 2995
2942 2953 2972 2976 2991 2973 2972 2970 2972 2972 2971 2963 2966 2968 2981 2973 2975 2988 2988 2981 2974 2970 2977 2986 2991 2978 2985 2985 2985 2989 2995 2987 3003 2992 2991 2994 2992 2989 2987 3000 3003 3007 2999 3006 2999 3008 3009 3006 3009 2996 2994 2997 3011 3002 3009 2990 2989 2987 3001 2988 2986 2978 2988 2996
2967 2952 2972 2971 2975 2975 2974 2982 2980 2974 2987 2981 2980 2978 2980 2974 2968 2982 2976 2986 2974 2986 2979 2990 2978 2983 2980 2983 2994 2991 2977 2979 2991 2995 3005 3022 2992 3006 2998 2994 3013 3013 3015 3005 3018 3027 3021 3016 3014 3009 3004 3008 3003 2998 3003 3003 2996 3001 2998 2988 2987 2984 2970 2994
2979 2964 2974 2989 2985 2970 2982 2984 2983 2975 2978 2989 2975 2972 2970 2990 2995 2998 2992 2980 2978 2987 2979 2992 2986 2995 2992 2996 2984 3001 2998 2998 2993 3000 2993 3009 3001 2995 3002 3017 3017 3007 3006 3019 3016 3024 3017 3029 3017 3009 3011 3016 3028 3014 3007 2999 2994 3004 3001 2999 2982 2980 2991 2990
2975 2991 2991 2982 2977 2988 2972 2967 2984 2967 2979 2974 2980 2975 2966 2977 2992 2981 2982 2986 2983 2984 2978 2977 2994 2993 2994 3004 2998 2990 2988 2986 2991 3006 3010 3016 3016 3004 3016 3014 3021 3024 3018 3023 3023 3023 3032 3036 3024 3034 3013 3008 3022 3014 3022 3003 2994 3006 3005 2999 2986 2975 2985 2999
2995 3006 2988 2983 2980 2978 2978 2984 2997 2986 2989 2989 2985 2982 2982 2977 2979 2976 2971 2971 2986 2985 2987 2978 2986 2986 2996 2999 3008 3002 2999 2999 3010 2997 3021 3020 3008 3008 3014 3029 3020 3027 3026 3023 3026 3018 3027 3017 3032 3009 3020 3004 3017 3026 3021 2999 2998 3002 2993 3000 2992 2985 2984 2992
2998 3009 2996 2986 2994 2995 2993 2995 2995 2989 2978 2982 2978 2984 2979 2975 2975 2983 2987 2985 2990 2979 2982 2996 2981 2990 2998 2989 3013 3012 3019 3006 3012 3010 3008 3005 3006 3007 3023 3031 3037 3041 3036 3023 3038 3021 3037 3034 3014 3015 3015 3009 3012 3030 3014 3000 3003 2990 2998 2993 3003 2999 2993 2979
2995 2997 2992 2986 2983 2998 3008 3002 3003 2982 2985 2991 2979 2986 2975 2980 2981 2970 2994 2989 2998 2996 2989 2989 2998 3003 2992 3002 3005 3010 3001 3006 3017 3008 3002 3017 3028 3008 3028 3025 3034 3033 3033 3026 3037 3042 3028 3014 3035 3028 3023 3029 3038 3024 3026 3005 3002 2998 2993 2993 3003 2985 2994 2986
3005 2997 2980 2985 2996 2994 3003 3007 3004 2996 2980 2996 2988 2993 2985 2989 2989 2984 2996 2981 2998 2993 2991 2989 2999 3001 3011 3005 2989 2998 3006 3026 3014 3015 3024 3021 3016 3017 3013 3024 3041 3035 3045 3039 3050 3034 3039 3031 3027 3046 3041 3029 3030 3015 3017 3007 3002 3002 3010 3006 3009 3003 3000 2999
3005 2996 2989 2998 2997 2998 3003 2999 2994 2993 2987 2996 2998 2982 2987 2970 3001 2991 3007 2993 3005 3001 2993 2986 3008 3002 3004 3028 3011 3013 3020 3015 3028 3024 3024 3009 3028 3027 3017 3013 3032 3032 3051 3056 3049 3056 3032 3030 3028 3040 3023 3020 3021 3025 3012 3017 3019 3002 3003 3010 3002 2997 2988 2985
3006 3013 3011 3002 2995 2992 3015 3010 3014 2991 2988 2992 3002 2993 2997 2981 2996 2992 2998 2993 3001 2988 2990 3009 3012 3008 3011 3024 3008 3012 3014 3025 3025 3018 3017 3022 3011 3027 3022 3017 3035 3038 3061 3059 3062 3055 3055 3043 3034 3042 3032 3024 3020 3031 3029 3016 3019 3026 3028 3001 2993 2996 3003 2995
2994 3015 3008 3005 2998 3007 3014 3018 3002 3010 3004 3003 3013 3002 2989 2994 2998 3004 2999 3001 3002 3001 2995 3005 3019 3018 3016 3014 3014 3020 3020 3028 3017 3025 3021 3004 3025 3017 3017 3019 3031 3031 3055 3061 3053 3053 3049 3048 3048 3032 3033 3041 3037 3022 3018 3022 3021 3023 3014 3006 3005 3010 2993 2990
3015 2999 3004 3009 3019 3014 3018 3023 3015 3004 3003 3010 3020 3019 3006 3022 3023 3001 3019 3016 3026 3019 3010 3019 3028 3029 3022 3018 3018 3017 3013 3006 3014 3004 3025 3013 3004 3014 3006 3033 3025 3030 3046 3054 3062 3063 3066 3046 3033 3047 3038 3026 3027 3020 3017 3000 3019 3026 3021 3000 3007 3010 3000 3009
3019 3015 3011 3003 3018 3007 3027 3019 3019 3012 3002 3008 3016 3026 3015 3015 3010 3008 3020 3010 3009 3013 3014 3008 3025 3029 3022 3029 3015 3020 3027 3028 3017 3012 3016 3018 3008 3008 3013 3034 3019 3019 3035 3042 3032 3047 3054 3042 3033 3042 3031 3050 3028 3025 3028 3016 3006 3015 3013 3000 3013 3017 3018 3011
3019 3020 2998 2995 2987 3004 3003 2987 3005 3001 3001 2999 3020 3010 3001 2998 2995 3005 3005 3000 3002 3006 3010 3006 3022 3017 3021 3027 3023 3010 3025 3017 3020 3024 3017 3014 3014 3006 3018 3015 3024 3021 3027 3035 3042 3045 3031 3034 3042 3028 3027 3046 3023 3030 3031 3023 3028 3024 3033 3023 3016 3014 3003 3010
3015 3008 2985 2998 2993 2992 3009 2999 2996 2991 2989 2996 3004 2999 2988 2993 2994 2988 2986 3009 2995 2993 3005 2998 3013 3017 3034 3018 3022 3014 3004 3024 3021 3026 3019 3017 3007 3023 3018 3022 3031 3025 3026 3024 3042 3049 3039 3036 3048 3024 3035 3023 3033 3027 3025 3033 3022 3030 3014 3024 3015 3010 3011 3022
3019 2992 2990 2998 2995 2994 2989 2995 2998 3001 2989 2994 3008 3010 2989 3000 3002 2993 2986 3001 2992 3013 3011 3004 3023 3020 3021 3037 3017 3010 3028 3014 3008 3029 3011 3014 3019 3022 3015 3014 3024 3033 3023 3035 3048 3059 3051 3065 3050 3045 3042 3047 3032 3026 3035 3030 3028 3020 3015 3016 3009 3008 3012 3015
2995 3005 2981 3004 2994 2990 2998 2995 2998 2986 2988 2991 2995 2999 2992 2994 2989 3007 3005 2998 3005 3006 3002 3014 3022 3011 3013 3016 3017 3019 3034 3028 3015 3015 3014 3020 3018 3017 3016 3026 3026 3023 3040 3027 3052 3053 3079 3061 3063 3067 3061 3058 3038 3042 3029 3030 3037 3022 3026 3028 3024 3019 3015 3028
2980 2993 2994 2984 2997 3005 2994 2997 2984 2994 2994 2984 2990 3000 3012 2997 3007 2995 2989 2989 3001 2992 3006 3015 3024 3024 3017 3025 3024 3031 3033 3023 3030 3010 3025 3021 3019 3027 3031 3012 3023 3029 3036 3053 3062 3065 3062 3087 3076 3067 3087 3083 3060 3035 3051 3038 3031 3038 3034 3040 3026 3019 3028 3022
2981 2981 2974 3001 2986 2990 2989 2992 2995 2999 2986 2981 2990 2987 2991 3004 2992 2983 2996 2993 2985 2995 3005 3011 3030 3017 3012 3021 3024 3027 3038 3023 3018 3016 3021 3021 3031 3025 3030 3032 3018 3016 3035 3043 3051 3071 3079 3075 3086 3076 3097 3099 3073 3053 3040 3031 3040 3058 3036 3025 3031 3018 3023 3016
2988 2988 2985 2991 3000 2977 2971 2984 2988 2996 2990 2988 2994 2981 2986 2985 2981 2994 2985 2978 2990 2990 3000 3010 3027 3020 3016 3023 3022 3024 3010 3024 3020 3020 3013 3021 3021 3036 3027 3026 3022 3022 3039 3056 3066 3076 3078 3085 3075 3081 3104 3089 3069 3050 3051 3030 3030 3028 3043 3029 3034 3040 3029 3020
2990 2990 2991 2973 2982 2980 2964 2986 2991 2988 2989 2987 2994 2983 2980 2976 2975 2981 2982 2988 2980 2993 3003 2993 3028 3023 3035 3035 3016 3019 3026 3023 3023 3021 3026 3018 3018 3030 3017 3007 3035 3043 3052 3068 3066 3086 3088 3084 3082 3084 3090 3082 3066 3054 3040 3044 3026 3028 3017 3029 3038 3037 3020 3017
2990 2992 2978 2980 2990 2995 2973 2983 2974 2977 3001 2991 2986 2996 2987 2981 3000 2992 2987 2985 2992 2999 2996 3018 3021 3023 3016 3026 3019 3009 3027 3025 3026 3033 3015 3029 3023 3017 3015 3030 3023 3037 3047 3060 3070 3075 3087 3084 3087 3095 3072 3073 3067 3057 3070 3052 3031 3034 3032 3036 3028 3043 3038 3016
2999 2990 2992 2991 2997 3004 2984 2998 2980 2995 2979 2989 2986 2990 3011 2992 3004 2989 2981 2986 2986 2995 3002 3015 3022 3028 3023 3019 3029 3000 3016 3026 3018 3013 3023 3024 3021 3032 3027 3039 3029 3054 3058 3080 3094 3094 3095 3095 3083 3091 3078 3084 3069 3055 3052 3059 3031 3023 3027 3047 3052 3030 3022 3025
2994 3005 2999 3003 3016 3005 3016 3010 2994 3009 3018 3009 2990 3000 3008 2994 2996 2990 2991 2997 2995 3004 2993 3012 3014 3026 3023 3032 3021 3020 3008 3025 3016 3027 3020 3025 3017 3034 3058 3042 3046 3059 3076 3086 3078 3076 3095 3102 3109 3083 3095 3082 3065 3039 3052 3048 3044 3023 3042 3043 3043 3033 3031 3024
3006 3009 3019 3012 3019 3007 3007 2999 2998 2998 3022 3020 2985 3009 2998 2997 3000 2992 2978 2993 3002 3005 2994 3006 3003 3025 3027 3033 3024 3026 3023 3025 3032 3014 3027 3018 3031 3042 3052 3049 3058 3056 3085 3085 3075 3098 3113 3094 3095 3091 3099 3090 3059 3040 3032 3052 3043 3047 3046 3062 3040 3034 3026 3032
3000 2991 3004 3006 2998 2990 2978 2988 2979 3007 2996 3016 2994 2992 2992 2997 2999 2996 2979 2984 2965 2981 2994 2996 2998 3009 3036 3028 3029 3035 3033 3021 3032 3030 3025 3031 3035 3053 3048 3067 3070 3070 3085 3091 3090 3087 3078 3102 3087 3081 3085 3084 3054 3038 3063 3056 3053 3043 3062 3066 3048 3024 3025 3023
2972 2981 2990 2993 2991 2986 2966 2978 2994 2997 2992 2995 3002 2988 2979 2995 2984 2989 2989 2976 2999 2982 2980 3001 2981 3016 3024 3027 3040 3055 3034 3034 3037 3033 3016 3049 3054 3046 3060 3074 3080 3094 3091 3091 3084 3077 3087 3089 3096 3094 3102 3079 3066 3069 3066 3055 3065 3051 3062 3059 3053 3031 3019 3026
2996 2994 2985 2995 2986 2996 3006 2989 3000 2999 2993 2998 2993 2995 2999 2993 2995 2981 2992 2987 2983 2982 2989 2986 2993 3001 3042 3049 3044 3053 3051 3036 3033 3036 3047 3063 3054 3077 3063 3068 3072 3082 3071 3081 3091 3089 3094 3092 3090 3099 3085 3092 3078 3078 3072 3082 3065 3055 3071 3069 3040 3034 3020 3027
2989 2987 2996 2993 2982 2978 2997 2987 2998 2994 2993 3000 3017 2999 2990 2992 2998 2996 2987 2978 3001 2989 2984 2986 2994 3018 3052 3053 3045 3050 3051 3052 3057 3054 3054 3059 3064 3064 3064 3060 3072 3076 3080 3080 3082 3086 3094 3090 3093 3106 3097 3094 3088 3092 3080 3080 3072 3063 3050 3062 3042 3037 3021 3024
2993 2992 3000 2998 2992 2991 3006 2983 2992 2995 3002 3002 3000 2990 2992 2986 2986 2997 2991 2996 2992 2990 2996 2994 2991 3021 3034 3055 3055 3061 3057 3059 3060 3067 3075 3067 3069 3076 3080 3076 3069 3074 3081 3075 3080 3081 3095 3102 3102 3099 3086 3103 3079 3081 3090 3085 3079 3069 3065 3079 3049 3040 3026 3005
2985 2997 2997 2994 2984 3003 2988 3009 2987 3005 3003 3000 2999 2989 2981 2988 2990 2982 2989 2989 2990 2995 2991 2992 3001 3014 3043 3050 3071 3053 3067 3079 3061 3079 3071 3059 3078 3078 3068 3065 3060 3074 3079 3088 3077 3085 3081 3104 3093 3091 3091 3083 3081 3079 3072 3074 3073 3075 3078 3057 3067 3028 3033 3017
2997 2992 2998 2995 2983 2995 2992 2992 2988 2988 3002 2998 2995 2982 2994 2988 2986 2988 2987 2997 2989 3001 3001 3000 3003 3019 3042 3042 3060 3064 3077 3080 3073 3073 3075 3071 3083 3076 3073 3072 3078 3079 3086 3081 3088 3073 3086 3097 3095 3098 3090 3090 3089 3082 3076 3076 3073 3070 3083 3063 3048 3033 3016 3005
3003 2989 2994 2988 2995 2985 2993 2986 2975 2989 3003 3004 2990 2990 3000 2995 2988 2988 2985 2981 2994 2997 3003 3001 3001 3007 3032 3036 3056 3045 3061 3081 3068 3061 3063 3070 3075 3086 3073 3062 3083 3066 3074 3084 3076 3081 3094 3094 3079 3096 3104 3083 3091 3097 3078 3068 3078 3071 3077 3063 3048 3031 3022 2996
2987 2989 2993 3000 2989 2978 2990 3006 3000 3001 2991 2992 2989 2994 2981 2982 2993 2991 2975 2989 2991 2997 2984 3003 3011 3010 3042 3035 3054 3058 3065 3063 3071 3068 3079 3070 3077 3077 3086 3069 3078 3080 3087 3086 3087 3087 3081 3093 3084 3090 3078 3092 3080 3079 3089 3080 3074 3062 3065 3064 3054 3040 3016 3016
2992 2989 2994 2976 2993 2996 2995 2982 2991 2988 2986 2988 2991 2992 2991 2995 2979 3007 2998 2977 2994 2992 2978 2988 2985 3009 3006 3028 3044 3054 3062 3068 3074 3063 3071 3063 3087 3069 3092 3071 3069 3077 3077 3078 3090 3084 3090 3076 3085 3072 3084 3084 3094 3076 3079 3069 3077 3073 3067 3053 3052 3030 3030 3033
2979 2984 2995 2989 2992 2990 2990 2973 2991 2994 2985 2991 2986 3005 2996 2995 2973 2973 3003 2994 2979 2986 2992 2994 2994 3007 3011 3029 3035 3060 3068 3080 3061 3060 3068 3070 3074 3075 3077 3073 3078 3079 3083 3076 3074 3086 3080 3086 3075 3088 3083 3078 3074 3089 3067 3088 3096 3075 3060 3048 3033 3023 3034 3011
2983 2993 2974 2989 2975 2969 2970 2978 2977 2974 2995 2993 2988 2988 2991 2990 2974 2999 2987 2990 2984 2989 2989 2992 2997 3002 2995 3033 3041 3063 3068 3073 3065 3068 3072 3072 3070 3073 3083 3079 3078 3071 3069 3066 3082 3089 3080 3087 3071 3078 3091 3092 3081 3080 3082 3080 3084 3082 3064 3046 3039 3029 3035 3018
2981 2982 3003 2989 2980 2985 2977 2989 2975 2990 2991 2994 2988 2993 3000 2975 2988 2990 2985 2987 2985 2998 2995 2995 3007 3007 2993 3017 3049 3044 3059 3071 3071 3066 3067 3067 3059 3063 3076 3077 3084 3084 3084 3076 3089 3080 3070 3083 3071 3086 3069 3082 3097 3083 3072 3081 3065 3076 3052 3041 3031 3035 3030 3014
2980 2986 3000 2998 2985 2976 2981 2975 2995 2986 2995 2988 3003 2993 2992 2998 2996 2993 2980 2991 2989 2997 2995 2988 2999 2992 2989 3001 3028 3030 3064 3052 3060 3067 3068 3061 3055 3073 3072 3080 3077 3083 3079 3084 3086 3081 3078 3085 3086 3089 3073 3080 3083 3099 3080 3067 3067 3067 3061 3043 3030 3031 3019 3014
2987 2991 2998 2990 2982 2971 2978 2962 2976 2985 2978 2982 2979 2991 2983 3003 2991 3001 2993 2981 2987 2975 2993 2977 2988 2990 2991 2994 3012 3024 3053 3055 3066 3077 3068 3080 3081 3077 3076 3077 3082 3082 3077 3078 3071 3078 3088 3082 3084 3078 3086 3070 3087 3086 3080 3071 3070 3074 3056 3043 3044 3046 3030 3012
2981 2992 3004 2984 2991 2976 2987 2974 2973 2974 2981 2991 2996 2981 2994 2994 3002 3001 2990 2987 2977 2975 2983 2991 2990 2996 2990 3011 3018 3015 3032 3057 3059 3069 3079 3083 3070 3074 3085 3075 3068 3071 3083 3096 3082 3088 3086 3083 3063 3076 3083 3063 3079 3092 3070 3064 3069 3067 3061 3052 3038 3044 3030 3003
2975 2983 2980 2978 2992 2982 2974 2986 2986 2989 2991 2972 2988 2984 2975 2992 2980 2999 2990 2981 2975 2983 2988 2993 2990 2989 2982 2996 3001 3018 3047 3047 3071 3075 3072 3067 3060 3072 3066 3074 3060 3072 3069 3092 3086 3100 3078 3062 3079 3071 3067 3071 3083 3094 3083 3066 3070 3067 3043 3039 3044 3029 3033 3022
2984 2972 2991 2979 2969 2988 2984 2994 2993 3000 2984 2977 2990 2975 2976 2992 2979 2991 2988 2989 2977 2985 2987 2990 3000 2982 2994 2997 2996 3019 3025 3047 3060 3082 3066 3063 3052 3041 3057 3063 3065 3064 3075 3084 3095 3086 3086 3078 3080 3069 3081 3065 3065 3069 3064 3059 3074 3061 3055 3051 3039 3031 3034 3019
2984 2984 2981 2993 2981 2985 2973 2985 2997 2993 2991 2980 2975 2994 2978 2977 2985 2991 2985 2995 2976 2993 3002 2996 3012 2998 2988 2982 2995 3005 3021 3030 3052 3064 3060 3066 3062 3070 3076 3083 3078 3081 3087 3084 3095 3093 3070 3083 3079 3080 3073 3079 3073 3065 3060 3082 3061 3050 3063 3047 3049 3032 3028 3018
2978 2973 2988 2990 2995 2981 2971 2976 2974 2986 2988 2988 2967 2973 2983 2978 2969 2976 3000 3000 2990 2985 3005 3013 3025 3008 2984 2990 2986 3005 3015 3030 3051 3051 3057 3053 3068 3056 3086 3098 3074 3075 3100 3095 3097 3084 3094 3095 3074 3078 3095 3097 3082 3072 3074 3063 3049 3054 3052 3055 3045 3035 3030 3011
2974 2986 2991 2989 2996 2986 3003 2986 2995 2986 2997 2991 2987 2990 2993 2997 2990 2994 2986 3003 3008 3006 3013 3006 3025 3020 3027 2994 2995 2998 3011 3032 3052 3058 3045 3059 3057 3073 3082 3074 3075 3077 3086 3098 3096 3087 3088 3089 3077 3075 3085 3095 3094 3062 3080 3070 3051 3038 3047 3051 3033 3040 3029 3021
2989 2974 2982 2993 3002 3003 3003 2996 3002 2998 2987 2996 3003 3011 3007 3006 3005 2997 3007 2998 3010 3020 3010 3010 3012 3028 3026 3037 3007 2997 3009 3021 3051 3059 3067 3071 3061 3072 3077 3078 3077 3083 3091 3100 3087 3096 3101 3083 3092 3106 3088 3086 3093 3093 3072 3045 3041 3044 3047 3049 3054 3050 3022 3019
2994 2983 2990 2999 2989 3002 3002 2990 2995 3002 2984 2991 2997 3004 2998 3021 3004 2990 3004 3008 3019 3022 3019 3025 3040 3042 3033 3042 3007 2999 3017 3038 3057 3062 3067 3084 3053 3066 3074 3078 3084 3075 3085 3084 3088 3098 3100 3096 3092 3091 3099 3086 3082 3066 3067 3043 3040 3030 3038 3051 3043 3039 3032 3025
2989 2992 2990 2975 2978 2993 2994 2999 2995 2994 2994 2998 3024 3006 3011 3013 3007 3006 2999 2992 3013 3007 3020 3025 3043 3056 3042 3042 3020 2991 3015 3047 3060 3078 3076 3069 3064 3060 3059 3075 3083 3069 3080 3087 3088 3096 3089 3106 3093 3098 3088 3084 3060 3068 3047 3049 3049 3043 3023 3035 3039 3024 3043 3044
3008 2982 2990 2995 2994 3000 3010 2998 2986 2996 2995 2999 3018 3007 2996 3006 3005 3006 3006 3007 3007 3018 3010 3030 3048 3044 3046 3033 3028 3024 3036 3058 3068 3086 3078 3083 3052 3075 3072 3095 3093 3085 3095 3103 3080 3085 3088 3100 3095 3100 3091 3076 3064 3038 3056 3069 3039 3021 3026 3039 3020 3026 3028 3051
2987 2999 3006 2990 2996 2994 2989 3002 2990 3001 2998 3018 3010 3009 2996 2995 3010 3003 3013 3010 3018 3007 3020 3023 3045 3059 3054 3050 3029 3033 3053 3059 3079 3080 3088 3086 3067 3067 3078 3082 3092 3100 3094 3102 3090 3087 3093 3097 3101 3101 3089 3076 3053 3045 3050 3050 3036 3014 3018 3026 3024 3033 3036 3047
2996 2997 2998 2999 2998 2997 2987 2994 3001 2991 2994 3012 3013 3014 3003 3000 2992 2997 3014 3004 3020 3024 3031 3036 3040 3060 3060 3055 3048 3045 3078 3070 3082 3075 3092 3092 3077 3086 3071 3074 3088 3085 3087 3071 3091 3098 3099 3106 3092 3081 3076 3059 3069 3067 3060 3047 3029 3022 3029 3040 3044 3051 3045 3046
2985 2979 2996 2992 2992 2985 2987 2996 3006 2993 2994 3003 3003 3014 3016 3030 3003 3007 3009 3016 3012 3033 3034 3053 3052 3046 3064 3073 3071 3060 3070 3066 3069 3082 3086 3094 3085 3080 3077 3069 3065 3071 3081 3083 3078 3090 3099 3095 3101 3083 3073 3068 3080 3065 3052 3053 3032 3035 3037 3063 3041 3033 3046 3038
