3079 3062 3033 3057 3056 3058 3049 3051 3046 3042 3054 3051 3028 3037 3036 3025 3035 3042 3043 3040 3040 3037 3028 3035 3020 3016 3039 3041 3033 3032 3016 3027 3024 3026 2995 3001 2997 3019 3012 3007 3003 3012 3007 3010 3010 3011 3005 2999 2987 3014 3016 3021 3012 3011 3016 3016 3007 3020 3012 2998 3015 3011 3003 3008
3069 3062 3061 3041 3043 3043 3053 3041 3050 3040 3042 3046 3034 3035 3051 3030 3034 3034 3031 3038 3029 3028 3031 3024 3017 3031 3002 3019 3021 3020 3026 3026 3027 3032 2998 3010 3004 3000 3009 3001 2990 3013 3014 3014 3016 3013 3014 3016 3017 3013 3032 3021 3009 3020 3013 3014 3001 3020 3010 2998 3008 3017 3001 2998
3051 3047 3047 3041 3036 3053 3057 3045 3042 3042 3039 3031 3044 3043 3034 3041 3034 3019 3014 3036 3032 3032 3016 3016 3025 3016 3009 3016 3014 3021 3011 3021 3009 3026 3005 3014 3014 3008 3000 3010 3009 2997 3017 2998 3018 3015 3020 3023 3031 3014 3022 3021 3016 3015 3012 3020 2993 2997 2997 3012 2998 3001 3013 2997
3044 3049 3040 3041 3041 3042 3054 3036 3035 3047 3027 3045 3032 3036 3029 3036 3027 3037 3025 3024 3024 3034 3034 3025 3022 3013 2998 3017 3008 3027 3017 3019 3030 3019 3008 3005 3002 3005 3016 3015 3008 3007 3011 3014 3019 3017 3017 3019 3022 3017 3027 3027 3019 3011 3009 3013 3014 3017 3012 3020 3013 3015 3001 2995
3043 3051 3040 3047 3032 3041 3034 3038 3032 3036 3033 3048 3045 3031 3050 3023 3023 3022 3022 3024 3020 3030 3014 3013 3008 3018 3010 3022 3014 3007 3017 3010 3014 3015 3015 3000 3005 3010 3013 3023 3008 3005 3004 3018 3021 3016 3005 3005 3023 3009 3032 3028 3022 3016 3024 3029 3025 3029 3027 3019 3020 3002 3008 2999
3047 3038 3040 3033 3036 3045 3028 3045 3033 3040 3033 3042 3047 3032 3028 3029 3023 3025 3027 3029 3027 3025 3022 3019 3027 3014 3018 3024 3022 3015 2995 3018 3013 3000 3005 3008 3006 3021 3008 3011 3005 3013 3006 3023 3012 3003 3007 3013 3007 3013 3010 2994 3005 3004 3019 3019 3009 3016 3008 3010 3015 3004 3014 3014
3065 3047 3041 3035 3034 3023 3028 3045 3031 3033 3044 3039 3030 3028 3015 3021 3037 3031 3033 3035 3026 3009 3018 2999 3019 3022 3028 3019 3012 3009 3012 3009 3012 3017 3011 3006 3010 3003 3005 3002 3004 3014 3019 3012 2995 3017 3001 2998 3002 3028 3005 2986 3013 3004 3023 3009 3005 3002 2995 2994 3007 3016 3019 3021
3035 3024 3005 3004 3002 3007 3003 3013 3002 3005 3001 3016 3011 3009 3007 3004 3016 3008 3033 3021 3007 3010 2995 2989 2998 3019 3004 3017 2998 3005 3006 3004 3004 3008 3008 2991 2995 3007 2989 2994 3006 2997 2998 3027 3006 3008 2992 2995 2992 3005 3001 2987 2994 3010 3001 3000 2997 3004 2999 3006 3010 3008 3013 3013
2985 2984 2983 2977 2990 2999 2980 2994 2982 2974 2976 2988 2985 3001 3001 2999 2993 3004 3000 2998 3007 3001 2985 2984 2992 2985 2985 3000 2990 2999 2984 2984 2997 2996 3000 2994 2995 2975 2982 2993 3001 2998 3007 3010 3000 2998 3001 2996 2977 2987 2987 2998 2998 3007 2990 2987 3000 3021 3003 2995 3005 3007 3000 3000
2974 2982 2974 2984 2979 2974 2986 2971 2976 2979 2984 2979 2988 2988 3001 2980 2984 2989 2998 2988 2999 2990 2999 2981 2989 3010 2995 2995 2993 3002 2979 2986 3004 3002 2999 3002 2987 2996 3000 2996 3002 2999 2999 3005 2995 3004 3009 2995 3004 3006 2997 3009 3006 2989 3005 2978 2995 2999 2988 2995 2995 2998 2991 3000
2987 2986 2991 2976 2983 2979 2985 2984 2984 2986 2973 2981 2983 2986 2983 2985 2981 2983 2997 2980 2972 2985 2992 2985 2979 2989 3003 2998 2989 2987 2980 2994 2990 3001 2999 2999 2996 2995 2990 3008 3004 2994 2991 3003 3004 2995 2985 3006 3013 2999 3004 2999 3001 2993 2992 2999 2987 2997 2988 3010 3003 2989 2990 3005
2990 2982 2970 2976 2990 2989 2985 2984 2986 2992 2969 2988 2990 2984 2978 2975 2970 2975 2992 2993 2992 2996 2993 2989 2991 3000 3013 2997 3004 2991 2999 2995 3000 2996 2988 3003 3004 3005 3008 3011 3000 3020 2997 2986 3000 3010 3013 3004 2993 3002 2990 3013 2993 2997 3008 2999 2995 2986 3011 3005 3001 3000 2999 2992
2970 2985 2975 2991 2986 3002 3004 3005 2978 2985 2969 2987 2994 2982 2992 2987 2977 2986 2998 2994 2995 2981 2983 2988 3001 3003 3006 3000 2995 2998 3011 3004 2995 2977 2999 3010 3011 3017 3025 3016 2995 2998 2994 2999 2998 3003 3003 3004 3000 3001 3005 2986 2993 3009 3013 2994 2996 2992 3015 3004 3004 3002 2988 2987
2967 2981 2979 2984 2994 3003 2999 2992 2994 2976 2982 2985 3001 2990 2980 2975 2985 2997 3000 3001 2987 2984 2997 3008 3002 2999 2992 2998 3007 3001 3003 3000 3007 2981 3011 3003 3016 3024 3016 2996 3004 2997 3007 3005 3012 3013 3004 3003 3010 3006 2999 3000 3002 2997 3009 3006 3001 3003 3005 3008 2999 2992 2995 2990
2989 2985 2983 2989 2994 3001 2999 2991 2988 2983 2987 2985 2999 2997 2988 2994 2991 2987 3003 3002 2988 2992 2991 3012 3009 3012 3011 3020 2996 2992 2994 2994 2990 2998 3011 2995 3012 3007 2998 3003 3001 2997 2998 3007 3015 3004 3011 3016 3005 3004 3013 3011 2998 3002 3009 3000 2996 3016 3001 3000 2997 2990 2992 3008
2995 2987 2981 2979 2992 3002 2990 2986 2989 2998 2996 2991 2996 2997 2990 2989 2995 3002 2999 2992 2997 2995 3002 3014 3003 2991 2997 3005 2999 2985 2993 2991 2991 2997 2992 2993 3017 3001 3004 2993 3015 3003 3022 3005 3018 3011 3015 3002 2996 2996 3000 3013 3004 3008 3003 2996 3007 3020 3011 3004 2993 2983 2994 2994
3008 2989 3002 3013 2998 3006 3011 3016 3002 3012 2996 3007 2995 3010 3005 3006 2995 3008 3000 2992 3000 2997 3011 3004 3003 3006 2995 3002 2999 3004 2991 3006 3001 2986 2993 2983 2992 3007 2995 2992 2998 2998 2997 3004 3006 2996 2995 2992 3003 3004 3012 3000 3011 3002 3014 3008 3014 3008 2994 3021 3009 2997 2986 3006
3017 3003 3008 3005 3002 3005 3020 3007 3008 3006 2997 2993 3012 3013 2996 3010 3004 3003 2997 3011 2999 2998 3001 2990 3007 2998 2990 2991 3006 3004 2999 3000 3002 2996 2986 3003 3000 2994 2992 3007 3006 3016 3017 3012 3013 3016 3003 2995 3001 3006 3003 3016 3013 3006 3003 3002 2994 3002 3011 2990 2991 2994 3001 2998
3012 3012 2993 2996 3005 2998 3008 3005 3012 3015 3018 3006 3017 3011 3004 3013 3021 3020 2999 3002 2988 3012 2997 2995 3002 3002 3007 3000 3001 2999 3007 2993 2990 2996 3005 2990 2988 3009 2999 2998 3018 3016 3008 3004 2998 2995 3018 2996 3007 3001 3006 3034 3023 3020 3006 3000 2997 3008 2993 3002 3004 3004 3005 2999
3010 2998 3001 3007 2989 2997 3000 2999 3021 3023 2996 3022 3003 3011 3006 3004 3009 2998 3007 3005 3010 2999 3006 2988 3006 3003 2999 3001 2996 3008 3015 3009 3000 3007 3011 2995 3008 3005 3009 3003 3007 3024 3012 3015 3018 3009 3012 3014 3005 3015 3012 3031 3019 3014 3007 2994 3010 3006 3007 3002 3010 2991 2994 3006
3019 3005 3014 3000 3009 3006 3021 3013 3005 3002 2997 2999 3005 3014 3017 3010 3000 2994 2991 2982 3006 3011 2995 3005 3000 3009 3013 3001 3003 3019 3014 3012 3003 3016 3006 3005 3004 3023 3009 3019 3018 3013 3016 3025 3022 3017 3020 3013 3022 3028 3027 3036 3028 3033 3005 3013 3016 3016 3023 3014 3010 3003 2992 3005
3018 3019 3003 3022 3026 3013 3028 3023 3023 3005 3010 3014 3015 3020 3033 3022 3007 2996 3008 3013 3016 3013 3009 3005 3008 3003 3021 3012 3002 3022 3021 3015 3017 3002 3016 3012 3007 3016 3029 3028 3011 3023 3015 3032 3030 3026 3025 3018 3021 3030 3029 3031 3027 3031 3032 3031 3021 3023 3018 3029 3011 3002 2999 3011
3021 3032 3031 3022 3033 3026 3033 3024 3021 3013 3021 3028 3030 3043 3032 3039 3019 3037 3022 3023 3026 3036 3029 3021 3033 3028 3015 3033 3038 3026 3028 3039 3029 3022 3024 3014 3017 3013 3013 3014 3016 3024 3027 3033 3026 3020 3024 3036 3043 3030 3028 3033 3040 3048 3045 3045 3053 3016 3027 3021 3000 2989 3021 3011
3016 3018 3019 3024 3018 3021 3026 3021 3024 3024 3018 3023 3015 3025 3020 3032 3035 3023 3016 3032 3024 3025 3032 3025 3016 3010 3031 3028 3021 3020 3023 3020 3027 3022 3012 3010 3021 3024 3013 3018 3014 3019 3036 3038 3020 3033 3033 3034 3033 3044 3038 3040 3036 3037 3037 3034 3042 3030 3015 3010 2999 2999 3015 3015
2995 2998 3009 3013 3013 3010 3010 3004 3015 3010 2990 3012 3010 3007 3009 3016 3023 3003 2998 2994 3013 3004 2997 3015 3013 3008 3009 2997 3001 3003 3002 3001 3008 3014 3018 3022 3027 3018 3011 3015 3031 3032 3028 3038 3037 3025 3017 3031 3040 3031 3052 3064 3037 3045 3037 3030 3030 3027 3022 3014 3008 3004 3024 3025
3002 2999 3011 3003 3016 3008 3013 3001 3001 3005 3010 2997 3015 3001 2999 3001 3008 3001 3004 3003 3009 3003 2998 3003 3009 3003 2995 2974 3009 3010 2992 3014 3002 3010 3013 3011 3013 3023 3020 3024 3024 3014 3029 3029 3026 3035 3039 3046 3040 3055 3055 3039 3048 3046 3040 3033 3040 3036 3029 3022 3022 3013 3017 3018
2999 3004 3002 3004 3006 3000 3010 3002 3007 2997 3002 3005 3009 3002 2991 3001 3017 3006 3014 2999 2997 3006 2997 2990 3002 3004 2985 2994 2991 3000 3014 2990 3010 3011 3025 3027 3024 3016 3030 3030 3032 3029 3028 3020 3035 3027 3037 3036 3043 3045 3044 3035 3050 3037 3047 3035 3046 3042 3052 3029 3018 3008 3019 3009
2993 2996 2990 3005 3013 3016 2992 3004 3006 3001 2989 3004 3005 3012 2998 3007 3019 3010 3002 3002 3001 2986 3002 3010 3001 2995 2990 2989 3018 3007 3001 3007 3027 3009 3038 3035 3053 3035 3023 3030 3025 3027 3036 3032 3039 3041 3028 3040 3031 3049 3047 3051 3055 3059 3054 3029 3034 3040 3029 3043 3025 3014 3033 3018
3001 2993 3003 3005 3014 2994 2993 2987 3000 2992 2991 3004 3000 3012 3012 3011 3005 3006 2996 3001 2989 3003 3001 3005 3004 2999 2997 3004 3005 3002 3003 3004 3013 3026 3035 3032 3031 3034 3025 3020 3025 3025 3021 3030 3035 3033 3043 3030 3039 3038 3043 3047 3059 3069 3050 3042 3054 3054 3043 3025 3021 3021 3016 3031
2997 3007 3002 3013 3014 3015 2996 2983 3002 2995 2995 3009 2997 3010 3006 3011 3010 3010 2996 2990 2991 3002 2999 3008 3011 3013 2996 2997 3007 3010 3010 3005 3005 3022 3022 3037 3047 3025 3034 3024 3028 3039 3024 3038 3046 3023 3050 3032 3028 3056 3040 3050 3059 3090 3065 3065 3060 3054 3053 3041 3032 3036 3040 3028
3008 3010 2997 3015 3009 3015 3007 2981 3000 2990 2989 3002 3007 2996 3003 2999 2999 3002 2994 3002 2996 3001 3002 2996 3007 3015 2994 3017 3011 3002 3001 3014 3012 3021 3035 3033 3041 3034 3028 3035 3030 3028 3035 3046 3029 3047 3046 3037 3039 3048 3056 3066 3079 3092 3085 3083 3076 3072 3058 3038 3041 3044 3036 3025
3008 3006 3001 3011 3014 3010 2990 2995 2990 2979 2989 3004 2985 3000 3007 2998 2989 2999 3003 2992 2992 3007 3002 3005 3010 2998 3012 3003 3000 3006 2995 3018 3017 3040 3017 3035 3035 3024 3027 3046 3042 3035 3040 3036 3049 3039 3035 3045 3052 3044 3061 3067 3097 3092 3090 3087 3084 3090 3064 3053 3033 3039 3035 3033
3004 3015 3008 3002 3009 3000 2993 2994 2998 2991 2990 2984 2989 3005 3002 3002 2991 3000 2991 3008 2992 3003 3011 3010 2994 2992 2996 3003 3001 3018 3006 3011 3035 3042 3040 3035 3038 3027 3041 3032 3036 3040 3035 3031 3046 3040 3047 3049 3065 3056 3078 3074 3083 3104 3090 3090 3096 3079 3069 3052 3049 3031 3032 3032
3015 3022 3007 3002 3028 3004 3002 2996 3007 3000 2995 2999 3002 3003 3007 3006 3009 3004 3008 2999 3015 3012 3009 3009 3000 3018 2993 3014 3008 3019 3012 3014 3031 3038 3035 3034 3046 3034 3040 3034 3040 3051 3040 3041 3046 3054 3064 3056 3057 3073 3071 3084 3094 3104 3098 3094 3104 3086 3085 3047 3047 3036 3044 3035
3021 3013 3011 3015 3022 3031 3031 3013 3018 3028 3012 3010 3005 3006 3013 3018 3012 3011 3012 3008 3016 3021 3025 3017 3003 3013 3013 3004 3006 3020 3029 3022 3041 3050 3039 3046 3040 3025 3044 3038 3039 3049 3044 3064 3044 3059 3069 3067 3094 3072 3082 3090 3092 3090 3082 3076 3090 3088 3074 3062 3048 3038 3051 3032
3028 3025 3026 3035 3029 3016 3019 3023 3030 3026 3011 3010 3016 3012 3007 3013 3020 3023 3017 3014 3021 3004 3019 3021 3009 3017 3013 3020 3018 3009 3025 3030 3031 3040 3039 3050 3034 3040 3040 3052 3058 3063 3047 3050 3062 3062 3081 3080 3080 3092 3104 3098 3096 3084 3090 3104 3084 3088 3065 3052 3045 3052 3044 3034
3005 3012 3022 3002 3018 3016 2997 3014 3003 3007 3014 3018 3006 3012 3010 3009 2999 3021 3016 3018 3018 2992 3009 3002 3013 3017 3017 3009 2998 3007 3006 3014 3028 3031 3054 3051 3056 3054 3052 3058 3068 3068 3075 3070 3069 3093 3087 3100 3092 3092 3087 3104 3102 3087 3095 3108 3095 3085 3069 3048 3054 3057 3037 3036
2995 3011 3001 3002 3008 2999 3004 2991 2990 3001 3001 3008 2997 2991 3008 2995 2996 3010 3015 3007 3007 3008 2999 3011 3002 3015 3001 3008 3000 3024 3001 3013 3030 3041 3036 3058 3057 3060 3066 3060 3062 3064 3082 3092 3085 3085 3090 3098 3087 3087 3100 3100 3104 3107 3101 3101 3096 3085 3075 3043 3046 3044 3053 3018
3011 3009 2996 3005 3013 3000 3009 3000 3005 3014 3019 2998 2989 3002 2996 2999 2997 3004 3021 3010 3006 2997 3004 3014 3005 3011 3010 3010 3006 2990 3006 3015 3018 3049 3047 3060 3066 3060 3065 3079 3071 3086 3077 3078 3079 3080 3084 3101 3097 3089 3083 3088 3096 3102 3097 3104 3102 3078 3070 3070 3056 3051 3053 3028
3008 3015 3002 3016 2990 2989 3013 2999 3002 3010 3015 3005 2998 2991 3010 3000 2995 2982 3012 3021 3008 3003 2989 2977 2996 3001 3004 2992 2991 2998 3003 3008 3032 3048 3047 3070 3079 3067 3082 3082 3084 3086 3101 3093 3084 3077 3087 3091 3091 3097 3086 3102 3115 3103 3112 3099 3089 3085 3080 3076 3057 3052 3040 3043
3005 2995 2995 2995 3006 3011 3005 3004 2999 3002 3011 3010 3000 2999 3006 3004 2993 2998 2999 3013 3001 3004 3006 3003 3005 3010 3001 3008 2987 2996 3015 3026 3036 3040 3062 3059 3087 3080 3075 3085 3097 3089 3094 3092 3089 3074 3083 3095 3087 3088 3094 3094 3111 3113 3094 3098 3092 3093 3088 3075 3066 3039 3040 3040
2999 3003 2996 2999 2994 3002 3005 3006 3002 3009 3010 3002 2991 3006 3002 2998 3003 3006 3001 2998 2995 3003 2992 3006 3000 3005 2999 3000 2990 3005 3014 3012 3034 3046 3064 3067 3087 3088 3096 3086 3092 3094 3095 3082 3085 3093 3090 3097 3091 3086 3094 3090 3098 3091 3094 3102 3078 3089 3072 3074 3068 3037 3041 3031
2994 2997 2983 2987 2999 3004 3000 3006 3013 3005 3010 2999 3010 3012 2998 3000 3002 2989 3009 3003 2986 3006 2999 3006 3009 3002 3007 3005 2989 2995 2999 3012 3031 3046 3064 3076 3082 3087 3091 3079 3091 3096 3094 3092 3091 3089 3088 3096 3090 3097 3094 3094 3097 3087 3077 3087 3075 3087 3089 3068 3057 3039 3042 3024
2996 2997 2991 3005 2998 3013 3004 3003 3001 3008 2990 3000 3007 3009 3017 3004 3007 3001 2998 3002 3002 2988 2998 2997 2991 3001 3004 3007 2999 2995 3001 3011 3027 3046 3069 3070 3075 3074 3093 3078 3091 3089 3086 3089 3081 3085 3097 3092 3094 3090 3100 3096 3076 3101 3080 3080 3086 3092 3085 3060 3060 3048 3047 3028
2996 2999 2997 3005 3008 3002 3005 3006 3018 3006 2988 2992 3002 2998 3010 3009 3003 3011 3014 3006 3003 2998 2984 2999 2997 3006 3017 3007 3005 3002 2991 3006 3027 3037 3066 3079 3083 3087 3097 3087 3087 3077 3081 3079 3084 3093 3091 3087 3088 3087 3084 3100 3103 3094 3089 3098 3100 3090 3083 3065 3045 3049 3030 3020
3006 2994 3011 3007 3007 3005 3001 3013 3013 3000 2983 2984 3006 2998 3004 3012 2998 3015 3010 3004 2998 2996 3012 2992 3014 3018 3007 3009 3007 2998 3022 3022 3026 3042 3067 3073 3080 3101 3092 3096 3067 3083 3081 3077 3070 3098 3084 3081 3089 3088 3096 3087 3092 3102 3086 3089 3078 3087 3077 3073 3049 3031 3039 3037
3000 3004 3004 3004 3011 3011 3011 3002 3002 3002 3008 3013 3001 3010 2984 3001 2998 2997 3003 3003 3005 2995 3009 3002 3020 3002 3000 3002 3009 3013 3006 3007 3017 3039 3051 3073 3081 3082 3089 3090 3079 3071 3085 3081 3083 3074 3074 3094 3091 3098 3094 3098 3092 3092 3101 3098 3089 3087 3064 3064 3040 3031 3032 3032
2994 3000 3001 3004 3000 3014 3010 2994 3006 3003 3008 3000 3000 3015 3012 2984 2983 2989 2999 3011 3000 3000 3005 2989 3013 3005 3010 3019 3008 3014 3018 3005 3015 3031 3058 3071 3076 3076 3089 3089 3074 3079 3082 3090 3082 3077 3080 3093 3089 3091 3094 3111 3092 3089 3106 3099 3083 3071 3058 3060 3042 3030 3017 3036
2999 3006 3009 2996 2994 2997 2999 2997 3006 3000 2997 3006 3005 3011 2998 2991 2999 2996 2996 2992 3004 2989 2988 2987 2999 3013 3016 3004 3000 2997 3009 3021 3014 3013 3029 3057 3072 3079 3073 3084 3074 3078 3073 3084 3074 3098 3101 3076 3097 3088 3074 3090 3075 3082 3084 3099 3089 3075 3079 3061 3046 3037 3027 3022
2995 2997 2995 2994 2989 2986 2989 2995 3005 3009 2980 2990 3003 2994 2992 3005 3007 3006 2989 2987 3000 2979 2983 2978 2998 3004 3009 3005 3003 3001 2999 3000 3007 3016 3028 3027 3057 3086 3082 3081 3080 3074 3067 3089 3078 3086 3088 3087 3097 3100 3091 3098 3092 3081 3085 3091 3078 3076 3063 3052 3037 3025 3030 3042
2996 2991 3007 3007 2993 3010 2997 2996 3001 3000 2992 2989 3004 3004 2990 3006 3014 3010 3006 2992 2975 2996 2992 3005 3002 3000 3019 2998 2987 3001 2998 3015 3000 3020 3025 3045 3057 3076 3080 3066 3077 3080 3076 3062 3074 3083 3084 3088 3077 3079 3089 3090 3098 3089 3099 3082 3084 3068 3066 3049 3045 3037 3025 3028
2988 2998 3006 3004 2992 2999 3007 3011 3000 3005 3005 3007 2988 2995 2982 3006 3013 3009 3015 3014 2993 2996 2998 3009 2993 2999 3013 3005 2998 3000 3016 3008 3008 3011 3023 3042 3065 3077 3079 3079 3079 3081 3080 3070 3089 3091 3083 3083 3091 3078 3083 3089 3091 3083 3079 3076 3073 3063 3065 3053 3033 3023 3021 3035
3000 2988 3003 2998 2997 3002 3001 3001 2987 3001 2999 2988 2993 2998 3000 3002 3007 3005 2993 2998 3003 2995 3011 3006 3013 2999 3005 3018 3008 3010 3001 3010 2998 3010 3021 3028 3072 3076 3076 3066 3079 3081 3087 3085 3083 3080 3076 3086 3090 3092 3098 3093 3082 3094 3083 3080 3066 3063 3057 3043 3043 3042 3026 3035
3005 2993 3016 2992 2998 2989 2986 2992 2989 2978 3005 2991 2994 2997 2998 2997 3000 3009 3006 3005 2999 2994 2992 2985 3003 2999 2989 3005 3013 3018 3014 3004 3001 2996 3017 3038 3059 3067 3077 3070 3080 3084 3096 3072 3073 3082 3092 3077 3099 3098 3106 3088 3082 3095 3090 3088 3061 3059 3061 3058 3036 3033 3036 3021
3001 3012 2990 3005 2994 3006 2999 2985 2990 2994 2995 2983 2998 3000 2984 2986 2992 2999 3000 3006 3008 2993 2997 3002 3009 3022 3009 3025 3018 3011 3009 3014 2996 3008 3028 3031 3056 3076 3081 3058 3070 3079 3080 3082 3080 3072 3086 3096 3093 3107 3101 3092 3094 3088 3079 3073 3061 3057 3056 3036 3049 3023 3037 3018
2998 3016 2994 3002 2996 2986 2988 2989 2981 2980 2983 2990 2991 2991 2986 2975 2995 2995 3011 3012 3015 3008 2990 2999 3026 3037 3018 3014 2991 3012 3008 3013 3014 3009 3035 3051 3072 3055 3086 3081 3070 3079 3092 3078 3094 3100 3082 3088 3091 3109 3107 3101 3099 3095 3070 3068 3050 3048 3057 3058 3037 3042 3041 3036
3008 3010 3007 3009 3004 3015 2995 2994 2994 2994 2985 3002 3002 2985 3002 2997 3002 2997 3006 3002 2994 3007 2998 3015 3025 3023 3018 3027 3020 3019 3014 3016 3015 3015 3044 3064 3065 3082 3082 3083 3084 3087 3089 3075 3100 3103 3092 3097 3103 3103 3105 3107 3090 3099 3074 3070 3045 3061 3064 3065 3048 3042 3052 3039
3023 3028 3009 3011 3012 2999 3001 2998 3004 3003 3000 2990 3006 2988 3009 3014 3012 3015 2997 2999 3006 3001 3017 3026 3021 3038 3032 3032 3055 3039 3024 3022 3019 3031 3043 3054 3085 3081 3093 3094 3093 3094 3099 3089 3087 3088 3088 3097 3097 3112 3108 3091 3092 3090 3074 3061 3052 3059 3061 3063 3057 3060 3053 3028
3010 3007 3010 3007 3017 3017 2999 2992 3002 3010 3005 3015 3004 2999 2999 3002 3009 3017 3006 3001 3014 3015 3019 3011 3023 3025 3032 3044 3060 3049 3043 3027 3023 3056 3065 3077 3071 3083 3079 3077 3072 3089 3087 3107 3099 3111 3099 3099 3097 3086 3084 3099 3083 3075 3077 3037 3056 3058 3059 3045 3063 3058 3045 3038
3011 3008 2995 2998 2994 3009 2999 2989 2998 2998 3026 3019 3013 3010 3000 3014 3030 3011 3014 3005 3017 3010 3028 3009 3025 3043 3047 3049 3050 3037 3031 3036 3020 3032 3070 3076 3101 3080 3072 3089 3097 3089 3099 3089 3090 3107 3100 3089 3090 3077 3073 3081 3074 3062 3052 3056 3060 3049 3054 3048 3053 3051 3043 3033
3013 3011 3008 3015 3007 2997 2992 3002 3010 3012 3016 3005 3009 3010 2999 3015 3019 3016 3019 3006 3014 3013 3018 3035 3027 3050 3031 3046 3044 3036 3021 3021 3028 3042 3077 3081 3095 3086 3093 3098 3092 3095 3097 3097 3100 3102 3095 3093 3093 3072 3077 3060 3070 3078 3048 3042 3056 3043 3056 3050 3059 3056 3039 3030
3016 3000 2998 3004 3012 3013 3001 3013 3006 3006 2994 3003 3028 3013 3012 3020 3016 3008 3010 3022 3021 3020 3025 3033 3032 3047 3039 3047 3045 3045 3036 3035 3042 3049 3064 3089 3091 3092 3087 3100 3102 3087 3092 3103 3091 3102 3100 3107 3100 3086 3083 3062 3063 3070 3058 3043 3059 3035 3052 3062 3053 3049 3036 3030
3027 3012 2996 3009 3001 3012 3016 3004 3000 2995 3011 3020 3006 3015 3012 3004 3006 2998 3014 3005 3007 3009 3021 3028 3039 3028 3047 3056 3053 3047 3036 3055 3053 3060 3072 3085 3079 3098 3095 3101 3087 3092 3104 3109 3097 3103 3093 3116 3107 3088 3074 3071 3072 3073 3066 3060 3052 3046 3055 3046 3041 3045 3040 3059
3019 3011 3002 3009 3013 3018 3028 3004 3000 3019 3016 3021 3004 3017 3022 3013 3005 3008 3011 3015 3009 3025 3038 3048 3045 3051 3053 3059 3044 3035 3065 3055 3069 3067 3065 3061 3074 3078 3092 3093 3096 3090 3096 3101 3091 3087 3107 3097 3101 3108 3090 3086 3086 3087 3068 3051 3065 3063 3057 3046 3066 3046 3058 3060
