3071 3055 3058 3051 3054 3053 3070 3063 3052 3060 3066 3065 3047 3045 3047 3059 3038 3043 3033 3045 3054 3041 3042 3044 3060 3041 3031 3037 3038 3043 3035 3028 3036 3025 3021 3024 3032 3018 3019 3003 3022 3026 3022 3011 2997 3014 3018 3028 3013 3025 3015 3007 3010 3020 3015 3001 3012 3000 3010 3020 3022 2998 3005 3023
3067 3064 3066 3046 3053 3051 3054 3050 3040 3055 3056 3057 3055 3035 3057 3045 3050 3049 3039 3053 3037 3032 3032 3028 3053 3029 3036 3042 3045 3039 3042 3036 3030 3024 3028 3017 3033 3031 3019 3017 3023 3016 3026 3031 3010 3009 3011 3009 3020 3020 3012 3027 3016 3015 3002 3019 3009 3011 3018 3018 3010 3003 3001 3021
3076 3067 3071 3056 3060 3050 3045 3044 3055 3049 3043 3037 3034 3035 3039 3055 3058 3051 3041 3044 3028 3035 3033 3046 3048 3036 3036 3038 3034 3042 3032 3031 3022 3023 3031 3025 3041 3030 3023 3029 3015 3030 3019 3021 3017 3024 3010 3018 3018 3028 3029 3026 3016 3011 3006 2994 3020 3026 3011 3001 3001 2996 3004 3013
3054 3072 3065 3057 3054 3059 3052 3041 3051 3050 3047 3051 3038 3047 3047 3051 3055 3056 3037 3027 3027 3043 3027 3040 3054 3051 3043 3047 3034 3033 3039 3045 3035 3019 3035 3030 3029 3009 3016 3034 3031 3011 3026 3028 3018 3012 3018 3025 3023 3018 3012 3023 3013 3010 3008 3001 3011 3015 3009 3004 3000 2990 3006 3014
3045 3060 3051 3063 3054 3036 3050 3055 3047 3048 3065 3047 3053 3043 3040 3039 3056 3034 3034 3028 3020 3029 3045 3042 3034 3051 3040 3040 3029 3042 3054 3046 3038 3043 3028 3033 3036 3012 3033 3020 3028 3021 3022 3018 3020 3011 3022 3024 3018 3013 3012 3024 3024 3017 3016 3005 3005 3013 3011 3016 3010 2995 2989 3011
3054 3056 3070 3059 3051 3041 3051 3045 3045 3058 3047 3055 3037 3051 3040 3045 3054 3051 3035 3036 3033 3025 3035 3049 3042 3038 3042 3039 3043 3037 3049 3056 3043 3028 3035 3024 3020 3023 3029 3019 3016 3010 3014 3014 3026 3004 3024 3019 3020 2998 3027 3024 3016 3010 3018 3006 3010 2999 3009 3019 3000 3017 3022 3013
3065 3055 3059 3052 3037 3036 3048 3043 3050 3040 3050 3042 3050 3046 3048 3046 3054 3054 3034 3041 3044 3042 3044 3045 3058 3048 3053 3044 3058 3048 3065 3039 3046 3044 3033 3036 3038 3035 3030 3020 3026 3016 3008 3015 3020 3017 3008 3014 3017 3024 3017 3024 3010 3018 2993 3001 3009 2998 3016 3033 3022 3027 3017 3020
3025 3029 3020 3010 3012 3011 3017 3015 3016 3014 3017 3035 3006 3029 3038 3022 3037 3023 3044 3031 3022 3018 3026 3037 3045 3054 3042 3038 3058 3056 3044 3040 3052 3039 3022 3044 3032 3028 3017 3018 3022 3014 3028 3021 3027 3016 3028 3012 3003 3012 3017 3014 3009 3014 3028 3019 3021 3021 3000 3017 3031 3018 3011 3013
2987 2989 2978 2988 2999 2982 2987 2990 2992 3004 2993 3012 3018 3019 3015 3025 3016 3016 3011 3025 3011 3014 3031 3044 3044 3053 3050 3048 3039 3048 3052 3044 3044 3031 3029 3027 3026 3019 3024 3025 3020 3012 3017 3024 3036 3022 3020 3021 3010 3028 3011 3020 3022 3024 3011 3028 3007 3010 3015 3020 3010 3019 3031 3035
2984 2986 2985 2989 2988 2997 2994 3003 2983 3000 3002 3005 3007 2997 3007 3019 3008 3030 3030 3028 3021 3021 3032 3038 3047 3052 3050 3057 3047 3067 3049 3053 3057 3032 3028 3038 3020 3038 3031 3035 3017 3017 3041 3029 3031 3020 3026 3014 3010 3017 3016 3023 3019 3021 3018 3016 3012 2998 3006 3012 3024 3023 3019 3035
3011 2994 2994 2995 2987 2994 3010 3002 3006 3001 3030 3015 3023 3019 2996 3015 3027 3021 3022 3042 3028 3033 3031 3042 3048 3057 3055 3043 3046 3043 3053 3057 3052 3047 3050 3036 3029 3027 3020 3025 3026 3020 3010 3020 3028 3020 3019 3021 3005 3011 3016 3007 3011 3010 3015 3005 3012 3029 3033 3025 3016 3019 3022 3016
2993 2985 2981 2994 2990 2994 2991 2996 2996 3015 3020 3012 3011 3014 2999 3034 3028 3033 3029 3024 3041 3048 3048 3050 3059 3063 3070 3066 3052 3034 3059 3052 3041 3041 3052 3044 3033 3029 3025 3029 3025 3018 3015 3024 2999 3011 3016 3019 3018 3005 3015 3012 3006 3010 3000 2998 2999 3022 3030 3036 3028 3035 3029 3025
2972 2978 2984 2989 2978 2986 2976 2993 2999 3007 3008 3017 3026 3003 3025 3040 3032 3023 3023 3027 3029 3049 3050 3059 3071 3073 3082 3065 3068 3046 3053 3056 3042 3044 3053 3050 3037 3029 3036 3023 3026 3024 3028 3028 3017 3013 3019 3019 3015 3006 3018 3021 3020 3014 3012 3007 3002 3006 3022 3040 3040 3039 3029 3033
2984 2986 2983 3005 2989 2987 2992 2989 2984 3008 3017 3012 3015 3021 3016 3027 3029 3039 3033 3033 3036 3039 3046 3061 3055 3065 3068 3046 3060 3049 3059 3055 3050 3054 3055 3049 3055 3032 3033 3033 3030 3033 3039 3020 3011 3003 3028 3018 2997 3011 3022 2997 3014 3011 3017 3002 3011 3027 3030 3043 3041 3038 3026 3028
2979 2991 2992 2993 2984 2998 2995 2986 2988 3000 3011 2999 3022 3015 3000 3022 3037 3027 3049 3032 3029 3046 3051 3058 3051 3057 3051 3062 3065 3064 3063 3069 3066 3066 3068 3050 3046 3037 3039 3032 3043 3039 3039 3020 3023 3000 2999 3017 3012 3017 3002 3010 3007 3000 3005 2999 3008 3009 3024 3034 3026 3027 3020 3021
2986 2989 2985 2987 3014 2998 3013 3005 3013 3013 3026 3017 3015 3016 3012 3016 3033 3022 3047 3040 3052 3058 3038 3050 3047 3047 3064 3064 3073 3063 3079 3088 3077 3079 3085 3083 3068 3051 3045 3039 3021 3035 3032 3018 3015 3003 3002 3005 3013 3010 3010 3009 2998 3007 3007 3007 3007 3008 3025 3032 3034 3036 3028 3010
3003 3012 2996 3000 3015 3012 3019 3014 3011 3013 3027 3023 3020 3013 3032 3047 3033 3042 3046 3049 3064 3064 3051 3056 3065 3071 3072 3070 3078 3079 3075 3082 3088 3093 3093 3095 3078 3066 3053 3036 3028 3041 3031 3024 3010 3003 3018 3002 3003 2996 2999 3004 3010 3023 3021 3019 3013 3013 3007 3019 3035 3038 3027 3026
3008 3001 2991 2994 3001 3008 3008 3005 3014 3019 3029 3023 3021 3017 3040 3037 3038 3040 3033 3046 3055 3064 3061 3052 3057 3062 3075 3088 3079 3090 3092 3110 3101 3102 3100 3099 3089 3075 3054 3037 3024 3044 3032 3048 3010 3007 3013 3018 2992 3001 3002 2994 3015 3019 3015 3014 3017 3026 3020 3010 3026 3031 3034 3026
3001 3009 2997 3005 3011 2999 3005 3001 3008 3023 3037 3017 3030 3036 3037 3025 3038 3034 3056 3070 3039 3057 3067 3064 3064 3066 3093 3080 3087 3077 3090 3087 3106 3092 3092 3099 3085 3078 3063 3043 3038 3045 3039 3050 3026 3030 3020 2997 2995 3006 2999 3002 2994 3003 3010 3018 3013 3016 3023 3017 3027 3028 3030 3025
3013 3009 3018 3009 3006 3010 3001 2997 3013 3033 3040 3022 3033 3022 3032 3052 3046 3048 3046 3043 3044 3046 3063 3063 3060 3062 3090 3078 3077 3067 3099 3083 3100 3093 3106 3098 3094 3098 3069 3051 3054 3031 3047 3046 3041 3028 3008 2998 2995 3011 2997 3012 3014 3017 3032 3023 3017 3005 3026 3023 3033 3021 3029 3029
3017 3030 3016 3014 3036 3023 3016 3018 3023 3026 3019 3027 3031 3019 3022 3039 3055 3057 3057 3049 3052 3054 3049 3050 3054 3058 3068 3088 3093 3100 3102 3101 3102 3107 3096 3106 3091 3089 3075 3061 3061 3064 3055 3036 3037 3025 3003 3002 2984 2993 3001 3002 3017 3013 3021 3025 3018 3019 3020 3025 3035 3024 3024 3030
3019 3017 3026 3009 3020 3016 3008 3024 3034 3032 3029 3026 3027 3039 3020 3043 3050 3064 3043 3048 3046 3039 3067 3060 3061 3060 3069 3091 3091 3102 3100 3108 3107 3104 3093 3105 3100 3084 3072 3057 3058 3058 3050 3036 3045 3036 3013 3002 2993 2993 3013 3015 3017 3011 3028 3026 3020 2998 3013 3025 3013 3015 3023 3027
3007 3018 3011 3007 2991 3011 3027 3022 3023 3018 3030 3038 3033 3043 3033 3029 3045 3046 3038 3051 3038 3057 3069 3067 3068 3069 3079 3089 3096 3091 3110 3113 3100 3104 3103 3107 3098 3090 3089 3064 3059 3059 3045 3042 3033 3024 3022 3019 3000 2998 3003 3014 3018 3024 3019 3018 3014 2994 3018 3005 3016 3017 3007 3017
3003 3010 3005 3010 2995 3015 3014 3025 3029 3041 3035 3043 3036 3034 3040 3042 3047 3034 3044 3047 3056 3062 3065 3073 3072 3085 3084 3096 3083 3084 3113 3113 3105 3092 3091 3102 3096 3103 3082 3064 3065 3057 3065 3059 3046 3028 3024 3009 3010 3002 3022 3004 3007 3004 3022 3014 3013 2995 3020 3012 3015 3010 3020 3023
3015 3011 2999 3014 2990 3003 3026 3022 3026 3034 3049 3038 3055 3048 3062 3058 3049 3053 3043 3059 3060 3076 3083 3088 3090 3084 3094 3085 3106 3099 3102 3104 3089 3111 3098 3097 3105 3089 3092 3079 3074 3082 3074 3069 3050 3032 3027 3006 3006 3009 3014 2998 3005 3008 3014 3005 3000 2994 3013 3026 3003 3011 3024 3027
3015 3008 3014 3004 3010 3014 3007 3019 3025 3047 3032 3051 3049 3044 3060 3063 3073 3048 3056 3063 3067 3076 3082 3095 3098 3095 3097 3102 3105 3108 3097 3096 3109 3100 3102 3098 3087 3102 3084 3081 3081 3074 3064 3069 3049 3028 3029 3023 3012 3011 3002 3000 3003 3002 3008 2999 3011 3017 3026 3012 2993 3014 3016 3023
3013 3011 3010 3017 3008 3008 3014 3025 3027 3039 3057 3042 3053 3050 3063 3080 3079 3073 3074 3087 3083 3073 3101 3096 3103 3106 3110 3111 3115 3113 3109 3112 3096 3114 3110 3086 3105 3089 3094 3091 3076 3084 3070 3065 3038 3031 3026 3026 3020 3005 3009 3011 3012 3011 3026 2998 3025 3008 3018 3021 3012 3011 3010 3021
3006 3017 3021 3006 3012 3012 3005 3013 3027 3035 3047 3045 3049 3074 3072 3084 3075 3075 3085 3071 3081 3084 3096 3107 3086 3114 3101 3106 3120 3110 3116 3104 3120 3113 3106 3100 3101 3093 3098 3088 3099 3088 3083 3059 3027 3011 3028 3020 3012 3003 3008 3006 3011 3010 3008 3013 3020 3015 3019 3015 3015 3011 3004 3011
3019 3006 3017 3010 3014 3011 3014 3012 3018 3025 3045 3056 3058 3073 3088 3101 3089 3084 3098 3093 3089 3076 3089 3096 3095 3092 3108 3095 3103 3111 3102 3099 3097 3103 3097 3104 3098 3092 3093 3103 3093 3078 3078 3065 3034 3024 3014 3012 3013 3010 3004 3008 3004 3018 3019 3013 3016 3016 3014 3015 3006 3012 3002 3018
3011 3021 3012 3011 3011 3007 3002 3023 3012 3025 3036 3047 3060 3085 3100 3107 3104 3096 3101 3096 3108 3091 3100 3097 3092 3094 3103 3103 3094 3099 3096 3098 3106 3097 3113 3102 3104 3099 3083 3081 3075 3080 3061 3053 3042 3013 3018 3012 3018 3016 3020 3003 3000 3012 3027 3013 3024 3015 3013 3012 3005 3018 3007 3002
3017 3020 3010 3009 3003 3015 3017 3010 3024 3031 3046 3047 3059 3091 3092 3096 3099 3105 3089 3098 3091 3087 3101 3099 3091 3088 3099 3100 3089 3107 3097 3087 3108 3099 3106 3105 3088 3090 3105 3085 3097 3090 3077 3066 3037 3027 3019 3017 3022 3002 3006 2998 3011 3007 3011 3031 3020 3001 3012 3021 3019 3010 3010 3002
3021 3010 3013 3017 3012 3019 3028 3025 3025 3027 3040 3066 3072 3086 3092 3095 3095 3099 3097 3094 3100 3104 3103 3085 3097 3090 3091 3086 3094 3092 3104 3099 3107 3099 3113 3115 3092 3098 3094 3098 3090 3105 3077 3059 3050 3015 3000 3017 3000 3011 3011 3011 2993 3026 3019 3023 3026 2997 3016 3008 3008 3027 3008 3001
3016 3022 3021 3004 3008 3011 3018 3019 3018 3038 3051 3056 3077 3073 3072 3084 3080 3074 3081 3090 3103 3111 3102 3090 3090 3099 3091 3086 3101 3092 3086 3093 3092 3100 3103 3118 3096 3102 3096 3102 3095 3097 3080 3066 3023 3014 3013 3000 3003 3021 3009 3001 3008 3009 3017 3025 3029 3016 3010 3001 3002 3005 3017 3016
2999 2999 3014 3022 3009 3025 3006 3025 3020 3027 3042 3052 3077 3080 3091 3081 3086 3083 3079 3086 3105 3103 3096 3091 3098 3092 3090 3104 3096 3093 3095 3098 3092 3102 3104 3102 3092 3094 3109 3092 3114 3112 3094 3060 3039 3007 3007 3004 2998 3009 3024 3004 3011 3019 3021 3020 3020 3011 3026 3008 2998 3020 3013 3022
2994 3005 3029 3020 3012 3025 3020 3013 3007 3018 3025 3052 3069 3073 3080 3077 3087 3079 3080 3091 3095 3098 3098 3094 3091 3105 3104 3097 3089 3080 3090 3098 3101 3094 3100 3106 3106 3099 3097 3093 3098 3086 3069 3060 3032 3024 3019 3000 3003 3017 3018 3018 2996 3009 3010 3012 3005 3008 3005 3019 3014 3019 3014 3018
2994 3006 3007 3004 3019 3016 3012 3009 3010 3017 3013 3043 3068 3078 3083 3091 3086 3087 3082 3084 3096 3098 3100 3098 3087 3093 3103 3100 3085 3094 3107 3106 3089 3096 3097 3105 3097 3098 3085 3090 3099 3096 3065 3062 3041 3016 3026 3010 3010 3010 3018 3020 3011 3002 3022 3024 3002 2998 3009 3020 3019 3025 3032 3023
2998 3002 3002 3010 3003 3009 3001 3009 3015 3005 3011 3036 3060 3080 3077 3082 3082 3079 3080 3086 3099 3094 3093 3087 3087 3095 3097 3106 3088 3102 3100 3098 3102 3103 3107 3101 3085 3095 3082 3083 3097 3090 3067 3051 3028 3013 3014 3015 3011 3014 3022 3017 3019 3007 3021 3025 3014 3005 3004 3022 3026 3022 3025 3017
3009 2991 3003 2996 3003 2997 2997 3001 3016 3008 3016 3035 3060 3075 3086 3084 3093 3086 3089 3099 3086 3083 3097 3096 3074 3093 3113 3098 3084 3094 3105 3089 3097 3087 3103 3097 3096 3079 3079 3081 3083 3066 3068 3049 3030 3014 3006 3010 3005 3007 3019 3037 3030 3035 3040 3020 3026 3020 3024 3013 3016 3029 3029 3017
3001 2998 3007 3002 2997 2998 2999 2996 3015 3013 3019 3028 3067 3071 3075 3079 3095 3094 3084 3082 3080 3096 3106 3104 3103 3089 3097 3093 3085 3089 3079 3091 3086 3096 3101 3109 3108 3085 3088 3092 3091 3079 3062 3035 3023 3014 3010 3025 3000 3005 3007 3024 3034 3008 3018 3032 3028 3016 3023 3018 3016 3027 3023 3021
3005 3000 2990 2998 2996 3002 2987 3003 2991 3005 3001 3016 3052 3058 3064 3074 3078 3075 3079 3082 3086 3093 3095 3105 3098 3096 3100 3094 3089 3085 3088 3089 3101 3092 3095 3106 3103 3099 3092 3084 3071 3076 3054 3039 3022 3010 3014 3011 3010 3001 3007 3005 3015 3010 3021 3012 3034 3031 3015 3026 3024 3013 3031 3026
3009 2993 2992 2988 2989 2994 2982 2988 3003 3004 3007 3015 3035 3055 3066 3080 3095 3082 3085 3094 3093 3101 3097 3092 3102 3095 3106 3094 3093 3092 3089 3086 3086 3084 3099 3108 3109 3092 3092 3088 3080 3062 3046 3042 3029 3028 3022 3016 3021 3016 3016 3017 2998 3018 3024 3024 3045 3051 3049 3036 3035 3019 3021 3022
3012 2995 3006 2987 2986 2993 2977 2981 3003 3017 3014 3013 3023 3027 3067 3068 3083 3080 3074 3064 3094 3096 3092 3093 3079 3092 3083 3099 3099 3105 3087 3090 3098 3096 3099 3114 3098 3086 3081 3075 3079 3074 3045 3032 3026 3018 3013 3015 3025 3016 3009 3015 3020 3021 3033 3012 3044 3042 3041 3061 3039 3036 3014 3024
3008 3008 3005 2992 3004 2985 2997 2996 3000 3001 2997 3006 3008 3031 3034 3065 3081 3085 3074 3076 3086 3100 3097 3089 3093 3089 3108 3089 3097 3093 3089 3098 3091 3093 3095 3098 3091 3085 3074 3076 3083 3068 3045 3033 3012 3011 3018 3011 3011 3025 3021 3010 3014 3007 3011 3034 3030 3047 3041 3044 3047 3031 3024 3029
2998 3002 3016 2993 2989 2981 2983 3003 3009 3007 2996 3005 3010 3016 3038 3056 3073 3073 3071 3074 3099 3089 3093 3097 3102 3105 3096 3095 3100 3100 3097 3090 3087 3089 3094 3090 3085 3089 3101 3099 3070 3070 3041 3024 3003 3020 3021 3021 3027 3018 3031 3030 3014 3023 3011 3006 3020 3037 3031 3038 3035 3042 3022 3029
3004 2999 3010 3008 2986 2987 2995 3006 3014 3005 3011 3006 3014 3026 3034 3048 3067 3080 3080 3088 3078 3092 3100 3103 3097 3094 3099 3103 3098 3096 3097 3100 3092 3093 3088 3098 3093 3091 3090 3087 3080 3068 3042 3026 3020 3015 3009 3024 3020 3012 3021 3020 3016 3025 3027 3019 3031 3046 3048 3032 3047 3032 3036 3028
3007 3005 2998 3000 2984 2994 2997 3010 3024 3020 3009 3012 3019 3033 3026 3045 3047 3075 3082 3081 3087 3083 3094 3101 3103 3102 3106 3108 3094 3107 3102 3100 3096 3102 3112 3096 3098 3097 3092 3084 3072 3045 3038 3044 3034 3017 3011 3017 3027 3008 3009 3020 3003 3014 3011 3014 3029 3042 3035 3029 3029 3036 3029 3033
3010 3007 3000 2991 2999 2991 3013 3004 3022 3012 3033 3015 3019 3015 3017 3031 3068 3062 3073 3075 3077 3083 3097 3094 3098 3106 3105 3103 3095 3093 3096 3089 3104 3101 3105 3104 3079 3087 3087 3072 3057 3043 3040 3034 3030 3021 3018 3013 3017 3010 3010 3014 3008 2999 3016 3018 3021 3037 3045 3045 3035 3026 3034 3028
3022 3011 2985 3013 3003 2996 3006 3010 3024 3014 3008 3019 3009 3011 3009 3019 3042 3050 3061 3066 3075 3102 3087 3093 3098 3097 3098 3093 3094 3097 3102 3100 3085 3112 3097 3103 3101 3084 3086 3082 3057 3040 3022 3017 3025 3024 3020 3015 3014 3001 3013 3001 3018 3008 3007 3005 3019 3034 3027 3032 3019 3035 3025 3017
2985 3004 3008 3013 3010 3008 3008 3004 3005 3009 3026 3026 3018 3015 3016 3024 3032 3052 3066 3077 3086 3086 3095 3092 3088 3099 3089 3091 3094 3093 3095 3086 3096 3093 3103 3102 3095 3096 3084 3075 3044 3036 3022 3026 3023 3023 3020 3019 3021 3023 3023 3007 3006 3001 2997 2991 3000 3022 3024 3021 3031 3022 3026 3023
2985 3010 3009 3013 3017 3011 3017 3006 3005 3016 3014 3015 3021 3024 3019 3021 3025 3040 3063 3084 3086 3095 3095 3085 3091 3088 3085 3088 3088 3086 3099 3090 3087 3096 3102 3098 3095 3089 3075 3070 3033 3016 3029 3024 3028 3012 3016 3015 3017 3026 3015 3005 3020 3002 3003 3001 3013 3026 3009 3014 3020 3023 3007 3017
3008 3014 3010 2993 3010 2996 3021 3012 3008 3014 3008 3012 3015 3018 3016 3014 3034 3055 3074 3075 3090 3095 3099 3105 3098 3104 3095 3092 3102 3093 3091 3089 3104 3083 3087 3096 3100 3084 3078 3058 3035 3025 3034 3040 3028 3024 3019 3021 2997 3014 3018 3016 3003 3002 3015 3020 3011 3013 3007 3016 3021 3031 3023 3025
3003 3007 2999 2999 3008 3009 3020 3014 3003 3003 3008 3005 3005 3012 3011 3016 3036 3054 3079 3091 3095 3101 3103 3092 3087 3100 3085 3104 3100 3092 3082 3097 3093 3092 3078 3082 3084 3092 3067 3045 3037 3017 3029 3043 3028 3022 3018 3017 2995 3012 3023 3019 3011 2995 3006 3019 3009 3005 3004 3010 3021 3024 3032 3027
3023 3012 3001 3004 3001 3009 3025 3012 3011 3016 3008 3003 3003 3011 3010 3017 3018 3044 3065 3086 3101 3087 3099 3093 3090 3097 3092 3098 3100 3096 3097 3099 3099 3098 3090 3110 3094 3071 3054 3061 3043 3039 3025 3029 3029 3023 3015 3024 3006 2999 3004 3014 3007 3011 3015 3019 3028 3026 3015 3000 3018 3015 3020 3020
3011 2992 3013 3007 3013 3011 3008 3017 3025 3005 3004 3016 3007 3005 3013 3012 3016 3038 3069 3069 3077 3101 3099 3093 3099 3092 3096 3089 3103 3094 3094 3094 3082 3097 3096 3094 3074 3087 3070 3063 3053 3039 3028 3031 3012 3024 3014 3016 3002 3007 3011 3011 3016 3022 3023 3027 3017 3024 3013 3005 3004 3021 3025 3047
3012 3002 3017 3002 3006 3003 3005 2995 3010 3009 3000 3005 3006 3014 3015 3029 3034 3057 3073 3083 3098 3109 3089 3091 3102 3102 3091 3093 3092 3087 3080 3095 3082 3089 3108 3091 3088 3084 3083 3076 3067 3060 3056 3045 3043 3033 3025 3026 3023 3028 3041 3033 3048 3035 3031 3036 3037 3040 3026 3014 3045 3030 3015 3037
3006 3010 3015 3011 2998 3004 3001 3006 3010 3011 3006 3011 3020 3021 3021 3045 3054 3056 3074 3092 3108 3102 3097 3089 3088 3105 3088 3070 3092 3088 3101 3105 3100 3092 3091 3087 3087 3096 3080 3077 3089 3097 3063 3060 3054 3056 3033 3048 3042 3052 3047 3062 3044 3037 3045 3057 3048 3048 3054 3044 3029 3036 3045 3043
3016 3021 3020 3010 3009 3005 3002 3013 3012 3017 3004 3014 3014 3022 3030 3039 3060 3071 3085 3102 3103 3107 3101 3109 3115 3094 3094 3103 3100 3099 3100 3092 3109 3105 3112 3101 3086 3084 3091 3084 3087 3088 3078 3073 3069 3056 3054 3046 3046 3049 3049 3058 3046 3067 3044 3043 3064 3047 3065 3059 3064 3068 3061 3051
3020 3020 3022 3014 3006 3026 3019 3014 3008 3018 3007 3026 3025 3026 3052 3054 3058 3083 3091 3092 3109 3107 3106 3108 3123 3113 3108 3102 3111 3104 3089 3102 3098 3089 3099 3088 3103 3098 3098 3102 3109 3091 3088 3077 3060 3079 3074 3054 3063 3059 3048 3050 3063 3074 3074 3055 3057 3066 3076 3071 3077 3072 3054 3066
3012 3030 3029 3033 3022 3018 3017 3028 3025 3020 3033 3042 3032 3046 3036 3049 3065 3085 3078 3092 3092 3099 3110 3109 3105 3110 3101 3101 3118 3100 3099 3100 3095 3111 3090 3095 3102 3101 3104 3100 3100 3097 3093 3085 3083 3080 3079 3080 3049 3051 3073 3061 3062 3069 3056 3062 3061 3054 3079 3079 3072 3075 3076 3076
3016 3021 3027 3025 3032 3019 3024 3032 3030 3038 3054 3043 3076 3058 3063 3062 3068 3073 3078 3088 3097 3107 3107 3114 3102 3101 3102 3101 3113 3115 3104 3099 3091 3084 3095 3094 3111 3107 3101 3095 3114 3110 3088 3083 3087 3073 3077 3083 3080 3062 3064 3078 3052 3066 3067 3057 3067 3067 3076 3077 3073 3082 3078 3072
3023 3021 3033 3027 3033 3033 3045 3046 3042 3046 3057 3060 3082 3068 3070 3067 3074 3078 3077 3083 3086 3093 3107 3095 3090 3096 3099 3104 3101 3109 3105 3106 3107 3101 3092 3103 3108 3103 3111 3105 3093 3100 3094 3077 3078 3068 3091 3075 3073 3079 3070 3075 3068 3071 3073 3069 3062 3069 3069 3070 3079 3077 3086 3062
3046 3035 3038 3030 3036 3049 3052 3061 3059 3048 3064 3067 3086 3071 3076 3076 3073 3078 3067 3083 3098 3094 3101 3093 3087 3092 3093 3098 3092 3100 3108 3094 3100 3094 3095 3092 3092 3106 3098 3102 3106 3082 3091 3076 3078 3070 3073 3076 3073 3080 3081 3085 3078 3070 3087 3090 3081 3069 3068 3076 3096 3099 3083 3074
3038 3032 3029 3058 3064 3065 3062 3057 3064 3061 3053 3061 3074 3074 3085 3092 3082 3089 3089 3087 3104 3090 3093 3083 3086 3092 3087 3090 3102 3099 3108 3101 3107 3091 3091 3080 3106 3102 3093 3109 3098 3098 3083 3086 3066 3060 3067 3075 3076 3087 3079 3094 3086 3077 3080 3069 3074 3065 3078 3081 3081 3099 3081 3079
3047 3043 3046 3056 3071 3073 3063 3069 3060 3067 3059 3066 3082 3076 3082 3079 3105 3090 3093 3093 3092 3083 3087 3083 3074 3082 3094 3083 3083 3083 3105 3101 3099 3091 3099 3102 3104 3098 3114 3093 3103 3085 3081 3084 3076 3064 3073 3078 3078 3090 3085 3084 3078 3066 3070 3055 3070 3074 3091 3080 3089 3092 3073 3073
