3034 3041 3051 3042 3032 3037 3043 3041 3042 3030 3027 3028 3034 3018 3026 3035 3048 3031 3023 3019 3013 3014 3016 3018 3022 3024 3025 3025 3023 3018 3014 3010 3011 3005 3016 3014 3009 3010 3013 2993 3011 2989 3013 3006 2995 3015 2995 2996 3005 3026 3001 3006 3007 3011 3006 3013 3004 3007 3000 3000 2993 2996 2997 2997
3038 3037 3035 3024 3027 3040 3038 3057 3037 3048 3030 3034 3031 3033 3030 3032 3030 3032 3022 3023 3017 3029 3020 3024 3024 3016 3017 3017 3023 3020 3011 3022 3020 3016 3006 3014 3010 3011 3012 3012 3021 3013 3002 2997 3017 3007 2999 3002 3016 2988 3001 3005 3014 2999 2997 2999 3015 3012 3002 3009 2991 3012 3003 2998
3034 3039 3034 3037 3031 3043 3027 3039 3031 3037 3052 3043 3027 3032 3034 3032 3015 3013 3027 3025 3032 3016 3012 3022 3017 3016 3021 3020 3029 3028 3041 3042 3036 3041 3019 3013 3024 3016 3029 3012 3029 3021 2999 3006 3005 3020 3005 3004 3005 3006 3002 3010 3001 2997 2989 3001 3013 3008 3013 3004 3012 3019 3018 3001
3042 3034 3035 3037 3040 3038 3030 3037 3054 3039 3041 3033 3029 3033 3020 3020 3029 3029 3025 3025 3030 3027 3031 3034 3036 3026 3029 3028 3019 3025 3040 3028 3025 3027 3021 3036 3008 3023 3024 3015 3030 3015 3002 3013 3011 3009 3025 3014 2998 2986 2997 3013 3011 3004 3003 2993 2999 3020 3001 3003 3005 3003 3008 3006
3049 3043 3049 3041 3037 3032 3032 3036 3029 3042 3034 3034 3045 3029 3019 3031 3023 3031 3031 3022 3024 3022 3021 3039 3025 3031 3027 3036 3026 3037 3045 3029 3049 3044 3035 3032 3031 3018 3030 3022 3030 3030 3020 3008 3005 3010 3020 3023 3003 2992 2994 2998 2999 3004 2998 3005 3013 3006 3015 3003 3004 2999 3013 3009
3032 3039 3027 3039 3037 3030 3019 3020 3036 3042 3034 3029 3025 3024 3030 3026 3025 3030 3028 3029 3023 3038 3028 3027 3021 3028 3039 3024 3028 3037 3029 3046 3040 3057 3052 3046 3028 3024 3028 3032 3024 3017 3027 3008 3004 3017 3016 3016 3004 2999 3012 2992 3006 3011 3015 2994 3006 3013 2996 3009 3007 3006 3017 3002
3028 3039 3023 3023 3017 3032 3019 3017 3030 3028 3017 3020 3023 3027 3017 3028 3036 3033 3036 3029 3044 3029 3038 3031 3027 3029 3026 3028 3023 3040 3020 3042 3035 3034 3038 3037 3037 3037 3039 3033 3037 3020 3027 3028 3011 3004 3011 3018 3009 3011 3012 3005 2993 3014 3003 3003 3002 2996 3013 2990 3002 3021 3016 2996
2995 2983 2993 3006 3004 3003 2997 2985 2994 3000 2996 3016 3006 2989 3007 3012 3011 3006 3020 3020 3028 3029 3027 3025 3008 3028 3032 3024 3042 3039 3032 3035 3048 3043 3030 3024 3030 3033 3043 3034 3019 3015 3013 3017 3004 2999 3005 3018 3010 3009 2995 3001 3000 2985 2988 2978 2986 2997 3012 3001 3005 2993 2998 2989
2945 2972 2980 2961 2988 2977 2959 2972 2984 2977 2970 2973 2977 2989 2992 2982 2987 2997 2999 3015 3013 3009 3008 3018 3025 3012 3018 3020 3043 3044 3037 3039 3042 3026 3024 3031 3017 3020 3019 3022 3002 3007 3008 3014 3007 3005 2988 3001 2986 3001 2998 2995 2989 2982 2979 2978 2981 2996 3002 2985 2992 2984 2989 2998
2930 2966 2962 2967 2947 2960 2950 2958 2970 2962 2970 2983 2981 2993 3008 2984 2978 3004 3014 3003 3009 3014 3026 3019 3015 3019 3024 3027 3033 3040 3050 3044 3040 3046 3030 3033 3025 3024 3030 3008 3026 3011 3018 3018 3011 2999 2999 3000 3020 3003 3001 2989 2990 2978 2993 2985 2980 2985 2989 2994 2994 2989 2990 2993
2951 2968 2977 2974 2965 2973 2955 2964 2975 2975 2986 2983 2990 2995 2998 3006 2993 2990 3004 3013 3011 3017 3013 3020 3021 3015 3034 3038 3029 3044 3049 3043 3050 3053 3034 3031 3031 3022 3017 3020 3026 3017 3026 3030 3015 3005 3010 2999 2999 2997 3001 2979 2999 2990 2992 2999 2995 2990 2974 2997 2984 2994 2999 2992
2950 2959 2965 2963 2975 2959 2976 2978 2970 2986 2983 2987 2998 3000 2996 3009 3005 3012 3014 3013 3011 3020 3009 3021 3025 3027 3028 3037 3037 3040 3053 3050 3060 3055 3038 3040 3047 3028 3017 3023 3027 3040 3018 3021 3021 3019 3020 3006 3000 3006 3002 3003 2998 2991 2984 2999 3002 2988 3002 2983 2995 2996 2993 2980
2959 2965 2962 2976 2969 2977 2990 2984 2974 2992 2993 2976 3004 3001 3009 3005 3005 2999 3004 3028 3029 3042 3025 3022 3022 3034 3029 3036 3041 3039 3065 3041 3057 3054 3053 3051 3047 3023 3030 3032 3041 3034 3037 3030 3027 3011 3013 3017 3007 3010 3005 3007 3016 2992 3001 3014 3006 2998 2995 2992 2967 2987 2988 2997
2969 2961 2974 2974 2985 2979 2988 2977 2981 2981 2990 2987 2999 3007 3006 3009 3005 3011 3008 3018 3018 3021 3026 3022 3021 3028 3021 3047 3058 3061 3050 3068 3062 3056 3059 3044 3053 3049 3036 3039 3030 3042 3045 3028 3036 3025 3020 3024 3024 3017 3012 3001 2997 2988 3010 2990 3008 2993 3001 2990 2987 2984 2995 2980
2962 2982 2996 2976 2977 2958 2973 2967 2984 2981 2984 2996 2992 3002 2994 3004 3014 3009 3025 3021 3015 3020 3017 3029 3019 3022 3026 3041 3052 3072 3059 3058 3058 3066 3068 3052 3064 3061 3053 3051 3058 3039 3031 3014 3029 3041 3009 3024 3015 3018 3017 3015 3013 2994 2992 2990 2997 2998 2990 3002 3003 2985 2977 2977
2982 2982 2979 2992 2983 2991 2976 2987 2987 2982 2988 2988 3006 3007 3007 3017 3008 3007 3016 2998 3009 3020 3020 3023 3037 3031 3045 3052 3063 3067 3067 3069 3076 3075 3081 3078 3082 3068 3077 3069 3052 3050 3033 3022 3023 3013 3033 3029 3032 3023 3004 3019 3004 2997 2999 2996 3002 2993 3010 3002 3010 2992 2983 2981
2987 2985 3008 2994 3002 2994 2991 2976 3001 2993 2993 2996 3005 3011 3012 3009 3014 3002 3009 3006 3016 3017 3021 3022 3033 3038 3046 3048 3055 3056 3077 3087 3094 3073 3087 3090 3080 3079 3081 3090 3072 3045 3047 3029 3037 3010 3028 3019 3026 3021 3024 3009 3007 3010 3009 3004 3011 3012 3006 3003 3001 2981 2969 2991
2991 2991 2991 2995 2991 2995 2987 2995 2997 2990 2987 2999 3009 3005 3012 3002 3024 3013 3007 2992 3025 3011 3022 3034 3039 3032 3051 3059 3062 3069 3083 3079 3083 3088 3084 3094 3097 3095 3092 3090 3083 3075 3051 3030 3021 3033 3035 3028 3029 3025 3025 3015 3000 3012 2999 3007 3011 3009 3003 2983 3002 3004 2989 2993
2997 2997 2988 2992 2988 2990 2992 2996 3008 3011 3016 3002 3012 3005 2993 3006 3012 3028 3019 3009 3017 3018 3014 3025 3037 3043 3062 3075 3071 3077 3083 3089 3090 3076 3086 3078 3091 3106 3087 3079 3081 3070 3053 3048 3038 3015 3017 3032 3048 3030 3033 3026 3010 3008 3001 3009 3005 3001 2995 2986 2999 2998 2993 2990
2998 2998 3007 2988 2994 2990 2994 3004 2997 2992 3016 3006 3010 3002 3004 3013 3017 3017 3024 3020 3015 3023 3023 3040 3050 3070 3069 3082 3080 3082 3084 3108 3091 3086 3100 3082 3098 3083 3083 3082 3076 3084 3069 3053 3042 3024 3037 3046 3033 3040 3035 3037 3015 3025 3018 3007 3007 3005 3004 3000 2997 3019 2999 3001
2999 2998 3006 2995 2983 3001 2992 2991 3004 3011 3009 3029 3013 3020 3018 3014 3018 3014 3020 3021 3038 3031 3039 3050 3066 3084 3091 3079 3074 3079 3088 3087 3089 3096 3099 3091 3087 3087 3087 3079 3084 3075 3071 3066 3043 3030 3033 3034 3037 3038 3049 3039 3034 3026 3015 3019 3013 3009 2999 3008 2999 2995 3007 3004
3014 3010 3002 2996 2996 2988 3004 3019 3012 3013 3007 3007 3019 3016 3028 3026 3028 3021 3006 3025 3036 3040 3045 3070 3071 3087 3080 3079 3084 3087 3095 3089 3088 3072 3098 3094 3082 3086 3096 3075 3096 3088 3074 3062 3038 3047 3038 3040 3048 3052 3052 3050 3040 3023 3022 3022 3011 3011 3009 3000 2995 2998 3003 2996
3000 3007 3018 3020 3018 3012 3007 3013 3016 3019 3021 3003 3013 3022 3016 3020 3019 3008 3001 3008 3034 3041 3062 3069 3079 3087 3096 3088 3105 3089 3090 3098 3078 3090 3073 3083 3093 3081 3083 3091 3084 3082 3074 3069 3050 3044 3041 3052 3055 3065 3065 3046 3039 3035 3033 3029 3021 3028 3000 2993 2988 2997 3010 2994
3003 3011 3000 3015 3022 3011 3006 3013 3013 3025 3014 3018 3024 3021 3016 3008 3018 3018 3011 3029 3042 3069 3062 3080 3078 3084 3068 3089 3094 3096 3093 3098 3086 3098 3091 3085 3080 3085 3078 3081 3091 3097 3080 3065 3058 3045 3049 3053 3044 3063 3057 3054 3044 3039 3018 3020 3028 3026 3008 2991 3008 2999 2999 3009
3021 3003 2996 3010 3016 2998 2999 2996 3011 3011 3011 3015 3023 3020 3013 3012 3023 3023 3026 3050 3062 3069 3076 3088 3088 3082 3084 3083 3088 3103 3096 3095 3081 3096 3101 3079 3094 3082 3080 3094 3087 3097 3072 3067 3072 3055 3065 3081 3078 3063 3070 3053 3031 3018 3032 3019 3022 3006 3005 2997 2994 3006 3017 3005
3001 3005 3004 2993 3004 3007 2990 3005 3003 3010 3007 3021 3016 3033 3029 3032 3030 3042 3036 3048 3073 3078 3083 3090 3094 3088 3100 3096 3092 3096 3089 3094 3093 3094 3090 3094 3083 3091 3084 3084 3090 3090 3077 3085 3075 3078 3063 3086 3077 3083 3068 3056 3053 3033 3011 3024 3016 2999 3006 2991 3000 3007 3019 3018
2990 3008 3007 2995 2995 2990 2998 3001 3021 3019 3019 3023 3029 3034 3037 3037 3035 3025 3049 3056 3072 3085 3089 3082 3088 3082 3094 3094 3095 3097 3088 3095 3092 3111 3109 3096 3090 3093 3089 3094 3077 3090 3089 3085 3077 3073 3074 3078 3074 3081 3076 3063 3056 3032 3030 3016 3010 3010 3012 2996 3008 3013 3027 3018
2982 2985 2991 3000 3002 2986 3005 2998 3002 3010 3025 3008 3022 3025 3039 3030 3039 3052 3069 3070 3077 3077 3080 3088 3090 3070 3098 3074 3083 3094 3092 3096 3097 3100 3098 3088 3092 3095 3083 3086 3092 3080 3088 3093 3074 3058 3077 3073 3075 3080 3082 3065 3052 3021 3015 3020 3008 2996 2994 3001 2987 3016 3022 3028
2984 2986 3001 2989 3001 3003 2997 3001 3007 2983 2993 3009 3023 3021 3023 3026 3053 3050 3061 3073 3099 3081 3082 3093 3079 3076 3084 3100 3083 3091 3085 3101 3096 3104 3089 3078 3078 3076 3096 3099 3081 3087 3084 3076 3086 3075 3084 3061 3076 3080 3076 3073 3048 3022 3008 3015 3004 3002 3001 2997 2997 3016 3011 3029
2981 2993 3001 3003 3003 2991 3014 3007 3008 2992 2990 3014 3024 3040 3031 3038 3051 3059 3083 3072 3077 3083 3079 3083 3076 3082 3091 3087 3084 3091 3096 3098 3094 3088 3092 3082 3069 3078 3082 3086 3071 3084 3089 3082 3097 3075 3073 3083 3081 3076 3073 3068 3037 3021 3021 3008 3021 3010 3013 3012 2997 2997 3008 3030
2984 2992 2982 3000 3005 2989 2996 2991 2984 2994 2991 3015 3028 3037 3033 3042 3068 3073 3083 3083 3087 3090 3073 3074 3083 3088 3075 3091 3094 3095 3088 3083 3084 3092 3095 3088 3100 3077 3093 3084 3084 3092 3086 3086 3092 3092 3084 3085 3082 3083 3085 3074 3043 3015 3021 3003 3009 3016 3024 3015 3001 2988 3005 3017
2996 2986 2987 2998 2997 2999 2994 2986 2990 2994 2997 3006 3035 3032 3032 3052 3065 3081 3086 3078 3082 3080 3073 3071 3079 3079 3084 3074 3085 3088 3066 3079 3081 3091 3090 3098 3086 3081 3085 3087 3087 3089 3090 3080 3083 3074 3087 3092 3090 3080 3082 3071 3033 3025 3008 3016 2996 3019 3008 3009 3000 2982 3011 3019
2986 2988 2990 2997 2996 2992 2989 2985 2987 2995 2980 2991 3009 3030 3044 3054 3067 3071 3084 3082 3080 3091 3075 3074 3082 3081 3078 3074 3070 3075 3071 3090 3097 3089 3090 3102 3098 3089 3089 3081 3096 3098 3096 3086 3075 3095 3087 3083 3083 3082 3079 3063 3030 3028 3018 3013 3014 3007 3020 3013 3005 2992 3012 3021
2998 2994 2994 2994 2990 2989 2999 2996 2997 3001 2981 2985 2998 3025 3046 3065 3057 3076 3075 3091 3079 3072 3074 3076 3076 3075 3086 3069 3087 3077 3069 3084 3089 3088 3113 3097 3095 3099 3105 3088 3083 3084 3091 3099 3085 3085 3082 3075 3086 3088 3070 3069 3031 3026 3006 3019 3018 3016 3013 3021 3005 3009 3020 3024
3004 3009 3005 3020 3009 3004 3009 3015 2991 3014 3009 3015 3015 3032 3050 3064 3060 3059 3067 3072 3087 3083 3083 3109 3090 3090 3086 3084 3070 3086 3075 3096 3084 3078 3089 3091 3093 3082 3087 3083 3082 3073 3091 3078 3086 3074 3072 3081 3086 3084 3073 3063 3028 3006 3024 3022 3030 3022 3021 3012 3012 3002 3013 3019
3027 3018 3018 3006 3019 3013 3008 3007 2999 3014 3009 3016 3023 3027 3060 3062 3067 3064 3057 3064 3086 3091 3087 3092 3094 3092 3085 3069 3071 3085 3084 3086 3076 3093 3090 3104 3093 3103 3093 3089 3092 3073 3084 3090 3084 3076 3078 3082 3090 3087 3069 3066 3034 3013 3018 3007 3028 3015 3017 3015 3019 3007 3027 3025
3015 3009 3003 2997 2997 2999 2976 2987 2988 2994 3011 3010 3023 3036 3049 3056 3066 3058 3071 3061 3085 3088 3082 3090 3101 3084 3097 3078 3080 3085 3084 3073 3092 3097 3100 3098 3110 3099 3090 3103 3083 3104 3080 3094 3095 3100 3088 3085 3089 3082 3079 3065 3035 3012 3002 2985 3024 3012 3007 3011 3014 3005 3021 3011
3009 3004 2990 2993 2993 2990 2991 2994 2982 2985 3010 3012 3016 3024 3041 3060 3066 3062 3066 3073 3085 3090 3100 3080 3075 3088 3073 3088 3078 3086 3088 3086 3086 3082 3100 3106 3105 3091 3102 3083 3097 3083 3082 3084 3089 3090 3080 3084 3088 3090 3069 3054 3033 3008 3001 2985 3004 3014 2992 3019 3014 2998 2995 3012
2994 3005 3005 3004 2983 2996 3001 2990 2986 2997 2994 2998 3003 3025 3046 3070 3072 3065 3077 3070 3080 3076 3088 3084 3072 3094 3088 3095 3085 3090 3090 3087 3099 3098 3094 3104 3094 3096 3099 3096 3081 3083 3088 3070 3090 3087 3083 3104 3094 3074 3070 3052 3025 3000 3008 3005 3001 2998 2996 3000 3001 2998 2997 2991
3007 2990 3001 3004 2991 2998 2997 3003 2988 2991 2992 3014 3000 3024 3057 3068 3069 3061 3086 3063 3081 3078 3090 3085 3083 3071 3093 3090 3084 3092 3104 3110 3090 3096 3093 3092 3102 3095 3100 3096 3089 3090 3081 3086 3079 3081 3091 3090 3084 3076 3070 3045 3018 2994 2997 2998 2993 2986 2976 2991 2998 3000 3003 2994
2995 3004 3001 2998 2992 3000 3004 2992 2993 3002 3009 3010 3005 3021 3043 3051 3058 3063 3076 3053 3068 3066 3077 3076 3062 3081 3092 3096 3087 3086 3085 3091 3102 3093 3080 3083 3086 3089 3097 3099 3085 3086 3074 3089 3076 3083 3077 3082 3085 3080 3065 3046 3021 3006 3003 2994 2998 3007 2993 2988 2994 3011 3010 3014
2990 2998 2986 2997 3004 2992 2990 2997 2999 2980 2994 3008 3004 3006 3036 3059 3071 3059 3071 3078 3069 3066 3065 3074 3079 3087 3079 3098 3102 3083 3082 3076 3092 3093 3084 3078 3089 3081 3100 3101 3086 3090 3079 3089 3088 3078 3083 3080 3074 3087 3072 3026 3030 3001 2997 3007 2990 3015 2996 3005 2996 2984 3010 3019
3001 2994 3006 2998 3009 3004 2995 2990 2985 2993 3004 3001 3004 3027 3036 3047 3044 3074 3064 3072 3072 3063 3086 3085 3088 3082 3083 3091 3088 3089 3077 3078 3094 3083 3081 3084 3078 3090 3101 3096 3084 3081 3083 3088 3091 3081 3076 3075 3077 3066 3063 3041 3011 3008 3014 2996 2999 3003 3006 2990 2991 3002 3002 3009
3002 2982 2982 2995 3003 3007 2995 2988 2988 2982 2992 2995 2997 3011 3022 3037 3059 3058 3065 3064 3068 3062 3093 3078 3077 3080 3079 3083 3081 3100 3093 3097 3095 3083 3095 3102 3091 3087 3091 3092 3091 3070 3090 3096 3086 3078 3076 3078 3070 3059 3045 3026 3025 2998 3004 3001 2979 2997 2990 2994 2998 2995 3013 3005
3000 2988 2979 2991 2997 2989 2996 2997 2979 2998 2988 2984 2994 3006 3023 3037 3048 3059 3080 3063 3072 3067 3071 3069 3075 3076 3072 3092 3072 3079 3089 3076 3085 3081 3087 3097 3097 3104 3105 3092 3085 3082 3088 3092 3092 3074 3078 3070 3068 3061 3047 3025 3014 2999 2990 2974 2987 3005 2999 2996 2997 3004 3004 3003
2989 2989 2990 2986 2997 3012 2997 3004 3000 2998 2992 2980 2999 2991 3020 3015 3031 3039 3067 3071 3073 3068 3067 3080 3083 3084 3073 3088 3092 3087 3081 3088 3080 3086 3102 3095 3080 3095 3084 3086 3090 3084 3092 3092 3088 3085 3069 3075 3081 3068 3051 3017 3015 3004 3006 2981 2999 3023 2996 3001 3004 2994 3004 2995
2995 2972 2975 2983 3006 2995 3003 3009 3000 2988 2993 2990 2986 2996 2993 3013 3016 3044 3060 3066 3080 3066 3074 3062 3082 3076 3065 3091 3087 3088 3084 3089 3088 3093 3094 3092 3088 3099 3083 3086 3094 3097 3079 3103 3091 3081 3064 3069 3074 3060 3041 3003 3024 3012 2995 2989 3005 3022 3013 2989 2993 3008 2990 3002
2979 2980 2980 2987 3001 2986 2990 2981 2986 2995 3001 3004 2987 2995 2995 3006 3003 3020 3051 3061 3067 3054 3062 3076 3075 3082 3062 3073 3084 3098 3088 3089 3093 3102 3090 3097 3093 3087 3088 3101 3095 3093 3096 3085 3078 3077 3077 3066 3071 3071 3046 3025 3013 3031 3011 3002 3001 3007 3008 2989 2996 3002 2996 2999
2987 2973 2988 2987 2995 3003 2986 3004 2996 2987 3002 2978 2998 3000 2988 3002 3018 3026 3044 3062 3049 3069 3070 3071 3075 3072 3087 3074 3095 3089 3085 3091 3091 3093 3081 3099 3090 3084 3091 3080 3088 3086 3085 3084 3090 3091 3075 3072 3074 3052 3028 3020 3018 3002 3016 2996 2998 3015 3008 2987 2996 2994 2993 2996
2985 2982 3001 2995 2989 2981 2990 2988 3007 2995 2982 2995 2993 2999 2983 2990 3004 3028 3047 3048 3043 3069 3083 3072 3073 3070 3080 3080 3093 3088 3111 3089 3097 3081 3076 3088 3093 3084 3094 3075 3080 3073 3071 3091 3082 3092 3098 3080 3075 3050 3035 3015 3001 3011 2995 2991 2990 3008 3008 2996 2995 2982 2995 2995
2987 2991 2986 3000 3002 2993 3003 3001 2991 2983 2987 2985 2991 2994 2988 2992 3004 3017 3031 3042 3066 3066 3073 3073 3071 3062 3086 3082 3077 3087 3090 3079 3083 3092 3099 3092 3090 3087 3080 3082 3086 3084 3100 3094 3089 3088 3093 3059 3067 3035 3034 3018 3016 3003 3005 3002 2990 2988 2991 3010 2984 2995 2987 2987
2971 2980 3002 2990 2992 2990 3012 2986 2983 2982 2990 2981 2985 2990 2975 3007 3006 3024 3008 3041 3061 3070 3074 3073 3083 3076 3080 3077 3086 3089 3090 3088 3074 3091 3096 3091 3097 3095 3103 3087 3085 3086 3096 3101 3096 3082 3077 3078 3044 3028 3030 3025 3014 3012 3012 3005 3004 2983 3010 3004 3000 3013 2991 2986
2992 2991 2995 3000 2985 2995 2993 2984 2990 2986 2998 3004 2976 2994 2987 2995 3004 3022 3013 3029 3053 3069 3075 3074 3079 3080 3075 3079 3074 3077 3082 3088 3087 3100 3087 3091 3096 3082 3082 3083 3080 3080 3090 3095 3081 3083 3075 3056 3027 3013 3029 3005 3004 3018 3002 2995 3009 2993 3003 2999 3005 2999 3006 3009
2988 2978 2973 2984 2990 2987 2987 2978 2982 2983 2998 2990 2982 2990 2968 2988 3010 3002 3011 3024 3057 3066 3074 3070 3089 3074 3072 3074 3067 3086 3083 3079 3076 3087 3085 3086 3090 3095 3082 3082 3092 3097 3091 3106 3090 3074 3042 3030 3015 3008 3003 2996 2990 3004 3000 3012 3005 2993 2998 3005 3007 3005 3010 3000
2985 2978 2974 2984 2985 2986 2986 2982 2981 2975 2988 2985 2986 2986 2981 2981 2991 3003 2996 3016 3033 3061 3069 3078 3079 3075 3076 3080 3081 3083 3081 3084 3075 3080 3076 3083 3097 3079 3097 3100 3090 3095 3089 3075 3068 3064 3042 3020 3028 3026 3007 3010 3005 3003 3004 3004 3005 3009 3015 3022 3020 3012 3011 3007
2972 2976 2964 2992 2987 2995 2967 2984 2995 2988 2993 2985 2980 2973 2980 2991 2993 2993 3006 3022 3054 3065 3063 3078 3082 3070 3079 3089 3090 3096 3094 3092 3089 3086 3092 3084 3077 3088 3097 3084 3091 3084 3092 3068 3075 3056 3027 3022 3014 3024 3011 3015 3014 3001 2997 2995 3000 3008 3000 3030 3028 3028 3022 3004
2979 2985 2974 2990 2986 2981 2985 2990 2984 2999 2993 2992 2981 2974 2999 2997 2997 3001 2994 3030 3056 3067 3076 3076 3077 3078 3085 3084 3094 3092 3077 3086 3098 3096 3097 3087 3087 3087 3080 3098 3086 3078 3082 3071 3061 3045 3027 3008 3019 3015 3010 2998 3007 3014 3013 2994 2997 3017 3028 3029 3024 3028 3018 3028
2979 2988 2983 2986 3005 3004 2981 2983 2990 3005 3000 2993 2988 2995 2990 2993 3015 3008 3018 3046 3060 3069 3088 3089 3093 3081 3089 3092 3107 3098 3109 3101 3097 3093 3100 3094 3088 3084 3093 3090 3088 3081 3076 3072 3061 3048 3025 3027 3008 3016 3020 3022 3024 3019 3010 3000 3016 3020 3019 3027 3031 3025 3014 3012
2997 2984 2993 2994 2993 2994 2993 3001 3004 2996 3011 2992 2995 2993 3007 2995 3018 3011 3016 3025 3049 3074 3084 3063 3079 3083 3092 3078 3099 3102 3092 3090 3094 3091 3094 3089 3078 3090 3091 3100 3089 3079 3084 3073 3051 3040 3023 3030 3034 3033 3005 2991 3016 3016 2991 3009 3002 3003 3028 3032 3024 3033 3025 3012
2985 2988 2987 2987 3002 2988 2996 3000 3000 3006 2997 3006 2996 2996 3001 2992 3001 3017 3027 3022 3044 3074 3112 3085 3085 3085 3073 3096 3103 3092 3073 3087 3072 3081 3090 3095 3091 3092 3093 3093 3082 3079 3090 3076 3045 3028 3024 3034 3018 3024 3013 2999 3008 3019 3007 2990 2995 2991 3018 3030 3027 3030 3018 3032
2991 2992 3001 3012 3005 2984 2991 2999 3000 3010 3001 3004 3013 2999 3012 3008 3019 3015 3016 3038 3056 3081 3087 3093 3095 3072 3086 3083 3081 3096 3102 3093 3081 3079 3078 3086 3093 3091 3086 3096 3096 3076 3079 3074 3068 3036 3041 3032 3021 3015 3015 3003 2999 3012 3010 2996 3026 3023 3037 3030 3025 3029 3032 3029
2996 2988 3005 2996 3008 3000 2987 2991 2987 3000 2992 3013 3010 3004 2999 3009 3015 3013 3027 3048 3067 3092 3080 3089 3097 3094 3089 3095 3080 3091 3110 3115 3084 3081 3094 3092 3088 3095 3085 3084 3093 3087 3096 3066 3074 3059 3046 3049 3033 3035 3004 3009 3019 3021 3026 3015 3029 3021 3029 3034 3033 3037 3036 3036
2991 2989 2997 2993 2992 3004 2993 2988 2976 2992 3001 3013 3016 3020 3021 3035 3028 3045 3035 3061 3076 3079 3101 3079 3096 3099 3101 3082 3078 3104 3100 3096 3093 3081 3095 3113 3091 3087 3083 3093 3097 3091 3093 3082 3081 3058 3055 3056 3048 3038 3023 3009 3022 3019 3035 3027 3033 3029 3013 3027 3046 3034 3038 3031
2996 2997 2991 2996 2983 2986 2990 2991 2985 2988 3013 3014 3029 3030 3022 3047 3036 3074 3084 3072 3077 3093 3107 3096 3103 3116 3101 3089 3101 3086 3095 3091 3097 3083 3097 3105 3083 3095 3073 3086 3093 3100 3089 3083 3082 3069 3060 3041 3040 3051 3063 3039 3043 3026 3040 3037 3019 3018 3017 3036 3036 3045 3016 3022
