3080 3077 3051 3069 3074 3072 3048 3057 3068 3064 3053 3058 3063 3036 3048 3052 3049 3040 3044 3033 3040 3040 3044 3049 3049 3054 3036 3044 3049 3040 3031 3042 3044 3031 3029 3023 3041 3032 3033 3031 3035 3029 3016 3012 3001 3017 3029 3034 3032 3025 3022 3002 2994 2994 3019 3029 3032 3025 3023 3031 3034 3014 3011 3008
3087 3071 3061 3048 3061 3058 3050 3050 3061 3056 3049 3046 3038 3055 3037 3041 3046 3042 3054 3044 3042 3038 3044 3040 3047 3035 3040 3032 3047 3034 3046 3040 3046 3045 3032 3031 3032 3039 3042 3036 3025 3034 3012 3006 3005 3014 3026 3021 3021 3020 3023 3016 3013 3002 3013 3014 3022 3028 3022 3011 3032 3032 3018 2998
3058 3058 3064 3057 3043 3043 3039 3048 3039 3049 3043 3059 3052 3061 3044 3034 3033 3043 3047 3040 3041 3047 3047 3031 3036 3020 3033 3029 3042 3047 3045 3042 3045 3043 3041 3038 3029 3020 3029 3024 3048 3049 3030 3025 3015 3006 3019 3017 3031 3035 3020 3019 3010 3008 3018 3008 3009 3028 3024 3032 3019 3030 3013 3008
3059 3057 3058 3055 3063 3059 3043 3055 3044 3042 3061 3051 3054 3035 3046 3053 3038 3041 3039 3048 3024 3040 3033 3033 3034 3023 3042 3028 3039 3046 3057 3046 3058 3053 3047 3047 3025 3035 3029 3045 3037 3032 3030 3034 3030 3013 3006 3010 3029 3032 3021 3005 3004 3015 3013 3011 3019 3015 3023 3028 3025 3026 3026 3017
3049 3049 3051 3061 3060 3057 3069 3053 3042 3052 3051 3042 3045 3033 3026 3023 3027 3034 3038 3037 3023 3009 3040 3032 3037 3041 3036 3043 3039 3046 3051 3082 3064 3052 3056 3029 3029 3039 3038 3041 3040 3029 3019 3025 3029 3030 3019 3031 3021 3025 3010 3006 3000 3018 3015 3019 3013 3010 3017 3020 3013 3008 3006 3031
3059 3060 3050 3046 3048 3052 3049 3052 3034 3043 3043 3028 3038 3030 3038 3039 3015 3043 3040 3038 3033 3041 3052 3048 3030 3041 3037 3037 3030 3045 3060 3054 3067 3065 3041 3038 3049 3034 3036 3025 3038 3037 3033 3013 3024 3035 3018 3021 3028 3016 3009 3013 3017 3013 3000 3010 3024 3025 3024 3020 3008 3007 3012 3012
3050 3052 3052 3054 3037 3038 3047 3050 3049 3058 3054 3054 3051 3032 3030 3030 3029 3020 3047 3053 3041 3028 3057 3051 3036 3030 3040 3041 3052 3052 3064 3062 3056 3054 3048 3031 3047 3053 3040 3040 3047 3030 3007 3019 3027 3021 3012 3007 3020 3020 3010 3023 3022 3022 3007 3007 3024 3023 3024 3013 3011 3021 3002 2990
3017 3024 3031 3024 3011 3006 3012 3014 3024 3011 3030 3012 3031 3007 3006 2998 3027 3016 3025 3024 3030 3031 3031 3031 3041 3019 3028 3026 3039 3041 3071 3059 3047 3047 3028 3037 3045 3044 3042 3031 3028 3034 3030 3027 3036 3032 3015 3018 3031 3011 3026 3015 3016 3019 3016 3009 3002 3006 3012 3013 3015 2990 2991 3012
2981 2990 3001 2997 2991 2982 2978 2984 2992 2990 3012 2990 2980 2975 2984 3005 3019 3016 3008 3006 3000 3011 3006 3013 3013 3031 3028 3026 3038 3024 3060 3052 3061 3045 3022 3035 3055 3045 3044 3031 3036 3035 3028 3030 3007 3015 3023 3028 3024 3039 3024 3030 3015 3012 3001 3015 3011 3012 3021 3028 2996 2990 3008 3007
2974 2976 2989 2981 2979 2976 2977 2974 2992 3013 3000 2995 2980 2984 2993 3001 2991 3011 2995 3006 3005 3018 3015 3013 3019 3031 3021 3025 3052 3050 3050 3073 3049 3041 3044 3039 3054 3053 3049 3048 3036 3050 3034 3047 3035 3032 3029 3021 3026 3018 3038 3026 3017 3014 3010 3018 3005 3013 3005 3023 2997 2996 3002 3019
2968 2979 2978 2980 2976 2961 2969 2991 2986 2987 2997 2993 2993 3000 3014 2997 2988 3004 3005 2997 3007 3002 3034 3018 3020 3022 3040 3029 3042 3072 3069 3071 3052 3034 3054 3041 3063 3063 3050 3047 3055 3055 3054 3053 3035 3034 3025 3029 3029 3035 3022 3005 3012 3013 3025 3023 3032 2998 3004 3020 3015 3017 3010 3005
2969 2975 2981 2991 2986 2984 2981 2988 3005 3002 2989 2999 3003 3005 3007 2997 2997 2992 3008 3022 2991 3002 3017 3013 3030 3022 3025 3038 3048 3072 3060 3068 3061 3061 3070 3045 3069 3077 3071 3071 3054 3062 3054 3070 3053 3034 3033 3023 3025 3038 3029 3024 3013 3002 3011 3023 3003 3022 3006 3014 3020 3011 3001 3011
2981 2982 2980 2990 3007 2994 2989 3006 3006 2997 3019 3007 3006 2992 2995 3008 3005 3001 3009 3021 3014 3026 3022 3024 3027 3042 3029 3027 3050 3050 3057 3070 3059 3083 3068 3082 3088 3075 3068 3075 3075 3073 3078 3078 3057 3037 3038 3036 3041 3040 3027 3037 3013 3004 3002 3018 3023 3025 3013 3004 2993 3005 3004 3002
2983 2977 2999 2986 2999 2995 3000 3001 3010 3003 3006 3015 2992 2984 2991 2994 3021 3015 3015 3009 3015 3013 3017 3036 3024 3031 3037 3045 3064 3059 3063 3079 3077 3086 3082 3087 3100 3081 3094 3080 3076 3080 3078 3073 3071 3061 3036 3050 3033 3029 3034 3030 3008 3009 3008 3015 3017 3018 3007 3010 3010 2990 3008 3009
2981 2993 2998 2986 2995 3007 3005 3008 2985 2994 2997 2999 3000 2995 2999 2997 3010 3003 3020 3024 3016 3016 3034 3027 3031 3023 3046 3045 3072 3095 3081 3088 3074 3088 3092 3095 3093 3087 3083 3073 3077 3077 3084 3084 3083 3086 3065 3048 3045 3040 3036 3034 3027 3000 3019 3016 3011 3013 3015 2999 3000 2997 3009 3008
2984 2990 3014 3011 3003 3004 3003 2999 2993 2995 3002 2997 3006 3003 2993 3004 3001 3019 3019 3016 3023 3022 3022 3030 3020 3021 3042 3062 3077 3069 3091 3085 3087 3099 3095 3081 3083 3084 3080 3088 3089 3076 3077 3086 3084 3084 3071 3043 3052 3040 3031 3028 3022 3010 3010 3008 3012 3017 3015 3004 3016 3009 3012 2995
2984 3003 2998 2999 2992 3006 2998 3013 3006 3009 3002 3013 3004 3007 3005 3003 3013 3008 3005 3017 3015 3016 3010 3024 3024 3035 3055 3075 3071 3088 3074 3087 3099 3089 3092 3086 3066 3079 3085 3073 3077 3076 3079 3084 3090 3089 3073 3065 3063 3043 3035 3014 3028 3026 3015 3001 3000 2998 3010 3010 3008 3014 2993 3015
2996 2995 2998 2997 2997 2999 3007 2995 2997 3004 3005 3007 2999 2993 3003 2989 3004 3002 3006 3003 3022 3021 3034 3016 3037 3043 3078 3065 3080 3081 3076 3085 3078 3097 3084 3090 3085 3074 3082 3089 3081 3084 3079 3079 3087 3082 3079 3076 3061 3056 3031 3024 3023 3028 3011 2994 3003 3005 3004 3004 3013 2990 3000 3006
2997 2991 3012 3011 3003 2998 2998 2997 3001 3001 2992 2986 2991 2994 3013 2999 3008 2992 3020 3011 3026 3029 3016 3023 3045 3056 3053 3078 3088 3101 3081 3079 3099 3085 3096 3073 3084 3104 3075 3080 3078 3091 3078 3090 3081 3077 3087 3083 3062 3065 3035 3029 3017 3021 2999 3000 3011 3000 2997 3017 3010 3006 2993 3008
3001 3004 3007 3008 2999 2999 2997 2993 2998 3004 3005 3000 2990 2998 2996 3013 3013 3008 3020 3015 3025 3025 3037 3037 3041 3062 3077 3080 3081 3094 3077 3065 3081 3082 3086 3096 3075 3080 3081 3082 3089 3086 3092 3090 3093 3095 3087 3076 3074 3067 3041 3032 3008 3005 2999 3006 3018 3009 3021 3002 3013 3002 2997 3018
2987 2998 3009 3002 3007 2998 2994 3003 2998 2992 2998 3006 3008 3001 3005 3006 3012 3010 3010 3026 3031 3040 3044 3043 3063 3066 3070 3083 3089 3086 3081 3064 3082 3083 3094 3088 3086 3078 3094 3090 3101 3086 3095 3095 3093 3092 3089 3084 3081 3066 3048 3026 3025 3020 3010 3019 3013 3008 3001 3014 3005 3019 3020 3012
2996 3015 2993 3012 3019 2996 2998 2998 3003 3002 3006 3002 2995 3011 3017 3005 3005 2997 3006 3028 3034 3030 3048 3060 3072 3057 3080 3094 3078 3098 3087 3087 3074 3073 3087 3090 3096 3085 3083 3082 3105 3095 3087 3082 3089 3089 3083 3080 3088 3083 3058 3028 3022 3008 3013 2998 3011 3018 3013 3015 3000 3009 3013 2994
3003 2999 3004 3011 3026 3021 3009 3005 3008 3014 3001 3018 3003 3007 3017 3008 3002 2993 2990 2989 3015 3036 3056 3059 3077 3081 3096 3078 3066 3081 3079 3100 3102 3101 3085 3076 3088 3081 3084 3078 3090 3091 3083 3076 3086 3083 3083 3080 3075 3067 3043 3025 3007 3006 3011 3000 3006 2999 3012 3019 3015 2998 3003 3015
2993 3007 3004 2995 3010 3013 3018 3009 2998 3005 3000 3008 3014 2999 3005 3000 3002 3003 3006 3003 3023 3042 3057 3074 3076 3078 3083 3071 3083 3075 3079 3097 3091 3077 3095 3093 3087 3089 3092 3101 3094 3084 3082 3073 3070 3084 3080 3093 3085 3054 3033 3030 3019 3016 3003 3001 3015 3010 3017 3000 2998 3012 3004 3013
3006 2998 3005 3013 3015 3007 3002 2997 3007 3010 3008 3003 2999 2997 3008 3003 3009 2994 3003 3011 3027 3050 3066 3080 3087 3070 3071 3080 3061 3076 3062 3081 3073 3081 3095 3081 3094 3082 3105 3088 3082 3081 3085 3079 3071 3088 3083 3086 3065 3073 3044 3018 3009 3016 3001 3013 3012 3003 3021 2994 3005 3008 3015 3033
3013 2992 3005 3013 3004 2985 3004 2998 3005 3006 3000 3003 3005 2999 3007 2996 3017 2996 3015 3008 3034 3055 3072 3066 3079 3066 3083 3066 3069 3082 3068 3088 3078 3074 3082 3082 3087 3095 3096 3091 3084 3080 3090 3075 3082 3086 3087 3088 3088 3066 3036 3026 3025 3007 3009 3021 3010 3009 2999 3009 3010 3012 3032 3026
2995 3010 3002 3004 2998 3009 2991 2999 3004 3002 3002 3005 2997 2994 3010 3004 3005 2991 2993 3019 3028 3048 3053 3059 3083 3079 3078 3065 3082 3076 3081 3086 3087 3085 3091 3084 3089 3085 3091 3086 3089 3083 3066 3080 3079 3083 3071 3078 3076 3066 3038 3028 3022 3000 3021 3023 3018 3002 3003 3010 3014 3004 3008 3019
2992 2999 2995 2997 3001 2994 3010 3003 3002 2989 3007 2992 3012 3007 3008 3008 3009 3011 3013 3016 3026 3042 3063 3065 3073 3076 3075 3078 3066 3080 3071 3071 3081 3103 3086 3090 3091 3083 3083 3088 3081 3091 3086 3081 3104 3094 3082 3079 3075 3071 3038 3027 3006 3009 3000 3010 3010 3013 3013 3028 3023 3001 3009 2998
3008 3011 2998 2995 3007 3016 3008 3016 3000 3002 3000 2998 3005 3004 3019 3005 3004 3010 3005 3017 3009 3037 3052 3071 3077 3077 3076 3088 3086 3081 3080 3080 3076 3078 3098 3094 3091 3102 3085 3091 3084 3094 3087 3087 3083 3076 3076 3079 3081 3062 3032 3013 3013 3002 3007 3011 2998 3015 3006 3011 3010 2998 3018 3019
3014 2993 3002 2998 3007 3005 3011 3012 3014 3010 3006 3002 3016 3012 3006 3012 3004 3013 3005 3009 3017 3026 3060 3061 3068 3086 3083 3065 3073 3079 3078 3070 3084 3090 3115 3092 3083 3087 3092 3095 3092 3080 3084 3076 3069 3086 3089 3081 3070 3075 3042 3013 3017 2992 2985 2997 3011 3014 3023 3025 3006 3013 3007 3004
3017 3006 3001 3001 3002 3021 3021 3016 3003 3005 2996 3008 3012 3005 3011 3014 3006 3000 3010 3007 3012 3019 3055 3061 3077 3075 3075 3083 3077 3076 3065 3072 3085 3084 3109 3092 3098 3087 3089 3084 3090 3080 3084 3095 3099 3078 3078 3075 3072 3056 3033 3023 3010 3009 3001 3003 3009 3002 3026 3021 3026 3008 3008 3015
3000 3004 2996 3020 3009 3005 3013 3009 3014 3000 3005 3006 2998 3005 3004 3000 2998 3001 3009 3000 2998 3025 3045 3060 3068 3069 3088 3093 3074 3063 3067 3073 3080 3087 3091 3081 3091 3086 3081 3094 3102 3090 3089 3097 3086 3084 3078 3073 3068 3059 3051 3032 3019 2998 3004 3013 3005 2996 3007 3006 3020 3025 3001 3012
3019 3001 3006 3012 3014 2998 3009 3013 3017 3006 3014 3008 3002 3004 3011 3008 3010 3014 2993 3007 2997 3020 3027 3045 3054 3062 3060 3070 3071 3086 3068 3073 3080 3095 3095 3099 3088 3087 3103 3099 3089 3077 3080 3087 3092 3084 3072 3060 3058 3055 3035 3025 3020 3010 3005 3002 2995 3018 3022 3030 3011 2997 2997 2998
3004 3004 3018 3022 3008 3008 3004 3006 3004 3003 2994 2998 3008 3001 3000 3009 3010 3010 2999 2990 3015 3010 3019 3023 3049 3056 3073 3071 3073 3077 3068 3072 3092 3081 3081 3085 3097 3094 3096 3097 3079 3072 3097 3091 3089 3093 3062 3061 3056 3043 3034 3023 3011 3013 3008 3016 3006 3013 3016 3031 3013 2997 3003 3000
3002 3011 3018 3009 2990 3007 3010 3013 3008 3004 3002 3008 3004 3013 3002 3006 3013 2996 3007 3001 3014 3020 3005 3030 3039 3066 3072 3071 3075 3075 3070 3081 3086 3093 3083 3079 3097 3095 3086 3081 3088 3099 3092 3088 3080 3086 3068 3054 3043 3039 3036 3021 3032 3029 3012 3019 3009 3025 3020 3028 3014 3001 2996 2986
3004 3014 3002 3010 3001 3006 3010 3014 3005 2998 2991 3020 3005 2998 3001 3005 3008 3013 3004 3010 3020 3016 3003 3018 3045 3049 3052 3069 3079 3082 3071 3077 3087 3089 3096 3094 3096 3088 3081 3074 3073 3087 3081 3081 3080 3081 3076 3062 3034 3035 3036 3038 3028 3023 3032 3013 3028 3030 3021 3011 3000 2992 3009 2991
2998 2992 3007 3011 3016 3004 3009 3014 2995 3003 3009 2985 3004 3002 3004 3013 3012 2996 3025 3007 3008 3005 2989 3016 3018 3043 3065 3067 3059 3087 3067 3078 3087 3093 3089 3083 3091 3095 3075 3081 3087 3092 3081 3074 3082 3087 3059 3067 3049 3029 3019 3023 3019 3023 3019 3035 3030 3012 3017 3009 3012 2996 2996 2988
3006 3001 3003 3002 2998 2996 3005 3015 2999 3004 3008 2996 2996 2993 3002 2999 3014 3012 3010 2991 2999 3008 2986 2988 3021 3036 3058 3066 3073 3072 3078 3096 3097 3093 3087 3079 3083 3087 3087 3087 3083 3085 3079 3086 3067 3074 3076 3072 3053 3036 3034 3039 3026 3024 3029 3026 3020 3009 2998 3006 3002 3006 2996 2986
2996 2999 2999 3006 3009 3006 2985 3004 3005 2993 2991 3002 3013 3006 2996 2996 3008 3001 3000 2998 3008 3005 3005 3013 3025 3030 3053 3059 3047 3066 3082 3084 3081 3099 3085 3077 3086 3084 3101 3084 3090 3090 3078 3087 3087 3076 3058 3049 3051 3034 3037 3032 3028 3017 3023 3041 3029 3021 3013 3011 3013 3003 2997 2997
3007 2999 3002 3008 3003 3001 2998 2998 3008 2991 2987 2995 3003 2999 3005 2994 2992 2989 3000 2999 3006 2994 2997 3001 3010 3033 3038 3056 3075 3074 3082 3095 3074 3079 3086 3088 3088 3079 3091 3088 3090 3081 3085 3083 3093 3083 3069 3038 3033 3040 3031 3032 3026 3016 3022 3035 3026 3029 3008 3003 3013 3011 3019 3000
3000 3003 2995 2992 3011 2994 2994 2998 2986 2995 2994 2993 2998 3002 3013 2994 2995 3007 2987 3000 3005 2997 2994 2997 3002 3006 3030 3047 3068 3073 3079 3084 3092 3087 3086 3098 3103 3084 3102 3094 3087 3087 3083 3086 3079 3083 3056 3044 3033 3043 3035 3038 3034 3018 3023 3040 3015 3019 3026 3017 3013 3005 3012 3003
3006 3004 2997 3007 3009 3002 3002 2994 2986 2994 2993 3000 2997 3005 3014 2996 3008 3001 3004 2998 3010 2995 2995 2999 3004 3002 3013 3040 3056 3065 3071 3073 3086 3088 3079 3088 3087 3103 3099 3078 3078 3085 3087 3082 3076 3062 3064 3049 3040 3034 3029 3008 3026 3018 3025 3018 3018 3002 3001 3027 3010 3028 3013 3008
3013 2998 2989 3004 3009 3015 2986 3010 3016 3010 3007 2994 2988 3002 3001 3013 3010 3011 2998 2999 2999 3002 3004 3002 3001 2998 3015 3036 3070 3080 3067 3076 3081 3084 3099 3080 3080 3086 3078 3083 3082 3080 3083 3070 3066 3062 3043 3009 3018 3008 3009 3004 3019 3022 3021 3009 3000 3002 3010 3018 3018 3006 3005 3007
3016 2997 2978 2999 3010 3008 3003 3009 3018 3009 2998 3013 2990 2994 3001 2997 3002 2993 2994 2996 3006 3012 3009 3004 2997 3011 3022 3035 3053 3067 3072 3078 3087 3083 3067 3078 3056 3076 3082 3080 3081 3078 3079 3085 3076 3048 3037 3025 3002 3007 3002 3014 3020 3017 3003 3005 3004 3000 3015 3015 3002 3007 3012 3004
3002 2998 2989 2986 3006 3002 3006 2994 2998 3017 3015 3004 2998 3003 3006 3011 3010 3007 3000 2998 3007 3006 2991 3011 3001 3004 3044 3050 3072 3072 3063 3068 3084 3079 3080 3083 3080 3078 3078 3070 3083 3075 3068 3089 3067 3057 3040 3020 3011 3010 3002 2999 3003 3016 3005 2994 3006 2994 3000 3021 2998 3000 2993 3009
3019 3004 2988 2997 2991 3004 2983 3014 3011 3010 3009 3001 2994 3003 3013 3009 3010 2987 2989 3003 3017 2996 3002 3007 3010 3014 3041 3058 3070 3072 3070 3085 3087 3085 3078 3078 3075 3075 3084 3090 3094 3082 3080 3080 3060 3068 3055 3037 3021 3008 3023 2998 3009 3018 3013 2999 3015 2998 3012 3016 3004 3001 3002 3009
3014 3012 3001 2989 2993 2993 3000 2995 3005 2996 2991 3001 3000 3015 3013 3008 3003 3010 3005 2989 3000 3012 2999 3020 3035 3043 3055 3069 3078 3077 3072 3075 3080 3089 3062 3074 3073 3081 3083 3097 3094 3095 3087 3074 3066 3062 3054 3046 3057 3029 3037 3016 3032 3014 3017 3020 3023 3015 3022 3023 3024 3017 3025 3014
3001 3000 2991 2985 2995 3006 3008 2996 3011 2992 2996 2981 2992 2998 3006 3018 3004 3008 2993 3002 3010 3018 3025 3021 3046 3046 3080 3070 3075 3070 3082 3078 3076 3075 3079 3074 3076 3078 3097 3077 3083 3097 3091 3091 3076 3070 3085 3071 3064 3048 3039 3035 3033 3043 3029 3016 3025 3033 3031 3027 3030 3043 3034 3048
3003 2991 3014 2989 2998 2982 3004 3005 3002 3010 2996 2991 2981 2997 3021 3010 3004 3018 3008 3013 3028 3029 3026 3053 3059 3079 3082 3079 3081 3080 3081 3076 3079 3082 3090 3071 3072 3081 3084 3089 3083 3074 3083 3091 3074 3074 3077 3059 3059 3062 3048 3043 3048 3050 3059 3043 3035 3044 3034 3045 3039 3051 3046 3038
2996 3001 3027 3017 2999 2996 3004 2999 3012 2998 2992 3000 2997 3006 3016 3027 3013 3027 3033 3027 3040 3047 3051 3051 3060 3066 3086 3085 3079 3085 3077 3067 3073 3080 3082 3069 3075 3077 3088 3083 3076 3067 3083 3085 3091 3083 3070 3072 3061 3060 3056 3070 3075 3070 3070 3047 3059 3052 3046 3055 3048 3055 3055 3055
2984 2993 3008 3008 3014 2993 2995 3006 3023 3017 3016 3012 3004 3010 3002 3022 3033 3027 3050 3055 3051 3042 3072 3061 3057 3071 3086 3096 3083 3067 3087 3074 3088 3079 3080 3077 3073 3076 3081 3076 3077 3070 3080 3092 3076 3063 3056 3072 3066 3063 3060 3057 3059 3072 3053 3051 3051 3056 3053 3042 3053 3061 3048 3053
2983 3001 3004 3002 2999 3005 3003 3009 3016 3023 3013 3028 3035 3026 3015 3032 3049 3044 3060 3044 3064 3061 3055 3051 3073 3070 3092 3080 3074 3083 3078 3072 3082 3082 3074 3072 3086 3084 3085 3068 3066 3067 3081 3085 3077 3071 3076 3077 3070 3063 3071 3067 3073 3065 3057 3053 3061 3064 3061 3045 3046 3053 3051 3049
3002 3000 2998 3007 3004 3017 3013 3017 3023 3031 3016 3049 3043 3047 3047 3048 3048 3055 3053 3065 3058 3074 3071 3062 3055 3052 3075 3079 3070 3080 3088 3092 3080 3083 3078 3073 3074 3091 3079 3067 3081 3075 3079 3074 3063 3079 3075 3071 3072 3071 3053 3063 3063 3069 3053 3044 3061 3064 3056 3065 3065 3062 3049 3051
2998 3002 2978 2994 3000 3014 3031 3017 3021 3051 3045 3055 3066 3054 3057 3044 3054 3038 3051 3060 3058 3059 3071 3069 3075 3064 3070 3077 3082 3078 3103 3083 3080 3067 3079 3074 3087 3089 3087 3085 3075 3085 3083 3077 3070 3075 3079 3070 3065 3060 3065 3076 3051 3067 3069 3053 3065 3076 3069 3078 3057 3065 3070 3054
3003 3001 2984 2987 3023 3016 3020 3031 3052 3033 3044 3053 3053 3058 3053 3053 3050 3059 3068 3058 3056 3056 3060 3060 3069 3061 3063 3065 3070 3080 3063 3075 3089 3075 3073 3071 3077 3094 3080 3084 3077 3085 3077 3080 3076 3069 3076 3069 3067 3078 3062 3070 3055 3064 3048 3054 3061 3065 3065 3058 3064 3058 3060 3037
3006 2994 3000 2997 3030 3029 3038 3032 3038 3052 3064 3044 3050 3054 3052 3057 3046 3060 3070 3080 3058 3058 3065 3071 3061 3060 3060 3068 3082 3073 3061 3071 3065 3084 3079 3079 3073 3081 3078 3084 3071 3087 3087 3088 3074 3049 3079 3084 3070 3082 3052 3050 3053 3050 3055 3069 3073 3051 3052 3044 3051 3053 3063 3063
3005 3015 3031 3029 3040 3043 3045 3034 3048 3059 3045 3049 3053 3053 3054 3066 3059 3071 3075 3072 3055 3069 3065 3060 3060 3052 3067 3051 3048 3054 3051 3061 3072 3079 3075 3075 3080 3072 3065 3081 3084 3082 3073 3073 3081 3074 3078 3075 3077 3084 3075 3061 3053 3059 3059 3071 3060 3067 3057 3059 3051 3051 3058 3064
3034 3035 3035 3049 3049 3044 3055 3056 3060 3055 3058 3063 3063 3078 3046 3071 3070 3063 3052 3062 3066 3067 3065 3069 3048 3050 3060 3054 3056 3055 3045 3067 3061 3067 3081 3064 3068 3065 3063 3060 3083 3066 3076 3072 3081 3077 3057 3053 3071 3076 3065 3062 3074 3048 3061 3065 3065 3043 3052 3047 3059 3066 3067 3079
3043 3043 3035 3046 3046 3055 3057 3058 3042 3053 3064 3064 3055 3054 3061 3077 3067 3066 3051 3050 3063 3066 3058 3063 3061 3068 3059 3053 3055 3056 3059 3049 3056 3080 3067 3078 3073 3056 3054 3057 3076 3075 3075 3074 3072 3073 3067 3072 3069 3065 3070 3066 3064 3073 3060 3070 3061 3060 3041 3048 3062 3065 3062 3076
3021 3038 3049 3047 3051 3052 3053 3046 3052 3044 3065 3062 3063 3068 3060 3067 3072 3063 3057 3053 3059 3065 3070 3064 3056 3073 3051 3051 3057 3061 3062 3059 3060 3063 3059 3070 3057 3050 3063 3067 3071 3072 3064 3066 3073 3051 3056 3065 3058 3070 3076 3061 3081 3057 3067 3058 3057 3061 3050 3040 3057 3053 3067 3067
3038 3052 3041 3043 3050 3058 3056 3049 3057 3061 3070 3062 3073 3062 3063 3067 3059 3057 3068 3041 3050 3048 3061 3064 3050 3052 3053 3061 3060 3072 3064 3063 3072 3063 3070 3065 3055 3068 3050 3055 3064 3076 3057 3060 3065 3063 3064 3078 3062 3075 3064 3076 3057 3072 3068 3058 3052 3042 3050 3053 3052 3060 3066 3075
3038 3039 3045 3041 3045 3053 3051 3046 3061 3050 3076 3068 3059 3059 3066 3060 3051 3063 3069 3060 3043 3052 3062 3053 3070 3061 3047 3060 3057 3066 3069 3054 3059 3047 3070 3063 3055 3063 3054 3055 3069 3062 3055 3060 3058 3070 3071 3061 3077 3067 3069 3066 3070 3060 3056 3058 3042 3057 3040 3059 3063 3056 3053 3063
3043 3045 3057 3047 3063 3064 3054 3061 3051 3055 3068 3063 3056 3060 3071 3058 3069 3062 3060 3068 3043 3062 3042 3069 3053 3073 3052 3061 3061 3066 3065 3059 3063 3070 3059 3061 3051 3055 3070 3075 3051 3057 3060 3047 3054 3057 3067 3069 3069 3057 3059 3058 3054 3066 3063 3076 3056 3045 3048 3052 3057 3064 3056 3057
3043 3047 3068 3065 3064 3072 3072 3061 3052 3049 3052 3052 3056 3064 3054 3058 3057 3060 3056 3060 3042 3057 3068 3067 3073 3052 3053 3051 3063 3076 3058 3053 3060 3059 3055 3053 3048 3060 3060 3065 3060 3057 3074 3068 3066 3060 3079 3071 3069 3063 3066 3056 3054 3052 3068 3069 3060 3081 3071 3062 3058 3057 3055 3055
