3040 3054 3052 3027 3042 3049 3040 3062 3046 3031 3024 3023 3013 3037 3022 3039 3040 3033 3025 3018 3011 3010 3016 3018 3015 3012 3041 3033 3025 3009 3009 3009 3000 3017 3010 3003 3024 3016 3000 3009 3000 3004 3006 2996 3008 3005 3018 2991 3012 3017 3008 2999 3002 3013 3016 3015 3011 3015 3005 3003 2990 2983 2990 2998
3042 3040 3034 3041 3040 3037 3045 3047 3044 3038 3037 3035 3031 3039 3035 3031 3031 3033 3029 3025 3022 3016 3029 3019 3031 3025 3039 3017 3019 3021 3027 3025 3021 3026 3014 3014 3012 3002 3003 3017 3013 3013 3010 3002 3006 3000 3012 2992 3014 3011 3015 3010 3006 3004 2989 3014 3016 3022 3007 2994 2990 3000 3005 3009
3038 3020 3043 3036 3041 3048 3039 3047 3053 3043 3047 3053 3037 3035 3023 3034 3029 3027 3028 3035 3036 3020 3009 3014 3015 3020 3018 3029 3038 3025 3036 3040 3023 3042 3025 3018 3020 3022 3018 3023 3023 3014 3007 3016 3014 3020 3016 3003 3006 2999 2999 3008 3000 2994 2989 2998 3001 3017 2997 2996 3010 3011 3012 3011
3045 3043 3034 3037 3048 3053 3032 3042 3040 3035 3037 3046 3030 3032 3036 3038 3041 3028 3033 3018 3017 3019 3027 3030 3027 3032 3022 3026 3034 3035 3040 3047 3042 3030 3029 3017 3025 3021 3030 3026 3031 3016 3008 3015 3010 3017 3027 3014 3015 3001 2988 3007 3015 3003 3002 3011 3001 3024 2998 2995 3014 3013 3004 2991
3055 3042 3043 3051 3050 3043 3031 3039 3035 3041 3041 3035 3029 3035 3040 3035 3028 3029 3035 3026 3025 3023 3026 3041 3036 3037 3040 3023 3035 3044 3027 3048 3042 3033 3036 3029 3021 3026 3033 3015 3026 3044 3013 3029 3019 3016 3027 3004 3013 2999 3002 2985 3000 3016 3003 3008 3000 3010 3012 3002 3015 3001 3009 3013
3029 3043 3032 3040 3038 3033 3021 3029 3028 3028 3031 3029 3026 3023 3020 3031 3036 3030 3037 3018 3034 3047 3032 3040 3038 3031 3039 3037 3032 3052 3032 3037 3027 3038 3027 3044 3037 3037 3021 3023 3037 3026 3024 3015 3018 3012 3023 3030 3009 3002 3002 3004 2998 3018 3012 2998 3000 3005 2994 3013 3008 3025 3002 3007
3035 3023 3019 3024 3032 3023 2996 3016 3027 3020 3030 3030 3020 3024 3012 3028 3041 3045 3038 3024 3035 3036 3039 3021 3033 3022 3033 3034 3033 3042 3048 3046 3043 3035 3033 3034 3033 3036 3025 3030 3025 3032 3025 3013 3014 2998 3001 3019 3007 3013 3017 3012 3001 3006 3006 2993 2992 3000 3000 3006 3005 3019 3004 2999
2995 2997 2997 2999 3010 2996 2983 2998 2997 3000 3013 2995 3001 3003 3004 3008 3000 3016 3030 3019 3022 3032 3034 3038 3024 3022 3021 3020 3032 3039 3034 3035 3036 3038 3026 3035 3031 3041 3025 3015 3031 3019 3023 3023 3007 3013 3018 3008 3029 3005 3003 3003 2997 2988 2990 2999 3003 3002 2996 2986 2989 3006 2988 2998
2945 2949 2973 2973 2974 2982 2969 2966 2967 2969 2980 2976 2973 2990 2987 2986 2980 3001 3012 3022 3011 3023 3016 3022 3006 3025 3021 3019 3030 3042 3035 3044 3033 3038 3033 3021 3027 3037 3031 3018 3012 2997 3016 3020 3005 3001 3004 3004 2997 3002 3004 3003 2987 2967 2984 2981 2984 2985 2986 2989 2993 2983 2980 2996
2944 2954 2971 2973 2971 2969 2956 2969 2988 2978 2973 2993 2992 2988 2992 3000 3002 3001 3008 3005 3002 3017 3011 3015 3012 3017 3027 3027 3032 3032 3050 3057 3045 3039 3022 3015 3018 3026 3025 3021 3012 3019 3010 3005 3019 3018 3004 2996 2995 2999 2991 2991 2992 2984 2993 2981 2985 2991 2994 2996 2998 2998 2995 2993
2949 2969 2982 2965 2964 2964 2955 2969 2967 2974 2980 2981 2990 2982 2989 3001 2989 2989 3009 3018 3025 3023 3014 3021 3016 3027 3024 3038 3037 3045 3063 3056 3042 3039 3025 3032 3024 3025 3017 3019 3021 3027 3026 3019 3011 3017 3019 3000 3010 3014 2986 3003 2990 2989 2992 2996 2991 2990 2985 2983 2999 2998 2989 2987
2960 2978 2972 2981 2969 2974 2965 2967 2975 2983 2993 2990 2990 2988 3017 3007 3006 3010 3018 3011 3021 3020 3019 3026 3026 3027 3024 3030 3029 3038 3047 3052 3044 3046 3035 3035 3042 3018 3016 3022 3025 3038 3037 3026 3015 3019 3011 3007 3001 3008 3012 3008 2997 3002 2996 3002 3005 3000 2990 2997 2985 2991 2999 2984
2962 2967 2958 2972 2973 2976 2978 2979 2987 2980 2999 2994 2994 2998 3005 2992 2994 3001 3019 3017 3035 3028 3024 3010 3023 3010 3032 3033 3044 3041 3043 3051 3053 3046 3046 3033 3029 3037 3027 3035 3040 3037 3034 3022 3023 3023 3028 3011 3012 3011 3012 3007 2989 2993 3008 3014 2993 3008 2990 2990 2990 2984 2989 2992
2962 2967 2982 2972 2979 2982 2982 2980 2976 2990 2991 2985 3002 3007 2985 3004 3011 3014 3025 3018 3024 3026 3022 3028 3027 3010 3032 3028 3046 3050 3059 3060 3060 3052 3056 3062 3044 3034 3039 3045 3052 3034 3038 3034 3022 3025 3037 3015 3011 3023 3004 3004 3002 2986 2996 2997 3002 3004 2985 2999 2987 2978 2977 2977
2962 2978 2978 2982 2996 2974 2970 2990 2970 2977 2985 3000 3006 2995 3009 3010 2999 3021 3009 3021 3017 3024 3032 3032 3030 3026 3023 3045 3070 3058 3066 3056 3060 3064 3073 3070 3078 3052 3053 3033 3049 3040 3016 3027 3034 3012 3036 3013 3027 3020 3015 3009 3004 3008 2993 2989 3000 2998 3003 2997 2994 2987 2992 2977
2978 2985 2991 2987 2979 2988 2993 2986 2987 2996 2993 2991 3003 2999 3012 3000 3022 3012 3010 3021 3012 3018 3030 3018 3031 3030 3035 3037 3053 3061 3076 3071 3068 3058 3077 3076 3070 3077 3064 3068 3046 3058 3019 3023 3023 3026 3023 3034 3030 3027 3012 3006 3002 3003 2988 3004 3007 3004 3003 2991 3002 2991 2985 2973
2987 2985 3000 2998 2979 2996 2992 2985 2992 2983 2996 2998 3003 3009 3010 3014 3005 3013 3007 3017 3016 3029 3024 3025 3030 3047 3038 3040 3059 3056 3078 3083 3079 3074 3091 3089 3089 3070 3073 3064 3072 3062 3043 3018 3023 3019 3033 3026 3032 3025 3033 3003 3015 2996 2990 2998 3018 3014 3000 2981 3000 2998 2997 2977
3002 2993 2995 2986 2985 2998 3002 2981 3005 2976 3011 3012 3024 3005 3012 3011 3010 3006 3011 3026 3015 3017 3018 3029 3038 3056 3052 3068 3068 3071 3093 3077 3079 3081 3094 3083 3089 3078 3090 3079 3077 3072 3056 3032 3020 3027 3029 3025 3024 3033 3030 3006 2997 2997 3016 3013 3002 3010 2994 3000 2986 2995 2995 2994
3003 2993 3005 2997 2984 2995 2985 3011 3004 2989 3004 3011 3006 3018 3006 2999 3006 3024 3013 3015 3009 3021 3010 3012 3048 3046 3065 3073 3087 3076 3089 3101 3085 3093 3094 3076 3093 3102 3097 3076 3086 3065 3060 3039 3041 3018 3027 3028 3035 3023 3023 3030 3004 3007 3015 3007 3015 3007 2998 2996 3009 3010 3001 3006
3000 2993 2996 2987 2979 2978 2995 2984 3004 3011 3004 3015 3014 3009 3005 3012 3011 3013 3033 3028 3030 3022 3015 3040 3064 3064 3069 3082 3074 3093 3090 3091 3083 3100 3101 3092 3092 3098 3101 3089 3079 3092 3080 3060 3049 3029 3039 3029 3048 3037 3027 3027 3013 3017 3006 3003 3022 3016 2999 3010 3002 3004 3001 2996
2998 3000 3005 2995 2987 2999 3000 3005 2995 3005 3016 3015 3029 3018 3019 3013 3024 3017 3014 3029 3031 3025 3030 3047 3056 3082 3080 3070 3080 3085 3099 3097 3104 3083 3096 3088 3082 3084 3092 3090 3090 3080 3066 3064 3039 3039 3037 3045 3033 3032 3035 3034 3023 3005 3018 3016 3015 3015 3005 2997 3013 3003 2997 3004
3007 2991 3000 2995 3006 3006 3007 3009 3008 3022 3009 3017 3019 3021 3015 3036 3029 3022 3017 3020 3018 3040 3066 3058 3071 3082 3091 3090 3085 3088 3097 3099 3092 3103 3088 3089 3094 3080 3092 3099 3081 3087 3081 3063 3048 3034 3036 3055 3044 3049 3062 3051 3037 3017 3036 3018 3016 3025 3014 2997 3000 3001 3000 3002
3011 3010 3016 3008 3013 3023 3012 3012 3017 3006 3003 3009 3018 3015 3016 3011 3017 3011 3005 3025 3026 3047 3066 3056 3081 3081 3095 3090 3094 3089 3103 3099 3085 3095 3084 3077 3079 3075 3080 3091 3086 3080 3065 3069 3036 3042 3049 3052 3065 3050 3055 3052 3035 3035 3028 3024 3021 3028 3002 2999 2992 2992 3001 2994
3006 3001 3001 3015 3019 3002 3008 3009 3011 3022 3011 3029 3024 3020 3033 3013 3016 3002 3020 3016 3044 3061 3071 3091 3082 3089 3084 3095 3098 3088 3091 3090 3090 3091 3085 3079 3083 3075 3090 3083 3079 3077 3068 3067 3050 3052 3058 3068 3061 3056 3068 3051 3040 3045 3020 3025 3021 3021 3006 3007 2996 3007 2998 3007
3023 3002 2997 2999 3006 3013 2990 3006 3004 3003 3024 3016 3012 3009 3035 3025 3022 3030 3017 3036 3066 3075 3074 3073 3099 3087 3092 3082 3089 3090 3086 3091 3092 3096 3086 3095 3092 3077 3084 3078 3085 3091 3089 3063 3062 3062 3063 3070 3070 3078 3062 3066 3056 3037 3027 3013 3034 3010 3003 2996 3004 3012 2999 3020
3012 3004 2987 3008 3005 3014 2987 2992 3012 3006 3012 3021 3022 3018 3033 3030 3023 3024 3037 3045 3072 3088 3087 3088 3094 3094 3089 3087 3096 3085 3094 3098 3089 3096 3107 3104 3085 3081 3088 3085 3087 3089 3073 3093 3074 3060 3075 3071 3087 3082 3081 3066 3042 3028 3027 3002 3014 3017 3003 2982 3002 3007 3011 3026
2985 2997 2994 3003 2995 3004 2993 3006 2991 3020 3018 3016 3023 3030 3017 3029 3041 3040 3054 3060 3074 3078 3096 3085 3088 3099 3092 3089 3081 3077 3091 3098 3092 3085 3102 3091 3091 3087 3085 3079 3078 3082 3074 3081 3081 3068 3080 3086 3086 3084 3078 3060 3044 3026 3024 3022 3004 3003 2995 2987 3017 3009 3027 3031
2988 2983 2992 2990 3001 3006 3014 2989 3002 3015 3010 3024 3024 3034 3024 3033 3052 3050 3049 3056 3073 3086 3091 3085 3093 3079 3086 3088 3091 3080 3095 3109 3091 3096 3079 3095 3105 3090 3078 3067 3086 3094 3084 3076 3084 3061 3069 3080 3079 3088 3071 3076 3054 3025 3010 3015 3009 3007 2997 3000 3008 3019 3022 3039
2992 2988 2997 3001 2997 2993 2996 3007 2991 2991 3010 2997 3027 3036 3024 3038 3036 3053 3063 3070 3088 3093 3088 3091 3081 3076 3084 3085 3088 3075 3087 3093 3085 3113 3094 3082 3088 3078 3081 3089 3083 3090 3082 3072 3075 3076 3070 3072 3071 3072 3067 3068 3050 3028 3019 3016 3004 3002 3002 2997 2992 2999 3008 3032
2996 2988 2995 2992 2984 2984 2985 3004 2986 3001 3013 3007 3023 3040 3028 3039 3054 3062 3060 3066 3069 3093 3089 3081 3082 3075 3083 3079 3079 3090 3094 3098 3094 3085 3085 3080 3075 3078 3091 3089 3084 3084 3084 3081 3075 3090 3080 3064 3077 3073 3064 3071 3034 3020 3007 3012 3004 3000 3014 2993 2999 2998 2999 3027
2989 2993 2982 2994 3003 2988 2982 2986 2997 2991 2982 3008 3015 3029 3037 3058 3047 3075 3079 3086 3099 3067 3074 3083 3077 3076 3080 3086 3083 3081 3080 3084 3087 3085 3094 3086 3095 3091 3089 3090 3083 3091 3087 3082 3097 3095 3090 3070 3080 3078 3063 3061 3037 3020 3022 3020 3011 3023 3016 3009 2992 2980 3003 3016
3005 2986 2985 3008 3000 2994 2971 2976 2996 2977 2987 3020 3020 3027 3039 3048 3062 3072 3088 3085 3089 3095 3072 3075 3096 3094 3089 3090 3081 3077 3088 3090 3079 3083 3097 3089 3101 3100 3093 3089 3091 3082 3078 3080 3088 3082 3083 3093 3070 3084 3077 3072 3042 3016 3007 3008 3009 3006 3007 3009 2998 2985 2999 3016
2977 2994 2987 2997 3002 2987 2968 2986 2987 2996 2988 2999 3005 3034 3042 3061 3076 3070 3089 3089 3070 3080 3075 3078 3086 3072 3075 3083 3072 3077 3088 3083 3090 3097 3098 3089 3092 3104 3085 3094 3081 3092 3088 3088 3084 3080 3079 3089 3086 3079 3083 3081 3038 3024 3010 3004 3013 3013 3003 3008 3002 2997 2999 3032
2991 2989 3000 2990 2999 2992 2988 2992 2992 2996 2997 3010 2996 3024 3057 3069 3067 3067 3070 3088 3074 3083 3083 3077 3079 3070 3082 3085 3073 3081 3089 3078 3092 3095 3094 3098 3093 3092 3090 3088 3091 3074 3091 3080 3073 3080 3080 3078 3072 3083 3084 3070 3041 3018 3013 3023 3013 3015 3010 3014 3002 3000 3008 3034
3014 3000 3012 3005 3018 3016 2995 3002 3012 3007 3007 3005 3017 3026 3055 3061 3058 3067 3080 3074 3074 3084 3082 3088 3092 3090 3089 3082 3068 3083 3081 3106 3097 3077 3085 3098 3087 3086 3094 3101 3084 3075 3093 3078 3090 3082 3084 3080 3080 3083 3072 3067 3032 3008 3029 3018 3024 3024 3017 3012 3014 3011 3018 3028
3019 3012 3011 3021 3020 3009 3010 3002 3010 3001 3013 3007 3023 3041 3049 3065 3062 3076 3073 3084 3080 3081 3091 3089 3091 3087 3080 3089 3068 3082 3092 3090 3109 3086 3090 3094 3086 3092 3089 3094 3079 3083 3080 3094 3089 3094 3074 3088 3077 3081 3074 3062 3036 3020 3029 3027 3020 3015 3026 3017 3016 3014 3014 3022
3016 3001 3002 2999 3003 2990 2995 2985 2984 3004 2996 3017 3026 3040 3041 3055 3073 3061 3066 3090 3077 3074 3092 3093 3090 3080 3080 3070 3072 3080 3079 3083 3083 3092 3089 3084 3086 3086 3088 3081 3084 3087 3084 3093 3091 3097 3084 3075 3082 3086 3078 3068 3047 3020 2995 3001 3010 3011 3011 3009 3023 3008 3004 3001
3006 3002 3008 2992 2994 2988 2996 2981 2981 2984 3002 3000 3014 3042 3049 3053 3056 3067 3065 3077 3084 3077 3087 3084 3092 3079 3081 3080 3083 3086 3083 3093 3097 3094 3095 3094 3079 3088 3094 3096 3083 3090 3084 3084 3087 3087 3097 3091 3100 3082 3075 3055 3034 3004 2990 2991 3008 3010 3004 3007 3022 3007 2999 3004
2998 2997 2990 2985 2990 2989 2992 2989 2999 2986 3005 3007 3015 3034 3045 3066 3062 3072 3078 3064 3071 3075 3084 3080 3068 3080 3085 3083 3092 3094 3096 3089 3091 3086 3104 3099 3091 3092 3102 3096 3098 3096 3087 3084 3087 3095 3080 3090 3088 3074 3060 3050 3039 2992 3005 3005 2995 3000 2995 2999 3019 3002 2993 2997
2999 2995 2989 3002 2993 2996 2991 2996 3006 3002 2989 2999 3009 3033 3055 3055 3057 3075 3071 3075 3076 3070 3079 3066 3065 3080 3095 3082 3091 3094 3084 3095 3095 3098 3095 3095 3094 3086 3096 3091 3093 3097 3083 3075 3085 3073 3083 3095 3082 3084 3066 3048 3014 3012 3001 3003 3008 2992 2990 2998 3004 2995 3000 2990
2996 3007 2987 2996 2991 2998 3012 2992 2984 2998 2992 3000 3000 3022 3042 3055 3076 3075 3065 3064 3066 3065 3075 3065 3074 3080 3090 3096 3083 3090 3091 3082 3097 3097 3087 3086 3098 3085 3092 3096 3092 3085 3096 3085 3088 3076 3086 3089 3094 3085 3067 3050 3025 3003 2997 3014 3012 3005 3008 3000 2999 3008 2997 3020
2988 2991 2996 2987 3003 2990 2994 3000 2985 3000 3000 3000 2998 3011 3036 3057 3067 3074 3075 3072 3071 3062 3079 3087 3071 3085 3094 3085 3092 3086 3087 3094 3093 3077 3092 3084 3078 3096 3088 3083 3094 3078 3098 3091 3081 3089 3078 3084 3067 3057 3067 3043 3019 2997 3000 3001 2994 3000 3006 3005 2991 2995 2997 3025
2991 2992 2993 2990 2986 2998 3003 2993 2997 2991 3009 3005 3008 3021 3027 3056 3055 3077 3068 3071 3084 3079 3085 3081 3071 3079 3084 3085 3087 3091 3088 3096 3097 3076 3086 3081 3075 3085 3088 3094 3092 3086 3091 3083 3092 3091 3074 3090 3073 3065 3056 3038 3030 3000 3007 3003 3000 3005 2989 2995 2988 2993 2997 3002
2995 3011 3000 2996 2999 2994 3006 2986 2992 2985 2997 3008 3016 3024 3022 3029 3044 3050 3064 3073 3066 3093 3064 3086 3083 3082 3090 3074 3095 3101 3090 3088 3085 3094 3087 3101 3096 3089 3097 3098 3085 3080 3087 3101 3090 3088 3088 3083 3076 3063 3047 3037 3016 3006 2998 2995 2998 2998 2995 2999 2980 3009 2996 3009
2997 2997 2990 2997 3009 2986 3001 3017 2978 2987 2999 2996 3004 3008 3004 3028 3047 3052 3061 3067 3077 3080 3075 3090 3085 3091 3074 3070 3084 3082 3079 3087 3085 3087 3075 3096 3094 3091 3094 3091 3078 3080 3097 3098 3095 3076 3072 3081 3080 3066 3050 3037 3019 3006 3003 2993 2996 3011 3000 2999 2998 2999 3021 3010
2988 2985 2986 2978 3003 2999 3012 3004 3005 2998 2980 2987 2996 2990 3008 3023 3031 3050 3077 3060 3064 3071 3070 3071 3079 3091 3085 3083 3095 3099 3091 3091 3083 3089 3095 3087 3091 3099 3080 3080 3091 3072 3083 3091 3087 3092 3073 3084 3076 3066 3047 3020 3025 3002 2999 2982 2992 3002 3004 2999 3000 2996 3010 3007
2984 2982 2960 2992 3008 2991 2998 3000 2989 2994 2986 2987 3003 2989 2990 2993 3012 3025 3059 3066 3074 3061 3066 3072 3075 3073 3089 3072 3099 3077 3094 3093 3087 3101 3092 3092 3083 3098 3088 3099 3098 3092 3104 3095 3076 3092 3069 3063 3077 3069 3047 3019 3013 3025 3009 3002 2996 3010 3006 3003 2999 3015 2999 3009
2982 2978 2986 2989 3006 2998 2998 2993 2993 3000 2989 2992 2992 2996 3001 3004 3011 3028 3059 3054 3064 3068 3059 3067 3064 3069 3070 3082 3093 3097 3086 3094 3100 3096 3100 3085 3097 3087 3073 3095 3101 3087 3097 3095 3087 3076 3080 3087 3074 3062 3040 3013 3013 3013 3000 2993 3005 3020 2998 2995 3004 3002 3003 2998
2978 2988 2996 2986 2999 2997 2993 2990 2997 2993 2980 2980 3002 2980 3007 3006 3007 3022 3048 3051 3062 3064 3076 3063 3072 3078 3069 3095 3089 3088 3099 3094 3092 3089 3096 3097 3088 3076 3086 3091 3084 3090 3080 3092 3089 3089 3080 3081 3064 3062 3033 3015 3010 3012 2996 2981 2999 3011 3002 2991 2992 2993 3002 2997
2975 2972 3006 2989 2985 2983 3001 3006 3005 2995 2989 2993 3003 2998 2996 2991 3001 3026 3036 3061 3053 3069 3079 3077 3072 3072 3080 3085 3082 3089 3095 3088 3085 3093 3083 3084 3090 3094 3083 3087 3085 3082 3085 3090 3091 3100 3092 3080 3063 3055 3033 3018 3005 3002 3013 2995 2998 3013 2994 3005 3003 3001 3006 3011
2979 3004 3001 2998 2998 2993 2994 2986 2976 2986 2975 2984 3001 2991 2983 2983 3008 3017 3023 3037 3055 3056 3081 3090 3075 3082 3082 3091 3067 3083 3086 3073 3081 3097 3092 3090 3096 3087 3085 3091 3072 3089 3098 3089 3095 3087 3078 3064 3049 3039 3038 3022 3024 3007 3001 3010 2989 2989 2990 2999 2998 2994 2993 2981
2979 2993 3003 2979 2988 2992 3000 2997 2986 2977 2980 2980 2997 2992 2977 2982 2995 3017 3018 3047 3056 3069 3063 3085 3075 3071 3096 3084 3093 3090 3084 3074 3082 3091 3087 3083 3094 3092 3086 3083 3086 3084 3078 3093 3083 3088 3069 3067 3030 3019 3018 3010 3011 2991 3022 3008 2987 2986 2996 3003 3003 3000 2983 2996
2982 2993 2987 2981 2999 2978 2986 2994 2989 2994 2983 2983 2984 2983 2983 2978 3002 2998 3016 3024 3059 3072 3065 3082 3077 3077 3085 3082 3084 3076 3094 3089 3075 3077 3082 3093 3077 3082 3070 3084 3089 3085 3082 3107 3089 3081 3067 3068 3030 3018 3024 3000 3004 3011 2996 3004 2997 2989 3005 3005 2990 3003 3010 2979
2989 2990 2970 2984 2992 2994 2978 2990 2982 2979 2975 2993 2984 2988 2986 2998 3007 2997 3000 3015 3052 3060 3064 3084 3083 3076 3077 3081 3077 3071 3078 3082 3080 3090 3089 3079 3078 3074 3086 3088 3095 3092 3100 3090 3083 3075 3060 3032 3040 3010 3006 2996 2996 3008 3016 3009 3004 3002 3016 3007 3018 3018 3020 3008
2984 2982 2972 2969 2986 2995 2980 2977 2989 2975 2992 2992 2973 2980 2975 2988 2995 2997 3005 3021 3050 3064 3073 3081 3076 3080 3081 3086 3085 3092 3082 3081 3097 3084 3078 3088 3096 3112 3092 3099 3091 3084 3088 3079 3073 3058 3037 3021 3022 3016 3010 3003 3018 3004 2995 2998 3015 3015 3006 3001 3021 3028 3009 3006
2983 2961 2967 2981 2983 2985 2978 2982 2979 2990 2986 2980 2981 2982 2987 2973 2974 2993 2991 3011 3046 3081 3068 3081 3069 3081 3086 3083 3084 3088 3083 3083 3078 3088 3087 3077 3084 3088 3104 3092 3086 3071 3067 3074 3059 3049 3040 3022 3018 3017 3014 3016 3017 3014 2996 2999 3000 3001 3011 3019 3020 3027 3025 3010
2984 2983 2982 2984 2987 2991 2983 2987 2987 2984 3001 2993 2968 2981 2978 2995 2999 3010 3014 3017 3050 3065 3064 3078 3065 3096 3079 3091 3106 3088 3084 3076 3089 3080 3080 3086 3091 3098 3098 3101 3082 3082 3080 3084 3072 3055 3040 3020 3017 3028 3011 3016 3017 3006 3003 3000 3008 3011 3032 3017 3018 3032 3024 3017
2998 2984 2996 2990 3000 2997 2989 2993 2998 3002 3003 2999 2980 2973 2984 3005 3007 3012 3010 3026 3052 3061 3074 3073 3079 3087 3098 3107 3088 3094 3096 3088 3090 3098 3093 3091 3089 3096 3092 3085 3082 3096 3067 3063 3067 3049 3024 3035 3011 3009 3004 3015 3007 3021 2997 2999 3008 3019 3022 3031 3017 3020 3022 3017
2989 2987 2997 2985 2993 2988 2970 2987 2990 3008 2995 2996 2987 2989 2989 3002 3012 3003 3013 3035 3049 3070 3081 3085 3085 3088 3089 3098 3091 3101 3084 3078 3095 3100 3072 3087 3103 3083 3087 3081 3083 3077 3074 3062 3052 3041 3030 3025 3011 3014 3011 2999 3007 3016 3005 3000 3007 3020 3016 3030 3034 3024 3021 3021
2984 2997 2987 2999 3000 2991 2974 3008 3007 3006 2998 2985 2994 2991 2992 2985 3010 3007 3002 3034 3053 3084 3083 3084 3069 3080 3089 3091 3105 3093 3079 3087 3081 3074 3092 3079 3090 3092 3086 3089 3091 3088 3087 3066 3054 3035 3045 3025 3019 3016 3002 3015 3002 3014 3004 2998 3002 3008 3019 3027 3032 3027 3029 3025
2993 2990 2990 3000 3001 2994 2989 2989 3002 3005 2993 3005 2999 3008 2992 3001 3010 3006 3033 3038 3062 3076 3099 3086 3081 3088 3087 3095 3093 3109 3104 3086 3092 3090 3104 3084 3081 3091 3089 3089 3074 3087 3076 3082 3054 3060 3051 3033 3028 3024 3022 3002 2996 3013 3011 3006 3015 3010 3017 3029 3031 3042 3022 3046
2980 2996 2993 2994 3012 2999 2999 2987 2990 2996 2993 3012 3024 3013 3003 3022 3029 3031 3026 3045 3080 3081 3078 3088 3092 3088 3094 3080 3097 3091 3102 3108 3092 3086 3097 3100 3090 3092 3087 3099 3086 3076 3075 3067 3065 3042 3051 3048 3027 3021 3011 3001 3013 3022 3003 3013 3029 3018 3032 3027 3033 3019 3035 3041
2991 3002 2992 3007 2992 2994 2999 2985 2989 2993 2993 3011 3022 3014 3020 3019 3032 3038 3031 3060 3088 3082 3099 3092 3116 3095 3087 3098 3089 3088 3092 3093 3072 3089 3099 3105 3081 3089 3087 3085 3088 3091 3074 3087 3062 3062 3050 3038 3039 3033 3020 3020 3011 3017 3028 3022 3031 3017 3031 3039 3034 3028 3027 3024
3008 3000 2987 2986 2985 2996 2981 2990 2988 2998 3004 3011 3017 3031 3027 3036 3044 3054 3072 3076 3080 3084 3088 3092 3113 3106 3083 3088 3093 3079 3098 3089 3088 3085 3104 3108 3087 3085 3101 3092 3093 3087 3091 3095 3082 3065 3057 3052 3048 3057 3047 3042 3027 3036 3031 3039 3025 3013 3018 3010 3023 3037 3033 3019
