3048 3063 3055 3065 3056 3061 3039 3041 3046 3053 3037 3042 3056 3041 3037 3039 3025 3034 3016 3026 3030 3038 3021 3013 3035 3028 3018 3015 3024 3013 3022 3017 3037 3022 3014 3022 3017 3031 3016 3022 3019 3018 3036 3042 3014 3007 3012 3021 3030 3027 3024 3031 3024 3011 3017 3003 2990 2985 3003 3008 3000 2971 2994 3023
3036 3049 3063 3056 3048 3058 3043 3044 3054 3042 3023 3045 3046 3034 3032 3037 3029 3028 3019 3025 3033 3033 3010 3024 3016 3022 3023 3025 3024 3031 3012 3032 3034 3027 3039 3010 3026 3024 3023 3048 3036 3026 3037 3037 3036 3025 3032 3017 3024 3037 3024 3009 3008 3012 3004 3005 3003 3005 3000 3008 3002 2985 2993 3008
3047 3054 3044 3035 3039 3040 3041 3043 3039 3027 3035 3037 3035 3036 3033 3023 3025 3013 3019 3030 3032 3030 3032 3024 3024 3024 3013 3032 3020 3031 3044 3031 3028 3033 3035 3036 3031 3027 3029 3044 3040 3045 3026 3044 3034 3044 3045 3035 3033 3038 3022 3016 3011 3010 3019 3010 3009 3011 3003 3009 3008 3011 3013 3006
3037 3040 3050 3040 3032 3036 3044 3047 3027 3037 3042 3041 3036 3031 3034 3032 3022 3022 3010 3015 3027 3017 3030 3011 3023 3021 3034 3030 3042 3038 3031 3035 3032 3041 3029 3036 3037 3035 3036 3047 3054 3049 3041 3041 3048 3041 3036 3043 3033 3033 3017 3027 3021 3007 3014 3018 3013 3015 3010 3021 3008 3003 3010 3010
3047 3039 3023 3044 3041 3040 3031 3038 3035 3045 3045 3041 3029 3027 3029 3028 3028 3014 3009 3021 3020 3023 3022 3030 3029 3038 3034 3038 3041 3050 3035 3045 3046 3046 3047 3046 3034 3036 3055 3054 3064 3070 3061 3056 3053 3035 3034 3034 3031 3049 3037 3038 3036 3033 3018 3018 3020 3016 3018 3016 3019 2996 3009 3012
3053 3038 3027 3024 3035 3034 3034 3040 3037 3031 3050 3036 3040 3039 3030 3017 3007 3024 3028 3018 3011 3020 3026 3022 3039 3032 3029 3029 3041 3036 3027 3026 3038 3036 3037 3045 3059 3055 3055 3048 3051 3051 3049 3052 3044 3048 3041 3032 3040 3034 3037 3038 3045 3032 3026 3014 3011 3018 3004 3011 3007 3005 3006 3016
3058 3032 3030 3040 3040 3042 3039 3031 3028 3030 3031 3042 3037 3021 3027 3020 3014 3023 3021 3026 3029 3018 3005 3022 3027 3044 3032 3031 3036 3034 3031 3025 3043 3032 3037 3050 3047 3061 3058 3055 3053 3042 3043 3045 3054 3056 3055 3036 3048 3024 3050 3045 3039 3039 3030 3014 3005 3011 3006 3025 3017 3004 2999 3006
3020 3014 3010 3000 2998 3020 3012 3003 2998 3008 3014 3022 3024 3023 3009 3008 3006 3028 3011 3008 3026 3014 3026 3019 3019 3018 3036 3028 3037 3035 3019 3027 3022 3021 3018 3045 3055 3054 3043 3046 3045 3039 3030 3035 3030 3033 3037 3045 3043 3047 3044 3039 3029 3042 3036 3024 3005 3005 3008 3005 3013 3016 3004 3004
2971 2963 2966 2962 2980 2984 2978 2990 2985 2973 2994 2995 3001 3017 3007 3003 2997 3004 3004 2997 3005 3001 3014 3002 3010 3019 3012 3015 3030 3020 3038 3019 3030 3034 3038 3040 3048 3054 3040 3037 3040 3027 3029 3021 3031 3023 3017 3025 3041 3035 3058 3048 3036 3052 3025 3012 3018 3001 3004 3005 3010 3006 3019 3006
2972 2974 2961 2971 2976 2970 2989 2980 2965 2993 2997 3003 2992 2995 2996 2984 2990 2979 2999 2988 2992 2993 2997 3005 3020 3022 3032 3029 3030 3023 3027 3017 3016 3033 3035 3036 3036 3038 3030 3036 3038 3025 3029 3028 3021 3027 3021 3037 3051 3041 3046 3038 3054 3045 3031 3024 3021 3021 3018 3018 3025 3025 3011 3005
2982 2980 2960 2956 2980 2972 2962 2985 2997 2990 2977 2993 2995 2989 2990 2977 2976 2978 2974 2984 2993 2989 3014 3001 3004 3020 3028 3022 3021 3013 3023 3017 3032 3035 3029 3043 3037 3036 3031 3031 3034 3017 3021 3028 3034 3022 3031 3036 3049 3042 3034 3042 3037 3035 3027 3012 3014 3041 3021 3016 3011 3020 3018 3008
2974 2986 2971 2971 2973 2976 2983 2976 2983 2975 2975 2980 2977 2984 2975 2985 2985 2976 2974 2990 2978 2991 2988 3001 3005 3011 3020 3033 3022 3027 3035 3044 3045 3031 3027 3035 3039 3040 3023 3025 3038 3026 3022 3031 3019 3031 3045 3049 3055 3041 3051 3039 3040 3047 3032 3025 3027 3028 3036 3029 3026 3017 3020 3011
2969 2976 2973 2966 2989 2979 2973 2974 2983 2974 2979 2984 2986 2994 2984 2989 2998 2995 2983 2983 2975 2968 2991 3010 3024 3019 3033 3020 3038 3031 3027 3026 3042 3035 3024 3042 3041 3027 3037 3032 3024 3041 3023 3033 3020 3046 3055 3075 3066 3055 3053 3034 3047 3051 3032 3035 3015 3032 3030 3035 3026 3031 3017 3009
2957 2969 2965 2963 2987 2978 2987 2967 2968 2973 2970 2973 2973 2966 2977 2977 2983 2982 2991 2979 2982 2988 3003 3013 3017 3017 3023 3016 3029 3038 3025 3023 3028 3034 3035 3031 3029 3042 3040 3030 3027 3033 3030 3023 3037 3035 3052 3080 3058 3055 3048 3046 3059 3042 3051 3033 3045 3029 3032 3029 3035 3017 3023 3015
2960 2961 2960 2962 2965 2978 2968 2966 2987 2984 2977 2966 2971 2967 2982 2976 2977 2965 2977 2979 3010 2994 3007 3014 3019 3021 3034 3029 3042 3028 3018 3032 3029 3034 3034 3036 3031 3040 3047 3041 3026 3026 3023 3033 3029 3040 3062 3079 3076 3063 3055 3043 3056 3062 3031 3036 3043 3032 3034 3015 3022 3034 3016 3009
2969 2970 2972 2974 2962 2982 2974 2994 2988 2990 2969 2963 2986 2969 2972 2963 2969 2972 2984 2976 2988 3001 3000 3000 3009 3021 3037 3028 3038 3035 3024 3012 3034 3032 3036 3043 3027 3037 3024 3026 3032 3026 3028 3035 3048 3050 3071 3081 3073 3061 3058 3056 3036 3042 3048 3039 3038 3049 3031 3014 3030 3029 3013 3018
2972 2981 2973 2983 2985 2982 2992 2998 3001 2996 2989 2973 2986 2981 2983 2971 2977 2975 2990 2994 2991 2984 2989 3003 3017 3022 3022 3038 3043 3034 3024 3038 3039 3029 3045 3034 3037 3032 3025 3032 3024 3033 3051 3065 3057 3072 3081 3079 3072 3069 3051 3059 3037 3045 3034 3045 3036 3031 3019 3023 3040 3026 3028 3014
2970 2986 2988 2980 2983 2971 2986 3007 3011 2988 2987 2986 3000 2989 2981 2983 2977 2981 2981 2997 2975 2985 2992 3001 3012 3021 3026 3027 3044 3043 3042 3044 3038 3053 3059 3047 3044 3036 3035 3031 3034 3032 3053 3062 3066 3070 3065 3077 3075 3069 3072 3057 3029 3031 3041 3040 3045 3038 3038 3034 3036 3039 3027 3024
2999 2996 2983 2988 2982 2986 3009 2995 2998 2992 2986 2982 3000 2990 2993 2979 2992 2982 2977 2995 2989 2988 2990 3006 3041 3038 3039 3045 3040 3048 3045 3052 3047 3035 3057 3043 3051 3034 3039 3045 3042 3045 3051 3061 3071 3074 3077 3081 3067 3077 3050 3037 3033 3047 3030 3043 3046 3036 3029 3037 3033 3017 3034 3018
2991 2989 2999 3004 2983 2990 3008 3006 3001 3000 2994 3001 3004 2983 2990 2983 2995 2993 2995 2982 2988 2991 2988 2996 3015 3041 3038 3048 3042 3049 3041 3059 3058 3048 3063 3066 3057 3048 3047 3054 3046 3056 3057 3069 3088 3081 3088 3095 3059 3072 3060 3058 3046 3044 3034 3047 3049 3038 3047 3049 3028 3030 3028 3044
3007 2993 3014 2991 2994 3002 3014 3011 3009 3004 2999 3005 2995 2994 2988 2997 2995 2984 2979 2985 2996 2993 3000 3003 3019 3033 3033 3053 3049 3055 3060 3061 3063 3064 3074 3075 3056 3067 3061 3059 3059 3063 3090 3081 3087 3090 3080 3080 3078 3066 3070 3055 3053 3044 3053 3055 3040 3044 3046 3042 3044 3033 3025 3035
3000 2992 2994 3003 2987 3007 2988 3001 3005 2988 3003 3000 3003 3002 2990 2987 2994 3001 2985 2990 2991 2994 2999 3017 3015 3054 3053 3049 3057 3061 3069 3072 3077 3078 3074 3073 3075 3071 3071 3073 3066 3069 3070 3071 3085 3087 3080 3079 3090 3080 3066 3059 3059 3045 3050 3066 3061 3049 3043 3039 3041 3026 3020 3023
2983 2998 3002 2984 2995 2989 2976 2985 2987 2986 2999 2996 3002 2997 2988 2991 2977 2990 2987 2991 2997 2997 3002 3007 3016 3035 3061 3056 3049 3058 3080 3096 3086 3068 3071 3087 3086 3080 3078 3074 3064 3073 3080 3080 3076 3085 3079 3089 3095 3085 3068 3061 3061 3062 3079 3085 3062 3053 3052 3023 3013 3010 3017 3026
3000 2993 2980 2973 2992 2995 2995 2987 2983 2974 3003 2994 3000 2998 2981 2975 2990 2997 2990 2997 2992 3003 3003 3001 3011 3024 3059 3073 3073 3064 3088 3089 3070 3071 3068 3083 3081 3084 3089 3081 3078 3069 3067 3081 3082 3079 3088 3082 3084 3091 3081 3073 3085 3082 3083 3088 3074 3044 3040 3022 3016 3010 3014 3023
2994 2983 2980 2988 2989 2996 2987 2985 2992 2989 2985 2997 2992 2993 2992 2998 2988 2993 3001 3012 3005 2990 3001 3013 3023 3024 3064 3068 3074 3067 3075 3082 3066 3082 3077 3082 3070 3075 3093 3076 3081 3083 3085 3086 3085 3089 3089 3105 3111 3104 3093 3092 3080 3092 3094 3088 3065 3026 3028 3028 3015 2997 3003 3018
3007 2996 3000 3008 2996 3008 3007 3002 3004 2999 2995 2994 3001 2987 3005 2981 2986 3003 3003 2991 2988 2994 3009 3001 3033 3037 3055 3064 3066 3071 3078 3073 3080 3071 3074 3076 3086 3081 3080 3080 3089 3085 3090 3086 3087 3086 3091 3095 3111 3098 3094 3105 3097 3078 3092 3082 3062 3026 3031 3029 3014 3002 3009 3017
3022 3013 3008 2993 3000 2994 3005 3003 3005 2999 3010 2999 3001 2982 3005 2992 2992 3012 2999 2990 3003 2985 2988 2991 3017 3044 3055 3061 3055 3079 3067 3079 3087 3066 3083 3072 3076 3082 3085 3078 3074 3078 3078 3083 3079 3091 3075 3098 3099 3093 3096 3091 3087 3084 3080 3089 3059 3037 3028 3032 3012 2999 3009 3021
3006 3007 2993 2989 3004 2997 3000 2995 3012 2997 2998 2992 2985 2992 2996 3002 3010 3005 2982 2998 2993 2995 2999 3000 3008 3035 3046 3059 3064 3070 3076 3078 3072 3076 3077 3078 3075 3085 3087 3094 3090 3090 3089 3089 3086 3090 3085 3097 3088 3088 3090 3084 3088 3084 3081 3070 3045 3028 3028 3036 3019 3005 3015 3017
2987 2987 2983 2995 2992 3002 2995 2998 2999 3010 2998 2993 2994 2992 2993 3003 3003 2995 2997 2985 2990 2988 3008 2996 3015 3026 3052 3071 3069 3065 3070 3087 3074 3083 3075 3070 3081 3083 3080 3092 3083 3092 3085 3086 3100 3097 3093 3087 3088 3087 3096 3075 3089 3090 3083 3075 3044 3033 3032 3024 3008 3020 3019 3006
2991 3008 2997 3007 2998 2995 3000 3003 2993 3001 2991 3001 2999 3008 2994 3000 2997 2992 2989 2992 2985 2994 3010 3005 3004 3026 3048 3065 3059 3073 3065 3069 3089 3077 3070 3076 3078 3081 3087 3093 3077 3081 3083 3074 3091 3102 3100 3084 3080 3082 3083 3079 3087 3082 3083 3078 3045 3034 3027 3025 3008 2998 3018 3018
2985 2994 2997 3004 3017 3005 2995 3012 2986 2998 3002 3001 2997 2994 2996 2999 2998 2992 2982 2982 2991 3005 3007 3008 2998 3017 3046 3058 3065 3071 3081 3070 3079 3057 3063 3072 3080 3072 3068 3081 3078 3076 3091 3072 3083 3099 3091 3104 3080 3075 3086 3079 3101 3091 3067 3073 3052 3032 3028 3038 3016 3007 3007 3010
2997 2989 2999 3007 3004 2994 2993 3007 2996 2998 3011 2996 3007 2989 3000 3001 2994 2988 2990 2993 2987 2999 3007 2991 3006 3006 3049 3053 3054 3070 3075 3073 3079 3080 3061 3075 3072 3074 3071 3070 3087 3092 3078 3084 3085 3099 3092 3101 3106 3081 3080 3095 3085 3093 3094 3084 3049 3042 3028 3022 3023 3011 2998 3013
3003 2999 3008 3004 3016 3006 3014 3002 2994 2990 2990 2991 3004 2985 2995 2985 2986 2991 2990 2988 2989 2985 3007 3012 3000 2998 3016 3019 3061 3066 3085 3075 3081 3076 3064 3060 3079 3077 3079 3091 3082 3085 3084 3085 3070 3099 3089 3088 3093 3085 3078 3083 3084 3090 3082 3080 3043 3024 3014 3015 3010 3017 3013 3019
3002 2998 2997 2997 3010 3003 3005 3005 3002 2988 2996 2996 2998 3000 2983 2992 2988 2988 2986 2988 2985 2991 2982 3012 3006 3002 3000 3022 3047 3066 3082 3085 3094 3082 3079 3075 3076 3088 3071 3080 3080 3086 3079 3082 3077 3090 3077 3093 3097 3074 3075 3088 3082 3082 3081 3074 3056 3017 3016 3010 3015 3017 2989 3020
2998 3000 3002 2997 3003 3000 3002 3001 2985 2986 2993 2990 2992 2992 3001 2995 2991 2983 2999 2994 2997 3002 2996 2998 2997 3005 3002 3016 3038 3053 3076 3072 3087 3076 3077 3078 3081 3066 3090 3075 3091 3083 3087 3087 3082 3089 3089 3084 3073 3089 3091 3083 3082 3086 3080 3073 3038 3020 3025 3018 3013 3000 3012 3010
2980 2999 2992 2987 3003 2993 2984 2988 2997 2992 2984 2994 2997 2997 2994 2998 3005 2996 2993 2992 2990 2994 2990 3010 3004 3002 2990 3008 3039 3053 3075 3075 3076 3059 3071 3077 3073 3087 3075 3081 3080 3087 3092 3094 3099 3094 3084 3100 3095 3099 3088 3081 3075 3084 3071 3059 3043 3015 3017 3008 3005 3007 3010 3009
2996 2998 2996 2993 2991 2982 2996 2993 2982 2988 2984 2994 2991 2991 2978 2992 3009 2997 2993 2989 3009 2992 2991 2991 3000 2995 2997 3007 3026 3037 3070 3072 3072 3082 3070 3057 3082 3074 3073 3075 3075 3090 3085 3088 3092 3093 3095 3103 3100 3090 3071 3068 3072 3085 3073 3060 3039 3015 3016 3007 3011 3008 3018 3005
2991 2993 2984 2981 2974 2988 2988 2980 2988 2991 2980 3004 2994 2995 2983 2988 2994 2980 2997 3003 2991 3001 2989 2998 2992 2999 2990 2996 3014 3038 3061 3064 3075 3083 3076 3078 3089 3076 3068 3081 3074 3084 3085 3098 3095 3102 3100 3094 3098 3077 3081 3073 3065 3065 3071 3055 3044 3018 3023 3011 3026 3012 3009 3009
3012 2994 2993 2992 2976 2980 2988 2982 2984 2982 2992 3000 2988 2991 3009 3005 3007 3005 2971 2995 2996 2995 2990 2988 2988 2992 2999 3017 3031 3043 3059 3071 3081 3080 3072 3084 3077 3062 3092 3089 3101 3099 3086 3087 3092 3087 3088 3079 3091 3091 3081 3075 3073 3068 3059 3044 3026 3015 3020 3013 3020 3011 3012 3009
3012 3006 2998 2978 2970 2988 2995 2982 2985 2997 2976 2987 2999 2998 2999 2994 2986 3002 2985 2996 2986 2994 2992 2996 2988 2989 3007 3018 3023 3046 3056 3078 3073 3074 3070 3079 3079 3067 3082 3088 3069 3087 3076 3081 3087 3096 3094 3087 3080 3083 3081 3087 3063 3062 3043 3031 3025 3032 3019 3018 3026 3009 3018 2987
3000 2976 2974 2979 2985 2981 2989 2969 2969 2981 2991 2986 2993 2998 2988 2982 2989 2993 2997 2991 2992 2999 2999 3000 2989 2994 2996 3005 3027 3049 3070 3086 3074 3074 3081 3086 3073 3072 3069 3072 3071 3090 3097 3102 3075 3085 3075 3079 3095 3085 3083 3069 3054 3071 3050 3025 3021 3030 3023 3037 3020 3017 3001 3011
3003 2992 2977 2989 2973 2980 2999 2974 2976 2967 2986 2990 2999 3003 2990 2994 2984 2982 2993 2989 3004 2994 2994 2987 2982 2995 3008 3009 3034 3049 3071 3077 3083 3068 3080 3071 3076 3077 3077 3081 3086 3086 3082 3085 3085 3078 3076 3096 3088 3079 3086 3074 3064 3051 3044 3033 3039 3026 3038 3045 3025 3003 3021 3017
2995 2995 2992 2982 2983 2984 2987 2981 2979 2981 2973 2978 2985 2996 2988 2980 2975 2997 2985 2981 2982 2978 2998 2989 2995 2995 3004 3027 3044 3054 3075 3078 3069 3071 3086 3081 3087 3077 3073 3081 3071 3075 3087 3079 3099 3084 3081 3091 3091 3080 3071 3066 3042 3035 3026 3033 3029 3030 3027 3049 3038 3005 3021 3003
2991 3007 2991 2986 2989 2985 2988 2994 2995 2987 2983 2985 2983 2984 2969 2986 2980 2982 2980 2983 2994 2989 3008 2993 2992 2995 3022 3016 3044 3054 3075 3071 3073 3069 3083 3096 3089 3080 3082 3089 3076 3086 3087 3089 3082 3091 3085 3087 3081 3093 3071 3052 3030 3008 3006 3021 3025 3026 3029 3025 3022 3017 3026 3016
3006 2997 2985 2985 2985 2983 2978 2988 2992 2992 2991 2991 2993 2991 2998 2992 2991 2998 2993 2992 2988 2988 2992 2995 3006 3015 3017 3021 3052 3072 3072 3088 3078 3073 3076 3082 3093 3080 3080 3075 3090 3078 3086 3087 3077 3092 3090 3083 3086 3073 3033 3040 3005 3012 3014 3009 3021 3035 3035 3038 3037 3036 3022 3022
2997 2982 2979 2983 2989 2986 2986 2991 2992 2991 3013 3007 2990 3005 3006 3005 2991 2971 2980 2996 3001 2983 2993 2994 3009 3015 3011 3026 3050 3067 3088 3078 3092 3090 3092 3088 3081 3088 3085 3083 3077 3078 3073 3079 3085 3086 3079 3077 3071 3063 3049 3021 3014 3011 3002 3020 3020 3030 3038 3034 3032 3040 3016 3019
3004 2990 2990 2992 3002 2991 2987 3004 2999 3000 3009 3005 2993 3007 2989 3004 3009 3000 3000 3010 3009 3001 3021 3005 3005 3010 3023 3035 3072 3080 3081 3095 3086 3074 3088 3083 3084 3076 3091 3078 3086 3081 3078 3072 3086 3090 3079 3070 3045 3044 3022 3015 3009 3004 3021 3007 3011 3017 3024 3018 3022 3029 3019 3010
2993 2987 3004 2986 3000 3001 2990 3001 2998 2986 2997 2994 2990 2988 3002 3001 2996 2984 2998 3005 3017 3010 3016 3009 3014 3015 3012 3052 3077 3076 3089 3080 3074 3082 3092 3083 3087 3096 3086 3086 3075 3078 3095 3090 3084 3089 3069 3074 3048 3033 3016 3027 3016 3022 3012 3002 3007 3013 3022 3011 3016 3020 3020 3015
3005 2996 2993 2982 2989 2983 3006 3010 3012 3003 3005 2991 2996 2989 2986 2995 3013 3002 3014 3009 3024 3025 3019 3017 3002 3019 3053 3055 3069 3083 3077 3070 3075 3066 3077 3077 3079 3083 3085 3077 3087 3081 3080 3089 3071 3075 3075 3070 3048 3026 3023 3014 3010 3001 3004 3012 2999 3015 3012 3016 3004 3020 3016 3016
2990 2992 2999 2981 2973 3009 3005 2999 3007 3011 3010 2999 2996 2985 2992 2982 2995 2998 3031 3017 3028 3041 3021 3025 3030 3037 3052 3077 3058 3080 3072 3097 3086 3076 3068 3088 3089 3069 3084 3078 3080 3077 3083 3079 3068 3064 3063 3041 3032 3021 3015 3007 3014 3016 3001 2995 2998 3011 3009 3005 3006 3002 3024 3003
2991 2995 3008 2999 2991 2990 2987 2992 2995 2984 2998 3002 2992 2997 3001 2994 3008 3017 3026 3028 3044 3052 3043 3042 3048 3058 3074 3077 3077 3085 3083 3082 3079 3082 3086 3089 3085 3084 3085 3087 3078 3078 3076 3077 3079 3080 3076 3057 3024 3010 3015 3009 2987 3004 3005 3009 3000 3016 2993 2999 3000 3004 3016 2997
2998 3001 2989 3003 2993 2994 2983 3002 2999 3000 2993 3005 2996 2994 3003 3004 3006 3025 3040 3053 3050 3053 3053 3066 3072 3078 3075 3084 3078 3081 3074 3089 3090 3095 3087 3087 3086 3102 3089 3092 3078 3083 3087 3072 3069 3083 3068 3050 3030 3003 3004 3002 2995 3000 3009 3009 2996 3012 3005 2997 3013 2986 3014 3011
2989 2987 2994 2998 2987 2992 2990 2989 2994 2994 3010 2992 2992 3003 3009 3012 3016 3032 3041 3043 3048 3055 3052 3081 3075 3082 3083 3080 3084 3074 3086 3079 3071 3072 3087 3083 3084 3086 3084 3069 3089 3087 3079 3085 3069 3080 3060 3051 3029 3028 3034 3032 3021 3020 3035 3009 3010 3018 3017 3007 3007 3016 3014 3019
2997 2991 2980 2987 2992 2975 2989 2987 2993 3010 3019 3002 3007 3006 3017 3015 3035 3036 3028 3031 3042 3060 3065 3081 3079 3077 3093 3073 3090 3083 3074 3070 3071 3074 3068 3073 3072 3067 3072 3068 3085 3075 3082 3080 3066 3067 3065 3061 3042 3033 3049 3050 3033 3036 3027 3024 3018 3040 3013 2995 3010 3028 3021 3034
2992 3000 2989 2997 2997 2989 2993 2998 3003 3017 3027 3022 3029 3025 3034 3047 3045 3041 3042 3036 3061 3047 3059 3065 3081 3081 3072 3075 3072 3083 3069 3085 3078 3072 3067 3078 3068 3067 3063 3068 3076 3089 3079 3079 3078 3073 3069 3072 3052 3050 3064 3051 3031 3030 3032 3032 3045 3047 3032 3026 3011 3023 3027 3048
3007 2991 2985 3009 3014 2997 3006 3021 3020 3035 3038 3058 3041 3063 3058 3052 3049 3047 3030 3028 3058 3058 3054 3057 3080 3064 3076 3077 3093 3096 3088 3082 3090 3088 3081 3069 3073 3083 3068 3066 3078 3091 3091 3089 3076 3083 3072 3073 3062 3061 3059 3060 3047 3035 3053 3028 3046 3043 3058 3031 3038 3026 3056 3064
3016 3007 3009 3010 3008 3029 3022 3037 3041 3033 3041 3058 3050 3057 3057 3066 3061 3043 3065 3057 3067 3054 3060 3069 3070 3070 3073 3089 3084 3096 3077 3090 3099 3099 3081 3081 3081 3068 3079 3070 3083 3074 3085 3096 3079 3081 3073 3079 3062 3067 3069 3067 3060 3059 3052 3042 3044 3060 3040 3046 3038 3046 3050 3057
3012 3008 3009 3014 3020 3030 3053 3054 3051 3065 3070 3067 3055 3059 3069 3066 3066 3071 3053 3059 3069 3072 3054 3060 3078 3079 3083 3083 3092 3094 3079 3096 3093 3099 3082 3091 3082 3084 3087 3078 3086 3091 3086 3088 3105 3077 3075 3070 3075 3069 3067 3070 3074 3064 3076 3056 3050 3052 3046 3068 3041 3045 3047 3050
3001 3029 3033 3037 3035 3041 3044 3071 3067 3050 3067 3062 3066 3058 3073 3063 3060 3072 3061 3060 3064 3065 3064 3059 3083 3092 3086 3078 3084 3082 3076 3081 3080 3101 3090 3081 3067 3094 3092 3076 3096 3082 3084 3091 3089 3085 3073 3070 3073 3078 3065 3064 3076 3068 3058 3073 3054 3049 3063 3063 3069 3052 3053 3052
3001 3024 3040 3048 3053 3055 3068 3057 3059 3068 3077 3058 3063 3051 3054 3061 3064 3065 3074 3076 3069 3067 3069 3061 3083 3065 3066 3072 3087 3069 3077 3070 3077 3081 3073 3087 3083 3073 3092 3083 3080 3078 3082 3072 3082 3074 3061 3071 3075 3080 3071 3065 3077 3067 3069 3064 3054 3067 3079 3073 3080 3078 3060 3052
3014 3018 3033 3042 3035 3049 3057 3064 3065 3068 3067 3064 3062 3077 3065 3073 3065 3065 3070 3072 3078 3074 3074 3080 3068 3073 3075 3065 3077 3071 3069 3067 3081 3068 3081 3082 3074 3073 3092 3083 3071 3074 3085 3076 3070 3068 3076 3074 3067 3070 3068 3078 3069 3057 3067 3082 3052 3062 3067 3073 3060 3071 3062 3060
3019 3039 3043 3046 3046 3046 3059 3069 3053 3063 3056 3058 3076 3074 3078 3077 3069 3066 3086 3072 3086 3071 3086 3078 3053 3060 3065 3059 3065 3066 3074 3068 3081 3080 3061 3069 3070 3066 3066 3069 3071 3073 3071 3071 3064 3045 3071 3069 3067 3057 3064 3059 3058 3063 3078 3071 3065 3070 3069 3074 3052 3047 3046 3066
3036 3035 3052 3050 3030 3052 3067 3066 3063 3065 3079 3070 3073 3075 3079 3081 3079 3084 3074 3075 3089 3082 3075 3065 3065 3077 3067 3073 3069 3057 3070 3067 3069 3072 3069 3077 3077 3054 3081 3072 3070 3076 3064 3066 3065 3061 3062 3069 3050 3053 3071 3074 3075 3070 3066 3075 3074 3054 3074 3084 3067 3064 3063 3069
3041 3047 3033 3040 3046 3061 3071 3058 3074 3073 3065 3072 3075 3065 3073 3076 3075 3076 3055 3081 3094 3081 3080 3070 3076 3074 3086 3087 3066 3077 3074 3067 3068 3074 3087 3088 3085 3080 3084 3084 3072 3085 3069 3060 3064 3065 3060 3063 3057 3061 3064 3075 3082 3091 3071 3060 3060 3065 3075 3084 3084 3067 3055 3064
