3078 3073 3081 3082 3085 3075 3072 3078 3070 3082 3065 3076 3078 3072 3059 3073 3074 3058 3042 3060 3071 3067 3047 3047 3055 3058 3034 3061 3056 3033 3049 3031 3048 3036 3037 3038 3058 3053 3035 3054 3026 3018 3033 3041 3045 3041 3051 3050 3052 3055 3055 3056 3050 3053 3047 3040 3047 3051 3041 3038 3032 3033 3035 3032
3068 3067 3079 3088 3062 3066 3065 3074 3074 3068 3074 3063 3064 3051 3063 3061 3060 3047 3056 3056 3049 3061 3054 3056 3049 3028 3046 3046 3037 3029 3034 3049 3038 3040 3041 3028 3050 3042 3036 3046 3038 3030 3029 3044 3058 3045 3052 3059 3046 3048 3056 3052 3046 3037 3045 3033 3045 3033 3044 3048 3041 3027 3035 3034
3078 3059 3072 3063 3055 3066 3060 3055 3057 3071 3062 3048 3049 3057 3042 3055 3060 3054 3051 3061 3053 3065 3038 3047 3038 3036 3036 3040 3053 3036 3032 3035 3030 3030 3020 3025 3030 3030 3052 3052 3042 3039 3044 3046 3062 3062 3057 3063 3047 3041 3045 3041 3046 3042 3043 3041 3047 3035 3049 3042 3045 3023 3035 3026
3057 3072 3076 3067 3071 3069 3067 3075 3066 3049 3064 3054 3055 3069 3049 3048 3045 3040 3040 3042 3044 3050 3058 3052 3049 3055 3049 3045 3034 3028 3032 3040 3031 3025 3034 3035 3023 3029 3030 3037 3043 3051 3040 3034 3039 3053 3055 3054 3062 3041 3032 3067 3046 3045 3038 3046 3032 3025 3033 3024 3025 3043 3028 3036
3049 3072 3073 3070 3061 3075 3064 3073 3050 3062 3085 3066 3048 3054 3056 3051 3041 3031 3029 3025 3035 3042 3058 3062 3051 3054 3044 3043 3036 3019 3040 3031 3027 3028 3031 3041 3034 3042 3031 3042 3047 3047 3035 3034 3053 3056 3071 3063 3054 3052 3041 3056 3054 3047 3045 3033 3048 3035 3039 3030 3033 3035 3036 3023
3057 3059 3058 3060 3063 3062 3056 3066 3051 3062 3061 3052 3054 3051 3056 3048 3040 3040 3031 3052 3040 3056 3065 3055 3057 3050 3046 3032 3030 3032 3045 3036 3041 3042 3021 3048 3047 3046 3048 3041 3039 3042 3045 3048 3035 3065 3063 3060 3060 3048 3058 3067 3062 3063 3054 3033 3053 3027 3029 3028 3033 3032 3034 3033
3050 3053 3049 3051 3054 3048 3060 3072 3057 3065 3059 3050 3040 3044 3055 3048 3022 3033 3037 3036 3039 3044 3058 3061 3070 3067 3049 3039 3035 3021 3032 3025 3041 3048 3046 3049 3036 3037 3044 3041 3048 3031 3046 3047 3061 3064 3073 3061 3064 3066 3048 3070 3073 3063 3054 3046 3030 3015 3028 3038 3033 3031 3037 3040
3013 3008 3019 3023 3021 3034 3023 3039 3021 3018 3034 3040 3016 3045 3036 3041 3033 3025 3021 3020 3025 3024 3059 3067 3058 3044 3050 3031 3038 3019 3026 3033 3029 3048 3031 3029 3039 3042 3044 3032 3035 3036 3048 3039 3056 3051 3072 3069 3058 3062 3058 3052 3070 3062 3048 3037 3055 3047 3046 3030 3046 3044 3029 3035
2989 3007 2971 2989 2997 3001 3006 2988 2994 2990 3000 3001 3017 3021 3002 3037 3031 3014 3001 2995 3001 3004 3038 3039 3039 3048 3039 3018 3009 3025 3021 3020 3024 3026 3014 3029 3036 3037 3042 3036 3029 3023 3041 3034 3048 3058 3065 3067 3070 3056 3048 3061 3054 3040 3048 3033 3053 3065 3043 3039 3030 3033 3019 3021
2995 2984 2973 2992 2985 3002 2992 2992 2985 2983 3005 3015 3016 3031 3018 3026 3035 3027 3004 3019 3013 3028 3039 3036 3046 3034 3049 3038 3018 3026 3014 3017 3035 3040 3037 3050 3042 3038 3028 3035 3033 3025 3041 3046 3053 3078 3078 3074 3086 3067 3061 3063 3062 3061 3057 3065 3055 3056 3040 3041 3053 3046 3029 3031
2992 2985 2979 2962 2984 2993 2997 2993 3012 3012 3032 3024 3030 3028 3010 3028 3031 3040 3033 3036 3042 3034 3038 3032 3043 3042 3036 3029 3011 3019 3026 3030 3037 3035 3062 3058 3047 3047 3046 3041 3042 3036 3043 3050 3061 3083 3086 3089 3082 3075 3080 3068 3082 3084 3079 3062 3062 3042 3048 3038 3051 3052 3032 3023
2978 2995 3003 3002 2992 2985 3003 3002 3011 3010 3024 3036 3027 3033 3028 3008 3031 3031 3016 3016 3033 3041 3035 3045 3038 3039 3043 3025 3030 3026 3035 3038 3043 3048 3044 3051 3044 3062 3031 3037 3046 3036 3044 3045 3065 3088 3085 3094 3077 3084 3099 3087 3091 3107 3090 3079 3070 3061 3057 3060 3056 3052 3045 3038
2989 2997 3007 3010 3024 3005 3013 2993 3000 3017 3018 3037 3030 3033 3020 3016 3016 3017 3006 3023 3031 3043 3060 3062 3056 3035 3031 3029 3024 3012 3032 3028 3028 3035 3046 3048 3052 3040 3039 3036 3047 3036 3045 3058 3087 3092 3091 3089 3095 3089 3091 3107 3092 3093 3098 3105 3079 3073 3088 3076 3061 3048 3028 3041
2990 2995 3004 3015 3013 3004 3003 3003 2992 3019 3015 3020 3023 3030 3034 3025 3028 3016 3020 3011 3033 3031 3045 3048 3040 3045 3038 3030 3019 3029 3028 3048 3049 3051 3041 3037 3038 3051 3045 3032 3035 3048 3048 3061 3074 3083 3091 3106 3087 3091 3103 3096 3093 3117 3100 3105 3093 3094 3065 3065 3051 3042 3047 3031
2991 3003 2995 3004 3020 3002 3001 2990 2996 2999 3004 3019 3035 3022 3019 3029 3021 3033 3022 3035 3030 3039 3047 3050 3027 3050 3049 3032 3032 3023 3045 3058 3051 3041 3048 3054 3044 3061 3058 3048 3046 3043 3055 3043 3067 3067 3089 3092 3088 3105 3109 3104 3086 3093 3105 3095 3095 3089 3069 3060 3054 3040 3035 3021
2997 2998 3007 2994 2998 3015 3002 2995 2996 2991 3012 3018 3046 3039 3031 3035 3042 3027 3028 3025 3034 3036 3030 3048 3043 3046 3040 3027 3024 3020 3053 3050 3059 3050 3051 3052 3038 3059 3048 3060 3046 3053 3068 3078 3072 3095 3082 3098 3094 3098 3100 3094 3094 3094 3110 3102 3086 3080 3082 3059 3042 3052 3033 3026
3014 3014 3017 3001 3011 3006 3006 3009 2988 3020 3010 3021 3034 3044 3032 3032 3027 3028 3020 3013 3039 3039 3056 3057 3042 3038 3046 3032 3011 3025 3051 3050 3045 3047 3041 3049 3046 3047 3062 3054 3065 3068 3070 3073 3086 3082 3077 3089 3084 3114 3102 3089 3100 3104 3098 3088 3096 3089 3074 3057 3048 3045 3059 3040
3022 3021 3019 3009 3014 3017 3002 3013 3012 3015 3021 3016 3042 3034 3031 3034 3041 3027 3018 3033 3032 3036 3057 3045 3055 3036 3043 3033 3010 3020 3038 3040 3043 3047 3050 3041 3056 3063 3059 3071 3075 3076 3074 3074 3075 3084 3081 3074 3088 3102 3098 3097 3108 3107 3095 3101 3089 3094 3078 3071 3063 3052 3053 3056
3037 3021 3013 3015 3024 3018 3027 3003 3007 3009 3015 3017 3038 3032 3037 3025 3036 3027 3017 3025 3035 3058 3054 3052 3047 3052 3034 3026 3021 3020 3034 3038 3058 3042 3048 3055 3070 3077 3082 3089 3077 3075 3072 3074 3090 3088 3080 3090 3089 3095 3094 3115 3098 3104 3093 3098 3091 3094 3080 3085 3057 3066 3055 3036
3014 3031 3023 3023 3011 3016 3013 3005 3022 3027 3019 3017 3033 3029 3022 3031 3038 3026 3017 3020 3034 3043 3043 3052 3041 3032 3042 3028 3028 3032 3028 3053 3035 3047 3055 3061 3062 3070 3071 3087 3088 3091 3082 3087 3078 3088 3075 3090 3089 3107 3117 3119 3086 3106 3093 3113 3099 3104 3098 3078 3061 3060 3047 3049
3020 3027 3031 3022 3031 3006 3010 2997 3012 3014 3013 3032 3047 3058 3042 3037 3035 3033 3018 3019 3040 3050 3047 3044 3048 3050 3043 3018 3020 3020 3042 3051 3054 3062 3052 3058 3069 3074 3085 3093 3113 3093 3105 3082 3081 3085 3080 3091 3100 3083 3095 3100 3097 3103 3109 3115 3096 3105 3079 3071 3068 3050 3047 3049
3024 3035 3041 3032 3041 3025 3018 2999 3007 3022 3010 3019 3032 3032 3055 3045 3021 3027 3013 3034 3034 3046 3039 3046 3047 3040 3024 3036 3021 3030 3035 3048 3045 3034 3053 3066 3058 3091 3085 3100 3097 3103 3101 3092 3082 3091 3092 3108 3104 3103 3099 3109 3107 3091 3112 3116 3096 3100 3094 3084 3068 3055 3051 3040
3029 3032 3028 3038 3038 3025 3015 3002 3003 3007 3022 3025 3036 3042 3038 3046 3039 3029 3022 3043 3040 3036 3040 3035 3034 3036 3033 3013 3007 3036 3053 3055 3042 3039 3057 3063 3065 3079 3088 3095 3104 3112 3101 3101 3098 3077 3102 3113 3102 3096 3108 3115 3093 3095 3095 3097 3086 3087 3101 3075 3074 3065 3048 3033
3020 3031 3044 3035 3042 3019 3021 3017 3008 3007 3013 3034 3028 3040 3027 3044 3029 3046 3032 3033 3046 3056 3027 3047 3040 3032 3033 3024 3014 3030 3057 3040 3048 3047 3057 3060 3078 3095 3084 3091 3101 3105 3088 3099 3096 3087 3102 3094 3093 3106 3103 3100 3104 3099 3095 3097 3092 3102 3087 3081 3070 3058 3048 3031
3021 3019 3040 3031 3040 3031 3016 3011 3024 3028 3020 3025 3044 3050 3042 3045 3052 3028 3035 3037 3047 3055 3051 3047 3053 3046 3028 3036 3035 3038 3042 3051 3054 3059 3053 3069 3071 3069 3092 3085 3084 3082 3092 3093 3099 3096 3091 3094 3100 3098 3090 3096 3098 3102 3092 3091 3096 3106 3095 3084 3062 3056 3038 3031
3018 3019 3044 3049 3043 3042 3007 3011 3019 3016 3018 3034 3032 3031 3040 3041 3051 3043 3038 3046 3054 3053 3045 3049 3051 3036 3026 3030 3036 3029 3038 3057 3053 3065 3060 3063 3077 3069 3090 3087 3089 3090 3103 3106 3102 3092 3106 3102 3091 3096 3090 3084 3097 3099 3093 3104 3106 3112 3090 3076 3061 3046 3031 3039
3016 3030 3027 3037 3023 3035 3022 3017 3016 3020 3004 3029 3033 3037 3034 3042 3031 3042 3036 3055 3059 3057 3054 3061 3048 3044 3027 3034 3049 3037 3051 3052 3054 3071 3070 3077 3068 3087 3080 3094 3097 3089 3092 3093 3107 3093 3100 3094 3103 3103 3103 3081 3085 3090 3090 3089 3082 3093 3098 3079 3072 3058 3037 3034
3025 3029 3029 3026 3031 3029 3013 3019 3003 3017 3024 3031 3029 3042 3040 3042 3060 3041 3047 3048 3063 3053 3055 3046 3053 3046 3038 3040 3042 3043 3052 3060 3070 3065 3070 3080 3086 3077 3095 3095 3092 3088 3093 3096 3087 3102 3101 3103 3092 3092 3090 3098 3107 3086 3090 3078 3085 3088 3082 3081 3080 3047 3041 3042
3011 3028 3034 3031 3026 3032 3042 3026 3026 3022 3017 3026 3032 3039 3046 3044 3056 3039 3040 3052 3057 3060 3041 3042 3050 3029 3042 3035 3047 3053 3048 3056 3060 3075 3073 3071 3070 3074 3076 3092 3079 3083 3094 3084 3095 3093 3104 3104 3102 3087 3095 3093 3092 3104 3090 3094 3099 3104 3089 3088 3061 3048 3031 3026
3018 3030 3024 3032 3040 3031 3037 3031 3010 3021 3028 3026 3045 3040 3035 3042 3048 3043 3036 3057 3065 3061 3060 3052 3039 3051 3044 3057 3051 3062 3047 3058 3068 3064 3055 3079 3079 3086 3091 3099 3090 3089 3084 3093 3092 3097 3096 3104 3101 3084 3087 3094 3077 3080 3087 3104 3098 3106 3082 3075 3055 3045 3038 3030
3022 3030 3035 3025 3029 3048 3048 3036 3039 3030 3027 3027 3036 3047 3045 3040 3048 3047 3061 3042 3052 3049 3049 3038 3046 3050 3044 3052 3068 3057 3052 3053 3051 3053 3080 3079 3074 3093 3087 3099 3097 3081 3099 3090 3096 3101 3090 3105 3082 3086 3078 3080 3088 3073 3087 3103 3094 3092 3070 3075 3049 3049 3031 3033
3028 3019 3015 3023 3037 3042 3042 3034 3029 3031 3025 3038 3032 3055 3047 3057 3054 3043 3062 3046 3053 3050 3052 3056 3052 3052 3037 3051 3045 3055 3043 3060 3042 3048 3066 3062 3085 3099 3082 3081 3093 3082 3089 3100 3095 3106 3106 3093 3092 3079 3086 3082 3077 3068 3082 3094 3092 3080 3083 3061 3057 3040 3032 3017
3015 3020 3025 3020 3037 3027 3048 3028 3038 3019 3020 3043 3044 3040 3037 3049 3048 3051 3050 3049 3045 3041 3066 3050 3054 3047 3049 3058 3053 3069 3041 3052 3049 3059 3058 3070 3072 3080 3078 3084 3078 3085 3092 3096 3099 3092 3110 3087 3077 3090 3090 3080 3082 3075 3097 3107 3104 3095 3083 3071 3065 3038 3039 3035
3023 3022 3027 3023 3031 3032 3033 3038 3036 3031 3037 3036 3042 3040 3049 3053 3047 3051 3048 3049 3040 3040 3068 3069 3058 3038 3056 3054 3053 3058 3044 3054 3051 3042 3069 3076 3083 3077 3083 3097 3066 3073 3079 3081 3092 3090 3088 3079 3084 3089 3079 3080 3083 3097 3094 3101 3093 3094 3078 3055 3041 3047 3033 3037
3022 3018 3022 3026 3047 3029 3029 3024 3031 3020 3016 3022 3047 3055 3055 3038 3044 3048 3050 3064 3068 3063 3066 3061 3052 3061 3055 3058 3044 3064 3054 3046 3045 3041 3070 3076 3082 3081 3089 3088 3091 3090 3081 3076 3078 3092 3088 3066 3065 3070 3085 3087 3087 3094 3106 3100 3089 3085 3072 3059 3046 3039 3033 3029
3023 3025 3032 3012 3011 3022 3037 3015 3033 3039 3027 3041 3040 3045 3050 3043 3041 3040 3062 3055 3065 3061 3072 3052 3055 3049 3054 3046 3055 3061 3065 3055 3045 3053 3044 3077 3078 3099 3086 3089 3081 3079 3061 3076 3067 3073 3087 3078 3073 3068 3090 3094 3094 3093 3115 3084 3085 3069 3063 3048 3038 3034 3035 3026
3009 3020 3028 3029 3012 3027 3036 3050 3042 3028 3040 3043 3046 3048 3042 3042 3052 3044 3035 3057 3050 3061 3046 3046 3040 3043 3047 3058 3062 3063 3062 3061 3051 3065 3067 3077 3083 3086 3090 3089 3092 3092 3077 3083 3074 3066 3078 3066 3074 3075 3090 3091 3086 3097 3098 3095 3066 3060 3049 3064 3037 3030 3026 3015
3009 3014 3017 3020 3025 3029 3028 3020 3033 3042 3024 3043 3044 3061 3049 3069 3046 3047 3053 3045 3052 3061 3052 3049 3037 3052 3048 3054 3051 3052 3063 3058 3044 3050 3059 3076 3075 3091 3090 3079 3095 3094 3077 3077 3066 3073 3083 3062 3093 3088 3091 3102 3103 3090 3087 3088 3071 3070 3051 3046 3047 3022 3011 3013
3014 2998 3009 3015 3018 3027 3051 3033 3024 3046 3033 3044 3034 3048 3053 3053 3059 3047 3058 3061 3065 3052 3062 3062 3048 3053 3050 3053 3057 3056 3065 3064 3050 3037 3062 3066 3075 3100 3090 3085 3079 3076 3069 3071 3076 3067 3059 3064 3091 3090 3096 3098 3097 3080 3085 3084 3083 3059 3057 3050 3035 3025 3012 3029
3005 3016 3005 3029 3024 3043 3024 3050 3042 3039 3037 3040 3048 3050 3046 3046 3048 3051 3063 3068 3063 3055 3062 3063 3047 3041 3057 3047 3065 3052 3059 3058 3048 3057 3059 3085 3077 3089 3078 3083 3082 3079 3065 3070 3075 3064 3057 3059 3074 3097 3094 3078 3083 3080 3082 3092 3054 3051 3046 3046 3036 3022 3017 3019
3010 3022 3018 3018 3022 3036 3036 3040 3037 3041 3048 3036 3038 3058 3060 3047 3060 3052 3062 3061 3058 3051 3048 3064 3054 3056 3057 3065 3057 3043 3053 3065 3055 3050 3055 3080 3084 3090 3080 3078 3067 3057 3071 3068 3066 3061 3061 3081 3096 3085 3096 3100 3090 3077 3069 3061 3059 3032 3028 3045 3026 3035 3013 3011
3015 3020 3022 3030 3009 3027 3031 3046 3037 3045 3040 3052 3041 3044 3049 3049 3052 3042 3049 3069 3059 3042 3052 3055 3054 3061 3060 3053 3061 3064 3049 3062 3051 3051 3076 3074 3076 3101 3073 3070 3077 3064 3064 3053 3071 3072 3080 3081 3071 3090 3089 3087 3085 3080 3070 3045 3033 3047 3046 3032 3015 3016 3007 3019
3006 3020 3025 3022 3000 3010 3044 3022 3042 3036 3044 3051 3034 3046 3047 3056 3055 3049 3065 3061 3059 3054 3062 3067 3061 3062 3065 3070 3050 3066 3060 3067 3059 3052 3072 3087 3093 3093 3076 3080 3076 3067 3061 3065 3060 3067 3058 3080 3080 3090 3088 3088 3068 3071 3058 3044 3035 3046 3048 3039 3022 3023 3018 3007
3014 3015 3010 3018 3009 3022 3032 3036 3037 3034 3043 3033 3055 3060 3051 3045 3070 3052 3052 3072 3057 3063 3057 3057 3065 3052 3061 3072 3073 3076 3056 3065 3066 3072 3085 3089 3093 3090 3080 3069 3064 3071 3065 3063 3070 3065 3076 3098 3091 3091 3093 3079 3084 3071 3057 3041 3037 3028 3041 3050 3035 3029 3011 3015
3020 3011 3022 3023 3024 3027 3029 3021 3040 3052 3054 3044 3046 3033 3057 3056 3054 3068 3052 3064 3068 3052 3062 3061 3069 3060 3053 3061 3067 3057 3066 3059 3071 3080 3067 3072 3085 3090 3072 3069 3063 3062 3058 3060 3071 3084 3080 3085 3086 3091 3084 3086 3071 3053 3059 3043 3042 3032 3022 3023 3029 3028 3048 3026
3016 3004 3018 3019 3020 3026 3022 3039 3036 3047 3033 3040 3059 3063 3042 3058 3077 3049 3054 3065 3068 3066 3068 3056 3058 3072 3067 3084 3066 3066 3062 3057 3064 3079 3073 3075 3069 3073 3073 3067 3072 3066 3055 3072 3072 3081 3089 3083 3084 3089 3085 3081 3067 3065 3061 3051 3038 3036 3025 3039 3025 3037 3036 3034
3010 3007 3017 3019 3022 3031 3051 3044 3042 3043 3042 3046 3051 3063 3062 3057 3047 3054 3052 3065 3078 3063 3064 3063 3072 3065 3066 3067 3065 3066 3069 3074 3082 3071 3083 3079 3070 3082 3061 3060 3047 3073 3054 3072 3075 3105 3087 3086 3075 3091 3093 3073 3068 3065 3063 3077 3054 3044 3054 3047 3050 3047 3037 3041
3008 3019 3018 3015 3022 3031 3029 3047 3036 3053 3034 3043 3054 3063 3050 3061 3068 3056 3055 3060 3066 3069 3061 3069 3058 3065 3075 3077 3059 3069 3069 3069 3071 3065 3071 3058 3075 3071 3076 3058 3056 3065 3073 3072 3086 3085 3085 3082 3088 3096 3092 3090 3075 3060 3065 3074 3066 3071 3058 3061 3057 3051 3059 3063
3006 3014 3001 3020 3021 3024 3027 3043 3040 3043 3045 3036 3048 3054 3055 3045 3064 3057 3063 3078 3069 3068 3060 3076 3060 3063 3072 3061 3075 3073 3072 3068 3071 3061 3075 3079 3076 3073 3060 3058 3072 3062 3078 3083 3089 3096 3080 3089 3092 3098 3090 3087 3082 3069 3078 3081 3070 3070 3055 3064 3064 3066 3059 3076
2998 3008 3007 3020 3012 3022 3026 3042 3038 3053 3049 3043 3053 3065 3065 3072 3061 3065 3062 3068 3079 3077 3068 3061 3059 3072 3072 3068 3052 3059 3065 3059 3064 3063 3062 3072 3061 3067 3073 3068 3069 3075 3078 3083 3088 3097 3077 3089 3097 3104 3098 3086 3084 3077 3071 3063 3071 3079 3078 3080 3069 3083 3073 3065
3008 3010 3007 3018 3029 3023 3028 3033 3038 3043 3053 3053 3047 3041 3066 3052 3060 3061 3058 3072 3080 3070 3078 3062 3074 3067 3075 3067 3061 3074 3073 3059 3069 3065 3061 3069 3069 3072 3065 3067 3081 3079 3069 3095 3078 3095 3086 3089 3092 3096 3088 3110 3088 3084 3070 3065 3065 3076 3074 3085 3074 3079 3076 3072
2999 3012 3008 3020 3015 3026 3045 3033 3036 3039 3026 3037 3041 3051 3060 3060 3057 3065 3059 3067 3072 3069 3070 3058 3052 3060 3070 3071 3072 3062 3058 3060 3065 3061 3067 3063 3066 3073 3073 3081 3080 3078 3086 3080 3076 3076 3089 3096 3087 3101 3084 3088 3082 3085 3077 3078 3075 3072 3066 3071 3077 3081 3081 3065
3012 3007 3020 3022 3015 3040 3039 3047 3054 3049 3043 3030 3042 3052 3054 3046 3060 3070 3062 3078 3087 3067 3062 3065 3057 3053 3065 3067 3058 3058 3050 3066 3067 3058 3054 3057 3066 3078 3059 3064 3070 3066 3083 3076 3080 3074 3082 3087 3077 3085 3089 3083 3077 3082 3066 3083 3079 3078 3066 3086 3075 3087 3080 3083
3004 3012 3019 3011 3035 3034 3025 3044 3055 3059 3058 3036 3037 3052 3048 3060 3053 3058 3067 3069 3071 3083 3070 3060 3057 3057 3053 3055 3062 3074 3067 3070 3065 3070 3059 3058 3056 3063 3065 3070 3062 3064 3064 3063 3069 3061 3081 3062 3083 3067 3080 3072 3066 3074 3071 3069 3069 3068 3077 3066 3062 3074 3074 3067
3017 3009 3015 3013 3015 3039 3022 3042 3044 3060 3049 3045 3050 3056 3064 3060 3053 3074 3073 3068 3072 3074 3055 3058 3061 3063 3068 3066 3056 3060 3067 3069 3060 3064 3055 3062 3069 3079 3057 3069 3063 3064 3065 3066 3058 3071 3069 3066 3063 3066 3073 3061 3070 3066 3069 3067 3063 3061 3062 3064 3066 3057 3060 3080
3032 3022 3015 3018 3020 3025 3034 3033 3033 3044 3042 3049 3042 3054 3054 3059 3056 3057 3054 3056 3070 3057 3042 3052 3068 3075 3066 3061 3060 3070 3064 3057 3057 3060 3068 3054 3060 3069 3071 3062 3064 3071 3066 3062 3050 3052 3059 3060 3057 3062 3066 3074 3078 3046 3055 3061 3061 3054 3056 3071 3059 3063 3067 3076
3019 3017 3011 3040 3018 3028 3028 3056 3052 3058 3049 3058 3049 3057 3067 3047 3061 3052 3067 3061 3057 3056 3063 3064 3072 3074 3059 3058 3064 3054 3069 3068 3073 3069 3066 3066 3090 3065 3069 3070 3084 3070 3062 3072 3054 3068 3048 3059 3075 3058 3070 3073 3073 3059 3064 3074 3068 3069 3063 3080 3068 3058 3063 3092
3017 3025 3050 3034 3024 3032 3054 3058 3058 3077 3071 3065 3058 3064 3071 3065 3054 3056 3069 3056 3084 3064 3053 3059 3068 3073 3076 3070 3069 3068 3062 3073 3062 3069 3069 3081 3067 3068 3079 3075 3075 3078 3066 3062 3067 3065 3060 3069 3061 3075 3073 3071 3056 3066 3071 3076 3075 3072 3080 3086 3072 3090 3091 3088
3026 3029 3036 3031 3027 3042 3059 3053 3052 3065 3065 3058 3063 3061 3066 3061 3057 3056 3055 3063 3059 3064 3066 3056 3059 3060 3071 3068 3066 3069 3060 3061 3076 3071 3072 3071 3080 3060 3071 3071 3068 3070 3071 3066 3062 3072 3064 3062 3075 3063 3070 3064 3061 3071 3077 3079 3075 3082 3083 3074 3083 3088 3085 3092
3038 3023 3026 3030 3041 3052 3057 3057 3060 3046 3061 3074 3062 3065 3060 3077 3054 3071 3054 3064 3061 3053 3063 3046 3059 3062 3050 3062 3060 3063 3081 3065 3063 3072 3068 3062 3072 3079 3079 3054 3061 3089 3081 3070 3067 3064 3062 3045 3063 3065 3057 3065 3070 3060 3067 3070 3077 3086 3084 3076 3076 3075 3084 3083
3013 3031 3026 3046 3057 3056 3060 3068 3056 3061 3072 3068 3065 3068 3074 3077 3072 3071 3068 3065 3079 3067 3071 3058 3055 3066 3062 3071 3079 3070 3074 3059 3070 3056 3075 3079 3077 3086 3073 3070 3080 3080 3092 3080 3078 3069 3074 3078 3066 3066 3057 3072 3068 3074 3064 3065 3068 3080 3074 3076 3083 3078 3076 3085
3035 3023 3025 3040 3045 3059 3069 3046 3053 3053 3078 3061 3064 3046 3059 3057 3056 3067 3062 3063 3067 3070 3067 3067 3072 3080 3063 3056 3071 3079 3072 3069 3073 3068 3073 3067 3071 3083 3079 3080 3092 3082 3093 3084 3085 3076 3074 3061 3054 3054 3071 3067 3066 3050 3060 3068 3073 3067 3079 3096 3088 3091 3075 3075
3031 3038 3034 3049 3041 3056 3053 3067 3059 3053 3067 3068 3065 3073 3068 3060 3073 3070 3064 3069 3079 3080 3071 3067 3070 3064 3062 3072 3067 3075 3068 3062 3068 3082 3072 3064 3064 3081 3084 3079 3080 3081 3083 3087 3089 3089 3069 3085 3072 3052 3056 3054 3067 3066 3064 3084 3065 3065 3073 3075 3086 3087 3087 3074
3041 3046 3061 3051 3045 3047 3052 3071 3056 3060 3070 3066 3073 3080 3065 3071 3062 3087 3052 3074 3073 3074 3074 3075 3067 3073 3078 3075 3064 3070 3053 3059 3074 3081 3074 3071 3074 3076 3075 3066 3070 3074 3088 3089 3089 3095 3086 3084 3062 3069 3059 3054 3066 3072 3089 3082 3073 3061 3074 3078 3076 3086 3078 3073
