3055 3061 3065 3052 3064 3069 3068 3063 3075 3057 3040 3041 3037 3046 3059 3050 3051 3052 3056 3058 3063 3054 3058 3051 3063 3062 3060 3065 3057 3048 3065 3054 3063 3066 3057 3075 3058 3065 3056 3055 3034 3029 3044 3037 3032 3032 3037 3028 3016 3030 3042 3032 3027 3029 3022 3017 3010 3010 3021 3021 3025 3036 3029 3042
3058 3061 3071 3056 3069 3056 3049 3064 3060 3045 3047 3052 3045 3052 3054 3061 3065 3053 3062 3051 3046 3047 3062 3063 3063 3059 3063 3053 3065 3048 3055 3072 3067 3071 3068 3062 3063 3077 3066 3049 3028 3037 3035 3048 3035 3037 3051 3042 3036 3039 3031 3031 3026 3026 3018 3018 3014 3015 3022 3009 3014 3021 3011 3018
3056 3063 3066 3063 3071 3064 3054 3045 3043 3048 3061 3037 3042 3030 3051 3060 3073 3073 3067 3061 3055 3057 3067 3066 3054 3069 3066 3068 3076 3062 3067 3067 3062 3057 3068 3055 3074 3059 3067 3054 3059 3053 3057 3051 3036 3041 3037 3058 3048 3039 3023 3037 3027 3030 3029 3034 3021 3008 3018 3001 3008 3005 3003 3017
3049 3050 3047 3049 3061 3058 3052 3052 3053 3058 3056 3048 3036 3039 3042 3057 3053 3060 3061 3046 3059 3061 3064 3061 3075 3071 3064 3061 3049 3066 3081 3078 3061 3055 3075 3067 3063 3075 3065 3074 3068 3065 3064 3056 3038 3043 3039 3034 3032 3017 3034 3019 3024 3023 3017 3020 3030 3016 3017 3016 3023 3020 3017 3009
3047 3049 3057 3046 3051 3040 3042 3056 3046 3048 3056 3055 3035 3027 3044 3042 3061 3056 3056 3050 3053 3050 3066 3075 3060 3069 3065 3055 3053 3069 3075 3069 3072 3066 3068 3055 3075 3066 3080 3079 3086 3060 3080 3069 3043 3032 3034 3032 3026 3024 3031 3033 3019 3012 3019 2997 3012 3011 3014 3032 3033 3029 3033 3021
3050 3038 3051 3040 3040 3064 3039 3032 3048 3048 3053 3059 3049 3043 3042 3035 3045 3043 3048 3044 3042 3056 3078 3068 3073 3079 3050 3060 3065 3069 3083 3089 3070 3077 3075 3083 3092 3089 3086 3087 3079 3080 3087 3064 3059 3042 3060 3039 3035 3023 3035 3027 3021 3022 3018 3024 3007 3012 3017 3038 3020 3011 3022 3024
3043 3047 3026 3037 3046 3039 3036 3037 3042 3033 3052 3045 3042 3039 3052 3055 3045 3047 3052 3044 3067 3058 3056 3086 3084 3079 3063 3061 3072 3083 3095 3091 3083 3086 3085 3092 3105 3093 3097 3097 3105 3081 3093 3077 3065 3066 3049 3037 3041 3041 3026 3037 3030 3028 3017 3022 3009 3007 3030 3034 3025 3011 3011 3020
3009 3010 3011 3007 3019 3010 3015 3006 3011 3022 3030 3024 3035 3027 3038 3028 3035 3032 3028 3036 3048 3047 3065 3064 3082 3086 3059 3068 3082 3095 3080 3076 3081 3086 3094 3097 3087 3087 3094 3090 3103 3091 3091 3084 3074 3078 3050 3039 3048 3039 3041 3042 3017 3012 3017 3012 3025 3010 3020 3023 3022 3015 3013 3020
2983 2993 2969 2978 2972 2976 2984 2986 2979 2989 2999 3003 3001 2999 3015 3026 3013 3016 3025 3032 3029 3036 3072 3073 3073 3086 3074 3071 3073 3087 3093 3084 3074 3088 3089 3090 3076 3096 3098 3079 3096 3089 3092 3092 3088 3088 3058 3043 3023 3033 3026 3028 3020 3013 3013 3016 3014 3008 3014 3002 3013 3030 3032 3032
2976 2962 2973 2965 2972 2975 2985 2980 2986 2987 2970 3003 3004 3012 3019 3013 3011 3022 3026 3033 3024 3045 3061 3080 3069 3079 3073 3080 3096 3091 3087 3088 3085 3088 3099 3081 3091 3092 3088 3087 3081 3091 3083 3103 3098 3076 3070 3050 3039 3038 3034 3017 3025 3009 3013 3021 3021 3007 3008 3000 3010 3024 3010 3016
2990 2978 2977 2966 2960 2967 2994 2983 2983 2981 2981 3007 3015 3020 3006 3032 3013 3015 3029 3043 3032 3053 3087 3077 3069 3071 3073 3072 3099 3083 3098 3092 3105 3093 3092 3086 3093 3093 3073 3072 3093 3089 3097 3079 3098 3085 3063 3051 3046 3027 3028 3042 3034 3021 3025 3023 3025 3010 3012 3016 3011 2995 3011 2998
2980 2975 2981 2973 2975 2974 2971 2974 2978 2985 2998 3004 3022 3005 3022 3008 3012 3021 3023 3033 3028 3057 3064 3068 3077 3062 3071 3076 3092 3091 3092 3087 3100 3093 3093 3082 3083 3072 3079 3104 3096 3090 3094 3090 3088 3100 3074 3063 3052 3026 3042 3048 3025 3029 3034 3029 3003 2995 2995 3017 3001 3009 3012 2997
2974 2974 2986 2990 2992 2987 2981 2979 2980 2986 2996 3002 3016 3022 3011 3015 3005 3007 3016 3026 3057 3053 3077 3087 3074 3078 3063 3068 3085 3089 3085 3095 3099 3096 3104 3078 3086 3078 3100 3093 3094 3092 3081 3099 3099 3099 3082 3071 3061 3039 3050 3043 3019 3051 3032 3024 3013 2999 3020 3036 3024 3027 3008 3002
2961 2982 2973 2977 2987 2992 3000 2975 2973 2986 3001 2998 3024 3017 3019 3004 3029 3024 3020 3034 3054 3063 3072 3086 3086 3075 3082 3080 3097 3099 3098 3083 3090 3094 3090 3086 3084 3075 3088 3099 3100 3110 3100 3084 3095 3082 3084 3079 3066 3056 3055 3052 3047 3029 3038 3018 3013 3005 3027 3015 3031 3017 3006 3011
2974 2976 2989 2984 2995 2995 3001 2986 2994 3001 3010 3010 3021 3032 3018 3018 3019 3031 3040 3036 3060 3066 3073 3080 3096 3081 3089 3078 3091 3101 3092 3090 3089 3086 3085 3082 3083 3075 3096 3089 3096 3092 3107 3109 3095 3097 3101 3083 3073 3049 3067 3045 3046 3031 3031 3029 3025 3023 3011 3016 3017 3008 3010 3017
2982 2993 2984 3004 2997 2994 2991 2989 2994 3006 3005 3010 3023 3032 3031 3021 3026 3038 3039 3051 3070 3084 3082 3088 3087 3093 3080 3080 3098 3100 3091 3090 3103 3091 3081 3086 3089 3088 3085 3084 3098 3088 3090 3091 3090 3085 3077 3089 3073 3075 3068 3065 3053 3044 3042 3037 3034 3020 3029 3020 3021 3018 3017 3029
2990 3015 3014 3009 3004 2998 3022 3005 3010 3006 3015 3014 3028 3030 3021 3034 3027 3047 3030 3053 3082 3088 3101 3093 3093 3091 3084 3083 3094 3091 3093 3091 3090 3112 3086 3086 3106 3079 3092 3096 3090 3091 3086 3067 3090 3079 3087 3074 3076 3074 3086 3078 3069 3054 3043 3041 3030 3033 3010 3009 3012 3033 3017 3003
3014 3004 3019 3018 3020 3012 3005 3010 3013 3015 3010 3006 3028 3029 3026 3034 3028 3042 3038 3053 3074 3074 3093 3096 3079 3092 3077 3086 3071 3082 3091 3088 3089 3097 3101 3086 3090 3095 3075 3087 3091 3096 3085 3076 3079 3079 3081 3079 3083 3084 3092 3090 3076 3058 3067 3055 3029 3035 3027 3019 3034 3025 3019 3019
3001 3008 3012 3012 2994 2997 3010 3000 3006 3011 3012 3001 3012 3015 3026 3035 3038 3029 3049 3058 3065 3078 3090 3094 3085 3088 3082 3081 3078 3073 3083 3089 3105 3092 3098 3094 3092 3085 3081 3089 3088 3100 3094 3078 3069 3075 3073 3075 3091 3078 3087 3088 3083 3063 3055 3043 3019 3028 3025 3023 2999 3007 3024 3008
3020 3024 3016 3014 3004 3001 3009 3006 3015 3015 3007 3017 3015 3044 3028 3037 3040 3053 3047 3047 3069 3067 3074 3080 3078 3083 3090 3090 3088 3085 3085 3095 3097 3087 3097 3092 3086 3092 3084 3088 3095 3104 3086 3097 3078 3073 3080 3086 3090 3075 3081 3081 3090 3081 3066 3033 3016 3024 3019 3027 3006 3015 3014 3015
3017 3011 3009 3021 3001 3012 3009 3012 3011 3026 3018 3037 3044 3045 3032 3053 3052 3055 3070 3057 3070 3076 3077 3084 3081 3086 3098 3096 3094 3080 3090 3089 3088 3104 3087 3094 3117 3104 3106 3111 3099 3095 3090 3098 3075 3079 3066 3076 3074 3076 3085 3072 3086 3071 3049 3030 3026 3027 3031 3027 3021 3006 3018 3014
3021 3016 3017 3020 3023 3019 3014 3020 3012 3012 3016 3031 3028 3042 3044 3048 3058 3065 3073 3069 3066 3076 3081 3075 3081 3095 3085 3091 3091 3083 3077 3086 3088 3082 3102 3106 3082 3100 3089 3100 3087 3092 3104 3091 3079 3074 3085 3082 3086 3083 3079 3086 3083 3070 3057 3034 3046 3034 3040 3034 2996 2995 3005 3023
3017 3017 3016 3023 3014 3017 3014 3026 3014 3024 3022 3013 3015 3035 3055 3047 3068 3078 3079 3082 3073 3078 3074 3075 3080 3086 3093 3073 3094 3078 3089 3082 3093 3097 3090 3090 3084 3102 3080 3079 3106 3090 3081 3088 3091 3078 3089 3084 3090 3099 3083 3079 3076 3074 3054 3045 3040 3028 3025 3032 3024 2988 3008 3006
3012 3018 3022 3006 3018 3016 3013 3012 3033 3025 3006 3010 3030 3027 3046 3066 3070 3077 3070 3085 3064 3088 3090 3083 3082 3087 3071 3080 3070 3084 3081 3100 3086 3090 3091 3094 3091 3084 3088 3083 3096 3096 3086 3082 3076 3071 3080 3091 3093 3078 3083 3083 3075 3073 3049 3046 3040 3028 3022 3032 3016 3016 3011 3020
3010 3019 3013 3015 3005 3014 3015 3002 3009 3006 3002 3005 3015 3034 3046 3065 3064 3071 3084 3086 3096 3088 3091 3106 3078 3085 3089 3092 3089 3088 3092 3097 3103 3085 3096 3088 3082 3078 3085 3095 3085 3104 3083 3099 3083 3083 3086 3079 3098 3090 3092 3087 3078 3066 3058 3035 3025 3012 3021 3027 3024 3012 3017 3015
3000 3019 3008 3012 2997 2999 3001 2996 3009 3002 3012 3015 3013 3023 3056 3074 3075 3080 3085 3085 3089 3092 3092 3084 3079 3087 3092 3085 3090 3086 3087 3096 3086 3096 3095 3085 3081 3088 3078 3078 3096 3091 3092 3082 3086 3085 3088 3070 3074 3100 3080 3093 3080 3069 3051 3036 3014 3026 3019 3023 3037 3013 3015 3025
3011 3005 3007 3022 3004 3001 3006 3003 3018 3011 3001 3012 3009 3041 3047 3069 3086 3084 3093 3078 3086 3076 3085 3085 3085 3087 3084 3089 3075 3080 3110 3094 3100 3095 3085 3084 3077 3077 3082 3069 3087 3086 3092 3081 3078 3087 3083 3085 3076 3083 3094 3102 3080 3082 3049 3027 3031 3015 3031 3024 3022 3026 3014 3016
2995 3003 3017 3010 3002 3008 3005 3005 3002 3013 3006 2996 3004 3028 3048 3057 3075 3090 3077 3082 3076 3075 3079 3076 3089 3075 3088 3084 3086 3092 3088 3091 3095 3087 3094 3077 3070 3070 3068 3069 3077 3095 3093 3088 3077 3081 3078 3102 3081 3081 3092 3086 3094 3069 3058 3034 3032 3034 3027 3035 3030 3025 3021 3016
3004 3009 3015 3023 3013 3025 2998 3015 3003 3004 3006 3025 3016 3036 3057 3063 3070 3072 3075 3065 3079 3078 3075 3082 3077 3078 3091 3087 3094 3067 3076 3096 3093 3090 3081 3086 3067 3085 3061 3063 3082 3080 3083 3081 3078 3091 3080 3082 3075 3071 3077 3090 3086 3074 3055 3041 3036 3033 3024 3023 3023 3016 3020 3012
2983 2994 3013 3020 3022 3013 3007 3007 3005 3008 3012 3014 3016 3031 3054 3065 3053 3067 3071 3085 3076 3082 3075 3085 3081 3092 3087 3088 3100 3089 3087 3082 3075 3096 3082 3075 3083 3060 3080 3076 3072 3070 3080 3073 3084 3083 3087 3080 3082 3090 3080 3094 3088 3078 3050 3026 3039 3037 3016 3024 3023 3015 3023 3010
3018 2996 3007 3010 3010 3008 2999 3008 3024 3014 3003 3014 3001 3028 3046 3052 3059 3052 3083 3092 3089 3081 3090 3082 3090 3083 3093 3089 3103 3092 3095 3073 3091 3108 3083 3096 3072 3070 3078 3070 3079 3083 3097 3076 3089 3074 3086 3096 3087 3070 3087 3086 3085 3072 3058 3038 3035 3033 3016 3021 3014 3013 3017 3007
3010 3009 3016 3015 3031 3007 3015 3018 3019 3019 3002 3019 3017 3028 3040 3055 3048 3071 3072 3086 3083 3095 3077 3093 3084 3087 3087 3082 3087 3079 3074 3095 3101 3102 3089 3089 3079 3082 3076 3076 3082 3079 3075 3081 3085 3087 3093 3089 3098 3074 3073 3079 3087 3062 3051 3032 3009 3029 3030 3018 3012 3021 3020 3019
3015 3011 3020 3030 3019 3023 3013 3014 3018 3016 3015 3020 3017 3029 3043 3043 3066 3072 3075 3067 3081 3078 3092 3078 3087 3088 3088 3092 3070 3095 3096 3092 3089 3085 3077 3089 3083 3083 3094 3076 3076 3072 3084 3083 3081 3090 3087 3081 3084 3076 3086 3084 3077 3074 3045 3020 3026 3022 3009 3013 3022 3003 3008 3017
3019 3028 3046 3034 3028 3013 3009 3002 3009 3019 3017 3010 3009 3024 3038 3050 3062 3075 3063 3074 3080 3081 3098 3088 3082 3081 3082 3097 3100 3086 3077 3078 3084 3092 3075 3079 3083 3078 3086 3079 3080 3065 3084 3083 3085 3074 3078 3083 3087 3082 3064 3077 3081 3069 3049 3027 3027 3034 3012 3019 3016 3012 3013 3037
3026 3022 3014 3004 3013 3001 3008 3007 3010 3009 3001 3012 3017 3026 3029 3040 3072 3063 3075 3076 3080 3077 3085 3070 3086 3073 3088 3092 3104 3093 3092 3091 3084 3073 3083 3090 3073 3072 3084 3080 3076 3065 3088 3090 3083 3093 3088 3074 3057 3080 3081 3080 3066 3052 3044 3026 3029 3033 3022 3013 3018 3018 3019 3018
3018 3009 3032 3007 3006 3002 3024 2998 3012 3010 2999 3008 3022 3008 3006 3029 3063 3061 3072 3068 3094 3081 3092 3081 3085 3082 3083 3077 3094 3102 3087 3106 3081 3093 3080 3082 3070 3083 3079 3082 3077 3077 3084 3089 3079 3079 3100 3086 3085 3076 3073 3064 3055 3047 3042 3041 3031 3020 3012 3016 3011 3020 3009 3015
3013 3012 3014 3006 3024 3005 3001 3004 3007 3005 2999 3010 3006 3005 3013 3018 3038 3038 3070 3083 3079 3078 3082 3078 3087 3086 3082 3097 3080 3091 3072 3095 3097 3095 3089 3084 3059 3083 3077 3079 3086 3073 3087 3084 3080 3079 3085 3095 3079 3077 3089 3067 3067 3062 3046 3036 3025 3029 3005 3020 3021 3003 3000 3007
3007 3005 3022 3020 3014 3009 3005 3002 3012 3014 3007 2992 2996 2987 2997 3025 3034 3048 3068 3069 3079 3085 3074 3072 3068 3071 3085 3096 3090 3087 3092 3101 3097 3091 3074 3083 3073 3091 3078 3078 3085 3087 3087 3092 3088 3088 3085 3086 3105 3077 3067 3068 3069 3057 3034 3020 3027 3002 3019 3015 3001 3018 3002 3005
3006 3025 3029 3007 3003 3007 3003 3005 3021 3011 3008 2997 2994 2994 3004 3010 3016 3033 3056 3078 3085 3076 3083 3077 3085 3072 3093 3087 3087 3092 3078 3093 3090 3095 3077 3080 3081 3084 3078 3076 3073 3084 3090 3082 3092 3096 3081 3096 3092 3085 3093 3083 3068 3059 3020 3021 3022 3016 3007 2997 3000 3004 3009 3005
2996 3011 3006 3002 2997 3010 3008 3006 3008 3000 3014 3001 3007 3009 3001 2998 3020 3033 3054 3059 3088 3067 3068 3076 3073 3075 3074 3073 3086 3098 3102 3092 3096 3092 3084 3085 3085 3086 3069 3072 3090 3071 3077 3079 3090 3096 3100 3086 3082 3080 3080 3072 3057 3044 3020 3024 3007 2992 3009 2996 3002 3015 2997 3016
3017 2995 2997 3003 2995 3014 3003 3000 2992 3006 3018 3006 3004 3014 3007 3015 2993 3042 3051 3063 3069 3088 3069 3062 3082 3072 3092 3076 3085 3086 3085 3086 3084 3079 3088 3087 3077 3083 3073 3084 3066 3074 3097 3096 3085 3088 3078 3073 3077 3073 3077 3073 3054 3046 3033 3019 3007 3008 3004 3024 3011 3009 3012 3010
3008 3007 2990 2991 2997 3018 3018 3016 3012 2989 3010 3009 3010 3010 3004 3005 3005 3026 3043 3059 3080 3078 3072 3069 3076 3082 3078 3096 3091 3091 3075 3090 3084 3073 3064 3072 3076 3080 3077 3092 3082 3069 3085 3086 3088 3082 3080 3083 3078 3066 3068 3064 3050 3033 3027 3011 3005 3025 3020 3027 3020 3017 3001 3027
3022 3004 3025 3018 3006 3016 3013 3019 3006 2998 3003 2997 3008 2994 2995 2997 3007 3020 3050 3049 3070 3078 3069 3097 3077 3078 3077 3090 3095 3086 3077 3090 3094 3076 3091 3075 3085 3081 3078 3085 3081 3091 3089 3082 3070 3085 3076 3079 3079 3074 3063 3063 3041 3032 3017 3023 3010 3008 3013 3032 3025 3001 3013 3004
3018 3009 3026 3019 3006 3011 3004 3002 3000 2993 2998 3003 2994 2994 2989 2998 3009 3024 3005 3043 3081 3070 3068 3073 3074 3083 3095 3074 3080 3087 3080 3096 3074 3085 3085 3079 3079 3069 3075 3089 3087 3090 3074 3079 3092 3093 3085 3082 3090 3073 3073 3052 3041 3023 3004 3005 3020 3014 3017 3018 3014 3007 3014 2993
2999 2995 3014 3001 3014 3009 3009 3009 2994 3006 3008 2997 3006 3017 3007 2991 2996 3015 3010 3043 3058 3075 3073 3079 3080 3081 3086 3082 3088 3095 3084 3085 3105 3099 3079 3081 3094 3084 3074 3085 3091 3080 3098 3098 3080 3087 3069 3078 3076 3069 3058 3050 3019 3014 3022 3010 3005 3008 3024 3012 3014 3010 3010 3014
2995 2994 3005 2986 3014 3017 3004 2991 3005 3014 3006 3008 3005 3015 3016 3023 3005 3008 3014 3017 3042 3058 3081 3078 3082 3070 3089 3087 3092 3094 3089 3089 3092 3093 3102 3089 3079 3088 3098 3088 3099 3087 3078 3086 3076 3094 3071 3074 3066 3061 3039 3026 3015 3028 3017 3028 3008 3008 3003 3022 3021 3011 3004 3005
3002 3011 3008 2998 3006 3007 3009 3007 3025 3006 3002 3009 3012 3009 3025 3009 3003 3017 3000 3012 3024 3052 3060 3075 3078 3078 3080 3084 3083 3082 3077 3081 3095 3094 3095 3098 3086 3091 3080 3094 3080 3084 3090 3090 3084 3097 3071 3078 3086 3062 3046 3030 3038 3019 3017 3007 3022 3017 3014 3023 3009 3014 3006 3004
2984 3001 3009 3010 3014 2998 2990 3007 3012 3019 3013 3001 2997 2988 3014 3024 3020 3023 3008 3019 3019 3042 3056 3061 3063 3073 3083 3083 3088 3087 3092 3092 3089 3091 3095 3088 3083 3084 3088 3082 3089 3083 3088 3089 3094 3089 3094 3084 3071 3067 3054 3023 3026 3016 3011 3023 3016 3009 3028 3016 3019 3003 3000 3008
2991 3002 3006 2994 2997 2998 2997 3005 3000 3010 3008 2999 3000 3017 3016 3013 3004 3032 3009 3002 3015 3042 3053 3060 3077 3073 3088 3073 3070 3081 3075 3081 3087 3099 3097 3100 3095 3092 3097 3087 3079 3087 3091 3101 3095 3089 3084 3066 3060 3050 3029 3020 3017 3015 3014 3014 3014 3006 3012 2999 3002 2999 3008 3009
3001 2996 3013 2988 2996 2997 2994 2996 2990 2999 3015 3001 3009 3015 3010 2998 2998 3016 3012 3017 3012 3035 3046 3057 3078 3084 3079 3083 3080 3076 3101 3091 3096 3093 3092 3084 3096 3099 3090 3097 3087 3086 3097 3101 3099 3077 3076 3061 3042 3018 3013 3025 3013 3011 3011 3020 3015 3016 3003 3001 2996 3008 3006 3003
3003 2992 3019 3005 2998 3001 2978 2993 2999 3009 3009 3005 3003 2998 3012 3010 3019 3017 3001 3009 3004 3032 3036 3064 3086 3082 3089 3079 3075 3090 3086 3080 3087 3090 3083 3083 3084 3072 3088 3100 3106 3091 3084 3091 3101 3076 3069 3058 3050 3030 3023 3019 3033 3024 3010 3007 3005 3006 3003 3007 3012 3012 3006 3009
2993 3005 3012 3004 3002 2992 3004 3002 3010 2998 2997 3002 3002 2998 2998 3015 3021 3022 3007 3005 3001 3019 3038 3046 3073 3077 3076 3087 3087 3105 3078 3080 3084 3093 3088 3083 3078 3072 3083 3096 3090 3091 3086 3087 3079 3094 3093 3069 3056 3037 3038 3021 3017 3007 3014 3019 3006 3008 3011 3016 3013 3015 3011 3008
3003 2993 3003 3002 2993 3005 3002 3001 3010 3005 2997 3008 2995 3009 3005 3010 3010 3004 2993 3009 3014 3031 3033 3058 3078 3089 3085 3073 3089 3102 3096 3081 3090 3079 3082 3088 3085 3080 3091 3089 3080 3078 3082 3089 3083 3095 3083 3066 3047 3015 3023 3021 3022 3021 3018 3011 3016 3018 3001 3009 3009 3006 3019 3018
2992 2984 2988 3001 3015 3016 3018 3013 3008 2999 3003 3009 3006 3010 3020 3011 3016 2995 3008 3007 3015 3038 3050 3072 3080 3089 3089 3097 3090 3100 3097 3081 3082 3079 3079 3089 3087 3091 3083 3086 3081 3076 3088 3082 3089 3079 3082 3076 3049 3013 3023 3013 3019 3019 3035 3030 3024 3017 3014 3016 3014 3012 3018 3008
3009 3011 3001 2991 3022 3011 3008 3002 3001 2995 2993 3000 2993 3009 3012 3004 3009 3008 3007 3003 3022 3040 3048 3055 3090 3086 3080 3089 3085 3095 3088 3076 3074 3087 3086 3092 3080 3080 3084 3079 3078 3077 3086 3087 3074 3080 3081 3079 3037 3026 3025 3019 3031 3016 3021 3011 3013 3011 3006 3004 3013 3015 3005 3017
3014 3000 2992 2999 3006 3017 3005 3005 3001 3001 2988 2992 2997 3011 3018 3014 3010 3000 3007 3018 3015 3044 3053 3071 3080 3082 3079 3095 3081 3092 3076 3084 3074 3082 3082 3081 3086 3075 3081 3065 3088 3087 3082 3080 3079 3081 3074 3072 3050 3029 3030 3019 3022 3026 3008 3004 3012 3008 3016 3026 3033 3017 3025 3011
3004 3004 3012 3009 3005 3002 3010 3010 3004 3002 2987 3005 3006 3014 3019 3018 3028 3016 3025 3040 3049 3062 3061 3066 3098 3097 3093 3095 3088 3092 3092 3089 3087 3082 3089 3100 3099 3079 3094 3091 3084 3090 3078 3086 3082 3105 3077 3088 3057 3046 3036 3047 3029 3025 3042 3036 3021 3029 3025 3035 3034 3037 3027 3022
2994 3012 3019 3003 3001 3000 3010 3001 3006 3001 3010 3010 3009 3032 3020 3016 3012 3025 3044 3056 3075 3086 3102 3084 3094 3096 3098 3095 3094 3104 3099 3080 3081 3103 3091 3091 3099 3091 3100 3099 3082 3080 3082 3070 3083 3079 3089 3072 3075 3058 3062 3056 3058 3043 3057 3042 3031 3043 3048 3039 3039 3032 3026 3027
2988 3003 3018 3010 2993 3008 3020 3011 3009 3017 3016 3015 3021 3017 3029 3029 3025 3035 3059 3064 3089 3099 3098 3090 3081 3104 3095 3107 3102 3090 3095 3097 3085 3082 3095 3077 3098 3093 3087 3102 3091 3081 3090 3089 3091 3089 3091 3095 3072 3061 3062 3062 3076 3046 3055 3049 3038 3058 3054 3057 3027 3045 3044 3041
3001 3017 3003 3006 3008 3017 3020 3027 3012 3010 3026 3027 3026 3032 3027 3054 3037 3051 3056 3078 3109 3093 3091 3093 3098 3105 3100 3086 3091 3091 3091 3101 3099 3098 3089 3097 3095 3111 3088 3097 3086 3091 3082 3089 3089 3099 3091 3083 3093 3069 3072 3065 3056 3064 3059 3054 3066 3049 3052 3053 3051 3058 3047 3051
3005 3011 3009 3009 3019 3012 3022 3029 3013 3028 3033 3029 3033 3038 3056 3041 3045 3062 3071 3079 3099 3088 3091 3094 3108 3088 3105 3103 3074 3088 3100 3106 3095 3083 3093 3089 3087 3101 3095 3083 3088 3103 3088 3094 3092 3098 3094 3111 3082 3074 3089 3074 3066 3060 3075 3067 3059 3066 3061 3064 3058 3060 3059 3044
3009 3030 3023 3017 3027 3010 3038 3021 3025 3034 3049 3050 3036 3042 3054 3049 3049 3056 3076 3076 3093 3090 3120 3117 3101 3093 3087 3080 3081 3108 3106 3114 3093 3085 3089 3100 3081 3092 3086 3081 3096 3111 3092 3087 3091 3089 3096 3092 3108 3088 3072 3068 3081 3075 3079 3088 3071 3069 3067 3060 3074 3063 3057 3047
3025 3016 3038 3035 3020 3026 3036 3033 3031 3037 3039 3047 3051 3057 3062 3048 3060 3059 3069 3068 3079 3097 3101 3098 3097 3095 3089 3097 3083 3097 3111 3098 3089 3105 3093 3087 3090 3100 3085 3098 3087 3095 3098 3085 3099 3110 3099 3078 3092 3085 3079 3083 3079 3083 3077 3081 3077 3079 3076 3090 3089 3060 3075 3062
3027 3018 3028 3027 3032 3045 3057 3054 3051 3036 3035 3055 3074 3067 3050 3054 3062 3068 3065 3077 3086 3088 3101 3103 3092 3091 3100 3093 3082 3104 3109 3112 3119 3098 3107 3091 3102 3092 3099 3103 3094 3092 3101 3101 3093 3110 3082 3084 3095 3081 3081 3067 3087 3072 3058 3058 3064 3083 3082 3090 3078 3073 3067 3080
