3037 3047 3042 3055 3057 3054 3048 3045 3050 3046 3044 3034 3012 3028 3036 3036 3029 3035 3033 3035 3032 3042 3037 3022 3028 3035 3036 3036 3026 3014 3032 3025 3036 3025 3020 3035 3031 3040 3039 3039 3056 3040 3038 3047 3039 3035 3038 3028 3020 3004 3027 3028 3019 3021 3018 3022 3030 3023 2996 3008 3004 3009 3002 2990
3037 3041 3040 3041 3041 3040 3037 3048 3044 3048 3030 3024 3031 3031 3035 3034 3030 3018 3019 3018 3028 3039 3032 3034 3026 3047 3032 3041 3025 3037 3023 3043 3036 3036 3031 3037 3049 3058 3044 3048 3049 3040 3052 3038 3046 3044 3042 3022 3037 3026 3025 3016 3017 3012 3018 3034 3011 3008 3005 3005 2996 3000 3008 2997
3039 3044 3050 3042 3040 3046 3038 3043 3044 3025 3015 3037 3036 3031 3032 3026 3028 3023 3012 3027 3024 3036 3040 3042 3027 3034 3046 3047 3038 3041 3038 3043 3044 3046 3053 3059 3075 3060 3059 3065 3045 3055 3054 3041 3039 3042 3042 3046 3050 3034 3014 3010 3009 3011 3020 3015 3002 3015 3007 3007 3002 3011 3006 3018
3038 3047 3049 3048 3051 3059 3034 3035 3045 3017 3032 3024 3036 3027 3027 3036 3029 3013 3022 3015 3027 3031 3029 3035 3034 3037 3036 3043 3042 3038 3035 3031 3045 3052 3061 3055 3069 3068 3051 3049 3052 3039 3050 3054 3042 3042 3048 3046 3047 3029 3025 3016 3018 3028 3016 3023 3016 3019 3008 3009 3010 3008 3002 3013
3011 3038 3037 3042 3056 3040 3031 3030 3026 3027 3023 3030 3044 3036 3020 3017 3014 3024 3013 3025 3018 3026 3034 3028 3027 3017 3031 3027 3041 3035 3057 3047 3060 3040 3041 3052 3052 3062 3055 3063 3069 3063 3045 3062 3055 3038 3035 3044 3039 3045 3032 3034 3024 3021 3026 3024 3021 3015 3005 3007 3013 3010 2992 3002
3032 3018 3031 3035 3033 3028 3042 3024 3024 3036 3041 3033 3027 3029 3021 3016 3002 3011 3013 3020 3015 3025 3033 3033 3035 3027 3041 3038 3042 3049 3048 3041 3045 3048 3049 3064 3064 3072 3063 3060 3054 3050 3052 3057 3044 3043 3044 3035 3046 3036 3031 3033 3036 3018 3023 3035 3022 3021 3015 3016 3007 2991 3000 3007
3023 3010 3015 3024 3036 3033 3010 3025 3034 3035 3031 3040 3031 3029 3015 3012 3019 3020 3024 3007 3020 3020 3021 3031 3024 3036 3041 3046 3039 3045 3040 3039 3056 3049 3060 3063 3074 3076 3073 3042 3070 3059 3045 3053 3059 3065 3039 3023 3039 3040 3045 3035 3026 3023 3021 3010 3024 3030 3034 3026 3002 2989 3002 3010
2990 3002 2986 2995 3004 2999 3017 2997 2987 3002 3001 2996 2991 2994 2984 2993 2998 2997 3003 3004 3016 3013 3016 3027 3027 3017 3032 3034 3034 3037 3027 3031 3032 3038 3038 3038 3055 3068 3073 3056 3052 3063 3047 3063 3061 3054 3056 3046 3051 3050 3043 3029 3026 3036 3033 3029 3015 3027 3016 3025 3014 3000 3000 3020
2978 2969 2972 2970 2990 2977 2976 2973 2973 2979 2982 2997 2985 2973 2982 2981 2979 2972 2977 2988 3009 3004 3007 3010 3012 3022 3012 3017 3022 3017 3027 3017 3017 3011 3035 3038 3069 3058 3050 3060 3070 3064 3052 3067 3077 3077 3065 3058 3062 3064 3062 3051 3037 3056 3037 3017 3028 3026 3029 3031 3008 3008 3010 3006
2968 2968 2961 2963 2983 2974 2978 2968 2968 2971 2966 2975 2984 2969 2978 2988 2968 2986 2994 2988 2999 3001 3012 3008 3009 3019 3022 3030 3011 3015 3032 3016 3025 3039 3051 3047 3061 3062 3062 3070 3076 3078 3078 3081 3079 3089 3072 3071 3067 3068 3067 3049 3056 3051 3030 3027 3020 3029 3021 3023 3017 3013 3003 3012
2972 2976 2979 2978 2971 2984 2989 2977 2967 2976 2965 2971 2971 2978 2981 2989 2976 2992 3002 2991 2994 3004 3016 3020 3015 3017 3023 3029 3022 3014 3039 3021 3023 3037 3060 3061 3061 3068 3072 3074 3086 3091 3091 3094 3092 3083 3078 3106 3084 3083 3048 3052 3053 3042 3047 3033 3026 3031 3036 3038 3026 3017 3027 3001
2963 2974 2967 2984 2985 2984 2984 2971 2981 2982 2971 2984 2996 2991 2983 3002 2984 2987 3004 2996 2995 3010 3004 3016 3013 3020 3010 3032 3018 3020 3027 3027 3040 3047 3072 3083 3076 3064 3068 3095 3085 3097 3088 3093 3099 3091 3096 3090 3077 3098 3075 3053 3047 3055 3060 3042 3030 3040 3029 3024 3023 3018 3013 2997
2959 2977 2983 2978 2982 2975 2975 2981 2990 2996 2993 2988 2985 2993 2972 2985 2978 2978 2986 3005 3005 3003 3009 3007 3015 3021 3034 3032 3028 3030 3022 3043 3043 3058 3076 3077 3093 3081 3095 3097 3101 3100 3092 3083 3095 3103 3089 3084 3080 3082 3072 3059 3067 3055 3051 3060 3041 3053 3023 3007 3025 3006 3014 2998
2959 2965 2979 2976 2993 2971 2974 2999 2983 2983 2981 2989 3004 2986 2998 2990 2994 2991 2985 3002 3014 3012 2999 3021 3006 3016 3023 3007 3013 3022 3037 3055 3062 3081 3076 3090 3097 3081 3101 3095 3095 3104 3097 3096 3101 3094 3091 3096 3095 3091 3068 3072 3056 3062 3058 3034 3053 3043 3024 3033 3024 3001 3022 3009
2957 2971 2982 2966 2970 2969 2973 2972 2974 2992 2986 2985 2969 2980 2987 2994 2997 2993 2987 3003 2992 3019 3013 3016 3005 3020 3018 3020 3009 3028 3043 3060 3067 3069 3081 3080 3091 3083 3103 3099 3094 3088 3088 3102 3081 3093 3083 3099 3109 3094 3079 3069 3068 3055 3053 3036 3051 3047 3046 3026 3032 3028 3027 3009
2967 2973 2983 2983 2987 2987 2981 2983 2977 2983 2984 2987 2991 2995 2990 2999 2980 2994 3000 2995 3000 3014 2996 3004 3013 3014 3015 3011 3021 3029 3053 3060 3077 3081 3078 3083 3090 3085 3088 3095 3097 3088 3085 3088 3089 3080 3101 3105 3085 3095 3093 3082 3075 3049 3050 3058 3058 3057 3045 3032 3029 3025 3016 3017
2977 2980 3000 2993 2983 2994 3012 2984 2989 2981 2987 2985 3002 2984 2991 2980 2993 3006 3006 3006 3010 3018 3021 3016 3011 3005 3013 3021 3016 3053 3057 3070 3073 3072 3079 3084 3080 3088 3098 3071 3073 3086 3079 3087 3102 3097 3079 3093 3087 3092 3081 3084 3067 3049 3069 3058 3068 3077 3059 3039 3013 3008 3013 3034
2979 2997 2995 2994 2993 2999 2998 3007 2980 2991 2999 2982 2999 2997 2990 2987 2987 3002 3008 3021 3016 3018 3017 3016 3008 3024 3020 3021 3047 3055 3073 3079 3089 3087 3091 3089 3081 3079 3091 3072 3076 3088 3084 3088 3093 3094 3091 3078 3079 3080 3073 3074 3074 3069 3063 3074 3071 3081 3060 3051 3040 3012 3018 3015
3008 2995 2993 2996 2986 3012 3004 2992 2999 2996 2993 3002 2989 2989 2982 2987 2981 2986 3022 3026 3017 3017 3028 3014 3016 3018 3025 3036 3055 3073 3068 3080 3081 3086 3074 3091 3087 3089 3073 3071 3092 3086 3077 3083 3081 3085 3087 3094 3097 3104 3090 3094 3086 3068 3068 3076 3094 3084 3079 3064 3046 3028 3031 3016
3001 2983 2994 2999 2983 2990 2997 3004 2991 2998 3005 3003 2996 2986 2999 2992 2993 3003 3001 3014 3020 3018 3021 3021 3031 3020 3037 3048 3058 3073 3092 3061 3083 3083 3087 3083 3076 3084 3078 3078 3089 3079 3085 3084 3095 3077 3096 3086 3088 3097 3095 3084 3081 3068 3084 3072 3082 3086 3074 3080 3033 3027 3008 3023
2980 2984 2992 2995 3002 2994 3000 3001 2989 3003 3001 3001 2986 2998 3005 2990 2981 2997 3012 3004 3023 3030 3024 3030 3034 3049 3046 3054 3077 3088 3084 3101 3077 3085 3079 3076 3083 3077 3078 3103 3082 3092 3084 3094 3088 3079 3093 3089 3080 3091 3096 3081 3085 3076 3079 3085 3087 3076 3072 3064 3057 3018 3027 3002
2998 2988 3001 2989 2995 3005 3001 3003 2983 3004 3000 3010 2994 3012 3009 3015 3006 2994 3008 3026 3018 3028 3030 3040 3043 3042 3043 3065 3069 3086 3080 3080 3092 3088 3077 3072 3081 3079 3077 3086 3084 3086 3078 3088 3079 3087 3090 3092 3097 3086 3093 3090 3094 3080 3090 3072 3081 3077 3070 3072 3033 3035 3027 3007
3005 3009 3008 3024 3012 3005 3025 3016 3008 3014 3033 3016 3020 3013 3017 3009 3003 3021 3008 3019 3014 3013 3025 3040 3046 3057 3054 3062 3076 3091 3094 3086 3079 3076 3074 3089 3073 3075 3076 3085 3083 3085 3085 3077 3088 3097 3077 3085 3083 3099 3091 3092 3085 3091 3087 3092 3086 3092 3061 3045 3034 3023 3022 3017
3013 3012 3013 3002 3019 3016 3018 3007 3000 3012 3013 3020 3026 3014 3006 3018 3012 3017 3006 3008 3015 3016 3034 3045 3042 3055 3063 3075 3085 3072 3078 3073 3080 3071 3061 3068 3084 3073 3078 3071 3079 3089 3083 3091 3097 3099 3090 3093 3095 3089 3092 3082 3088 3078 3084 3087 3085 3070 3071 3053 3038 3025 3022 3011
3008 3002 2998 3014 3005 2994 3000 2991 3008 2999 3020 3001 3004 2996 2995 3002 3009 3015 3011 3021 3023 3027 3038 3058 3046 3067 3087 3081 3087 3084 3072 3081 3071 3074 3084 3074 3072 3082 3072 3087 3079 3079 3084 3089 3090 3094 3090 3103 3094 3103 3100 3086 3074 3086 3083 3078 3087 3073 3068 3044 3028 3028 3014 3008
2991 3001 2993 2995 3011 2998 3005 2997 2996 2996 2986 2991 2998 2997 2996 3002 2998 2997 2989 3014 3019 3044 3049 3047 3056 3059 3067 3084 3075 3073 3069 3088 3073 3081 3084 3067 3072 3085 3086 3083 3080 3085 3081 3094 3095 3093 3097 3089 3094 3087 3094 3089 3083 3066 3070 3074 3077 3089 3059 3040 3024 3029 3026 3019
2999 2995 2982 2987 3005 3002 3016 3000 2996 2985 2984 2998 2997 2995 2993 2985 3000 2991 2990 3004 3011 3029 3060 3058 3043 3067 3077 3057 3080 3084 3081 3096 3094 3088 3100 3099 3088 3075 3080 3095 3093 3088 3084 3094 3086 3085 3090 3096 3101 3095 3104 3101 3081 3062 3077 3080 3085 3087 3078 3062 3043 3028 3026 3037
3006 2996 3005 2997 3014 2999 2997 2994 2986 2981 2984 2998 3000 3003 2987 2988 2989 2999 2987 2988 3010 3025 3044 3045 3045 3050 3072 3071 3069 3082 3084 3081 3099 3095 3090 3081 3086 3086 3082 3079 3088 3094 3094 3085 3097 3104 3099 3094 3093 3088 3076 3101 3081 3060 3080 3089 3086 3084 3075 3066 3038 3039 3035 3037
2995 2999 2995 2990 2999 2998 2992 2992 2979 2991 2984 2993 3000 2992 2992 3002 2989 2994 2978 2992 3012 3027 3051 3055 3061 3062 3064 3071 3090 3088 3082 3092 3084 3084 3096 3077 3077 3088 3071 3081 3074 3078 3084 3092 3093 3098 3089 3099 3096 3107 3101 3091 3091 3077 3097 3081 3094 3083 3066 3071 3039 3029 3029 3035
2997 2988 2992 2987 2991 2993 2997 2988 2972 2984 2999 2992 2983 2989 2996 2988 2990 2986 2993 2996 3002 3018 3058 3062 3062 3073 3069 3073 3071 3072 3080 3076 3082 3095 3090 3082 3069 3073 3082 3076 3091 3086 3088 3089 3095 3101 3093 3102 3095 3096 3089 3089 3082 3089 3094 3092 3081 3070 3076 3066 3041 3030 3033 3034
2984 2973 2987 2994 2993 3004 2989 2996 2989 2989 2986 2992 2979 2972 2997 2981 2986 2979 2984 2996 3010 3015 3041 3064 3073 3062 3067 3061 3081 3079 3086 3068 3079 3073 3082 3083 3089 3079 3080 3082 3085 3093 3092 3093 3097 3088 3088 3102 3087 3087 3098 3092 3074 3087 3069 3100 3083 3090 3072 3072 3050 3046 3035 3021
2995 2990 2994 2999 3000 2995 2999 2991 2993 2994 3003 2978 2991 2982 2990 2990 2982 2978 2993 2995 3000 3026 3046 3064 3061 3065 3059 3051 3065 3099 3062 3076 3074 3071 3078 3092 3064 3087 3083 3086 3093 3097 3096 3095 3089 3086 3089 3097 3076 3087 3089 3082 3090 3092 3096 3081 3090 3080 3056 3062 3045 3045 3029 3028
3001 3001 2994 2987 2989 2997 3004 2994 2992 2985 2985 2992 2988 2985 2990 2989 2992 2990 2983 2992 3005 3017 3030 3044 3049 3061 3062 3056 3079 3084 3081 3080 3080 3082 3072 3090 3097 3080 3091 3093 3090 3086 3094 3092 3086 3102 3083 3096 3090 3101 3094 3089 3083 3091 3083 3093 3086 3081 3063 3053 3035 3026 3014 3016
2995 3011 2998 3007 2989 3001 3012 2996 2980 2981 2990 2988 3009 2988 2987 2993 2997 2993 2987 3008 3000 3009 3032 3046 3051 3067 3081 3066 3075 3072 3071 3068 3083 3074 3087 3088 3089 3075 3083 3098 3095 3097 3092 3097 3093 3091 3095 3085 3096 3094 3094 3092 3090 3097 3086 3083 3084 3078 3061 3042 3038 3025 3024 3016
3012 3011 3009 3010 3015 3013 3023 2997 3003 3007 3010 3002 3012 3012 3000 3000 2995 2998 3011 3013 3004 3014 3026 3051 3061 3078 3069 3080 3071 3069 3077 3069 3076 3076 3086 3088 3080 3095 3081 3080 3096 3096 3079 3086 3084 3094 3095 3096 3101 3093 3080 3092 3077 3074 3079 3079 3085 3073 3062 3041 3035 3018 3035 3026
3007 3011 3010 3024 3005 3019 3010 3015 3003 3008 3014 2999 3018 3005 3017 2999 2987 3006 3004 3003 3006 3014 3030 3061 3056 3073 3069 3076 3077 3072 3072 3073 3069 3092 3078 3085 3077 3095 3084 3094 3077 3093 3085 3073 3077 3086 3099 3096 3089 3082 3069 3099 3081 3090 3089 3086 3080 3070 3065 3035 3016 3030 3030 3034
3001 2996 3001 2998 2988 2994 3017 3012 2997 2995 2989 2995 3005 2996 2997 2992 2993 2994 2989 2987 2981 2996 3013 3037 3048 3069 3068 3072 3081 3072 3072 3060 3075 3071 3082 3080 3092 3076 3085 3099 3081 3081 3093 3087 3103 3084 3088 3102 3080 3093 3093 3089 3092 3089 3090 3082 3078 3060 3063 3058 3029 3015 3007 3015
2995 2988 2988 2987 2996 3003 2992 2997 2996 3006 2991 2997 2993 2980 2992 3006 2982 2983 2983 2985 2973 2989 3012 3031 3044 3043 3070 3071 3077 3076 3067 3069 3067 3093 3076 3080 3080 3076 3089 3079 3101 3095 3094 3083 3088 3087 3089 3085 3085 3071 3105 3104 3085 3097 3079 3083 3063 3075 3047 3040 3023 2999 3010 3004
2984 2990 2995 3000 2996 2995 2997 2995 2989 2987 2986 2984 2976 2990 3006 2997 3001 2994 2989 2986 2988 2987 3000 3022 3037 3040 3068 3072 3073 3075 3090 3074 3075 3072 3075 3067 3082 3087 3087 3096 3098 3095 3092 3088 3083 3079 3096 3091 3095 3088 3090 3105 3100 3088 3094 3080 3082 3080 3062 3039 3022 2995 3018 3025
2987 2990 3000 2991 2999 3007 2995 2984 3002 2991 2980 2993 2981 2989 3005 2998 2993 2985 2996 2996 2988 2996 3009 3009 3020 3057 3055 3069 3064 3069 3065 3080 3077 3075 3066 3068 3086 3100 3090 3089 3097 3098 3089 3103 3101 3089 3104 3100 3097 3085 3095 3103 3100 3089 3090 3084 3091 3059 3051 3030 3038 3006 3010 3016
2984 2985 2989 2990 3004 2994 3000 3008 2997 3005 2982 2990 2987 2981 2987 2996 3003 3011 2999 2992 2991 2985 3008 3005 3016 3020 3042 3057 3077 3083 3092 3073 3076 3069 3077 3075 3088 3092 3097 3092 3104 3088 3084 3101 3088 3104 3099 3090 3085 3084 3084 3101 3096 3087 3077 3077 3066 3074 3056 3041 3019 3024 3015 3021
2983 3000 2993 2997 3010 2994 2997 3000 3004 2999 2997 2988 2996 2983 2991 2978 2991 2988 3003 3007 2987 2985 2995 3003 3001 3008 3034 3061 3067 3063 3062 3068 3073 3060 3066 3071 3083 3101 3090 3097 3084 3084 3085 3084 3090 3090 3092 3084 3081 3080 3095 3080 3094 3078 3077 3073 3068 3076 3047 3028 3030 3005 3016 3021
2977 2989 2981 2996 3009 3009 2994 2992 3001 2984 2996 2993 2990 2983 2996 2986 2985 3001 2990 2991 2990 2997 3004 2992 2984 3001 3028 3039 3041 3054 3075 3070 3054 3075 3072 3079 3075 3082 3088 3089 3087 3082 3077 3085 3074 3087 3092 3095 3071 3097 3084 3090 3092 3091 3084 3089 3077 3070 3057 3023 3020 3005 3016 3020
2983 2991 2975 2992 3005 3007 2980 2981 3003 2987 3006 3008 2999 2994 2984 2985 2995 2988 2992 2989 2990 3002 2997 3003 2989 2996 3017 3036 3052 3059 3070 3074 3080 3079 3083 3082 3066 3067 3074 3091 3078 3095 3088 3090 3085 3088 3087 3095 3086 3085 3085 3079 3090 3080 3089 3093 3083 3054 3041 3030 3005 3008 2993 2998
2999 3007 2992 2993 3004 2988 2983 2983 2992 3002 2998 3000 2983 2987 2992 2993 2997 2983 2987 2988 2992 2995 3002 3007 2997 2994 3018 3022 3048 3068 3057 3058 3073 3083 3078 3067 3078 3084 3086 3094 3090 3092 3079 3082 3086 3079 3081 3094 3084 3077 3086 3093 3094 3092 3077 3080 3061 3061 3021 3021 3016 3010 3012 3000
2992 2999 2999 3001 3003 2999 2988 2999 2988 2994 3003 2997 2990 2997 2997 2991 3007 3006 2989 2986 2978 2986 3002 2992 2990 3003 2999 3025 3060 3070 3074 3064 3081 3073 3081 3078 3077 3082 3090 3081 3084 3107 3092 3095 3084 3077 3106 3094 3072 3097 3100 3101 3086 3088 3074 3064 3047 3030 3027 3021 3026 3020 3010 3002
2982 3001 3006 2999 2994 2997 2988 2993 2980 2991 2992 3000 2998 2999 2993 3005 3003 3000 2997 2989 2984 2986 2980 2989 2985 2988 2995 3019 3039 3053 3064 3068 3066 3071 3077 3065 3077 3084 3087 3076 3080 3098 3098 3090 3087 3093 3096 3098 3087 3084 3090 3105 3088 3087 3062 3061 3039 3027 3019 3027 3016 3010 3012 2990
2972 2994 3003 2988 2983 2995 3002 2991 2988 2994 2986 2991 2997 2995 2977 2984 2991 3002 2996 2987 2986 2984 2970 2987 2995 2992 2994 3017 3043 3054 3054 3066 3056 3074 3082 3077 3065 3088 3082 3093 3092 3090 3086 3085 3087 3095 3096 3099 3083 3084 3086 3098 3100 3084 3063 3043 3022 3027 3010 3020 3008 3014 3003 2992
2986 2988 2994 2990 2996 2995 2990 2991 2981 2982 2987 2979 2978 2996 2988 2989 2996 2995 2982 2995 2977 2985 2976 3000 3009 2991 2995 3014 3042 3053 3061 3075 3077 3072 3079 3080 3075 3075 3080 3099 3088 3093 3087 3088 3096 3101 3097 3097 3095 3078 3087 3095 3080 3057 3053 3039 3019 3011 3014 3017 3005 3003 2994 3009
2996 2989 2994 2988 2983 2974 2990 2986 2979 2986 2986 2983 2983 2990 2974 2989 2992 2986 2986 2987 2995 2987 2998 3006 2993 3001 2986 3004 3028 3051 3068 3077 3077 3075 3087 3093 3081 3073 3080 3087 3111 3088 3083 3089 3088 3083 3074 3067 3073 3080 3089 3087 3068 3055 3049 3034 3024 3012 3004 3004 3005 3009 2999 3010
2998 3006 2989 2988 2995 2985 3002 2991 2983 2977 2980 2980 2980 2978 2973 2980 2991 2996 2992 2991 2994 2985 3009 3002 3007 2995 2996 3007 3030 3037 3048 3082 3075 3077 3085 3086 3072 3083 3088 3088 3086 3098 3111 3080 3089 3103 3083 3077 3077 3067 3087 3091 3062 3049 3032 3021 3022 3010 3013 3024 3004 3012 3014 2990
2978 2984 2994 2986 2996 2986 2993 2987 2978 2988 2988 2975 2990 2982 2986 2988 2990 2988 2990 3001 2981 2991 3001 2992 2997 2995 3001 3006 3009 3043 3086 3083 3078 3087 3084 3077 3075 3091 3098 3093 3072 3080 3083 3081 3103 3095 3080 3089 3088 3076 3076 3083 3056 3043 3045 3025 3033 3026 3008 3016 3017 3018 3010 2996
2995 2993 2989 2981 2992 2990 3008 2994 2980 2982 2977 2983 2976 2998 2977 2984 2994 2984 2987 2987 2990 2993 2990 3002 2993 2989 3006 3017 3022 3047 3061 3071 3073 3069 3085 3089 3074 3094 3074 3071 3089 3084 3079 3089 3087 3085 3082 3087 3086 3080 3090 3080 3068 3046 3041 3030 3026 3038 3023 3016 3004 3019 3025 3023
2987 2984 2987 2986 2977 2971 2978 2992 2991 2975 2987 2982 2980 2971 2975 2980 2983 2987 2993 2993 3003 2992 2998 3000 2986 2995 3005 3000 3010 3057 3059 3065 3071 3072 3090 3087 3088 3089 3082 3076 3074 3066 3091 3090 3076 3086 3093 3084 3091 3082 3107 3095 3075 3050 3036 3031 3024 3040 3025 3019 3019 3018 3011 3017
2979 2975 2988 2995 2986 2995 2978 2994 2996 2985 2993 2988 2983 2983 2997 2989 2992 2986 2981 2999 2997 2993 2992 2986 2976 2983 2999 3001 3007 3035 3059 3077 3072 3093 3082 3102 3084 3088 3088 3076 3090 3087 3092 3084 3080 3074 3080 3086 3084 3092 3089 3088 3068 3034 3034 3026 3024 3028 3033 3013 3006 3020 3014 3009
2977 2970 2993 2979 2983 2996 2973 2990 2999 2986 2978 2983 2989 2993 2984 2989 2992 2988 2999 3014 2988 2989 3000 2988 2992 2985 2979 2998 3022 3045 3060 3069 3073 3072 3079 3101 3089 3090 3084 3089 3088 3087 3106 3083 3073 3067 3082 3078 3100 3093 3081 3094 3052 3037 3024 3012 3020 3018 3015 3021 3025 3025 3006 3007
2980 2994 3011 2985 2986 2989 2989 2995 2990 2995 3001 2985 2996 2990 2993 2994 2990 2998 3001 2996 2987 3002 2991 2992 2983 3005 2995 3000 3043 3048 3075 3083 3082 3080 3075 3093 3087 3086 3098 3076 3085 3087 3091 3080 3088 3096 3090 3093 3082 3088 3089 3092 3071 3057 3023 3027 3010 3001 3025 3034 3021 3030 3018 3015
2983 3001 3013 3004 2999 2992 2988 2992 2990 2997 3011 3007 3005 3002 3003 3007 2985 2993 2991 2999 3002 3010 3010 2999 3005 2995 3004 3022 3049 3063 3080 3087 3084 3090 3088 3096 3091 3097 3083 3075 3075 3075 3086 3087 3101 3111 3091 3088 3096 3085 3089 3079 3072 3038 3053 3049 3026 3009 3024 3033 3037 3038 3027 3018
2978 3001 3011 2998 3000 3003 2993 2986 2988 3002 3001 3008 2999 2998 3009 3005 3003 2999 3000 2998 3007 3006 3009 3010 3017 3015 3011 3032 3052 3070 3078 3089 3095 3079 3084 3085 3093 3085 3085 3074 3091 3084 3095 3089 3105 3098 3084 3082 3084 3079 3087 3091 3078 3067 3059 3050 3026 3021 3024 3030 3046 3039 3042 3035
2974 3008 3001 3005 2998 3003 3003 3009 3012 3003 3000 3001 3000 3000 3006 3001 2997 2995 3002 2999 2991 3007 3029 3021 3028 3032 3037 3059 3056 3071 3089 3087 3080 3098 3095 3081 3088 3088 3072 3084 3102 3100 3113 3097 3094 3096 3089 3092 3073 3075 3083 3084 3082 3066 3083 3058 3041 3029 3041 3049 3048 3052 3044 3035
3000 2996 3010 2990 3000 3005 2995 2991 2996 3019 3008 3007 2995 2997 3017 3000 3000 3013 3015 3013 3009 3037 3039 3046 3041 3043 3065 3058 3075 3071 3087 3083 3082 3087 3090 3092 3095 3088 3084 3077 3097 3089 3097 3098 3092 3091 3087 3083 3082 3091 3094 3090 3087 3067 3069 3054 3050 3048 3053 3049 3046 3042 3045 3035
2989 3003 3002 2998 2998 2989 2989 3010 2999 2986 2999 3000 2996 3010 3010 3016 3010 3017 3026 3024 3028 3040 3047 3076 3065 3063 3081 3088 3080 3086 3087 3084 3088 3080 3098 3091 3092 3083 3088 3075 3091 3095 3103 3092 3096 3099 3089 3091 3092 3086 3075 3071 3071 3083 3071 3059 3059 3054 3052 3052 3040 3042 3045 3045
2997 2988 2999 3000 2994 3004 3005 3007 3004 2992 3011 2999 2993 3004 3007 3015 3020 3027 3026 3042 3029 3044 3050 3067 3062 3069 3079 3091 3087 3084 3073 3076 3078 3082 3072 3083 3088 3080 3093 3089 3092 3094 3102 3096 3093 3083 3103 3090 3081 3088 3093 3079 3084 3085 3085 3079 3070 3063 3066 3073 3057 3027 3056 3053
2997 2991 2985 2995 2996 3013 3006 2998 3004 2999 3005 3001 3006 3014 3036 3044 3031 3035 3044 3039 3055 3050 3047 3046 3063 3070 3070 3078 3075 3094 3096 3084 3094 3071 3077 3078 3080 3092 3089 3113 3098 3106 3099 3087 3083 3094 3090 3093 3104 3092 3080 3083 3080 3086 3081 3076 3070 3071 3082 3078 3074 3065 3067 3079
