3049 3053 3057 3048 3049 3038 3050 3049 3047 3055 3033 3040 3062 3057 3051 3026 3028 3035 3023 3035 3040 3025 3017 3016 3041 3024 3034 3020 3019 3019 3017 3010 3022 3020 3020 3022 3025 3027 3019 3031 3023 3021 3038 3041 3030 3022 3020 3017 3017 3032 3032 3035 3021 3024 3007 3008 3004 2978 2996 3014 2996 2977 3003 3023
3045 3060 3057 3056 3032 3052 3054 3046 3055 3038 3026 3032 3025 3035 3049 3032 3020 3020 3021 3015 3034 3021 3026 3025 3015 3031 3025 3025 3022 3015 3033 3037 3034 3033 3036 3031 3040 3030 3031 3037 3032 3024 3038 3033 3038 3038 3027 3030 3040 3023 3025 3038 3011 3028 3012 3018 3011 2992 3000 3002 2998 2990 3003 3013
3039 3040 3053 3045 3048 3048 3052 3057 3046 3030 3045 3030 3035 3033 3045 3029 3023 3024 3016 3028 3024 3022 3031 3028 3025 3013 3016 3021 3034 3028 3027 3038 3035 3040 3027 3040 3037 3047 3033 3043 3046 3039 3033 3042 3045 3042 3033 3030 3034 3026 3021 3030 3010 3005 3008 2999 3002 3017 3018 3013 2996 3013 3006 2996
3051 3047 3042 3044 3043 3045 3038 3038 3038 3051 3052 3036 3028 3038 3027 3037 3012 3019 3025 3021 3024 3027 3015 3010 3028 3025 3029 3031 3034 3034 3037 3043 3032 3040 3031 3031 3037 3030 3028 3039 3056 3041 3052 3042 3046 3037 3047 3050 3028 3039 3029 3026 3021 3018 3016 3012 3024 3013 3005 3004 3010 2995 2998 3010
3044 3043 3023 3034 3028 3032 3031 3031 3027 3055 3054 3053 3027 3026 3023 3029 3021 3017 3014 3025 3019 3020 3026 3019 3028 3025 3035 3026 3055 3044 3032 3036 3051 3065 3049 3042 3033 3043 3043 3047 3060 3055 3062 3048 3040 3044 3046 3030 3038 3050 3045 3035 3029 3020 3007 3014 3009 3023 3011 3011 3010 2995 3001 3002
3047 3032 3027 3037 3042 3036 3047 3027 3026 3030 3059 3056 3036 3029 3028 3027 3021 3017 3018 3029 3018 3013 3012 3015 3028 3034 3037 3033 3045 3041 3032 3025 3042 3040 3043 3038 3046 3048 3049 3051 3061 3049 3051 3042 3042 3048 3037 3045 3039 3040 3049 3047 3027 3043 3015 3011 3021 3017 3015 3013 3014 3006 3010 3012
3057 3032 3020 3025 3021 3022 3038 3043 3023 3040 3033 3058 3044 3037 3026 3018 3015 3027 3023 3026 3031 3023 3010 3019 3043 3036 3039 3036 3039 3042 3031 3028 3032 3028 3038 3034 3049 3061 3068 3056 3049 3054 3051 3041 3046 3042 3056 3054 3051 3026 3040 3040 3049 3033 3014 3014 3015 3003 3011 3014 3008 3018 3006 3011
3011 3006 3012 2987 3008 3001 3017 3014 2996 3004 3022 3014 3017 3013 3019 3005 3016 3009 3021 3032 3012 3017 2996 3012 3013 3037 3033 3027 3028 3027 3014 3026 3028 3032 3032 3035 3051 3044 3052 3041 3046 3045 3040 3033 3042 3041 3047 3034 3036 3036 3047 3039 3042 3038 3019 3012 3001 3010 3006 3014 3012 3011 3011 3016
2969 2967 2969 2965 2990 2996 2994 2981 2976 2988 3002 3006 3016 2995 2996 2997 2985 2992 2995 2997 2999 3015 3005 3008 3003 3012 3025 3036 3024 3024 3025 3015 3014 3023 3031 3043 3042 3035 3048 3043 3025 3028 3025 3019 3021 3021 3029 3034 3031 3048 3045 3044 3039 3045 3025 3020 3022 2999 2994 3001 3002 2995 3010 2987
2964 2958 2969 2978 2972 2985 2982 2985 2968 2978 2985 3000 2997 2995 2985 2990 2985 2982 2994 2988 2992 3005 2995 3004 3005 3005 3012 3033 3020 3029 3036 3027 3036 3042 3035 3034 3034 3033 3035 3047 3034 3018 3031 3024 3022 3009 3036 3035 3029 3034 3049 3038 3034 3041 3037 3021 3014 3023 3009 3010 3021 3015 3019 3012
2986 2981 2954 2974 2972 2970 2985 2980 2973 2982 2976 2975 2991 2998 2995 2996 2980 2976 2965 2983 2997 3001 2999 2991 3010 3000 3017 3031 3020 3011 3037 3036 3033 3027 3031 3033 3038 3038 3035 3033 3028 3050 3032 3033 3030 3025 3034 3028 3042 3041 3047 3043 3046 3035 3024 3031 3031 3035 3016 3019 3027 3017 3013 3006
2965 2971 2964 2977 2973 2977 2983 2979 2982 2985 2978 2971 2983 2983 2988 2994 2989 2993 2974 2986 2966 2991 2998 3013 3014 3004 3023 3018 3026 3022 3029 3036 3038 3033 3026 3037 3037 3043 3037 3021 3044 3039 3033 3029 3032 3031 3049 3052 3043 3048 3057 3043 3046 3054 3033 3027 3028 3030 3019 3032 3024 3028 3017 2999
2975 2967 2967 2972 2972 2968 2978 2972 2979 2966 2960 2972 2987 2978 2983 2982 3002 2977 2985 2985 2978 2994 2995 3002 3017 3029 3023 3020 3037 3035 3027 3029 3029 3043 3050 3041 3016 3037 3037 3041 3039 3028 3021 3035 3025 3031 3054 3072 3066 3062 3042 3059 3046 3047 3046 3040 3034 3025 3029 3043 3031 3026 3022 3019
2972 2972 2971 2968 2973 2972 2979 2958 2972 2980 2968 2975 2976 2969 2979 2989 2992 2989 2985 2981 2977 2986 3002 2999 3019 3011 3018 3029 3028 3031 3016 3022 3016 3023 3039 3035 3026 3030 3028 3034 3025 3043 3033 3026 3031 3032 3054 3067 3071 3054 3049 3049 3043 3052 3036 3036 3027 3033 3039 3039 3037 3017 3028 3008
2963 2957 2963 2958 2964 2957 2978 2988 2974 2983 2983 2982 2965 2981 2974 2982 2978 2987 2983 2974 2987 2997 2998 3013 3017 3016 3018 3036 3035 3023 3026 3029 3020 3033 3032 3021 3034 3022 3030 3034 3035 3029 3031 3031 3040 3048 3068 3084 3074 3049 3048 3048 3040 3047 3028 3041 3033 3044 3027 3016 3037 3027 3030 3000
2964 2962 2964 2964 2972 2983 2963 2976 2990 2990 2989 2986 2969 2980 2970 2972 2976 2974 2984 2990 3000 2991 2998 3004 3005 3011 3028 3030 3040 3031 3027 3023 3047 3034 3040 3031 3029 3036 3024 3025 3036 3043 3046 3033 3040 3033 3065 3088 3070 3072 3057 3052 3048 3045 3046 3034 3037 3041 3016 3018 3023 3039 3022 3016
2984 2982 2976 2973 2982 2985 2998 3000 3007 2993 2981 2981 2979 2977 2978 2984 2982 2978 2983 2977 2999 2988 3006 2998 3018 3018 3025 3034 3040 3032 3023 3033 3031 3041 3043 3038 3024 3031 3031 3035 3043 3028 3046 3053 3063 3069 3080 3068 3081 3071 3064 3073 3041 3034 3050 3039 3043 3025 3030 3017 3027 3024 3024 3022
2988 2982 2981 2981 2974 2990 3001 3005 3001 2998 2969 2990 2998 2993 2981 2990 2976 2975 2993 2997 2986 2985 2997 3002 3015 3029 3033 3030 3045 3038 3043 3042 3043 3031 3042 3048 3038 3033 3024 3023 3035 3030 3050 3053 3072 3082 3081 3085 3065 3080 3067 3057 3048 3016 3034 3047 3033 3028 3024 3035 3034 3031 3035 3010
3001 2991 2991 2981 2975 2988 3005 2989 3003 3004 2991 2988 3004 2986 2996 2983 2980 2998 2982 2978 2998 2975 2983 2992 3014 3037 3038 3044 3042 3051 3037 3034 3036 3041 3051 3049 3039 3031 3026 3048 3034 3043 3061 3072 3077 3088 3069 3072 3080 3058 3062 3042 3039 3029 3049 3042 3043 3042 3037 3045 3029 3033 3028 3013
3003 2991 2997 2989 2978 2994 3017 3006 2998 3001 3000 2992 3003 2993 3001 2984 2988 3001 2984 2984 2989 2998 3000 2998 3018 3035 3048 3055 3053 3046 3058 3064 3058 3070 3066 3067 3049 3057 3049 3057 3041 3054 3071 3076 3078 3084 3085 3066 3068 3053 3060 3050 3046 3019 3045 3041 3055 3042 3048 3039 3039 3035 3032 3028
2996 3010 3018 3003 2994 3013 3019 3002 3016 3009 3005 3009 3003 2998 3004 3004 3001 3000 2983 2986 2992 2994 2987 2993 3015 3025 3041 3059 3047 3055 3070 3068 3059 3069 3068 3081 3072 3064 3054 3081 3065 3064 3076 3079 3080 3078 3074 3071 3076 3055 3056 3056 3046 3029 3053 3052 3059 3042 3055 3046 3045 3030 3039 3012
2984 3004 3003 2996 2987 2994 3001 3004 3010 3003 2996 3006 3001 3000 2996 2999 2996 2999 2982 2990 2983 2993 2999 2984 3016 3023 3041 3046 3057 3058 3065 3075 3085 3081 3084 3080 3072 3075 3073 3074 3077 3071 3079 3084 3086 3096 3080 3084 3073 3085 3078 3057 3052 3047 3063 3072 3050 3054 3050 3031 3027 3025 3016 3029
2986 2990 2994 2992 3003 2991 2987 2990 2983 2990 2985 2992 2987 2994 2989 2983 2981 2980 2982 2988 2994 2994 3006 3007 3015 3028 3053 3049 3063 3063 3066 3065 3080 3078 3070 3083 3086 3078 3071 3064 3070 3076 3074 3076 3073 3076 3087 3086 3081 3078 3072 3064 3062 3068 3062 3076 3061 3058 3033 3023 3011 3025 3025 3015
2987 2986 2990 2986 2991 2988 2989 2979 2986 2985 2986 2988 2997 2993 2992 2982 2980 2999 3003 2995 2989 2991 3004 3006 3010 3035 3052 3056 3070 3072 3083 3075 3078 3074 3088 3088 3082 3084 3076 3079 3079 3070 3075 3085 3087 3082 3092 3076 3099 3092 3077 3083 3078 3066 3086 3096 3076 3045 3030 3011 3009 3012 3014 3011
3002 3003 2998 2982 2997 2999 2991 2995 2992 2985 2985 2999 3000 2996 2992 3000 2993 2999 3001 2993 2993 2994 3005 3010 3023 3043 3076 3074 3087 3078 3066 3059 3071 3081 3081 3072 3079 3080 3089 3084 3082 3082 3081 3076 3089 3081 3085 3101 3098 3103 3091 3091 3100 3100 3098 3095 3062 3025 3026 3020 3005 3005 3016 3012
2998 3004 2988 3000 3013 3004 3003 3007 2995 2996 2983 2984 3002 2991 3014 2994 2982 2998 3010 3003 2991 2997 3000 3003 3037 3044 3055 3073 3077 3084 3070 3067 3083 3080 3071 3078 3085 3079 3078 3073 3089 3089 3080 3096 3088 3092 3097 3094 3087 3089 3100 3099 3090 3081 3093 3089 3071 3033 3021 3025 3020 2996 3013 3008
3008 3006 3001 3010 2983 3003 3001 3011 3006 3007 2995 2996 3006 3002 3003 2993 3001 3011 3000 2995 2989 2997 2988 3000 3026 3033 3058 3062 3064 3066 3069 3086 3082 3079 3079 3072 3085 3089 3072 3102 3077 3078 3086 3084 3080 3081 3081 3094 3084 3095 3092 3090 3100 3095 3071 3072 3048 3033 3035 3039 3012 3016 3000 3017
3004 2998 2998 2995 2994 3004 3002 2991 3009 2999 3006 3002 2987 2993 2997 3000 3009 3008 2987 2995 2999 2993 2989 2993 3023 3034 3051 3059 3073 3065 3062 3089 3064 3070 3070 3076 3070 3082 3083 3097 3079 3073 3079 3092 3082 3096 3092 3087 3089 3090 3091 3097 3089 3091 3075 3070 3048 3034 3030 3022 3021 3010 3015 3008
2994 2994 3019 3006 2999 3006 2999 3001 3007 3002 2991 2999 2989 2997 2994 3000 3011 3010 2987 2991 2989 2987 3002 2991 3022 3036 3054 3054 3059 3057 3091 3087 3087 3071 3088 3072 3078 3080 3085 3088 3091 3074 3098 3098 3085 3080 3090 3088 3088 3086 3085 3090 3080 3096 3079 3062 3051 3030 3027 3022 3002 3014 3014 3008
2999 2994 3001 3008 3004 3001 3007 2991 3001 2999 3000 2999 3002 2994 2988 2996 3005 2995 2996 2983 2991 2987 2997 3000 3002 3021 3051 3059 3069 3069 3084 3079 3080 3074 3084 3083 3080 3079 3088 3090 3082 3096 3092 3088 3098 3096 3088 3092 3084 3078 3089 3079 3081 3093 3078 3069 3036 3031 3033 3015 3030 3011 3011 3016
3000 2995 3012 3011 3003 3008 3007 2997 2997 3003 3008 3007 3004 3005 3001 2988 2998 2993 2989 2988 2995 3000 2994 2999 3012 3020 3060 3063 3077 3083 3088 3065 3070 3062 3081 3069 3082 3076 3077 3070 3078 3077 3077 3086 3090 3098 3098 3097 3080 3106 3079 3083 3076 3092 3087 3067 3064 3027 3045 3034 3029 3015 3016 3026
2993 2997 3004 3012 3020 3011 3003 3011 2999 3001 3009 2999 2997 3002 3003 2998 2997 2979 2982 2985 2983 2984 2993 3006 3000 3012 3043 3046 3060 3071 3090 3083 3082 3088 3075 3076 3080 3090 3071 3075 3078 3076 3080 3086 3091 3099 3104 3099 3076 3086 3087 3088 3088 3092 3086 3067 3057 3036 3037 3015 3015 3015 3009 3012
2999 2994 3000 3002 3016 3005 2995 3003 2989 2992 2991 2993 3009 2992 2998 2995 3000 3001 2993 3006 2988 2990 2985 2998 3003 3013 3028 3030 3043 3068 3072 3078 3078 3075 3071 3071 3090 3080 3083 3080 3080 3078 3077 3085 3085 3083 3089 3095 3077 3098 3090 3078 3084 3094 3087 3081 3045 3017 3023 3012 3014 3006 3002 3015
3001 2990 2989 2985 3003 3001 3019 2999 2996 2982 3002 2992 2987 2993 3007 2984 2979 2987 2986 2991 2987 2988 2993 3004 3010 3007 3014 3016 3049 3073 3078 3091 3081 3072 3078 3069 3058 3079 3079 3081 3089 3079 3084 3087 3079 3083 3085 3084 3086 3082 3083 3066 3090 3088 3078 3084 3047 3031 3027 3012 3004 3009 3001 3006
3003 2998 2983 3008 3003 3009 2998 2998 2995 2998 2994 2980 2985 3000 3002 2994 2989 2995 2997 2999 2983 2992 2996 3008 3000 3008 2999 3019 3025 3049 3069 3063 3069 3067 3062 3070 3068 3073 3079 3081 3082 3077 3081 3089 3084 3090 3094 3087 3094 3082 3072 3087 3089 3082 3080 3068 3053 3022 3030 3001 3019 3009 3007 3020
2991 2995 2997 2985 2998 2984 2978 2987 2995 2993 2977 3002 2996 2982 2984 2991 2992 2999 2984 2982 2985 2989 3006 3012 2992 2992 3000 3014 3015 3048 3061 3078 3082 3072 3068 3079 3069 3066 3075 3080 3074 3064 3087 3088 3092 3094 3096 3095 3076 3104 3095 3075 3071 3091 3073 3064 3048 3025 3013 3012 3013 3005 3011 2999
2989 2993 2987 2988 2988 2985 2975 2988 2983 2998 2989 2995 2998 2995 2976 2988 3012 2990 2986 3008 3003 3002 3004 3003 3012 2999 2990 3000 3020 3039 3055 3059 3082 3073 3071 3064 3083 3080 3075 3078 3086 3082 3086 3091 3092 3100 3081 3090 3081 3092 3073 3066 3085 3089 3069 3059 3030 3018 3014 3009 3008 3023 3011 3008
2977 2984 2996 2998 2976 2987 2987 2996 2985 2986 2990 2991 2990 2986 2983 2981 2986 2996 2990 3004 3002 3000 2999 2987 2993 2980 2992 2999 3014 3048 3056 3079 3077 3081 3068 3084 3065 3071 3074 3068 3082 3080 3084 3090 3085 3090 3102 3090 3077 3082 3079 3070 3074 3085 3068 3047 3036 3017 3004 3012 3008 2997 3011 3014
3009 2989 2996 2993 2979 2987 2989 2977 2997 3002 2995 2995 2992 2982 2990 2993 2988 2999 3000 3001 2992 2996 2994 2999 2995 2993 3008 3004 3037 3041 3057 3072 3079 3067 3070 3074 3076 3078 3087 3080 3086 3082 3080 3095 3091 3095 3098 3092 3080 3080 3080 3089 3082 3087 3056 3037 3033 3019 3009 3014 3020 3011 3020 3013
3012 2999 2991 2993 2977 2981 2983 2984 2985 2999 3000 2984 2996 3000 2993 2997 2991 3001 3008 2987 2979 2984 3007 2992 2988 3000 2996 3012 3040 3042 3060 3081 3068 3070 3076 3081 3083 3073 3068 3100 3089 3089 3087 3086 3096 3088 3087 3096 3073 3079 3077 3065 3074 3059 3056 3028 3012 3018 3026 3024 3015 3021 3014 3015
2996 2980 2982 2987 2976 2983 2985 2993 2964 2981 2983 3008 3000 2992 2989 2994 2991 2992 2986 2984 2991 2999 2990 2996 2990 2992 2996 2997 3024 3037 3064 3071 3073 3076 3073 3065 3082 3070 3068 3069 3077 3087 3090 3084 3081 3073 3087 3090 3078 3079 3092 3100 3071 3061 3045 3035 3042 3026 3031 3027 3031 3008 3009 3010
2998 2978 2988 2980 2994 2986 2990 2971 2978 2980 2984 2989 3000 3015 2987 2991 2980 2976 2987 3004 2995 2993 2987 2990 3010 2998 3002 3008 3032 3058 3069 3082 3075 3078 3081 3082 3070 3065 3075 3072 3070 3071 3080 3092 3097 3087 3070 3088 3085 3086 3083 3084 3065 3053 3040 3027 3018 3029 3052 3034 3020 3002 3011 2996
3008 2991 2988 2990 2991 3000 3001 2992 2980 2982 2976 2986 2993 3005 2982 2977 2982 2991 2984 2987 2990 2989 3003 2999 2989 2998 3010 3017 3036 3052 3068 3083 3075 3080 3087 3090 3077 3080 3075 3080 3091 3088 3081 3079 3090 3087 3094 3078 3088 3085 3077 3064 3035 3023 3024 3023 3026 3024 3035 3041 3021 3021 3009 3013
3002 2998 2994 2990 2983 2995 2991 2989 2993 3002 2976 2981 2972 2983 2993 3000 2993 2987 2982 2988 2993 2990 2998 2996 3006 3005 3009 3031 3047 3058 3081 3083 3072 3073 3086 3092 3079 3088 3077 3078 3085 3070 3084 3088 3089 3097 3087 3078 3098 3091 3070 3052 3032 3016 2999 3023 3028 3035 3030 3039 3029 3017 3020 3024
2998 2980 2978 2987 2978 2981 2992 2983 2991 2990 3004 2995 2995 2995 2978 2988 2986 2993 2990 2988 2997 2985 2990 2990 3005 2999 3022 3022 3057 3059 3084 3078 3095 3072 3092 3092 3081 3085 3084 3091 3094 3082 3091 3078 3079 3097 3101 3077 3073 3069 3056 3026 3010 3012 3001 3005 3024 3034 3031 3049 3037 3029 3028 3021
3004 2993 2976 2977 2981 2986 2996 2980 2995 2993 3004 3007 3009 3000 3010 2986 2993 3004 2989 3002 2993 2999 2994 2992 2996 3008 3018 3024 3053 3078 3080 3100 3086 3094 3085 3084 3086 3083 3089 3084 3071 3066 3079 3073 3090 3078 3090 3094 3078 3062 3043 3012 2999 3021 2996 3007 3017 3038 3040 3038 3033 3019 3026 3019
2994 3011 2991 2991 2989 2996 2993 3001 3001 3009 3004 2999 3002 2992 3001 2996 2994 2998 3002 3006 3008 3014 3004 2998 3007 3006 3017 3044 3072 3084 3082 3080 3084 3079 3076 3064 3084 3101 3085 3086 3096 3073 3079 3082 3076 3082 3083 3087 3056 3049 3025 3008 3025 3012 2994 3009 3023 3013 3032 3036 3027 3024 3023 3008
3000 3005 3002 3011 2989 2988 3003 3015 2995 3014 2986 3006 2992 2987 2999 3001 3002 2984 2995 3018 3016 3023 3013 3007 3022 3005 3026 3043 3086 3088 3081 3076 3073 3063 3075 3084 3090 3088 3089 3077 3080 3080 3082 3075 3075 3079 3072 3067 3053 3026 3024 3015 3021 3019 3009 3014 3017 3037 3011 3014 3028 3020 3001 3004
3009 2996 2997 2983 2991 3001 2990 3000 2997 3010 3004 2998 2994 3000 2985 2988 2999 2995 2991 3012 3027 3024 3018 3017 3017 3032 3047 3050 3065 3083 3073 3074 3075 3069 3090 3082 3082 3097 3084 3079 3075 3080 3095 3096 3077 3077 3070 3057 3038 3027 3017 3011 2999 3011 3001 2996 3007 3002 3008 3004 3014 3009 3017 3005
2991 3001 2986 2999 2994 2980 2987 3001 2993 3004 3009 2988 2987 2982 2991 2992 3000 3016 3006 3018 3024 3038 3030 3028 3035 3024 3056 3073 3071 3090 3084 3071 3069 3082 3076 3076 3088 3076 3090 3075 3078 3074 3085 3077 3080 3074 3052 3052 3027 3037 3022 3003 2998 2993 2997 3014 3010 3008 3006 3017 3003 3005 3017 3015
2998 2995 2989 3001 2988 3005 2996 3002 2991 3002 2998 2992 2990 2986 2987 2982 3005 3018 3024 3032 3043 3048 3042 3059 3056 3063 3076 3083 3081 3071 3074 3085 3083 3082 3098 3081 3081 3084 3096 3083 3080 3080 3077 3078 3075 3077 3058 3060 3032 3004 3009 3004 3001 3002 2993 3000 2999 3003 2998 3001 3009 2992 3018 3018
2993 2995 3007 2995 2991 2997 2990 2995 2990 2995 2999 2996 2993 2991 3000 3004 3011 3031 3042 3059 3052 3060 3066 3058 3072 3067 3080 3077 3078 3079 3090 3080 3090 3080 3093 3087 3088 3083 3090 3084 3096 3088 3086 3080 3093 3074 3068 3038 3036 3005 3009 2989 3011 3006 3015 3009 3000 3005 3028 2993 3006 3009 3003 3015
2992 3001 2994 2997 2993 2985 2983 2992 2986 2993 3001 3001 3006 3015 3008 3015 3024 3030 3044 3050 3051 3054 3076 3072 3081 3079 3075 3083 3068 3074 3079 3078 3083 3079 3082 3079 3079 3078 3076 3079 3079 3093 3076 3079 3073 3077 3075 3056 3043 3023 3040 3026 3016 3016 3024 3009 3005 3015 3004 3000 3004 3015 3018 3021
2993 2988 2984 2997 2997 2984 2981 2990 2990 2989 3003 3014 2988 3027 3024 3024 3035 3026 3051 3052 3065 3051 3067 3072 3085 3079 3073 3077 3072 3077 3077 3072 3069 3060 3062 3067 3072 3078 3069 3077 3080 3081 3077 3085 3058 3058 3061 3055 3045 3035 3044 3039 3050 3030 3034 3033 3020 3029 3031 3010 3011 3016 3022 3036
3001 2980 2984 3000 3002 2990 2992 3001 3012 3016 3021 3036 3029 3027 3041 3043 3033 3033 3040 3046 3056 3044 3047 3061 3075 3089 3079 3072 3072 3088 3097 3076 3074 3094 3073 3070 3070 3072 3059 3075 3081 3088 3084 3077 3058 3065 3075 3074 3055 3045 3058 3050 3053 3020 3031 3033 3038 3048 3028 3031 3030 3027 3041 3055
3000 3013 2993 2999 3012 3010 3009 3023 3032 3031 3035 3040 3056 3054 3045 3062 3052 3039 3042 3035 3049 3047 3055 3071 3085 3092 3076 3075 3089 3084 3076 3088 3093 3083 3072 3083 3078 3074 3073 3075 3090 3105 3083 3097 3080 3081 3073 3074 3065 3062 3055 3055 3054 3039 3044 3040 3047 3053 3050 3052 3026 3019 3050 3050
2988 3004 2996 3010 3011 3022 3016 3029 3046 3047 3055 3052 3041 3057 3056 3060 3054 3049 3044 3055 3067 3057 3056 3076 3081 3071 3074 3082 3092 3087 3086 3104 3084 3093 3092 3075 3081 3076 3080 3070 3079 3090 3083 3090 3086 3082 3080 3083 3060 3071 3071 3063 3059 3053 3044 3057 3055 3055 3062 3042 3045 3035 3041 3054
3010 3023 3011 3025 3020 3050 3045 3051 3060 3068 3068 3054 3070 3053 3060 3063 3080 3066 3062 3068 3059 3055 3068 3076 3080 3083 3082 3084 3089 3092 3092 3092 3088 3101 3088 3085 3082 3083 3077 3068 3081 3085 3092 3098 3099 3081 3081 3085 3067 3071 3079 3072 3070 3081 3069 3056 3057 3062 3050 3053 3050 3040 3052 3050
3016 3019 3027 3035 3039 3047 3048 3054 3067 3067 3065 3061 3053 3059 3064 3068 3064 3068 3068 3056 3069 3077 3073 3074 3078 3077 3083 3076 3099 3089 3082 3083 3103 3101 3091 3079 3085 3075 3078 3077 3075 3094 3080 3089 3076 3078 3058 3072 3059 3078 3062 3073 3058 3055 3068 3072 3068 3066 3069 3067 3069 3057 3054 3047
3017 3030 3043 3042 3054 3065 3047 3061 3067 3060 3076 3056 3057 3054 3061 3050 3068 3071 3061 3070 3070 3077 3071 3076 3076 3075 3084 3079 3080 3089 3081 3073 3078 3093 3075 3081 3084 3086 3089 3081 3088 3083 3080 3084 3074 3070 3076 3081 3068 3089 3070 3069 3066 3065 3064 3063 3071 3068 3067 3077 3062 3064 3064 3041
3026 3042 3041 3052 3045 3064 3044 3060 3057 3065 3071 3060 3061 3077 3070 3061 3067 3069 3073 3067 3058 3073 3072 3084 3078 3079 3066 3066 3078 3074 3077 3081 3063 3092 3072 3080 3083 3082 3080 3078 3076 3072 3066 3061 3073 3064 3082 3060 3070 3059 3070 3063 3064 3062 3073 3064 3080 3060 3065 3073 3063 3060 3066 3062
3025 3032 3042 3031 3037 3048 3064 3064 3069 3066 3074 3067 3063 3078 3084 3076 3072 3069 3091 3081 3078 3082 3069 3065 3068 3062 3055 3067 3052 3067 3063 3072 3070 3072 3073 3064 3068 3061 3071 3067 3065 3059 3073 3072 3054 3056 3078 3081 3068 3052 3052 3064 3075 3065 3077 3080 3065 3065 3076 3070 3060 3046 3060 3067
3048 3024 3042 3046 3049 3059 3060 3058 3064 3072 3068 3063 3060 3059 3075 3072 3075 3071 3059 3088 3077 3071 3075 3081 3077 3072 3074 3065 3068 3063 3075 3072 3065 3083 3065 3086 3084 3078 3066 3078 3069 3072 3074 3066 3060 3058 3068 3054 3061 3068 3069 3078 3075 3074 3079 3063 3055 3059 3073 3075 3077 3040 3065 3069
3043 3041 3035 3049 3053 3044 3073 3073 3081 3076 3060 3074 3064 3069 3064 3076 3067 3066 3078 3083 3080 3081 3067 3066 3070 3084 3079 3088 3067 3073 3064 3082 3074 3090 3094 3087 3091 3079 3068 3082 3085 3081 3067 3057 3056 3081 3063 3060 3059 3067 3065 3069 3080 3088 3069 3061 3052 3065 3072 3092 3077 3060 3051 3060
