3065 3059 3062 3052 3057 3056 3063 3058 3055 3045 3033 3043 3037 3033 3051 3039 3037 3034 3034 3047 3028 3040 3026 3030 3029 3030 3023 3045 3046 3023 3024 3034 3021 3030 3030 3011 3021 3026 3033 3025 3018 3021 3017 3020 3009 3024 3014 3039 3022 3012 3016 3022 3002 2998 2991 3000 3008 3005 3013 3024 3007 3009 2994 2994
3060 3056 3070 3058 3050 3060 3048 3052 3049 3062 3035 3047 3035 3047 3043 3039 3041 3037 3042 3041 3031 3029 3024 3017 3049 3045 3028 3034 3039 3043 3030 3031 3037 3038 3029 3034 3036 3019 3030 3028 3022 3006 3019 3019 3008 3018 3015 3017 3016 3015 3015 3020 3015 2995 3001 3007 3021 3014 3021 3014 3009 3013 3004 3006
3059 3062 3056 3060 3054 3060 3045 3049 3040 3052 3041 3051 3057 3039 3040 3037 3015 3039 3039 3063 3037 3043 3032 3044 3038 3039 3026 3038 3057 3045 3041 3041 3034 3013 3024 3026 3030 3026 3029 3011 3023 3015 3025 3031 3020 3032 3022 3015 3015 3033 3018 3021 3026 2997 3006 3022 3025 3020 3022 3011 3011 3014 3020 3008
3052 3070 3043 3052 3059 3049 3049 3031 3040 3047 3040 3039 3051 3033 3050 3048 3033 3028 3037 3032 3048 3044 3037 3031 3028 3032 3048 3035 3051 3037 3046 3041 3035 3047 3032 3034 3044 3024 3025 3020 3011 3026 3026 3019 3013 3016 3024 3016 3010 3028 3015 3013 3018 3010 3016 3013 3018 3011 3023 3002 3013 3016 3003 3019
3045 3043 3039 3046 3071 3053 3035 3031 3041 3030 3026 3024 3039 3047 3026 3035 3044 3051 3053 3028 3035 3038 3034 3037 3027 3039 3058 3046 3041 3043 3032 3042 3058 3057 3052 3059 3046 3035 3025 3008 3015 3025 3014 3012 3013 3030 3030 3026 3027 3015 3016 3013 3018 3019 3019 3016 3019 3001 2992 3003 3026 3009 3001 3016
3047 3045 3032 3045 3035 3031 3033 3041 3038 3023 3035 3042 3040 3044 3050 3030 3031 3033 3047 3041 3039 3026 3035 3037 3032 3031 3049 3046 3051 3044 3040 3044 3038 3051 3053 3055 3036 3041 3039 3043 3039 3012 3025 3008 3018 3033 3027 3022 3015 3025 3011 3014 3023 3025 3004 3006 3010 3014 3014 3008 3011 2998 3019 3007
3049 3045 3038 3034 3034 3022 3039 3034 3024 3027 3036 3033 3031 3050 3042 3036 3033 3039 3044 3037 3035 3037 3036 3031 3018 3038 3045 3041 3042 3049 3052 3048 3057 3049 3044 3063 3050 3047 3054 3053 3034 3028 3021 3020 3012 3022 3011 3027 3011 3015 3015 3013 3013 3013 3005 3018 3027 3035 3021 3003 3009 3025 3000 3007
3004 3021 3002 3018 3001 3001 3012 3001 3008 3017 3005 3011 3028 3033 3019 3016 3019 3026 3035 3041 3029 3030 3028 3031 3033 3034 3033 3029 3040 3041 3035 3033 3046 3042 3048 3046 3055 3055 3042 3037 3021 3026 3024 3018 3017 3018 3013 3014 3015 3022 3017 3022 3012 3008 3002 2995 3020 3029 2994 2997 3010 3003 3010 3009
2966 2967 2970 2979 2964 2983 2999 2993 2993 2984 2980 2999 3004 3012 3006 3013 3012 3035 3021 3029 3035 3026 3021 3040 3028 3038 3016 3032 3021 3035 3030 3032 3037 3033 3048 3051 3045 3023 3034 3026 3029 3036 3035 3035 3023 3004 3018 3007 3011 3030 3001 3007 3006 3001 3000 3012 3015 3000 2997 3005 2995 2994 2988 3004
2972 2970 2969 2983 2980 2980 2990 2996 3001 2999 2988 3009 3014 3012 2995 3007 3014 3017 3023 3013 3043 3030 3023 3036 3028 3028 3009 3024 3021 3037 3031 3041 3051 3036 3043 3043 3036 3044 3035 3046 3035 3026 3050 3036 3030 3030 3023 3006 3003 3020 3016 3006 3017 3001 3000 3014 3000 2995 3004 2998 2987 2994 2997 3002
2980 2963 2998 2970 2982 2971 2977 2998 3022 2999 2992 2994 3025 3026 3012 3018 3006 3009 3026 3018 3030 3027 3036 3031 3035 3028 3023 3023 3041 3036 3036 3052 3053 3042 3046 3033 3038 3029 3033 3045 3035 3026 3039 3029 3040 3031 3039 3032 3027 3020 3013 3011 3015 3023 3014 3004 2999 3012 3003 3000 2996 3006 3005 3007
2975 2967 2979 2979 2981 2982 2982 2989 3004 3001 3001 3001 3020 3008 3015 3035 3025 3025 3013 3017 3024 3020 3019 3027 3036 3029 3024 3022 3029 3044 3054 3046 3049 3041 3046 3039 3032 3024 3027 3046 3033 3022 3022 3024 3029 3050 3038 3051 3038 3015 3006 3023 3004 3007 3009 3010 3017 2999 3002 3005 2990 2989 2998 3001
2987 2969 2976 2980 2990 2994 2997 2994 2999 2988 2982 3001 3024 3022 3029 3031 3021 3022 3027 3021 3032 3022 3033 3020 3029 3037 3032 3044 3031 3040 3044 3056 3047 3037 3046 3049 3040 3028 3020 3028 3043 3036 3040 3030 3043 3047 3057 3044 3042 3037 3021 3016 3024 3028 3019 3020 3018 3010 3017 3008 3006 2994 2988 2990
2979 2996 2992 2984 2977 2992 2996 3001 3002 2989 2999 2998 3011 3024 3025 3033 3034 3036 3044 3037 3029 3039 3025 3038 3015 3025 3026 3039 3056 3048 3050 3053 3052 3051 3053 3052 3048 3039 3026 3033 3042 3029 3032 3035 3043 3047 3048 3052 3044 3040 3024 3004 3010 3010 3010 2996 3008 3016 3009 3020 2994 3003 3003 2997
2995 2986 2983 2984 2973 2975 2979 2985 2990 3000 3022 3014 3028 3018 3026 3032 3036 3027 3053 3032 3027 3036 3034 3029 3024 3031 3043 3035 3059 3046 3057 3045 3065 3061 3062 3047 3065 3045 3037 3034 3035 3029 3042 3038 3050 3051 3048 3050 3050 3053 3040 3041 3014 3018 3022 3010 3007 3004 3025 2999 3004 3014 3015 3011
2992 2998 3002 2981 2985 2993 2989 2998 3011 3014 3017 3030 3010 3021 3038 3027 3030 3031 3040 3034 3030 3027 3040 3029 3030 3047 3032 3047 3060 3073 3064 3053 3050 3064 3056 3062 3049 3049 3034 3050 3031 3041 3038 3037 3032 3041 3050 3043 3058 3045 3035 3029 3029 3018 3022 3002 3007 3007 3015 3000 3012 2999 3007 3002
3004 3006 3004 3009 3013 2994 2987 3012 3023 3030 3021 3026 3032 3036 3034 3037 3029 3020 3026 3026 3023 3024 3031 3023 3023 3023 3038 3045 3055 3071 3069 3070 3070 3068 3074 3072 3055 3046 3041 3040 3041 3039 3033 3034 3033 3037 3050 3061 3033 3036 3040 3024 3018 3011 3010 3008 3002 3006 3011 3004 3001 2994 2993 3006
3009 3008 3008 3011 3004 3015 3007 3015 3040 3029 3016 3024 3034 3030 3041 3046 3032 3027 3038 3035 3029 3031 3042 3035 3021 3030 3033 3041 3053 3070 3067 3085 3084 3061 3065 3067 3060 3054 3043 3037 3044 3024 3049 3046 3041 3023 3043 3044 3036 3045 3048 3034 3037 3007 3011 3010 3018 3003 2993 3008 3003 3006 3002 3001
2998 3030 3018 3019 3024 3011 3002 3022 3033 3041 3024 3036 3035 3040 3048 3046 3042 3037 3030 3032 3033 3024 3045 3027 3029 3046 3048 3052 3073 3069 3076 3099 3066 3071 3060 3053 3047 3042 3024 3026 3031 3032 3027 3020 3040 3040 3047 3043 3044 3047 3042 3050 3041 3021 3019 3017 3023 3010 2994 3004 2987 3016 2996 3008
3004 3006 3021 3018 3012 3026 3018 3020 3034 3035 3026 3033 3029 3042 3050 3055 3043 3036 3030 3032 3031 3040 3038 3034 3043 3044 3053 3058 3081 3084 3082 3089 3080 3070 3078 3061 3048 3047 3033 3038 3040 3043 3026 3037 3041 3042 3056 3039 3055 3043 3049 3043 3028 3019 3022 3013 3024 3017 3002 3000 2997 3013 3000 3000
3011 3014 3011 3002 3018 3025 3021 3027 3041 3035 3034 3050 3029 3029 3049 3033 3049 3040 3039 3032 3029 3038 3033 3024 3044 3037 3041 3053 3081 3080 3090 3081 3073 3076 3079 3063 3059 3040 3061 3056 3042 3030 3027 3034 3049 3062 3046 3043 3050 3038 3057 3038 3031 3025 3017 3015 3021 3007 3007 3000 2999 3022 3016 2999
3008 3015 3020 3011 3030 3010 3029 3045 3031 3029 3038 3039 3040 3044 3035 3038 3036 3044 3036 3039 3042 3029 3040 3038 3033 3038 3054 3064 3071 3085 3093 3075 3071 3072 3073 3072 3062 3042 3065 3049 3039 3038 3034 3032 3041 3038 3051 3048 3057 3049 3037 3046 3045 3037 3020 3019 3028 3031 3015 3007 3020 3019 3020 3001
3018 3015 3025 3031 3025 3037 3045 3026 3033 3041 3046 3050 3036 3032 3033 3029 3033 3042 3023 3036 3048 3035 3036 3045 3034 3046 3070 3079 3089 3093 3078 3089 3085 3073 3090 3086 3058 3042 3040 3048 3059 3032 3043 3042 3050 3041 3040 3053 3057 3058 3057 3055 3041 3043 3051 3037 3033 3043 3036 3024 3012 3000 3018 3030
3023 3023 3012 3027 3032 3041 3052 3033 3042 3028 3046 3040 3038 3045 3030 3033 3031 3034 3027 3042 3050 3055 3048 3040 3038 3052 3069 3076 3096 3084 3086 3079 3081 3090 3090 3101 3064 3056 3051 3048 3053 3043 3036 3046 3054 3047 3045 3054 3047 3070 3045 3068 3047 3051 3049 3037 3041 3036 3033 3016 3019 2998 3020 3024
3011 3024 3012 3003 3017 3022 3029 3037 3030 3029 3023 3028 3049 3041 3036 3045 3040 3029 3040 3031 3046 3046 3040 3043 3066 3069 3084 3099 3094 3099 3084 3077 3083 3082 3091 3089 3059 3061 3054 3046 3064 3038 3040 3036 3053 3057 3051 3050 3069 3060 3062 3058 3048 3047 3032 3035 3019 3016 3009 2997 3007 3009 3014 3025
3003 3011 3011 3009 3021 3004 3026 3022 3034 3034 3027 3036 3044 3043 3046 3040 3051 3042 3036 3042 3058 3042 3046 3054 3065 3092 3089 3086 3105 3075 3096 3072 3092 3085 3087 3074 3073 3065 3057 3054 3044 3053 3044 3048 3056 3059 3049 3047 3077 3074 3056 3060 3071 3042 3025 3025 3033 3028 3001 2989 3008 3007 3022 3030
3020 3008 3015 3017 3007 3020 3012 3021 3029 3039 3044 3037 3034 3050 3044 3050 3052 3048 3048 3046 3052 3049 3058 3057 3073 3086 3105 3097 3084 3102 3085 3096 3106 3082 3086 3095 3086 3061 3045 3057 3052 3046 3061 3061 3071 3065 3066 3061 3071 3072 3067 3063 3049 3047 3038 3022 3023 3017 3013 3000 2998 3021 3017 3037
3009 3016 3017 2997 2998 3008 2999 3008 3032 3029 3044 3051 3051 3039 3067 3057 3053 3060 3067 3058 3044 3054 3043 3062 3077 3080 3102 3090 3093 3091 3098 3093 3099 3096 3090 3089 3070 3071 3053 3046 3039 3050 3060 3071 3085 3075 3061 3051 3071 3088 3063 3053 3048 3032 3031 3015 3021 3010 3003 2997 3012 3014 3019 3032
3016 3001 3008 3010 3006 3010 2998 3013 3001 3021 3044 3056 3056 3054 3050 3044 3057 3057 3069 3063 3043 3060 3054 3067 3080 3075 3090 3083 3114 3092 3095 3090 3095 3093 3101 3079 3082 3056 3058 3048 3046 3049 3056 3071 3070 3068 3085 3075 3080 3086 3071 3039 3050 3020 3021 3018 3029 3015 3011 3002 3010 3020 3016 3008
3005 3004 3006 3008 2995 3003 2995 3012 3002 3014 3027 3037 3038 3056 3049 3075 3076 3076 3074 3060 3050 3057 3069 3069 3069 3075 3089 3092 3097 3090 3111 3090 3092 3100 3104 3087 3074 3079 3049 3073 3062 3053 3082 3076 3085 3075 3082 3064 3076 3084 3063 3040 3039 3015 3004 3013 3006 3014 3012 3014 3009 3015 3031 3016
3013 3013 3006 3001 3009 3008 2995 3009 3016 3021 3016 3043 3050 3054 3059 3074 3090 3078 3077 3067 3071 3088 3083 3075 3093 3102 3089 3090 3100 3095 3096 3093 3098 3109 3091 3102 3094 3079 3075 3081 3068 3073 3084 3092 3103 3095 3095 3083 3085 3082 3067 3049 3025 3022 3001 3003 3015 3015 3005 3014 3018 3032 3023 3030
3006 3003 2999 3010 3002 3011 2990 3008 3010 3018 3017 3043 3053 3057 3075 3088 3091 3083 3073 3090 3075 3080 3081 3091 3098 3086 3089 3101 3102 3094 3108 3106 3110 3101 3096 3098 3099 3076 3087 3096 3080 3082 3096 3094 3096 3098 3106 3090 3090 3092 3050 3043 3028 3007 3010 3004 3018 3021 3004 3010 3016 3019 3013 3028
3027 3000 3011 3019 2998 2995 3013 3003 3022 3008 3009 3027 3055 3069 3071 3091 3105 3094 3095 3090 3087 3074 3081 3088 3095 3097 3092 3092 3097 3093 3099 3094 3095 3103 3099 3098 3099 3097 3098 3099 3098 3088 3084 3103 3079 3090 3089 3104 3093 3084 3056 3045 3019 3006 3015 3010 3013 3018 3011 3010 3021 3018 3023 3032
3019 3011 3010 3021 3011 3010 3012 3003 3008 3007 3019 3031 3063 3065 3067 3083 3094 3089 3085 3081 3092 3090 3089 3078 3093 3088 3082 3099 3080 3097 3118 3110 3110 3111 3098 3095 3095 3108 3113 3098 3100 3092 3088 3098 3090 3087 3094 3097 3094 3078 3062 3041 3029 3019 3036 3018 3012 3010 3018 3014 3017 3013 3017 3019
3019 3015 3015 3012 3010 3011 3015 3013 3013 3028 3027 3043 3065 3073 3077 3085 3082 3103 3091 3096 3099 3094 3094 3083 3087 3087 3099 3091 3105 3111 3102 3101 3088 3089 3102 3119 3113 3105 3093 3092 3108 3103 3096 3091 3085 3079 3090 3090 3090 3088 3061 3042 3030 3008 3022 3024 3012 3023 3023 3034 3002 3009 3019 3025
3013 3014 3012 3019 3021 3017 3011 3010 3019 3022 3027 3044 3062 3071 3066 3087 3089 3089 3096 3082 3103 3102 3103 3086 3085 3078 3090 3109 3110 3102 3096 3086 3096 3101 3113 3118 3100 3104 3102 3107 3098 3095 3091 3102 3104 3082 3095 3086 3084 3085 3062 3062 3029 3029 3025 3026 3024 3031 3015 3019 3018 3011 3003 3012
2990 3004 3004 3001 3002 3007 3000 3004 3017 3019 3011 3024 3060 3059 3077 3075 3084 3084 3086 3095 3081 3093 3108 3095 3093 3087 3078 3091 3102 3099 3096 3102 3098 3093 3103 3099 3108 3099 3103 3107 3101 3111 3101 3097 3082 3097 3081 3106 3098 3098 3074 3056 3034 3021 3018 3023 3020 3017 3002 3004 3013 3017 3023 3023
2998 3000 2993 3008 3019 3002 3007 2994 3009 3014 2999 3037 3063 3082 3078 3093 3089 3059 3089 3099 3078 3084 3089 3102 3094 3089 3078 3089 3104 3089 3102 3090 3086 3106 3104 3104 3092 3103 3102 3101 3107 3107 3099 3098 3101 3089 3078 3081 3094 3096 3064 3057 3028 3026 3006 3012 3006 3031 3004 3000 3014 3008 3017 3018
2997 3014 2998 3002 3002 3006 2998 3001 3004 3022 3009 3027 3056 3077 3093 3083 3084 3073 3079 3079 3074 3085 3094 3101 3081 3103 3090 3106 3090 3106 3086 3097 3088 3101 3094 3111 3096 3107 3088 3103 3089 3087 3094 3091 3079 3087 3084 3090 3098 3073 3063 3045 3016 3015 3024 3018 3014 3018 3009 3014 3007 3008 3007 3014
3006 3006 2993 3011 3002 3008 2989 3003 3012 3026 3025 3035 3056 3070 3082 3078 3076 3080 3075 3086 3085 3091 3093 3089 3089 3103 3098 3097 3093 3095 3085 3095 3100 3111 3103 3107 3104 3097 3099 3102 3101 3109 3086 3093 3097 3095 3096 3083 3095 3077 3067 3042 3015 3022 3011 3017 3011 3008 3012 3015 2999 2992 3011 3010
2994 3003 2993 2994 3014 2988 3015 3004 2994 3011 3021 3022 3037 3059 3071 3082 3075 3097 3085 3086 3081 3094 3103 3090 3083 3086 3088 3092 3091 3104 3091 3100 3106 3106 3111 3090 3095 3101 3100 3092 3105 3099 3093 3099 3103 3095 3099 3105 3085 3082 3054 3013 3024 3021 3023 3020 3016 3014 3014 3010 3015 3002 2997 3005
2993 2986 3005 3002 3001 3017 2993 3021 3003 3010 2990 3006 3024 3058 3062 3082 3090 3095 3085 3086 3073 3076 3097 3085 3093 3086 3090 3098 3110 3093 3092 3093 3105 3111 3104 3100 3115 3101 3102 3107 3106 3093 3092 3090 3101 3086 3091 3086 3080 3078 3034 3025 3015 3008 3018 3017 3008 3003 2999 3020 3004 3001 3006 3007
2996 3003 3011 3010 3007 3016 3009 3014 3002 3013 3001 3010 3010 3039 3063 3073 3090 3092 3085 3081 3080 3084 3077 3093 3097 3100 3104 3102 3105 3104 3083 3097 3120 3102 3103 3113 3112 3106 3115 3090 3096 3102 3102 3101 3106 3088 3092 3080 3077 3063 3039 3018 3016 3022 3006 3018 3000 3004 3020 3018 3013 3003 3012 3018
2992 2996 3006 3008 2990 3002 3016 3004 3001 2999 3007 3016 3010 3036 3056 3063 3085 3065 3082 3079 3077 3074 3084 3085 3096 3092 3093 3106 3112 3106 3090 3088 3113 3110 3090 3117 3109 3096 3092 3107 3106 3097 3086 3094 3093 3088 3075 3082 3079 3071 3042 3027 3031 3013 3009 2994 3010 2998 3021 3021 3022 3020 3014 3020
2995 3008 3004 3002 3001 2998 3015 2994 2989 2995 3010 3013 3014 3032 3060 3050 3067 3080 3088 3078 3087 3078 3089 3080 3085 3101 3094 3092 3105 3090 3100 3103 3095 3111 3106 3100 3106 3100 3106 3095 3087 3105 3090 3081 3103 3109 3088 3079 3085 3075 3036 3010 3028 3016 3014 3001 3002 3012 3012 3019 3022 3023 3020 3012
2996 2991 3000 2997 2994 2996 3007 2998 2997 2999 3001 2998 3010 3027 3035 3063 3075 3083 3089 3078 3082 3092 3084 3095 3083 3086 3100 3098 3077 3108 3091 3107 3094 3095 3106 3100 3097 3084 3093 3090 3092 3098 3090 3100 3105 3093 3093 3077 3086 3085 3042 3011 3019 3006 3003 3011 3010 3011 3000 3003 3020 3003 3015 3013
2999 3002 2995 2990 2994 2987 3006 3013 2985 2994 3002 3006 3006 3015 3047 3061 3068 3074 3080 3077 3091 3084 3074 3080 3085 3084 3088 3083 3100 3086 3094 3086 3107 3111 3115 3101 3102 3089 3093 3111 3097 3099 3098 3104 3099 3088 3082 3063 3084 3074 3056 3020 3023 3007 3017 2995 3020 3010 2998 2996 3004 3011 3006 3012
3007 3002 3010 2994 2989 2984 2998 3006 2984 2983 2994 3007 3007 3022 3024 3042 3054 3069 3067 3077 3085 3083 3083 3074 3093 3096 3085 3092 3102 3100 3090 3121 3088 3113 3105 3109 3087 3104 3083 3084 3098 3102 3097 3094 3101 3092 3094 3075 3054 3054 3035 3030 3013 3015 2999 3002 3010 3017 2997 2986 3002 2990 3007 3006
3005 3011 3027 2997 2979 2996 2998 3001 2988 2994 3002 3006 3005 3013 3023 3031 3043 3061 3076 3078 3090 3089 3077 3098 3091 3108 3090 3099 3107 3108 3111 3100 3097 3098 3105 3096 3091 3094 3083 3104 3082 3093 3103 3103 3094 3083 3084 3087 3060 3041 3029 3017 3020 3004 3009 2991 3000 2997 3007 2993 3001 3003 3007 3015
3005 2991 3005 2991 3000 3003 3008 2995 2989 2993 2978 2998 2994 3005 3016 3030 3042 3061 3065 3078 3073 3078 3083 3087 3095 3100 3106 3109 3110 3104 3106 3087 3088 3092 3105 3093 3086 3086 3091 3091 3085 3100 3100 3109 3091 3083 3083 3065 3053 3039 3030 3019 3015 3016 3021 2994 3004 2988 3002 3007 2999 3003 3004 3017
2997 2995 3004 2997 2998 3000 3011 2999 3008 2990 2988 2985 3006 3005 3019 3019 3034 3046 3063 3081 3082 3092 3083 3092 3074 3081 3105 3107 3100 3097 3098 3087 3097 3094 3090 3101 3086 3094 3084 3100 3095 3099 3094 3112 3101 3093 3103 3066 3047 3027 3016 3008 3014 3004 3010 3005 3001 2999 3003 3006 2998 3011 3013 3013
2994 3003 3020 3000 2995 3003 3006 2998 3003 3001 3002 3001 3006 3007 3014 3013 3014 3044 3051 3065 3091 3081 3090 3096 3097 3109 3103 3112 3104 3098 3098 3086 3104 3105 3100 3095 3099 3098 3100 3105 3100 3103 3106 3093 3093 3092 3080 3064 3037 3019 3020 3024 3007 3012 3003 2993 3002 2994 3004 3010 3009 2996 3002 3000
3000 3001 3003 3010 2998 2993 2998 2995 2995 3000 3001 2994 2994 3007 3016 3006 3018 3033 3047 3057 3079 3081 3091 3090 3086 3102 3096 3091 3102 3099 3089 3102 3092 3103 3105 3087 3092 3086 3084 3101 3090 3090 3103 3108 3092 3091 3071 3037 3045 3031 3026 3018 3012 3016 3018 3021 3027 3018 3016 3004 3011 3011 3014 3018
2978 2997 3008 3001 3002 2998 3005 2990 2983 2988 3006 2992 2998 3013 2997 3000 3016 3041 3035 3056 3091 3092 3103 3099 3100 3092 3099 3099 3097 3111 3097 3088 3083 3090 3092 3086 3094 3084 3078 3090 3100 3097 3096 3097 3106 3092 3063 3029 3040 3028 3023 3011 3028 3023 3022 3012 3026 3024 3022 3009 3020 3030 3018 3004
2994 3012 3005 3005 2984 3006 2985 2994 2981 2995 3008 2997 2980 3001 3014 3018 3013 3018 3028 3049 3072 3083 3076 3081 3097 3100 3089 3081 3093 3103 3105 3099 3091 3104 3100 3086 3096 3092 3074 3092 3100 3105 3097 3109 3088 3072 3052 3019 3019 3017 3012 3030 3030 3024 3016 3008 3009 3020 3014 3024 3033 3017 3024 3027
3007 3000 3004 3010 3012 3000 2991 2992 2994 2995 2993 2990 2986 2993 3019 3013 3007 3000 3016 3037 3059 3078 3081 3086 3083 3102 3092 3108 3105 3104 3089 3082 3073 3081 3097 3091 3102 3104 3108 3107 3106 3112 3093 3098 3076 3059 3052 3026 3018 3017 3016 3022 3013 3022 3012 3009 3013 3025 3022 3028 3033 3012 3012 3025
3004 3008 3003 3011 3012 3000 3001 3004 3000 2989 2991 2991 3007 3016 3018 3012 3010 3020 3036 3043 3070 3070 3082 3090 3087 3094 3087 3109 3111 3101 3107 3093 3093 3098 3102 3108 3094 3102 3103 3107 3100 3093 3083 3079 3067 3064 3046 3041 3009 3025 3020 3016 3028 3021 3020 3008 3018 3016 3029 3028 3036 3038 3033 3023
3014 3020 3002 3018 3019 3012 3003 3000 3004 3002 3001 3001 3017 3022 3031 3031 3010 3017 3029 3050 3075 3080 3096 3092 3087 3080 3098 3098 3101 3098 3106 3116 3095 3088 3100 3102 3107 3102 3101 3107 3106 3103 3096 3086 3068 3049 3040 3040 3018 3013 3007 3015 3023 3018 3017 3017 3013 3025 3051 3036 3030 3030 3031 3022
3021 3020 3014 3011 3002 3021 3000 3007 3004 3009 3002 3019 3014 3013 3016 3029 3024 3016 3021 3044 3075 3074 3085 3089 3094 3099 3100 3098 3105 3109 3110 3100 3093 3105 3090 3092 3110 3096 3099 3112 3100 3093 3074 3080 3058 3038 3051 3047 3034 3007 3020 3023 3028 3025 3010 2991 3017 3014 3027 3046 3037 3032 3029 3029
3016 3017 3023 3007 3000 2999 2999 3003 3016 3009 3015 3024 3011 3008 3027 3020 3008 3014 3020 3044 3080 3098 3098 3090 3092 3081 3091 3091 3104 3100 3109 3107 3107 3093 3103 3100 3099 3099 3091 3100 3091 3095 3097 3074 3059 3048 3041 3034 3042 3031 3025 3013 3028 3035 3010 3013 3002 2991 3015 3043 3040 3032 3031 3037
3009 3016 3001 3002 3011 3014 3007 3001 2996 3008 3025 3030 3005 3009 3026 3018 3023 3020 3020 3056 3079 3091 3091 3099 3097 3088 3081 3098 3096 3103 3116 3116 3108 3096 3096 3091 3102 3084 3095 3101 3111 3091 3091 3072 3059 3039 3048 3035 3035 3027 3015 3022 3023 3015 3011 3009 3002 3017 3020 3020 3022 3037 3019 3024
3003 3000 2996 3014 3030 3021 3006 2991 2999 3015 3031 3017 3016 3017 3022 3014 3033 3034 3035 3044 3095 3101 3090 3078 3095 3097 3084 3086 3095 3109 3114 3117 3102 3110 3096 3107 3110 3108 3099 3099 3106 3096 3094 3078 3054 3043 3034 3027 3035 3031 3032 3027 3016 3007 3007 3005 2997 3012 3014 3010 3023 3015 3028 3021
3000 2992 3000 3008 2990 2992 3002 3007 3018 3005 3024 3018 3018 3015 3038 3037 3038 3037 3033 3070 3066 3102 3101 3096 3098 3111 3092 3108 3095 3093 3089 3101 3107 3104 3105 3100 3108 3100 3101 3106 3101 3089 3089 3085 3058 3060 3041 3052 3041 3038 3029 3025 3026 3027 3025 3010 3028 3023 3028 3028 3041 3022 3024 3034
3015 3005 2997 2998 2987 3000 2997 3011 3016 3033 3031 3026 3009 3035 3056 3046 3043 3044 3077 3070 3092 3097 3099 3101 3101 3094 3100 3101 3085 3091 3089 3097 3104 3115 3107 3106 3111 3094 3099 3095 3091 3086 3085 3093 3068 3070 3053 3050 3045 3036 3045 3034 3033 3031 3030 3033 3037 3042 3040 3033 3013 3035 3023 3040
