2996 2996 2992 2980 2999 2994 3001 2993 2998 2997 3001 2995 2989 2993 3003 3008 3004 2984 2981 2994 2998 3009 3029 3010 3017 3013 3014 3005 3001 3006 2998 3009 3007 2994 2998 3004 3009 3003 3006 3004 2981 2990 2990 2991 2999 3008 3011 3017 2997 2995 2991 2996 2984 2987 2964 2979 2989 2988 2998 3013 2991 2993 3001 2998
2994 2992 3002 2992 3003 2992 3025 3015 3001 3001 2986 2987 2989 3001 3017 3007 3008 3013 2996 3014 3011 3016 3024 3031 3015 3016 3021 3016 3009 2996 3012 3005 3014 2997 3007 3003 3007 3009 3005 3006 2998 2997 2993 2997 2995 2998 3001 3005 2995 2996 3000 2998 2983 2980 2988 2974 2995 3012 3010 2990 2992 2985 2997 2988
2965 2992 2974 2985 3003 3004 3012 2993 2996 3005 2986 2987 2993 3006 3012 3013 3023 3020 3026 3019 3029 3021 3020 3031 3023 3028 3027 3025 3025 3030 3020 3013 3012 3015 2997 2998 3006 3005 3009 3006 2984 3002 2998 2983 2993 2993 2989 2997 2987 2995 2980 2996 2985 2981 2991 2996 3002 3009 2992 2992 3000 2991 2992 2989
2969 2990 2996 3008 2991 3007 2995 2984 2998 3010 2995 3017 3012 3015 3011 3024 3017 3023 3014 3018 3035 3035 3032 3032 3039 3038 3027 3033 3019 3006 3011 3016 3027 3014 3017 3006 3010 3000 3006 3001 2999 2995 2993 2982 2994 2990 2996 2994 2992 2991 3002 3003 3001 3001 2998 2988 2984 3003 3001 3003 2999 2982 2990 2997
2976 2985 3015 3002 3002 3006 3004 3015 3014 3009 3029 3020 3046 3038 3004 3021 3026 3038 3024 3028 3033 3028 3027 3033 3050 3041 3027 3041 3028 3023 3018 3009 3010 3018 3004 3022 3008 2995 3017 3011 2984 2989 3007 2997 2997 2988 2984 2985 2987 3008 2987 2999 3002 3017 2999 2996 2987 2995 2994 3000 3012 2998 3007 2993
2994 3005 3000 3007 2994 3010 3002 3017 3004 3007 3029 3025 3032 3018 3020 3017 3015 3026 3014 3030 3048 3030 3039 3039 3041 3028 3033 3016 3039 3021 3028 3020 3007 3031 3015 3014 2996 3002 3005 2997 2993 2998 3001 3012 2994 2987 2984 2980 3003 3010 2987 2990 2994 2994 2997 2995 2984 2999 2997 2996 2984 2991 3002 2984
3004 2996 3001 2988 2996 3012 3022 3022 3020 3011 3029 3022 3015 3029 3027 3010 3015 3023 3036 3038 3040 3050 3043 3036 3022 3023 3020 3034 3029 3030 3032 3021 3016 3009 3018 3016 3020 3001 3003 3007 2999 2990 2989 2995 2991 2976 2992 2998 3000 2988 3003 2976 2986 3000 2985 3000 2997 2996 2992 2986 2991 2996 2981 2983
3024 3001 3002 3009 2998 3006 3025 3021 3019 3014 3025 3024 3029 3025 3033 3020 3028 3030 3039 3051 3047 3048 3042 3051 3030 3040 3023 3020 3020 3035 3038 3017 3008 3029 3023 3024 3021 3009 3018 3019 3004 3000 2993 2993 2990 2988 2994 2994 3006 2987 2993 2983 2990 2988 3004 2997 3000 2998 2989 2990 2978 2995 2992 2993
3015 3018 3010 3019 3008 3014 3001 3012 3020 3018 3023 3028 3041 3041 3051 3033 3044 3048 3048 3043 3058 3059 3047 3047 3045 3046 3039 3042 3030 3033 3030 3024 3035 3025 3033 3036 3030 3024 3019 3013 3008 2996 2991 2984 2998 3005 2992 3007 2998 2994 2992 3001 2997 2993 2989 2996 3003 3010 2983 2971 2991 2992 2996 2990
3007 3007 3002 3008 3016 3015 3000 3018 3035 3024 3036 3048 3044 3032 3045 3043 3041 3033 3046 3051 3059 3062 3068 3054 3051 3047 3051 3046 3036 3034 3028 3033 3036 3024 3030 3032 3028 3023 3035 3026 3016 3001 3002 2996 3009 2986 3001 2994 2996 2994 2994 2997 3001 3000 2998 2998 3001 2997 3001 3004 3009 2998 2982 3004
3005 3003 3003 3017 3016 3020 3025 3029 3022 3033 3025 3023 3044 3041 3039 3041 3041 3037 3047 3064 3080 3073 3069 3073 3059 3045 3033 3045 3034 3038 3034 3023 3031 3037 3048 3047 3017 3029 3026 3015 3014 3013 3009 2994 2989 3003 2994 2993 2979 2993 2994 3006 2988 3003 2995 2992 2995 3005 3006 2994 2997 2994 2988 2997
2989 2993 2994 3010 3023 3008 3025 3021 3022 3043 3035 3037 3040 3028 3046 3039 3038 3046 3059 3074 3065 3074 3094 3073 3076 3057 3059 3049 3049 3041 3044 3038 3039 3045 3034 3028 3020 3035 3026 3026 3019 3025 3003 3006 3009 3001 2988 2997 2997 3003 2998 3005 2979 2995 2996 2999 2973 3000 3006 2995 2996 2988 2999 3001
3001 3000 3002 2999 3023 3003 3014 3027 3034 3040 3050 3038 3020 3039 3043 3055 3040 3053 3073 3076 3070 3097 3084 3072 3089 3065 3067 3064 3068 3065 3044 3044 3044 3036 3016 3004 3022 3027 3027 3021 3033 3023 3014 3008 2997 3004 3001 2988 2978 2996 3003 3004 3001 2994 2996 3002 3003 2988 2995 2993 2998 2984 2989 2987
2998 3014 3012 3007 3003 3010 3016 3025 3028 3030 3046 3024 3022 3027 3030 3040 3053 3059 3069 3075 3071 3082 3076 3087 3093 3088 3069 3078 3070 3072 3066 3050 3049 3029 3039 3028 3031 3023 3013 3043 3028 3028 3019 3020 3006 2997 3004 2995 3008 2987 2992 3009 3002 2997 2998 3012 2995 2998 2993 3008 2990 2990 2985 2999
3019 3001 2998 3005 3018 3021 3016 3020 3016 3032 3012 3019 3027 3029 3028 3042 3051 3067 3062 3073 3080 3069 3080 3093 3096 3095 3082 3092 3085 3096 3082 3077 3049 3049 3043 3034 3022 3037 3028 3050 3049 3055 3025 3023 2991 3005 3008 3003 2999 2991 2989 2992 2994 2996 2991 3001 3003 3000 3006 2992 2985 2997 2992 3002
3004 2999 3006 3024 3018 3027 3023 3017 3027 3025 3022 3028 3033 3032 3038 3049 3073 3065 3077 3077 3072 3072 3078 3092 3092 3083 3101 3096 3101 3098 3087 3077 3067 3055 3045 3032 3033 3036 3037 3033 3044 3035 3030 3028 3024 3011 2994 2997 3000 2987 2990 2985 3001 2991 2998 3010 3007 2998 2992 2986 2996 2999 2980 3007
3001 3001 3019 3037 3038 3056 3047 3030 3033 3045 3027 3031 3035 3034 3050 3074 3083 3079 3087 3090 3086 3095 3087 3094 3096 3098 3097 3096 3105 3107 3098 3101 3079 3062 3051 3036 3037 3045 3042 3047 3045 3047 3023 3016 3015 3017 3015 2995 2986 2987 2980 2987 2995 3012 3005 3000 2997 3002 3007 3004 2996 2993 3001 2992
3000 3022 3020 3018 3013 3034 3041 3029 3034 3026 3015 3028 3030 3058 3060 3076 3070 3085 3094 3088 3067 3087 3096 3095 3093 3095 3079 3093 3092 3101 3111 3089 3072 3056 3054 3044 3041 3047 3055 3054 3037 3049 3042 3041 3023 3012 3004 2997 2991 2990 3003 2994 2995 2985 3005 2991 2994 3016 2998 2996 2994 3011 2998 2990
2999 3019 3023 3024 3029 3017 3028 3024 3024 3022 3019 3038 3044 3070 3073 3075 3076 3086 3084 3092 3094 3098 3100 3104 3093 3094 3098 3085 3089 3097 3088 3073 3078 3065 3060 3047 3059 3055 3063 3066 3061 3060 3041 3042 3030 3023 3014 2992 2991 2995 2987 3005 2993 3013 2996 2992 2995 2998 3012 3010 3006 3000 3005 2989
3000 3013 3021 3031 3033 3024 3013 3025 3026 3039 3039 3043 3061 3071 3082 3070 3083 3092 3086 3082 3095 3088 3100 3095 3099 3096 3091 3087 3093 3089 3086 3087 3078 3080 3073 3054 3049 3060 3053 3065 3075 3065 3052 3048 3025 3023 3002 2995 2989 2993 2999 3004 3006 3011 2998 3012 2997 3004 3007 3015 3006 3006 2996 2990
3017 3012 3025 3013 3009 3036 3024 3031 3031 3037 3049 3056 3065 3070 3083 3097 3089 3092 3083 3092 3092 3089 3089 3094 3102 3096 3091 3087 3088 3085 3098 3090 3086 3081 3068 3066 3065 3067 3074 3070 3091 3073 3049 3048 3029 3024 3008 3006 2996 3002 3013 3012 3004 3013 3009 3019 3014 3022 3011 3002 2998 2989 2988 2971
3020 3020 3042 3035 3031 3035 3024 3021 3023 3047 3057 3061 3069 3084 3088 3093 3100 3082 3082 3081 3098 3093 3091 3096 3100 3097 3093 3092 3084 3091 3105 3094 3095 3082 3080 3073 3057 3076 3070 3078 3096 3084 3069 3052 3017 3015 3003 3020 3013 2994 3016 3019 3020 3014 3020 3025 3029 3021 2992 3003 2996 2993 2993 2980
3009 3020 3027 3020 3018 3016 3026 3029 3020 3043 3042 3067 3073 3088 3086 3096 3092 3094 3084 3093 3101 3104 3098 3093 3087 3093 3092 3099 3098 3100 3090 3090 3089 3092 3080 3072 3073 3073 3082 3080 3098 3073 3065 3063 3045 3044 3033 3025 3018 3034 3029 3029 3024 3019 3025 3031 3024 3018 3022 3011 3009 3007 2995 2992
3024 3011 3023 3045 3015 3021 3031 3040 3032 3047 3057 3060 3095 3083 3093 3083 3083 3087 3084 3081 3093 3092 3090 3088 3093 3087 3095 3087 3101 3089 3097 3088 3089 3081 3087 3071 3089 3078 3072 3095 3090 3086 3062 3067 3042 3034 3025 3033 3014 3009 3017 3017 3007 3013 3014 3016 3030 3015 3010 2999 3019 2998 2997 3010
3020 3019 3023 3034 3034 3037 3040 3041 3058 3049 3059 3065 3101 3080 3096 3072 3085 3091 3084 3089 3085 3085 3091 3087 3081 3100 3091 3086 3097 3089 3102 3089 3081 3085 3085 3095 3081 3066 3092 3087 3068 3067 3066 3060 3049 3023 3009 3010 3009 3011 3019 3006 3003 3007 3016 3015 3023 3006 3004 2994 3018 3012 3017 3006
3011 3020 3013 3026 3031 3043 3042 3053 3056 3062 3074 3095 3094 3094 3076 3073 3081 3080 3081 3093 3092 3099 3085 3092 3106 3084 3094 3087 3094 3092 3088 3094 3076 3090 3077 3082 3082 3082 3067 3073 3071 3077 3068 3044 3034 3018 3002 3009 3009 3006 3008 3000 2997 2993 3000 2997 2994 2991 3002 3000 2999 3017 3000 3014
3015 3018 2997 3034 3038 3053 3051 3054 3056 3063 3082 3095 3094 3092 3092 3080 3076 3078 3072 3086 3096 3089 3090 3077 3103 3093 3100 3100 3096 3087 3087 3090 3074 3094 3069 3091 3087 3082 3083 3079 3077 3064 3056 3055 3030 3016 2997 3001 3000 2998 2999 3008 3007 3007 2995 3001 2989 2995 2995 2994 3009 3005 3009 3007
2994 2998 3019 3027 3024 3046 3055 3065 3064 3058 3090 3089 3099 3097 3093 3085 3075 3080 3085 3083 3096 3087 3084 3094 3102 3091 3098 3094 3105 3095 3093 3099 3090 3086 3076 3088 3084 3074 3085 3088 3055 3082 3056 3044 3032 3013 2999 3003 2998 3002 2999 2991 2998 3010 2991 3002 2992 2984 2992 2987 3005 3008 3013 3007
3007 3002 3024 3018 3036 3045 3053 3043 3072 3081 3099 3097 3095 3092 3104 3087 3081 3073 3088 3090 3090 3103 3081 3075 3111 3100 3087 3112 3093 3098 3087 3103 3085 3084 3088 3086 3093 3087 3085 3088 3089 3087 3074 3062 3026 3014 3008 3001 2990 3005 3000 3005 3001 2999 3001 3005 2998 2995 3011 2996 2998 3005 3001 3000
3008 2999 2998 3012 3011 3041 3047 3062 3063 3069 3095 3078 3083 3097 3078 3083 3075 3088 3076 3090 3095 3083 3081 3084 3105 3105 3097 3102 3107 3096 3109 3088 3092 3088 3089 3089 3087 3088 3076 3095 3088 3074 3087 3038 3022 2999 2999 2999 3000 2991 2993 2991 3003 2998 2992 2999 3003 3009 2993 3006 3006 2987 3001 3014
3003 3009 3007 3024 3019 3037 3050 3057 3065 3078 3092 3096 3074 3086 3086 3089 3087 3100 3087 3091 3100 3093 3091 3088 3106 3095 3093 3094 3096 3098 3100 3091 3090 3102 3096 3094 3085 3087 3086 3078 3097 3082 3066 3052 3024 3013 3008 3003 2991 2982 2985 2981 2986 3003 3006 2994 2996 3000 3008 3004 2999 3002 2999 3012
3005 3012 3003 3021 3018 3040 3048 3049 3073 3069 3083 3085 3078 3073 3093 3090 3095 3104 3074 3091 3102 3084 3088 3092 3109 3104 3089 3086 3088 3086 3085 3091 3084 3094 3070 3091 3082 3076 3087 3083 3092 3084 3074 3067 3028 3005 3008 2995 2994 2980 2979 2970 2988 3002 2996 2995 3004 3004 3023 3002 2996 3001 3005 3014
2998 2995 2999 3007 3027 3035 3055 3047 3063 3072 3071 3084 3074 3096 3096 3086 3090 3084 3084 3086 3085 3086 3083 3086 3086 3098 3092 3097 3084 3089 3099 3087 3084 3079 3073 3074 3079 3070 3081 3095 3084 3088 3076 3060 3030 3009 2993 2990 2981 2985 2982 2994 2989 2991 3003 3001 2995 3008 3002 3009 3003 3011 3009 3012
3004 2998 3000 3012 3021 3031 3042 3049 3070 3068 3074 3080 3076 3084 3089 3101 3081 3087 3090 3087 3093 3087 3084 3085 3092 3087 3082 3084 3093 3089 3097 3086 3078 3084 3089 3083 3068 3085 3087 3088 3090 3085 3081 3059 3017 2994 3003 2984 2993 2984 2976 3010 2989 3000 2998 3011 3019 3007 3011 2999 3005 3007 3008 3016
3006 3009 3006 3027 3026 3040 3051 3061 3059 3058 3080 3086 3079 3096 3086 3081 3095 3090 3094 3081 3095 3088 3080 3098 3098 3107 3090 3089 3100 3094 3096 3086 3089 3096 3092 3083 3092 3080 3078 3088 3085 3079 3077 3048 3029 3016 2986 2985 2991 3001 2999 2995 2994 2992 3004 3010 3007 3015 3025 3013 3015 3000 3003 3018
3024 3020 3016 3024 3027 3042 3045 3048 3055 3064 3094 3074 3095 3084 3088 3095 3093 3101 3088 3087 3093 3085 3103 3084 3091 3092 3094 3090 3085 3094 3098 3093 3082 3086 3099 3089 3085 3079 3076 3069 3084 3086 3076 3061 3027 3003 3007 2994 3013 3004 3011 2994 2994 2986 3004 3014 3021 3013 3017 3003 3018 3007 3010 3010
2993 2994 2999 3011 3000 3015 3035 3041 3049 3060 3076 3084 3082 3083 3077 3093 3087 3078 3083 3072 3106 3109 3083 3086 3099 3093 3101 3084 3100 3089 3089 3094 3092 3088 3091 3087 3083 3084 3074 3078 3072 3080 3054 3050 3025 3007 2986 3003 3017 2996 2992 2998 2991 2997 2997 3006 3009 3011 3015 3000 3002 3003 3008 3000
2986 2985 3008 2991 3008 3018 3019 3044 3058 3063 3079 3077 3078 3092 3083 3079 3083 3084 3091 3083 3098 3106 3079 3088 3092 3100 3091 3086 3092 3098 3091 3084 3090 3097 3091 3099 3072 3077 3080 3077 3065 3063 3059 3045 3015 2986 2994 3001 3005 2999 2996 2990 2987 2994 3002 3009 3003 3006 3012 3005 2990 2999 2997 3002
3004 3008 2992 3003 3009 3028 3022 3046 3058 3078 3072 3071 3077 3083 3084 3075 3074 3089 3088 3096 3080 3088 3096 3084 3095 3089 3092 3087 3092 3089 3087 3087 3094 3095 3088 3081 3090 3092 3081 3076 3061 3066 3061 3030 3007 3006 2992 3012 2991 2991 2993 2995 3004 2998 2999 3007 3010 3011 2983 2998 2992 2998 2995 2999
2995 2996 3006 3012 3017 3019 3022 3052 3048 3061 3069 3077 3075 3072 3078 3075 3080 3079 3085 3088 3079 3090 3097 3093 3091 3094 3102 3086 3081 3081 3080 3091 3084 3096 3090 3089 3077 3095 3070 3072 3077 3076 3045 3023 3014 2994 3000 3000 3003 3000 3006 3002 3000 3016 3004 2999 2995 2990 3004 2996 2995 2993 2993 2978
2995 2997 2991 2995 3003 3016 3012 3035 3045 3061 3079 3080 3080 3072 3073 3082 3083 3081 3086 3098 3083 3094 3081 3086 3080 3096 3089 3096 3084 3092 3092 3102 3102 3083 3098 3093 3080 3070 3064 3067 3073 3068 3050 3028 3003 2996 2999 2996 3014 2978 2994 2997 3003 3001 2984 2999 3004 3001 2999 3005 3004 2995 2996 2984
2985 2987 2982 3004 3004 3002 3013 3023 3042 3063 3066 3075 3084 3070 3089 3070 3086 3081 3090 3080 3086 3099 3090 3096 3097 3093 3091 3093 3091 3092 3100 3083 3089 3077 3089 3089 3088 3081 3087 3075 3082 3065 3055 3023 2998 2994 2996 2996 3001 3001 2993 3008 2997 2991 2998 2987 2988 2996 3014 2997 3011 3002 2998 3009
2986 2995 2991 2994 2994 3007 3003 3039 3038 3048 3064 3068 3071 3066 3082 3076 3085 3071 3095 3087 3085 3095 3103 3092 3093 3098 3099 3099 3093 3093 3086 3093 3084 3083 3076 3093 3094 3075 3084 3072 3074 3058 3029 3008 3002 2990 3003 3001 3000 2990 2997 3007 3001 2988 2992 2995 2998 3001 2992 3016 3005 3008 3007 3001
2992 3000 2984 3001 3005 3013 3005 3009 3025 3035 3062 3075 3064 3071 3077 3072 3076 3086 3079 3080 3089 3087 3093 3095 3100 3100 3097 3093 3073 3090 3087 3086 3087 3079 3081 3095 3082 3081 3088 3079 3061 3068 3042 3012 3007 2993 3004 2999 2998 3013 2995 3004 2984 2985 3000 2991 2998 3011 3004 2995 2993 2997 3007 3012
2994 2988 2985 3004 3012 3001 2999 3022 2994 3024 3050 3058 3081 3070 3060 3074 3068 3080 3077 3081 3099 3098 3083 3092 3086 3087 3085 3093 3096 3089 3080 3077 3090 3075 3088 3090 3089 3093 3094 3086 3071 3042 3026 3017 3014 2996 2984 3000 2992 3001 3012 2983 2983 3005 2985 3006 2982 2999 3004 2997 3001 2998 3013 3005
2987 2984 2974 2985 3008 3004 2997 3002 3011 3021 3035 3052 3074 3073 3058 3071 3059 3075 3071 3078 3092 3088 3083 3080 3083 3091 3095 3099 3090 3082 3081 3078 3088 3078 3093 3093 3092 3085 3074 3077 3065 3050 3022 3013 3023 3012 2998 2980 2990 2991 3003 2990 2995 2997 2992 2999 3003 3019 2998 3001 3000 2999 2999 3012
2994 2991 2979 2992 3001 2996 3003 2998 2992 3001 3023 3039 3062 3068 3073 3072 3061 3066 3076 3074 3084 3087 3087 3099 3086 3094 3073 3088 3080 3082 3093 3086 3086 3084 3094 3076 3078 3071 3074 3068 3064 3036 3027 3013 3014 2999 3001 2994 2993 2997 2993 2993 2991 2985 3002 3006 2998 3013 3004 3000 2996 2999 2997 2988
2983 2992 2994 3003 2992 3007 2987 2988 2993 2988 3007 3030 3059 3073 3065 3064 3070 3074 3092 3077 3076 3076 3078 3089 3100 3074 3080 3080 3089 3084 3104 3085 3089 3088 3080 3087 3080 3082 3083 3073 3071 3052 3024 3009 3005 3003 2993 3002 2994 2991 2990 2985 3000 2993 2991 3008 2999 2998 2995 3016 2995 3006 2997 2990
2995 3003 2994 2980 2983 2988 2994 2998 2997 2995 2994 3031 3057 3055 3071 3062 3063 3069 3091 3087 3095 3089 3080 3086 3089 3087 3081 3090 3085 3089 3092 3098 3081 3083 3096 3092 3098 3087 3064 3066 3047 3042 3030 3019 3007 2997 2999 2986 2980 2998 2997 2995 3001 2996 3000 2992 3003 3012 3002 3012 3004 2993 2989 2993
2994 2997 2991 2989 3001 3000 2999 3003 3011 2995 3006 3037 3026 3048 3072 3076 3080 3082 3084 3081 3088 3096 3077 3083 3091 3090 3093 3078 3090 3080 3077 3084 3077 3091 3087 3080 3083 3094 3075 3055 3041 3005 3017 3020 3005 2994 2982 2997 3002 3012 2998 2993 2994 2996 2994 3007 3012 2993 3000 3002 2997 2989 2990 2997
2995 2996 3001 2990 2997 2995 3003 2999 3011 3003 3004 3019 3016 3034 3053 3077 3083 3078 3084 3079 3100 3074 3103 3089 3091 3096 3086 3080 3091 3097 3090 3098 3095 3090 3103 3095 3079 3080 3069 3046 3030 3011 3019 3005 3010 2991 3006 2980 2994 2997 2989 2982 3001 2995 2994 3010 2992 3001 3003 3000 2984 2975 2992 3009
3004 2995 2983 2986 3003 3006 3003 3012 3001 2999 3000 3004 3015 3040 3047 3073 3081 3083 3082 3098 3085 3099 3089 3090 3092 3089 3087 3087 3095 3090 3088 3101 3104 3112 3099 3094 3092 3081 3054 3052 3014 3001 3002 3001 3000 2994 2996 2995 2987 2994 2991 2993 2994 2987 3010 3003 2996 2998 2992 2995 2991 2981 2999 3001
2990 2997 2976 2978 2988 3008 3010 3005 2995 2996 2994 3000 3004 3025 3052 3066 3079 3081 3079 3079 3081 3079 3080 3096 3090 3091 3080 3087 3089 3089 3098 3087 3099 3103 3101 3094 3067 3057 3048 3029 3009 3007 3003 2992 3002 3004 2989 2990 2988 2988 2983 2980 2998 3011 3005 3009 3003 3011 2988 2994 2998 2999 3009 2999
2982 2980 2986 2987 2987 2991 2998 2985 2976 2979 2989 3003 3002 3033 3040 3057 3062 3078 3061 3079 3090 3081 3087 3074 3098 3088 3089 3094 3096 3087 3082 3093 3098 3085 3097 3096 3084 3062 3032 3003 3007 2989 2990 2990 2982 2985 2988 2986 2978 2990 2972 2981 2986 3003 3007 3003 3006 3002 3004 3021 3022 3016 3016 3012
2981 2985 2986 2993 2998 2990 2993 2986 2992 2980 2989 2998 3007 3022 3049 3069 3075 3088 3097 3085 3087 3083 3085 3088 3089 3080 3101 3098 3083 3091 3091 3089 3074 3074 3083 3089 3074 3054 3034 3010 3009 3005 2986 3009 2996 2986 2990 2983 2978 2991 2990 2982 3000 2997 3001 3015 3012 3000 3011 3011 3021 3012 2994 3004
2973 2981 2990 2997 2994 2991 2980 2989 3004 2992 2997 3002 3013 3027 3056 3062 3075 3076 3088 3081 3089 3091 3096 3102 3084 3092 3070 3090 3090 3087 3093 3092 3065 3072 3095 3091 3073 3067 3026 3011 3000 2997 3006 3015 3000 2979 2997 2982 2995 2999 2982 2989 2996 3002 3007 3007 3013 2998 3005 3021 3010 3006 3013 3002
2988 2968 3000 3003 2991 2983 2982 2984 2988 2993 3003 3011 3013 3045 3067 3069 3079 3084 3084 3078 3077 3094 3079 3087 3087 3084 3090 3096 3090 3097 3091 3080 3080 3067 3086 3090 3074 3065 3022 3021 3006 3009 3022 3010 3002 2996 2982 2983 2988 3000 2983 2990 3000 2988 3001 3008 3007 3003 3014 3025 3002 3019 3031 3011
2987 2984 2992 2998 2990 2986 2993 3006 2994 2993 2990 3008 3001 3036 3064 3073 3069 3083 3077 3081 3070 3085 3078 3083 3087 3092 3085 3085 3093 3091 3094 3090 3084 3074 3080 3073 3072 3070 3035 3020 3018 3006 3014 3013 3000 3000 2991 3002 2990 3006 2999 3010 3000 2993 3002 3007 3011 3025 3013 3012 3018 3027 3028 3013
2979 2998 2997 2976 2988 2989 2981 2991 2982 2996 3011 3010 3025 3044 3061 3077 3088 3094 3098 3079 3086 3086 3103 3099 3088 3099 3100 3088 3104 3089 3084 3076 3101 3086 3075 3083 3080 3062 3038 3032 3025 3017 3018 3003 3001 2999 2997 3006 2996 2996 2995 2993 2995 3003 2971 2995 3004 3032 3014 3007 3021 3030 3022 3036
2990 2984 2997 2981 2987 3002 3014 3011 2997 3010 3001 3035 3046 3045 3070 3081 3103 3094 3082 3089 3085 3099 3094 3093 3086 3100 3094 3081 3097 3084 3103 3103 3079 3081 3097 3070 3069 3056 3037 3020 3030 3019 3026 3014 2999 3007 3001 3003 2986 2987 2987 3003 2991 3004 2993 2986 3001 3011 3014 3011 3017 3024 3022 3027
3001 2998 2998 2992 3001 3000 3009 3021 3018 3019 3033 3039 3053 3058 3064 3073 3084 3091 3086 3088 3076 3075 3096 3089 3097 3089 3097 3078 3077 3100 3087 3090 3093 3077 3082 3083 3067 3052 3033 3041 3020 3027 3026 3015 3021 3008 3009 2991 3000 3014 3009 2996 3009 3013 3014 3002 2993 3006 3014 3019 3011 3016 3012 3034
3012 3004 3008 3004 3005 3002 3021 3032 3029 3034 3051 3071 3057 3063 3069 3079 3089 3090 3093 3085 3085 3098 3081 3084 3096 3096 3101 3096 3094 3102 3103 3088 3091 3081 3093 3082 3074 3069 3036 3041 3035 3028 3040 3037 3041 3025 3013 3007 3016 3007 3012 3006 3002 3011 3024 3013 3013 3016 3023 3015 3018 3033 3027 3012
2993 3004 3003 3022 3022 3015 3024 3036 3028 3047 3062 3067 3087 3086 3092 3090 3085 3080 3082 3084 3086 3092 3095 3094 3107 3099 3087 3103 3088 3089 3090 3085 3084 3088 3092 3081 3071 3070 3054 3052 3043 3031 3052 3037 3038 3045 3040 3026 3028 3026 3007 3009 3009 3019 3012 3019 3019 3011 3025 3019 3025 3020 3024 3019
2995 3003 3020 3027 3039 3029 3040 3047 3048 3063 3064 3082 3078 3078 3091 3090 3083 3092 3074 3088 3096 3095 3095 3090 3106 3094 3084 3085 3085 3070 3081 3091 3076 3087 3089 3086 3074 3081 3082 3065 3027 3045 3043 3047 3038 3053 3041 3044 3033 3047 3028 3036 3012 3027 3009 3021 3018 3005 3018 3020 3019 3023 3034 3008
