3056 3047 3038 3040 3043 3053 3063 3060 3056 3053 3050 3041 3031 3037 3048 3047 3043 3043 3045 3041 3035 3035 3037 3034 3027 3023 3022 3023 3026 3024 3019 3016 3016 3016 3015 3015 3017 3019 3022 3022 3015 3014 3022 3024 3014 3005 2997 2994 3003 3010 3011 3010 3001 2995 3000 3004 2994 2986 2990 2993 2989 2986 2987 2988
3057 3052 3048 3044 3040 3047 3055 3054 3051 3044 3037 3035 3034 3037 3041 3043 3044 3043 3043 3043 3043 3041 3037 3034 3032 3029 3025 3025 3027 3025 3021 3018 3018 3018 3017 3016 3015 3015 3017 3017 3015 3016 3021 3020 3008 3000 2999 3000 3004 3008 3011 3011 3004 2999 3003 3005 2999 2994 2993 2993 2997 3001 2998 2995
3059 3058 3057 3047 3038 3042 3048 3047 3046 3036 3023 3029 3037 3037 3034 3038 3044 3044 3041 3045 3052 3047 3037 3035 3037 3034 3029 3027 3028 3026 3023 3021 3020 3020 3020 3018 3014 3011 3011 3012 3016 3018 3019 3016 3002 2994 3001 3006 3005 3006 3010 3012 3007 3003 3005 3007 3004 3001 2997 2994 3005 3016 3009 3002
3055 3053 3051 3045 3038 3045 3052 3050 3047 3040 3032 3032 3034 3033 3032 3034 3037 3037 3036 3044 3054 3053 3046 3043 3042 3040 3035 3035 3038 3035 3029 3025 3024 3023 3020 3018 3016 3014 3013 3013 3013 3014 3015 3013 3004 3000 3006 3009 3006 3005 3010 3013 3007 3002 3006 3009 3004 3000 2996 2993 2996 2999 3000 3000
3050 3048 3045 3042 3039 3047 3056 3053 3048 3045 3041 3036 3031 3030 3030 3030 3029 3030 3032 3042 3056 3058 3054 3051 3048 3045 3042 3043 3048 3045 3035 3029 3028 3025 3021 3018 3018 3017 3015 3013 3010 3009 3011 3011 3007 3006 3011 3013 3007 3004 3010 3014 3006 3000 3007 3012 3005 2998 2995 2992 2986 2981 2989 2997
3047 3046 3046 3041 3036 3044 3053 3046 3038 3038 3041 3037 3031 3032 3035 3035 3034 3037 3041 3049 3057 3057 3053 3049 3046 3046 3046 3046 3045 3041 3037 3034 3033 3032 3030 3028 3025 3021 3016 3011 3007 3006 3009 3010 3005 3004 3008 3010 3005 3003 3007 3010 3003 2999 3006 3012 3004 2997 2995 2994 2991 2989 2998 3006
3043 3045 3047 3040 3032 3040 3049 3039 3026 3031 3040 3037 3032 3035 3040 3041 3041 3045 3052 3056 3058 3056 3051 3047 3044 3046 3051 3048 3040 3037 3038 3039 3039 3039 3041 3039 3032 3024 3016 3009 3004 3003 3008 3009 3003 3001 3005 3007 3004 3002 3004 3005 3000 2997 3006 3012 3004 2996 2996 2996 2998 2999 3007 3015
3016 3016 3016 3015 3015 3017 3018 3014 3008 3014 3022 3019 3015 3020 3027 3029 3029 3032 3035 3042 3050 3050 3046 3039 3032 3031 3034 3035 3034 3034 3034 3035 3037 3038 3037 3035 3032 3028 3023 3019 3015 3014 3018 3019 3013 3008 3009 3009 3009 3009 3012 3012 3006 3002 3006 3009 3001 2995 2996 2997 3002 3007 3007 3008
2987 2984 2982 2989 2997 2991 2984 2986 2990 2996 3002 3000 2997 3003 3011 3014 3016 3016 3015 3025 3040 3043 3040 3031 3018 3014 3015 3020 3029 3031 3029 3030 3035 3035 3032 3031 3032 3032 3031 3029 3026 3026 3029 3030 3023 3018 3014 3012 3015 3018 3020 3021 3013 3006 3006 3005 2999 2993 2995 2997 3006 3014 3006 2998
2984 2985 2986 2988 2990 2988 2986 2989 2994 2995 2996 2998 3001 3009 3018 3020 3019 3019 3018 3027 3039 3042 3040 3033 3023 3019 3019 3023 3030 3033 3034 3035 3037 3037 3035 3036 3040 3041 3036 3031 3026 3022 3021 3018 3014 3010 3006 3003 3004 3006 3011 3014 3012 3009 3005 3002 2998 2996 2999 3003 3008 3013 3007 3000
2985 2990 2995 2990 2985 2989 2992 2997 3001 2997 2992 2999 3009 3018 3028 3028 3025 3024 3024 3031 3040 3043 3042 3037 3031 3027 3026 3028 3032 3036 3040 3041 3039 3038 3039 3043 3049 3049 3040 3032 3023 3015 3009 3004 3003 3000 2996 2993 2992 2992 2999 3005 3009 3011 3005 2999 2998 2998 3004 3010 3010 3010 3007 3004
2978 2980 2982 2982 2982 2989 2996 3001 3006 3006 3006 3009 3013 3021 3030 3029 3025 3026 3028 3035 3045 3044 3039 3037 3037 3034 3030 3029 3031 3033 3037 3040 3042 3043 3044 3045 3048 3048 3043 3038 3034 3027 3015 3006 3005 3003 2998 2994 2990 2988 2992 2996 3003 3007 3001 2996 2996 2998 3006 3014 3013 3012 3011 3009
2971 2968 2965 2972 2980 2989 2999 3004 3010 3017 3024 3022 3017 3023 3031 3029 3024 3027 3032 3040 3051 3047 3036 3036 3043 3041 3034 3031 3029 3030 3032 3037 3046 3049 3048 3046 3044 3044 3044 3046 3047 3042 3024 3012 3011 3008 3003 2997 2991 2987 2985 2986 2996 3003 2997 2992 2994 2996 3007 3017 3016 3015 3015 3014
2973 2968 2963 2973 2984 2989 2994 2999 3005 3014 3024 3023 3021 3024 3028 3027 3023 3027 3033 3043 3056 3053 3042 3041 3045 3044 3041 3037 3032 3032 3034 3040 3047 3049 3045 3044 3047 3048 3047 3047 3050 3045 3025 3010 3007 3004 3000 2996 2989 2984 2985 2987 2992 2997 2996 2996 2997 2999 3008 3017 3016 3014 3013 3013
2977 2971 2966 2977 2990 2989 2988 2992 2998 3008 3019 3022 3024 3024 3025 3024 3022 3027 3033 3046 3061 3060 3051 3047 3046 3046 3047 3044 3037 3035 3038 3043 3049 3048 3041 3041 3050 3054 3049 3048 3050 3044 3023 3007 3002 2998 2997 2994 2986 2982 2987 2991 2990 2990 2996 3001 3001 3002 3010 3017 3014 3012 3011 3010
2985 2981 2977 2985 2994 2993 2991 2997 3004 3012 3021 3024 3025 3026 3026 3026 3026 3034 3045 3055 3063 3063 3058 3053 3047 3045 3046 3042 3035 3034 3040 3046 3055 3055 3047 3046 3052 3055 3051 3049 3049 3042 3023 3008 3000 2995 2993 2991 2989 2987 2990 2993 2994 2996 3000 3004 3003 3003 3009 3015 3016 3017 3014 3011
2995 2993 2991 2995 2998 2998 2997 3005 3014 3020 3024 3026 3027 3027 3027 3029 3030 3043 3061 3065 3065 3065 3066 3059 3048 3043 3042 3037 3031 3032 3040 3050 3062 3064 3056 3053 3054 3054 3052 3049 3046 3039 3024 3010 3000 2992 2990 2989 2992 2995 2994 2994 3000 3005 3006 3007 3005 3003 3008 3012 3019 3025 3019 3013
2996 2998 3000 2999 2997 2999 3000 3010 3020 3024 3028 3028 3028 3029 3030 3033 3037 3051 3070 3072 3067 3066 3068 3061 3050 3046 3045 3040 3032 3035 3047 3059 3070 3073 3067 3063 3061 3059 3058 3056 3053 3044 3028 3014 3005 2996 2990 2987 2992 2996 2997 2999 3005 3010 3012 3012 3007 3003 3006 3009 3018 3026 3020 3015
2994 3000 3006 3001 2995 2998 3002 3013 3024 3028 3031 3030 3029 3031 3033 3038 3044 3059 3077 3076 3068 3067 3069 3063 3054 3050 3051 3045 3036 3040 3057 3070 3078 3081 3078 3074 3068 3066 3067 3066 3062 3053 3033 3018 3011 3003 2991 2984 2990 2996 3001 3006 3010 3014 3017 3019 3011 3003 3005 3006 3016 3024 3020 3017
2995 3003 3011 3006 3002 3008 3015 3019 3022 3026 3030 3028 3025 3029 3034 3041 3049 3064 3081 3080 3072 3072 3076 3071 3061 3056 3055 3050 3043 3050 3066 3076 3079 3080 3079 3077 3072 3070 3072 3071 3065 3055 3034 3018 3012 3004 2994 2987 2991 2996 3000 3003 3006 3009 3013 3014 3007 3001 3006 3011 3015 3018 3016 3013
2996 3005 3014 3014 3013 3022 3033 3026 3018 3022 3027 3024 3019 3024 3032 3042 3052 3068 3085 3084 3077 3078 3085 3081 3071 3063 3057 3054 3053 3060 3075 3080 3076 3075 3077 3076 3074 3073 3075 3074 3066 3053 3032 3016 3010 3003 2996 2991 2993 2995 2996 2997 2999 3002 3004 3005 3001 2998 3009 3018 3014 3010 3009 3008
2996 3002 3008 3008 3008 3016 3024 3018 3011 3019 3029 3028 3025 3027 3032 3043 3056 3068 3080 3080 3075 3077 3082 3081 3077 3071 3064 3063 3065 3070 3079 3082 3079 3078 3077 3077 3077 3078 3079 3077 3070 3057 3036 3019 3009 3001 2997 2994 2996 2997 2997 2997 2999 3001 3004 3006 2998 2992 3004 3015 3009 3004 3004 3004
2995 2996 2997 2997 2996 2999 3003 3002 3002 3016 3033 3035 3036 3034 3031 3043 3060 3068 3072 3072 3070 3072 3075 3078 3080 3078 3073 3073 3078 3080 3081 3082 3085 3084 3079 3078 3082 3084 3083 3081 3076 3065 3043 3023 3008 2997 2997 2997 2998 2999 3000 3001 3001 3002 3008 3011 2997 2985 2997 3007 3002 2997 2999 3000
2994 2994 2994 2994 2994 2996 2997 2999 3001 3014 3028 3034 3039 3041 3043 3054 3067 3072 3074 3074 3074 3074 3076 3080 3086 3084 3079 3080 3087 3087 3081 3081 3087 3087 3082 3081 3082 3083 3083 3082 3080 3070 3050 3030 3012 2999 2999 2999 3001 3003 3003 3003 3002 3001 3004 3006 2997 2990 2997 3004 2999 2995 2997 2999
2993 2994 2995 2996 2998 2999 3001 3003 3004 3012 3020 3028 3037 3050 3063 3069 3074 3078 3081 3081 3082 3082 3081 3085 3091 3089 3083 3085 3095 3093 3081 3079 3086 3088 3086 3083 3081 3080 3082 3082 3082 3076 3057 3038 3019 3005 3001 3000 3004 3007 3007 3005 3002 2998 2996 2995 2998 3001 3003 3004 2999 2994 2997 2999
2992 2995 2998 2999 3000 3002 3004 3007 3010 3012 3015 3027 3041 3058 3076 3079 3078 3080 3083 3083 3083 3082 3082 3085 3091 3090 3087 3089 3096 3094 3086 3083 3087 3088 3088 3087 3085 3083 3084 3084 3084 3077 3058 3039 3020 3004 3000 2999 3004 3008 3007 3005 3001 2997 2996 2997 3003 3009 3006 3004 3001 2998 3000 3002
2993 2997 3001 3001 3001 3003 3005 3010 3016 3015 3013 3029 3048 3067 3086 3085 3078 3079 3082 3081 3079 3079 3080 3082 3086 3089 3091 3093 3094 3094 3092 3090 3087 3087 3090 3092 3092 3091 3089 3088 3085 3077 3056 3035 3016 3001 2997 2996 3002 3006 3005 3004 2999 2996 3001 3006 3010 3013 3009 3005 3005 3004 3005 3006
2992 2995 2998 3000 3001 3002 3003 3009 3015 3014 3013 3031 3052 3069 3085 3086 3082 3081 3081 3079 3076 3077 3080 3081 3082 3086 3091 3093 3092 3092 3095 3095 3092 3091 3091 3091 3092 3091 3088 3085 3083 3074 3053 3033 3014 3000 2997 2996 3000 3004 3004 3003 2998 2995 3002 3008 3008 3008 3008 3008 3004 3000 3003 3005
2990 2991 2992 2996 3000 3000 2999 3003 3008 3012 3017 3033 3053 3065 3076 3082 3087 3086 3082 3077 3073 3076 3082 3082 3079 3082 3088 3090 3089 3090 3094 3097 3100 3098 3090 3086 3087 3086 3082 3079 3078 3071 3051 3031 3014 3002 2999 2998 2999 3001 3003 3003 2998 2994 3000 3004 3000 2997 3006 3013 3000 2989 2994 3000
2991 2991 2991 2995 2998 2998 2998 3001 3005 3010 3016 3032 3049 3060 3070 3078 3085 3086 3083 3080 3076 3078 3083 3084 3083 3083 3086 3087 3088 3090 3092 3095 3099 3096 3089 3085 3087 3085 3080 3076 3074 3066 3045 3026 3013 3003 3001 3000 3000 2999 3001 3002 2998 2996 2999 3002 2997 2993 3005 3015 3000 2986 2992 2997
2996 2995 2995 2996 2996 2998 3000 3002 3005 3008 3012 3026 3042 3055 3067 3073 3077 3082 3086 3086 3083 3083 3083 3087 3092 3089 3083 3083 3088 3091 3091 3090 3089 3087 3086 3086 3090 3088 3080 3074 3070 3060 3037 3019 3010 3004 3003 3002 3000 2999 2999 2999 2999 2999 3000 3000 2997 2995 3005 3014 3003 2991 2993 2995
2998 2997 2997 2996 2995 2999 3004 3003 3002 3003 3006 3020 3037 3051 3065 3070 3074 3079 3086 3087 3087 3086 3084 3087 3092 3089 3082 3083 3089 3091 3090 3087 3083 3082 3084 3086 3090 3089 3081 3074 3069 3058 3035 3017 3010 3005 3004 3003 3001 2999 3000 3001 3000 3001 3002 3003 3000 2997 3005 3011 3004 2997 2996 2996
2998 2997 2996 2995 2994 3002 3011 3004 2996 2996 2998 3015 3035 3050 3064 3071 3075 3079 3082 3084 3087 3086 3085 3084 3084 3084 3083 3086 3090 3090 3088 3084 3080 3079 3083 3086 3087 3086 3083 3078 3070 3058 3038 3022 3013 3006 3005 3003 3001 3000 3004 3005 3002 3000 3005 3010 3004 3000 3003 3005 3004 3002 3001 3000
2996 2996 2996 2995 2993 3001 3009 3002 2992 2993 2996 3011 3027 3044 3060 3068 3074 3076 3077 3080 3085 3087 3087 3086 3083 3083 3084 3086 3089 3089 3087 3084 3081 3081 3084 3086 3085 3084 3082 3078 3069 3057 3039 3023 3014 3007 3004 3002 3002 3002 3004 3005 3001 2999 3006 3012 3007 3003 3003 3003 3005 3006 3004 3001
2993 2996 2999 2996 2992 2994 2997 2995 2991 2995 2999 3007 3016 3033 3052 3063 3071 3073 3072 3075 3080 3086 3091 3091 3089 3087 3085 3085 3087 3088 3088 3087 3086 3086 3088 3088 3086 3083 3079 3074 3067 3055 3036 3021 3014 3008 3003 2999 3002 3003 3000 2998 2997 2998 3004 3009 3007 3006 3005 3004 3007 3009 3005 3000
2992 2995 2998 2994 2991 2989 2987 2988 2990 2995 3000 3004 3007 3023 3042 3055 3067 3070 3068 3072 3078 3084 3091 3092 3090 3088 3086 3085 3085 3087 3089 3090 3089 3089 3089 3088 3086 3082 3076 3070 3065 3054 3033 3016 3011 3006 3001 2998 3003 3006 3001 2997 2998 3000 3004 3007 3007 3008 3007 3006 3008 3010 3005 3001
2993 2992 2990 2990 2990 2985 2979 2983 2987 2994 3001 3002 3003 3014 3028 3045 3062 3067 3068 3072 3077 3082 3088 3088 3084 3084 3087 3087 3085 3087 3091 3092 3090 3089 3088 3087 3086 3082 3074 3068 3065 3054 3027 3008 3003 3000 2999 2999 3006 3010 3006 3003 3005 3007 3006 3006 3007 3008 3007 3007 3008 3009 3006 3004
2994 2992 2991 2990 2990 2984 2978 2981 2986 2993 3001 3002 3002 3008 3015 3033 3053 3063 3068 3073 3078 3082 3085 3085 3083 3085 3091 3091 3087 3087 3091 3092 3091 3090 3089 3088 3085 3081 3073 3066 3061 3049 3023 3004 3000 2997 2999 3001 3007 3011 3007 3004 3009 3012 3008 3004 3005 3006 3007 3008 3008 3007 3006 3005
2995 2998 3001 2996 2991 2988 2985 2986 2987 2994 3001 3004 3006 3006 3005 3020 3039 3054 3069 3077 3082 3083 3083 3084 3086 3091 3099 3098 3091 3089 3090 3091 3091 3091 3092 3090 3085 3080 3074 3065 3050 3035 3019 3006 3002 2999 3002 3004 3006 3007 3002 3000 3010 3016 3007 2999 3001 3003 3008 3012 3008 3005 3003 3002
2995 3000 3005 2999 2992 2990 2989 2988 2988 2993 2999 3002 3005 3002 2998 3009 3024 3044 3065 3075 3081 3083 3083 3085 3088 3093 3100 3099 3092 3089 3089 3089 3090 3090 3092 3090 3084 3080 3075 3065 3044 3027 3016 3008 3002 3000 3003 3005 3006 3006 3002 3001 3009 3015 3007 3000 3004 3008 3012 3016 3010 3005 3004 3003
2996 2998 2999 2994 2990 2988 2986 2988 2989 2991 2992 2993 2995 2995 2994 3001 3011 3031 3054 3066 3074 3080 3086 3088 3089 3089 3088 3087 3087 3086 3086 3086 3087 3086 3085 3084 3083 3081 3078 3067 3045 3028 3017 3007 3001 2997 3000 3004 3009 3012 3012 3011 3008 3006 3008 3011 3019 3026 3023 3020 3015 3009 3010 3010
2997 2996 2995 2991 2987 2986 2985 2987 2989 2989 2989 2990 2992 2993 2994 2997 3002 3020 3041 3056 3069 3079 3088 3091 3090 3086 3080 3080 3084 3085 3084 3084 3085 3084 3082 3081 3081 3081 3078 3069 3047 3029 3018 3008 3000 2996 3001 3006 3011 3016 3018 3017 3007 3000 3007 3015 3028 3039 3033 3027 3020 3013 3014 3015
2998 2997 2996 2991 2985 2986 2988 2987 2986 2989 2994 2997 3000 3000 2999 3000 3001 3012 3026 3046 3068 3080 3088 3091 3090 3086 3079 3079 3084 3085 3082 3082 3084 3085 3084 3082 3079 3077 3077 3069 3048 3030 3018 3009 3003 3001 3008 3013 3015 3016 3017 3016 3008 3001 3004 3010 3026 3041 3039 3037 3027 3018 3017 3016
2999 2997 2995 2990 2984 2986 2989 2988 2986 2991 2997 3002 3006 3005 3003 3001 3000 3006 3014 3036 3063 3077 3085 3088 3089 3085 3079 3080 3085 3085 3081 3081 3083 3084 3084 3082 3077 3074 3076 3070 3050 3033 3019 3009 3004 3004 3011 3016 3013 3012 3014 3014 3008 3003 3003 3005 3024 3042 3041 3040 3030 3020 3019 3017
3001 2995 2989 2987 2986 2987 2988 2991 2995 2997 2998 3003 3007 3006 3004 3002 2999 3003 3009 3027 3051 3066 3076 3081 3084 3084 3083 3084 3086 3085 3083 3081 3080 3080 3082 3080 3075 3074 3076 3072 3057 3040 3020 3006 3004 3004 3008 3009 3002 2997 3005 3010 3007 3004 3003 3005 3022 3037 3032 3028 3023 3018 3018 3017
3000 2994 2988 2988 2988 2988 2988 2994 3001 3001 3000 3003 3006 3006 3004 3001 2998 3001 3005 3022 3043 3058 3070 3077 3081 3084 3087 3087 3085 3084 3084 3083 3080 3079 3080 3079 3076 3075 3077 3073 3059 3043 3021 3005 3004 3004 3005 3004 2994 2989 2999 3008 3007 3006 3003 3003 3019 3033 3028 3023 3020 3017 3016 3016
2994 2995 2996 2994 2992 2991 2991 2995 3000 3001 3002 3001 3000 3001 3002 3000 2996 2998 3003 3021 3045 3061 3072 3078 3081 3085 3089 3087 3081 3081 3086 3088 3085 3083 3081 3081 3082 3082 3079 3070 3054 3037 3020 3008 3006 3005 3005 3003 2996 2993 3002 3010 3011 3010 3001 2995 3013 3030 3032 3033 3024 3015 3015 3014
2989 2995 3001 2999 2996 2996 2996 2998 3000 3001 3003 3000 2996 2998 3002 3000 2996 2998 3003 3022 3047 3063 3074 3079 3081 3085 3090 3087 3079 3080 3087 3090 3089 3086 3082 3082 3086 3086 3080 3070 3052 3035 3021 3011 3009 3007 3005 3002 2999 2998 3004 3010 3013 3013 3000 2990 3008 3026 3032 3038 3026 3014 3014 3014
2990 2994 2998 2999 3000 3003 3006 3006 3005 3002 3000 2999 2999 3001 3004 3003 3001 3004 3008 3025 3047 3062 3075 3079 3079 3082 3087 3087 3084 3084 3086 3088 3088 3087 3084 3082 3083 3083 3081 3074 3058 3042 3026 3015 3012 3009 3007 3005 3005 3005 3002 3002 3009 3014 3002 2993 3006 3017 3021 3024 3020 3015 3015 3015
2989 2992 2994 2999 3004 3008 3013 3010 3007 3003 2998 2999 3001 3003 3004 3005 3006 3010 3014 3029 3049 3064 3076 3080 3079 3081 3085 3087 3087 3086 3086 3086 3087 3087 3085 3083 3083 3082 3082 3077 3064 3049 3033 3020 3016 3012 3008 3007 3010 3010 3001 2995 3005 3012 3003 2997 3004 3010 3012 3014 3015 3016 3016 3017
2987 2990 2992 2998 3004 3006 3006 3004 3002 2999 2997 2997 2998 2998 2999 3003 3007 3014 3022 3039 3060 3071 3079 3081 3081 3082 3086 3087 3086 3086 3087 3087 3087 3086 3087 3087 3087 3085 3080 3074 3069 3060 3043 3030 3026 3020 3011 3006 3010 3012 3002 2995 3000 3004 3004 3003 3004 3006 3008 3011 3014 3016 3016 3016
2987 2989 2991 2998 3005 3003 3001 2999 2998 2998 2999 2998 2997 2997 2998 3004 3012 3021 3032 3049 3069 3078 3082 3083 3082 3083 3085 3085 3084 3085 3087 3087 3086 3086 3087 3088 3088 3085 3077 3072 3074 3069 3054 3042 3037 3030 3017 3009 3014 3016 3006 2998 2999 3001 3006 3011 3007 3004 3008 3011 3015 3019 3017 3016
2996 2995 2995 3000 3005 3004 3002 3001 2999 3003 3008 3008 3008 3009 3011 3019 3030 3039 3048 3061 3076 3082 3085 3084 3082 3081 3082 3080 3077 3078 3082 3084 3084 3084 3084 3082 3078 3074 3073 3073 3075 3074 3065 3057 3050 3042 3033 3027 3030 3030 3023 3017 3017 3018 3020 3022 3018 3016 3017 3019 3026 3033 3025 3017
3004 3001 2999 3002 3005 3004 3003 3003 3002 3009 3017 3018 3018 3020 3023 3033 3046 3054 3061 3070 3080 3084 3087 3085 3082 3080 3080 3077 3072 3073 3079 3082 3083 3083 3082 3077 3070 3067 3070 3074 3078 3079 3076 3071 3061 3053 3046 3042 3043 3043 3038 3035 3034 3034 3033 3031 3029 3027 3027 3028 3036 3043 3031 3019
3001 3004 3008 3007 3007 3006 3006 3009 3013 3019 3026 3024 3022 3027 3034 3040 3046 3054 3062 3068 3073 3078 3082 3083 3083 3083 3083 3081 3078 3078 3082 3083 3083 3083 3081 3079 3077 3075 3075 3078 3086 3089 3084 3076 3066 3057 3051 3046 3047 3047 3045 3045 3047 3047 3040 3033 3035 3037 3040 3043 3039 3035 3033 3030
3000 3008 3017 3013 3010 3009 3009 3016 3024 3029 3034 3031 3027 3034 3044 3048 3049 3056 3064 3067 3068 3072 3078 3081 3083 3085 3086 3085 3083 3083 3084 3085 3084 3083 3081 3080 3083 3083 3080 3082 3093 3097 3090 3081 3070 3060 3056 3052 3051 3050 3052 3055 3058 3059 3046 3035 3041 3047 3052 3056 3043 3031 3036 3041
3012 3019 3025 3023 3021 3020 3018 3028 3039 3041 3042 3043 3045 3051 3057 3062 3067 3068 3069 3069 3070 3074 3079 3079 3077 3081 3089 3090 3086 3084 3084 3085 3087 3087 3084 3083 3084 3085 3086 3088 3092 3093 3088 3081 3069 3061 3065 3066 3060 3055 3059 3061 3061 3059 3049 3041 3051 3059 3059 3058 3056 3053 3051 3049
3025 3029 3033 3033 3033 3031 3028 3040 3053 3053 3050 3055 3061 3065 3069 3075 3083 3080 3073 3072 3073 3076 3079 3077 3072 3078 3090 3093 3087 3085 3084 3086 3090 3090 3087 3085 3086 3087 3091 3093 3090 3088 3086 3080 3068 3063 3074 3079 3068 3060 3064 3067 3064 3059 3052 3047 3060 3070 3065 3060 3067 3074 3065 3057
3034 3041 3048 3046 3044 3044 3044 3049 3054 3056 3057 3059 3061 3062 3063 3070 3079 3079 3077 3075 3074 3075 3076 3074 3070 3073 3080 3084 3085 3086 3087 3087 3088 3088 3089 3089 3091 3091 3090 3087 3082 3080 3082 3081 3072 3067 3074 3077 3067 3060 3065 3069 3066 3063 3058 3055 3060 3065 3065 3065 3071 3077 3071 3065
3042 3052 3061 3058 3055 3057 3060 3058 3056 3060 3065 3064 3062 3060 3059 3066 3075 3079 3080 3078 3075 3074 3073 3071 3068 3069 3071 3076 3082 3086 3088 3088 3086 3086 3090 3092 3095 3094 3088 3082 3075 3073 3079 3082 3075 3071 3075 3075 3066 3060 3066 3070 3068 3066 3064 3062 3061 3061 3066 3071 3075 3079 3075 3071
3046 3051 3057 3058 3060 3064 3068 3066 3063 3066 3070 3070 3070 3067 3063 3067 3072 3075 3078 3075 3070 3070 3071 3070 3069 3070 3072 3075 3078 3078 3078 3079 3081 3082 3081 3082 3085 3086 3084 3081 3075 3074 3080 3081 3070 3064 3072 3076 3071 3068 3073 3075 3068 3062 3066 3069 3067 3066 3071 3075 3075 3074 3067 3060
3049 3051 3053 3059 3064 3070 3075 3073 3070 3072 3075 3076 3078 3073 3067 3068 3070 3073 3076 3072 3065 3065 3069 3070 3069 3071 3074 3074 3073 3071 3068 3069 3076 3077 3073 3072 3075 3078 3080 3080 3076 3075 3080 3079 3065 3058 3069 3077 3075 3075 3079 3080 3068 3059 3068 3075 3073 3071 3076 3079 3075 3069 3060 3050
3051 3051 3052 3055 3058 3063 3069 3068 3066 3071 3077 3075 3071 3071 3071 3072 3073 3076 3080 3077 3070 3068 3067 3068 3069 3071 3072 3072 3070 3068 3067 3068 3073 3074 3072 3072 3077 3079 3079 3077 3075 3073 3073 3071 3065 3063 3073 3080 3076 3073 3075 3076 3073 3071 3068 3067 3070 3072 3071 3070 3066 3063 3061 3059
3052 3052 3052 3052 3051 3057 3062 3063 3062 3070 3079 3074 3065 3069 3075 3077 3077 3080 3085 3081 3075 3070 3065 3066 3069 3071 3071 3069 3066 3065 3066 3068 3070 3072 3071 3072 3078 3080 3077 3075 3074 3071 3066 3063 3064 3068 3077 3082 3077 3072 3071 3071 3079 3083 3069 3058 3066 3073 3066 3060 3058 3057 3063 3068
