3067 3048 3045 3048 3044 3051 3056 3038 3026 3022 3035 3034 3045 3045 3034 3043 3030 3021 3008 3014 3009 3027 3035 3023 3001 3018 3021 3029 3024 3033 3023 3009 3022 3014 3024 3013 3025 3009 3014 3005 3013 2996 3013 3011 3006 3005 3007 3002 2991 3012 3003 3020 3017 3010 3012 3011 2997 3009 2996 2988 2988 3005 3008 3013
3050 3048 3044 3046 3047 3038 3049 3048 3045 3031 3022 3043 3044 3038 3043 3033 3030 3023 3020 3011 3013 3021 3020 3018 3036 3032 3026 3008 3024 3025 3018 3015 3014 3017 3018 3005 3000 2995 3010 3015 3005 3011 3007 3008 3004 3009 3013 3014 3002 3001 3001 3021 3002 3012 3017 3017 3013 3005 3002 2982 2998 2990 2999 2993
3048 3038 3041 3049 3040 3046 3044 3055 3052 3038 3022 3033 3041 3031 3029 3023 3019 3015 3017 3015 3015 3015 3025 3028 3020 3024 3018 3001 3021 3024 3009 2998 3015 2995 3004 2997 2997 2999 2999 3016 3006 3004 3017 3020 3009 3003 3004 2992 3002 3003 3003 2993 2998 3003 3020 3009 3009 3005 3007 2993 3001 3006 2999 3002
3043 3047 3045 3030 3039 3037 3031 3050 3037 3045 3024 3012 3034 3037 3031 3018 3015 3021 3026 3018 3013 3011 3016 3013 3026 3007 3018 3020 3025 3018 3004 3000 3018 3014 3030 3020 3011 3006 3012 3012 3007 3016 3000 3014 3018 3010 3010 2998 3010 3009 3003 3018 3004 3016 3010 2995 3004 3009 3004 2992 2998 2999 2989 3012
3035 3037 3053 3042 3024 3042 3054 3050 3035 3033 3024 3032 3025 3022 3015 3018 3024 3020 3022 3026 3017 3033 3021 3014 3011 3010 3001 3022 3015 3011 3006 3015 3022 3022 3027 3021 3021 3016 3007 3014 3008 3006 3002 3011 3017 3007 3017 3008 2996 3003 3005 2998 3011 3013 3006 2987 3007 3013 2999 2996 2991 3000 2999 3014
3046 3053 3056 3042 3039 3052 3044 3024 3035 3045 3027 3033 3027 3024 3018 3024 3024 3033 3019 3020 3029 3023 3034 3010 3021 3022 3020 3003 3012 3031 3005 2996 3007 3027 3027 3012 3008 3021 3005 3006 3016 3021 3022 3015 3017 3013 3011 2999 2996 2997 3011 3004 3009 3007 2998 3001 3015 3015 3006 3016 3005 3001 2989 2999
3050 3055 3050 3054 3035 3054 3058 3041 3031 3033 3020 3027 3030 3028 3025 3024 3026 3030 3023 3025 3034 3015 3022 3025 3027 3018 3003 3025 3020 3009 3017 3024 3016 3021 3031 3018 3016 3005 3018 3016 3025 3020 3015 3018 3018 3013 3017 3016 3015 3000 3005 3022 3008 3008 3018 3010 3001 3013 3015 3011 2998 2998 2992 2984
3023 3027 3016 3012 3017 3018 3028 3028 3005 3020 3022 3014 3024 3012 3007 3013 3021 3024 3005 3023 3017 3015 3011 3021 3024 3014 3013 3006 3015 3001 3030 3017 3010 3019 3016 2997 3023 3016 3030 3012 3006 3016 3021 3014 3026 3009 3016 3015 3007 3011 3021 3011 3007 3009 3005 3011 3013 3004 3014 3010 3010 3000 2987 3000
2980 2980 2988 2984 2990 3001 3003 2993 2992 2993 2997 3002 2992 2994 2997 3000 3008 3001 3022 3020 3019 3025 3017 3018 3014 3018 3006 3011 3020 3011 3011 3003 3012 3012 3004 3022 3023 3031 3025 3016 3017 3026 3023 3016 3005 3012 3013 3010 3002 3011 3012 3015 3013 3020 3007 3011 3003 2999 3015 3009 3010 3006 3007 3003
2984 2974 2985 2994 2992 2984 3001 2995 2993 2998 2990 2997 2997 3005 3002 2993 2994 2988 3002 3009 3033 3020 3021 3015 3028 3003 3017 3005 3010 3016 3016 3013 3008 3000 3002 3003 3015 3021 3004 3019 3006 3021 3011 3007 3010 3005 3001 2998 3006 2998 3006 3010 3015 3011 3006 2998 3003 2988 3018 3017 3013 2993 3009 3003
2985 2987 2984 2997 3006 2983 2977 2989 3007 2991 2992 3016 2991 3013 3011 3004 2988 2993 3008 3021 3026 3032 3032 3023 3019 3016 3013 3009 3001 3011 3012 3015 3004 3004 2999 2997 2990 2993 2999 3010 2994 3001 3001 2999 2981 2996 2984 2993 2995 2994 2992 2995 2988 2993 2998 3000 3010 3008 3001 3020 3012 3007 3002 3004
2991 2981 2986 2995 2985 2986 2991 2986 2986 2992 3001 3000 3005 2995 3020 2996 2997 3008 3028 3022 3028 3032 3036 3036 3013 3006 3011 3014 3015 3005 3009 3007 3000 3008 2985 2990 2992 2995 3002 2986 3009 3000 2990 2994 2998 2984 2990 2994 2995 2998 2997 3011 2994 2997 2995 3011 3003 2999 3011 2999 3015 3019 3012 3003
2997 2979 2981 2982 2984 2996 2990 2992 2985 2999 3007 3014 2997 3012 3011 3014 3002 3012 3039 3047 3042 3036 3045 3037 3035 3021 3017 3013 3004 3005 3012 3010 3015 3000 2999 2986 2998 2988 3002 2989 2988 2998 3006 2976 2980 2992 2995 2988 2996 2988 3000 2997 3002 2993 2995 2984 2999 3025 3007 2999 2995 3001 3014 2993
2973 2966 2966 2972 2986 3001 3004 2995 2991 2986 3000 3012 3007 3000 3023 3016 3006 3016 3026 3040 3047 3054 3044 3060 3038 3022 3020 3018 3010 3020 3004 3023 3010 3015 3002 3005 2998 2973 2990 2997 2992 2998 2992 2987 2992 2977 2988 2986 2998 2994 2991 2994 3004 3006 2987 3000 2996 3005 2998 3010 3010 2996 3016 3003
2969 2973 2966 2997 2989 3011 3008 3007 2987 3011 3024 3014 3016 3015 3025 3018 3011 3040 3034 3049 3054 3047 3046 3043 3034 3025 3036 3034 3035 3014 3010 3031 3034 3030 3022 3005 3012 3005 3006 3004 2993 2989 2996 2997 2981 3000 2994 2997 2991 2997 2993 2988 2991 2993 2995 3003 3009 3005 3007 3028 3009 2995 2998 3010
2982 2979 2985 2979 2988 3000 3005 3015 3010 3018 3017 3028 3030 3028 3023 3029 3032 3026 3037 3046 3041 3055 3041 3044 3034 3041 3018 3029 3015 3020 3031 3013 3037 3031 3014 3009 3004 3002 2994 2997 2983 2989 2989 2987 2991 3002 2997 2997 2987 2994 2986 2998 2996 2989 3000 3001 3011 3006 3001 3025 3005 3005 3004 3003
2999 3008 2986 3002 3013 3000 3002 3013 3015 3015 3020 3016 3034 3036 3027 3029 3023 3033 3046 3044 3060 3046 3034 3042 3032 3016 3032 3033 3031 3034 3029 3024 3025 3009 3016 3009 3016 3004 3010 3001 2988 2993 2979 2987 2969 2981 2982 2993 3000 2985 2998 2984 2994 3013 3006 2996 3008 2993 3004 3018 3004 2984 2991 3011
2998 3005 2989 3001 2988 2997 3010 3007 3016 3025 3033 3033 3026 3028 3030 3042 3043 3027 3054 3045 3046 3054 3043 3042 3048 3037 3038 3030 3031 3035 3030 3027 3030 3021 3019 3031 3019 3023 3006 2992 2990 3000 2987 2977 2979 2998 2984 3002 2999 3002 3006 3008 3008 3014 3007 2995 2998 2982 3003 3014 3014 3008 3009 2999
3004 3005 3007 2990 2988 3001 3008 3013 3006 3028 3029 3037 3045 3028 3027 3023 3020 3027 3051 3046 3052 3056 3044 3050 3052 3053 3056 3048 3043 3044 3030 3029 3030 3030 3034 3041 3046 3038 3009 3003 3008 2992 2990 2999 2997 2990 2999 2987 2996 3002 2989 2980 3010 3004 3021 3018 3011 3000 3011 3020 3023 3013 3008 3011
2999 3001 3006 3004 2999 3017 3020 3031 3027 3032 3047 3037 3047 3048 3029 3020 3020 3031 3043 3048 3053 3054 3051 3061 3061 3064 3058 3065 3061 3056 3055 3037 3027 3013 3020 3038 3036 3038 3021 3002 3000 3006 2980 2999 2998 3001 2997 2995 2995 2995 3001 3017 3012 3014 3009 3020 3010 2994 3013 2994 3005 3008 3010 3013
2992 3019 3012 3005 3018 3009 3037 3032 3023 3024 3029 3042 3037 3029 3029 3041 3030 3035 3044 3048 3053 3069 3041 3046 3067 3066 3080 3079 3071 3072 3082 3047 3036 3031 3022 3033 3021 3031 3028 2997 2992 2989 3003 2991 2989 3002 2998 2984 2986 3007 3011 2994 3003 3004 3008 3008 3011 3002 3018 2994 2992 3016 2994 3009
3001 3001 3004 2997 3008 3028 3032 3033 3027 3034 3029 3033 3032 3038 3036 3032 3051 3028 3038 3053 3065 3056 3057 3061 3070 3074 3092 3083 3075 3081 3061 3073 3046 3039 3031 3032 3037 3028 3011 3024 2991 2979 2989 2993 3009 2988 3001 2995 2986 2997 2995 3014 3002 3006 3002 3014 3015 3001 3004 3000 3006 3004 2995 2992
3004 3005 3010 2987 3000 3024 3039 3025 3029 3019 3039 3035 3037 3025 3042 3043 3036 3053 3037 3063 3058 3067 3050 3072 3077 3071 3096 3087 3088 3084 3080 3075 3055 3044 3057 3039 3044 3039 3020 3009 3005 3009 2997 2981 2983 2993 2997 3009 2995 3008 3010 3003 3010 3014 3009 3012 3012 2998 3009 3005 2999 3006 3000 2990
3001 2993 3008 3001 3011 3024 3027 3034 3027 3037 3026 3039 3035 3039 3052 3030 3048 3039 3048 3040 3066 3061 3056 3069 3081 3088 3087 3093 3092 3085 3072 3070 3059 3054 3053 3039 3039 3037 3030 3011 3016 3018 2996 2979 3017 3002 2990 2999 3000 2996 3007 2999 3009 3006 3008 2997 3008 3008 3008 3001 3000 3005 3002 2986
2984 2990 3000 3002 3010 3017 3034 3031 3029 3031 3036 3039 3045 3034 3026 3031 3035 3050 3037 3048 3062 3052 3062 3066 3083 3087 3085 3090 3092 3085 3081 3084 3065 3064 3053 3042 3032 3039 3032 3023 3022 3013 3000 2994 3013 3005 3004 2997 3004 3013 2996 2997 3005 3000 2995 3019 3020 3012 2991 2995 3004 3009 2995 2994
3002 3001 3001 2999 3006 3022 3045 3031 3037 3024 3027 3034 3036 3042 3040 3034 3044 3045 3047 3045 3052 3060 3060 3087 3074 3094 3090 3103 3088 3087 3090 3100 3076 3066 3057 3040 3043 3052 3043 3040 3014 3018 3007 3001 3002 3009 3004 2997 3006 3003 3002 3003 3015 3002 3007 3007 3004 3007 3018 3015 2995 2994 2984 2978
3009 2999 3009 3002 3008 3017 3027 3015 3031 3035 3039 3039 3042 3048 3037 3036 3037 3036 3072 3072 3072 3067 3084 3073 3075 3087 3097 3084 3103 3089 3096 3081 3081 3067 3052 3060 3049 3044 3035 3026 3016 3003 3002 3001 2996 2997 2993 2990 3003 3008 2993 2998 2992 2999 2997 2992 3008 3014 3008 3003 3003 3009 3004 3011
3006 3013 3003 3007 3016 3020 3026 3031 3037 3048 3036 3046 3043 3043 3036 3043 3054 3063 3058 3057 3074 3079 3086 3081 3081 3082 3081 3095 3103 3095 3101 3101 3083 3077 3067 3062 3059 3048 3039 3028 3027 3010 2997 3000 3005 2998 3002 2995 3002 2999 3016 2998 2994 2997 2991 2996 3001 3004 2997 3013 2999 3001 3007 3006
3004 3002 2999 3012 3013 3020 3029 3032 3044 3045 3036 3042 3045 3048 3029 3045 3048 3061 3078 3080 3081 3082 3092 3089 3083 3096 3083 3087 3106 3097 3095 3092 3093 3089 3080 3093 3066 3056 3042 3040 3027 3005 3006 2998 3012 2999 3008 3007 3005 3014 3017 3006 3002 3001 2990 3014 3003 3006 2998 3004 3005 2996 3016 3013
3025 2996 3002 3011 3014 3012 3031 3044 3036 3034 3042 3047 3058 3050 3062 3054 3074 3077 3068 3073 3072 3075 3084 3107 3105 3093 3087 3094 3100 3090 3101 3087 3083 3082 3080 3082 3073 3061 3050 3019 3018 3000 3008 2994 2989 3006 2999 2993 2991 3014 3006 3011 2996 3001 3011 3003 3007 3009 3001 3004 3009 2996 3008 3033
3008 3008 2993 3006 3012 3014 3033 3035 3061 3044 3067 3074 3075 3064 3066 3077 3079 3067 3096 3077 3091 3082 3082 3081 3089 3101 3083 3084 3087 3095 3088 3079 3071 3088 3084 3084 3073 3054 3031 3010 3013 2997 3007 3020 3002 3010 3003 3003 2998 3001 3002 3005 2992 2996 3011 3020 2999 2994 3009 3016 3014 3007 3007 3002
3002 2995 2993 3007 3009 3021 3031 3024 3046 3061 3065 3080 3068 3082 3090 3080 3071 3064 3085 3092 3090 3100 3092 3095 3085 3096 3101 3101 3092 3101 3088 3087 3092 3082 3086 3081 3086 3067 3052 3026 3005 2996 2996 3003 2994 3001 3004 3005 3022 3007 3011 3006 2996 3002 3001 3013 3018 3014 3006 3020 3006 3005 2996 3006
2996 3006 2991 2986 2998 3001 3019 3031 3028 3045 3074 3083 3089 3093 3093 3077 3078 3076 3082 3088 3082 3078 3089 3090 3086 3095 3091 3084 3086 3086 3100 3086 3091 3102 3082 3087 3090 3070 3048 3033 3011 2991 2983 2998 2993 3009 3009 3007 2997 2998 3008 3002 2998 2995 3004 2998 3009 3003 3006 2998 3010 3014 3017 3006
3003 2992 3006 2987 2993 2998 2991 3018 3043 3065 3066 3070 3073 3079 3098 3086 3078 3085 3076 3082 3087 3090 3077 3086 3083 3081 3086 3087 3090 3088 3071 3066 3084 3070 3083 3079 3082 3063 3038 3017 2994 2986 2987 2998 2998 3001 2999 2997 3018 2997 3003 3012 2990 3001 3006 3017 3007 3011 3015 3000 2995 3004 3012 3020
2998 2999 3008 3003 2995 3004 3004 3025 3065 3063 3069 3074 3083 3080 3081 3085 3076 3077 3070 3079 3079 3077 3083 3084 3095 3080 3081 3095 3103 3103 3076 3078 3079 3077 3091 3067 3077 3077 3056 3032 3006 2988 2999 2999 2999 3007 3009 2995 2995 3007 3005 3006 3003 2992 3007 3015 2996 3005 2997 2992 2989 3012 2996 3006
3006 3007 3003 3000 3003 3000 3019 3031 3049 3048 3063 3072 3067 3083 3072 3088 3080 3086 3090 3080 3074 3077 3068 3081 3084 3092 3077 3088 3092 3085 3077 3079 3087 3094 3092 3078 3083 3072 3033 3016 3009 3002 3006 2998 3006 3012 2997 2988 2993 3005 2996 3012 3011 2998 3004 2997 3007 3001 3003 2988 2993 2998 2986 2999
2980 3007 3002 3015 3004 2997 3009 3029 3038 3056 3076 3074 3069 3080 3070 3073 3086 3095 3088 3088 3085 3081 3071 3073 3089 3082 3077 3097 3089 3083 3106 3095 3093 3087 3080 3082 3077 3069 3038 3010 3003 2992 3003 2989 3010 2997 3009 3017 2994 2993 2999 3000 3001 3007 3001 2992 2990 2992 2987 2998 2993 3009 2989 2989
3002 2999 3002 3005 3012 3001 3003 3028 3033 3059 3076 3082 3080 3069 3090 3086 3095 3089 3085 3087 3080 3067 3075 3068 3093 3091 3092 3074 3086 3089 3096 3093 3089 3084 3077 3086 3064 3053 3035 3006 2995 3003 2993 3004 3009 2988 3007 2995 2997 3011 3012 2997 2998 3008 2998 3002 2983 2992 3004 3001 3004 3005 2991 2990
2999 2995 2991 3002 3013 2997 2987 3006 3009 3038 3074 3074 3079 3089 3082 3071 3091 3089 3095 3087 3080 3088 3083 3090 3089 3078 3082 3088 3092 3088 3080 3078 3076 3088 3071 3079 3075 3051 3034 2994 2998 2996 3001 2993 3010 2993 3012 3007 3004 2998 2994 2998 3004 2998 3022 3016 3011 3005 2994 2992 3000 2993 2999 2983
2983 2991 2988 3004 3012 3004 2989 3011 3012 3042 3060 3080 3081 3080 3075 3073 3076 3084 3084 3076 3090 3095 3089 3088 3087 3088 3081 3100 3096 3086 3082 3081 3085 3082 3074 3070 3058 3046 3014 3003 3008 2998 3008 3004 3001 2996 3016 3006 3006 2993 2998 3007 2997 2997 3014 3014 3020 3009 3006 3008 2993 3006 2975 2982
2994 2997 3008 2986 2995 2985 2981 2991 3009 3030 3058 3067 3065 3072 3069 3079 3076 3083 3088 3075 3083 3089 3088 3069 3082 3080 3071 3078 3085 3086 3083 3077 3075 3080 3073 3066 3067 3037 3023 3013 3019 3016 3010 2998 2993 2993 3011 3016 3010 3009 2998 3012 3011 2993 3016 3026 3032 3016 3016 3022 3022 3009 3008 2995
2981 2992 2990 2992 2996 2996 2989 2997 3002 3022 3053 3064 3067 3078 3068 3078 3079 3084 3078 3072 3088 3089 3086 3076 3078 3082 3064 3087 3085 3082 3079 3078 3075 3067 3094 3068 3050 3050 3039 3007 3028 3024 2999 2999 3005 2997 3012 3004 3003 3018 3015 3006 3002 3005 2996 3017 3031 3033 3043 3035 3021 3004 3009 3020
2980 3001 2992 2986 2999 2984 2980 2996 3004 3026 3024 3044 3074 3079 3073 3083 3073 3084 3081 3082 3087 3086 3088 3093 3084 3075 3071 3084 3080 3081 3093 3082 3079 3077 3071 3072 3051 3046 3030 3017 3009 3025 3002 3013 3006 3005 3005 3012 3021 3006 2990 3005 3006 3006 2992 3014 3016 3048 3033 3027 3033 3024 3007 3001
2971 2987 3003 3006 2996 2994 2989 3015 3018 3034 3035 3038 3057 3075 3079 3075 3080 3068 3078 3085 3084 3085 3088 3095 3083 3082 3095 3083 3090 3086 3074 3085 3077 3079 3064 3088 3057 3052 3032 3022 3028 3028 3023 3019 3000 3013 3021 3014 3004 2993 2997 2984 3008 3004 3007 3012 3025 3054 3046 3049 3042 3015 3019 3006
2973 2989 2994 2994 3003 2997 3000 3012 3026 3033 3024 3031 3047 3054 3068 3064 3060 3081 3073 3089 3100 3082 3086 3086 3079 3083 3086 3071 3087 3083 3085 3084 3081 3083 3073 3062 3060 3049 3033 3029 3022 3023 3006 3011 3004 3004 3015 3011 3011 2997 2996 2999 3006 2996 2995 3004 3018 3037 3045 3031 3027 3015 3013 3006
2991 2997 2986 3001 2995 3007 3013 3002 3015 3019 3028 3035 3054 3065 3066 3060 3059 3081 3085 3076 3083 3093 3081 3073 3070 3084 3069 3066 3077 3099 3089 3092 3079 3086 3070 3069 3044 3036 3032 3034 3017 3023 3018 3013 3009 2997 3004 3009 2994 2997 2996 3011 3010 3003 2999 2999 3028 3030 3039 3038 3026 3020 3008 3020
3007 2990 2999 2997 3007 3001 3013 3006 3007 3010 3009 3038 3031 3028 3070 3074 3062 3081 3078 3083 3081 3088 3085 3088 3074 3082 3073 3077 3082 3090 3090 3091 3076 3080 3082 3075 3039 3035 3028 3020 3020 3027 3013 3010 3015 3002 3003 3007 2993 3001 2997 3006 3004 3007 3010 3001 3027 3031 3026 3041 3023 3021 3021 3019
3001 2999 2999 3004 2999 2996 3012 3001 3004 3024 3027 3020 2999 3038 3060 3068 3072 3084 3082 3088 3085 3082 3078 3099 3082 3085 3084 3085 3076 3093 3075 3085 3084 3081 3070 3070 3036 3037 3036 3019 3014 3017 3020 3017 3003 3006 3000 3008 3002 3003 2994 3013 3004 3004 3002 2999 3013 3015 3020 3032 3022 3006 3024 3026
2990 2997 2998 2992 2991 2996 3007 2995 3001 3008 3016 3001 3021 3037 3057 3069 3056 3075 3074 3073 3092 3078 3094 3097 3088 3097 3086 3073 3075 3085 3082 3076 3082 3079 3077 3049 3048 3026 3031 3018 3020 3021 3021 3017 3012 2999 2998 2995 3002 3009 3000 3006 3004 3001 3009 3000 3011 3015 3009 3021 3012 3019 3027 3015
2980 2987 2996 2991 2986 3002 3006 3010 2990 3003 2996 3005 3006 3034 3059 3054 3057 3064 3077 3058 3085 3077 3086 3095 3074 3078 3083 3096 3085 3082 3091 3087 3065 3073 3060 3045 3035 3039 3026 3020 3029 3019 3016 3019 3004 2997 2999 3006 2999 2993 3010 3003 2998 3005 3009 3011 2998 3009 3001 3009 3015 3029 3003 3010
2993 3004 2986 2987 2989 3004 3012 2999 2996 2989 3010 3005 3020 3021 3047 3062 3063 3075 3076 3078 3084 3085 3087 3088 3083 3085 3101 3098 3084 3086 3089 3083 3071 3075 3056 3043 3024 3030 3021 3013 3021 3019 3024 3028 3021 2996 3000 3003 3001 2998 3011 3007 3001 2987 2996 2997 3011 3006 3014 3000 3000 3005 3016 3021
2983 3009 2998 2993 2978 2987 2996 3010 3003 2990 3005 3010 3023 3016 3033 3055 3059 3074 3066 3079 3097 3095 3089 3081 3081 3071 3093 3094 3074 3077 3081 3081 3073 3071 3054 3031 3023 3001 3010 3004 3007 3009 3010 3012 3009 3006 2995 2992 3007 3007 3010 3027 3005 2996 2994 2988 3006 3012 3000 3006 3013 3005 3009 3026
3000 2994 3008 2980 2999 2999 3006 3004 3012 3000 3003 3005 3010 3026 3047 3042 3063 3069 3077 3084 3089 3080 3092 3088 3085 3092 3077 3086 3073 3081 3071 3082 3072 3060 3044 3031 3016 3016 3018 3001 3013 3019 3024 3028 3022 3025 3012 3011 3020 3023 3024 3032 3026 3003 3014 3015 3019 3016 3014 3012 3009 3005 3023 3038
3002 3002 2988 3007 3004 3002 2995 2994 2995 3003 3003 3024 3014 3026 3047 3052 3081 3094 3093 3081 3093 3091 3082 3084 3076 3076 3082 3075 3075 3071 3077 3066 3065 3050 3039 3019 3011 3036 3006 3017 3024 3006 3014 3028 3035 3038 3021 3012 3031 3042 3040 3044 3033 3017 3031 3027 3037 3036 3025 3010 3036 3014 3010 3018
3008 2989 2991 3004 2997 2990 2996 3002 2987 3000 2999 3016 3027 3041 3062 3059 3076 3078 3092 3097 3073 3089 3082 3076 3084 3086 3074 3080 3072 3080 3059 3068 3074 3078 3043 3037 3024 3035 3031 3017 3026 3028 3030 3037 3046 3042 3045 3027 3040 3047 3053 3047 3051 3042 3034 3040 3034 3054 3040 3040 3035 3030 3030 3031
2993 2993 2985 2996 3005 2998 3004 3001 3001 3009 3007 3023 3040 3049 3069 3067 3069 3079 3095 3106 3092 3098 3100 3083 3068 3088 3078 3090 3090 3085 3075 3081 3081 3081 3066 3046 3053 3068 3044 3046 3047 3036 3050 3053 3048 3049 3049 3050 3046 3066 3065 3069 3067 3052 3043 3043 3047 3050 3051 3064 3058 3049 3041 3035
3004 2992 2987 3013 2997 3012 3009 3013 3022 3018 3032 3037 3061 3076 3076 3071 3077 3074 3086 3085 3097 3098 3092 3092 3096 3086 3098 3077 3094 3084 3093 3077 3092 3079 3072 3052 3055 3054 3059 3070 3078 3059 3062 3045 3053 3050 3046 3056 3058 3063 3053 3058 3058 3045 3043 3047 3064 3060 3073 3077 3057 3060 3044 3060
3008 3003 2992 3002 3013 3015 3027 3028 3026 3043 3042 3061 3070 3080 3092 3091 3071 3086 3094 3099 3086 3098 3090 3105 3111 3092 3092 3099 3074 3080 3074 3080 3077 3074 3063 3052 3051 3055 3070 3082 3088 3078 3078 3058 3059 3066 3059 3057 3064 3069 3057 3045 3049 3065 3052 3060 3063 3061 3075 3078 3082 3068 3067 3060
3012 3014 3017 3022 3023 3026 3034 3034 3031 3045 3063 3051 3083 3077 3088 3094 3088 3086 3083 3092 3081 3088 3085 3090 3095 3095 3077 3082 3089 3090 3080 3090 3081 3079 3069 3065 3065 3063 3055 3068 3084 3069 3064 3062 3063 3070 3075 3067 3056 3061 3053 3040 3042 3077 3057 3052 3063 3075 3060 3082 3066 3063 3077 3065
3019 3033 3038 3049 3052 3032 3027 3031 3045 3055 3036 3065 3082 3078 3083 3072 3087 3094 3087 3077 3077 3082 3099 3092 3097 3083 3099 3082 3085 3072 3082 3080 3071 3098 3076 3070 3063 3054 3056 3063 3066 3081 3080 3085 3074 3071 3069 3071 3064 3066 3057 3062 3061 3068 3060 3067 3068 3067 3073 3076 3064 3061 3061 3063
3034 3031 3026 3049 3061 3053 3045 3048 3062 3073 3066 3054 3058 3071 3084 3076 3084 3086 3089 3075 3089 3093 3086 3092 3094 3078 3095 3077 3088 3082 3097 3087 3083 3085 3073 3073 3072 3059 3070 3071 3068 3080 3062 3071 3080 3066 3066 3063 3064 3054 3056 3061 3056 3067 3066 3077 3092 3072 3071 3058 3066 3059 3066 3064
3048 3050 3047 3057 3061 3064 3059 3065 3072 3067 3060 3060 3064 3067 3088 3067 3065 3076 3082 3088 3093 3096 3083 3100 3099 3095 3090 3077 3095 3089 3094 3096 3086 3092 3081 3067 3057 3066 3082 3074 3074 3086 3069 3065 3073 3061 3050 3062 3059 3074 3042 3056 3062 3075 3070 3070 3065 3076 3069 3054 3061 3067 3071 3067
3051 3062 3058 3070 3062 3067 3055 3064 3085 3071 3067 3079 3072 3078 3080 3082 3078 3081 3082 3086 3091 3100 3088 3084 3093 3093 3086 3087 3078 3089 3089 3081 3079 3079 3077 3078 3068 3063 3082 3063 3066 3072 3092 3071 3061 3058 3061 3057 3079 3068 3064 3054 3062 3066 3062 3072 3065 3065 3072 3062 3069 3058 3057 3073
3051 3053 3069 3072 3060 3063 3051 3068 3087 3077 3066 3078 3090 3085 3075 3068 3085 3082 3075 3070 3084 3086 3085 3100 3089 3092 3081 3080 3082 3095 3073 3075 3080 3066 3075 3078 3070 3061 3062 3052 3051 3062 3078 3084 3076 3077 3067 3063 3078 3065 3066 3059 3059 3074 3072 3055 3056 3079 3065 3075 3065 3071 3068 3057
