3058 3068 3064 3054 3045 3049 3052 3062 3052 3045 3037 3031 3050 3057 3055 3037 3045 3039 3040 3034 3034 3039 3030 3034 3031 3031 3033 3036 3036 3028 3027 3023 3015 3030 3015 3026 3037 3034 3023 3020 3026 3032 3033 3030 3007 3023 2997 2996 2996 2993 3014 3020 3017 3008 3012 3002 3020 3021 3011 3031 3014 3007 3004 2993
3066 3063 3068 3045 3047 3037 3062 3051 3050 3038 3047 3040 3040 3042 3050 3031 3050 3045 3049 3044 3044 3038 3035 3030 3020 3044 3032 3035 3035 3046 3030 3031 3019 3031 3030 3020 3041 3021 3042 3040 3022 3034 3020 3022 3016 3015 3002 3004 3006 3018 3011 3009 3019 3017 3018 2999 3010 3013 3018 3012 3002 3005 3007 3003
3052 3051 3056 3047 3041 3043 3053 3049 3039 3040 3043 3038 3027 3045 3030 3050 3035 3045 3035 3037 3039 3038 3025 3030 3033 3029 3026 3036 3027 3048 3040 3033 3027 3033 3028 3036 3037 3027 3035 3035 3025 3041 3031 3026 3025 3029 3011 3022 3009 3019 3021 3007 3010 3016 3016 3008 3007 3006 3017 3016 2994 2999 3003 3004
3062 3070 3051 3036 3047 3052 3050 3043 3027 3043 3042 3045 3042 3035 3036 3041 3035 3038 3028 3040 3035 3030 3039 3031 3040 3038 3029 3036 3030 3033 3032 3038 3034 3036 3029 3034 3040 3037 3045 3038 3046 3045 3044 3035 3031 3020 3015 3016 3024 3033 3016 3009 3026 3010 3011 3009 3022 3024 3014 3026 3017 3009 3010 3014
3074 3055 3052 3041 3047 3055 3044 3028 3040 3056 3051 3050 3052 3054 3040 3053 3042 3028 3029 3043 3037 3051 3038 3034 3034 3038 3037 3031 3024 3036 3033 3049 3039 3038 3025 3036 3039 3059 3043 3045 3046 3043 3039 3035 3028 3034 3024 3034 3044 3037 3039 3014 3024 3024 3010 3022 3015 3028 3015 3039 3009 3023 3011 3016
3063 3061 3045 3045 3052 3042 3050 3038 3041 3041 3061 3049 3058 3045 3038 3040 3047 3045 3053 3052 3049 3042 3045 3048 3034 3033 3049 3039 3040 3043 3032 3045 3047 3044 3037 3039 3052 3042 3042 3053 3035 3050 3041 3034 3042 3043 3041 3020 3033 3046 3030 3023 3028 3019 3023 3022 3029 3018 3021 3032 3026 3021 3014 3024
3054 3053 3067 3040 3053 3056 3044 3045 3053 3054 3061 3061 3059 3046 3055 3060 3051 3054 3049 3056 3051 3051 3045 3042 3039 3046 3054 3053 3048 3040 3056 3042 3054 3044 3060 3058 3047 3047 3043 3047 3047 3034 3054 3024 3052 3056 3036 3044 3049 3046 3034 3036 3027 3031 3031 3020 3031 3021 3023 3017 3032 3033 3022 3003
3005 3033 3033 3029 3019 2999 3013 3012 3011 3020 3035 3032 3018 3022 3033 3022 3022 3025 3035 3022 3029 3023 3030 3034 3016 3021 3037 3029 3028 3037 3022 3033 3045 3058 3050 3061 3038 3035 3058 3043 3042 3043 3038 3037 3029 3037 3044 3037 3035 3022 3034 3029 3041 3041 3022 3017 3025 3027 3026 3021 3014 3037 3011 3009
2987 2987 2987 2993 2978 2977 2968 2982 2990 2990 2997 2992 2987 2997 3005 2999 2995 3009 2998 3000 3010 3011 2997 2999 2992 2997 3027 3021 3028 3025 3031 3030 3040 3044 3046 3032 3054 3038 3047 3051 3041 3050 3034 3032 3041 3034 3033 3032 3033 3036 3030 3035 3038 3037 3027 3021 3016 3037 3025 3024 3021 3030 3040 3027
2976 2980 2986 2974 2986 3003 2972 2982 2981 2991 2986 2986 2988 2983 2996 2988 3006 2987 2988 2995 3002 3010 2995 3003 3004 3012 3023 3014 3018 3023 3005 3039 3026 3050 3040 3050 3036 3037 3034 3046 3048 3039 3058 3048 3041 3046 3037 3042 3030 3029 3040 3033 3036 3049 3032 3039 3024 3027 3021 3032 3026 3040 3016 3031
2981 2985 3000 2976 2986 2988 2991 2994 2987 2985 2985 2990 2980 2991 3006 2992 2998 2984 2979 2996 3006 3006 3016 3014 3023 3034 3031 3027 3031 3023 3020 3031 3017 3037 3053 3048 3056 3052 3047 3053 3054 3057 3062 3056 3045 3044 3051 3048 3043 3031 3031 3016 3027 3033 3034 3033 3028 3025 3027 3025 3015 3012 3014 3018
2969 2963 2979 2976 2983 2981 2992 2995 2987 2991 3005 2994 2982 2987 2993 2987 2989 2989 3003 2990 3002 3016 3024 3029 3013 3030 3024 3034 3031 3031 3033 3039 3032 3042 3061 3066 3061 3055 3053 3053 3054 3063 3055 3056 3050 3058 3053 3058 3039 3041 3044 3033 3045 3036 3037 3025 3031 3034 3030 3007 3032 3023 3009 3027
2973 2965 2966 3006 2982 2973 2988 2982 3001 2999 2993 2990 2991 2977 2977 2980 2991 2984 2991 3003 3007 3010 3009 3019 3017 3012 3014 3041 3034 3056 3051 3053 3043 3063 3063 3058 3053 3061 3040 3060 3048 3046 3054 3048 3056 3051 3033 3034 3043 3057 3033 3030 3038 3033 3040 3020 3018 3028 3009 3021 3018 3022 3013 3022
2968 2983 2962 2964 2983 3004 2989 2988 2989 3000 3011 2989 2979 2966 2976 2990 2999 2992 2988 3015 3010 3011 3028 3035 3028 3016 3032 3031 3043 3036 3048 3046 3051 3064 3072 3056 3059 3070 3074 3057 3047 3063 3056 3050 3068 3057 3062 3066 3055 3045 3040 3048 3039 3040 3032 3024 3021 3009 3020 3023 3016 3012 3023 3024
2986 2977 2977 2974 2974 2985 2986 3001 2999 2993 2997 2994 2978 2988 2990 2985 3001 3002 2999 2999 3005 3004 3029 3024 3038 3029 3031 3036 3044 3039 3041 3040 3049 3060 3068 3078 3080 3073 3065 3065 3053 3058 3077 3073 3070 3080 3089 3098 3070 3054 3044 3046 3040 3043 3042 3022 3033 3013 3025 3006 3016 3005 3016 3019
2991 2989 2975 2985 2991 2990 2994 2989 3005 3007 3009 2987 2988 3004 2995 3005 3006 3001 2993 3004 3001 3022 3028 3024 3022 3028 3028 3034 3035 3044 3041 3032 3060 3059 3072 3078 3088 3074 3069 3075 3080 3079 3073 3078 3084 3083 3092 3094 3073 3061 3052 3042 3046 3044 3045 3043 3040 3024 3025 3015 3012 3009 3019 3003
2993 3011 2988 2986 2981 2998 2998 3008 3011 3009 3014 3016 3006 3010 3018 3011 2990 3016 3016 3015 3034 3025 3019 3011 3031 3028 3021 3022 3047 3036 3045 3046 3048 3070 3085 3080 3095 3089 3088 3088 3100 3082 3081 3074 3071 3104 3086 3090 3076 3072 3058 3050 3048 3049 3050 3044 3038 3038 3020 3016 3031 3016 3026 3009
2997 3003 2998 2996 2990 2994 3003 3014 3012 3004 3011 3005 3018 3005 3015 3026 3022 3005 3014 3016 3024 3027 3021 3011 3043 3028 3028 3038 3034 3044 3045 3050 3075 3064 3084 3097 3087 3089 3080 3101 3099 3099 3080 3089 3071 3095 3089 3081 3091 3090 3055 3057 3047 3043 3054 3050 3040 3046 3036 3040 3023 3018 3024 3013
3007 2993 3019 2993 2988 3002 2994 3018 3015 3018 3013 3006 3020 3010 3011 3023 3016 3008 2986 3005 3010 3023 3031 3025 3037 3034 3029 3029 3048 3041 3050 3063 3068 3093 3079 3081 3096 3079 3084 3092 3091 3093 3087 3100 3093 3089 3089 3086 3092 3095 3066 3052 3036 3050 3036 3056 3044 3054 3041 3037 3049 3032 3019 3021
2997 3012 3005 3000 2983 3005 3001 3009 3014 2997 3010 3009 3009 3011 3009 3006 3016 3019 2988 3000 3017 3030 3033 3031 3040 3030 3041 3032 3041 3048 3049 3055 3064 3080 3083 3082 3102 3104 3092 3072 3090 3087 3090 3084 3093 3093 3106 3078 3097 3078 3070 3056 3050 3043 3064 3045 3060 3036 3050 3042 3040 3030 3022 3028
3004 2992 2993 2995 3014 3013 2997 2993 2995 2993 2990 2998 3010 3016 2997 3011 3016 3019 3009 3021 3025 3020 3024 3033 3028 3029 3035 3040 3039 3040 3054 3066 3069 3089 3084 3093 3090 3101 3112 3095 3081 3081 3075 3097 3092 3097 3100 3084 3099 3087 3071 3077 3059 3066 3058 3058 3062 3049 3053 3044 3035 3019 3009 3026
3000 3013 3002 3009 3005 3004 3005 3003 3002 3002 2993 2998 3003 3001 3009 3012 3002 3010 3012 3025 3005 3037 3031 3027 3018 3033 3033 3048 3033 3043 3065 3078 3087 3089 3101 3092 3090 3092 3094 3099 3083 3093 3079 3090 3081 3086 3092 3098 3098 3103 3069 3069 3080 3063 3076 3053 3057 3055 3058 3038 3017 3026 3023 3018
3002 3002 3011 3011 3001 3003 3003 3013 3006 3020 3015 3005 2990 2998 3000 2999 2995 3006 3007 3019 3035 3041 3039 3039 3020 3033 3048 3052 3061 3056 3064 3069 3081 3093 3091 3088 3092 3087 3087 3084 3085 3089 3108 3090 3080 3070 3087 3100 3100 3093 3098 3092 3078 3086 3082 3064 3062 3059 3046 3037 3029 3033 3024 3023
3009 3003 3011 3005 3007 3017 3018 3010 3002 3008 3001 3007 3000 2999 3013 2998 3001 3017 3005 3021 3020 3030 3032 3039 3022 3031 3035 3043 3055 3066 3069 3080 3074 3103 3090 3096 3093 3080 3086 3086 3084 3084 3093 3088 3078 3082 3081 3104 3091 3094 3103 3094 3101 3093 3088 3076 3075 3059 3041 3045 3046 3036 3025 3024
2991 3006 3003 2990 2990 3005 3001 3001 2996 3011 3011 3009 3001 3008 2998 2997 3005 3020 3006 3008 3011 3024 3031 3034 3038 3041 3041 3049 3055 3065 3081 3072 3080 3074 3078 3095 3100 3097 3080 3075 3089 3084 3081 3083 3078 3082 3091 3096 3095 3087 3080 3086 3081 3084 3084 3066 3063 3055 3028 3025 3032 3039 3027 3014
2996 3005 2999 2998 2997 2996 2996 3008 3005 3009 3011 3007 3001 3009 3006 3000 2998 3007 3012 3012 3020 3014 3007 3016 3045 3039 3048 3066 3066 3075 3080 3085 3074 3082 3080 3093 3076 3089 3094 3090 3091 3103 3091 3081 3082 3083 3087 3083 3088 3088 3086 3086 3077 3082 3088 3100 3061 3057 3030 3032 3032 3038 3026 3007
3001 3002 3011 2997 2998 3002 3000 3010 2992 2998 3001 2997 2987 2998 3002 3006 3005 3011 3010 3017 3013 3010 3014 3028 3039 3044 3052 3066 3063 3070 3077 3094 3092 3082 3080 3086 3097 3080 3080 3091 3087 3097 3075 3094 3083 3084 3100 3085 3093 3086 3076 3073 3085 3086 3083 3083 3065 3055 3041 3021 3034 3024 3011 3024
3009 3001 2998 3003 2999 2996 3002 3004 3000 3001 3007 3003 3006 3006 3009 2995 3008 3009 3010 3002 3012 3005 3023 3009 3030 3053 3053 3072 3086 3079 3084 3081 3081 3087 3091 3090 3084 3101 3085 3091 3085 3083 3108 3108 3084 3107 3096 3090 3090 3091 3078 3083 3088 3078 3080 3083 3063 3059 3035 3031 3045 3027 3019 3019
3010 3003 2994 2996 3001 3023 3010 3019 3006 3001 2996 3010 2999 2998 2988 2997 3012 2999 3009 3024 3021 3035 3008 3019 3033 3037 3066 3081 3086 3099 3093 3068 3083 3070 3082 3091 3100 3100 3091 3094 3096 3088 3096 3084 3085 3093 3089 3084 3089 3093 3077 3076 3088 3090 3097 3086 3075 3056 3057 3034 3037 3031 3027 3021
2994 3010 3004 2998 3001 3016 3010 2997 3003 3005 3013 3004 2995 2998 3009 3004 3003 3002 3024 3011 3012 3022 3011 3022 3024 3046 3062 3074 3082 3090 3077 3076 3076 3089 3077 3096 3094 3097 3087 3083 3080 3084 3077 3089 3102 3094 3086 3066 3090 3096 3085 3076 3092 3091 3082 3084 3076 3064 3053 3036 3024 3034 3025 3036
2997 3001 3003 3003 3003 3002 3002 2998 3003 3004 3010 3005 2995 3001 2998 3007 3000 3001 3008 3020 3005 3009 3008 3020 3039 3051 3057 3075 3086 3087 3087 3086 3088 3082 3077 3094 3089 3088 3087 3085 3080 3079 3091 3093 3076 3095 3104 3095 3094 3092 3080 3073 3091 3096 3090 3097 3071 3061 3040 3043 3038 3036 3019 3025
3006 2998 3001 2993 3001 2990 2993 3001 3001 3004 3003 3004 2982 2987 3001 3010 2998 3010 3015 3015 3012 3018 3020 3020 3032 3046 3071 3068 3081 3086 3077 3082 3079 3087 3089 3089 3082 3089 3096 3080 3089 3079 3089 3090 3078 3086 3081 3086 3086 3090 3071 3081 3090 3101 3082 3086 3074 3055 3047 3036 3029 3037 3005 3004
2999 2988 3003 2997 2996 2990 2995 2988 3000 3002 3012 3007 2991 2994 3005 3008 2993 3013 3013 3010 3017 3023 3027 3037 3047 3059 3060 3073 3080 3074 3073 3078 3077 3086 3077 3075 3075 3078 3097 3105 3085 3079 3094 3096 3087 3088 3091 3109 3090 3077 3077 3077 3071 3094 3083 3088 3063 3056 3045 3028 3028 3028 3024 2999
3006 2996 2991 3003 2969 3001 2997 3001 3004 3005 3005 2997 2999 3008 3013 3012 3003 2999 3018 3002 3012 3021 3021 3017 3038 3037 3063 3064 3077 3075 3076 3073 3082 3090 3066 3080 3071 3080 3088 3103 3104 3101 3096 3082 3076 3088 3095 3090 3078 3072 3076 3085 3092 3084 3089 3081 3071 3048 3045 3026 3023 3020 3011 3004
3005 2994 3002 2997 2995 2995 3006 3008 3004 3001 2997 3000 3010 3007 3014 3013 3002 3012 3000 3004 3010 3008 2997 3030 3019 3036 3047 3070 3075 3077 3081 3075 3083 3083 3084 3090 3079 3093 3095 3086 3098 3099 3098 3096 3083 3082 3086 3093 3081 3082 3082 3085 3090 3090 3079 3067 3074 3051 3034 3020 3026 3035 3029 3002
2998 2992 3003 2998 3000 2995 3007 2991 3014 3009 2999 3006 3018 3000 3005 3012 2987 2986 3006 3009 3011 3006 2993 3007 3015 3040 3063 3073 3068 3075 3082 3083 3097 3084 3085 3078 3087 3085 3086 3090 3088 3093 3087 3088 3084 3085 3101 3086 3076 3074 3083 3092 3080 3071 3082 3072 3060 3051 3048 3034 3045 3024 3027 3025
2991 2997 2999 2997 3010 3001 3000 3002 3002 3015 3005 3001 2989 2994 3008 3007 3015 3005 2996 3010 3006 3014 3007 3007 3014 3027 3054 3041 3062 3073 3078 3078 3084 3083 3070 3079 3088 3091 3087 3090 3085 3087 3086 3089 3089 3077 3082 3077 3080 3078 3077 3092 3084 3075 3087 3071 3056 3049 3039 3028 3021 3018 3026 3040
3000 3005 3006 3008 2993 3006 2996 2995 3004 3003 2986 3003 3004 2991 3001 3002 2996 3003 3004 3006 3005 3007 3018 3006 3017 3023 3029 3053 3066 3063 3068 3076 3083 3089 3087 3065 3080 3095 3090 3090 3077 3084 3090 3070 3089 3072 3078 3084 3084 3079 3078 3092 3077 3071 3084 3076 3055 3039 3021 3043 3022 3019 3030 3021
2988 2996 3007 3003 3008 3004 3004 3004 3011 2985 3003 3005 3005 2995 3006 3003 2991 3005 2995 3012 3006 2997 3012 3010 3014 3021 3020 3041 3063 3074 3081 3092 3090 3079 3075 3092 3079 3086 3098 3085 3089 3091 3088 3079 3088 3075 3089 3087 3095 3077 3089 3063 3077 3074 3079 3076 3050 3037 3032 3024 3029 3026 3015 3026
2996 3007 2995 2996 3011 2990 3004 3009 3005 3009 3002 3000 3017 3010 3001 3012 2998 3006 2990 3015 3013 3009 3012 3002 3012 3020 3023 3024 3049 3074 3071 3090 3079 3068 3080 3075 3077 3082 3082 3100 3090 3085 3088 3084 3081 3094 3093 3090 3099 3070 3089 3081 3085 3083 3085 3080 3070 3049 3038 3012 3022 3023 3010 3004
2992 2991 2997 2994 3025 3007 2999 3014 3015 2998 3003 3002 3006 3010 2998 3006 3007 3010 3027 3006 3006 2999 3007 3006 3016 3024 3007 3011 3045 3066 3070 3083 3074 3076 3067 3089 3082 3075 3075 3087 3097 3091 3082 3080 3092 3078 3090 3093 3090 3075 3088 3072 3090 3075 3075 3070 3055 3037 3039 3034 3023 3006 3035 3026
2986 2985 3004 3006 3018 3014 3018 3007 3007 3020 3017 3001 3004 3007 3007 3010 3006 2990 3014 3011 2995 3007 3011 3018 3014 3016 2998 3019 3040 3056 3069 3080 3070 3062 3081 3086 3079 3081 3082 3079 3085 3081 3082 3089 3082 3092 3082 3090 3075 3081 3084 3091 3085 3078 3067 3066 3059 3028 3032 3033 3036 3030 3034 3025
2987 2993 2986 3008 3027 3023 3016 3014 3002 3005 3003 3003 2999 3002 3008 3002 2992 2996 3009 3015 3023 3019 3023 3010 2996 2995 3004 3008 3019 3045 3054 3069 3078 3072 3083 3087 3088 3088 3096 3090 3095 3076 3089 3074 3075 3093 3091 3086 3080 3084 3089 3078 3088 3096 3071 3069 3058 3051 3036 3058 3035 3036 3020 3023
2980 2992 3003 3011 3030 3026 3004 3012 3000 3006 3007 2993 2994 2990 3012 3008 2991 2980 3003 3011 3007 3019 3011 3003 2995 3012 3013 3024 3031 3030 3064 3063 3076 3078 3086 3083 3086 3084 3096 3087 3078 3083 3075 3084 3072 3073 3085 3077 3091 3073 3080 3081 3084 3087 3075 3069 3051 3054 3057 3038 3047 3032 3028 3029
2997 3001 2999 3007 3007 3008 2999 3001 3018 3010 2999 2992 2992 3005 2987 3001 3006 3000 3000 3004 3003 3018 3034 3016 3019 3016 3009 3009 3015 3049 3052 3056 3084 3079 3076 3068 3075 3086 3088 3101 3088 3097 3084 3092 3083 3079 3097 3078 3091 3097 3087 3083 3081 3104 3066 3054 3043 3064 3058 3041 3045 3038 3044 3022
2992 3013 3004 3002 3010 2985 2978 2989 3011 3007 3007 3013 2995 2988 2983 2982 2991 3010 2997 3001 3015 3015 3026 3026 3021 3020 3015 3022 3006 3022 3038 3066 3068 3078 3066 3076 3082 3085 3090 3099 3099 3099 3085 3088 3071 3082 3073 3087 3082 3089 3086 3096 3079 3081 3074 3040 3045 3053 3054 3058 3043 3034 3031 3030
2985 2990 2994 3006 2999 2998 2995 2989 2993 3016 3009 2997 3012 3007 2998 3003 3007 3006 3018 3000 2992 3018 3008 3019 3014 3013 3012 3013 3011 3005 3039 3045 3073 3075 3078 3101 3081 3071 3082 3085 3076 3078 3088 3077 3083 3080 3083 3096 3090 3103 3100 3086 3075 3063 3072 3051 3061 3051 3042 3047 3034 3026 3026 3014
2978 2996 3003 2999 2995 2991 3008 3002 2992 3001 3001 3004 2998 3020 3001 2996 3016 3007 3009 2990 3007 3010 3010 3020 2999 3003 2999 3019 3006 3029 3032 3046 3053 3065 3082 3080 3073 3067 3079 3082 3089 3083 3078 3078 3089 3092 3093 3096 3095 3097 3085 3089 3068 3061 3057 3065 3055 3029 3039 3045 3033 3029 3030 3026
2997 2993 3003 3017 3017 2999 3006 3001 2996 2993 2998 3012 2989 3012 3004 3005 3004 3007 3000 3004 3009 3010 3018 3017 3008 3005 3018 3006 2994 3015 3037 3056 3082 3074 3074 3077 3077 3078 3079 3071 3083 3084 3078 3088 3088 3081 3087 3096 3095 3094 3093 3068 3067 3065 3054 3040 3039 3022 3032 3041 3028 3033 3021 3029
3000 2999 3018 3022 3011 3019 3006 2993 3004 3003 3000 2997 3004 3008 3006 3007 2997 3010 2996 3006 3013 3006 3010 3014 3015 3011 3010 3002 2997 3023 3036 3050 3059 3076 3072 3078 3078 3073 3077 3097 3102 3083 3082 3097 3082 3097 3084 3075 3094 3082 3083 3075 3054 3065 3046 3035 3031 3021 3030 3038 3023 3020 3021 3021
2998 3021 3001 3009 3013 3011 3020 2997 2990 3009 3005 2995 2997 2990 3006 3018 3009 3006 2998 3005 3005 3013 3031 3033 3019 3012 2999 3008 3010 3011 3038 3046 3070 3083 3078 3079 3075 3091 3080 3085 3079 3083 3084 3086 3090 3093 3084 3071 3087 3082 3069 3075 3064 3049 3045 3040 3039 3027 3022 3032 3028 3032 3031 3034
2995 3001 3009 3024 3024 3014 3008 3009 3001 3000 3005 3005 3000 2986 3010 3000 3024 2994 3005 3003 3021 3015 3026 3016 3022 3014 3011 3012 3019 3028 3036 3059 3081 3091 3079 3083 3095 3089 3095 3101 3089 3089 3087 3076 3085 3096 3079 3079 3081 3076 3069 3065 3058 3038 3046 3038 3032 3026 3012 3016 3026 3035 3039 3035
2994 2980 3005 3003 3009 3014 3003 3004 2998 2993 2991 3003 3006 3013 3005 3010 2997 3004 3017 3013 3008 3021 3011 3026 3016 3025 3020 3014 3027 3041 3041 3060 3085 3091 3090 3089 3084 3088 3087 3085 3085 3089 3078 3086 3088 3084 3078 3079 3079 3059 3074 3070 3062 3051 3035 3033 3037 3015 3026 3018 3035 3027 3039 3036
2986 3014 2996 3015 3003 3001 2990 3006 3002 2998 2992 3005 2998 3014 3002 3009 3011 3007 3010 3003 3020 3009 3002 3031 3030 3030 3038 3023 3046 3041 3061 3069 3088 3081 3089 3080 3084 3090 3091 3087 3091 3094 3086 3089 3103 3080 3088 3073 3073 3069 3069 3064 3042 3032 3049 3048 3035 3013 3018 3025 3025 3031 3024 3023
2975 2989 2985 3005 3001 2992 2994 2983 2991 2995 3010 2993 3002 3009 3024 3016 3006 2994 3002 3002 3011 3014 3015 3033 3029 3031 3039 3046 3054 3055 3080 3074 3077 3085 3084 3076 3086 3087 3093 3085 3086 3098 3081 3087 3084 3090 3078 3067 3065 3072 3083 3068 3064 3039 3050 3045 3043 3024 3009 3032 3036 3025 3027 3032
2980 2994 3020 2985 3005 2999 2986 3000 2996 2999 2998 3004 2993 3004 2995 3023 3004 3013 3019 3010 3027 3025 3029 3029 3035 3034 3048 3058 3061 3069 3077 3081 3089 3083 3071 3077 3088 3082 3092 3081 3081 3087 3085 3088 3074 3082 3077 3085 3075 3072 3062 3051 3056 3051 3061 3054 3034 3031 3037 3029 3022 3041 3025 3022
2996 2990 3008 3006 2995 2998 2986 3005 3008 3000 3009 3008 3012 3030 3009 3010 3024 3023 3024 3016 3015 3029 3051 3036 3051 3057 3061 3054 3075 3079 3088 3096 3097 3078 3086 3090 3090 3086 3091 3095 3085 3082 3098 3106 3085 3081 3077 3092 3086 3078 3073 3080 3056 3058 3058 3052 3048 3039 3048 3034 3044 3044 3033 3039
3012 3008 3017 3010 3017 3009 3014 3010 3015 3016 2997 3019 3034 3035 3021 3026 3018 3041 3033 3036 3042 3041 3032 3053 3061 3059 3052 3051 3058 3078 3093 3095 3087 3071 3063 3088 3091 3076 3083 3087 3085 3094 3101 3097 3094 3086 3090 3090 3090 3082 3080 3070 3075 3068 3051 3059 3060 3057 3063 3054 3058 3060 3057 3042
2986 2998 3004 3002 3008 3004 2990 3019 3026 3023 3028 3021 3036 3044 3038 3029 3037 3040 3051 3048 3054 3059 3049 3072 3060 3072 3055 3059 3079 3072 3090 3101 3090 3085 3082 3078 3081 3095 3086 3077 3099 3097 3090 3090 3104 3095 3097 3075 3083 3093 3080 3076 3078 3085 3073 3075 3067 3071 3065 3065 3058 3048 3059 3047
2991 3016 3015 3009 3015 3014 2994 3002 3007 3034 3041 3041 3054 3046 3042 3042 3045 3060 3062 3056 3061 3070 3052 3049 3069 3075 3061 3056 3077 3062 3091 3087 3099 3087 3102 3092 3099 3084 3070 3082 3084 3092 3082 3091 3087 3088 3090 3086 3090 3095 3087 3066 3082 3092 3085 3072 3079 3086 3057 3060 3065 3067 3065 3056
3000 2998 2998 2997 3024 3018 3017 3032 3028 3034 3033 3040 3048 3046 3039 3047 3050 3052 3054 3051 3065 3057 3064 3062 3076 3062 3059 3060 3064 3067 3080 3087 3091 3088 3091 3086 3082 3105 3088 3075 3094 3093 3082 3085 3086 3077 3081 3083 3080 3080 3088 3083 3069 3083 3064 3057 3064 3066 3065 3047 3068 3066 3067 3046
3000 3007 2999 3009 3035 3004 3025 3028 3031 3049 3044 3047 3044 3051 3053 3049 3054 3071 3069 3066 3063 3057 3071 3067 3069 3060 3055 3067 3067 3072 3067 3068 3078 3079 3072 3077 3087 3092 3085 3088 3094 3074 3070 3086 3085 3089 3081 3075 3078 3083 3083 3082 3075 3066 3065 3048 3066 3077 3070 3073 3067 3058 3058 3054
2994 3001 3003 2998 3029 3029 3018 3043 3049 3050 3049 3047 3053 3054 3062 3050 3058 3065 3067 3067 3077 3075 3065 3063 3065 3070 3076 3068 3074 3082 3072 3078 3073 3063 3069 3074 3083 3085 3094 3074 3095 3074 3068 3065 3077 3073 3088 3058 3088 3077 3078 3080 3069 3083 3067 3069 3060 3059 3083 3062 3065 3060 3055 3075
2981 2999 3007 3012 3023 3026 3042 3055 3045 3060 3057 3052 3044 3053 3061 3050 3054 3056 3072 3080 3068 3077 3071 3061 3073 3078 3073 3078 3077 3073 3083 3064 3063 3066 3074 3066 3076 3075 3078 3067 3075 3066 3058 3072 3076 3064 3074 3066 3061 3073 3070 3084 3075 3083 3073 3083 3078 3081 3071 3052 3053 3046 3070 3079
