3074 3071 3067 3071 3076 3070 3063 3057 3052 3057 3063 3064 3064 3059 3053 3055 3059 3056 3051 3050 3049 3053 3059 3055 3046 3045 3050 3053 3054 3046 3030 3026 3032 3035 3034 3033 3033 3033 3033 3031 3026 3023 3023 3024 3028 3030 3025 3023 3027 3030 3031 3030 3026 3023 3025 3027 3025 3024 3019 3016 3025 3034 3019 3005
3066 3063 3061 3063 3065 3063 3060 3056 3052 3055 3060 3059 3057 3054 3050 3051 3053 3050 3046 3044 3043 3047 3052 3052 3049 3048 3049 3049 3050 3047 3042 3039 3039 3038 3034 3033 3035 3035 3031 3027 3024 3023 3024 3025 3027 3027 3023 3021 3023 3025 3028 3030 3028 3027 3028 3028 3028 3027 3018 3010 3016 3021 3013 3005
3057 3056 3055 3054 3053 3056 3058 3055 3051 3054 3058 3055 3051 3049 3047 3046 3046 3044 3040 3038 3038 3040 3045 3048 3052 3051 3047 3046 3046 3049 3053 3052 3046 3040 3034 3033 3037 3036 3028 3023 3022 3022 3025 3027 3026 3024 3021 3019 3019 3019 3025 3029 3030 3031 3030 3029 3030 3030 3016 3004 3006 3008 3006 3004
3058 3057 3055 3056 3058 3055 3053 3050 3047 3049 3051 3047 3042 3038 3036 3035 3035 3035 3035 3035 3036 3038 3042 3046 3049 3050 3051 3050 3048 3048 3049 3050 3050 3048 3042 3037 3034 3032 3029 3027 3025 3023 3024 3025 3025 3025 3025 3025 3023 3021 3023 3026 3030 3032 3027 3022 3021 3020 3014 3009 3010 3011 3011 3011
3060 3057 3054 3058 3062 3055 3047 3044 3042 3043 3045 3039 3032 3028 3024 3024 3024 3026 3030 3032 3034 3036 3040 3043 3045 3050 3055 3055 3050 3047 3044 3047 3055 3055 3049 3041 3031 3026 3031 3032 3028 3024 3023 3023 3024 3026 3029 3031 3027 3024 3022 3023 3030 3034 3024 3014 3012 3010 3012 3014 3014 3014 3016 3018
3053 3055 3057 3057 3056 3049 3041 3037 3034 3038 3044 3039 3032 3030 3030 3031 3033 3034 3035 3037 3039 3041 3043 3044 3044 3049 3056 3058 3057 3054 3051 3054 3062 3062 3053 3044 3036 3032 3032 3031 3027 3024 3023 3022 3022 3023 3027 3030 3029 3028 3027 3027 3029 3030 3027 3024 3016 3010 3014 3018 3016 3014 3017 3021
3046 3053 3060 3055 3049 3042 3034 3030 3025 3034 3044 3040 3033 3034 3036 3039 3043 3042 3040 3042 3045 3046 3046 3045 3044 3048 3056 3061 3064 3063 3058 3061 3070 3068 3056 3047 3042 3038 3034 3030 3027 3024 3022 3021 3019 3020 3025 3029 3031 3033 3032 3032 3028 3025 3031 3034 3022 3011 3017 3021 3018 3014 3019 3024
3009 3016 3024 3020 3017 3011 3005 3005 3007 3013 3021 3021 3018 3019 3020 3023 3027 3027 3025 3028 3032 3033 3033 3034 3037 3041 3047 3050 3052 3053 3053 3057 3062 3060 3050 3044 3045 3042 3033 3027 3024 3021 3017 3014 3016 3018 3021 3024 3026 3028 3027 3027 3028 3028 3027 3025 3019 3014 3017 3020 3016 3013 3015 3016
2968 2976 2983 2982 2982 2977 2973 2979 2987 2991 2996 2999 3001 3002 3001 3004 3008 3009 3008 3012 3017 3019 3018 3022 3029 3034 3037 3038 3037 3041 3047 3051 3053 3050 3042 3041 3047 3046 3033 3023 3021 3017 3010 3007 3012 3016 3017 3019 3021 3022 3020 3020 3027 3032 3022 3014 3016 3018 3018 3018 3015 3011 3010 3008
2974 2975 2975 2977 2978 2978 2977 2982 2988 2994 3001 3001 3001 3001 3001 3004 3007 3009 3011 3012 3012 3016 3021 3025 3029 3035 3041 3044 3045 3049 3053 3055 3053 3053 3053 3056 3061 3060 3050 3040 3030 3022 3017 3014 3017 3019 3018 3019 3021 3022 3022 3023 3028 3031 3024 3017 3019 3020 3019 3019 3018 3016 3010 3003
2986 2979 2973 2976 2979 2983 2988 2990 2992 3001 3010 3008 3004 3003 3004 3005 3007 3012 3017 3014 3009 3015 3027 3031 3031 3037 3046 3052 3057 3060 3061 3059 3054 3056 3067 3074 3076 3075 3069 3059 3041 3028 3025 3023 3023 3023 3020 3019 3021 3023 3025 3027 3029 3030 3026 3023 3022 3022 3021 3021 3022 3023 3011 2999
2983 2980 2977 2978 2980 2987 2995 2994 2992 2998 3005 3004 3001 3001 3002 3004 3007 3012 3016 3016 3013 3021 3034 3041 3044 3049 3057 3063 3068 3070 3070 3069 3068 3071 3077 3081 3082 3081 3078 3070 3056 3044 3037 3031 3028 3026 3024 3023 3027 3030 3031 3032 3033 3034 3030 3027 3025 3023 3022 3021 3022 3023 3014 3006
2976 2979 2983 2982 2981 2991 3002 2997 2990 2993 2998 2999 2998 2999 2999 3003 3007 3011 3015 3017 3019 3029 3043 3052 3059 3064 3068 3073 3078 3080 3078 3080 3085 3087 3086 3086 3085 3084 3084 3081 3072 3062 3050 3039 3033 3028 3028 3029 3034 3037 3037 3037 3039 3039 3034 3030 3027 3025 3023 3021 3022 3022 3019 3015
2972 2978 2985 2983 2981 2988 2996 2993 2989 2992 2996 2996 2996 2997 2998 3001 3004 3009 3014 3017 3020 3031 3045 3055 3063 3068 3069 3075 3085 3087 3083 3083 3086 3087 3087 3087 3088 3088 3085 3082 3079 3073 3061 3051 3046 3043 3042 3042 3045 3048 3047 3047 3046 3044 3039 3033 3027 3021 3021 3021 3017 3014 3016 3018
2969 2977 2986 2984 2981 2983 2985 2987 2988 2992 2996 2995 2993 2995 2998 3000 3001 3007 3013 3017 3020 3031 3046 3057 3065 3068 3067 3076 3091 3094 3088 3084 3083 3084 3085 3087 3091 3091 3083 3080 3083 3082 3072 3064 3062 3059 3057 3056 3057 3059 3058 3058 3054 3050 3043 3035 3026 3017 3020 3021 3012 3004 3012 3020
2983 2989 2994 2991 2988 2989 2989 2991 2992 2994 2996 2997 2997 2999 3000 3002 3005 3009 3014 3019 3023 3035 3050 3061 3068 3071 3071 3077 3089 3092 3089 3087 3087 3087 3087 3089 3094 3093 3087 3084 3087 3085 3077 3070 3068 3067 3066 3067 3072 3075 3072 3069 3064 3057 3047 3038 3027 3018 3017 3016 3007 2999 3007 3016
3003 3004 3004 3001 2997 2997 2998 2997 2997 2996 2996 2999 3003 3004 3004 3007 3010 3013 3016 3021 3026 3039 3055 3065 3072 3075 3076 3079 3085 3088 3089 3090 3092 3092 3091 3092 3096 3096 3092 3090 3090 3088 3080 3074 3072 3071 3073 3076 3086 3093 3087 3081 3074 3066 3053 3040 3030 3021 3015 3009 3002 2996 3003 3010
3004 3004 3004 3004 3003 3003 3002 2999 2996 2996 2998 3000 3003 3003 3002 3007 3013 3016 3018 3020 3023 3038 3059 3069 3073 3076 3077 3081 3085 3088 3090 3091 3091 3091 3091 3092 3094 3095 3094 3092 3091 3089 3083 3078 3075 3073 3075 3079 3087 3092 3089 3086 3080 3072 3060 3048 3038 3029 3019 3009 3006 3004 3007 3010
2999 3000 3001 3005 3008 3007 3005 2999 2992 2995 3000 3000 3000 2999 2997 3005 3016 3019 3019 3019 3017 3035 3063 3073 3074 3075 3077 3081 3087 3091 3091 3091 3089 3089 3090 3091 3091 3092 3094 3094 3092 3089 3086 3082 3076 3073 3077 3080 3081 3083 3087 3089 3084 3079 3068 3057 3049 3039 3025 3011 3013 3016 3014 3012
2994 2997 3000 3005 3011 3010 3009 3001 2992 2994 2998 2998 2998 2999 2999 3005 3013 3018 3021 3021 3020 3036 3060 3069 3070 3073 3077 3082 3087 3090 3090 3090 3089 3088 3088 3089 3091 3093 3093 3092 3089 3087 3087 3085 3080 3077 3077 3079 3086 3090 3088 3086 3083 3080 3071 3061 3048 3035 3026 3017 3017 3016 3014 3011
2989 2994 3000 3006 3013 3013 3014 3004 2994 2994 2995 2996 2997 3000 3004 3007 3009 3015 3022 3025 3027 3039 3055 3062 3065 3070 3077 3082 3087 3089 3089 3089 3089 3088 3086 3087 3093 3095 3092 3088 3085 3084 3087 3088 3085 3082 3077 3078 3094 3103 3091 3081 3081 3079 3072 3063 3044 3025 3025 3024 3019 3013 3010 3008
2995 2997 2999 3005 3011 3011 3010 3003 2997 2995 2994 2995 2996 3000 3005 3007 3009 3014 3020 3024 3027 3036 3047 3056 3065 3071 3075 3080 3086 3087 3085 3086 3089 3089 3087 3087 3091 3093 3091 3088 3084 3082 3085 3086 3086 3085 3079 3079 3093 3101 3090 3081 3080 3079 3072 3064 3044 3026 3024 3023 3016 3010 3009 3008
3007 3002 2997 3002 3007 3005 3002 3001 3000 2997 2994 2994 2994 2999 3004 3008 3011 3014 3017 3020 3024 3030 3037 3051 3069 3074 3073 3077 3085 3086 3081 3082 3087 3090 3089 3088 3087 3087 3090 3089 3084 3081 3081 3082 3086 3087 3082 3080 3087 3091 3087 3084 3081 3078 3072 3064 3047 3031 3024 3017 3011 3006 3008 3009
3008 3003 2998 3001 3004 3002 2999 3000 3000 2998 2995 2995 2995 2999 3003 3008 3012 3013 3013 3017 3022 3030 3039 3054 3072 3078 3076 3079 3086 3087 3082 3083 3089 3091 3090 3089 3088 3090 3095 3095 3088 3083 3083 3084 3085 3085 3082 3081 3085 3088 3087 3086 3082 3078 3072 3065 3048 3032 3023 3013 3009 3006 3007 3007
3005 3003 3002 3002 3002 3001 2999 2999 2999 2998 2997 2997 2998 3000 3003 3007 3011 3011 3009 3014 3022 3033 3046 3060 3075 3081 3082 3085 3089 3089 3086 3087 3092 3093 3090 3089 3092 3096 3102 3102 3092 3086 3088 3088 3083 3080 3081 3082 3085 3087 3089 3089 3083 3077 3073 3067 3049 3031 3021 3012 3009 3007 3005 3004
3001 3002 3003 3002 3001 3002 3004 3001 2997 2998 3001 3001 3001 3001 3001 3004 3009 3008 3006 3012 3022 3035 3050 3062 3072 3079 3082 3085 3087 3088 3088 3090 3093 3093 3090 3090 3092 3095 3100 3100 3092 3088 3090 3089 3082 3077 3077 3078 3083 3087 3087 3087 3083 3078 3074 3067 3049 3031 3022 3014 3013 3012 3009 3005
2998 3000 3002 3001 3000 3006 3012 3003 2992 2997 3005 3005 3005 3001 2998 3001 3006 3006 3004 3011 3023 3037 3053 3062 3067 3072 3077 3080 3082 3085 3090 3092 3092 3092 3092 3091 3090 3090 3092 3093 3089 3087 3089 3087 3081 3075 3072 3073 3081 3087 3084 3081 3081 3080 3074 3067 3048 3031 3025 3020 3021 3021 3016 3010
2998 3000 3002 3002 3002 3008 3013 3005 2995 3000 3008 3009 3007 3002 2996 2998 3001 3002 3003 3011 3021 3035 3051 3060 3067 3072 3075 3078 3079 3083 3088 3091 3091 3092 3093 3092 3088 3086 3088 3089 3086 3085 3087 3087 3082 3078 3076 3076 3083 3086 3081 3077 3080 3082 3075 3067 3048 3031 3025 3021 3021 3021 3017 3013
2999 3001 3002 3004 3005 3008 3010 3006 3001 3006 3012 3011 3009 3003 2996 2995 2996 2999 3003 3010 3017 3030 3046 3059 3071 3076 3076 3077 3079 3081 3085 3088 3091 3093 3095 3092 3086 3084 3087 3087 3082 3080 3085 3088 3085 3084 3085 3086 3087 3086 3079 3074 3080 3083 3076 3068 3049 3030 3024 3018 3016 3014 3014 3014
3002 3003 3003 3005 3007 3008 3009 3006 3003 3006 3010 3009 3007 3004 3000 2997 2994 2997 3002 3007 3013 3026 3041 3056 3072 3078 3078 3079 3081 3082 3083 3085 3087 3089 3091 3089 3083 3080 3082 3081 3077 3076 3082 3086 3085 3085 3087 3089 3090 3088 3081 3076 3081 3084 3074 3063 3046 3030 3025 3019 3016 3012 3013 3013
3006 3006 3005 3006 3006 3007 3008 3005 3001 3002 3004 3003 3002 3005 3008 3003 2997 2997 2998 3003 3010 3022 3036 3053 3070 3078 3080 3083 3085 3085 3083 3081 3080 3081 3084 3084 3080 3076 3072 3070 3070 3072 3077 3081 3081 3081 3083 3086 3092 3094 3087 3081 3084 3083 3068 3053 3040 3029 3027 3024 3019 3015 3013 3010
3008 3007 3007 3005 3004 3005 3005 3003 3002 3001 3000 3000 2999 3004 3009 3004 2995 2995 2997 3001 3006 3015 3027 3043 3062 3073 3078 3082 3086 3086 3083 3081 3079 3079 3083 3084 3082 3078 3071 3067 3069 3071 3073 3075 3078 3079 3079 3081 3088 3092 3085 3081 3082 3080 3062 3044 3036 3029 3027 3025 3021 3017 3013 3009
3008 3008 3008 3004 3000 3000 3000 3002 3003 3001 2998 2997 2998 3001 3005 2999 2990 2992 2997 3000 3003 3007 3013 3029 3049 3063 3071 3077 3082 3084 3083 3083 3081 3083 3089 3091 3089 3084 3077 3072 3073 3072 3070 3070 3076 3079 3076 3075 3079 3081 3077 3074 3076 3075 3054 3036 3034 3031 3027 3023 3021 3018 3014 3010
3007 3006 3005 3002 2999 2999 3000 3001 3004 3001 2999 2999 3000 3000 3001 2995 2988 2990 2996 3000 3003 3005 3006 3020 3039 3054 3066 3074 3079 3082 3083 3083 3083 3086 3092 3094 3091 3086 3079 3075 3076 3074 3070 3070 3077 3081 3078 3075 3076 3076 3073 3072 3075 3073 3051 3031 3030 3030 3025 3020 3019 3018 3014 3011
3004 3001 2997 2999 3002 3003 3005 3003 3002 3002 3003 3004 3005 3002 2998 2994 2990 2991 2994 3000 3007 3008 3007 3017 3033 3048 3062 3072 3078 3081 3082 3082 3084 3087 3092 3093 3088 3084 3079 3076 3078 3078 3076 3076 3083 3087 3084 3082 3079 3076 3075 3074 3077 3076 3051 3029 3027 3024 3019 3015 3015 3015 3014 3012
3003 3000 2997 2999 3001 3004 3007 3005 3003 3004 3005 3006 3007 3004 2999 2996 2993 2993 2994 2999 3007 3008 3006 3014 3029 3044 3060 3070 3076 3079 3080 3081 3084 3086 3088 3088 3084 3081 3078 3078 3081 3082 3077 3077 3085 3090 3088 3085 3082 3078 3075 3073 3077 3075 3051 3029 3027 3025 3019 3014 3014 3014 3014 3014
3006 3006 3005 3002 2998 3001 3004 3006 3007 3006 3005 3006 3006 3006 3006 3002 2998 2995 2994 2998 3004 3005 3003 3012 3026 3043 3062 3070 3071 3073 3077 3080 3084 3084 3080 3078 3079 3079 3078 3079 3085 3085 3075 3072 3084 3092 3088 3085 3084 3082 3073 3067 3072 3072 3050 3031 3032 3033 3025 3017 3015 3013 3015 3017
3007 3008 3010 3004 2997 2999 3002 3006 3010 3008 3006 3005 3003 3005 3008 3005 3001 2997 2993 2995 3000 3001 3001 3009 3021 3038 3057 3066 3067 3070 3074 3079 3085 3086 3079 3076 3077 3078 3078 3081 3086 3086 3076 3073 3085 3092 3087 3083 3085 3084 3074 3066 3069 3068 3048 3032 3034 3036 3028 3020 3015 3010 3014 3018
3003 3006 3009 3004 2998 3000 3002 3006 3010 3009 3009 3004 3000 3002 3005 3005 3003 2998 2992 2993 2997 2999 3001 3005 3011 3025 3045 3057 3065 3069 3071 3077 3088 3092 3088 3084 3078 3077 3081 3084 3084 3084 3082 3082 3089 3091 3084 3079 3084 3085 3077 3071 3067 3062 3046 3032 3032 3032 3027 3023 3014 3007 3011 3016
2999 3002 3006 3003 2999 3000 3002 3005 3009 3009 3008 3005 3001 3001 3002 3003 3004 2999 2993 2993 2996 2999 3001 3002 3003 3015 3033 3049 3063 3069 3070 3076 3088 3093 3092 3088 3079 3076 3081 3084 3083 3083 3083 3085 3089 3089 3083 3079 3083 3085 3080 3074 3065 3056 3041 3029 3029 3028 3024 3020 3012 3004 3010 3016
2992 2996 3000 2999 2997 3000 3002 3005 3008 3007 3004 3007 3010 3006 2999 3000 3003 3001 2999 2999 3000 3000 2999 2999 2998 3007 3023 3041 3062 3071 3072 3076 3085 3089 3088 3084 3077 3074 3075 3077 3081 3082 3079 3078 3082 3085 3083 3082 3084 3084 3079 3073 3062 3050 3035 3022 3023 3024 3016 3009 3006 3004 3012 3020
2987 2992 2996 2996 2996 3000 3003 3004 3004 3003 3002 3008 3016 3008 2996 2996 2999 3001 3001 3003 3004 3003 3000 2998 2995 3002 3015 3034 3058 3069 3072 3076 3082 3085 3086 3083 3077 3074 3074 3076 3080 3081 3076 3075 3080 3084 3084 3084 3084 3083 3080 3075 3062 3049 3033 3020 3021 3021 3012 3004 3004 3004 3012 3020
2985 2991 2996 2997 2997 3001 3005 3000 2994 2998 3003 3009 3015 3007 2995 2992 2992 2995 2999 3004 3010 3009 3005 3001 2997 3001 3012 3027 3046 3059 3068 3075 3080 3084 3086 3085 3079 3077 3082 3085 3083 3081 3078 3078 3086 3089 3085 3082 3082 3082 3081 3078 3067 3055 3041 3029 3025 3021 3016 3011 3008 3005 3010 3015
2986 2992 2997 2997 2997 3000 3003 2996 2988 2996 3005 3009 3012 3005 2996 2993 2991 2994 2998 3005 3012 3012 3008 3004 3001 3003 3010 3021 3035 3048 3061 3071 3076 3081 3083 3083 3080 3081 3088 3091 3085 3082 3081 3083 3090 3093 3087 3082 3082 3082 3083 3082 3073 3063 3049 3037 3031 3025 3022 3020 3015 3010 3012 3013
2994 2997 3000 2999 2998 2997 2997 2994 2992 3000 3010 3008 3004 3002 3001 3001 3003 3002 3002 3004 3006 3007 3007 3007 3009 3010 3010 3016 3025 3036 3049 3060 3069 3074 3073 3075 3080 3085 3089 3090 3085 3083 3086 3090 3093 3094 3090 3087 3084 3083 3084 3084 3080 3075 3059 3046 3042 3038 3035 3031 3027 3023 3020 3017
3000 3001 3002 2999 2997 2995 2993 2994 2995 3003 3012 3007 3000 3001 3004 3006 3009 3007 3004 3003 3003 3004 3006 3010 3015 3015 3012 3013 3017 3026 3038 3051 3063 3069 3067 3071 3081 3088 3090 3089 3084 3083 3089 3093 3094 3093 3090 3087 3084 3083 3084 3085 3085 3084 3069 3055 3053 3050 3046 3043 3040 3038 3032 3027
3002 3003 3004 2998 2992 2994 2996 2997 2998 3002 3007 3005 3003 3003 3003 3002 3000 3002 3004 3005 3006 3007 3009 3011 3015 3016 3015 3015 3016 3022 3033 3045 3060 3069 3071 3076 3084 3090 3091 3089 3084 3082 3085 3087 3088 3087 3081 3077 3079 3080 3080 3080 3083 3085 3076 3067 3064 3061 3057 3053 3054 3055 3052 3050
3001 3003 3005 2998 2991 2994 2998 2999 3001 3002 3003 3004 3004 3003 3002 2999 2996 2998 3002 3005 3008 3009 3009 3011 3014 3016 3017 3018 3018 3023 3031 3044 3060 3070 3075 3081 3087 3091 3091 3089 3084 3081 3082 3082 3084 3082 3076 3072 3077 3080 3076 3075 3082 3087 3081 3076 3072 3069 3064 3060 3063 3066 3067 3068
2994 2997 3000 3000 3000 2998 2996 2999 3003 3004 3005 3001 2997 2998 3000 3002 3003 3001 2998 3002 3008 3007 3002 3004 3010 3012 3014 3019 3027 3034 3040 3051 3065 3075 3080 3085 3090 3093 3093 3090 3083 3080 3081 3083 3084 3084 3080 3078 3082 3084 3076 3072 3081 3088 3081 3074 3072 3070 3064 3059 3058 3058 3066 3074
2989 2992 2995 3000 3006 3002 2997 3000 3005 3005 3004 2999 2994 2995 2999 3003 3008 3004 2996 3000 3009 3006 2998 3000 3008 3012 3015 3023 3035 3044 3048 3056 3067 3076 3082 3087 3091 3094 3094 3091 3083 3078 3081 3084 3086 3086 3084 3083 3086 3085 3076 3071 3082 3090 3080 3071 3070 3070 3065 3060 3056 3052 3065 3078
2994 2992 2990 2995 3000 3002 3005 3004 3003 3000 2997 2998 2999 2998 2997 3000 3006 3005 3001 3004 3009 3008 3004 3007 3014 3021 3030 3037 3043 3047 3051 3054 3057 3064 3073 3081 3086 3091 3094 3092 3081 3076 3081 3085 3089 3091 3088 3085 3082 3080 3077 3077 3085 3090 3078 3067 3066 3066 3067 3068 3062 3056 3067 3078
2998 2993 2988 2991 2995 3003 3011 3007 3001 2996 2991 2996 3002 3001 2997 3000 3004 3005 3005 3007 3009 3010 3011 3015 3022 3032 3044 3049 3049 3051 3053 3053 3050 3054 3066 3074 3079 3085 3091 3091 3079 3074 3080 3086 3091 3093 3090 3086 3080 3076 3078 3081 3086 3088 3075 3063 3063 3062 3068 3072 3065 3059 3068 3077
3000 2998 2995 2995 2994 3002 3009 3004 2998 2996 2994 2995 2996 3002 3009 3008 3005 3004 3003 3008 3014 3019 3023 3031 3041 3048 3054 3055 3053 3053 3056 3055 3051 3053 3063 3068 3068 3069 3072 3074 3072 3074 3079 3084 3084 3084 3085 3084 3080 3076 3073 3073 3077 3080 3070 3061 3062 3062 3063 3063 3061 3060 3067 3074
3002 3001 3000 2997 2994 3001 3009 3003 2996 2996 2997 2994 2991 3002 3017 3013 3005 3004 3005 3012 3021 3028 3035 3045 3058 3063 3063 3061 3056 3056 3059 3057 3052 3053 3060 3062 3058 3056 3057 3060 3066 3072 3077 3080 3077 3075 3078 3080 3077 3073 3068 3065 3068 3070 3064 3059 3060 3061 3058 3055 3058 3060 3065 3070
3003 2997 2992 2994 2996 3003 3010 3005 2999 3000 3001 2996 2991 2997 3006 3006 3002 3010 3022 3031 3038 3043 3046 3053 3062 3065 3065 3063 3059 3059 3060 3059 3055 3055 3058 3059 3058 3058 3061 3063 3064 3066 3068 3069 3065 3063 3062 3061 3058 3056 3057 3057 3056 3056 3058 3059 3059 3058 3054 3050 3055 3059 3061 3062
3003 2994 2986 2992 2998 3004 3011 3007 3003 3003 3004 2998 2992 2994 2999 3001 3003 3018 3038 3048 3053 3056 3057 3061 3066 3068 3067 3065 3062 3061 3062 3061 3059 3058 3057 3057 3058 3060 3064 3065 3062 3059 3060 3059 3056 3053 3049 3046 3044 3044 3048 3050 3047 3045 3053 3059 3058 3056 3051 3047 3053 3059 3058 3057
2999 2994 2990 2994 2999 3003 3006 3006 3006 3007 3007 3004 3000 3008 3018 3022 3024 3034 3046 3052 3056 3060 3066 3067 3067 3069 3074 3072 3065 3065 3071 3072 3070 3067 3064 3062 3061 3061 3063 3062 3056 3054 3059 3061 3059 3058 3057 3056 3056 3055 3051 3049 3054 3057 3056 3056 3064 3071 3063 3055 3055 3055 3059 3062
2996 2995 2993 2997 3001 3001 3001 3005 3010 3010 3009 3009 3009 3021 3036 3041 3044 3049 3054 3057 3059 3065 3075 3074 3068 3071 3079 3077 3067 3068 3077 3081 3079 3076 3071 3068 3065 3062 3062 3059 3051 3049 3057 3063 3062 3062 3064 3065 3066 3065 3055 3049 3060 3068 3059 3054 3069 3082 3072 3063 3057 3053 3060 3068
2998 2997 2997 3001 3005 3005 3006 3009 3012 3012 3011 3014 3017 3030 3045 3052 3056 3057 3056 3061 3069 3076 3083 3080 3072 3072 3077 3075 3068 3066 3069 3072 3075 3078 3079 3075 3066 3059 3059 3057 3053 3053 3058 3061 3060 3059 3060 3061 3061 3060 3057 3055 3058 3060 3058 3058 3062 3067 3065 3064 3060 3057 3065 3073
2999 3000 3001 3005 3008 3009 3010 3012 3014 3014 3014 3019 3025 3038 3054 3061 3067 3064 3059 3066 3078 3086 3091 3086 3076 3073 3075 3073 3068 3064 3061 3064 3072 3079 3086 3082 3067 3057 3056 3056 3056 3057 3059 3060 3058 3057 3058 3058 3056 3056 3059 3060 3055 3052 3057 3061 3056 3052 3059 3065 3062 3060 3069 3078
3004 3003 3003 3008 3013 3009 3004 3009 3014 3018 3021 3031 3042 3050 3057 3065 3072 3070 3064 3070 3079 3084 3086 3082 3075 3073 3075 3073 3068 3065 3065 3068 3074 3078 3078 3075 3069 3065 3064 3065 3070 3071 3066 3063 3064 3064 3062 3061 3059 3057 3054 3052 3052 3053 3056 3058 3058 3058 3064 3070 3064 3059 3067 3075
3008 3006 3004 3011 3018 3009 2999 3006 3014 3021 3028 3042 3058 3061 3061 3068 3077 3075 3070 3073 3081 3082 3081 3078 3074 3074 3075 3072 3067 3067 3069 3072 3077 3076 3070 3068 3071 3072 3072 3074 3083 3085 3074 3067 3070 3071 3067 3064 3062 3059 3050 3044 3050 3054 3055 3056 3060 3064 3070 3074 3066 3058 3065 3072
3004 3006 3007 3011 3014 3008 3003 3001 3001 3017 3035 3047 3058 3063 3066 3071 3077 3075 3070 3074 3082 3084 3083 3079 3073 3072 3074 3074 3072 3072 3073 3072 3071 3070 3068 3067 3067 3069 3074 3077 3077 3075 3070 3068 3072 3073 3067 3063 3064 3062 3056 3051 3056 3060 3060 3060 3064 3067 3070 3073 3068 3064 3070 3077
3000 3005 3011 3010 3009 3008 3006 2997 2987 3012 3041 3051 3058 3064 3071 3075 3078 3075 3070 3075 3084 3086 3085 3080 3071 3070 3073 3075 3076 3077 3076 3073 3066 3064 3066 3066 3063 3065 3076 3079 3070 3066 3067 3069 3074 3075 3067 3063 3065 3066 3061 3058 3063 3067 3065 3064 3067 3071 3071 3071 3070 3070 3076 3081
