2998 2994 2999 2990 2976 2994 3000 3008 3004 2999 3001 2988 2990 2990 3007 3006 3015 3014 2991 3002 3004 3005 3015 3016 3014 3020 3008 3020 2990 2990 3007 3015 3011 2990 3000 3019 3015 3013 3008 3006 3010 2988 3000 2988 3008 3000 3006 3010 2999 2996 2998 2982 2978 2988 2986 2972 2984 2991 2997 3012 3000 2991 2988 2994
2980 2981 2984 2990 2983 2994 3004 2995 3002 2998 2990 2993 2999 3012 3020 3016 3012 3008 3001 3000 3013 3019 3017 3023 3026 3020 3028 3033 3009 3019 3010 3017 3012 3007 2988 3002 2999 3016 2989 2994 3005 3000 2989 2981 2998 2995 2998 2991 3000 2987 2989 2992 2987 2986 2982 2986 2993 3005 3002 3003 2993 2997 2994 2992
2974 2972 2982 2996 2988 3002 3013 3018 3000 3008 2994 2990 2997 3001 3009 3026 3016 3004 3010 3011 3025 3019 3022 3033 3016 3042 3029 3027 3025 3022 3012 3012 3008 3010 3003 3019 3017 3007 2996 3000 2996 2996 2979 2983 2984 2990 3001 2989 2981 2995 2977 2985 2979 2985 2995 2985 3002 3007 2999 2998 3006 2991 2994 2974
2984 2994 2990 2995 2991 3002 3010 2999 3003 2996 3005 3003 3016 3012 3014 3024 3017 3017 3012 3023 3026 3038 3044 3024 3030 3034 3019 3032 3036 3015 3022 3019 3010 3009 3013 3016 3001 3010 3005 2995 2993 2991 2985 2994 3000 2995 2989 2991 2999 2985 2991 2979 2986 2995 2996 2989 3001 2995 2994 2989 2988 2993 2996 2999
2979 2992 3007 2999 3003 2998 2998 3010 3007 2996 3014 3032 3024 3025 3022 3027 3033 3025 3022 3025 3027 3028 3031 3046 3039 3040 3029 3037 3024 3029 3024 3012 3011 3005 3027 3009 3005 2995 3006 3015 2998 2986 3004 3004 3014 2985 2993 2995 3004 2996 2999 2988 3001 2993 3004 2995 2994 2991 3002 2997 2988 2983 2992 2992
2993 3001 3001 3002 3000 3011 3009 3001 3002 3013 3019 3020 3015 3020 3002 3009 3018 3021 3027 3033 3032 3044 3027 3040 3025 3025 3027 3029 3020 3031 3022 3018 3002 3018 3017 3023 3014 2995 3006 2998 2994 2997 2998 2986 2991 2999 2991 2991 3004 3001 3000 2987 2981 2986 3001 2989 3005 2995 2992 2987 2991 2983 2994 3005
2995 2998 2986 3002 2997 3006 3031 3013 3019 3003 3016 3011 3014 3031 3014 3021 3014 3010 3025 3035 3041 3041 3046 3017 3033 3022 3022 3029 3028 3027 3031 3007 3006 3023 3017 3008 3013 2999 2999 3016 2998 3008 3008 2977 2982 2987 3001 2986 2995 3014 3003 2980 2988 2981 2989 2989 3004 3000 2979 2977 2994 2996 2965 2982
3016 3010 3003 2996 3008 3012 3018 3009 3013 3014 3020 3025 3037 3024 3036 3023 3022 3041 3044 3047 3054 3046 3056 3030 3038 3031 3029 3032 3039 3019 3034 3022 3013 3025 3019 3027 3028 3008 3005 3006 3006 3005 3004 2981 2991 2997 2998 3001 3003 2995 2991 2983 2991 2990 2985 2985 2989 2989 2997 2972 2987 2994 2983 2992
3014 3021 3015 3011 3008 3004 3016 3006 3020 3022 3046 3045 3044 3037 3042 3035 3031 3042 3055 3052 3045 3053 3041 3056 3049 3040 3034 3038 3031 3048 3033 3028 3024 3027 3022 3034 3022 3027 3022 3014 3006 3007 2997 2996 3002 2997 2996 2990 2988 2994 3004 3006 2988 3003 2983 2990 2998 2993 2991 2992 2991 2999 3014 2998
3016 3007 3010 3005 3004 3016 3006 3017 3021 3026 3030 3041 3047 3048 3046 3034 3041 3041 3051 3060 3061 3065 3074 3047 3050 3039 3050 3034 3030 3019 3041 3033 3032 3037 3038 3033 3030 3025 3024 3015 3016 3004 2998 2997 3004 3007 2982 3004 2988 3004 2987 2988 2993 2983 2992 3002 3012 3006 2997 2983 2987 2995 2999 2978
3004 3004 3011 3000 3002 3020 3030 3023 3026 3033 3031 3040 3045 3050 3051 3058 3025 3040 3049 3066 3072 3075 3080 3063 3054 3040 3046 3039 3034 3037 3025 3021 3031 3033 3032 3049 3034 3034 3032 3017 3014 3021 3006 2997 2993 3011 2997 2990 3005 2998 2999 3002 3010 2993 3004 2997 2993 2996 3005 2994 2992 2998 2986 3000
2990 2995 3007 3011 3005 3020 3017 3035 3046 3032 3033 3041 3033 3032 3058 3050 3054 3041 3062 3058 3080 3087 3091 3072 3065 3060 3054 3052 3053 3039 3028 3034 3041 3027 3046 3043 3028 3039 3025 3018 3026 3021 3014 3010 3000 3002 2993 2995 2993 2997 3005 2993 2999 2995 2991 3000 2998 2994 2990 2998 3006 2998 2984 2995
2992 3003 2993 3001 3013 3023 3021 3013 3030 3034 3053 3043 3026 3043 3038 3040 3041 3056 3062 3061 3069 3089 3078 3072 3086 3080 3062 3057 3057 3055 3055 3054 3041 3030 3019 3029 3016 3017 3018 3033 3025 3032 3015 3015 2998 3000 2995 2984 2995 3006 3002 2997 2991 2995 3010 2998 2989 2988 2996 3001 2999 2978 2983 2995
3002 3008 3004 3016 3018 3015 3012 3015 3029 3030 3025 3036 3029 3032 3032 3037 3058 3068 3065 3073 3078 3079 3082 3086 3098 3081 3069 3080 3087 3077 3063 3062 3057 3043 3030 3020 3017 3019 3026 3028 3037 3034 3024 3010 3015 2996 3000 2993 2981 3004 2994 3003 2988 2988 3000 3009 3011 2995 3000 2983 2993 3001 3000 2983
3000 3021 3017 3007 3006 3007 3021 3008 3028 3026 3013 3032 3031 3027 3028 3040 3055 3057 3079 3074 3081 3081 3080 3085 3095 3090 3101 3089 3068 3076 3090 3080 3056 3049 3034 3046 3032 3030 3031 3027 3046 3043 3027 3022 3022 3003 2997 3014 2997 2985 2988 2994 3008 3006 2994 3001 3002 2999 2995 2996 2997 2998 3005 2999
3003 3009 3010 3026 3021 3026 3021 3016 3034 3033 3023 3026 3015 3037 3037 3053 3053 3075 3084 3076 3082 3092 3085 3097 3093 3097 3095 3084 3099 3096 3110 3073 3083 3053 3032 3045 3043 3030 3044 3050 3051 3044 3027 3020 3022 3002 3002 3001 3010 2991 2997 2996 3001 3000 3000 2997 3002 2985 2988 2993 2989 2999 2991 3000
2991 3009 3016 3027 3037 3031 3023 3029 3036 3022 3024 3031 3039 3044 3043 3062 3059 3085 3089 3089 3082 3083 3094 3090 3086 3086 3104 3089 3088 3088 3103 3081 3076 3061 3044 3032 3042 3051 3039 3031 3035 3045 3036 3030 3019 3020 3004 2993 2992 2988 2998 3002 3014 2999 3006 2997 2998 2997 2997 2982 2998 2991 2996 2997
2987 3007 3022 3023 3026 3034 3036 3031 3026 3036 3020 3035 3036 3048 3052 3071 3085 3079 3094 3096 3092 3091 3096 3103 3096 3092 3086 3110 3099 3108 3108 3094 3070 3063 3045 3057 3038 3048 3054 3049 3057 3048 3043 3034 3023 3013 3000 2996 2981 2979 2988 3006 2989 2999 3002 3001 2994 3003 3005 2990 2995 3005 2990 2995
3003 3008 3005 3024 3022 3014 3032 3024 3031 3024 3015 3039 3051 3054 3061 3066 3078 3075 3098 3089 3093 3094 3102 3095 3088 3085 3099 3090 3110 3104 3103 3083 3078 3074 3049 3038 3051 3052 3045 3057 3064 3065 3045 3038 3040 3015 3012 2994 2978 2992 3007 3009 3001 2992 2997 3010 3006 3005 3013 3011 2999 3002 2995 2999
3000 3021 3023 3013 3030 3026 3033 3031 3032 3042 3033 3045 3061 3073 3086 3072 3075 3083 3097 3093 3100 3084 3095 3107 3089 3091 3081 3094 3087 3100 3089 3076 3076 3061 3073 3048 3061 3055 3058 3070 3052 3060 3056 3041 3031 3025 2999 3005 2998 2988 2997 3017 3002 2998 2998 3011 3010 3008 3011 3008 3005 3018 3000 2984
3005 3018 3014 3028 3031 3032 3018 3021 3027 3030 3044 3047 3067 3072 3088 3087 3091 3086 3089 3091 3104 3094 3081 3090 3093 3109 3103 3091 3086 3084 3088 3087 3098 3074 3067 3067 3060 3062 3084 3073 3060 3075 3050 3048 3033 3011 3019 3002 3000 2994 3005 3011 3008 3017 3004 3013 3006 3015 3014 3008 2995 3008 2999 2974
3006 2999 3036 3030 3026 3022 3022 3040 3032 3034 3056 3054 3068 3084 3086 3080 3098 3084 3097 3098 3104 3089 3090 3088 3083 3105 3102 3098 3087 3100 3083 3098 3096 3098 3079 3070 3079 3058 3086 3086 3086 3086 3073 3047 3036 3025 3015 3011 3010 3001 3005 3014 3008 3012 3023 3014 3017 3001 3001 2998 2997 3006 2995 2999
3011 3018 3038 3023 3026 3030 3033 3025 3034 3054 3055 3053 3080 3081 3092 3091 3097 3083 3093 3082 3091 3099 3099 3089 3100 3100 3085 3089 3096 3082 3083 3092 3096 3098 3082 3069 3074 3062 3078 3092 3081 3087 3078 3055 3040 3023 3032 3031 3022 3033 3015 3022 3017 3018 3025 3019 3023 3021 3015 3010 3012 3000 2995 2998
3020 3030 3028 3033 3023 3032 3035 3037 3039 3049 3045 3073 3079 3087 3100 3088 3093 3090 3092 3103 3101 3088 3091 3088 3100 3089 3093 3083 3096 3100 3091 3096 3078 3084 3087 3093 3080 3082 3071 3086 3100 3087 3061 3061 3037 3015 3019 3021 3010 3018 3012 3017 3006 3021 3023 3018 3024 3008 3020 3012 3008 3005 3008 3003
3026 3021 3008 3029 3036 3042 3031 3049 3047 3061 3067 3070 3093 3095 3098 3084 3074 3080 3101 3098 3090 3090 3073 3085 3094 3099 3094 3104 3092 3098 3097 3090 3073 3083 3081 3083 3075 3087 3094 3078 3076 3081 3077 3060 3032 3028 3010 3003 3007 3012 3003 3015 3006 3011 3013 3015 3009 2999 3001 2982 2999 3023 3008 3021
3008 3006 3000 3022 3047 3037 3038 3053 3051 3066 3077 3099 3094 3108 3089 3077 3084 3090 3088 3081 3090 3086 3083 3094 3099 3098 3092 3093 3094 3093 3090 3087 3077 3085 3093 3089 3077 3076 3090 3076 3081 3068 3074 3059 3048 3016 3002 2993 2993 3003 3014 3010 2999 2995 3007 3007 2990 3008 2994 2981 3005 3020 3003 3016
3011 3008 3004 3018 3029 3048 3045 3055 3066 3068 3074 3078 3096 3101 3088 3087 3084 3084 3082 3079 3091 3082 3086 3097 3104 3100 3097 3085 3088 3101 3088 3076 3086 3096 3076 3087 3076 3086 3065 3075 3065 3061 3060 3052 3026 3006 2997 3006 3008 2996 3003 3008 3014 3014 3009 2996 3001 2984 2999 2992 3002 3020 3009 3005
3003 3021 3020 3029 3027 3036 3060 3062 3054 3065 3073 3092 3097 3094 3086 3081 3075 3084 3084 3076 3094 3087 3089 3089 3099 3108 3094 3097 3086 3089 3100 3099 3092 3086 3083 3078 3085 3084 3085 3085 3086 3067 3055 3047 3020 3021 3003 3002 3003 3018 3002 2994 3010 3001 3007 3004 2984 2987 2973 2993 3003 3013 2996 3006
3008 3017 3005 3024 3032 3042 3047 3065 3074 3081 3090 3082 3085 3087 3094 3087 3078 3078 3082 3080 3105 3090 3082 3095 3107 3098 3091 3097 3104 3090 3106 3109 3094 3087 3084 3094 3083 3079 3098 3088 3092 3084 3072 3043 3030 3009 3001 2998 2994 3004 3009 3008 3009 3005 3003 2999 2994 3000 3000 3000 3005 2998 3011 2998
2994 3001 3006 3029 3030 3035 3054 3055 3058 3079 3072 3097 3089 3086 3092 3090 3077 3094 3092 3081 3077 3076 3084 3088 3093 3094 3097 3106 3099 3111 3112 3100 3084 3091 3087 3085 3086 3082 3081 3109 3093 3076 3068 3061 3026 3010 3005 2994 3001 2989 2985 2998 3012 3007 2995 2990 2997 3003 3000 3007 2996 2991 3005 3013
3007 3004 3010 3020 3029 3035 3045 3065 3064 3067 3084 3093 3076 3083 3087 3083 3082 3085 3092 3094 3089 3078 3096 3079 3090 3109 3084 3107 3096 3096 3096 3096 3093 3095 3080 3086 3098 3075 3081 3079 3085 3080 3061 3051 3023 3014 3010 3004 2997 2992 2969 2995 3003 3010 2998 2993 2999 2998 3011 3011 2994 2997 3002 3011
3019 3000 3004 3007 3029 3039 3043 3049 3070 3090 3081 3086 3081 3071 3081 3088 3083 3085 3095 3093 3095 3077 3091 3088 3097 3101 3102 3097 3085 3089 3091 3089 3090 3094 3082 3088 3087 3079 3064 3085 3094 3083 3071 3050 3020 3008 2986 2996 2990 2981 2974 2979 2989 3002 3004 2998 3012 3021 3016 3007 3010 2990 3010 3011
3000 3002 2988 3011 3019 3027 3046 3043 3066 3072 3080 3071 3080 3090 3076 3087 3091 3089 3087 3091 3086 3084 3094 3086 3104 3102 3080 3091 3088 3095 3091 3096 3092 3090 3089 3077 3079 3074 3104 3077 3079 3084 3076 3052 3020 2992 2994 2991 2986 2991 2980 2984 2985 2991 2999 3006 3001 3004 3008 3007 3011 2998 3002 3011
3012 3002 3011 3011 3023 3039 3031 3054 3062 3081 3067 3069 3084 3084 3091 3095 3086 3090 3094 3092 3097 3083 3085 3088 3095 3088 3095 3087 3100 3081 3094 3095 3088 3100 3077 3076 3081 3081 3081 3096 3083 3089 3073 3062 3020 3000 2999 2984 2993 2988 2990 2993 3004 2990 3008 3006 3002 3021 3000 3003 3007 3022 3013 3010
3016 3014 3022 3030 3014 3030 3040 3051 3072 3062 3077 3085 3080 3085 3088 3097 3101 3097 3089 3097 3096 3089 3090 3102 3104 3103 3086 3091 3088 3092 3101 3094 3080 3096 3096 3083 3083 3089 3081 3086 3095 3085 3069 3058 3024 3002 2990 2989 2999 3000 2998 3008 2989 3008 2999 3021 3022 3001 3011 3001 3007 3011 3019 3004
3012 3005 3022 3024 3026 3018 3045 3054 3061 3083 3076 3084 3083 3088 3101 3101 3092 3087 3087 3091 3083 3092 3085 3088 3099 3092 3084 3094 3103 3105 3093 3095 3099 3083 3088 3089 3076 3086 3084 3082 3070 3070 3065 3054 3022 3008 2992 3004 3001 3002 2994 3009 3005 2996 3007 3012 3015 3010 3014 3012 3001 3014 3017 3013
2988 2993 3009 3006 3001 3022 3041 3047 3047 3073 3090 3075 3083 3083 3094 3086 3090 3089 3086 3087 3094 3108 3086 3097 3095 3106 3101 3078 3083 3092 3081 3083 3100 3085 3096 3080 3085 3089 3077 3078 3066 3070 3067 3044 3029 2997 2991 3006 3013 3020 2995 2997 2993 2997 2992 3006 3012 3018 3014 3005 2999 3004 3011 3003
2992 3004 2985 3003 3014 3019 3030 3041 3059 3050 3073 3081 3075 3079 3086 3093 3079 3084 3088 3095 3104 3090 3087 3092 3100 3099 3086 3092 3085 3101 3097 3084 3088 3086 3092 3091 3079 3090 3089 3069 3062 3071 3057 3037 3014 2995 3005 3007 2996 2996 2997 2994 2996 2992 3004 3007 3009 3013 3009 3005 3005 3013 2998 3006
3002 3004 3001 2999 3007 3015 3016 3034 3063 3062 3083 3079 3072 3074 3078 3083 3086 3076 3088 3084 3093 3080 3089 3109 3107 3102 3082 3089 3095 3085 3092 3088 3081 3085 3099 3093 3085 3083 3070 3068 3064 3077 3060 3037 3007 3002 3004 3001 2993 2994 2996 2990 3003 3000 3005 3007 3004 3001 3010 3000 3001 3010 2997 2996
3000 2992 2992 2996 3013 3029 3016 3045 3066 3059 3074 3074 3077 3071 3072 3077 3084 3074 3079 3089 3083 3092 3089 3087 3088 3094 3093 3086 3092 3074 3087 3092 3098 3089 3082 3098 3082 3089 3073 3059 3069 3071 3044 3021 3016 3005 3003 3010 2986 2993 2991 2995 3000 3009 3005 3012 2987 2996 3006 3007 3001 2994 2988 2990
2994 2992 3007 2997 3007 3008 3013 3034 3059 3064 3067 3077 3078 3076 3071 3083 3074 3096 3094 3077 3080 3097 3099 3101 3077 3090 3107 3104 3081 3105 3090 3085 3085 3089 3096 3079 3076 3093 3086 3076 3077 3065 3039 3016 3005 2991 2999 3012 3006 2985 2993 2994 2994 2999 2992 2991 2984 2995 3018 3003 2988 3009 3006 2994
3003 2982 2991 2997 2993 3012 3019 3032 3044 3045 3069 3074 3085 3087 3068 3079 3073 3080 3090 3099 3086 3089 3092 3080 3098 3084 3088 3088 3101 3094 3077 3093 3081 3097 3081 3085 3082 3069 3094 3085 3083 3073 3051 3041 3014 2980 2990 3004 3005 3011 2998 3002 3007 2990 2993 3000 2994 2983 3001 2997 3004 2992 2997 2992
2982 2987 3005 3015 2995 3009 3024 3034 3029 3058 3052 3067 3069 3069 3066 3083 3078 3083 3084 3090 3086 3078 3106 3095 3092 3096 3087 3095 3076 3090 3090 3094 3087 3084 3081 3078 3083 3096 3073 3083 3078 3058 3036 3031 3006 2981 2999 2996 3004 2994 3004 2986 2991 2997 2996 2974 3007 2998 3011 3006 2994 3006 3011 3010
2986 3001 2996 3006 2999 3002 3007 3023 3040 3028 3063 3057 3077 3078 3070 3078 3078 3089 3079 3089 3091 3097 3088 3094 3096 3092 3100 3099 3095 3085 3078 3088 3088 3086 3091 3097 3083 3082 3091 3084 3065 3051 3029 3001 2996 3004 2995 3007 3000 2994 3012 2998 2983 2990 2978 2991 2999 2998 2996 3006 3002 3008 3015 3008
2992 2998 2985 3010 2997 3001 3004 2998 3011 3035 3054 3069 3066 3072 3062 3060 3070 3071 3084 3079 3091 3091 3094 3075 3081 3081 3090 3092 3090 3085 3081 3080 3091 3089 3086 3089 3069 3086 3084 3080 3068 3060 3036 3017 3009 2996 2996 2994 2992 3008 3002 3002 2982 2990 2991 2998 2995 2990 2994 2988 3007 2994 2996 3006
2985 2990 2984 2998 3016 2997 2998 3003 3003 3026 3053 3049 3069 3068 3068 3075 3073 3070 3084 3089 3091 3092 3087 3074 3080 3091 3086 3072 3092 3082 3092 3084 3084 3087 3087 3085 3095 3080 3091 3085 3052 3044 3033 3018 3018 3003 3003 2987 3002 2974 2987 3000 2985 2994 2991 2991 2985 2999 2996 2989 2996 2994 3000 2994
2995 2980 2984 3001 3008 3000 2975 2994 2999 3018 3026 3037 3064 3054 3058 3063 3070 3069 3073 3079 3088 3097 3088 3088 3078 3078 3082 3083 3086 3080 3083 3079 3078 3087 3092 3090 3095 3082 3072 3077 3062 3052 3039 3019 3015 3006 3003 2990 2980 2998 2991 2990 2999 2996 2993 3004 2998 2996 2998 3004 2998 2992 2996 3000
3002 3002 2985 2993 2993 2992 2994 2991 3004 2991 3011 3034 3068 3070 3076 3078 3074 3073 3075 3077 3067 3076 3080 3090 3097 3090 3074 3073 3080 3082 3081 3099 3092 3082 3094 3098 3096 3078 3088 3082 3055 3036 3028 3014 3008 3007 2997 2989 2997 3002 2991 2993 2983 2999 2992 3003 3006 2996 3008 3008 3006 2980 2995 2994
3000 2988 2989 2991 2989 2994 3001 2998 3009 3005 3016 3036 3046 3056 3064 3075 3070 3067 3069 3086 3093 3080 3098 3086 3087 3089 3078 3079 3090 3084 3099 3084 3073 3091 3095 3100 3089 3086 3074 3064 3049 3037 3014 3009 2996 3001 2999 2991 2999 2984 2997 3010 2991 3004 2997 2999 3003 2997 3000 3007 3010 3004 2986 3003
2998 3000 2992 2999 2989 2995 2997 3006 2994 3011 3011 3014 3019 3038 3076 3079 3070 3074 3094 3091 3089 3088 3098 3082 3082 3094 3077 3078 3094 3080 3082 3083 3084 3094 3104 3087 3107 3085 3069 3064 3045 3035 3008 3007 3000 2990 2989 2988 2989 2998 3007 2997 2999 3010 3013 3005 2993 2995 2995 2991 2988 2985 2997 3006
3002 2977 2992 2993 2999 2995 3003 3012 3000 2992 2997 3011 3032 3059 3062 3068 3069 3083 3088 3095 3093 3088 3101 3079 3083 3093 3100 3091 3093 3093 3094 3081 3089 3107 3101 3102 3083 3086 3061 3062 3020 3017 3011 3015 3019 3002 2987 2991 3007 2982 2995 2999 3001 3012 2994 3002 3006 3012 2997 2995 2990 2988 2991 3015
3003 3011 2995 2991 3003 3005 2991 2993 3006 3001 2994 3001 3011 3031 3059 3065 3078 3076 3084 3088 3083 3085 3091 3094 3085 3082 3096 3097 3093 3075 3092 3099 3103 3093 3103 3094 3081 3069 3068 3031 3022 3011 3004 3003 3015 3000 2986 2995 2996 2983 3004 3001 3003 2979 3009 2999 2996 3001 3003 2984 2983 2982 2985 3001
2993 2995 2991 2994 2988 2990 3013 2988 2992 2987 2999 2999 3020 3036 3055 3071 3067 3080 3084 3081 3082 3091 3077 3084 3089 3094 3099 3083 3093 3095 3099 3081 3103 3100 3099 3091 3076 3070 3052 3032 3007 2989 3001 3011 3002 2998 2985 2988 3000 2990 2974 2987 2998 2998 3004 3000 3000 3011 3016 3000 2992 3007 3008 3006
2994 2984 2981 2974 2981 2993 3007 3005 2986 2981 2984 2996 3013 3026 3045 3058 3083 3067 3066 3085 3084 3085 3075 3091 3090 3084 3080 3095 3097 3091 3101 3092 3072 3085 3090 3091 3070 3047 3020 3015 2999 2990 3002 2995 3000 2996 2999 2971 2993 2987 2986 2971 3000 2999 2989 2997 2999 3009 3001 3012 3014 3019 3019 2998
2975 2973 2992 2985 2980 2987 2984 2994 2983 2982 2989 2991 3006 3027 3053 3076 3085 3083 3082 3091 3091 3076 3084 3086 3101 3103 3087 3101 3079 3092 3083 3076 3077 3076 3086 3085 3081 3058 3032 3010 3002 2997 3001 2996 2999 2993 2985 2987 2990 3000 2986 2993 2990 2999 3011 3006 2994 2999 3006 3004 3007 3024 3014 3002
2987 2994 3001 2996 2991 2986 2981 2984 2993 2992 2988 3002 3014 3033 3059 3067 3073 3077 3081 3093 3080 3088 3089 3091 3092 3093 3077 3076 3097 3101 3091 3070 3070 3082 3082 3093 3077 3053 3038 3002 3002 3000 3011 3013 2996 2984 2996 2986 2988 2986 2998 2999 2987 3007 2999 3000 2998 3002 2995 3010 3006 3011 3023 3012
2971 2986 3007 2994 2993 2980 2993 2989 2991 2991 2988 3002 3007 3032 3054 3079 3072 3068 3092 3081 3079 3079 3082 3091 3091 3079 3096 3094 3091 3099 3084 3076 3072 3081 3074 3085 3085 3068 3046 3025 3005 3009 3002 3009 2998 2995 2995 2996 3000 3012 3009 2996 3004 2987 3005 3002 3009 3004 2995 3015 3019 3023 3021 3007
2980 2997 2993 2989 2980 2988 2987 2994 3004 2988 2988 3010 3002 3037 3074 3056 3073 3071 3085 3083 3080 3081 3092 3084 3074 3093 3080 3096 3099 3073 3082 3087 3080 3077 3075 3080 3070 3063 3047 3021 3013 3002 3011 3007 3006 3008 3007 3008 3006 3005 2998 2989 2992 2994 3005 3017 3012 3004 3012 3006 3022 3022 3039 3028
2977 2985 2998 2994 2969 2997 3000 2996 3000 2999 3004 3016 3025 3045 3075 3076 3075 3082 3084 3086 3081 3083 3093 3091 3098 3090 3092 3091 3094 3100 3088 3075 3087 3094 3084 3077 3070 3075 3048 3026 3028 3008 3008 3001 3004 3005 2997 2986 2983 2981 2999 2998 2997 2990 2998 2996 3009 3012 3022 3019 3027 3023 3022 3023
2995 2994 2979 2981 2975 2988 2996 3002 3004 3007 3012 3023 3037 3056 3064 3089 3101 3090 3087 3089 3083 3098 3094 3079 3099 3096 3089 3092 3093 3091 3102 3095 3099 3081 3084 3081 3068 3069 3053 3015 3019 3019 3013 2992 3003 3014 3005 2997 2994 2973 2989 3013 2993 2993 2996 2997 3001 3029 3016 3002 3006 3022 3020 3028
2992 3000 2990 3008 3001 3005 3015 3001 3026 3028 3031 3039 3035 3060 3072 3092 3080 3088 3084 3077 3074 3094 3079 3095 3089 3105 3098 3080 3090 3090 3096 3087 3089 3108 3082 3082 3067 3055 3048 3014 3031 3021 3026 3031 3023 3020 3008 3004 2995 2994 2999 3008 3005 2997 3014 2995 3002 3008 3020 3010 3026 3024 3026 3018
3010 2992 2998 3006 2998 3007 3023 3022 3037 3054 3059 3066 3050 3076 3070 3074 3086 3088 3096 3097 3081 3080 3076 3092 3094 3088 3096 3094 3098 3098 3094 3088 3082 3093 3082 3088 3067 3053 3045 3051 3040 3027 3039 3030 3035 3024 3019 3013 3015 3032 3022 3009 3007 3015 3024 3010 3000 3030 3022 3027 3023 3020 3014 3029
2995 3008 3002 3012 3032 3030 3026 3023 3031 3058 3057 3057 3078 3080 3087 3079 3079 3094 3086 3086 3075 3085 3087 3097 3106 3097 3095 3105 3077 3091 3095 3091 3093 3088 3094 3091 3078 3066 3050 3051 3034 3046 3032 3046 3042 3032 3031 3030 3026 3030 3032 3005 3017 3022 3023 3013 3022 3023 3027 3019 3024 3028 3018 3014
2990 2999 3026 3023 3022 3033 3038 3049 3046 3054 3062 3059 3071 3087 3086 3082 3080 3085 3072 3070 3090 3094 3101 3095 3076 3090 3083 3066 3081 3069 3084 3085 3077 3085 3081 3079 3081 3086 3082 3078 3031 3030 3046 3046 3051 3052 3043 3037 3047 3037 3033 3017 3021 3019 3024 3023 3017 3026 3023 3024 3025 3015 3010 3010
