3066 3056 3055 3063 3053 3059 3069 3066 3061 3063 3064 3056 3045 3046 3059 3063 3048 3051 3065 3059 3075 3063 3060 3057 3054 3061 3071 3055 3069 3079 3061 3068 3050 3046 3051 3050 3058 3050 3041 3022 3024 3039 3022 3021 3015 3023 3027 3009 3010 3010 3018 3031 3010 2997 3009 3028 3005 3009 3012 3014 3022 2998 3008 3017
3070 3063 3067 3065 3078 3061 3049 3057 3058 3058 3052 3060 3055 3053 3055 3052 3063 3055 3039 3055 3063 3056 3066 3070 3072 3066 3063 3051 3068 3061 3062 3070 3056 3052 3059 3030 3044 3038 3036 3027 3035 3021 3013 3019 3021 3034 3014 3012 3029 3029 3018 3027 3008 2998 3016 3030 3015 3000 3024 3026 3010 3004 3001 3015
3078 3057 3039 3069 3078 3048 3056 3050 3053 3045 3043 3053 3050 3044 3039 3046 3061 3061 3051 3059 3064 3059 3066 3092 3074 3082 3065 3072 3055 3057 3061 3072 3065 3063 3048 3039 3037 3040 3041 3027 3027 3023 3014 3027 3054 3024 3048 3035 3021 3026 3033 3029 3011 3013 3017 2999 3009 3012 3006 3007 3005 3012 3009 2987
3055 3043 3039 3050 3050 3048 3049 3061 3043 3046 3046 3043 3061 3056 3053 3059 3063 3069 3049 3074 3069 3070 3069 3071 3078 3076 3074 3057 3063 3072 3065 3063 3052 3061 3058 3047 3042 3061 3036 3039 3039 3034 3035 3029 3040 3036 3024 3023 3023 3015 3032 3021 3011 3006 3015 3013 3001 3003 3006 3008 2996 2996 3017 3015
3058 3047 3046 3035 3026 3046 3053 3050 3039 3044 3051 3049 3047 3058 3068 3062 3061 3065 3060 3059 3082 3067 3074 3091 3092 3078 3078 3084 3079 3074 3084 3062 3053 3052 3057 3061 3054 3058 3057 3028 3044 3053 3048 3041 3016 3034 3026 3028 3018 3014 3029 3010 3000 3001 3016 3022 3020 3012 3007 2996 3000 3004 3019 3019
3061 3057 3046 3034 3034 3041 3049 3051 3039 3049 3057 3060 3063 3063 3066 3071 3071 3077 3050 3061 3058 3080 3074 3087 3089 3084 3086 3079 3080 3085 3081 3070 3069 3059 3067 3064 3056 3045 3056 3044 3050 3050 3039 3041 3035 3023 3034 3030 3033 3018 3009 3007 3014 3013 3009 3014 3014 3004 3005 3005 3004 3002 3009 3019
3063 3054 3045 3042 3034 3036 3030 3045 3048 3042 3051 3050 3056 3064 3056 3079 3070 3065 3081 3061 3056 3079 3073 3093 3101 3089 3085 3098 3076 3068 3068 3069 3073 3081 3066 3068 3053 3063 3051 3059 3044 3041 3060 3048 3040 3034 3035 3026 3018 3022 3008 3004 3007 3020 3013 3004 3009 3016 3020 3022 3024 3009 3008 3027
3020 3017 3002 3019 3030 3001 3011 3013 3019 3023 3024 3037 3046 3034 3032 3045 3051 3049 3063 3056 3058 3064 3060 3071 3079 3090 3091 3090 3096 3081 3091 3081 3084 3074 3080 3079 3053 3036 3036 3047 3031 3038 3031 3053 3028 3038 3028 3008 3004 3010 3005 3002 3001 3008 3002 3005 3010 3005 3012 3014 3010 3009 3019 3010
2973 2973 2980 2988 2990 2985 2977 2996 3003 2995 3004 3012 3028 3018 3022 3022 3029 3028 3048 3048 3042 3048 3061 3059 3072 3081 3086 3089 3090 3081 3088 3078 3087 3082 3080 3074 3062 3047 3045 3036 3028 3024 3030 3025 3032 3034 3021 3018 2990 3005 3013 3017 3002 3001 3000 3014 2984 2993 3003 2996 3001 2999 3001 3000
2964 2974 2973 2990 2984 2981 2991 2984 2998 3013 3016 3029 3022 3018 3029 3030 3031 3019 3037 3044 3049 3059 3073 3070 3071 3077 3080 3095 3091 3088 3080 3089 3090 3088 3082 3074 3068 3053 3047 3048 3037 3024 3040 3022 3035 3036 3029 3019 3006 3014 2994 3022 3016 3010 3013 2996 3002 3002 2997 2992 3007 3000 3011 3003
2978 2974 2983 2972 2976 2987 3005 3006 3008 3013 3030 3024 3015 3024 3016 3030 3025 3036 3033 3051 3066 3088 3092 3093 3089 3080 3097 3087 3100 3106 3091 3094 3092 3089 3096 3078 3076 3077 3058 3040 3040 3036 3025 3041 3045 3037 3026 3010 3030 3035 3025 3016 3011 3002 3013 2994 2997 2981 2996 3006 3011 3005 3009 3016
2969 2980 2983 2986 2973 2988 3005 3004 3011 3024 3029 3021 3023 3028 3042 3026 3036 3036 3045 3073 3091 3087 3093 3085 3087 3090 3104 3092 3114 3104 3104 3094 3098 3078 3103 3080 3068 3073 3043 3045 3034 3044 3051 3056 3048 3046 3034 3026 3036 3034 3023 3006 3005 3023 3005 3015 3014 3006 2988 2997 3010 3011 3022 3018
2968 2985 2983 2992 3003 2996 2988 3000 3008 3017 3026 3031 3033 3036 3046 3039 3033 3052 3068 3081 3096 3090 3090 3081 3095 3105 3108 3097 3111 3095 3105 3085 3089 3108 3095 3104 3094 3086 3065 3053 3057 3065 3047 3062 3059 3062 3077 3043 3036 3016 3028 3023 3016 3016 3004 3001 3005 3011 3006 2998 3005 3003 3007 3012
2969 2980 2996 2988 2998 3001 2996 3011 3019 3023 3013 3023 3041 3043 3038 3032 3044 3061 3086 3082 3091 3086 3086 3099 3092 3094 3092 3087 3095 3106 3088 3096 3109 3106 3108 3097 3103 3073 3064 3048 3061 3058 3060 3081 3074 3071 3080 3043 3041 3039 3033 3028 3011 3008 3002 3018 3011 3005 2995 3014 2991 3012 3014 2994
2990 2984 2972 2988 2995 2989 2996 3006 3034 3021 3028 3038 3044 3040 3030 3052 3039 3066 3098 3087 3091 3091 3089 3078 3090 3101 3097 3096 3090 3099 3095 3100 3100 3097 3103 3110 3112 3093 3073 3044 3068 3058 3067 3084 3078 3068 3081 3059 3049 3021 3025 3014 3010 3011 3000 3004 3006 3029 3009 3013 3002 2989 3019 3002
2995 2996 2992 2999 2992 3003 3018 3008 3022 3030 3031 3037 3042 3043 3030 3040 3064 3085 3084 3081 3092 3098 3099 3096 3111 3099 3096 3105 3094 3102 3087 3098 3100 3101 3098 3104 3099 3082 3087 3069 3067 3076 3078 3099 3086 3079 3071 3073 3058 3036 3022 3010 3011 3003 3011 3018 2989 3000 3001 3008 2985 2990 2996 3020
3015 3002 3010 3006 3020 3011 3008 3017 3033 3038 3045 3048 3050 3046 3034 3051 3070 3072 3078 3094 3099 3095 3095 3096 3097 3093 3087 3087 3093 3095 3097 3087 3091 3083 3089 3101 3097 3103 3079 3082 3057 3074 3078 3095 3096 3074 3083 3065 3049 3056 3022 3018 3010 3021 3015 3015 3014 3005 2990 2985 2998 2992 3016 3013
2988 3006 3013 3018 3011 3017 3019 3017 3033 3040 3038 3051 3049 3051 3045 3055 3074 3079 3087 3087 3090 3097 3085 3095 3088 3083 3096 3106 3088 3087 3085 3096 3088 3090 3101 3094 3093 3086 3072 3080 3071 3077 3086 3092 3087 3085 3078 3071 3056 3045 3017 3014 3016 3003 3008 3010 3014 3003 3006 2997 2990 3010 3005 3025
3004 3012 3010 3015 3018 3019 3016 3023 3034 3034 3043 3047 3044 3062 3062 3060 3101 3075 3082 3076 3086 3089 3082 3073 3079 3092 3099 3098 3089 3092 3096 3092 3091 3095 3112 3105 3094 3088 3084 3090 3079 3058 3093 3073 3074 3082 3075 3070 3056 3031 3029 3006 3008 3008 3002 3013 3000 2997 3003 3011 3009 3001 3017 3023
3007 3012 3011 3017 3027 3021 3021 3026 3031 3030 3045 3039 3038 3065 3072 3091 3094 3097 3087 3080 3086 3094 3088 3087 3079 3087 3085 3101 3095 3101 3095 3110 3091 3111 3099 3104 3098 3096 3077 3090 3085 3083 3086 3087 3078 3088 3093 3077 3054 3034 3020 3013 3008 3017 3008 3013 3001 3015 3010 3013 3006 2999 3008 3016
3018 3014 3017 3016 3018 3013 3020 3039 3032 3052 3039 3059 3041 3059 3071 3074 3088 3091 3087 3087 3092 3076 3086 3075 3075 3079 3079 3078 3089 3099 3101 3103 3098 3094 3093 3094 3075 3087 3089 3079 3088 3093 3084 3073 3081 3080 3084 3070 3060 3043 3034 3024 3014 3003 3003 3010 3003 2999 3013 3016 3012 3014 3004 3016
3008 3012 3016 3018 3023 3014 3041 3020 3033 3031 3046 3032 3056 3060 3075 3085 3089 3091 3099 3085 3090 3084 3095 3071 3081 3085 3095 3083 3083 3094 3109 3091 3109 3114 3084 3108 3103 3086 3090 3086 3089 3079 3091 3090 3090 3088 3083 3075 3069 3042 3049 3012 3013 3010 3011 3020 3022 2997 3018 3020 3024 3019 3017 3009
3014 3011 3020 3028 3030 3040 3023 3036 3030 3030 3050 3052 3062 3071 3090 3085 3092 3094 3087 3086 3096 3080 3086 3091 3095 3099 3086 3081 3090 3099 3089 3106 3107 3101 3081 3090 3095 3094 3092 3095 3092 3092 3094 3088 3084 3078 3089 3094 3064 3056 3038 3032 3028 3026 3023 3033 3034 3018 3005 3017 3007 3005 2995 3007
3006 3017 3025 3031 3016 3020 3020 3025 3013 3033 3053 3054 3063 3084 3093 3090 3076 3089 3073 3083 3090 3095 3088 3099 3097 3082 3086 3080 3090 3098 3088 3090 3108 3102 3090 3103 3106 3105 3087 3086 3085 3078 3091 3083 3077 3079 3097 3082 3064 3055 3033 3028 3037 3020 3017 3016 3015 3013 3019 3010 3009 3019 3009 3012
3006 3016 3013 3008 3006 3007 3004 3008 3016 3053 3053 3068 3063 3088 3094 3082 3082 3087 3095 3082 3092 3097 3086 3080 3101 3086 3100 3097 3099 3098 3092 3091 3087 3097 3094 3104 3114 3113 3083 3087 3079 3080 3079 3100 3089 3087 3083 3089 3058 3032 3030 3023 3026 3011 3023 3009 3022 3002 3020 3013 3016 3016 3008 3012
3017 3005 3008 2999 2996 2997 3015 3013 3011 3032 3054 3057 3070 3086 3080 3093 3099 3095 3091 3091 3093 3092 3093 3092 3105 3098 3101 3111 3115 3099 3100 3098 3093 3105 3100 3108 3106 3094 3107 3086 3083 3080 3088 3090 3080 3091 3088 3072 3054 3019 3040 3023 3011 3017 2996 2998 3003 3015 2999 3010 2994 3020 3007 3015
3001 3006 3010 3004 2993 2994 2998 3009 3020 3036 3049 3055 3044 3058 3074 3098 3100 3101 3093 3092 3083 3084 3080 3085 3096 3103 3102 3098 3108 3108 3105 3113 3102 3112 3103 3104 3112 3098 3103 3098 3085 3078 3085 3095 3098 3088 3078 3070 3057 3038 3022 3005 3012 3004 3008 3024 3017 3016 3008 3005 2999 3001 3010 3027
3007 3008 3024 3019 3006 2992 2991 3007 3014 3036 3043 3063 3073 3069 3085 3092 3096 3115 3098 3101 3099 3094 3087 3082 3102 3099 3111 3103 3111 3112 3105 3094 3102 3099 3113 3096 3109 3093 3106 3090 3088 3084 3089 3100 3092 3090 3084 3074 3056 3033 3018 3029 3011 3008 3011 3006 3013 3013 3002 3011 3016 3004 3011 3028
2988 2998 3010 3005 2999 3009 3003 3009 3011 3026 3055 3055 3070 3066 3085 3103 3087 3090 3093 3110 3087 3094 3095 3093 3088 3100 3100 3107 3096 3102 3098 3092 3088 3093 3095 3108 3106 3100 3110 3094 3084 3091 3098 3091 3095 3103 3102 3081 3055 3026 3016 2999 3004 3000 3004 3001 3002 3013 2995 3013 3020 3017 3026 3037
2993 3012 3006 3026 3019 3020 3006 3020 3020 3036 3045 3055 3072 3067 3082 3085 3093 3110 3083 3087 3086 3082 3090 3093 3096 3101 3103 3101 3105 3107 3096 3094 3098 3104 3099 3109 3096 3109 3100 3112 3088 3082 3093 3088 3075 3085 3091 3082 3053 3025 3019 3013 3006 3004 2993 3012 3008 3013 3016 3012 3010 3007 3010 3031
3019 3005 2993 2997 2988 2997 2998 3015 3007 3028 3048 3051 3084 3074 3082 3096 3090 3087 3083 3078 3090 3092 3097 3095 3093 3099 3088 3086 3089 3097 3105 3110 3107 3103 3099 3094 3113 3109 3100 3103 3097 3096 3086 3093 3091 3074 3089 3070 3040 3026 3018 3002 3009 2998 2999 3011 3010 3030 3019 3028 3012 3014 3032 3031
3009 2996 2989 2994 3001 3005 3007 2999 2995 3033 3034 3063 3055 3070 3077 3082 3100 3083 3087 3072 3081 3092 3103 3105 3095 3103 3096 3082 3102 3100 3097 3093 3096 3090 3095 3102 3087 3101 3117 3104 3093 3089 3088 3095 3091 3088 3071 3071 3044 3034 3009 3002 2996 3004 2998 2998 3014 3024 3010 3013 3018 3025 3027 3016
3006 3004 2990 3009 3005 3001 2995 2999 3006 3020 3050 3054 3078 3062 3081 3091 3076 3087 3071 3074 3078 3091 3090 3102 3099 3101 3092 3101 3107 3097 3107 3095 3094 3091 3086 3089 3093 3101 3096 3091 3094 3094 3099 3077 3093 3088 3081 3078 3056 3031 3011 2998 3003 2997 3015 3022 3023 3012 3007 3001 3020 3008 3023 3037
3015 3019 3023 3029 3010 3019 3011 3001 3018 3024 3024 3043 3053 3068 3078 3080 3076 3084 3077 3075 3067 3091 3098 3099 3098 3085 3096 3099 3095 3098 3089 3093 3094 3098 3094 3094 3087 3092 3100 3110 3087 3092 3082 3092 3088 3098 3076 3065 3059 3029 3015 3006 2996 3013 3008 3014 3014 3026 3023 3005 3015 3006 3022 3024
3009 3019 3019 3019 3019 3020 3025 3030 3027 3024 3031 3041 3065 3071 3076 3076 3081 3090 3085 3078 3071 3083 3084 3084 3099 3108 3104 3106 3087 3095 3115 3096 3100 3094 3095 3080 3099 3095 3093 3100 3084 3089 3087 3085 3084 3090 3071 3068 3042 3021 3015 3003 3009 2998 2995 3007 3013 3019 3009 3002 3000 3014 3012 3004
3016 3017 3031 3018 3020 3028 3037 3039 3013 3027 3037 3036 3056 3062 3084 3089 3083 3090 3087 3078 3084 3089 3097 3104 3096 3089 3109 3100 3092 3093 3101 3101 3095 3103 3098 3108 3099 3093 3090 3105 3101 3092 3078 3086 3088 3077 3076 3067 3037 3028 3023 3006 3005 3012 2997 3002 3016 3043 3021 3006 3018 3007 3002 3011
3003 2997 3009 3007 3014 3013 3016 3016 3017 3010 3005 3036 3038 3067 3080 3078 3073 3093 3084 3082 3092 3082 3088 3100 3086 3092 3085 3096 3102 3101 3095 3108 3104 3095 3111 3099 3089 3087 3104 3106 3093 3100 3089 3086 3110 3067 3089 3081 3044 3040 3019 3007 3012 3006 3008 3002 3011 3034 3022 3023 3006 3022 3026 3019
3006 3016 2999 2993 3002 3011 3006 3009 3011 2998 2989 3021 3045 3046 3071 3080 3072 3079 3072 3076 3075 3086 3099 3091 3091 3081 3088 3100 3096 3100 3102 3095 3102 3091 3095 3090 3093 3091 3094 3104 3110 3099 3102 3084 3086 3077 3081 3063 3035 3015 3013 3009 3010 3023 3008 3009 3015 3014 3007 3008 3020 3030 3020 3019
3016 3009 3003 3003 3009 3001 3021 3004 2994 3001 2998 3012 3033 3052 3067 3074 3067 3086 3073 3072 3082 3090 3073 3087 3096 3084 3099 3090 3099 3098 3089 3093 3076 3091 3091 3098 3094 3082 3102 3103 3100 3091 3083 3093 3082 3071 3077 3069 3035 3003 3004 3008 3004 3012 3015 3006 3004 3019 3004 3000 3007 3019 3012 3019
3009 2991 2999 3007 3009 3015 3007 3008 3001 3007 3018 3011 3020 3034 3074 3073 3083 3079 3065 3083 3074 3075 3074 3102 3104 3096 3089 3089 3103 3096 3101 3085 3094 3089 3099 3078 3077 3092 3107 3116 3087 3085 3087 3093 3091 3086 3062 3051 3021 3002 3010 2999 3003 3000 3000 2993 3003 3004 2999 3006 3015 3017 3004 3018
3004 3003 3002 2991 3017 3006 2995 3008 3025 3007 3022 3012 3022 3035 3047 3065 3068 3074 3064 3078 3066 3082 3081 3092 3096 3094 3093 3088 3083 3089 3097 3100 3103 3097 3093 3099 3093 3092 3086 3106 3100 3099 3075 3075 3078 3068 3068 3040 3029 3011 3008 3020 3003 2997 3002 2993 3000 2996 2999 2997 3005 2999 3001 3014
3010 3014 3014 3014 3009 3002 3004 3028 3017 3014 3005 3002 3013 3020 3035 3047 3066 3083 3077 3081 3087 3090 3089 3091 3094 3098 3088 3103 3092 3087 3093 3094 3098 3088 3093 3080 3092 3092 3104 3104 3093 3093 3078 3066 3067 3066 3053 3050 3030 3020 3028 3014 2998 2998 2996 2994 3007 2999 2997 3003 3005 2999 3006 3004
3005 3001 2998 3005 3012 2995 3000 3020 3007 2993 3007 2995 3008 3022 3035 3056 3072 3078 3076 3102 3080 3093 3094 3093 3100 3112 3111 3112 3086 3091 3095 3092 3082 3080 3078 3090 3090 3096 3097 3113 3105 3094 3093 3085 3076 3073 3050 3026 3024 3010 3015 3020 3003 2995 2999 3003 2989 3005 3009 3002 3017 3011 3020 3003
2996 2995 3022 3005 2999 2992 2995 3002 3000 2995 2996 2996 3013 3012 3013 3038 3072 3073 3082 3076 3082 3086 3106 3098 3101 3093 3098 3104 3093 3082 3093 3092 3087 3089 3083 3098 3083 3102 3092 3097 3106 3106 3087 3080 3068 3069 3052 3029 3015 3016 3013 3012 3000 3009 3014 3015 3020 3023 2998 2986 3018 3015 3029 3018
2996 3009 3004 2992 2998 3008 2998 2994 3000 3003 2994 3004 3020 3010 3011 3026 3057 3072 3060 3070 3078 3072 3094 3093 3098 3095 3106 3095 3081 3082 3099 3091 3086 3096 3095 3103 3100 3102 3106 3100 3085 3095 3091 3081 3072 3057 3031 3015 3006 3005 3008 3021 3021 3011 3009 3002 3009 3009 3007 3000 3012 3020 2994 2999
2987 2992 3008 2990 2978 2994 2991 2984 2994 3004 2996 3008 3006 3008 3002 3025 3057 3049 3073 3072 3082 3078 3084 3083 3092 3100 3113 3100 3102 3078 3090 3096 3091 3095 3094 3112 3110 3088 3094 3090 3090 3087 3077 3085 3069 3064 3040 3019 3003 3002 3011 3016 3019 3011 3004 3002 3005 2999 3002 3005 3010 3009 3005 3010
2985 2991 3000 3002 3000 3005 3011 3000 3009 2996 2990 2996 2991 3022 3008 3001 3033 3050 3074 3086 3077 3078 3090 3085 3096 3096 3099 3107 3082 3102 3097 3101 3098 3091 3103 3097 3099 3093 3103 3098 3100 3085 3094 3085 3044 3029 3020 3015 3015 3009 3001 3017 3013 3016 3004 3009 2990 3006 3013 2996 3004 3004 2997 2993
2989 2979 2987 2995 3009 3013 3011 3011 3017 3000 2993 2995 3007 2999 3012 3009 3026 3039 3074 3085 3078 3087 3091 3094 3097 3092 3102 3100 3100 3091 3102 3110 3084 3103 3096 3098 3100 3090 3109 3090 3092 3093 3084 3075 3037 3012 3022 3016 3009 2993 3000 3005 3019 3000 2998 2982 3009 3002 2995 3012 3008 2995 2993 3008
3010 3001 2985 2999 3005 3001 2999 3006 3018 3004 3002 2999 3006 3000 3008 3011 3018 3021 3050 3080 3100 3087 3088 3094 3094 3101 3104 3105 3099 3097 3105 3094 3098 3092 3094 3098 3095 3087 3098 3094 3083 3090 3080 3055 3041 3017 3008 3008 3020 3007 2996 3001 3007 3006 3006 3019 2996 3007 3013 3003 3004 3007 2993 3011
3000 2989 2983 2993 3001 2997 2991 2995 2998 3005 2999 3005 3019 3015 3008 3007 3012 3033 3036 3078 3079 3086 3093 3092 3092 3093 3102 3105 3111 3096 3085 3098 3083 3082 3094 3097 3108 3094 3098 3097 3082 3083 3068 3050 3031 3021 3014 3016 3005 3009 2999 2999 3010 2996 3002 3005 3013 3005 3005 2993 3013 3021 3006 3007
3013 2993 2979 2991 3003 2998 3007 2993 3005 3004 3006 3003 3009 3002 3004 3014 3009 3046 3049 3075 3077 3077 3081 3092 3106 3099 3101 3092 3115 3088 3100 3095 3093 3082 3078 3088 3096 3088 3092 3090 3097 3099 3084 3067 3044 3031 3010 3004 3005 3000 2994 3001 2990 3015 2997 2993 3015 3023 3015 2994 2998 3019 3005 2998
2990 2996 2979 2981 3004 3001 2996 3011 2994 2993 3003 3009 2997 3000 3002 2999 3016 3028 3045 3077 3074 3100 3099 3099 3091 3099 3089 3103 3105 3102 3109 3095 3083 3091 3068 3085 3095 3106 3106 3088 3085 3069 3082 3053 3048 3027 3019 3006 2998 2989 3004 3005 2997 2991 2990 2985 3016 3033 3006 3008 3022 2996 3002 2990
2997 3004 2996 2997 3004 3012 3001 3001 3010 2997 3008 3000 3008 2996 3003 3001 3011 3017 3041 3058 3079 3082 3098 3101 3087 3094 3099 3097 3085 3101 3100 3093 3094 3077 3093 3095 3094 3107 3097 3094 3086 3075 3059 3053 3028 3015 3008 3005 3016 3008 3013 3017 2997 2996 3006 2997 3015 3039 3025 2999 3010 3011 3007 3006
3022 2986 2991 2988 3004 3001 3008 3016 3005 2998 3001 2983 2998 3002 2997 2997 3010 3021 3042 3058 3070 3096 3098 3082 3095 3089 3083 3086 3093 3091 3096 3108 3081 3092 3097 3093 3099 3106 3103 3087 3085 3076 3069 3033 3026 3004 3008 3001 3007 3027 3010 3008 3001 2998 3012 3005 3012 3024 3017 3018 3026 3021 3005 3012
3008 2989 2985 3008 3017 3006 2992 2992 2979 2993 2984 3006 3008 3010 3003 3019 3002 3004 3044 3070 3078 3088 3084 3095 3089 3083 3079 3082 3085 3090 3099 3101 3098 3085 3104 3094 3097 3099 3088 3078 3095 3078 3068 3056 3037 3017 3015 3015 3025 3011 3002 3011 3007 3023 3004 3012 3003 3020 3017 3016 3023 3027 3011 3018
3004 3003 2990 2996 3006 2991 3006 2985 2978 2976 2973 2983 2999 3011 3004 3005 3005 3028 3062 3059 3083 3092 3088 3090 3082 3075 3084 3091 3083 3084 3082 3089 3097 3090 3110 3091 3090 3105 3075 3094 3085 3084 3069 3046 3020 3008 3014 3018 3002 2999 3001 3012 3025 3023 3024 2991 3004 3015 3025 3023 3028 3029 3033 3025
3003 2995 2993 3004 2996 2989 2996 2996 2993 2989 2996 3000 3002 3009 3009 3018 3022 3036 3060 3072 3094 3098 3089 3086 3086 3082 3097 3088 3088 3080 3094 3086 3097 3102 3101 3109 3091 3106 3084 3100 3084 3083 3078 3063 3046 3034 3020 3013 3020 3013 3008 3006 3011 3010 3001 3011 3017 3008 3017 3026 3030 3041 3024 3033
3010 3014 3006 3006 3001 3002 3017 3011 3002 3009 3011 3021 3014 3010 3011 3016 3031 3048 3061 3087 3098 3098 3089 3085 3091 3092 3101 3097 3090 3086 3106 3096 3099 3104 3103 3106 3107 3078 3100 3093 3089 3082 3081 3066 3058 3032 3033 3024 3004 3005 3006 2997 3014 3024 3006 3005 3003 3027 3026 3040 3023 3029 3035 3025
3000 3009 3010 3006 3012 2995 2995 3017 3013 3014 3010 3021 3026 3031 3027 3028 3044 3064 3072 3081 3091 3095 3092 3087 3094 3106 3107 3103 3099 3110 3079 3105 3098 3101 3100 3091 3094 3086 3102 3102 3101 3090 3085 3074 3065 3038 3037 3037 3019 3021 3020 3012 3002 3011 3007 3019 3029 3024 3018 3029 3024 3033 3038 3015
3001 3003 3001 2996 2995 3009 3006 3013 3023 3023 3012 3026 3045 3042 3050 3050 3064 3062 3075 3085 3089 3096 3093 3086 3096 3102 3101 3111 3091 3092 3100 3115 3100 3095 3094 3113 3115 3091 3092 3101 3108 3108 3098 3085 3068 3061 3042 3045 3047 3026 3022 3017 3019 3028 3026 3021 3014 3029 3033 3037 3025 3031 3039 3025
2997 2992 3002 3010 3008 3016 3004 3019 3031 3031 3020 3050 3050 3044 3064 3061 3083 3079 3091 3087 3096 3084 3100 3096 3106 3103 3101 3079 3096 3087 3103 3109 3103 3106 3106 3100 3097 3099 3091 3099 3108 3095 3100 3090 3065 3070 3061 3051 3066 3043 3032 3043 3024 3037 3029 3034 3036 3020 3033 3026 3037 3032 3034 3035
2985 2994 2994 3011 3029 3022 3026 3023 3034 3048 3045 3043 3045 3053 3061 3077 3100 3085 3091 3106 3105 3094 3097 3103 3092 3100 3084 3076 3093 3085 3102 3112 3096 3091 3101 3096 3106 3080 3093 3093 3091 3088 3088 3082 3090 3084 3064 3063 3065 3060 3062 3047 3054 3069 3052 3038 3036 3027 3030 3028 3040 3047 3035 3041
3007 3008 3020 3033 3023 3031 3028 3041 3049 3058 3054 3050 3045 3056 3065 3081 3101 3103 3090 3094 3100 3107 3104 3096 3106 3110 3107 3090 3095 3095 3092 3102 3097 3107 3092 3095 3099 3090 3091 3075 3084 3091 3085 3076 3085 3081 3064 3073 3072 3069 3069 3063 3061 3046 3055 3041 3053 3050 3044 3037 3056 3056 3056 3047
3027 3027 3039 3022 3043 3053 3040 3051 3063 3055 3064 3065 3063 3080 3074 3080 3107 3093 3094 3098 3094 3099 3099 3102 3103 3117 3088 3083 3088 3104 3084 3094 3081 3085 3099 3102 3098 3093 3106 3085 3098 3101 3095 3101 3085 3097 3077 3069 3072 3071 3063 3058 3050 3055 3059 3060 3072 3069 3063 3057 3054 3057 3047 3047
