3047 3052 3046 3046 3056 3055 3041 3071 3074 3077 3063 3042 3029 3018 3019 3029 3038 3019 3024 3018 3010 3015 3027 3030 3018 3028 3014 3017 3030 3013 3027 3007 3008 3003 3015 3020 3018 3007 3002 3006 3002 3027 3018 3001 3003 3019 3022 3028 3009 3018 3009 3015 2995 3002 3014 3019 3009 2995 3000 3013 3001 3001 2987 2997
3057 3046 3042 3042 3039 3044 3059 3058 3054 3057 3049 3047 3042 3032 3036 3028 3024 3029 3026 3022 3011 3019 3027 3017 3011 3023 3015 3022 3019 3022 3022 3013 3018 3009 3024 3014 3017 3015 3006 3004 3007 3007 3023 3019 3018 3020 3018 3017 3022 3004 3015 3017 3009 3021 3012 3003 3010 3007 3008 3009 2994 2997 2995 2987
3073 3055 3046 3029 3042 3034 3059 3037 3046 3035 3036 3034 3034 3045 3033 3036 3019 3019 3019 3025 3012 3016 3021 3013 3020 3027 3021 3013 3007 3008 3015 3009 3004 3017 3017 3012 3010 3012 3021 3015 3020 3019 3024 3024 3020 3023 3015 3007 3008 3011 3005 3004 3003 3003 3024 3012 3007 3012 2992 3012 3000 3018 3011 2992
3058 3038 3042 3037 3044 3041 3051 3049 3040 3035 3036 3035 3030 3045 3034 3040 3022 3028 3021 3015 3012 3014 3022 3025 3026 3025 3020 3040 3020 3007 3019 3011 3011 3011 3004 3009 3010 3011 3000 3011 3023 3032 3024 3005 3007 3023 3018 3004 3009 3002 3027 3002 3003 3004 3018 3016 3013 2993 3003 3001 3009 2990 2994 2999
3050 3039 3048 3032 3035 3040 3039 3054 3019 3026 3036 3028 3035 3025 3049 3026 3035 3025 3026 3012 3021 3015 3017 3006 3007 3025 3025 3016 3026 3016 3023 3012 3000 3012 3002 2994 3023 3007 3027 3023 3027 3035 3025 3028 3021 3033 3015 3036 3032 3006 3013 3010 3011 3007 3015 3020 3004 3017 3015 3003 2998 2986 3011 3017
3032 3039 3046 3043 3030 3034 3044 3024 3029 3040 3027 3030 3024 3030 3033 3026 3038 3027 3022 3031 3004 3003 3030 3012 3013 3015 3016 3031 3021 3032 3020 3023 3014 3003 3010 3020 3008 3022 3023 3021 3020 3039 3028 3033 3029 3042 3038 3026 3012 3009 3009 3008 3005 3018 3007 3014 3014 3002 3013 3021 2997 2998 3011 3013
3036 3039 3041 3032 3032 3033 3032 3051 3048 3035 3029 3037 3035 3029 3018 3018 3030 3028 3038 3018 3032 3026 3002 3014 3022 3026 3016 3000 3031 3017 3029 3020 3009 3020 3018 3035 3023 3034 3041 3032 3055 3044 3028 3037 3036 3053 3052 3038 3037 3019 3015 2998 3010 3003 3013 3016 3012 3008 3019 3014 3007 2998 3004 3027
3001 3020 3005 3002 3020 3008 3004 3008 3020 3013 3005 3010 3013 3011 3011 3002 3009 3003 3010 3023 3013 3015 3004 3008 3023 3020 3017 3021 3015 3013 3005 3016 3012 3014 3011 3024 3036 3040 3020 3044 3044 3022 3041 3041 3034 3040 3038 3029 3029 3007 3003 3034 3006 3007 3017 3011 3012 3021 3018 3003 3004 3003 3015 3018
2969 2969 2983 2977 2968 2978 2979 2985 2990 2994 2990 2994 2995 3004 3007 3005 2998 2991 3004 3004 3006 3019 3008 3009 3007 3000 3006 3001 3010 3003 3011 3005 3008 3010 3018 3015 3020 3030 3026 3026 3026 3039 3028 3027 3016 3022 3032 3035 3034 3022 3023 3038 3030 3026 3012 3005 2997 2999 3001 2996 2995 3000 3003 2997
2956 2971 2971 2964 2988 2983 2978 2972 2994 2992 2996 2988 2999 2988 2991 2988 2985 2997 3003 3006 2992 2990 2995 2988 3004 3005 3009 3017 3012 3006 3003 3002 3013 3010 3035 3026 3036 3034 3039 3023 3036 3030 3039 3020 3023 3034 3030 3020 3020 3035 3052 3037 3028 3032 3023 3000 3020 3025 3005 3014 3009 3012 3003 3000
2979 2975 2972 2979 2976 2983 2981 2986 2982 2990 2993 2993 2991 2986 2983 2982 2974 2987 2985 2974 2989 2991 3002 3000 2999 3001 3021 3019 3029 3023 3021 3012 3013 3024 3032 3039 3026 3037 3030 3033 3021 3029 3022 3021 3033 3028 3033 3027 3030 3035 3036 3019 3032 3038 3014 3025 3011 3016 3043 3028 3027 3026 3008 3003
2980 2969 2983 2981 2975 2982 2979 2990 2981 2994 3000 2975 2987 2987 2989 2996 2987 2976 2975 2980 2988 2980 2999 2995 3012 3023 3019 3012 3022 3020 3013 3007 3022 3024 3039 3042 3044 3022 3034 3027 3038 3036 3028 3058 3040 3035 3038 3039 3047 3031 3035 3042 3032 3029 3028 3024 3010 3010 3020 3022 3020 3022 3020 3010
2959 2969 2962 2970 2972 2982 2973 2977 2971 2978 2982 2993 2973 2980 2976 2988 3002 2984 2984 2980 2997 2992 2995 2985 3009 3008 3025 3018 3027 3001 3025 3037 3026 3041 3035 3037 3014 3016 3028 3042 3047 3036 3038 3043 3041 3048 3039 3043 3039 3030 3038 3037 3024 3019 3019 3027 3011 3008 3010 3024 3026 3003 3020 3005
2960 2970 2982 2975 2972 2970 2968 2976 2974 2974 2984 2979 2987 2979 2980 2981 2996 2984 2978 2986 2998 2986 2993 3003 3008 3004 3018 3028 3022 3020 3016 3030 3030 3029 3036 3040 3043 3037 3029 3023 3035 3037 3041 3041 3048 3062 3062 3047 3046 3046 3053 3039 3034 3030 3030 3043 3026 2994 3006 3015 3022 3014 3024 3020
2971 2977 2980 2969 2978 2982 2976 2974 2958 2964 2968 2975 2998 2981 2975 2982 2988 2979 2969 2984 2982 2988 2988 2988 3015 3019 3023 3014 3025 3018 3020 3035 3032 3056 3041 3040 3039 3050 3040 3046 3037 3027 3022 3033 3045 3073 3047 3060 3051 3044 3050 3036 3038 3026 3037 3042 3019 2999 3034 3033 3030 3022 3012 3003
2992 2972 2973 2984 2972 2980 2979 2971 2966 2984 2979 2993 2986 2994 2974 2986 2968 2971 2975 2986 2989 2991 2999 2982 3000 3013 3030 3032 3012 3013 3021 3027 3044 3043 3033 3041 3034 3051 3030 3039 3036 3020 3028 3032 3062 3058 3061 3058 3063 3059 3042 3056 3040 3029 3039 3044 3021 3022 3008 3020 3045 3028 3025 3028
2975 2978 2981 2975 2979 2992 2983 2973 2984 2979 2998 2991 3016 3004 3002 2997 2986 2980 2984 2981 2984 2987 2993 2991 3002 3014 3026 3037 3019 3013 3019 3028 3026 3038 3043 3036 3048 3038 3016 3028 3022 3035 3035 3036 3039 3057 3063 3064 3051 3044 3062 3055 3043 3038 3031 3050 3022 3015 3024 3029 3026 3025 3018 3027
2983 2976 2993 2981 2986 2980 2987 2996 2991 2997 2997 3005 2990 2995 2985 2994 2977 2988 2982 2999 2998 2990 2986 2996 3013 3022 3017 3019 3035 3022 3019 3032 3022 3042 3043 3039 3048 3034 3026 3028 3034 3033 3038 3040 3046 3061 3063 3069 3054 3057 3049 3044 3037 3039 3041 3038 3032 3029 3023 3026 3020 3022 3028 3021
2992 2995 2983 2991 2988 2980 2980 2988 2980 2990 2993 2988 2996 2999 2983 2994 2982 2986 2993 2998 2991 2990 3006 3006 3006 3031 3027 3040 3031 3013 3025 3021 3013 3028 3063 3040 3039 3028 3031 3027 3039 3029 3036 3039 3058 3061 3063 3059 3061 3050 3038 3051 3042 3031 3040 3036 3038 3038 3030 3032 3025 3022 3010 3019
2982 3003 2982 2995 3001 2999 3007 2983 2982 2994 2990 2997 2988 3004 2999 2996 2984 2987 2999 3009 3001 3003 2995 3005 3010 3020 3022 3035 3027 3040 3025 3034 3035 3015 3029 3040 3028 3022 3033 3030 3021 3047 3050 3052 3061 3063 3070 3052 3066 3053 3053 3053 3050 3043 3040 3038 3045 3040 3039 3021 3027 3025 3023 3031
2995 3000 3002 3007 3001 3018 3011 3004 2990 2994 3001 2995 3011 3004 3003 2994 2993 2996 2989 2981 2984 3003 2996 2989 2997 3001 3025 3028 3040 3022 3037 3024 3014 3016 3028 3020 3032 3035 3040 3052 3032 3038 3039 3050 3063 3080 3063 3062 3069 3061 3053 3054 3051 3055 3027 3039 3048 3042 3025 3019 3027 3028 3014 3009
2995 2998 2990 3004 2997 2995 2998 2990 2991 2994 2997 2994 3004 2995 2995 2997 2982 2987 2989 2997 2997 2997 2975 2988 2991 3008 3021 3032 3031 3027 3025 3026 3026 3027 3019 3050 3029 3022 3036 3049 3045 3036 3060 3060 3067 3071 3067 3074 3058 3054 3056 3050 3047 3044 3045 3046 3037 3044 3025 3022 3039 3030 3012 3015
2989 2993 3016 3002 2983 2989 3006 2977 2992 2981 2996 2984 2989 2995 2987 2998 2989 2994 2991 2990 2993 2989 2988 2992 2989 3005 3024 3039 3034 3035 3028 3014 3022 3032 3030 3040 3033 3045 3037 3038 3037 3045 3057 3076 3067 3063 3082 3071 3059 3058 3049 3054 3049 3043 3064 3067 3048 3051 3036 3029 3021 3022 3027 3019
2996 2996 3003 2995 2988 3003 2988 2994 2990 2998 2985 2994 2980 2988 2989 2989 2980 2993 3001 2982 2983 2991 2987 2998 2994 3001 3021 3022 3026 3036 3042 3033 3049 3043 3051 3049 3062 3069 3052 3051 3053 3052 3062 3075 3071 3075 3080 3059 3054 3071 3057 3053 3055 3067 3074 3065 3061 3052 3035 3035 3028 3013 3016 3009
2994 3003 3001 2999 3010 2987 3000 3001 2997 2992 3005 3009 3013 3004 3018 3006 2995 3001 3006 2995 2986 2981 2989 2997 3005 2998 3021 3027 3045 3047 3057 3046 3060 3064 3049 3059 3072 3071 3071 3076 3072 3074 3060 3080 3075 3084 3086 3064 3066 3059 3064 3067 3074 3070 3071 3067 3053 3046 3034 3045 3028 3013 3011 3005
2993 2989 2988 2997 3004 2993 2990 3005 3007 2997 2998 3008 3004 3009 2995 3000 2990 2995 2989 2998 2994 2992 3007 2999 3008 3016 3018 3022 3045 3061 3055 3059 3058 3068 3070 3068 3076 3069 3061 3065 3067 3077 3095 3086 3091 3075 3081 3079 3081 3076 3071 3083 3079 3085 3065 3065 3058 3045 3050 3039 3025 3027 3016 3009
2999 3003 2995 2998 2988 2986 2995 2997 3006 2999 2991 2999 2986 3005 2998 2988 2999 2995 2995 2999 2992 2996 2996 2991 3003 3014 3021 3034 3041 3054 3075 3076 3079 3078 3080 3099 3074 3097 3063 3064 3081 3091 3094 3090 3096 3080 3094 3093 3089 3073 3069 3084 3089 3093 3091 3072 3043 3053 3034 3036 3026 3029 3014 3011
2991 2995 3000 2979 3001 2993 2997 2993 2993 2980 2989 3000 2994 2998 2973 3004 2990 2989 2997 2994 2995 2991 3004 3011 3011 3013 3011 3027 3053 3060 3071 3063 3061 3069 3091 3097 3078 3089 3089 3080 3082 3095 3098 3103 3080 3090 3106 3090 3089 3085 3091 3094 3095 3099 3080 3065 3059 3033 3023 3034 3029 3021 3021 3010
3005 3002 2998 2995 3001 3002 3007 2996 2988 2996 3002 3002 2979 2988 2997 3003 3000 3005 2986 2980 2993 2995 2999 3020 3000 3019 3013 3028 3064 3066 3069 3074 3067 3071 3081 3079 3079 3079 3091 3096 3085 3095 3082 3096 3085 3103 3086 3083 3090 3090 3094 3085 3080 3091 3091 3082 3066 3030 3030 3026 3026 3007 3007 3021
3002 2998 2998 2998 3005 2995 2996 3001 2993 2997 2987 2985 3001 2994 3009 3006 2995 2992 2990 2995 3000 2992 2993 3002 3014 3008 3016 3028 3049 3060 3074 3068 3065 3068 3058 3073 3076 3088 3090 3094 3089 3079 3089 3090 3078 3085 3084 3082 3076 3083 3076 3081 3079 3091 3100 3079 3062 3027 3039 3036 3033 3013 3016 3006
2996 2989 2998 3001 2998 3007 2998 2998 3006 2995 2982 3002 3005 2989 2998 2999 3011 2997 2997 2988 3004 2991 2997 2997 2996 3007 3018 3020 3046 3056 3073 3078 3068 3076 3072 3082 3089 3068 3092 3082 3091 3091 3086 3080 3073 3092 3080 3093 3088 3075 3082 3090 3084 3094 3090 3098 3073 3028 3029 3019 3015 3005 3009 3013
3001 3002 3002 3001 3002 3010 2999 2993 3002 2995 3007 2989 2999 2999 3012 3006 3017 2998 3006 3002 2992 2995 2998 2996 2999 3005 3007 3029 3049 3053 3065 3081 3071 3063 3074 3070 3085 3081 3090 3085 3087 3084 3080 3083 3066 3084 3080 3083 3099 3086 3082 3090 3087 3085 3088 3076 3064 3049 3032 3016 3024 3016 3007 3021
2995 3002 3004 3003 3008 3000 2989 2998 3001 2997 2999 3008 2993 2991 2980 2998 3011 3007 3000 3003 2994 2989 3010 2997 3004 2981 3006 3029 3035 3064 3058 3069 3084 3082 3074 3078 3079 3084 3083 3077 3072 3093 3099 3099 3090 3081 3096 3085 3081 3076 3085 3077 3091 3083 3090 3077 3060 3047 3026 3013 3032 3031 3018 3005
3007 2998 2995 3009 3015 3006 3010 2999 3007 2991 2994 2998 2995 3000 2997 2998 2993 3000 3013 2997 3012 2991 3004 2993 2991 3009 3010 3019 3026 3044 3058 3074 3061 3074 3087 3082 3090 3078 3084 3074 3096 3086 3092 3095 3086 3087 3081 3087 3073 3081 3071 3080 3081 3077 3078 3069 3058 3029 3032 3012 3020 3023 3017 3015
2995 2999 2992 3005 3001 2999 3007 3003 2983 2987 2988 2997 3000 3001 3006 2996 2990 2996 2985 2992 3013 3008 3005 2985 2991 3000 3008 3008 3024 3032 3051 3065 3059 3087 3088 3084 3087 3073 3090 3085 3075 3084 3089 3090 3077 3086 3079 3084 3073 3080 3080 3079 3089 3104 3072 3069 3053 3024 3032 3022 3021 3009 3004 3001
2985 2994 2987 2989 3002 3004 2999 2995 2981 2982 2992 2980 2995 2993 2991 2980 2995 2993 2995 2972 2999 2993 2998 3003 3009 3009 3009 3005 3008 3006 3053 3056 3060 3059 3084 3084 3091 3101 3077 3075 3090 3087 3081 3090 3086 3098 3087 3071 3092 3080 3091 3082 3087 3094 3081 3079 3047 3021 3027 3017 3019 3013 3012 2995
2994 3006 2994 3004 3003 2987 2993 2982 2996 2993 2983 2981 2999 3001 2978 2985 2984 2994 3005 2991 2974 2991 2998 3010 2995 3012 2986 3005 3007 3007 3025 3043 3058 3068 3082 3087 3074 3079 3076 3082 3095 3089 3092 3092 3082 3093 3090 3082 3090 3077 3077 3079 3077 3078 3071 3072 3057 3016 3031 3019 3023 3013 3011 3001
3007 3003 2996 3009 2989 2981 2989 2993 2998 2988 2996 3006 3006 2992 2992 3000 2989 2983 3004 2997 2983 3001 3003 3014 2989 3010 2993 2989 3004 2997 3021 3031 3047 3060 3073 3080 3072 3059 3056 3086 3079 3081 3082 3085 3086 3092 3095 3094 3085 3077 3092 3063 3079 3080 3084 3074 3044 3027 3027 3027 3012 3025 3009 3019
2981 2995 3016 3007 2997 2986 2987 2983 2986 2985 2983 2994 2993 3004 3002 3007 2989 3001 2998 2990 3007 3003 3013 3018 3003 2998 3009 2995 2998 2994 3004 3009 3042 3057 3069 3082 3060 3065 3078 3074 3079 3083 3089 3094 3089 3094 3093 3083 3085 3070 3091 3080 3072 3066 3073 3058 3044 3038 3027 3015 3019 3020 3025 3005
2983 2995 3008 2994 2998 2972 2976 2985 2987 2988 2985 2989 2996 3006 2991 2996 3005 2998 2993 3002 3008 2992 3007 3005 3013 3002 2995 3002 2982 2992 2991 3017 3038 3050 3058 3066 3090 3069 3078 3073 3073 3078 3081 3097 3080 3081 3084 3099 3093 3075 3071 3084 3072 3070 3054 3069 3043 3033 3039 3030 3027 3021 3010 2999
2999 2992 3005 2996 2992 2985 2981 2975 2983 2985 2988 2985 3011 2990 2989 2995 3011 2998 2995 3008 3007 3026 3017 3015 3012 3000 3000 3004 2979 2994 2995 3022 3031 3048 3072 3068 3065 3074 3063 3073 3067 3074 3081 3075 3071 3070 3096 3082 3097 3083 3079 3089 3082 3083 3067 3072 3047 3052 3037 3048 3036 3025 3019 3002
2997 2998 2999 2988 2986 2993 2979 2977 2978 2984 2989 2999 2990 2999 2994 2985 2990 2995 3003 3005 3000 3004 3028 3036 3028 3013 2993 2996 3008 3004 3011 3013 3036 3038 3047 3068 3075 3060 3062 3081 3077 3075 3085 3086 3086 3071 3091 3092 3091 3082 3083 3093 3074 3069 3058 3053 3057 3055 3042 3045 3035 3020 3013 3013
2993 3001 3009 2996 2992 2994 2982 2988 2982 2993 2977 2997 2994 2985 2991 2990 2979 2999 3001 3001 2999 3001 3018 3017 3012 3006 3002 2996 3005 3008 3006 3000 3025 3041 3049 3061 3059 3068 3073 3070 3081 3076 3099 3088 3089 3083 3080 3079 3083 3076 3074 3089 3071 3068 3045 3033 3038 3042 3036 3039 3039 3031 3014 3021
2981 2996 3000 2997 2983 2976 2991 2995 2984 2975 2990 2995 2994 2991 2981 2996 3011 2996 2988 2994 3018 3023 3020 3019 3038 3021 3008 3012 3015 3004 3019 3022 3021 3055 3048 3082 3073 3067 3076 3077 3092 3090 3072 3088 3081 3101 3089 3095 3070 3084 3073 3088 3075 3067 3034 3018 3026 3034 3037 3037 3038 3029 3025 3035
2994 3001 3000 2990 2985 2995 2992 2999 3000 2991 2991 3003 3000 2991 2987 3004 2985 3004 2994 3011 3039 3044 3040 3036 3033 3021 3003 3009 3002 3020 3012 3032 3026 3053 3055 3072 3076 3080 3067 3085 3086 3070 3085 3091 3090 3093 3089 3091 3084 3077 3078 3071 3062 3052 3031 3021 3043 3036 3031 3043 3030 3037 3028 3023
2995 2991 2993 2984 2982 2990 3003 2998 2981 3017 3004 3011 3006 3015 2991 2999 3018 3013 2998 3019 3044 3059 3051 3043 3038 3018 3011 3013 3010 3013 3022 3020 3019 3047 3070 3075 3069 3069 3073 3082 3070 3068 3084 3093 3084 3073 3092 3083 3100 3090 3084 3064 3050 3041 3047 3025 3030 3040 3041 3050 3027 3038 3038 3024
3003 3001 2989 2989 2994 2979 2998 2994 2989 2996 3015 3001 2998 2997 3006 3014 3026 3018 3005 3021 3035 3034 3035 3037 3028 3015 3013 3005 2999 3008 3024 3031 3029 3045 3052 3086 3089 3068 3085 3075 3089 3087 3096 3089 3088 3089 3085 3077 3083 3086 3079 3069 3054 3051 3031 3020 3027 3019 3035 3041 3026 3017 3016 3024
2985 2994 2989 2981 3000 2992 2991 2991 3004 3014 3008 3019 2989 3012 3018 3009 3024 3033 3038 3025 3036 3020 3025 3036 3036 3015 3018 3008 2998 3017 3031 3035 3042 3036 3067 3082 3079 3092 3080 3078 3093 3086 3088 3094 3095 3087 3087 3080 3086 3080 3084 3054 3056 3027 3030 3023 3021 3032 3024 3039 3027 3015 3022 3025
2976 2990 2995 3003 2997 3003 2994 2995 3018 3004 2994 3005 3010 3005 3000 3027 3017 3015 3032 3033 3035 3026 3029 3024 3038 3033 3011 3003 3006 3005 3033 3028 3034 3050 3066 3074 3099 3100 3080 3085 3095 3088 3090 3092 3097 3078 3089 3065 3089 3075 3062 3056 3049 3028 3033 3019 3019 3020 3028 3018 3015 3012 3002 3022
2981 2994 2989 3001 3003 2995 3000 3015 3007 3004 2998 3007 3016 3019 3017 3013 3009 3023 3022 3045 3016 3043 3012 3043 3045 3026 3024 3008 3006 3023 3031 3048 3050 3064 3076 3074 3083 3099 3086 3081 3079 3072 3090 3084 3074 3081 3075 3071 3077 3075 3062 3035 3037 3020 3021 3019 3023 3025 3012 3018 3009 3002 3015 3023
2988 2997 2982 3001 3016 2993 2985 2996 2985 3003 2999 3004 3022 3008 3011 3017 2998 3022 3016 3022 3018 3048 3033 3041 3040 3040 3038 3028 3022 3014 3033 3049 3053 3074 3089 3083 3082 3090 3069 3083 3078 3077 3088 3089 3092 3090 3069 3091 3075 3081 3066 3045 3024 3029 3018 3017 3013 3022 3012 3020 3015 3024 3015 3015
3001 2994 2997 3008 3008 2991 2993 2996 2992 2992 2980 3001 3015 3016 3004 3003 3001 3011 3008 3015 3019 3023 3026 3033 3039 3033 3036 3036 3026 3010 3043 3055 3057 3077 3074 3094 3089 3100 3087 3083 3084 3076 3075 3079 3087 3076 3076 3073 3083 3078 3073 3047 3038 3037 3024 3010 3024 3016 3024 3028 3018 3040 3024 3018
3002 3002 2995 2994 3006 2995 3002 2999 2998 3017 2997 2995 3005 3020 3015 3012 3002 3012 3023 3025 3049 3033 3034 3033 3032 3045 3043 3042 3030 3035 3035 3054 3078 3081 3079 3085 3085 3080 3085 3086 3083 3088 3088 3083 3085 3073 3068 3066 3079 3073 3066 3066 3054 3040 3044 3045 3038 3038 3034 3015 3037 3036 3031 3024
3010 3004 2998 3007 3009 3003 3013 3010 3008 3003 2998 3003 3015 3022 3010 3002 2994 2990 3026 3032 3027 3040 3030 3028 3036 3049 3042 3044 3043 3037 3062 3063 3094 3093 3084 3079 3074 3078 3080 3087 3083 3080 3096 3086 3087 3089 3076 3079 3078 3068 3072 3072 3067 3053 3048 3060 3040 3061 3034 3019 3038 3059 3053 3046
3003 2997 2994 2992 2999 3002 3010 2994 2995 2994 2996 2994 3009 3005 3012 3010 3009 3010 3019 3023 3025 3035 3037 3032 3033 3044 3048 3050 3041 3057 3060 3058 3080 3086 3086 3095 3070 3075 3080 3079 3081 3081 3084 3081 3081 3095 3068 3091 3083 3074 3078 3073 3076 3063 3074 3052 3058 3038 3035 3030 3051 3048 3053 3040
2995 2983 2980 2991 3014 3013 2992 2980 2988 2987 2996 2999 3009 3011 3017 3015 3014 3033 3014 3024 3040 3041 3037 3039 3040 3058 3039 3054 3043 3062 3074 3070 3071 3086 3087 3074 3081 3074 3072 3077 3083 3087 3083 3071 3086 3081 3078 3083 3076 3078 3071 3064 3073 3061 3062 3057 3051 3046 3059 3036 3044 3042 3059 3051
3015 3004 3004 3002 3008 2988 2994 2998 2987 3003 3009 3013 3011 3019 3004 3027 3032 3025 3024 3036 3040 3052 3034 3048 3056 3053 3060 3055 3057 3062 3050 3063 3072 3075 3082 3076 3094 3075 3072 3086 3074 3083 3085 3074 3088 3085 3072 3061 3061 3076 3073 3059 3073 3066 3069 3056 3053 3069 3045 3057 3041 3069 3061 3062
3010 3010 3003 3006 2992 3000 3002 3002 3013 3006 3001 3002 3012 3017 3023 3037 3045 3055 3058 3049 3057 3056 3056 3054 3067 3045 3051 3067 3063 3055 3064 3069 3066 3082 3084 3087 3075 3088 3079 3109 3073 3082 3078 3073 3091 3067 3068 3054 3077 3058 3060 3058 3057 3061 3089 3070 3066 3065 3059 3074 3062 3076 3075 3066
3001 3012 3006 3006 3015 3004 3004 3004 2999 3012 2992 3010 3019 3026 3042 3048 3063 3055 3056 3049 3057 3060 3059 3070 3059 3062 3064 3064 3070 3060 3061 3064 3062 3063 3072 3082 3072 3072 3078 3085 3069 3076 3076 3067 3083 3081 3058 3055 3063 3072 3071 3065 3058 3061 3068 3066 3058 3063 3066 3060 3067 3066 3060 3073
3002 3015 3026 3001 3012 3012 3022 3008 2993 3016 3007 3017 3043 3044 3041 3064 3071 3065 3051 3055 3064 3065 3068 3061 3066 3067 3055 3065 3069 3080 3072 3070 3065 3059 3076 3069 3071 3079 3067 3089 3078 3063 3077 3078 3078 3088 3070 3065 3053 3054 3055 3059 3034 3042 3067 3063 3067 3075 3062 3058 3055 3048 3060 3059
3002 2999 2995 3000 3003 3001 3013 3019 3008 3026 3024 3035 3046 3050 3045 3070 3075 3071 3060 3067 3069 3057 3060 3081 3065 3060 3064 3066 3066 3066 3066 3064 3072 3071 3066 3065 3055 3065 3068 3078 3079 3074 3067 3082 3080 3063 3053 3060 3043 3055 3069 3070 3072 3055 3071 3072 3067 3068 3084 3073 3075 3069 3067 3067
3002 2999 2997 2988 2999 2998 3013 3015 3023 3024 3042 3052 3050 3065 3058 3063 3058 3066 3070 3058 3079 3070 3059 3062 3066 3060 3058 3057 3064 3057 3062 3069 3074 3076 3057 3062 3067 3061 3072 3082 3069 3085 3074 3065 3075 3057 3068 3050 3051 3055 3054 3077 3074 3073 3073 3065 3068 3066 3085 3090 3072 3058 3059 3071
2995 2997 2990 3013 3012 3020 3022 3011 3029 3041 3047 3045 3054 3069 3059 3061 3061 3065 3055 3061 3076 3062 3053 3076 3061 3067 3079 3066 3063 3064 3072 3076 3069 3066 3076 3064 3064 3054 3064 3061 3060 3074 3072 3073 3077 3056 3050 3063 3050 3048 3063 3076 3064 3069 3082 3083 3066 3067 3072 3075 3079 3057 3073 3063
2975 2990 2999 3008 3020 3022 3010 3016 3032 3049 3066 3059 3049 3067 3058 3068 3062 3065 3062 3068 3072 3065 3076 3078 3070 3081 3063 3074 3060 3090 3087 3082 3072 3075 3057 3071 3067 3058 3064 3061 3068 3075 3061 3055 3078 3081 3068 3050 3052 3051 3065 3065 3076 3052 3074 3071 3075 3061 3081 3081 3073 3070 3084 3064
