3047 3065 3065 3061 3058 3068 3071 3068 3063 3048 3033 3047 3041 3056 3047 3052 3061 3055 3053 3067 3066 3059 3070 3065 3064 3055 3067 3056 3052 3057 3062 3061 3068 3071 3064 3062 3057 3063 3051 3055 3045 3034 3049 3051 3033 3035 3032 3035 3028 3031 3043 3029 3014 3028 3021 3009 3012 3005 3013 3023 3023 3036 3028 3023
3068 3056 3057 3070 3066 3051 3049 3056 3051 3057 3050 3036 3037 3050 3055 3054 3046 3056 3059 3046 3057 3056 3061 3054 3066 3066 3075 3059 3063 3067 3055 3064 3066 3067 3050 3066 3065 3071 3077 3052 3049 3032 3048 3053 3042 3044 3043 3045 3029 3025 3031 3027 3020 3022 3026 3012 2995 3013 3010 3010 3017 3024 3019 3022
3062 3058 3066 3053 3067 3048 3056 3066 3045 3056 3056 3053 3033 3037 3056 3058 3073 3065 3074 3045 3041 3061 3059 3068 3065 3066 3073 3074 3073 3057 3069 3069 3052 3052 3062 3069 3057 3055 3069 3057 3056 3049 3057 3053 3051 3037 3033 3037 3039 3036 3032 3018 3026 3030 3024 3027 3022 3034 3001 3003 3009 3007 3008 3012
3068 3062 3055 3047 3051 3050 3043 3057 3055 3050 3052 3048 3044 3055 3044 3054 3066 3044 3057 3062 3049 3042 3058 3065 3064 3065 3061 3044 3058 3063 3073 3072 3071 3058 3066 3071 3058 3059 3079 3074 3057 3053 3065 3048 3053 3042 3041 3043 3045 3027 3035 3002 3015 3010 3018 3019 3008 3011 3014 3016 3017 3009 3015 3014
3050 3052 3042 3046 3047 3053 3051 3050 3046 3046 3063 3049 3043 3031 3048 3050 3055 3055 3058 3039 3051 3050 3064 3073 3067 3058 3061 3071 3058 3062 3084 3077 3069 3063 3063 3071 3080 3078 3085 3080 3066 3067 3072 3073 3056 3042 3042 3047 3028 3032 3031 3021 3011 3002 3029 3008 3016 3008 3024 3025 3033 3034 3017 3028
3052 3049 3027 3050 3053 3038 3051 3052 3040 3047 3050 3052 3040 3053 3042 3059 3048 3051 3049 3042 3048 3059 3045 3058 3083 3074 3064 3068 3078 3072 3080 3087 3090 3082 3082 3097 3090 3096 3085 3087 3093 3080 3075 3067 3072 3050 3047 3030 3042 3042 3032 3028 3024 3025 3006 3001 3001 3018 3024 3031 3034 3018 3010 3016
3033 3031 3035 3030 3039 3045 3033 3035 3059 3047 3023 3040 3045 3039 3040 3042 3057 3049 3054 3035 3060 3054 3047 3070 3088 3085 3060 3064 3078 3089 3088 3082 3082 3086 3089 3097 3105 3099 3095 3096 3091 3083 3085 3093 3066 3074 3047 3055 3056 3040 3040 3039 3030 3024 3028 3012 3014 3021 3012 3036 3024 3026 3014 3017
3011 3006 2997 3018 3015 3020 3011 3015 3020 3011 3016 3022 3031 3058 3039 3037 3039 3033 3035 3028 3039 3060 3055 3071 3085 3082 3080 3074 3084 3095 3082 3093 3094 3099 3091 3101 3092 3093 3092 3095 3093 3090 3094 3087 3085 3068 3064 3041 3036 3041 3041 3020 3021 3009 3014 3009 3024 3015 3017 3019 3029 3024 3021 3016
2982 2971 2963 2980 2975 2974 2974 2990 2991 2988 2998 2992 2996 3025 3020 3018 3029 3019 3008 3028 3027 3055 3062 3080 3084 3081 3072 3082 3091 3088 3092 3090 3092 3094 3086 3086 3082 3075 3090 3095 3084 3087 3080 3083 3093 3089 3061 3048 3028 3024 3031 3040 3008 2998 3013 3011 3014 3018 3009 2998 3023 3024 3016 3025
2987 2975 2970 2964 2967 2977 2975 2983 2990 2993 2982 2988 3000 3002 3012 3013 3003 3015 3021 3015 3022 3055 3063 3071 3070 3074 3080 3076 3085 3088 3094 3092 3089 3091 3076 3087 3076 3091 3088 3100 3089 3082 3100 3091 3097 3084 3057 3054 3039 3040 3027 3030 3019 3010 3016 3015 3010 3009 3009 3014 3009 3010 3009 3009
2975 2970 2987 2963 2954 2980 2977 2978 2981 2987 2986 2990 3011 3013 3015 3022 3015 3020 3037 3033 3030 3057 3071 3071 3064 3077 3064 3090 3095 3104 3087 3092 3102 3089 3097 3078 3083 3093 3093 3084 3094 3080 3089 3081 3082 3083 3059 3052 3038 3039 3030 3050 3023 3023 3025 3033 3015 3005 3012 3018 3009 2999 3016 3001
2978 2984 2984 2979 2971 2987 2978 2975 2980 2991 2996 2995 3018 3021 3019 3005 3007 3025 3035 3044 3047 3062 3080 3080 3071 3076 3071 3082 3089 3090 3093 3100 3094 3094 3091 3090 3078 3078 3085 3085 3095 3097 3105 3091 3084 3082 3090 3055 3049 3043 3036 3039 3035 3038 3030 3021 3018 3001 3015 3015 3009 3008 3013 3005
2977 2972 2980 2972 2976 2975 2991 2986 2969 2989 3000 3005 3008 3007 3013 3018 3010 3009 3014 3026 3051 3051 3080 3092 3076 3073 3069 3062 3076 3086 3103 3096 3094 3091 3094 3088 3075 3072 3101 3097 3097 3094 3105 3096 3092 3078 3084 3074 3056 3032 3047 3037 3038 3040 3042 3033 3018 2990 3021 3031 3017 3019 3011 3012
2987 2979 2985 2986 2991 2974 2988 2987 2972 2988 2998 3004 3017 3004 3019 3020 3020 3024 3033 3045 3047 3065 3070 3084 3097 3082 3070 3082 3088 3097 3095 3088 3089 3090 3097 3082 3086 3080 3079 3106 3102 3096 3094 3113 3091 3085 3093 3080 3074 3047 3052 3051 3043 3035 3042 3034 3026 3008 3016 3014 3013 3014 3015 3009
2983 2984 2981 2980 2984 2988 2993 2991 2989 2992 3001 3002 3014 3026 3036 3034 3034 3028 3021 3038 3059 3076 3080 3078 3093 3082 3079 3093 3083 3100 3098 3088 3079 3080 3087 3096 3099 3087 3088 3091 3101 3109 3106 3105 3100 3090 3086 3096 3072 3061 3062 3064 3045 3039 3032 3028 3028 3021 3017 2999 3006 3011 3012 3011
2984 2991 3002 2997 2990 3007 2997 2996 2992 3020 3004 3023 3028 3036 3042 3029 3036 3034 3038 3048 3070 3066 3085 3086 3090 3090 3082 3092 3096 3104 3084 3092 3078 3092 3093 3083 3082 3084 3083 3088 3100 3111 3098 3090 3098 3092 3100 3095 3072 3060 3079 3066 3058 3038 3032 3031 3021 3026 3018 3004 3016 3014 3022 3008
2987 3014 3032 3015 3011 3008 3016 3005 3022 3023 3010 3021 3037 3035 3033 3038 3033 3041 3043 3040 3074 3082 3092 3082 3087 3087 3087 3092 3092 3087 3081 3094 3100 3094 3095 3089 3094 3086 3093 3082 3098 3089 3085 3075 3099 3088 3076 3076 3091 3084 3087 3083 3065 3044 3053 3040 3041 3024 3023 3023 3009 3022 3024 3009
3009 3017 3010 3007 3011 3007 3005 3000 3011 3004 3028 3019 3010 3028 3028 3039 3047 3033 3039 3044 3072 3077 3095 3093 3098 3090 3097 3073 3084 3091 3095 3093 3095 3101 3105 3080 3089 3092 3086 3093 3096 3097 3084 3081 3084 3082 3071 3094 3080 3086 3087 3097 3067 3065 3058 3043 3034 3025 3007 3006 3016 3030 3004 3016
3003 3009 3024 3006 3004 3003 3006 3000 2995 3015 3019 3006 3022 3021 3036 3030 3044 3045 3034 3051 3060 3086 3096 3082 3088 3082 3078 3075 3087 3080 3086 3080 3102 3088 3095 3095 3098 3090 3072 3098 3091 3101 3096 3083 3075 3066 3079 3081 3080 3082 3091 3097 3079 3078 3061 3033 3030 3032 3024 3009 3006 3011 3014 3029
3015 3015 3015 3008 3002 3008 2998 2994 3013 3019 3004 3033 3021 3036 3028 3044 3051 3048 3041 3046 3058 3075 3080 3086 3078 3087 3079 3098 3083 3081 3089 3082 3074 3093 3091 3090 3094 3094 3073 3083 3096 3096 3093 3084 3074 3075 3075 3091 3092 3093 3075 3073 3072 3068 3060 3033 3033 3023 3008 3024 3017 3012 3025 3006
3011 3012 3019 3023 3014 3011 2996 3012 3012 3030 3031 3029 3036 3020 3044 3044 3062 3054 3060 3075 3072 3071 3077 3086 3083 3076 3101 3088 3101 3087 3086 3078 3082 3086 3083 3097 3093 3106 3094 3091 3093 3087 3089 3101 3079 3068 3086 3081 3072 3085 3091 3068 3082 3078 3040 3026 3036 3041 3025 3019 3008 3018 3016 3016
3016 3025 3028 3015 3017 3024 3013 3023 3016 3022 3018 3029 3024 3045 3048 3054 3052 3062 3067 3076 3071 3079 3076 3071 3086 3097 3092 3094 3091 3086 3081 3096 3076 3099 3084 3080 3082 3090 3095 3096 3100 3093 3099 3092 3074 3071 3077 3083 3081 3079 3088 3084 3083 3077 3047 3030 3040 3036 3031 3029 3014 3020 3011 3023
3028 3021 3026 3030 3021 3029 3019 3022 3003 3021 3012 3018 3026 3027 3056 3069 3060 3075 3079 3084 3073 3070 3075 3077 3076 3076 3068 3092 3087 3077 3088 3083 3091 3095 3089 3091 3070 3093 3081 3082 3088 3097 3090 3084 3084 3085 3083 3088 3079 3081 3075 3092 3072 3082 3062 3044 3039 3018 3029 3023 3009 2992 3005 3023
3016 3008 3005 3024 3035 3014 3026 3019 3013 3010 3008 3015 3009 3023 3044 3048 3068 3078 3087 3078 3085 3081 3094 3087 3089 3072 3085 3077 3082 3095 3085 3093 3097 3105 3081 3087 3077 3086 3083 3087 3094 3102 3099 3090 3071 3076 3087 3077 3093 3083 3080 3083 3078 3073 3057 3043 3030 3026 3030 3027 3025 3001 3005 3019
3023 3004 3001 3001 3005 3003 3007 3004 3011 3016 3003 3009 3014 3032 3039 3062 3074 3085 3083 3088 3099 3087 3106 3095 3089 3088 3081 3074 3081 3078 3082 3091 3098 3092 3087 3104 3084 3081 3087 3096 3105 3097 3101 3095 3086 3084 3087 3093 3095 3093 3088 3097 3090 3060 3041 3022 3035 3032 3025 3012 3034 3026 3025 3023
3006 3005 3001 2998 3017 3001 3003 2999 3005 3011 2999 3004 3020 3038 3054 3065 3084 3074 3088 3082 3090 3085 3093 3086 3089 3076 3102 3078 3066 3080 3101 3085 3098 3088 3088 3086 3087 3082 3083 3087 3084 3091 3100 3087 3090 3085 3083 3089 3091 3103 3095 3094 3075 3063 3034 3022 3031 3023 3027 3016 3011 3029 3030 3024
2997 3002 3008 3004 3005 2993 3004 3010 3001 3026 3011 3004 3012 3031 3043 3059 3091 3084 3083 3081 3075 3085 3082 3081 3095 3091 3080 3093 3097 3096 3096 3098 3100 3092 3078 3090 3072 3077 3080 3091 3085 3092 3091 3085 3073 3073 3084 3100 3072 3072 3086 3085 3079 3064 3044 3037 3033 3027 3030 3015 3026 3023 3015 3016
2994 3005 3018 3012 3010 3012 3003 3005 3005 3010 3017 3012 3007 3035 3053 3072 3082 3079 3081 3079 3086 3093 3095 3073 3091 3091 3084 3081 3086 3090 3091 3091 3102 3078 3081 3077 3086 3078 3076 3079 3081 3096 3091 3085 3089 3098 3079 3081 3084 3074 3094 3092 3084 3066 3053 3039 3025 3034 3027 3017 3029 3028 3033 3018
2991 3008 3015 3017 3022 3021 3009 3007 3010 2993 3001 3018 3006 3028 3061 3060 3075 3079 3069 3071 3081 3066 3085 3080 3076 3089 3089 3087 3098 3093 3087 3080 3086 3086 3085 3081 3070 3073 3068 3074 3090 3086 3076 3082 3077 3088 3086 3071 3076 3085 3076 3089 3071 3079 3060 3041 3031 3020 3021 3023 3029 3019 3021 3009
2997 3006 3005 3014 3019 3012 3006 2993 3010 2999 3007 3005 3021 3025 3062 3068 3066 3085 3080 3082 3082 3078 3087 3075 3075 3082 3088 3089 3099 3079 3075 3066 3097 3087 3096 3074 3076 3088 3078 3087 3092 3085 3085 3088 3099 3077 3087 3083 3083 3089 3090 3089 3072 3072 3050 3050 3034 3034 3030 3025 3023 3008 3013 3014
3006 2993 3022 3007 3016 3008 3001 3008 3016 3011 3006 3004 3006 3037 3034 3059 3050 3051 3070 3078 3093 3076 3092 3092 3086 3082 3082 3087 3085 3080 3079 3078 3087 3097 3089 3078 3082 3079 3068 3082 3070 3097 3079 3080 3076 3087 3089 3092 3091 3085 3071 3092 3079 3074 3046 3029 3030 3017 3023 3018 3025 3010 3006 3016
3010 3009 3013 3021 3016 3014 3003 3003 3029 3019 3005 3008 3021 3026 3032 3050 3047 3074 3078 3081 3084 3096 3079 3080 3078 3088 3089 3082 3089 3079 3080 3073 3085 3099 3097 3076 3094 3088 3078 3075 3088 3085 3072 3082 3094 3084 3085 3073 3087 3083 3096 3091 3082 3072 3051 3026 3020 3031 3006 3009 3011 3005 3019 3016
3012 3024 3030 3017 3026 3027 3021 3019 3016 3027 3009 3013 3017 3011 3048 3049 3054 3072 3067 3082 3072 3083 3069 3068 3088 3085 3075 3095 3095 3077 3092 3095 3090 3087 3074 3096 3078 3095 3090 3073 3073 3067 3080 3092 3080 3078 3070 3070 3084 3086 3079 3079 3077 3073 3053 3019 3021 3034 3011 3013 3019 3023 3007 3024
3024 3013 3028 3024 3017 3022 3012 3014 3005 3013 3010 3018 3013 3014 3037 3041 3052 3057 3070 3068 3077 3083 3094 3080 3077 3086 3088 3091 3081 3089 3093 3088 3084 3087 3083 3075 3083 3081 3087 3073 3062 3084 3082 3094 3086 3074 3067 3077 3083 3072 3073 3071 3070 3073 3039 3033 3029 3031 3034 3016 3004 3013 3018 3038
3024 3015 3013 3012 3020 3010 3011 3007 3001 3005 3021 3035 3022 3028 3034 3041 3063 3072 3072 3077 3097 3080 3081 3075 3079 3077 3087 3081 3099 3095 3087 3085 3090 3099 3082 3082 3085 3084 3080 3075 3066 3072 3072 3084 3090 3096 3077 3069 3061 3077 3069 3066 3074 3061 3041 3019 3040 3032 3016 3025 3018 3020 3014 3023
3012 3014 3010 3021 3008 3012 3009 3010 3008 3008 3010 3006 3015 3023 3020 3024 3048 3066 3074 3078 3093 3078 3079 3087 3080 3087 3085 3078 3099 3085 3102 3092 3107 3089 3090 3071 3087 3070 3086 3078 3072 3068 3077 3091 3077 3079 3078 3087 3087 3089 3069 3063 3064 3060 3038 3033 3040 3037 3015 3018 3002 3006 3014 3007
3016 2997 3020 3016 3018 3008 2998 3011 3013 3022 3008 3008 3015 3007 3022 3026 3035 3061 3073 3082 3075 3077 3092 3089 3077 3076 3081 3081 3090 3089 3080 3082 3094 3089 3082 3078 3074 3067 3080 3090 3089 3081 3090 3090 3093 3080 3086 3086 3078 3085 3080 3063 3068 3059 3055 3026 3028 3028 3010 3006 3020 3013 2998 3009
3006 3002 3035 3011 3003 3004 3009 3021 3028 3017 3001 2996 2995 3003 3015 3015 3032 3039 3065 3097 3072 3080 3085 3082 3075 3076 3088 3090 3097 3085 3083 3087 3098 3093 3069 3082 3083 3084 3077 3078 3082 3090 3078 3083 3093 3085 3093 3086 3087 3080 3079 3053 3070 3059 3038 3024 3017 3000 3008 3007 3002 3010 3007 3009
2996 3021 3023 3014 3011 3007 2996 3007 3011 3013 3003 3011 2990 2992 3008 3006 3017 3030 3060 3084 3089 3088 3079 3079 3080 3071 3078 3084 3095 3095 3102 3091 3089 3104 3092 3086 3076 3090 3081 3078 3081 3088 3083 3091 3088 3086 3091 3077 3092 3091 3068 3083 3073 3060 3023 3017 3011 3006 3003 3005 3012 3018 3009 3010
2998 3010 3019 3018 2990 3009 3001 3015 3005 3019 3021 3003 3011 3008 3013 2994 2998 3036 3046 3067 3080 3063 3065 3083 3082 3081 3082 3077 3097 3094 3092 3098 3075 3087 3093 3075 3082 3081 3082 3069 3071 3071 3084 3087 3088 3091 3080 3099 3085 3076 3080 3065 3055 3044 3025 3007 3011 3009 3003 3009 3010 3005 3014 3012
2994 3000 2996 2998 3000 2998 3003 3004 3002 3006 3005 3020 3017 2992 2996 2998 3004 3015 3058 3080 3074 3083 3068 3073 3067 3076 3084 3090 3092 3088 3086 3083 3071 3087 3088 3083 3086 3079 3076 3072 3059 3081 3077 3090 3084 3092 3087 3077 3070 3076 3097 3064 3052 3033 3032 3008 2991 3005 3006 3019 3019 3014 3005 3010
3009 2994 3007 3003 3006 3008 3011 3002 2996 3003 3001 3007 3022 3006 2994 3000 3004 3021 3052 3064 3068 3077 3072 3069 3058 3075 3082 3088 3093 3092 3076 3071 3078 3084 3079 3075 3067 3083 3087 3081 3077 3067 3077 3087 3078 3083 3084 3069 3066 3083 3079 3053 3045 3032 3025 3009 2993 3005 3012 3018 3014 3009 3012 3019
3007 3011 3010 3006 3013 3015 3010 3022 3012 3003 3001 2992 3001 2995 2997 3002 3002 3013 3022 3049 3071 3068 3076 3082 3090 3086 3077 3086 3083 3082 3079 3084 3087 3086 3083 3067 3078 3085 3085 3079 3073 3078 3087 3080 3090 3082 3076 3072 3091 3074 3066 3060 3047 3015 3006 3011 3015 3016 3018 3010 3013 3024 3009 3004
3000 3024 3033 3016 3012 3014 3011 3004 3011 2994 2991 2995 2989 2997 2988 3001 3008 3016 3024 3053 3073 3087 3073 3078 3084 3072 3086 3083 3094 3083 3088 3082 3085 3088 3067 3078 3077 3093 3087 3083 3091 3098 3094 3077 3085 3090 3072 3097 3083 3068 3069 3058 3040 3031 3021 3008 3018 3017 3020 3016 3025 3016 3014 3010
3007 2992 3009 3004 3001 2998 3005 3008 3002 3013 3009 3005 3004 3000 2997 3001 2999 3012 3012 3028 3052 3070 3077 3078 3081 3091 3077 3088 3084 3088 3085 3093 3085 3092 3095 3084 3095 3081 3082 3091 3093 3084 3091 3087 3087 3081 3069 3080 3077 3065 3049 3040 3034 3025 3019 3017 3022 3007 3012 3023 3020 3007 3010 3015
2995 3000 2999 2990 3008 2995 3006 3000 3001 3002 3007 3009 3000 2998 3003 3008 3007 3004 3005 3028 3044 3069 3076 3071 3078 3084 3094 3086 3097 3090 3085 3088 3093 3092 3092 3077 3080 3097 3078 3086 3072 3073 3098 3094 3076 3094 3082 3078 3072 3055 3053 3013 3027 3021 3031 3013 3024 3017 3011 3020 3013 3021 3013 3001
2994 2995 3003 3005 2998 3003 3000 2994 3002 2996 3012 3014 3013 3003 3021 3017 3001 3000 3013 3007 3038 3047 3062 3071 3062 3078 3085 3086 3104 3079 3089 3081 3086 3093 3099 3082 3094 3094 3088 3089 3081 3074 3096 3094 3088 3090 3095 3079 3072 3070 3048 3015 3031 3018 3017 3012 3031 3023 3015 3025 3007 3009 3008 3006
3000 3000 3002 3004 3001 2995 3007 3013 3006 3010 3006 2999 3001 3016 3011 3011 3019 2997 3007 3018 3013 3029 3057 3063 3066 3066 3084 3071 3082 3090 3074 3088 3096 3104 3099 3084 3097 3088 3091 3081 3083 3079 3088 3085 3096 3092 3085 3077 3063 3069 3048 3050 3030 3026 3019 3025 3021 3023 3023 3005 3004 3002 3004 3000
2991 3001 3007 2996 2993 2999 2998 3012 3003 3005 3009 3001 3006 2999 3020 3022 3012 3007 3034 3015 3030 3033 3054 3061 3066 3078 3065 3080 3075 3081 3085 3093 3105 3085 3090 3100 3089 3087 3100 3094 3079 3086 3078 3110 3088 3089 3082 3062 3060 3047 3037 3011 3018 3025 3012 3023 3011 3010 3005 3000 3009 3011 3010 3007
2997 3007 3010 2995 2990 3003 2993 2994 2993 2997 3010 3005 3000 3013 3010 3002 3002 3004 3014 3015 3010 3038 3050 3059 3075 3087 3061 3067 3080 3084 3080 3096 3101 3091 3097 3086 3087 3087 3083 3107 3082 3073 3082 3087 3095 3098 3075 3054 3057 3029 3020 3032 3027 3029 3003 3012 3017 3012 2996 3000 3004 3015 3005 3009
2990 2997 3016 3015 2995 3014 3000 2999 3007 3001 2985 3008 2997 2990 3018 3011 3012 3015 3006 3006 3013 3020 3040 3058 3070 3081 3077 3077 3080 3082 3093 3089 3090 3093 3083 3085 3077 3076 3110 3099 3090 3080 3079 3087 3094 3101 3068 3074 3048 3032 3027 3020 3023 3009 3004 3018 3001 3003 2997 3007 3002 3003 3010 3017
3001 3022 3011 2998 2990 2990 3002 3010 3015 3009 3015 2998 3008 3014 3004 3017 3027 3014 2997 3004 3014 3011 3035 3053 3080 3087 3080 3082 3073 3087 3084 3088 3094 3086 3078 3071 3076 3082 3081 3087 3092 3091 3088 3086 3093 3088 3084 3068 3045 3021 3026 3009 3007 3025 3024 3020 3008 3012 3012 3014 3010 3001 3016 3004
2997 2998 2985 2986 3010 3008 3010 3007 3012 3008 3008 3008 3010 3010 2998 3015 3000 2999 3018 3003 3014 3023 3039 3067 3075 3091 3088 3077 3087 3078 3091 3083 3092 3081 3080 3072 3075 3087 3089 3085 3087 3077 3080 3081 3089 3083 3084 3073 3037 3028 3025 3023 3018 3029 3022 3030 3017 3020 3026 2991 3010 3009 2997 3012
2994 2988 2986 3000 3015 2999 3003 3002 3004 3017 3013 3005 3002 2999 3010 3018 3006 2995 2997 3005 3010 3031 3054 3066 3081 3095 3095 3098 3090 3083 3095 3084 3085 3077 3091 3073 3077 3081 3095 3076 3073 3072 3086 3092 3094 3082 3064 3059 3049 3020 3019 3027 3014 3021 3025 3009 3027 3022 3018 3018 3013 3023 3002 3017
2984 2982 2992 3002 3017 3018 3002 3003 3005 3001 3000 2988 3008 3011 3011 3009 3001 3000 3005 3016 3013 3032 3054 3061 3090 3084 3079 3088 3095 3094 3085 3082 3085 3091 3099 3085 3071 3084 3089 3083 3084 3082 3092 3077 3076 3071 3082 3072 3043 3020 3017 3013 3026 3023 3012 3008 3001 3001 3019 3025 3023 3008 3015 3015
3004 3014 2999 2993 3014 3012 3001 3006 2990 2991 2995 2989 2998 3004 3007 3009 3005 3005 3010 3027 3030 3050 3057 3063 3080 3076 3079 3083 3094 3088 3088 3077 3083 3090 3083 3076 3066 3088 3073 3070 3087 3083 3091 3069 3092 3085 3075 3062 3039 3016 3040 3030 3026 3013 3020 3007 2999 3008 3018 3022 3027 3027 3020 3012
2998 2992 2990 2995 3000 3005 3010 3001 3012 3006 2994 3003 3006 2996 3005 3011 3025 3007 3030 3038 3044 3076 3075 3074 3085 3093 3090 3097 3101 3094 3082 3086 3088 3085 3100 3092 3090 3090 3080 3085 3090 3086 3077 3085 3085 3085 3080 3084 3061 3054 3049 3048 3036 3039 3034 3023 3019 3016 3027 3031 3031 3038 3034 3019
3003 2994 3019 3012 3000 2996 3010 3022 3002 2987 3002 3006 3006 3003 3008 3020 3016 3025 3043 3058 3070 3093 3094 3090 3088 3094 3097 3099 3106 3091 3101 3087 3084 3096 3089 3094 3095 3090 3095 3082 3083 3087 3077 3081 3080 3080 3098 3081 3079 3058 3063 3054 3045 3061 3057 3043 3042 3031 3033 3043 3034 3038 3034 3026
3001 3018 3006 3000 3003 3007 3007 3007 2995 3010 3010 3009 3010 3022 3027 3035 3041 3042 3062 3067 3088 3093 3088 3090 3097 3097 3092 3108 3098 3096 3099 3097 3098 3093 3104 3090 3102 3087 3088 3088 3087 3081 3082 3080 3087 3085 3089 3081 3065 3068 3061 3048 3049 3062 3048 3044 3043 3041 3033 3042 3048 3049 3044 3047
3004 3002 2989 3009 3009 3004 3020 3020 3006 3011 3018 3016 3025 3015 3038 3042 3053 3046 3057 3078 3104 3099 3091 3084 3101 3090 3095 3097 3089 3078 3091 3090 3089 3097 3087 3082 3084 3095 3113 3094 3087 3087 3081 3086 3098 3094 3090 3087 3087 3075 3065 3070 3055 3057 3051 3047 3060 3050 3058 3049 3032 3053 3066 3055
3017 3006 3019 3024 3005 2999 3019 3032 3022 3019 3036 3027 3028 3034 3053 3049 3052 3058 3060 3074 3087 3092 3103 3104 3096 3100 3093 3086 3105 3099 3099 3106 3103 3098 3085 3098 3087 3093 3099 3089 3097 3079 3086 3081 3090 3087 3089 3087 3080 3077 3082 3073 3070 3075 3065 3062 3071 3071 3052 3056 3076 3070 3062 3045
3023 3014 3031 3009 3013 3018 3025 3017 3019 3034 3035 3051 3047 3045 3050 3058 3060 3057 3059 3062 3091 3102 3100 3112 3099 3086 3097 3079 3091 3092 3120 3098 3108 3083 3091 3094 3095 3088 3088 3084 3098 3101 3106 3089 3092 3094 3100 3091 3094 3074 3089 3065 3069 3078 3089 3089 3076 3075 3068 3063 3060 3079 3047 3047
3019 3029 3024 3033 3022 3040 3049 3036 3037 3041 3041 3037 3055 3047 3062 3063 3044 3062 3068 3071 3078 3098 3110 3089 3088 3086 3093 3100 3096 3101 3102 3121 3100 3096 3090 3097 3093 3094 3092 3096 3081 3090 3094 3088 3089 3093 3086 3093 3089 3087 3072 3075 3080 3081 3070 3077 3076 3071 3076 3074 3065 3075 3068 3054
3029 3026 3031 3036 3029 3042 3056 3051 3054 3030 3039 3059 3064 3053 3070 3057 3066 3069 3067 3067 3081 3084 3100 3101 3092 3101 3103 3088 3081 3085 3103 3113 3106 3107 3090 3094 3102 3099 3107 3113 3103 3086 3096 3102 3101 3099 3091 3083 3096 3082 3087 3060 3066 3065 3061 3065 3077 3071 3077 3093 3081 3074 3078 3071
