3053 3063 3048 3049 3040 3051 3045 3061 3082 3066 3061 3051 3036 3034 3040 3023 3025 3029 3021 3008 3021 3017 3023 3021 3016 3011 3017 3023 3014 3018 3017 3014 3008 3017 3010 3012 3029 3006 3001 2997 3005 3013 3021 3014 2998 2998 3026 3021 3022 3009 3027 3038 3013 2995 2996 3017 3010 3012 3012 3013 3001 2989 2997 2988
3064 3056 3044 3046 3045 3053 3054 3049 3054 3061 3056 3036 3035 3037 3032 3024 3030 3031 3027 3025 3012 3021 3012 3013 3025 3019 3008 3027 3009 3015 3017 3014 3003 3011 3007 3010 3007 3016 3015 3006 3009 3017 3006 3011 3025 3021 3025 3018 3014 3000 2995 3011 3009 3018 3004 2999 3021 3009 3010 3000 3002 3002 2994 2982
3070 3056 3040 3041 3033 3053 3058 3034 3028 3048 3041 3040 3033 3036 3034 3027 3028 3003 3022 3024 3024 3022 3021 3018 3025 3020 3023 3014 3010 3010 3012 3011 3006 3006 3026 3007 3012 3016 3008 3017 3010 3017 3007 3020 3027 3020 3012 3024 3014 3006 3002 2997 3013 3021 3001 3013 3001 2994 2986 3000 3012 3004 2987 2990
3059 3046 3024 3043 3039 3038 3042 3039 3029 3025 3034 3026 3018 3032 3033 3026 3034 3031 3018 3003 3017 3023 3018 3018 3014 3024 3026 3023 3027 3013 3016 3026 3015 3006 3014 3003 3004 3005 3015 3017 3009 3020 3013 3012 3018 3030 3036 3010 3026 3010 3005 2999 3019 3007 3004 3014 3005 3006 3008 3012 3005 3001 3005 3000
3056 3047 3031 3043 3030 3053 3056 3044 3032 3027 3032 3024 3027 3027 3041 3038 3020 3026 3012 2997 3020 3014 3022 3010 3009 3027 3015 3032 3018 3017 3023 3016 3009 3004 3006 3002 3000 3017 3017 3016 3013 3021 3022 3005 3024 3025 3032 3010 3006 3016 2995 3005 3002 3013 3015 3022 3013 3001 3007 3011 3007 2993 2991 3015
3029 3035 3044 3043 3037 3035 3033 3046 3033 3031 3036 3029 3023 3025 3034 3033 3037 3029 3032 3019 3011 3018 3012 3018 3019 3025 3021 3014 3025 3022 3024 3022 3022 3016 3023 3015 3017 3023 3027 3025 3035 3029 3037 3014 3039 3037 3031 3019 3005 3019 3013 3006 3012 3011 3016 3024 3013 3000 3006 3017 3005 2982 3013 3029
3030 3047 3029 3038 3025 3042 3048 3043 3043 3029 3030 3037 3040 3031 3027 3018 3025 3028 3038 3019 3017 3025 3023 3012 3009 3030 3014 3011 3021 3016 3025 3024 3018 3023 3013 3033 3039 3037 3041 3042 3033 3041 3039 3037 3029 3048 3039 3040 3023 3009 3010 3006 3015 3011 3009 3021 3011 3000 3019 3009 3002 2995 3001 3029
2999 3008 3013 3011 2998 2999 3001 3022 3015 3006 3010 3023 3021 3005 3026 3019 3017 3016 3032 3020 3011 3017 3007 3011 3011 3021 3010 3000 3013 3020 3014 3018 3019 3011 3010 3021 3026 3029 3028 3032 3036 3036 3023 3027 3027 3038 3028 3045 3029 3012 3026 3023 3009 3020 3001 3016 3019 3007 3014 3006 2999 3002 3021 3024
2973 2985 2977 2981 2977 2983 2978 2976 2993 2998 2999 2982 2989 2988 3002 2998 2989 3007 3014 3025 3004 3003 3022 3019 3002 3010 3011 3011 3002 3002 3007 3007 2997 3020 3020 3035 3022 3021 3031 3038 3048 3027 3036 3030 3022 3016 3020 3036 3030 3025 3038 3034 3021 3020 3018 3020 3023 3012 3002 2998 2992 3006 3003 3001
2977 2978 2979 2974 2986 2981 2971 2985 2985 2994 2991 2989 2983 2999 2988 2987 2978 3004 3005 3009 2989 3001 3000 2989 3014 3012 3012 3018 3010 3016 2999 3005 3015 3022 3015 3023 3033 3040 3044 3027 3039 3034 3033 3028 3036 3030 3036 3039 3035 3036 3049 3041 3031 3028 3021 3020 3013 3015 2999 3019 3007 3012 3008 3006
2983 2973 2972 2989 2995 2990 2979 2983 2995 2987 2993 2979 2985 2981 2975 2981 2968 2980 2982 2989 2992 2987 2994 2993 2995 2992 3023 3024 3028 3023 3015 3006 3020 3017 3029 3024 3042 3039 3032 3028 3023 3031 3036 3039 3035 3043 3044 3038 3043 3033 3033 3039 3037 3028 3025 3021 3009 3020 3022 3026 3032 3021 3014 3014
2967 2977 2983 2982 2992 2975 2981 2979 2998 2981 2989 2973 2981 2990 2985 2982 2978 2979 2982 2973 2994 2984 2992 2992 2997 3011 3019 3008 3018 3004 3032 3008 3035 3036 3040 3045 3031 3033 3020 3026 3033 3036 3034 3045 3034 3036 3040 3049 3040 3040 3037 3031 3034 3033 3037 3021 3017 3007 3013 3031 3007 3028 3018 3011
2965 2969 2978 2986 2982 2977 2972 2974 2973 2980 2990 2977 2978 2983 2988 2999 2980 2988 2988 2982 3005 3003 2994 2998 3007 3006 3023 3030 3007 3017 3025 3031 3043 3043 3035 3035 3026 3030 3033 3030 3027 3040 3050 3045 3035 3052 3035 3042 3032 3030 3034 3040 3042 3039 3033 3026 3018 3003 3011 3010 3019 3020 3006 3019
2951 2964 2972 2979 2968 2976 2982 2979 2971 2977 2987 2973 2983 2988 2984 2981 2989 2981 2981 2973 2983 3001 2987 2998 3007 3010 3015 3016 3012 3021 3016 3021 3036 3032 3038 3038 3037 3027 3033 3020 3040 3041 3036 3042 3033 3047 3051 3049 3050 3039 3043 3036 3043 3029 3030 3038 3001 3008 3013 3023 3015 3025 3010 3008
2960 2970 2972 2987 2984 2975 2972 2951 2961 2963 2980 2986 2983 2991 2973 2984 2968 2988 2969 2984 2981 2993 2989 2995 3003 3001 3006 3008 3015 3020 3016 3027 3041 3030 3031 3039 3048 3051 3049 3038 3037 3033 3030 3032 3054 3056 3068 3060 3045 3042 3052 3033 3038 3043 3021 3039 3033 3003 3023 3019 3024 3024 3013 3016
2981 2976 2969 2972 2981 2966 2987 2980 2977 2988 2981 2988 2990 2986 2983 2987 2975 2978 2974 2978 2985 2996 2978 2999 2994 3011 3014 3018 3005 3022 3017 3030 3042 3046 3036 3046 3046 3032 3051 3042 3029 3030 3031 3029 3040 3055 3061 3067 3063 3061 3051 3049 3023 3028 3035 3037 3024 3009 3022 3038 3035 3028 3023 3022
2978 2977 2970 2983 2992 2989 2994 2981 2982 3003 2993 2984 2992 3001 2988 2981 2985 2976 2986 2980 2995 2995 2991 2990 2998 3022 3013 3025 3013 3021 3009 3024 3040 3040 3035 3043 3036 3042 3032 3019 3015 3016 3027 3045 3052 3068 3068 3071 3043 3056 3048 3043 3038 3038 3036 3029 3018 3019 3017 3020 3033 3022 3016 3026
2978 2986 2986 2984 2983 2976 2993 2992 2978 2986 3001 2994 3006 3007 2995 2987 2989 2983 2996 2998 2995 2992 2980 2994 3010 3019 3021 3033 3023 3030 3025 3036 3027 3044 3040 3043 3048 3052 3023 3027 3026 3034 3042 3035 3048 3069 3070 3060 3063 3056 3051 3058 3035 3040 3033 3033 3036 3014 3025 3024 3036 3036 3020 3019
2991 2992 2986 3000 2978 3000 2980 2986 2979 2990 2991 2995 2995 3012 3000 2999 2985 2984 3005 2986 2989 2999 3005 2999 3002 3012 3023 3030 3026 3029 3037 3026 3027 3020 3040 3037 3037 3034 3036 3029 3038 3025 3025 3033 3043 3068 3068 3054 3048 3056 3047 3052 3053 3038 3037 3045 3031 3033 3022 3037 3025 3022 3020 3019
2995 2991 3007 2999 2976 2995 3000 2988 2989 2982 2985 2988 3005 3009 2995 2987 2996 2993 3004 3004 3010 2995 3006 3002 3014 3011 3025 3035 3032 3045 3033 3029 3026 3027 3046 3036 3043 3036 3033 3027 3049 3033 3050 3039 3054 3068 3069 3067 3065 3066 3064 3044 3043 3042 3032 3041 3029 3042 3023 3038 3034 3021 3021 3030
3003 3006 3011 3008 2996 2999 3009 3004 2999 2989 2996 2998 3003 2996 2996 2990 2990 2993 2984 2996 3005 2990 2998 3005 2987 2997 3024 3018 3031 3028 3036 3036 3017 3024 3025 3021 3036 3024 3043 3041 3048 3031 3056 3057 3067 3077 3062 3051 3076 3056 3060 3059 3050 3027 3035 3022 3043 3039 3027 3014 3028 3040 3011 3023
3003 2997 3027 3004 2992 3002 3006 3003 2990 2987 2994 3001 3004 2988 2986 2990 2995 2996 2993 2975 3002 2997 2993 2996 2996 3002 3020 3036 3033 3031 3034 3030 3022 3032 3039 3033 3028 3024 3045 3051 3028 3048 3049 3065 3068 3069 3076 3066 3059 3067 3061 3063 3044 3052 3063 3044 3047 3039 3034 3022 3031 3034 3030 3004
2979 2995 2993 2999 3001 2989 2985 2985 2989 2985 2992 2997 2988 2982 2995 2985 2990 2997 2984 2992 2990 2990 2988 2993 2990 2999 3006 3027 3030 3032 3020 3035 3035 3034 3032 3042 3038 3043 3037 3046 3051 3042 3064 3082 3066 3080 3070 3068 3062 3054 3058 3046 3042 3052 3063 3065 3059 3052 3027 3026 3018 3030 3025 3023
3002 2990 2990 2988 3010 2996 2983 2979 3000 2990 2993 2973 3005 2985 2999 2985 2985 2981 2980 2986 2998 2986 2991 2980 2987 3011 3018 3034 3034 3039 3034 3035 3036 3052 3043 3054 3057 3054 3041 3052 3059 3058 3081 3070 3066 3063 3070 3062 3064 3056 3051 3049 3052 3066 3060 3075 3043 3048 3027 3023 3031 3031 3024 3005
2995 3000 2993 2996 2995 2994 2984 2999 2997 3003 2987 3006 3000 3006 3000 2990 2989 2988 3002 2986 2982 3000 2984 3002 3009 3011 3017 3034 3057 3045 3051 3058 3060 3060 3051 3053 3059 3068 3059 3061 3055 3060 3068 3076 3078 3082 3087 3080 3067 3044 3076 3071 3071 3070 3071 3066 3055 3039 3039 3048 3026 3023 3009 3002
3001 2991 2999 3012 3012 2993 3004 3003 3001 2995 2979 3002 3010 3012 3001 3000 3004 2988 3000 2992 2992 2997 2991 3002 3012 3030 3025 3028 3058 3053 3070 3074 3055 3062 3059 3070 3068 3076 3074 3065 3068 3068 3086 3088 3076 3081 3093 3089 3069 3071 3079 3084 3094 3084 3091 3069 3052 3052 3040 3047 3018 3016 3017 3012
2989 3005 2998 2995 3002 3000 2992 2995 3000 2996 2990 2992 3005 2995 2989 2992 2994 2998 2997 3002 2986 2992 3016 3006 3000 3014 3020 3033 3047 3057 3072 3065 3076 3079 3092 3089 3074 3085 3087 3064 3081 3084 3087 3088 3084 3097 3088 3092 3088 3084 3088 3090 3101 3097 3079 3073 3045 3039 3023 3043 3026 3013 3027 3026
2985 2996 3004 3001 2995 3004 2985 2985 2995 2998 2992 2989 2995 2993 2995 3000 2989 2985 3001 2984 2992 2992 3016 2998 3012 3013 3020 3038 3036 3062 3077 3075 3084 3069 3077 3089 3085 3099 3077 3089 3086 3085 3095 3095 3098 3088 3095 3102 3094 3087 3085 3084 3091 3099 3084 3081 3049 3038 3030 3026 3031 3019 3022 3010
2993 3005 2990 3002 3007 2993 3003 2995 2985 2987 3004 2977 2996 3003 2993 2998 3001 2999 2999 2986 2995 3001 3003 2995 2992 3017 3028 3030 3057 3058 3066 3077 3075 3077 3076 3081 3075 3086 3087 3089 3091 3091 3091 3088 3101 3096 3089 3096 3088 3083 3096 3095 3081 3078 3083 3090 3058 3020 3034 3035 3016 3013 3003 3010
3000 2995 2994 2998 2991 2995 3010 3000 2998 2999 2994 3002 3002 2989 2998 3000 3000 2987 2999 2992 3000 3002 2997 2991 3003 3000 3008 3024 3041 3060 3073 3071 3064 3068 3067 3084 3081 3093 3090 3082 3083 3092 3078 3094 3099 3090 3095 3077 3096 3086 3095 3086 3090 3080 3090 3083 3059 3037 3026 3028 3022 3014 3005 3013
2990 3003 2994 3002 2992 3005 2991 2990 3006 2991 2985 2999 2981 2997 3001 3002 3002 3004 2982 2981 2999 2990 3002 2988 2998 3005 3012 3020 3035 3061 3067 3082 3084 3061 3078 3070 3078 3068 3085 3085 3092 3091 3092 3088 3078 3095 3078 3094 3083 3079 3088 3084 3066 3073 3100 3090 3053 3039 3018 3036 3021 3006 3013 3013
3000 3002 3003 3014 3006 2996 2986 2990 3000 3000 3005 2991 3000 2997 2997 3008 3003 2994 2996 3003 3004 2992 2997 2989 3004 3006 3010 3037 3045 3059 3069 3072 3079 3077 3090 3079 3091 3069 3078 3086 3093 3095 3089 3082 3086 3089 3093 3086 3085 3084 3104 3075 3072 3083 3076 3088 3060 3033 3033 3022 3013 3016 3009 3014
3010 3005 3003 3004 3005 2998 3005 3000 3000 2999 2987 2991 2997 2993 3003 3002 3000 3005 3002 3011 3005 3002 2988 2995 2996 3009 2994 3025 3040 3060 3068 3070 3066 3077 3089 3070 3080 3083 3080 3081 3077 3074 3080 3082 3092 3085 3085 3090 3087 3084 3091 3070 3085 3088 3092 3087 3052 3038 3027 3011 3026 3040 3030 3005
3002 2996 3006 2986 2990 3001 3012 2995 2981 2996 2994 3004 2983 3002 2989 3000 2996 2994 3003 3010 2999 3011 2997 2991 2999 3000 3002 3006 3035 3053 3052 3064 3074 3078 3082 3074 3094 3083 3083 3078 3077 3085 3098 3081 3087 3082 3089 3094 3082 3085 3081 3075 3083 3081 3083 3070 3056 3051 3027 3005 3033 3028 3009 3003
2991 2989 2993 3005 3001 3011 2993 2997 2978 2990 2984 2984 2988 3003 2993 2983 3000 2990 3002 2986 2999 2995 2988 3003 3009 3001 3002 3020 3023 3039 3052 3061 3051 3089 3077 3087 3075 3080 3088 3073 3075 3074 3079 3080 3101 3094 3086 3085 3068 3076 3074 3083 3077 3082 3074 3075 3054 3041 3014 3013 3001 3014 3000 3004
2987 2995 2992 2989 3005 3002 2990 2986 2990 2986 2988 2968 2988 2991 2994 2995 2997 2997 2989 2997 2997 2990 2980 3003 3007 3000 3026 2989 3015 3009 3034 3042 3078 3080 3090 3079 3084 3072 3078 3085 3081 3074 3075 3090 3079 3088 3090 3078 3082 3076 3089 3082 3075 3074 3083 3066 3052 3031 3015 3013 3018 3007 3010 3000
2985 2993 2988 3005 2994 2989 2985 2986 3005 2987 3002 2990 2997 2999 2985 2997 2988 3000 3001 2991 2993 2993 2999 3000 3005 2995 3007 2994 3003 3019 3030 3050 3062 3071 3084 3091 3075 3077 3074 3074 3082 3065 3076 3090 3081 3088 3081 3094 3088 3093 3072 3087 3084 3075 3070 3073 3054 3036 3028 3015 3027 3022 3018 3002
2996 3002 2999 2995 3002 2998 2981 2995 2997 2999 2990 2993 3003 3011 2994 2993 2990 2994 3001 3017 2994 2994 2990 3009 3000 3000 2995 2994 2996 3009 3021 3026 3057 3066 3074 3084 3080 3081 3071 3078 3086 3078 3081 3089 3103 3086 3097 3104 3092 3084 3085 3088 3071 3070 3073 3071 3050 3044 3012 3013 3029 3028 3016 3014
2996 2996 3013 3000 2997 2986 2973 2979 2979 2987 2988 2989 3000 2987 2994 2999 2993 2995 2988 2986 2999 3005 3008 3010 2998 3007 3005 2996 2996 2991 3002 3006 3032 3080 3070 3076 3072 3076 3088 3083 3062 3077 3086 3092 3082 3080 3084 3081 3094 3086 3089 3080 3082 3080 3066 3069 3035 3029 3032 3040 3027 3025 3016 3021
2997 3000 3006 3001 2991 2989 2966 2985 2976 2978 3000 2991 2998 2999 3003 3012 3008 2998 2996 2991 2997 2998 3013 3005 3018 2983 3012 2986 2990 2998 2990 3016 3042 3051 3078 3070 3070 3065 3070 3069 3079 3077 3081 3097 3077 3077 3098 3097 3088 3082 3087 3091 3081 3070 3069 3061 3058 3034 3038 3019 3017 3012 3008 3012
2988 3005 2995 3002 2996 2990 2969 2978 2980 2989 2986 2976 2999 2991 2988 2989 2996 2999 3008 3002 3006 3010 3009 3014 3017 3019 3008 2991 2992 2997 2997 3018 3029 3048 3062 3077 3064 3068 3070 3081 3079 3083 3080 3086 3098 3082 3084 3085 3091 3084 3066 3069 3080 3079 3079 3074 3062 3038 3044 3042 3033 3011 3020 3014
3001 2992 3005 2992 2993 2993 2979 2984 2980 2986 2990 2971 2983 2995 2996 2988 2997 2991 2993 3011 3005 3018 3021 3036 3036 3020 3011 2990 2997 2993 2999 3006 3040 3038 3051 3070 3071 3079 3064 3066 3071 3088 3084 3095 3079 3080 3094 3089 3102 3081 3080 3086 3075 3086 3088 3061 3060 3055 3039 3045 3013 3020 3006 3006
2991 2997 2999 3001 2993 2989 2997 2970 2987 2978 2978 2980 2979 3005 2991 2983 2991 2999 3006 3000 3001 3014 3023 3019 3022 3010 2999 3006 3004 2998 3023 3013 3026 3042 3047 3071 3070 3067 3072 3086 3086 3085 3083 3077 3096 3089 3092 3094 3068 3076 3079 3073 3083 3066 3049 3042 3050 3052 3044 3040 3040 3036 3027 3025
2987 2997 2996 2993 2990 2985 2988 2991 2980 2986 2990 2993 2996 2995 2991 2996 3008 2986 3005 2998 3024 3020 3020 3022 3016 3005 3016 3012 3021 3020 3016 3023 3036 3045 3046 3074 3063 3072 3087 3070 3083 3090 3077 3093 3098 3082 3096 3081 3077 3076 3074 3079 3080 3051 3050 3016 3036 3039 3046 3039 3031 3022 3029 3032
2992 2986 2998 2994 2985 2997 3003 2996 2982 2986 2987 2998 3010 2998 2982 3002 3002 2994 3002 3010 3032 3048 3048 3041 3029 3023 3021 3009 3010 3009 3006 3021 3024 3051 3064 3073 3066 3080 3087 3080 3074 3083 3067 3096 3090 3106 3077 3083 3081 3090 3069 3075 3070 3058 3038 3026 3035 3042 3044 3041 3044 3041 3030 3017
2996 2987 2996 2976 2977 3001 2997 3003 2993 2996 2999 2993 2999 3001 2991 3005 3006 3018 3005 3021 3036 3038 3054 3053 3031 3037 3020 3013 3010 3011 3022 3030 3040 3068 3077 3080 3070 3085 3087 3073 3072 3067 3089 3087 3090 3091 3083 3084 3090 3087 3086 3068 3055 3048 3033 3025 3032 3031 3032 3044 3042 3026 3036 3025
3003 2994 2999 2999 2985 2988 2978 2988 3001 2994 2991 3006 2996 2996 2992 3010 3030 3010 3005 3024 3023 3042 3041 3026 3020 3018 3015 2995 3010 3011 3019 3033 3037 3062 3061 3077 3082 3081 3082 3087 3091 3083 3091 3092 3089 3083 3073 3102 3093 3091 3082 3060 3055 3027 3022 3025 3019 3025 3032 3040 3033 3020 3016 3024
2996 2995 3002 2993 2984 2981 3000 3000 2998 2999 3006 2993 2992 3020 3011 3022 3014 3021 3018 3015 3023 3032 3016 3030 3022 3032 3006 3014 2997 3004 3022 3042 3037 3054 3055 3078 3082 3094 3078 3088 3083 3087 3093 3094 3080 3078 3090 3081 3085 3079 3088 3064 3036 3035 3016 3022 3034 3033 3029 3027 3023 3022 3029 3022
2987 2981 2989 3000 3005 3001 2987 2994 3010 2993 2999 3001 2998 3014 3005 3023 3014 3026 3024 3036 3036 3032 3041 3036 3027 3046 3029 3023 3011 3028 3033 3035 3042 3047 3070 3076 3093 3088 3077 3078 3080 3079 3093 3089 3094 3101 3076 3077 3071 3083 3048 3033 3048 3028 3027 3019 3024 3022 3021 3019 3014 3001 3018 3015
2986 2997 2992 3006 3022 3007 2998 3002 3015 3006 2996 2995 3014 3024 3022 3017 3019 3033 3037 3024 3028 3028 3032 3048 3050 3039 3031 3029 3003 3017 3032 3041 3062 3065 3075 3077 3097 3088 3082 3091 3077 3088 3084 3074 3101 3097 3078 3075 3075 3086 3070 3051 3031 3023 3015 3019 3028 3029 3010 3012 3000 2991 3013 3006
3004 2991 2987 3001 3008 2996 2994 3006 2990 2996 2994 3010 3013 3025 3015 3018 3003 3022 3023 3030 3035 3032 3031 3046 3054 3045 3028 3032 3002 3007 3025 3041 3054 3063 3080 3090 3089 3084 3085 3077 3079 3078 3083 3086 3094 3070 3074 3064 3075 3073 3059 3054 3048 3015 3033 3016 3013 3029 3012 3019 3010 3018 3022 3015
2998 2987 2998 3000 3003 2993 3002 2985 2982 2980 2997 3004 3011 3002 3023 3007 3000 3002 3001 3016 3032 3033 3023 3046 3030 3035 3031 3018 3028 3027 3036 3047 3070 3073 3070 3092 3105 3099 3094 3090 3082 3075 3088 3091 3083 3090 3076 3088 3077 3087 3051 3055 3051 3035 3015 3014 3014 3021 3020 3029 3024 3014 3025 3010
2990 2998 3006 3006 2998 3008 3011 3003 3003 2989 3000 3001 3013 3014 3011 3004 2999 2997 3028 3017 3030 3032 3035 3055 3043 3033 3040 3044 3024 3038 3051 3059 3072 3085 3081 3078 3088 3085 3094 3096 3089 3079 3087 3071 3077 3079 3082 3071 3074 3080 3079 3060 3051 3051 3046 3040 3042 3038 3036 3013 3035 3037 3038 3020
3006 2991 3001 3006 3012 3009 2997 3013 3001 2992 3001 2998 3018 3014 3003 3004 3008 3004 3013 3017 3027 3029 3038 3035 3037 3051 3043 3047 3032 3042 3055 3058 3086 3081 3078 3086 3077 3082 3087 3087 3086 3091 3085 3079 3089 3090 3087 3074 3082 3088 3069 3073 3066 3062 3046 3054 3061 3045 3030 3028 3037 3059 3045 3045
3006 2985 3001 3008 3002 3000 2995 2991 2991 3001 3001 3000 3001 3006 3013 2998 3006 3015 3014 3013 3027 3038 3032 3044 3055 3043 3046 3057 3056 3062 3067 3074 3086 3092 3092 3079 3073 3081 3075 3074 3080 3088 3081 3069 3077 3079 3081 3087 3093 3081 3082 3074 3067 3061 3057 3060 3052 3046 3037 3015 3048 3049 3051 3051
3007 3000 2987 2990 2997 3000 2985 2992 2976 2996 2992 3004 3002 2991 3008 3015 3012 3020 3024 3012 3030 3036 3021 3036 3054 3045 3047 3049 3039 3058 3062 3073 3083 3081 3076 3090 3071 3079 3061 3074 3083 3093 3080 3081 3082 3078 3089 3084 3076 3072 3074 3084 3071 3069 3052 3056 3045 3050 3042 3042 3048 3062 3054 3062
3003 2993 2995 3008 2993 2994 2991 2990 3010 2990 2998 2998 3013 3018 3016 3025 3045 3025 3029 3045 3042 3039 3044 3039 3061 3050 3046 3065 3053 3062 3070 3067 3072 3074 3089 3075 3075 3074 3074 3077 3089 3072 3086 3066 3082 3083 3073 3064 3062 3081 3063 3059 3074 3055 3068 3061 3056 3070 3049 3055 3058 3056 3063 3063
3016 3012 3013 3003 3011 2994 2992 3007 3027 2999 2986 3003 3011 3013 3018 3032 3047 3039 3048 3050 3049 3054 3057 3060 3059 3066 3068 3064 3072 3063 3049 3053 3056 3076 3079 3076 3098 3093 3075 3090 3084 3087 3071 3073 3083 3081 3073 3064 3058 3066 3057 3052 3067 3068 3053 3055 3076 3058 3068 3065 3071 3063 3069 3065
3002 3003 3004 3002 2994 2993 3011 2999 3011 3009 3022 3020 3026 3033 3051 3064 3043 3059 3055 3056 3072 3059 3067 3062 3053 3062 3063 3066 3064 3067 3053 3069 3068 3080 3082 3086 3073 3071 3085 3085 3083 3071 3067 3079 3097 3083 3063 3057 3063 3060 3065 3066 3059 3055 3060 3070 3069 3063 3066 3058 3055 3055 3068 3066
2996 3000 3012 2999 3004 2999 2994 2994 3002 3003 3008 3016 3049 3050 3049 3066 3069 3060 3055 3065 3066 3064 3063 3071 3072 3065 3060 3065 3061 3071 3067 3068 3060 3064 3067 3073 3078 3073 3066 3078 3077 3081 3080 3080 3077 3085 3069 3046 3054 3055 3062 3059 3060 3045 3045 3068 3063 3061 3056 3064 3049 3046 3059 3058
3001 2992 3000 2993 3006 3018 3004 3014 3016 3032 3036 3036 3067 3056 3055 3061 3073 3065 3071 3056 3063 3062 3061 3061 3074 3061 3053 3070 3068 3065 3076 3073 3072 3070 3067 3060 3067 3058 3069 3090 3073 3057 3070 3080 3073 3079 3067 3060 3059 3053 3058 3059 3073 3059 3065 3060 3072 3061 3066 3071 3058 3068 3059 3056
2992 2988 2992 2988 2997 3000 3016 3010 3011 3040 3046 3052 3070 3057 3054 3061 3066 3058 3057 3066 3074 3066 3054 3049 3075 3071 3062 3070 3066 3083 3071 3060 3072 3061 3061 3064 3065 3064 3069 3077 3077 3067 3072 3069 3075 3073 3076 3055 3054 3063 3073 3074 3060 3062 3079 3072 3066 3085 3078 3071 3070 3060 3071 3067
2995 2990 3000 2994 3003 3011 3015 3015 3022 3043 3056 3053 3066 3062 3071 3065 3051 3060 3058 3065 3062 3073 3084 3080 3065 3061 3063 3066 3074 3068 3070 3073 3058 3063 3074 3069 3058 3065 3053 3065 3070 3073 3059 3066 3076 3066 3065 3053 3050 3060 3054 3059 3058 3062 3064 3070 3074 3073 3078 3076 3072 3072 3060 3071
2993 2991 3003 3015 3013 3015 3015 3016 3023 3047 3073 3047 3055 3055 3070 3057 3064 3064 3063 3054 3057 3066 3063 3084 3075 3070 3065 3079 3060 3075 3076 3082 3064 3065 3077 3072 3059 3062 3053 3062 3078 3079 3051 3063 3066 3067 3070 3053 3054 3054 3061 3061 3058 3067 3072 3073 3087 3082 3076 3074 3069 3069 3054 3066
