3071 3061 3052 3030 3040 3058 3066 3051 3048 3057 3064 3052 3057 3056 3054 3028 3038 3035 3045 3045 3044 3050 3030 3044 3041 3045 3041 3034 3037 3044 3040 3032 3026 3044 3026 3021 3014 3031 2999 3009 3029 3034 3024 3002 3000 3000 3018 3027 3022 3019 3011 3017 3020 3016 3015 3023 2999 3012 3005 3022 3023 3007 3015 3018
3069 3075 3056 3049 3055 3051 3060 3049 3036 3061 3054 3055 3042 3043 3040 3041 3046 3039 3060 3033 3036 3036 3041 3042 3052 3050 3032 3031 3038 3052 3028 3025 3019 3023 3035 3019 3025 3020 3015 3013 3027 3026 3012 3019 3014 3009 3016 3016 3028 3010 3006 3023 3006 3010 3007 3009 3015 3009 3028 3007 3011 3001 3001 3022
3070 3062 3083 3062 3059 3053 3046 3050 3032 3060 3052 3055 3040 3046 3036 3032 3058 3055 3045 3038 3031 3034 3037 3034 3046 3043 3035 3035 3024 3039 3037 3031 3014 3014 3013 3035 3029 3029 3036 3035 3027 3014 3015 3030 3012 3030 3009 3013 3010 3024 3016 3019 3012 3015 2998 3005 3023 3028 3029 3013 3007 2998 3010 3017
3068 3069 3082 3057 3055 3048 3054 3046 3047 3044 3060 3046 3047 3044 3027 3039 3043 3050 3046 3037 3027 3022 3039 3032 3025 3040 3039 3031 3018 3045 3055 3031 3041 3016 3029 3024 3018 3027 3020 3036 3014 3020 3021 3027 3013 3017 3007 3026 3015 3017 3014 3029 3005 3014 3005 2994 3005 3008 3028 3002 3003 3007 3005 3016
3054 3064 3072 3061 3061 3044 3044 3049 3056 3054 3056 3041 3045 3037 3040 3045 3050 3037 3032 3026 3016 3007 3042 3045 3042 3047 3036 3039 3039 3039 3046 3057 3034 3027 3028 3040 3023 3008 3022 3014 3037 3021 3033 3019 3023 3022 3018 3009 3010 3019 3027 3023 3018 3019 3018 3011 3012 3008 3004 3006 3010 2995 3001 3018
3056 3066 3063 3044 3042 3049 3054 3037 3039 3054 3050 3042 3040 3043 3041 3050 3054 3060 3033 3040 3037 3032 3037 3029 3041 3039 3053 3049 3038 3047 3057 3036 3027 3038 3048 3035 3025 3021 3009 3020 3021 3017 3021 3013 3017 3015 3018 3009 3017 3016 3016 3019 3016 3013 3010 3011 3010 3009 3014 3009 3020 3008 3002 3026
3050 3055 3060 3050 3050 3035 3048 3054 3056 3040 3036 3035 3031 3035 3058 3050 3059 3045 3048 3037 3036 3042 3051 3038 3046 3037 3038 3059 3058 3053 3036 3042 3035 3051 3027 3032 3021 3031 3022 3027 3014 3019 3023 3015 3021 3010 3017 3016 3008 3022 3024 3011 3015 3020 2996 3002 3005 3015 3012 3033 3019 3019 3015 3014
3030 3026 3021 3016 3016 3017 3027 3023 3026 3021 3008 3022 3015 3030 3033 3027 3016 3032 3030 3037 3031 3031 3026 3045 3044 3050 3042 3050 3040 3051 3049 3044 3037 3028 3021 3021 3024 3031 3027 3023 3012 3023 3015 3033 3027 3027 3030 3007 3003 3030 3017 3013 3018 3023 3009 3015 3010 3009 3003 3002 3024 3020 3025 3024
2984 2980 2976 2975 2985 2985 2993 2993 2993 2994 2994 3000 3005 3009 3023 3031 3012 3010 3021 3025 3030 3035 3032 3025 3045 3049 3057 3044 3047 3049 3057 3041 3037 3040 3019 3034 3027 3024 3026 3022 3023 3024 3035 3037 3036 3031 3025 3019 3011 3020 3029 3017 3020 3026 3036 3020 3012 3000 3019 3011 3015 3026 3017 3021
2984 2988 2974 2991 2998 2993 3004 2994 2992 2997 3019 2985 3015 3005 3009 3017 3019 3016 3025 3029 3027 3028 3032 3032 3052 3058 3042 3051 3049 3048 3047 3048 3046 3030 3020 3034 3032 3031 3015 3018 3024 3016 3028 3021 3033 3018 3034 3021 3010 3009 3019 3014 3020 3021 3015 3018 3023 3012 3001 3016 3007 3022 3019 3038
3004 2990 2982 2990 3003 2987 2996 2992 2996 2995 3016 3011 3014 3002 3011 3021 3032 3034 3023 3016 3038 3039 3032 3032 3051 3060 3048 3060 3042 3063 3057 3044 3059 3041 3037 3045 3045 3025 3018 3030 3021 3019 3009 3001 3017 3016 3003 3004 3018 3025 3004 3014 3020 3013 3015 3021 3008 3014 3027 3036 3028 3023 3027 3033
2991 2997 2987 2983 2997 2984 2990 2990 2986 2993 3015 3017 3012 3013 3016 3018 3026 3028 3027 3031 3030 3036 3041 3062 3059 3053 3067 3067 3050 3050 3039 3048 3046 3044 3032 3042 3033 3031 3028 3016 3024 3021 3015 3018 3010 3006 3012 3021 3019 3013 3007 2994 3027 3011 2995 2992 3000 3010 3033 3031 3041 3033 3031 3017
2978 2976 2976 2986 2993 2986 2971 2987 2992 3006 3008 3018 3020 3017 3020 3022 3039 3008 3019 3028 3033 3042 3053 3052 3068 3069 3068 3067 3045 3035 3040 3051 3042 3049 3059 3043 3035 3039 3020 3037 3032 3023 3030 3026 3028 3011 3009 3012 3020 3001 2999 3012 3012 3016 3005 2994 3006 3014 3033 3022 3037 3042 3028 3027
2977 2981 2977 2983 2988 2986 2977 2998 2999 3007 3027 3013 3009 3019 3019 3026 3032 3026 3021 3029 3048 3047 3040 3054 3064 3051 3051 3053 3062 3049 3054 3061 3070 3055 3056 3043 3060 3037 3028 3028 3051 3027 3025 3024 3006 3011 3006 3020 3022 3003 3007 3007 3011 3002 3012 3005 3022 3006 3022 3035 3041 3044 3024 3030
2980 2986 2995 2982 2993 3008 2974 2992 2991 3008 3002 3006 3005 3007 3025 3026 3023 3025 3035 3049 3039 3052 3042 3045 3057 3052 3049 3058 3060 3069 3081 3070 3060 3047 3078 3069 3040 3041 3037 3040 3025 3033 3022 3016 3011 3003 3011 3019 3006 3032 3015 3003 3008 3005 3007 3016 3016 3011 3021 3036 3040 3045 3015 3029
3001 2984 2985 2991 2992 3017 2997 3007 2987 3017 3020 3031 3017 3005 3030 3020 3024 3035 3053 3050 3063 3041 3051 3040 3050 3055 3065 3068 3059 3066 3078 3079 3068 3076 3070 3074 3070 3062 3048 3031 3031 3034 3019 3024 3011 2997 3006 3004 3005 3010 2993 3009 3009 3001 3021 3018 3007 3007 3015 3031 3022 3028 3026 3005
3002 2995 2987 3000 3010 3009 3015 3014 3014 3018 3021 3025 3018 3025 3043 3027 3030 3023 3037 3049 3066 3063 3050 3051 3054 3054 3070 3071 3071 3080 3077 3095 3087 3092 3080 3083 3088 3057 3052 3037 3024 3017 3033 3031 3006 2999 3003 2998 3005 2995 3005 2998 3013 3020 3017 3016 3012 3012 3006 3017 3022 3050 3028 3026
3014 3000 2979 2999 3007 3013 3003 3015 3004 3009 3025 3022 3032 3016 3042 3020 3033 3030 3049 3054 3063 3072 3058 3070 3057 3058 3067 3084 3069 3083 3091 3088 3101 3103 3092 3098 3101 3079 3043 3036 3023 3028 3034 3041 3028 3018 3008 3011 3000 2998 3002 2999 3002 3015 3027 3014 3030 3013 3010 3017 3024 3042 3031 3012
3007 2996 3010 3003 3000 2991 2996 3009 3029 3015 3021 3015 3022 3026 3031 3040 3037 3043 3035 3052 3052 3047 3061 3059 3061 3057 3073 3081 3070 3077 3086 3087 3106 3103 3090 3089 3094 3088 3059 3041 3047 3040 3047 3043 3031 3009 3021 3006 3001 3007 3004 3008 2998 3017 3012 3010 3009 3009 3024 3016 3034 3036 3030 3028
3008 3010 3013 3021 3008 3013 2993 3009 3019 3036 3021 3030 3033 3035 3039 3035 3052 3057 3044 3054 3052 3048 3069 3058 3062 3068 3087 3070 3086 3089 3089 3105 3102 3096 3088 3088 3091 3086 3072 3043 3046 3041 3042 3039 3032 3030 3002 3008 3001 3001 3001 3010 3015 3018 3026 3011 3024 3010 3016 3030 3024 3026 3026 3021
3014 3033 3035 3021 3036 3022 3011 3025 3022 3026 3027 3015 3038 3017 3032 3045 3055 3056 3053 3052 3054 3050 3056 3066 3061 3073 3078 3074 3092 3078 3088 3094 3102 3109 3102 3101 3106 3087 3073 3065 3062 3059 3042 3053 3035 3034 3004 3001 2997 2999 2998 3006 3007 3019 3020 3016 3024 3009 3010 3030 3021 3023 3027 3041
3012 3019 3032 3016 3020 3028 3021 3020 3031 3019 3036 3023 3041 3044 3031 3046 3059 3052 3038 3049 3057 3052 3059 3075 3069 3069 3073 3085 3100 3094 3094 3088 3105 3104 3104 3099 3103 3084 3078 3064 3072 3071 3045 3055 3044 3030 3002 2994 3004 2998 3014 3019 3020 3010 3030 3016 3012 2998 3018 3025 3015 3028 3023 3025
3012 3014 3018 3009 2999 2999 3023 3015 3025 3035 3028 3039 3035 3027 3020 3054 3043 3048 3036 3042 3050 3054 3078 3076 3065 3075 3075 3096 3090 3094 3109 3099 3095 3108 3108 3112 3102 3103 3087 3067 3044 3073 3056 3044 3037 3020 3012 3015 3003 2998 3007 3025 3013 3010 3016 3009 3022 3002 3013 3008 3011 3011 3011 3012
3001 3006 3008 3004 3002 3003 3011 3024 3024 3030 3028 3030 3044 3033 3038 3042 3050 3036 3044 3058 3060 3075 3072 3082 3084 3079 3091 3083 3088 3095 3100 3102 3111 3102 3102 3094 3101 3094 3092 3066 3066 3060 3064 3061 3044 3029 3026 3011 3018 3023 3015 3021 3018 3017 3003 3021 3012 3005 3006 3005 3018 3012 3004 3016
3012 3011 3004 2990 3008 3004 3013 3024 3030 3042 3046 3057 3048 3045 3031 3053 3043 3054 3049 3049 3054 3075 3092 3088 3092 3098 3100 3099 3093 3099 3095 3100 3106 3097 3093 3110 3108 3087 3085 3077 3081 3074 3071 3070 3064 3043 3021 3017 3006 3008 3008 3009 3010 2999 3008 3018 3006 3014 3012 3006 3016 3002 3015 3011
3006 3017 3021 3012 3002 3015 3022 3021 3039 3046 3050 3047 3044 3048 3070 3056 3060 3062 3056 3057 3072 3070 3091 3094 3101 3108 3096 3093 3095 3098 3105 3104 3096 3099 3106 3099 3102 3099 3082 3088 3092 3077 3063 3069 3051 3021 3029 3018 3018 3015 3004 3003 3028 3004 2996 3008 3019 3016 3016 3009 3016 3009 3023 3018
3003 3000 3013 3021 3015 3002 3013 3012 3029 3038 3048 3055 3047 3056 3063 3076 3073 3071 3086 3076 3076 3092 3088 3096 3091 3111 3098 3107 3093 3112 3100 3106 3100 3099 3105 3096 3089 3107 3096 3102 3095 3084 3083 3061 3035 3020 3018 3023 3013 3016 3002 3012 2996 3008 3000 3010 3007 3027 3031 3019 3018 3015 3006 3018
3021 3007 3018 3003 3017 3011 3014 3020 3030 3036 3054 3045 3046 3059 3076 3092 3086 3081 3077 3074 3082 3097 3092 3093 3085 3106 3107 3103 3110 3096 3109 3103 3111 3111 3100 3096 3104 3084 3099 3092 3091 3082 3077 3055 3041 3022 3011 3028 3007 3019 3012 3006 3004 3021 3026 3006 3017 3017 3018 3017 3014 3013 3013 3010
3022 3014 3007 3019 3018 3001 3005 2994 3032 3016 3034 3044 3061 3081 3081 3095 3097 3086 3087 3094 3086 3083 3087 3095 3104 3097 3110 3104 3110 3106 3095 3109 3102 3104 3112 3101 3093 3098 3086 3098 3085 3091 3080 3067 3034 3011 3018 3007 3016 3016 3006 3001 3010 3016 3017 3027 3011 3024 3022 3010 3017 3006 3006 3024
3017 3013 3018 3019 3011 3003 3016 3007 3011 3036 3037 3063 3056 3091 3094 3100 3091 3091 3091 3091 3089 3096 3087 3094 3077 3099 3106 3111 3106 3096 3111 3105 3109 3115 3101 3107 3102 3107 3086 3096 3096 3083 3074 3062 3046 3016 3014 3011 3006 3017 3012 3001 3001 3015 3015 3027 3012 3014 3024 3010 3014 3011 3018 3005
3028 3025 3024 3012 3007 3011 3019 3018 3015 3023 3050 3052 3071 3079 3094 3111 3094 3091 3088 3096 3090 3095 3089 3093 3098 3103 3109 3101 3092 3091 3108 3101 3103 3104 3102 3103 3087 3091 3092 3092 3082 3096 3078 3058 3049 3023 3015 3022 3012 3013 3008 2985 3002 3014 3026 3025 3031 2998 3014 3016 3017 3014 3001 3006
3017 3015 3008 3013 3008 3010 3023 3003 3016 3025 3052 3069 3067 3072 3086 3105 3092 3101 3090 3097 3096 3105 3105 3090 3103 3097 3097 3101 3089 3090 3097 3099 3102 3098 3092 3099 3094 3084 3086 3095 3091 3100 3088 3069 3054 3009 3019 3019 3019 2997 3007 3005 3001 3016 3013 3026 3003 3003 3015 3021 3001 3000 3019 3014
3012 3030 3014 3011 3013 3017 3024 3019 3017 3032 3042 3057 3068 3080 3082 3079 3084 3081 3086 3104 3097 3084 3094 3101 3105 3104 3104 3089 3093 3094 3110 3104 3102 3105 3101 3115 3093 3093 3099 3098 3099 3088 3084 3066 3035 3024 3018 3008 3001 3014 3014 3005 3009 3027 3016 3031 3019 3013 3011 3005 3009 3007 3008 3014
3010 3012 3015 3010 3020 3006 3028 3020 3014 3031 3042 3058 3088 3078 3089 3086 3087 3082 3083 3088 3096 3097 3113 3095 3092 3096 3093 3089 3103 3089 3097 3090 3097 3091 3107 3093 3092 3101 3097 3102 3114 3106 3071 3058 3035 3013 3002 3005 3006 3016 3015 3004 3008 3017 3024 3029 3017 3016 3009 3007 3000 3016 3006 3032
2994 3003 3030 3023 3015 3010 3008 3010 3015 3032 3023 3041 3075 3088 3093 3080 3085 3085 3078 3083 3111 3099 3100 3100 3097 3102 3091 3097 3087 3094 3090 3105 3092 3085 3107 3102 3098 3101 3103 3109 3091 3088 3077 3061 3027 3015 3035 3013 3007 3010 3017 3006 3001 3013 3008 3020 3010 2999 3002 3018 3016 3017 3016 3027
3002 3009 3005 3017 3006 3006 3016 2997 3016 3020 3021 3050 3071 3081 3080 3088 3074 3082 3082 3073 3097 3109 3106 3100 3094 3100 3101 3097 3094 3098 3098 3086 3106 3101 3106 3104 3095 3097 3104 3084 3085 3095 3067 3050 3038 3018 3032 3019 3003 3015 3023 3016 3000 2996 3009 3019 3007 3008 3009 3016 3018 3036 3019 3019
3006 2996 3010 3004 3010 3004 3006 3008 3021 3014 3017 3030 3071 3060 3090 3088 3097 3087 3088 3078 3094 3096 3082 3095 3087 3103 3112 3111 3093 3102 3093 3112 3097 3093 3104 3088 3113 3079 3087 3090 3094 3095 3062 3053 3019 3018 3031 3019 2998 3013 3018 3024 3025 3029 3020 3026 2997 3004 3015 3022 3021 3021 3019 3018
3011 2996 2999 3008 2995 3000 2999 2999 3007 3018 3008 3033 3059 3065 3092 3073 3083 3079 3087 3091 3102 3091 3100 3089 3097 3098 3100 3093 3099 3091 3110 3105 3097 3101 3091 3098 3084 3089 3092 3087 3093 3079 3076 3053 3039 3020 3010 3015 3019 3013 3025 3024 3023 3033 3022 3020 3019 3016 3020 3012 3028 3039 3024 3035
2993 2980 2987 2990 3003 2991 2980 3001 3006 3019 3009 3025 3061 3066 3086 3091 3100 3073 3083 3084 3095 3092 3098 3102 3094 3101 3098 3100 3086 3087 3082 3092 3100 3101 3113 3103 3099 3106 3085 3084 3101 3086 3056 3043 3032 3017 3018 3005 2999 3015 3011 3027 3017 3024 3029 3027 3025 3028 3014 3016 3019 3036 3030 3029
2994 2994 2994 2999 2996 2985 2997 2995 3007 3012 3010 3027 3052 3066 3077 3092 3081 3079 3069 3082 3093 3088 3118 3109 3098 3095 3085 3090 3090 3083 3086 3085 3080 3106 3100 3103 3094 3094 3087 3079 3083 3077 3058 3032 3023 3018 3016 3012 3004 3016 3012 3015 3008 3021 3032 3024 3016 3026 3026 3014 3018 3018 3016 3020
2999 2998 2992 2990 2997 2994 2997 2990 3006 3006 3008 3023 3044 3047 3067 3089 3079 3076 3073 3080 3093 3090 3103 3087 3093 3096 3102 3098 3111 3094 3090 3098 3088 3101 3104 3109 3108 3096 3101 3077 3079 3074 3052 3035 3037 3018 3003 3014 3011 3018 3017 3010 3021 3021 3020 3037 3041 3041 3045 3042 3024 3033 3023 3030
3011 3005 2993 3000 2999 2981 2987 2982 2999 2997 3009 3005 3025 3041 3065 3075 3085 3082 3080 3084 3085 3091 3089 3100 3093 3091 3101 3096 3097 3090 3096 3092 3094 3099 3108 3100 3102 3106 3092 3074 3084 3072 3062 3040 3011 3002 3012 3005 3013 3020 3022 3003 3013 3010 3023 3032 3030 3055 3054 3039 3028 3019 3035 3029
3007 3020 2995 3005 2995 2991 2990 2991 3001 2992 2998 3011 3016 3029 3041 3071 3087 3078 3067 3078 3086 3089 3081 3091 3094 3109 3098 3092 3092 3099 3082 3086 3085 3092 3083 3093 3096 3089 3088 3078 3078 3056 3046 3041 3016 3013 3020 3013 3017 3021 3021 3022 3025 3008 3014 3015 3027 3030 3045 3049 3048 3024 3033 3027
2999 2992 3010 2994 2993 3002 2986 2995 2998 3008 3001 3005 3016 3018 3042 3056 3066 3086 3082 3090 3088 3097 3093 3107 3119 3105 3091 3110 3094 3101 3100 3094 3088 3091 3085 3108 3091 3099 3086 3098 3079 3063 3047 3024 3045 3016 3009 3016 3007 3029 3018 3025 3017 3019 3003 3019 3028 3025 3038 3026 3042 3047 3042 3040
2998 3013 2995 3002 2981 2978 2999 3009 3017 3011 3002 3014 3018 3029 3036 3054 3072 3076 3093 3096 3084 3103 3094 3106 3095 3100 3094 3097 3103 3090 3099 3093 3109 3101 3090 3099 3098 3090 3096 3087 3074 3061 3052 3028 3036 3007 3019 3014 3026 3012 3018 3029 3019 3020 3019 3013 3031 3036 3042 3040 3038 3055 3040 3018
3009 3012 3008 2990 2998 2994 3007 3023 3021 3014 3001 3017 3026 3029 3035 3044 3055 3070 3083 3082 3078 3096 3103 3113 3091 3102 3097 3097 3108 3098 3091 3097 3098 3105 3094 3105 3079 3097 3086 3091 3066 3048 3033 3035 3013 3027 3021 3027 3017 2999 3014 3002 3026 3030 3022 3023 3018 3040 3036 3034 3038 3030 3027 3017
3006 3010 2996 2999 3001 3002 3001 3015 3004 3018 3016 3027 3007 3018 3035 3040 3060 3067 3059 3079 3090 3083 3102 3094 3096 3110 3098 3105 3101 3096 3100 3099 3091 3105 3100 3104 3092 3093 3082 3084 3054 3052 3038 3030 3028 3010 3025 3023 3008 3000 3004 2998 3011 3019 3013 3018 3020 3037 3050 3043 3033 3038 3026 3023
3014 3016 3001 2999 3006 3012 3005 3009 3019 3015 3030 3011 3018 3016 3015 3028 3038 3065 3078 3086 3073 3068 3080 3083 3087 3099 3103 3091 3097 3085 3096 3087 3097 3096 3093 3111 3095 3085 3084 3076 3050 3051 3029 3025 3012 3025 3006 3009 3017 3019 3014 3012 3012 3017 3012 3008 3022 3037 3029 3037 3030 3010 3031 3018
3004 3008 3002 3006 3003 2999 3011 3002 3010 3008 3017 3016 3013 3013 3008 3019 3023 3056 3070 3072 3080 3087 3093 3089 3093 3096 3100 3094 3096 3073 3084 3087 3079 3090 3099 3093 3085 3084 3068 3073 3042 3036 3026 3025 3026 3015 3020 3019 3015 3016 3012 3005 3008 3006 2999 3010 3012 3022 3037 3037 3023 3017 3014 3019
3001 3006 3000 3020 3011 3010 3008 3016 3013 3008 3009 3013 3014 3017 3026 3014 3025 3034 3055 3064 3102 3102 3083 3085 3096 3094 3103 3096 3092 3078 3093 3099 3089 3097 3092 3088 3100 3085 3073 3067 3023 3025 3030 3013 3020 3027 3018 3014 3019 3015 3012 3017 3010 3004 2999 3007 3004 3016 3014 3009 3025 3027 3019 3014
3002 3008 3002 3004 3002 3019 3014 3012 3008 3008 2996 3016 3020 3009 3012 3036 3030 3041 3089 3093 3103 3101 3101 3093 3089 3082 3089 3093 3086 3089 3093 3079 3086 3083 3083 3090 3080 3078 3072 3044 3033 3021 3024 3031 3027 3025 3030 3005 3006 3006 3019 3015 3008 3007 3010 3003 3018 3015 3023 3013 3027 3023 3022 3021
3005 3007 3000 2999 3010 3009 3000 3016 3000 3007 2998 3011 3007 3006 3005 3015 3021 3049 3097 3096 3096 3102 3104 3100 3099 3105 3086 3093 3094 3096 3088 3084 3090 3089 3093 3082 3095 3095 3059 3057 3032 3027 3030 3034 3033 3023 3015 3020 3013 3010 3014 3006 3000 2992 3008 3011 3016 3008 3007 2999 3021 3037 3029 3017
3011 3007 3001 3007 3000 3005 3016 3028 3023 3012 3007 3011 3009 3008 3018 3019 3021 3048 3059 3098 3088 3099 3092 3100 3085 3094 3100 3088 3101 3096 3097 3093 3096 3110 3095 3087 3080 3082 3066 3053 3040 3032 3031 3034 3026 3016 3014 3001 3013 3003 3003 3026 3020 3012 3018 3022 3018 3002 3018 3007 3002 3020 3041 3029
3013 3010 3009 2996 3003 2997 3010 3014 3006 3014 2994 3002 3020 3002 3007 3018 3037 3034 3064 3077 3080 3083 3101 3096 3094 3091 3096 3118 3081 3100 3100 3098 3091 3104 3097 3074 3092 3085 3076 3061 3049 3039 3029 3022 3019 3007 3010 3006 3015 3001 3011 3015 3010 3010 3029 3036 3026 3028 3017 3004 3011 3010 3038 3036
3008 3008 2998 3006 3013 3008 3010 3013 3010 3017 2996 3005 3010 3024 3021 3025 3047 3051 3072 3078 3094 3090 3107 3099 3089 3092 3105 3111 3086 3090 3102 3104 3102 3095 3111 3100 3099 3102 3070 3067 3073 3051 3053 3029 3039 3039 3038 3019 3031 3015 3024 3029 3036 3032 3040 3049 3037 3035 3035 3025 3044 3039 3041 3046
3003 3019 3009 3003 3005 3017 3002 3002 3014 2995 3006 3003 3019 3015 3021 3030 3045 3062 3065 3085 3091 3106 3091 3105 3094 3106 3094 3086 3090 3093 3105 3081 3101 3090 3092 3084 3090 3093 3079 3079 3075 3083 3074 3064 3063 3044 3046 3031 3046 3053 3035 3055 3062 3045 3042 3045 3049 3048 3045 3046 3036 3052 3023 3039
3016 3016 3009 3001 3007 3000 3018 3009 3022 3016 3020 3024 3021 3038 3028 3047 3061 3069 3090 3089 3100 3098 3099 3109 3097 3113 3102 3096 3095 3095 3089 3099 3104 3109 3104 3098 3088 3093 3087 3082 3090 3085 3075 3062 3059 3052 3061 3046 3058 3048 3054 3044 3064 3063 3059 3054 3055 3053 3061 3061 3068 3056 3066 3049
3018 3021 3026 3004 3018 3011 3007 3005 3034 3020 3019 3022 3043 3032 3026 3033 3069 3070 3093 3096 3104 3098 3103 3101 3108 3117 3103 3106 3106 3099 3095 3091 3109 3113 3100 3095 3092 3096 3085 3100 3089 3091 3096 3075 3060 3067 3063 3059 3054 3066 3054 3047 3060 3063 3057 3061 3066 3074 3069 3067 3068 3066 3066 3063
3024 3024 3022 3021 3022 3021 3022 3022 3030 3023 3033 3036 3042 3045 3042 3054 3075 3080 3093 3094 3093 3103 3100 3103 3114 3098 3099 3105 3108 3110 3109 3100 3111 3103 3098 3093 3097 3099 3104 3106 3106 3101 3090 3087 3083 3056 3061 3071 3075 3058 3060 3058 3068 3063 3059 3062 3069 3067 3082 3073 3069 3078 3058 3066
3007 3029 3028 3026 3039 3022 3032 3033 3034 3029 3052 3050 3077 3064 3053 3051 3074 3071 3071 3081 3095 3106 3095 3104 3098 3101 3093 3094 3113 3107 3119 3113 3097 3092 3091 3086 3096 3108 3101 3101 3099 3094 3097 3067 3089 3077 3082 3060 3061 3055 3075 3075 3064 3052 3060 3053 3066 3076 3080 3068 3069 3082 3072 3077
3022 3034 3033 3038 3029 3042 3034 3045 3048 3035 3052 3058 3076 3072 3065 3074 3070 3080 3083 3086 3097 3093 3099 3093 3107 3093 3101 3098 3094 3123 3115 3098 3102 3092 3090 3079 3093 3101 3109 3111 3092 3091 3085 3084 3077 3088 3072 3083 3074 3067 3080 3071 3059 3075 3067 3076 3085 3067 3070 3071 3071 3082 3081 3084
3045 3035 3023 3043 3042 3054 3058 3064 3047 3054 3061 3063 3082 3085 3074 3076 3078 3074 3081 3076 3084 3084 3092 3091 3095 3091 3072 3086 3097 3110 3100 3111 3105 3092 3080 3084 3088 3087 3117 3111 3085 3086 3068 3086 3074 3065 3082 3079 3084 3076 3059 3086 3076 3080 3079 3068 3072 3079 3082 3068 3087 3091 3080 3073
3035 3035 3024 3045 3056 3063 3047 3055 3061 3055 3059 3072 3077 3085 3094 3088 3092 3076 3076 3092 3098 3093 3098 3079 3088 3084 3077 3086 3088 3103 3098 3109 3086 3096 3095 3095 3092 3105 3113 3107 3109 3091 3079 3089 3070 3060 3075 3082 3076 3083 3082 3083 3071 3087 3080 3089 3071 3066 3077 3079 3094 3099 3098 3084
3036 3059 3043 3058 3076 3075 3068 3065 3073 3080 3049 3066 3070 3086 3088 3077 3094 3096 3085 3085 3091 3101 3089 3080 3094 3072 3080 3085 3075 3094 3103 3101 3103 3100 3108 3104 3102 3092 3102 3098 3082 3090 3070 3078 3076 3066 3077 3068 3083 3081 3092 3095 3088 3082 3078 3074 3071 3071 3076 3097 3082 3089 3077 3074
