3061 3053 3062 3061 3058 3060 3063 3058 3059 3054 3046 3050 3047 3059 3050 3057 3049 3049 3059 3061 3070 3055 3062 3062 3065 3058 3063 3059 3068 3062 3063 3057 3061 3083 3062 3056 3070 3058 3045 3057 3023 3034 3042 3035 3037 3022 3041 3028 3040 3029 3027 3038 3023 3027 3030 3006 3019 3007 3011 3026 3012 3027 3030 3032
3063 3063 3054 3066 3061 3065 3063 3056 3056 3039 3046 3046 3025 3056 3036 3055 3061 3055 3067 3052 3061 3060 3063 3069 3063 3062 3069 3065 3064 3060 3062 3068 3061 3064 3066 3074 3071 3058 3066 3052 3044 3039 3050 3052 3036 3047 3040 3048 3033 3041 3028 3036 3019 3022 3017 3019 3012 3017 3020 3017 3017 3030 3011 3013
3064 3045 3045 3055 3064 3056 3051 3062 3045 3045 3052 3052 3034 3040 3044 3066 3063 3065 3056 3049 3058 3054 3072 3067 3072 3071 3070 3066 3059 3071 3075 3070 3064 3062 3060 3066 3059 3059 3061 3057 3049 3048 3052 3056 3037 3048 3035 3051 3038 3041 3033 3025 3025 3025 3037 3023 3017 3024 3011 3000 3012 3021 3006 3016
3054 3052 3058 3058 3064 3060 3055 3052 3045 3047 3055 3050 3033 3046 3046 3045 3058 3061 3059 3048 3058 3046 3066 3058 3079 3051 3060 3073 3068 3063 3073 3074 3065 3060 3061 3071 3056 3075 3069 3065 3070 3068 3063 3067 3049 3046 3037 3035 3037 3026 3018 3017 3024 3022 3028 3020 3020 3008 3020 3016 3013 3011 3010 3013
3058 3048 3051 3048 3053 3038 3060 3049 3037 3057 3051 3054 3042 3043 3050 3047 3044 3047 3052 3054 3054 3065 3052 3064 3063 3063 3069 3054 3051 3060 3081 3069 3059 3066 3058 3064 3075 3074 3087 3091 3083 3063 3074 3064 3053 3051 3028 3032 3020 3030 3029 3024 3023 3008 3014 3008 3007 3009 3012 3037 3023 3039 3019 3018
3045 3043 3050 3050 3046 3036 3045 3041 3033 3039 3046 3056 3057 3046 3039 3055 3054 3045 3041 3038 3052 3060 3060 3059 3091 3068 3048 3053 3064 3069 3078 3085 3067 3087 3081 3085 3100 3087 3092 3090 3074 3079 3087 3074 3062 3049 3042 3039 3036 3039 3034 3034 3021 3014 3014 3016 3015 3010 3021 3045 3040 3017 3017 3016
3050 3038 3033 3038 3055 3040 3038 3030 3029 3031 3060 3040 3037 3046 3058 3047 3052 3053 3043 3047 3057 3055 3067 3067 3093 3074 3074 3068 3081 3084 3089 3090 3083 3094 3095 3090 3109 3094 3098 3097 3100 3099 3083 3077 3066 3066 3060 3044 3040 3046 3040 3042 3028 3027 3025 3025 3003 3028 3017 3028 3024 3014 3015 3016
3016 3001 3006 3007 2999 3011 3022 3012 3018 3009 3030 3038 3027 3020 3036 3026 3037 3032 3026 3039 3026 3051 3069 3069 3074 3067 3068 3071 3080 3096 3096 3093 3104 3096 3081 3090 3101 3093 3105 3089 3082 3104 3098 3079 3087 3084 3056 3033 3044 3043 3029 3022 3023 3025 3018 3016 3022 3006 3006 3014 3029 3019 3023 3010
2982 2989 2970 2988 2978 2979 2978 2984 2983 2980 2984 3005 3000 3012 3024 3028 3012 3016 3023 3013 3036 3054 3071 3064 3082 3077 3072 3078 3101 3093 3093 3092 3096 3090 3089 3085 3088 3081 3089 3090 3074 3095 3098 3097 3099 3090 3065 3046 3054 3029 3036 3021 3013 3012 2995 3018 3021 3019 3017 3017 3016 3034 3021 3026
2986 2975 2974 2965 2972 2974 2976 2979 2976 2980 2985 2982 2995 3015 3023 3022 3005 3007 3020 3024 3028 3041 3069 3067 3077 3078 3079 3084 3089 3089 3083 3090 3093 3091 3081 3079 3082 3080 3092 3085 3081 3089 3090 3093 3100 3084 3066 3051 3035 3036 3030 3031 3017 3023 3020 3022 3024 3022 3005 3003 3014 3006 3017 3008
2995 2983 2977 2968 2969 2982 2984 2978 2987 2982 2980 2992 3001 3006 3026 3023 3016 3017 3024 3044 3038 3043 3080 3084 3060 3050 3065 3086 3089 3091 3096 3096 3107 3104 3082 3079 3083 3087 3075 3096 3091 3103 3088 3086 3091 3072 3075 3060 3053 3043 3037 3026 3024 3029 3031 3020 3013 3014 3008 3002 2996 3009 3005 2993
2976 2976 2983 2973 2975 2984 2982 2983 2983 2976 2992 3002 3006 3011 3015 3007 3001 3024 3013 3032 3041 3053 3088 3083 3072 3087 3077 3070 3097 3081 3108 3093 3096 3099 3091 3088 3089 3096 3094 3081 3099 3091 3087 3086 3086 3075 3068 3058 3053 3047 3040 3044 3041 3039 3036 3033 3018 2992 3003 3012 3016 3008 3006 3005
2981 2971 2977 2983 2984 2979 2981 2979 2961 2985 3006 2999 3007 3023 3002 3002 2997 2999 3010 3025 3046 3059 3073 3077 3082 3064 3067 3080 3078 3093 3111 3095 3088 3081 3093 3088 3073 3072 3092 3103 3107 3088 3082 3093 3092 3083 3082 3074 3054 3043 3051 3048 3041 3030 3022 3037 3017 3011 3010 3026 3019 3012 3022 3002
2976 2971 2980 2991 2965 2989 2985 2987 2982 2983 3000 3014 3012 3016 3009 3009 3022 3016 3024 3040 3055 3075 3077 3090 3080 3079 3075 3083 3092 3097 3089 3087 3092 3079 3097 3080 3081 3093 3088 3099 3103 3105 3097 3090 3085 3087 3082 3078 3051 3049 3048 3052 3034 3049 3039 3048 3012 3011 3016 3023 3008 3023 3008 3023
2979 2983 2976 2989 2985 2993 2983 2982 2984 3003 3011 3016 3023 3033 3026 3024 3010 3025 3043 3047 3062 3066 3068 3085 3079 3092 3088 3086 3101 3104 3080 3084 3079 3092 3083 3089 3080 3082 3087 3093 3100 3114 3107 3103 3096 3096 3102 3094 3074 3058 3063 3036 3044 3034 3051 3040 3026 3001 3010 2996 3009 3001 3015 3014
2981 2984 2998 2989 3000 2998 2996 3000 3000 3013 3010 3025 3028 3033 3036 3024 3033 3025 3039 3052 3071 3079 3082 3071 3088 3084 3092 3091 3089 3086 3092 3080 3079 3084 3092 3089 3096 3092 3092 3083 3108 3110 3094 3095 3096 3092 3092 3088 3067 3065 3062 3063 3049 3043 3019 3033 3039 3025 3009 3015 3013 3012 3014 3023
2993 3008 3016 3019 3000 3000 3016 3014 3002 3005 3021 3022 3028 3019 3030 3022 3036 3042 3040 3061 3072 3085 3097 3101 3099 3083 3089 3078 3080 3094 3076 3084 3095 3103 3101 3092 3098 3096 3096 3094 3092 3098 3096 3077 3087 3086 3094 3096 3084 3081 3081 3096 3070 3050 3058 3048 3035 3039 3018 3012 3011 3015 3028 3022
3013 3021 3015 3025 3010 3012 3006 2996 3009 3011 3018 3007 3024 3033 3034 3037 3043 3047 3041 3064 3065 3083 3091 3088 3091 3077 3092 3083 3090 3079 3081 3083 3099 3103 3085 3092 3089 3087 3085 3081 3086 3100 3087 3084 3075 3075 3071 3084 3075 3096 3085 3091 3067 3046 3062 3040 3042 3026 3009 3020 3021 3018 3019 3015
3002 3004 3008 2998 3003 2994 3003 2996 3011 3015 3019 3023 3013 3023 3024 3035 3057 3037 3038 3055 3061 3078 3093 3092 3083 3081 3090 3090 3072 3083 3075 3096 3099 3100 3084 3100 3090 3100 3073 3062 3099 3098 3092 3083 3090 3072 3077 3085 3084 3087 3080 3100 3082 3070 3060 3034 3038 3026 3013 3015 3016 3012 3022 3012
3011 3010 3015 3010 3012 3024 3013 3020 2992 3018 3020 3022 3022 3029 3027 3047 3054 3048 3044 3059 3066 3075 3090 3094 3079 3090 3092 3081 3081 3093 3086 3088 3093 3091 3083 3097 3094 3085 3090 3092 3102 3096 3110 3093 3080 3072 3079 3083 3078 3084 3079 3089 3072 3076 3048 3034 3039 3028 3015 3013 3016 3013 3015 3018
3013 3029 3016 3008 3014 3012 3017 3006 3007 3023 3032 3017 3037 3043 3040 3059 3056 3066 3057 3062 3066 3071 3080 3087 3072 3065 3086 3079 3092 3096 3090 3089 3072 3092 3088 3100 3104 3101 3093 3109 3081 3092 3096 3096 3078 3057 3077 3080 3076 3091 3074 3081 3075 3067 3042 3047 3034 3033 3033 3025 3016 3013 3015 3013
3022 3025 3028 3014 3008 3023 3022 3017 3022 3019 3024 3017 3031 3034 3034 3063 3064 3059 3073 3083 3061 3068 3087 3089 3080 3090 3090 3093 3082 3086 3080 3081 3087 3087 3099 3089 3094 3092 3087 3091 3101 3093 3100 3078 3075 3078 3072 3085 3075 3091 3078 3074 3074 3084 3052 3036 3035 3026 3030 3033 3022 3013 3025 3022
3019 3017 3017 3008 3014 3011 3016 3024 3026 3014 3000 3009 3034 3028 3038 3053 3059 3071 3076 3072 3082 3082 3077 3073 3074 3081 3077 3081 3082 3092 3090 3087 3102 3088 3082 3087 3076 3084 3094 3091 3089 3092 3082 3076 3079 3070 3073 3079 3086 3081 3077 3075 3079 3074 3057 3050 3037 3023 3034 3022 3022 3003 3010 3010
3027 3016 3017 3019 3013 3009 3016 3017 3030 3010 3000 3019 3022 3028 3039 3064 3066 3068 3079 3071 3078 3074 3087 3095 3100 3085 3083 3076 3083 3075 3098 3089 3086 3097 3097 3087 3091 3073 3083 3094 3094 3092 3092 3082 3090 3080 3089 3077 3078 3089 3074 3075 3078 3080 3072 3049 3038 3028 3025 3018 3033 3015 3012 3009
3005 3008 3009 3002 3007 3020 3006 3002 3006 3017 3021 3028 3018 3023 3058 3068 3071 3094 3085 3077 3086 3086 3099 3085 3080 3088 3079 3086 3088 3070 3096 3087 3091 3087 3094 3093 3086 3091 3093 3090 3092 3105 3094 3085 3084 3080 3081 3081 3088 3097 3086 3085 3084 3076 3063 3026 3022 3020 3017 3023 3008 3012 3008 3015
3004 3000 2996 3007 3010 3013 3003 3015 2993 3011 3005 3012 3007 3034 3042 3060 3088 3083 3085 3093 3087 3088 3091 3077 3087 3090 3078 3085 3084 3076 3091 3094 3087 3096 3099 3094 3090 3078 3089 3088 3102 3102 3093 3088 3088 3087 3087 3090 3088 3086 3090 3095 3080 3066 3043 3024 3032 3031 3017 3021 3035 3015 3021 3018
2986 3007 3009 2997 3008 2997 3007 3002 3008 3009 3005 3012 3010 3023 3055 3055 3078 3086 3077 3085 3071 3089 3077 3086 3079 3088 3082 3089 3084 3084 3085 3095 3109 3111 3085 3079 3082 3086 3077 3071 3090 3104 3089 3087 3072 3090 3085 3104 3081 3076 3093 3089 3089 3065 3044 3021 3038 3021 3027 3028 3023 3032 3022 3027
3002 3010 3005 3017 3001 3006 3002 3005 3008 3013 3006 3014 3016 3024 3056 3064 3075 3090 3088 3076 3080 3075 3085 3069 3079 3080 3083 3092 3088 3100 3092 3081 3100 3092 3094 3077 3072 3081 3076 3081 3073 3090 3089 3090 3075 3082 3083 3083 3067 3075 3087 3081 3080 3075 3057 3041 3042 3018 3016 3021 3027 3026 3019 3011
2997 2999 3015 3029 3031 3013 3013 2999 3004 3017 3002 2995 3014 3024 3062 3055 3061 3071 3079 3076 3076 3068 3086 3078 3075 3079 3082 3086 3083 3093 3079 3082 3082 3078 3082 3064 3081 3081 3073 3069 3078 3099 3083 3091 3091 3091 3076 3074 3084 3078 3075 3080 3078 3078 3053 3027 3041 3044 3039 3023 3024 3026 3011 3002
2989 2997 3013 3022 3029 3023 3011 3001 3010 3007 3013 3004 3011 3045 3055 3064 3066 3066 3071 3070 3063 3081 3079 3092 3078 3087 3096 3088 3100 3096 3077 3068 3085 3092 3086 3075 3078 3068 3074 3084 3071 3085 3082 3082 3079 3088 3098 3094 3082 3094 3085 3076 3073 3078 3061 3032 3038 3024 3024 3008 3009 3014 3016 3009
3007 3012 3017 3018 3004 3007 3006 3011 3016 3007 3007 3019 3009 3042 3044 3041 3054 3068 3082 3099 3084 3081 3091 3078 3084 3082 3079 3079 3087 3090 3097 3083 3095 3086 3091 3089 3081 3078 3080 3081 3086 3080 3089 3072 3090 3089 3092 3085 3091 3083 3080 3082 3082 3072 3059 3039 3022 3031 3023 3008 3018 3012 3015 3014
3015 3012 3013 3015 3016 3010 3007 3013 3019 3023 3015 3016 3008 3012 3057 3047 3058 3053 3088 3080 3072 3091 3079 3079 3077 3079 3099 3086 3082 3086 3089 3087 3087 3094 3081 3081 3082 3089 3079 3084 3080 3089 3078 3090 3083 3078 3087 3088 3086 3080 3084 3076 3089 3064 3043 3028 3024 3021 3024 3027 3005 3009 3012 3015
3021 3017 3023 3026 3017 3014 3019 3013 3023 3020 3016 3007 3017 3017 3042 3041 3059 3087 3078 3075 3077 3062 3084 3085 3077 3085 3070 3091 3092 3092 3089 3076 3077 3083 3085 3084 3085 3092 3084 3071 3074 3079 3078 3078 3080 3090 3077 3081 3092 3090 3073 3079 3079 3077 3045 3021 3032 3026 3021 3020 3017 3017 3025 3017
3006 3033 3042 3024 3025 3017 3021 3015 3013 3018 3018 3018 3017 3020 3026 3045 3056 3064 3070 3072 3086 3087 3083 3077 3076 3080 3072 3084 3081 3089 3080 3091 3079 3091 3070 3084 3086 3094 3096 3071 3072 3077 3080 3092 3092 3085 3081 3068 3094 3081 3077 3068 3069 3076 3047 3028 3033 3037 3008 3015 3008 3016 3003 3017
3011 3015 3024 3020 3026 3023 3001 3012 3007 3004 3010 3004 3010 3032 3019 3029 3059 3070 3068 3076 3085 3089 3078 3090 3077 3084 3085 3084 3103 3099 3088 3083 3087 3094 3078 3088 3085 3082 3075 3087 3061 3075 3080 3088 3091 3078 3075 3093 3082 3078 3072 3065 3076 3060 3041 3025 3040 3032 3012 3014 3012 3004 3026 3033
3020 3015 3006 3014 3017 3000 3014 3010 3005 2999 3001 3013 3008 3024 3023 3022 3054 3065 3080 3080 3074 3089 3085 3077 3079 3077 3084 3089 3094 3094 3096 3095 3094 3100 3079 3078 3079 3078 3078 3085 3083 3067 3087 3083 3091 3091 3091 3083 3095 3080 3070 3063 3058 3056 3039 3034 3031 3032 3011 3011 3013 3004 3012 3015
3001 3004 3016 3014 3008 3006 3009 3012 3012 3005 3010 3003 2994 3003 3003 3032 3033 3043 3067 3072 3086 3076 3082 3062 3079 3091 3087 3086 3090 3076 3078 3087 3095 3091 3084 3086 3079 3075 3090 3083 3085 3097 3080 3096 3087 3091 3086 3096 3080 3071 3068 3064 3060 3068 3041 3014 3018 3021 3014 3017 3003 3010 3022 3009
3009 3018 3005 3000 3011 3002 2995 3012 3010 3014 3006 3001 3011 2992 3005 3017 3029 3050 3076 3082 3088 3084 3086 3063 3072 3072 3088 3090 3092 3093 3077 3096 3087 3093 3078 3073 3079 3074 3073 3081 3066 3082 3091 3081 3091 3092 3093 3099 3093 3093 3087 3074 3059 3061 3039 3035 3013 3010 3005 3004 2996 2982 3004 3006
3006 3010 3025 3013 3001 3000 3006 2997 3005 3019 3004 3004 2994 3003 3018 3000 3020 3030 3049 3069 3070 3081 3071 3080 3080 3074 3071 3083 3085 3090 3095 3090 3101 3094 3078 3083 3090 3085 3074 3078 3082 3082 3089 3095 3103 3095 3094 3092 3101 3075 3073 3075 3051 3046 3032 3012 3008 3009 3004 3006 3003 3017 3001 3027
3001 3009 3020 3020 3002 2999 3000 3003 3003 3013 3011 3015 3005 3009 3004 3001 3001 3034 3041 3066 3061 3083 3074 3076 3075 3071 3076 3073 3091 3094 3090 3080 3090 3095 3080 3078 3085 3086 3087 3072 3076 3090 3081 3092 3089 3087 3093 3089 3088 3088 3079 3072 3053 3039 3040 3008 3007 3003 2996 2995 2998 3007 3007 3005
3007 3007 2997 2995 2995 3012 3020 3003 3011 3005 3010 3010 3014 3014 3001 2999 3002 3023 3061 3050 3065 3080 3068 3073 3069 3088 3084 3081 3086 3091 3085 3078 3078 3083 3093 3082 3083 3085 3080 3075 3073 3071 3094 3093 3092 3089 3076 3088 3079 3078 3068 3074 3054 3045 3027 3012 2997 3001 3016 3003 3011 3018 3007 3009
3005 2999 2999 2999 3007 3015 3020 3003 3002 2991 2995 3007 3006 3002 2993 3002 3006 3023 3069 3060 3068 3082 3071 3070 3075 3076 3080 3089 3084 3086 3080 3065 3073 3089 3074 3074 3085 3093 3086 3085 3090 3091 3071 3081 3086 3074 3077 3076 3082 3069 3076 3072 3046 3024 3021 3018 3012 3020 3012 3022 3016 3018 3009 3019
3008 3015 3012 3013 3005 3012 3004 3013 3002 3014 2996 2993 3004 2995 2996 3004 3006 3017 3031 3047 3068 3082 3077 3083 3084 3080 3077 3086 3079 3090 3090 3080 3082 3084 3069 3071 3070 3079 3075 3070 3078 3094 3084 3107 3084 3089 3092 3099 3074 3072 3072 3064 3034 3017 3016 3015 3014 3011 3018 3031 3015 3010 3018 3007
3009 3031 3020 3021 3013 3011 3004 3010 3005 3001 2998 2986 2998 2997 2988 3002 3012 3025 3017 3036 3059 3070 3081 3084 3076 3085 3083 3082 3086 3086 3086 3083 3078 3095 3085 3064 3072 3076 3078 3072 3081 3102 3080 3086 3085 3087 3094 3077 3076 3068 3060 3052 3036 3022 3017 3011 3008 3010 3014 3022 3034 3018 3017 3001
3008 2999 2994 2996 3018 2996 3007 3003 3002 2992 3010 2999 3001 3007 3006 2998 3010 3015 3015 3035 3060 3078 3066 3083 3067 3092 3073 3079 3098 3080 3078 3086 3081 3094 3096 3083 3077 3085 3084 3078 3085 3084 3081 3087 3087 3090 3084 3079 3078 3069 3055 3021 3027 3024 3016 3025 3005 3007 3010 3020 3013 3010 3013 3001
3001 2996 3000 3006 3003 3010 2997 2991 3004 3013 3013 3001 3000 2994 3023 3015 3025 3011 3006 3036 3037 3070 3070 3077 3080 3080 3106 3083 3085 3083 3096 3091 3095 3094 3095 3097 3092 3099 3097 3093 3091 3092 3096 3091 3088 3086 3082 3078 3076 3067 3036 3020 3025 3020 3016 3020 3017 3010 3010 3017 3016 3019 2997 3006
3003 2988 2993 3007 3005 3008 2996 3000 3011 3021 3002 3014 3019 3019 3006 3008 3010 3009 3011 3021 3047 3054 3062 3074 3068 3069 3087 3083 3077 3086 3090 3069 3096 3082 3089 3088 3081 3096 3086 3088 3081 3087 3086 3087 3091 3093 3081 3073 3083 3065 3060 3038 3015 3018 3016 3026 3024 3013 3014 3030 3020 3013 3014 3000
3003 3009 2997 3016 2998 2997 2994 3001 3006 3004 3009 3009 2991 3001 3007 3016 3019 3009 3012 3015 3012 3031 3052 3051 3067 3064 3069 3091 3085 3079 3085 3084 3093 3089 3092 3094 3091 3081 3100 3098 3089 3093 3089 3089 3107 3094 3084 3077 3077 3067 3043 3028 3022 3019 3011 3026 3019 3018 3016 3012 3014 3009 3009 3011
2989 2997 3005 2997 2989 2996 2993 3003 3000 3005 3000 3007 3009 3008 3013 3011 3004 3002 3007 3014 3015 3028 3055 3066 3065 3072 3077 3061 3075 3083 3088 3097 3097 3088 3093 3095 3083 3102 3105 3096 3088 3079 3087 3097 3099 3090 3073 3073 3053 3041 3025 3026 3023 3018 3015 3032 3012 3022 3005 3003 3006 2994 2998 3013
2985 2997 3007 3012 3003 2994 2998 3002 2999 3005 3010 3005 3004 3005 3005 3011 3017 2999 3020 3022 3017 3032 3056 3067 3071 3071 3084 3085 3079 3087 3103 3085 3077 3091 3100 3099 3090 3084 3086 3091 3091 3093 3084 3083 3090 3089 3075 3057 3037 3015 3019 3026 3030 3021 3016 3006 3014 3001 2992 2996 2989 3004 3010 3014
2996 3000 3001 2995 2992 2999 3002 3012 3004 3007 3003 2997 3020 2997 3018 3019 3019 3016 3009 3005 3018 3027 3047 3061 3080 3075 3087 3072 3098 3076 3086 3088 3080 3103 3076 3082 3081 3080 3085 3103 3090 3082 3087 3090 3092 3083 3082 3069 3047 3025 3027 3025 3011 3025 3023 3003 3012 3011 3013 3005 3005 3005 3007 3013
3005 3014 3006 3005 3003 3001 2991 2998 3001 3000 3014 2998 3000 3008 3014 3012 3018 3011 3008 2997 3012 3024 3042 3053 3068 3073 3083 3078 3097 3078 3083 3095 3086 3094 3067 3069 3072 3080 3091 3093 3088 3082 3078 3085 3096 3099 3089 3085 3042 3029 3025 3024 3022 3014 3019 3019 3004 3011 3017 3017 3020 3015 3007 3024
2994 2994 3000 3001 2997 2995 3010 3014 2995 2999 3008 3014 3007 3010 3010 3008 3015 3009 3009 3012 3024 3033 3051 3049 3076 3085 3088 3095 3084 3100 3100 3085 3092 3085 3090 3069 3073 3074 3091 3087 3079 3069 3090 3085 3092 3095 3079 3072 3046 3020 3019 3012 3023 3010 3014 3028 3028 3009 3010 3019 3005 3011 3019 3014
2989 2994 2988 2997 2998 3004 3019 3013 3001 2992 2998 3010 3018 2998 3016 3007 3003 2997 3002 3001 3011 3028 3059 3071 3084 3085 3093 3086 3098 3088 3085 3087 3092 3084 3086 3074 3089 3087 3087 3073 3077 3077 3081 3085 3076 3080 3077 3075 3042 3035 3014 3014 3007 3015 3013 3022 3023 3015 3010 3019 3012 2996 3005 3023
3001 2979 2999 3004 3011 3021 3009 3004 3004 3003 2997 2994 2999 3005 3011 3009 3015 3013 3008 3012 3020 3044 3042 3059 3074 3081 3077 3080 3091 3105 3078 3086 3083 3089 3078 3078 3078 3090 3083 3080 3089 3080 3083 3076 3087 3068 3070 3074 3049 3021 3017 3018 3016 3024 3009 3013 3010 3009 3017 3020 3019 3013 3007 3009
3004 2994 2993 3004 3006 3008 3011 2990 3004 2995 2993 2999 3008 2994 3015 3025 3028 3005 3003 3009 3023 3051 3057 3061 3071 3084 3075 3088 3095 3077 3080 3078 3082 3082 3086 3090 3090 3081 3080 3071 3089 3082 3079 3075 3086 3086 3087 3072 3040 3034 3022 3020 3033 3027 3018 3013 3012 3004 3021 3032 3026 3025 3020 3008
3009 2986 2986 3006 3001 3004 2997 3003 3001 3002 2988 3008 3010 3010 3008 3017 3029 3023 3023 3032 3043 3067 3081 3079 3078 3090 3105 3081 3098 3096 3093 3085 3087 3084 3093 3087 3093 3082 3071 3088 3078 3087 3089 3070 3075 3076 3085 3083 3070 3047 3044 3049 3034 3048 3025 3023 3020 3021 3025 3037 3036 3027 3023 3022
2994 3011 3002 3001 3006 3004 2992 2993 3009 3009 2995 3008 3010 3007 3015 3019 3021 3032 3039 3062 3072 3082 3089 3094 3084 3107 3095 3110 3105 3084 3087 3088 3083 3102 3094 3101 3099 3100 3078 3087 3090 3076 3081 3085 3079 3081 3101 3077 3072 3062 3070 3053 3063 3048 3058 3047 3044 3028 3043 3046 3051 3042 3027 3057
3002 3001 3011 3005 3011 3008 3016 3021 3005 3007 3006 3015 3011 3015 3036 3037 3029 3040 3062 3068 3094 3086 3080 3086 3085 3099 3101 3103 3096 3093 3093 3104 3103 3096 3096 3095 3088 3106 3101 3091 3089 3094 3083 3090 3089 3097 3094 3086 3068 3069 3073 3070 3064 3046 3047 3061 3047 3042 3050 3047 3038 3041 3048 3051
3001 3004 3007 3016 2998 3009 3028 3006 3018 3026 3021 3025 3016 3035 3045 3054 3050 3057 3068 3079 3093 3096 3092 3091 3092 3096 3097 3104 3081 3096 3089 3098 3096 3092 3093 3079 3097 3098 3118 3107 3101 3092 3087 3086 3085 3095 3098 3081 3085 3072 3070 3079 3059 3066 3049 3060 3049 3062 3038 3048 3056 3050 3050 3057
3013 3007 3019 3003 3020 3024 3028 3023 3013 3028 3031 3033 3028 3032 3055 3055 3043 3054 3080 3076 3085 3092 3102 3106 3089 3086 3098 3095 3086 3098 3097 3096 3104 3103 3093 3090 3090 3094 3086 3090 3102 3090 3090 3079 3091 3095 3093 3096 3080 3072 3082 3074 3076 3072 3072 3074 3077 3057 3054 3079 3053 3049 3052 3049
3031 3018 3018 3018 3024 3018 3022 3027 3025 3036 3040 3050 3048 3048 3060 3053 3050 3069 3071 3077 3080 3102 3109 3111 3105 3101 3072 3091 3089 3094 3095 3102 3092 3095 3092 3102 3104 3088 3092 3096 3097 3103 3098 3082 3086 3078 3096 3089 3094 3069 3091 3068 3079 3079 3071 3083 3070 3065 3070 3070 3060 3078 3050 3052
3014 3033 3040 3035 3037 3021 3039 3041 3046 3030 3035 3043 3056 3051 3062 3048 3058 3057 3069 3074 3086 3105 3098 3102 3098 3089 3094 3078 3092 3098 3117 3110 3095 3096 3105 3097 3106 3099 3096 3107 3093 3099 3099 3092 3086 3092 3081 3095 3088 3087 3089 3071 3081 3075 3068 3071 3076 3064 3066 3069 3068 3062 3060 3062
3016 3026 3028 3023 3031 3035 3060 3060 3052 3047 3029 3049 3058 3059 3055 3060 3067 3064 3078 3072 3079 3088 3098 3102 3086 3090 3092 3090 3087 3085 3095 3101 3094 3097 3095 3093 3096 3099 3106 3093 3095 3095 3097 3093 3103 3103 3085 3085 3084 3091 3077 3061 3077 3080 3056 3057 3076 3073 3088 3089 3092 3073 3066 3066
