3081 3067 3063 3068 3075 3061 3042 3071 3071 3066 3058 3045 3057 3060 3047 3048 3038 3046 3052 3039 3031 3029 3034 3047 3046 3047 3050 3050 3048 3039 3026 3039 3039 3035 3031 3030 3037 3024 3029 3029 3033 3035 3030 3022 3024 3010 3031 3026 3034 3035 3026 3020 3019 3000 3029 3026 3024 3031 3032 3036 3019 3025 3010 3014
3078 3062 3066 3069 3054 3062 3040 3046 3056 3059 3053 3053 3052 3051 3038 3046 3047 3042 3048 3039 3041 3028 3047 3046 3034 3034 3041 3037 3044 3036 3041 3032 3046 3041 3044 3039 3024 3042 3034 3039 3036 3038 3025 3024 3011 3025 3023 3035 3029 3019 3035 3010 3005 3011 3002 3015 3020 3033 3024 3023 3029 3018 3019 3000
3060 3069 3069 3066 3057 3048 3036 3033 3049 3061 3057 3056 3034 3053 3048 3036 3040 3045 3042 3037 3038 3047 3037 3038 3022 3029 3025 3031 3032 3043 3037 3043 3055 3047 3047 3039 3038 3033 3030 3040 3032 3030 3016 3019 3009 3013 3010 3017 3012 3026 3015 3014 3001 3006 3014 3026 3030 3033 3006 3024 3028 3038 3025 2995
3048 3049 3056 3062 3049 3047 3048 3046 3046 3051 3058 3049 3045 3042 3046 3029 3039 3037 3043 3028 3033 3030 3034 3034 3033 3038 3041 3040 3051 3043 3056 3058 3059 3045 3039 3039 3024 3036 3042 3041 3025 3039 3020 3011 3023 3015 3029 3021 3025 3025 3012 3021 3018 3014 3010 3013 3022 3011 3025 3016 3013 3027 3007 3007
3074 3057 3059 3058 3053 3060 3062 3061 3048 3038 3040 3050 3038 3038 3023 3031 3033 3039 3037 3029 3023 3032 3038 3050 3037 3039 3022 3046 3035 3049 3055 3061 3065 3058 3059 3031 3038 3015 3031 3038 3032 3034 3027 3028 3026 3017 3017 3016 3013 3019 3022 3007 3003 3009 3006 3020 3012 3011 3016 3027 3021 3001 3008 3006
3057 3051 3057 3054 3053 3045 3046 3044 3038 3038 3048 3036 3050 3051 3044 3036 3036 3026 3027 3035 3036 3050 3048 3059 3037 3037 3044 3040 3051 3052 3056 3059 3052 3050 3034 3038 3035 3034 3031 3025 3038 3024 3026 3029 3034 3032 3024 3023 3013 3027 3004 3025 3019 3015 3010 3022 3009 3011 3021 3022 3020 2993 3016 3012
3054 3041 3044 3056 3041 3040 3054 3047 3036 3053 3057 3057 3049 3052 3048 3039 3031 3036 3032 3036 3034 3038 3035 3050 3047 3047 3042 3028 3044 3064 3078 3065 3052 3047 3044 3040 3047 3048 3051 3027 3039 3041 3029 3021 3029 3028 3029 3025 3019 3017 3029 3013 3024 3010 3022 3010 3022 3016 3023 3024 3006 3002 3006 3004
3005 3026 3037 3021 3006 3000 2998 3013 3015 3021 3035 3029 3017 3027 3008 3010 3016 3028 3016 3023 3014 3034 3039 3036 3034 3032 3038 3042 3043 3057 3056 3072 3059 3043 3037 3046 3040 3041 3042 3034 3026 3032 3022 3029 3038 3036 3024 3019 3017 3027 3019 3017 3017 3013 3017 3009 3017 3019 3020 3018 3003 2996 2992 3003
2984 2985 2990 3005 2985 2974 2967 2992 2992 2999 2986 2980 2988 2986 2974 2989 3006 3006 2989 3012 2999 3014 3021 3010 3014 3009 3023 3019 3044 3047 3065 3055 3055 3045 3029 3051 3044 3046 3051 3038 3021 3020 3036 3011 3008 3015 3013 3018 3011 3011 3037 3032 3027 3013 3001 3000 3019 3018 3017 3028 3001 2975 3018 3013
2969 2971 2990 2975 2985 2977 2967 2988 2980 2975 2991 2995 2993 2985 2994 3002 3002 3010 3001 2996 3007 2992 3008 3018 3021 3025 3024 3018 3047 3045 3059 3050 3052 3034 3045 3045 3062 3037 3045 3051 3037 3043 3041 3034 3031 3018 3027 3008 3034 3027 3034 3021 3026 3008 3005 3018 3014 3018 3016 3013 3015 2983 2994 3002
2959 2982 2996 2992 2971 2982 2966 2984 2978 2993 2990 2999 2991 2985 3017 2998 3002 2994 3002 3002 3004 3010 3017 3019 3025 3015 3032 3038 3057 3054 3066 3056 3056 3059 3058 3050 3047 3064 3049 3044 3058 3061 3045 3052 3037 3045 3035 3029 3039 3024 3027 3029 3015 3020 3015 3018 3000 3017 2995 3015 3016 3020 3016 3001
2967 2977 2996 2986 2998 2979 2990 2992 3011 3004 3007 3005 3003 3003 2998 2998 3005 2997 2995 3003 3006 3014 3009 3022 3028 3025 3031 3037 3039 3074 3068 3091 3068 3062 3066 3049 3068 3081 3061 3064 3063 3076 3070 3052 3043 3037 3038 3022 3037 3026 3011 3014 3012 3016 3015 3018 3016 3018 3010 3000 3012 3000 3022 3010
2972 2992 2990 2998 2998 2997 2992 2998 2991 3003 3006 3001 2997 2993 2993 2989 3018 3012 2999 3001 3006 3021 3023 3028 3017 3037 3030 3039 3053 3046 3059 3077 3079 3068 3092 3082 3083 3084 3086 3061 3080 3075 3079 3079 3065 3038 3045 3037 3032 3026 3034 3022 3015 3003 3006 3008 3001 3013 3013 3009 3003 3004 3022 3015
2985 2989 2988 2990 3003 2994 2996 3014 2993 2989 3003 3001 3006 2992 3002 2993 3004 3005 3009 3021 3012 3012 3021 3025 3035 3030 3043 3046 3065 3058 3084 3065 3092 3084 3080 3083 3086 3083 3084 3088 3078 3081 3083 3077 3069 3055 3054 3036 3040 3043 3028 3032 3017 3021 3014 3015 3022 3010 3015 3015 3008 2994 3006 3007
2989 2983 2994 2986 2999 3000 2997 3000 2987 2984 3009 2999 3008 2998 3004 3006 2989 3014 3026 3014 3021 3018 3037 3035 3028 3032 3033 3055 3075 3080 3080 3084 3084 3086 3094 3090 3088 3085 3081 3077 3087 3074 3096 3081 3093 3078 3053 3046 3045 3033 3026 3048 3037 3010 3000 3009 3005 3009 3021 3021 3008 2999 3005 3007
2987 2985 2992 2995 2986 2995 2997 2994 2992 2997 3003 3008 2997 3008 2991 3004 3001 3010 3015 3004 3016 3032 3016 3029 3021 3035 3045 3051 3080 3082 3073 3080 3089 3091 3090 3095 3088 3076 3080 3083 3076 3072 3086 3082 3094 3079 3059 3060 3047 3043 3037 3033 3019 3018 3002 3015 3008 3014 3020 2997 3012 2999 3006 3005
2991 3001 3004 3010 2994 3004 3007 3005 3006 2996 2994 2995 3007 3000 2991 3009 3006 3018 3004 3011 3013 3011 3022 3029 3036 3049 3049 3058 3065 3080 3084 3090 3087 3102 3099 3074 3082 3095 3084 3086 3075 3089 3082 3078 3088 3082 3081 3071 3059 3050 3038 3030 3029 3023 3003 2996 3000 3008 3017 3014 3015 3013 3018 3004
2996 3002 3005 3000 3003 2998 3003 3008 3011 3013 2998 3013 3002 3004 3002 3016 3001 3012 3016 3008 3017 3022 3024 3034 3032 3037 3040 3073 3078 3090 3078 3088 3088 3086 3084 3092 3081 3080 3079 3078 3091 3088 3085 3087 3080 3094 3062 3081 3065 3057 3051 3027 3021 3022 3009 3002 2998 3004 3002 3015 3014 3006 2995 3000
3000 3009 3018 3005 2993 2996 2995 2997 3011 3011 3001 2997 2992 3004 3011 2998 2991 2999 3021 3017 3022 3025 3024 3038 3038 3054 3058 3072 3086 3098 3082 3080 3076 3085 3098 3096 3082 3093 3095 3074 3081 3080 3091 3086 3096 3095 3079 3089 3063 3060 3033 3019 3029 3011 3009 3004 3009 3027 3003 3010 3013 3011 2996 3008
2994 3005 3004 3008 3001 3001 2997 3011 3001 3003 3006 3012 3007 2998 3018 3007 3001 2989 3006 3016 3028 3053 3026 3027 3056 3053 3074 3071 3080 3092 3076 3090 3082 3089 3081 3085 3087 3097 3077 3081 3090 3092 3080 3094 3088 3093 3090 3076 3080 3059 3033 3020 3024 3018 3000 3007 3003 3006 3003 3014 2999 3006 3008 3007
3007 2997 3006 3007 3022 3001 3008 2993 2986 3000 2998 3000 2985 3002 3011 2990 3007 3003 3015 3031 3034 3044 3041 3047 3051 3063 3069 3084 3068 3083 3081 3082 3087 3084 3095 3084 3084 3092 3099 3095 3085 3097 3082 3089 3092 3087 3073 3080 3069 3057 3059 3017 3021 3010 3014 3002 3002 3010 3006 3004 3011 3006 3014 3002
2994 3018 3009 3005 3016 3002 3004 3000 3000 3010 3021 2998 3003 3004 3012 3006 2999 3005 3005 3018 3032 3045 3043 3060 3066 3064 3073 3079 3083 3073 3088 3093 3086 3092 3083 3091 3093 3080 3089 3085 3092 3095 3089 3103 3084 3081 3080 3096 3075 3069 3049 3026 3018 3015 3008 2999 2989 3007 3002 3013 3008 3003 3012 3011
3002 2991 3002 3003 3004 3006 3022 3012 3005 3003 3000 3013 3011 3008 3024 3004 3004 3005 3013 3004 3022 3031 3051 3067 3089 3073 3091 3081 3084 3084 3088 3079 3081 3095 3086 3101 3083 3091 3090 3092 3089 3089 3073 3073 3089 3084 3088 3085 3072 3060 3043 3020 3009 3009 2996 3005 3011 3017 3011 3011 3018 3006 2996 2996
2999 2993 3001 3004 3016 3010 3013 3007 3004 3006 3011 3008 3003 3007 3006 3003 3001 3006 3004 3004 3022 3043 3063 3066 3072 3087 3090 3073 3081 3082 3077 3088 3084 3086 3089 3086 3087 3091 3082 3084 3087 3103 3073 3081 3075 3082 3075 3084 3067 3060 3057 3034 3001 3006 3001 3023 3018 3012 3022 3013 3010 3004 3013 3000
2996 2995 2999 3010 3007 3006 3007 3002 3007 3009 2998 3014 2997 3011 2996 3008 3020 2987 3003 3015 3028 3036 3061 3080 3082 3073 3075 3072 3079 3076 3064 3078 3081 3078 3088 3071 3084 3087 3094 3096 3096 3094 3090 3073 3074 3079 3084 3081 3081 3068 3049 3023 3013 3012 3014 3015 3008 3005 3006 2996 2996 3004 3017 3021
3011 2997 3006 3002 3011 3001 2998 2999 3002 3015 3012 3005 3003 3004 2995 3001 2997 3005 2999 3014 3024 3041 3057 3087 3069 3078 3087 3074 3075 3077 3072 3074 3083 3090 3084 3099 3087 3088 3091 3090 3082 3078 3087 3085 3078 3095 3085 3088 3076 3064 3041 3006 3018 3003 3006 3024 3016 3008 3004 3006 3006 2999 3025 3026
2999 3006 3004 3005 3017 3000 2994 2994 2999 3012 2995 3006 3016 2999 3004 3013 3011 3003 3008 3028 3041 3047 3054 3057 3073 3073 3074 3074 3082 3085 3086 3095 3085 3098 3086 3092 3096 3095 3077 3098 3085 3087 3079 3074 3086 3097 3078 3081 3071 3072 3049 3016 3016 3011 3011 3004 3015 3019 3007 3012 2993 3001 3004 3007
2998 3005 2994 3012 3004 2997 3015 3009 3011 3003 2999 3000 3003 3007 3021 3007 3013 3001 3011 3015 3023 3046 3054 3064 3063 3076 3071 3086 3084 3080 3076 3079 3078 3078 3077 3096 3098 3098 3098 3086 3095 3085 3090 3084 3083 3097 3077 3086 3066 3060 3044 3023 3025 3007 3015 3006 3011 3018 3025 3015 3011 2998 3002 3001
3005 2999 2992 3006 3009 3003 3011 3000 3000 3002 2990 3015 2999 3012 3017 3015 3011 3007 3010 3014 3013 3032 3057 3087 3074 3080 3069 3081 3086 3083 3073 3066 3079 3080 3077 3102 3085 3092 3100 3088 3086 3077 3090 3085 3087 3081 3084 3083 3070 3065 3032 3032 3010 3002 3018 2993 3011 3013 3011 3019 3012 3008 3009 3014
3010 3006 2992 3004 3007 3009 3022 3003 2993 3002 2987 3009 3002 3013 3005 3018 3001 3007 3012 3022 3012 3030 3060 3067 3066 3079 3074 3086 3076 3087 3083 3077 3076 3082 3082 3092 3103 3082 3082 3091 3080 3093 3079 3080 3087 3084 3078 3074 3069 3059 3035 3017 3011 3006 3011 3015 3006 3020 3011 3011 3009 3010 3023 3014
3015 3014 2994 3001 3000 3001 3004 3009 3004 3001 3016 3007 3005 3010 3021 3008 3005 3010 3003 3013 3005 3024 3048 3067 3072 3073 3074 3086 3091 3075 3063 3072 3076 3088 3096 3084 3088 3090 3083 3090 3099 3082 3085 3091 3080 3099 3077 3081 3075 3062 3043 3018 3000 3004 3005 3011 3006 2999 3021 3027 3007 3017 3011 3017
3009 2991 3003 2995 3015 3013 3018 3009 3012 3003 3008 3001 2995 3000 3015 3002 3009 3002 2996 2999 3002 3008 3057 3060 3059 3070 3069 3068 3081 3073 3079 3072 3087 3083 3081 3085 3107 3082 3103 3082 3083 3087 3090 3097 3076 3088 3082 3063 3068 3048 3049 3021 3003 3011 3016 3001 3009 3002 3011 3021 3021 3024 3000 3009
3001 3005 3005 3002 3020 2996 2995 3018 3004 3006 3012 2999 2986 3001 3010 3001 3000 3004 3021 2999 3004 2997 3030 3051 3050 3056 3069 3080 3073 3081 3068 3072 3085 3093 3071 3087 3085 3098 3102 3101 3089 3084 3093 3099 3097 3089 3064 3051 3055 3056 3029 3027 3023 3016 3017 2994 2997 3000 3023 3032 3020 2999 3010 3002
3000 3010 3007 3015 3008 3001 2992 3008 2997 2997 2994 3004 3006 3002 2994 3010 3008 3011 3013 2996 3006 3012 3021 3031 3046 3065 3065 3062 3078 3076 3060 3075 3087 3099 3089 3091 3089 3096 3103 3092 3092 3086 3088 3091 3086 3081 3067 3066 3037 3041 3038 3031 3028 3017 3008 3007 2999 3005 3022 3016 3012 2994 2999 2998
3006 3005 3004 3009 3024 2996 3016 3015 3009 3008 2988 3008 3020 3012 2997 3003 3004 3005 2996 3014 2997 3017 3023 3024 3042 3052 3072 3079 3074 3063 3072 3081 3089 3093 3089 3102 3089 3096 3083 3083 3102 3080 3110 3090 3083 3083 3068 3048 3043 3036 3034 3037 3021 3016 3014 3019 3011 3030 3020 3017 3010 3003 2997 2991
2995 3002 3013 2996 2992 3002 3008 3012 3010 3003 2992 2991 3002 3004 2993 3002 3001 2999 2998 3004 3008 3013 3012 3017 3041 3061 3066 3083 3071 3077 3064 3086 3078 3094 3088 3087 3103 3089 3087 3090 3084 3088 3082 3082 3089 3078 3071 3061 3043 3036 3030 3036 3025 3026 3026 3024 3012 3024 3020 3015 3002 3016 3003 2999
3003 3006 3009 3010 2997 3013 3007 3011 2993 2999 3001 3003 3001 2994 2999 2997 3007 3012 3020 3014 3000 3000 2998 3003 3014 3033 3064 3069 3076 3074 3078 3084 3090 3101 3090 3098 3077 3095 3097 3086 3097 3095 3076 3078 3080 3078 3060 3057 3042 3031 3032 3019 3031 3023 3022 3032 3011 3006 3009 3010 3011 2998 2996 2998
3011 2992 3012 2992 3008 3004 3003 3011 3001 3010 3000 2996 2999 2995 2995 2986 3000 3019 3007 3001 3013 3016 3004 3009 3013 3036 3050 3067 3064 3067 3078 3085 3085 3088 3090 3086 3088 3083 3081 3086 3084 3086 3075 3080 3081 3078 3080 3065 3045 3033 3032 3032 3036 3019 3040 3031 3020 3014 3007 3024 2999 2993 2997 2996
2997 2999 2993 2997 3003 3000 2999 3006 2993 3001 2998 2994 3000 3018 3007 2986 2996 2996 2999 3012 3000 3000 2986 3001 3016 3036 3048 3049 3057 3070 3093 3092 3101 3080 3084 3083 3093 3095 3078 3092 3081 3081 3078 3085 3090 3087 3068 3055 3041 3036 3033 3026 3010 3032 3028 3032 3016 3019 3020 3004 2998 3010 3010 3002
3003 2995 2987 2996 2994 3006 3002 3003 2999 2995 3000 2987 3003 2997 2993 2996 2992 3007 3004 2997 3021 3005 2990 2998 3010 3033 3043 3057 3065 3068 3070 3073 3079 3087 3087 3083 3085 3084 3093 3085 3089 3077 3086 3074 3086 3078 3064 3037 3042 3031 3024 3021 3014 3022 3027 3039 3025 3021 3019 2998 3004 3008 3016 2992
3007 2992 3002 2997 2998 3009 3004 2992 2994 3001 2986 2998 2995 3004 2998 2996 3004 2992 2996 3013 3007 2997 2992 2999 3006 3008 3037 3042 3072 3060 3085 3085 3088 3088 3087 3094 3087 3089 3091 3102 3090 3081 3089 3068 3074 3078 3067 3055 3043 3032 3027 3020 3036 3029 3019 3039 3022 3016 3018 3007 3015 3008 3009 3003
3008 2991 2990 2993 3010 2999 2996 2995 2989 2984 2997 2989 2992 3003 3009 3004 3002 3001 2993 2989 3006 3009 3005 3003 3003 3021 3022 3043 3069 3063 3064 3078 3091 3093 3083 3090 3095 3088 3088 3084 3073 3080 3091 3074 3091 3080 3046 3050 3040 3038 3023 3023 3023 3030 3028 3023 3021 3014 3022 3010 3009 3010 3015 3008
3009 2999 2986 3007 3014 3011 3003 2999 3003 3013 3001 3002 3007 3001 3005 2999 3010 3002 2989 2995 3012 2989 2996 2997 2992 2996 3022 3045 3070 3078 3074 3089 3082 3088 3085 3098 3101 3081 3078 3086 3077 3075 3074 3070 3077 3055 3054 3040 3028 3029 3009 3016 3029 3014 3023 3004 3014 3013 3015 3012 3010 3014 2997 2984
3016 3009 3005 2991 3001 3012 3012 3005 3007 3013 3011 3011 3000 2994 3009 3016 3014 3006 3002 2992 2998 3019 3007 2996 2999 3003 3020 3033 3066 3067 3081 3080 3073 3087 3082 3076 3080 3102 3067 3081 3078 3076 3076 3075 3076 3055 3035 3030 3013 3007 3017 3004 3020 3006 3005 3000 3002 3011 3002 3020 3005 3000 2977 2988
3008 3003 2982 2991 2998 3007 3005 3010 3007 3012 3028 3003 3007 3008 3011 3019 2999 3002 3001 3004 3006 3010 3006 3012 3002 3029 3037 3060 3063 3070 3080 3088 3083 3092 3066 3081 3072 3079 3074 3083 3081 3071 3074 3074 3063 3072 3032 3025 3021 3013 3009 2999 3012 3016 3012 3003 3012 3012 3003 3016 3009 2988 2990 2994
3007 3007 2982 2985 3002 3004 2996 3001 3015 3001 3002 3000 3007 3009 3017 3002 2999 3007 3009 2999 2997 3007 3000 3003 3011 3014 3047 3062 3070 3082 3079 3077 3079 3071 3092 3074 3074 3081 3089 3078 3083 3080 3081 3075 3082 3065 3054 3038 3033 3013 3008 3003 3005 3010 2992 2993 2991 3002 3017 3022 3017 2999 3001 3021
3017 3002 2991 2993 2996 3000 3007 2999 3015 2999 2992 2996 2995 3015 2996 3026 3006 3000 2997 2996 3003 3001 3005 3027 3020 3033 3051 3055 3074 3083 3085 3087 3077 3081 3088 3068 3068 3056 3081 3088 3077 3088 3087 3079 3071 3064 3070 3051 3041 3023 3008 3019 3019 3030 3007 3014 3021 3028 3020 3018 3024 3019 3023 3034
3000 3002 3002 2998 2996 2988 2997 3004 3011 3006 2997 3007 3008 3012 3004 3005 3011 3010 3002 3009 2988 3002 3025 3031 3047 3054 3079 3069 3069 3072 3080 3091 3070 3090 3082 3073 3079 3073 3079 3079 3089 3085 3086 3077 3076 3072 3070 3064 3050 3041 3053 3033 3029 3035 3041 3029 3030 3035 3042 3028 3036 3032 3038 3047
3015 2995 3004 2998 3009 3002 2988 2995 2998 2994 3001 3003 3013 2998 3011 3017 3025 3024 3011 3022 3013 3043 3036 3042 3067 3070 3067 3067 3070 3083 3089 3087 3087 3080 3095 3076 3079 3071 3082 3087 3077 3076 3085 3087 3077 3066 3070 3069 3053 3049 3044 3039 3048 3056 3043 3049 3036 3052 3049 3048 3036 3042 3045 3048
2996 2996 3018 3010 3008 3007 2992 2995 2996 3003 3008 2998 2996 3004 3021 3022 3014 3025 3029 3021 3047 3048 3037 3055 3066 3074 3093 3082 3083 3076 3086 3081 3074 3082 3085 3085 3078 3072 3090 3088 3073 3085 3084 3085 3085 3075 3070 3056 3069 3064 3060 3070 3079 3068 3071 3056 3059 3065 3057 3053 3041 3048 3057 3032
2997 3005 3013 3010 3014 3005 2999 3005 3025 3015 3015 3018 3020 3017 3015 3022 3039 3030 3038 3051 3058 3048 3052 3056 3055 3057 3085 3097 3089 3081 3074 3077 3085 3071 3078 3079 3079 3086 3082 3076 3079 3071 3071 3079 3074 3073 3070 3067 3068 3070 3063 3065 3058 3061 3060 3044 3050 3060 3063 3053 3059 3053 3046 3050
2991 2989 2997 2997 3002 3006 3002 3016 3025 3015 3032 3023 3035 3035 3022 3027 3039 3058 3045 3059 3066 3058 3066 3051 3055 3056 3069 3082 3081 3079 3085 3095 3079 3073 3061 3066 3071 3083 3091 3070 3078 3072 3072 3085 3076 3083 3079 3069 3066 3080 3065 3067 3071 3065 3065 3048 3060 3063 3055 3045 3049 3051 3047 3055
3005 2987 2996 3007 2995 3009 3014 3024 3033 3027 3028 3033 3052 3043 3036 3051 3036 3065 3072 3053 3043 3063 3060 3070 3066 3064 3071 3073 3072 3078 3081 3091 3073 3090 3069 3079 3091 3090 3075 3074 3084 3077 3095 3074 3072 3079 3069 3074 3056 3065 3062 3054 3066 3075 3054 3060 3069 3075 3069 3067 3054 3062 3055 3061
3018 2989 2975 2984 3005 3004 3025 3005 3040 3046 3042 3053 3047 3068 3045 3059 3058 3048 3069 3067 3058 3057 3050 3073 3065 3062 3067 3058 3080 3078 3081 3099 3076 3078 3074 3082 3084 3075 3076 3083 3080 3074 3074 3085 3071 3062 3059 3074 3083 3062 3065 3054 3065 3061 3066 3061 3066 3070 3064 3065 3069 3069 3074 3043
3019 3006 2980 2997 3005 3019 3045 3028 3044 3042 3037 3049 3053 3056 3054 3057 3055 3066 3069 3055 3064 3048 3065 3057 3075 3061 3068 3074 3068 3077 3079 3075 3080 3070 3077 3075 3071 3088 3072 3078 3086 3087 3084 3086 3074 3060 3073 3079 3073 3059 3060 3049 3059 3054 3055 3059 3062 3061 3052 3059 3068 3061 3055 3057
3004 3006 2999 3009 3006 3025 3029 3036 3040 3053 3056 3050 3054 3056 3055 3060 3061 3063 3068 3067 3046 3057 3070 3067 3073 3060 3048 3068 3057 3064 3069 3070 3082 3081 3068 3066 3074 3064 3066 3087 3086 3082 3076 3078 3083 3062 3076 3085 3072 3076 3057 3060 3059 3049 3058 3064 3061 3056 3061 3057 3067 3059 3059 3053
3013 3019 3029 3033 3038 3047 3042 3046 3039 3069 3064 3060 3062 3052 3064 3045 3072 3063 3077 3073 3063 3055 3074 3061 3060 3060 3066 3064 3053 3046 3066 3062 3067 3066 3080 3068 3078 3063 3082 3082 3085 3084 3084 3078 3086 3077 3083 3078 3078 3071 3064 3068 3059 3064 3060 3074 3056 3057 3056 3059 3060 3064 3060 3049
3028 3037 3044 3045 3043 3052 3055 3052 3048 3051 3061 3060 3051 3055 3068 3069 3072 3071 3061 3073 3058 3068 3059 3053 3061 3062 3051 3059 3063 3057 3047 3047 3066 3076 3082 3081 3074 3055 3055 3060 3067 3076 3076 3081 3076 3079 3068 3064 3077 3071 3069 3063 3071 3054 3070 3065 3059 3061 3053 3058 3067 3062 3073 3068
3025 3045 3036 3039 3054 3051 3060 3067 3051 3056 3048 3071 3068 3056 3068 3063 3078 3077 3054 3051 3060 3060 3062 3066 3075 3069 3055 3053 3065 3058 3050 3070 3069 3071 3073 3074 3078 3066 3068 3071 3077 3077 3082 3073 3067 3076 3057 3054 3067 3065 3080 3054 3076 3051 3062 3067 3065 3057 3060 3050 3067 3055 3066 3074
3037 3040 3042 3050 3059 3047 3045 3060 3061 3058 3057 3055 3057 3071 3076 3073 3057 3060 3047 3055 3058 3064 3054 3055 3070 3070 3050 3055 3057 3065 3050 3072 3067 3069 3075 3072 3062 3071 3060 3061 3071 3075 3074 3078 3066 3060 3060 3063 3056 3060 3078 3074 3064 3076 3059 3054 3059 3068 3058 3045 3046 3066 3078 3076
3040 3051 3045 3048 3044 3052 3038 3069 3061 3057 3071 3067 3065 3068 3057 3061 3063 3065 3053 3065 3055 3051 3061 3064 3064 3065 3060 3054 3069 3067 3063 3056 3058 3061 3054 3065 3063 3056 3063 3064 3058 3084 3063 3063 3066 3061 3070 3066 3063 3068 3063 3075 3049 3062 3064 3057 3060 3043 3051 3054 3051 3065 3067 3072
3050 3044 3048 3038 3054 3064 3050 3060 3061 3066 3065 3065 3060 3058 3066 3067 3062 3072 3067 3050 3057 3045 3050 3062 3057 3062 3053 3046 3058 3068 3066 3059 3079 3050 3056 3055 3052 3058 3062 3062 3060 3049 3060 3051 3061 3057 3076 3064 3072 3056 3052 3063 3064 3040 3071 3065 3059 3042 3054 3050 3061 3064 3052 3048
3035 3030 3061 3054 3061 3059 3066 3062 3064 3055 3054 3059 3051 3056 3064 3075 3072 3068 3055 3056 3056 3058 3058 3056 3060 3070 3060 3056 3063 3068 3064 3059 3059 3060 3057 3045 3059 3050 3055 3049 3058 3065 3055 3056 3053 3070 3072 3075 3064 3054 3053 3070 3061 3055 3067 3069 3056 3056 3056 3065 3062 3073 3064 3062
3036 3056 3056 3060 3074 3061 3067 3055 3062 3053 3043 3068 3048 3041 3060 3060 3059 3057 3068 3067 3057 3054 3055 3063 3069 3066 3051 3053 3066 3070 3054 3056 3061 3058 3060 3056 3065 3070 3067 3056 3057 3054 3049 3049 3047 3055 3073 3077 3064 3070 3047 3055 3065 3050 3053 3080 3060 3074 3056 3044 3059 3071 3062 3058
