3053 3065 3068 3060 3044 3046 3043 3064 3064 3062 3045 3038 3034 3045 3041 3042 3019 3039 3046 3037 3032 3026 3038 3025 3021 3038 3029 3031 3037 3036 3016 3021 3024 3033 3038 3019 3022 3024 3017 3017 3011 3012 3018 3014 3017 3000 3029 3029 3021 3017 3029 3015 3013 3000 3005 3016 3008 3014 3005 3024 3013 3019 3004 2999
3066 3065 3067 3059 3063 3057 3055 3059 3059 3060 3035 3053 3031 3035 3039 3032 3029 3028 3046 3044 3050 3042 3041 3029 3039 3029 3038 3028 3038 3048 3030 3023 3025 3031 3029 3038 3026 3038 3013 3018 3017 3013 3009 3022 3010 3014 3014 3029 3016 2999 3023 3017 3018 3001 2995 3009 3015 3012 3023 3018 3015 3015 3003 3003
3070 3072 3063 3058 3059 3050 3044 3056 3050 3062 3031 3040 3033 3049 3046 3031 3038 3046 3045 3037 3045 3041 3033 3042 3025 3068 3042 3033 3044 3042 3056 3026 3030 3026 3021 3026 3022 3015 3017 3004 3009 3023 3017 3013 3012 3016 3007 3032 3014 3007 3019 3007 3009 3025 3021 3021 3023 3018 3022 3006 3013 3021 3005 3021
3068 3060 3042 3054 3062 3060 3037 3046 3033 3051 3035 3035 3033 3028 3042 3040 3024 3023 3036 3040 3044 3036 3038 3033 3020 3031 3042 3042 3056 3045 3042 3045 3044 3054 3046 3034 3035 3032 3022 3026 3024 3023 3007 3016 3015 3014 3023 3025 3016 3017 3021 3015 3019 3018 3014 3026 3013 3020 3014 3010 3016 3014 3021 3011
3041 3044 3037 3040 3064 3054 3049 3033 3039 3027 3032 3039 3031 3043 3041 3044 3029 3047 3046 3038 3040 3049 3052 3048 3022 3031 3048 3053 3049 3051 3024 3038 3045 3063 3047 3052 3045 3037 3039 3012 3026 3024 3010 3028 3030 3021 3029 3023 3029 3026 3009 3022 3008 3019 3025 3022 3024 3007 3009 2995 3000 3009 3016 3020
3041 3059 3036 3044 3052 3038 3038 3044 3029 3043 3031 3041 3035 3045 3041 3045 3035 3034 3051 3037 3028 3023 3037 3032 3017 3040 3039 3043 3045 3055 3049 3035 3040 3055 3041 3056 3043 3044 3048 3044 3035 3036 3028 3002 3028 3014 3026 3016 3017 3023 3023 3012 3019 3015 3017 3017 3007 3003 3018 3001 3010 3008 3007 2999
3048 3042 3041 3038 3035 3039 3030 3038 3025 3038 3035 3038 3042 3041 3032 3048 3035 3040 3062 3040 3034 3035 3026 3040 3031 3039 3028 3044 3054 3052 3052 3055 3053 3051 3054 3067 3053 3054 3047 3062 3038 3030 3015 3010 3014 3019 3029 3014 3020 3019 3013 3011 3012 3000 3007 3011 3013 3023 3021 3011 3012 3035 3015 3017
3007 3008 3016 3015 2999 3008 3023 3012 3004 3023 3016 3020 3021 3027 3020 3020 3024 3032 3040 3034 3039 3016 3029 3023 3040 3031 3025 3029 3027 3035 3025 3047 3040 3035 3045 3045 3044 3048 3042 3048 3025 3020 3034 3031 3022 3017 3024 3018 3012 3010 3009 3004 3000 3011 3001 3007 3023 3015 3002 2999 3003 3006 3003 3004
2981 2968 2979 2973 2986 2989 2990 2972 2990 2994 2999 3003 2996 3000 3016 2999 3005 3013 3017 3023 3024 3024 3014 3021 3035 3035 3022 3030 3029 3016 3020 3041 3040 3033 3048 3043 3037 3035 3036 3030 3033 3028 3025 3040 3036 3032 3010 2996 3015 3015 3014 3005 3003 2999 2989 2990 2995 3006 2997 3006 2997 3006 2992 3011
2972 2970 2968 2986 2981 2974 2983 2981 2997 2994 2993 3006 3000 3010 3016 3000 3006 3010 3022 3034 3039 3038 3023 3019 3039 3027 3021 3019 3033 3027 3031 3049 3041 3043 3056 3036 3031 3029 3050 3050 3036 3029 3039 3041 3033 3033 3022 3013 3017 3036 3013 3009 3011 3010 2996 3010 3000 3009 3002 2989 2998 2987 2998 3010
2977 2986 2966 2983 2975 2979 2979 2988 2998 3008 2999 2992 3021 3019 3017 3013 3003 3026 3017 3026 3023 3034 3026 3027 3017 3028 3029 3016 3032 3042 3049 3051 3054 3056 3049 3049 3026 3034 3033 3033 3036 3038 3040 3041 3045 3036 3026 3029 3020 3009 3021 3003 3019 3015 3016 3009 3009 3013 3003 2995 3002 2988 3004 3006
2971 2977 2980 2965 2975 2972 2983 2987 3010 3002 2986 3005 3018 3027 2997 3018 3022 3019 3020 3015 3038 3025 3028 3028 3030 3032 3029 3032 3040 3027 3056 3042 3050 3052 3041 3047 3041 3020 3033 3043 3039 3044 3028 3030 3032 3044 3052 3041 3026 3036 3013 3020 3018 3015 3012 2994 3007 3011 3011 3002 3002 2987 2992 2998
2974 2977 2977 2976 2987 2988 2990 3003 2996 3000 2981 2998 3011 3019 3021 3026 3023 3029 3022 3023 3029 3031 3030 3024 3033 3032 3024 3036 3037 3052 3060 3049 3053 3045 3039 3041 3024 3028 3033 3038 3029 3033 3031 3033 3034 3051 3058 3054 3047 3039 3021 3015 3015 3015 3003 3013 3012 3000 3003 3007 3008 2985 2985 2991
2993 2988 2968 2979 2983 2992 2995 2999 2995 3007 3007 3013 3018 3023 3032 3020 3036 3041 3032 3033 3026 3029 3027 3020 3030 3033 3029 3038 3044 3049 3048 3045 3038 3059 3048 3042 3032 3031 3039 3036 3034 3029 3032 3037 3052 3055 3065 3060 3052 3036 3028 3016 3023 3015 3004 3023 2998 3014 3002 3017 3001 3006 2992 2981
2987 2979 2984 2990 2974 2987 2984 2991 2993 3010 3012 3013 3015 3013 3022 3037 3033 3032 3044 3057 3036 3042 3036 3031 3043 3045 3033 3056 3058 3063 3056 3051 3072 3042 3057 3057 3049 3037 3038 3047 3025 3030 3040 3028 3039 3048 3046 3061 3063 3041 3040 3019 3017 3025 3009 3016 3017 3021 3011 3009 3024 3023 3016 3000
2994 2997 3011 3002 3009 2986 3002 3001 3007 3008 3027 3023 3028 3034 3029 3022 3033 3036 3038 3051 3045 3021 3028 3022 3027 3042 3038 3044 3065 3049 3056 3060 3060 3056 3058 3055 3059 3050 3044 3038 3033 3034 3039 3049 3042 3051 3047 3043 3051 3046 3028 3026 3024 3021 3020 3007 3012 3015 2999 3016 3021 3001 3004 2993
3018 3017 3010 3009 3006 2995 3003 3014 3017 3018 3021 3015 3030 3042 3035 3035 3035 3026 3016 3030 3030 3020 3045 3031 3022 3021 3031 3037 3050 3059 3080 3063 3057 3073 3063 3061 3059 3044 3040 3045 3043 3028 3039 3031 3043 3035 3042 3043 3037 3048 3033 3033 3009 3021 2997 3015 3008 3014 3008 3009 3002 2989 3007 3011
3008 3012 3020 3012 3017 3013 3006 3019 3040 3027 3014 3034 3031 3036 3043 3046 3043 3025 3028 3022 3025 3040 3026 3039 3026 3035 3036 3048 3055 3066 3079 3067 3079 3065 3073 3067 3048 3062 3041 3050 3028 3029 3029 3022 3036 3042 3029 3039 3046 3045 3038 3033 3025 3030 3012 3011 3013 3006 3005 2989 2995 3004 3002 3007
3018 3027 3024 3014 3012 3015 3018 3011 3038 3018 3024 3035 3030 3029 3059 3042 3043 3029 3023 3037 3035 3031 3038 3046 3033 3051 3038 3053 3069 3088 3083 3081 3081 3079 3068 3063 3055 3046 3040 3022 3039 3029 3033 3035 3041 3045 3033 3040 3051 3049 3039 3042 3039 3021 3027 3030 3016 3005 3000 3007 3010 3003 2996 3004
3000 3019 3011 3020 3035 3016 3024 3028 3035 3031 3034 3042 3025 3047 3053 3029 3047 3042 3029 3047 3044 3048 3048 3037 3035 3036 3042 3054 3072 3079 3085 3078 3065 3073 3068 3066 3051 3044 3043 3031 3036 3043 3037 3036 3046 3040 3060 3052 3057 3030 3053 3037 3027 3024 3029 3011 3007 3018 3002 2998 3011 3011 3012 3013
3005 3004 3019 3020 3010 3022 3028 3036 3031 3038 3041 3043 3047 3032 3056 3028 3043 3031 3030 3034 3044 3023 3026 3029 3031 3041 3045 3066 3074 3074 3087 3081 3081 3071 3070 3070 3056 3039 3055 3047 3040 3041 3037 3016 3036 3046 3063 3054 3041 3053 3041 3043 3024 3021 3018 3027 3025 3029 3008 2998 3005 3023 3006 3012
3014 3008 3007 3023 3028 3024 3020 3034 3032 3035 3030 3046 3030 3036 3032 3028 3035 3043 3040 3033 3043 3047 3034 3028 3020 3032 3065 3074 3082 3084 3093 3082 3071 3079 3081 3076 3042 3063 3049 3061 3038 3025 3033 3029 3060 3044 3058 3051 3060 3045 3052 3042 3039 3052 3020 3021 3028 3023 3020 3006 3016 3034 3020 3011
3020 3023 3028 3027 3027 3035 3022 3047 3032 3038 3040 3041 3037 3037 3040 3040 3032 3035 3035 3041 3048 3047 3028 3031 3038 3048 3069 3087 3091 3092 3072 3073 3082 3089 3087 3085 3066 3058 3051 3043 3048 3031 3045 3046 3049 3046 3055 3057 3056 3053 3047 3045 3042 3039 3041 3036 3035 3048 3034 3019 3024 3012 3023 3039
3022 3011 3013 3022 3032 3032 3036 3042 3026 3040 3037 3034 3041 3040 3041 3045 3027 3028 3039 3030 3044 3037 3035 3046 3040 3066 3075 3095 3092 3099 3092 3079 3079 3081 3098 3078 3072 3067 3044 3048 3035 3035 3049 3043 3050 3053 3051 3046 3058 3055 3063 3044 3041 3048 3042 3035 3045 3035 3024 3024 3015 3010 3041 3035
2994 2999 3010 3001 3003 3035 3035 3039 3033 3032 3024 3039 3047 3049 3047 3039 3052 3040 3029 3034 3055 3057 3038 3049 3069 3064 3076 3095 3111 3090 3072 3075 3069 3082 3095 3100 3077 3059 3052 3049 3039 3045 3040 3039 3035 3061 3057 3036 3059 3068 3065 3059 3050 3048 3037 3030 3029 3031 3020 3003 3006 2999 3029 3024
3009 3000 3002 3004 3015 3014 3013 3023 3022 3035 3037 3040 3055 3043 3044 3041 3045 3045 3042 3044 3038 3035 3042 3051 3068 3084 3084 3097 3095 3087 3101 3090 3091 3089 3085 3095 3087 3048 3042 3051 3055 3057 3051 3062 3061 3065 3058 3062 3066 3073 3069 3071 3053 3052 3043 3032 3023 3022 2997 3004 3006 3009 3023 3021
3006 3018 3006 3016 3012 3020 3007 3023 3027 3028 3046 3037 3042 3047 3039 3056 3052 3066 3045 3049 3048 3053 3061 3065 3075 3099 3090 3098 3098 3078 3093 3088 3097 3092 3092 3087 3073 3055 3046 3040 3050 3044 3052 3053 3067 3071 3064 3053 3059 3080 3064 3070 3040 3038 3021 3010 3018 3013 3008 2987 3005 3012 3017 3023
3012 3005 3013 3011 3016 3008 3004 3012 3017 3036 3045 3051 3057 3044 3057 3048 3058 3053 3070 3045 3055 3045 3042 3047 3081 3083 3095 3097 3088 3087 3088 3085 3101 3104 3078 3094 3070 3076 3066 3054 3058 3052 3058 3070 3078 3084 3074 3054 3064 3078 3064 3043 3050 3038 2999 3014 3008 3007 3009 2999 3005 3016 3025 3025
3004 3001 3006 3027 3005 2999 2996 3007 3009 3026 3030 3038 3044 3060 3044 3046 3065 3073 3040 3053 3065 3044 3061 3076 3079 3081 3087 3093 3103 3091 3092 3095 3106 3095 3100 3091 3074 3072 3063 3063 3053 3051 3069 3070 3075 3087 3074 3067 3077 3073 3072 3057 3026 3016 3013 3010 3028 3015 3017 2998 3020 3015 3014 3025
3000 3022 3009 3013 3012 2995 3001 3000 3016 3018 3039 3054 3052 3054 3051 3067 3083 3066 3077 3068 3053 3056 3066 3063 3076 3082 3084 3083 3094 3106 3097 3108 3096 3092 3100 3109 3083 3076 3072 3057 3066 3052 3078 3065 3084 3082 3085 3077 3083 3081 3072 3051 3031 3016 3027 2996 3014 3010 3018 3020 3009 3010 3017 3016
3008 3008 3010 3021 3013 2998 3004 3002 3008 3017 3027 3049 3057 3046 3056 3073 3082 3073 3088 3069 3075 3077 3075 3081 3094 3080 3095 3093 3091 3097 3094 3097 3114 3104 3103 3097 3081 3069 3077 3074 3087 3078 3087 3084 3091 3090 3090 3088 3095 3088 3063 3051 3022 3008 3011 3005 3015 3017 3014 3012 3026 3013 3016 3019
3012 3014 2998 3005 3004 3014 3001 3005 3018 3006 3013 3027 3052 3062 3043 3075 3093 3084 3085 3085 3089 3077 3087 3065 3078 3078 3093 3101 3104 3107 3092 3103 3099 3109 3105 3102 3096 3087 3106 3091 3081 3092 3100 3088 3093 3081 3089 3102 3089 3088 3059 3052 3028 3008 3018 2999 3017 3014 3025 3017 3017 3025 3030 3023
2992 3015 3011 3002 3003 3003 3003 2994 3001 3024 3001 3030 3072 3069 3065 3081 3086 3082 3090 3090 3083 3082 3071 3089 3083 3089 3084 3081 3097 3090 3102 3103 3115 3101 3102 3092 3098 3100 3093 3091 3092 3093 3108 3102 3098 3089 3100 3094 3091 3078 3065 3045 3022 3008 3023 3012 3025 3026 3025 3014 3003 3010 3017 3028
3014 3025 3011 2998 3004 3014 3005 3014 3013 3023 3016 3037 3057 3068 3088 3076 3085 3099 3081 3099 3094 3094 3082 3092 3092 3099 3084 3089 3095 3097 3092 3107 3099 3094 3110 3104 3098 3102 3105 3098 3088 3099 3095 3088 3096 3092 3090 3108 3086 3083 3060 3036 3020 3012 3020 3024 3025 3011 3027 3025 3021 3011 3017 3027
3024 3029 3012 3019 3010 3024 3015 3017 3005 3025 3022 3057 3071 3064 3084 3086 3098 3092 3083 3090 3095 3095 3081 3079 3093 3085 3103 3088 3104 3089 3106 3099 3096 3100 3095 3093 3100 3107 3105 3114 3092 3096 3092 3090 3090 3081 3102 3100 3102 3082 3060 3039 3028 3015 3030 3017 3031 3027 3018 3017 3007 3004 3023 3035
3031 3007 3015 3015 3017 3021 3003 3020 3020 3023 3033 3047 3079 3073 3085 3081 3085 3096 3096 3094 3099 3101 3102 3099 3087 3089 3096 3105 3102 3105 3092 3114 3104 3095 3103 3106 3105 3102 3110 3110 3117 3111 3093 3089 3087 3094 3086 3088 3091 3086 3071 3057 3023 3029 3024 3016 3023 3015 3021 3021 3022 3016 3015 3037
2997 3009 3003 3003 2997 3016 3005 3000 3005 3013 3022 3052 3076 3081 3084 3083 3074 3088 3092 3088 3090 3087 3097 3096 3076 3080 3085 3086 3105 3097 3104 3104 3098 3104 3108 3097 3103 3101 3101 3099 3105 3101 3091 3094 3101 3099 3085 3092 3085 3088 3079 3049 3034 3024 3024 3029 3032 3015 3016 3016 3016 3015 3015 3021
3007 2988 2983 2997 3006 2998 3015 3009 3006 3015 3011 3035 3052 3069 3096 3093 3078 3080 3097 3097 3077 3088 3099 3101 3084 3084 3066 3087 3102 3107 3097 3094 3095 3108 3095 3106 3091 3089 3093 3093 3098 3113 3103 3095 3094 3089 3082 3081 3106 3091 3059 3053 3037 3001 3015 3016 3014 3016 3017 2996 3021 3023 3007 3009
2997 2996 2998 2997 3002 3014 3000 2992 2992 3014 3019 3044 3061 3083 3083 3084 3085 3079 3090 3092 3092 3092 3099 3090 3083 3094 3092 3096 3100 3102 3085 3093 3106 3102 3105 3094 3094 3097 3111 3092 3108 3115 3086 3091 3096 3091 3085 3091 3081 3091 3057 3044 3027 3012 3019 3022 3007 3008 3005 3003 3012 3006 3006 3008
3005 2999 2998 3008 3005 3005 3004 3012 3014 3020 3024 3035 3046 3062 3072 3081 3095 3081 3085 3088 3099 3098 3112 3101 3087 3103 3106 3101 3095 3090 3092 3080 3087 3103 3093 3098 3105 3101 3093 3098 3101 3098 3109 3102 3089 3099 3093 3085 3090 3085 3059 3034 3028 3023 3012 3001 3013 3017 3001 3015 3002 2994 3008 3001
2992 2986 3007 2993 3023 3006 3003 3012 3004 3012 3018 3014 3035 3071 3077 3079 3092 3088 3082 3079 3094 3101 3099 3092 3096 3089 3091 3101 3107 3107 3094 3083 3108 3112 3096 3100 3093 3104 3107 3101 3110 3096 3092 3111 3093 3101 3089 3086 3080 3085 3054 3024 3020 3009 3014 3017 3020 3001 3010 3022 3012 2984 3011 3008
2984 2990 3003 3005 3011 3005 2991 3006 3005 3021 3013 3018 3035 3047 3070 3087 3102 3087 3085 3082 3072 3077 3093 3097 3085 3094 3099 3106 3104 3100 3090 3091 3108 3107 3098 3105 3108 3094 3100 3092 3095 3079 3098 3095 3088 3096 3080 3093 3084 3079 3049 3015 3025 3019 3008 3016 3003 3002 3021 3008 2993 3013 3006 3014
2999 3009 3008 3001 3003 3008 3012 3010 2997 3006 3008 3017 3025 3035 3061 3072 3084 3084 3085 3090 3077 3076 3094 3086 3089 3085 3095 3108 3100 3094 3082 3091 3108 3093 3106 3101 3112 3107 3096 3091 3106 3099 3099 3096 3103 3101 3075 3087 3084 3084 3051 3020 3023 3005 3004 3006 3013 3006 3013 3014 3018 3007 3010 3025
2978 3003 3009 2989 3013 3000 3007 2995 2999 3013 3012 3019 3028 3034 3052 3062 3073 3085 3085 3079 3091 3083 3074 3087 3081 3098 3111 3096 3105 3113 3103 3094 3093 3123 3104 3117 3107 3108 3105 3090 3103 3104 3085 3095 3100 3092 3088 3075 3087 3068 3040 3027 3012 3021 3012 3002 3005 3006 3012 3018 3012 3001 3007 3020
2986 2999 3006 3000 2991 3011 3018 3009 3002 2997 2994 3022 2997 3030 3046 3061 3068 3092 3068 3072 3081 3077 3073 3088 3087 3095 3088 3086 3093 3096 3107 3097 3098 3106 3114 3103 3091 3103 3091 3102 3103 3100 3105 3082 3104 3108 3090 3076 3085 3068 3049 3027 3019 3017 3011 3003 3000 3001 3011 3017 3016 3013 3014 3007
3002 2993 3002 2993 2989 3001 3009 2989 2995 3009 3006 3021 2999 3040 3048 3068 3076 3080 3086 3091 3085 3095 3077 3082 3085 3080 3083 3092 3104 3100 3096 3092 3089 3098 3093 3096 3094 3096 3093 3088 3099 3105 3092 3091 3105 3097 3073 3078 3077 3062 3037 3016 3028 3029 3013 3018 3015 3006 3006 3006 3013 3019 3018 3019
3012 3013 3006 3005 2987 2991 2998 2994 2987 2995 3007 3016 3004 3023 3030 3060 3064 3062 3089 3081 3086 3079 3089 3089 3092 3094 3100 3094 3092 3088 3097 3102 3101 3103 3101 3104 3091 3084 3096 3097 3103 3092 3098 3104 3089 3094 3084 3073 3077 3072 3042 3020 3021 2999 3004 3013 3015 3018 3006 2997 3009 3015 3013 2998
3010 3001 3004 2987 2981 2973 3006 2991 2986 2987 2992 2994 3001 3017 3026 3046 3065 3067 3069 3080 3086 3077 3087 3079 3082 3099 3097 3104 3101 3101 3107 3102 3107 3097 3100 3115 3106 3107 3100 3103 3096 3096 3096 3097 3093 3081 3088 3068 3060 3055 3050 3012 3018 3004 2998 3007 3015 3022 3011 2985 2984 2988 3005 3008
3010 3005 3004 2981 2999 3005 2996 2994 3004 2991 2995 3003 2995 3008 3019 3041 3064 3059 3075 3070 3074 3086 3079 3073 3096 3095 3095 3105 3100 3103 3093 3102 3098 3098 3106 3112 3092 3078 3075 3093 3088 3104 3101 3108 3092 3097 3083 3072 3062 3044 3046 3023 3027 2993 3003 3000 3016 3002 3001 2997 3003 3001 2998 2995
2994 3012 3014 3008 3001 3016 3003 3001 2999 2989 2998 2995 2994 2999 3004 3015 3038 3068 3071 3072 3078 3079 3086 3098 3085 3086 3100 3109 3107 3099 3099 3095 3104 3099 3109 3085 3073 3097 3087 3083 3090 3091 3093 3096 3107 3089 3074 3065 3052 3042 3025 3013 3011 3008 3011 3006 3007 2992 2997 3005 2999 3001 3014 3021
2994 2995 3006 3011 3000 2999 3005 2992 2991 2993 2986 2999 2997 3009 3021 3014 3017 3038 3067 3073 3076 3084 3080 3091 3083 3091 3109 3112 3094 3108 3099 3096 3101 3100 3108 3110 3094 3091 3097 3098 3091 3097 3103 3105 3091 3100 3087 3082 3059 3035 3020 3021 3019 3013 3008 2994 2994 2990 3004 3004 2999 3010 3016 3011
2988 3001 3004 3000 3000 2998 3008 2997 2996 3000 3000 2995 2993 3021 3004 3018 3016 3026 3058 3079 3090 3100 3089 3092 3100 3103 3107 3111 3104 3089 3103 3091 3103 3101 3104 3098 3092 3093 3092 3103 3091 3107 3092 3108 3096 3086 3073 3071 3042 3024 3013 3014 3014 3004 3000 2998 3002 3009 3010 3006 3010 3004 3017 3008
2991 3004 3000 3004 3012 3000 3008 2989 2994 2982 2996 2999 3001 3003 3007 3020 3012 3032 3054 3073 3084 3080 3091 3083 3097 3090 3097 3104 3096 3104 3105 3087 3106 3090 3102 3096 3085 3080 3081 3090 3096 3088 3111 3109 3094 3100 3073 3062 3028 3030 3020 3018 3022 3011 3010 3006 3014 3023 3019 3007 3006 3031 3010 3015
2992 2994 3007 2989 3007 2990 3002 2994 2989 2993 3000 2990 2976 2980 3000 3022 3013 3032 3035 3050 3088 3083 3097 3080 3093 3096 3096 3102 3100 3108 3090 3097 3085 3082 3077 3094 3082 3087 3081 3093 3084 3089 3104 3093 3097 3068 3058 3040 3052 3032 3028 3020 3023 3013 3032 3010 3012 3021 3019 3018 3015 3026 3014 3024
2997 2998 3014 3004 3000 2983 2992 2983 2975 2990 2999 3004 2991 2987 3023 3015 3011 3015 3035 3043 3061 3076 3073 3090 3097 3108 3092 3096 3097 3095 3097 3097 3083 3090 3097 3099 3077 3084 3088 3094 3096 3100 3094 3091 3095 3090 3043 3036 3023 3019 3033 3017 3025 3018 3028 3007 3024 3021 3011 3030 3024 3026 3019 3025
2999 3013 2999 3009 3002 2991 2985 2982 2974 2979 3000 2999 2985 3010 3021 3015 3014 3017 3023 3037 3068 3078 3075 3099 3078 3091 3078 3097 3108 3101 3103 3104 3098 3092 3100 3099 3099 3106 3103 3092 3098 3110 3099 3089 3075 3072 3037 3022 3019 3014 3012 3032 3041 3029 3013 3000 3018 3010 3023 3023 3026 3018 3020 3012
3018 2995 3005 3006 2997 2992 2994 3002 2990 2998 2988 2992 3003 3009 3017 3002 3014 3017 3033 3040 3062 3087 3078 3090 3086 3102 3101 3104 3099 3114 3112 3112 3091 3098 3093 3092 3098 3091 3102 3102 3109 3096 3101 3085 3078 3050 3038 3014 3010 3024 3014 3023 3014 3041 3019 3016 3007 3017 3037 3034 3027 3032 3035 3027
3021 3010 3003 3004 3016 3008 2999 3017 3006 2996 2995 2990 3027 3018 3017 3019 3025 3021 3019 3037 3067 3082 3087 3087 3092 3105 3107 3091 3110 3111 3114 3111 3098 3096 3106 3105 3105 3099 3100 3095 3101 3097 3093 3085 3075 3040 3050 3038 3014 3004 3021 3015 3020 3030 3018 3020 3023 3026 3031 3050 3033 3022 3027 3024
3014 3007 3008 3007 3001 2996 3003 3003 3010 3003 3002 3013 3021 3017 3020 3021 3025 3022 3020 3039 3082 3086 3104 3084 3096 3099 3084 3091 3105 3119 3115 3113 3105 3087 3102 3107 3110 3093 3094 3089 3104 3100 3088 3083 3068 3046 3050 3030 3041 3023 3017 3021 3017 3020 3009 3015 3013 3013 3026 3031 3035 3020 3020 3017
3000 3015 3006 3010 3002 3000 2996 3006 2996 3010 3015 3012 3018 3018 3013 3017 3032 3015 3011 3054 3084 3102 3096 3100 3096 3090 3065 3092 3098 3117 3109 3099 3096 3102 3103 3096 3097 3108 3091 3087 3087 3087 3091 3074 3058 3057 3043 3033 3033 3029 3040 3021 3030 3031 3015 3007 2998 3020 3013 3023 3024 3029 3037 3033
3004 3001 3016 3008 3007 3012 2992 2993 3007 3012 3025 3012 3018 3013 3024 3029 3032 3022 3023 3052 3081 3086 3094 3097 3091 3093 3089 3090 3110 3105 3103 3110 3098 3102 3094 3099 3107 3089 3100 3088 3090 3088 3081 3074 3065 3048 3040 3027 3037 3021 3027 3025 3019 3021 3019 3003 3017 3005 3004 3024 3030 3011 3031 3032
3004 2992 3008 3012 3023 3011 3011 2999 2996 3012 3023 3013 3019 3024 3027 3021 3020 3030 3026 3056 3083 3090 3088 3084 3091 3094 3082 3086 3098 3109 3114 3114 3096 3108 3101 3093 3091 3099 3089 3091 3105 3104 3089 3071 3055 3049 3032 3035 3033 3035 3029 3028 3003 3011 3001 3007 3001 3006 3015 3020 3007 3027 3009 3025
3006 2995 2995 3009 3008 3001 2996 2997 3003 3028 3025 3026 3016 3023 3020 3038 3035 3039 3035 3067 3088 3085 3096 3095 3102 3103 3083 3099 3100 3078 3091 3092 3105 3098 3101 3110 3100 3106 3092 3087 3100 3100 3092 3078 3064 3047 3063 3039 3037 3038 3029 3023 3019 3016 3027 3008 3013 3030 3020 3023 3031 3023 3025 3031
3016 3000 3008 3001 2992 2992 3003 3005 3024 3027 3025 3024 3012 3027 3044 3045 3049 3043 3063 3080 3089 3103 3095 3097 3099 3106 3105 3096 3095 3088 3084 3100 3108 3103 3102 3100 3090 3103 3092 3111 3088 3085 3089 3080 3064 3063 3052 3049 3054 3054 3044 3027 3024 3030 3032 3032 3034 3046 3044 3032 3028 3042 3045 3028
