3067 3051 3056 3049 3048 3049 3046 3034 3030 3039 3032 3027 3043 3046 3033 3042 3041 3031 3006 3011 3020 3024 3035 3022 3026 3017 3025 3018 3008 3029 3017 3020 3013 3019 3016 3014 3013 3009 3006 3005 3002 2988 3011 3020 3017 3004 2997 2995 3003 3002 2990 3018 3009 3002 3016 3021 3010 3000 2995 2990 2985 2981 3001 2997
3055 3048 3056 3053 3046 3048 3042 3051 3046 3038 3024 3037 3041 3036 3025 3029 3023 3020 3013 3017 3018 3023 3029 3016 3021 3005 3043 3027 3017 3023 3011 3017 3019 3028 3021 3012 3015 2986 3012 3023 3003 3009 3012 3006 3000 3009 3003 3007 3000 3005 3002 2997 3011 3012 3027 3005 2997 3004 2996 2999 2993 3008 3000 3009
3059 3061 3053 3035 3034 3046 3043 3059 3060 3053 3026 3029 3044 3030 3022 3023 3019 3028 3016 3026 3023 3009 3019 3019 3019 3008 3020 3028 3030 3019 3023 3004 3007 3016 3011 3001 3006 2994 3008 2997 3023 3011 3009 3006 3007 3013 3005 2992 3012 3010 3007 3003 3003 3013 3005 3002 3009 3000 2997 2986 2999 3004 3005 3001
3036 3048 3053 3049 3036 3042 3051 3053 3045 3026 3031 3024 3036 3037 3028 3030 3030 3029 3025 3027 3034 3007 3008 3008 3007 3029 3011 3018 3027 3032 3006 3009 3014 3014 3011 3012 2990 3000 3015 3023 3009 3014 3014 3007 3010 3011 3013 3003 3008 2995 3007 3000 3008 3021 3012 3013 2994 3013 2997 2984 3002 2999 2991 3014
3029 3023 3046 3030 3027 3039 3053 3045 3038 3030 3019 3024 3007 3021 3033 3018 3034 3033 3013 3019 3019 3032 3009 3012 3023 3017 3018 3013 3029 3009 3012 2997 3013 3020 3017 3013 3004 3006 3017 3014 3025 3021 3009 2996 3005 3008 3013 3013 3011 3000 3010 3002 3015 3012 3005 2996 3004 3020 3015 2996 2989 2993 2988 3016
3040 3036 3057 3059 3042 3057 3046 3044 3036 3028 3023 3017 3019 3024 3021 3021 3025 3035 3030 3026 3023 3031 3023 3013 3016 3023 3022 3013 3024 3007 2996 3011 3007 3012 3015 3007 3008 3001 3016 3030 3018 3011 3029 3023 3010 3013 3014 3016 3010 3011 3006 3010 3018 3009 3008 2990 3006 3022 3015 3018 2995 2995 2995 3014
3061 3040 3047 3036 3029 3039 3055 3038 3044 3035 3035 3033 3032 3021 3026 3020 3019 3029 3030 3025 3034 3033 3029 3018 3031 3027 3018 3029 3021 3018 3010 3008 3010 3008 3013 3026 3010 3006 3017 3020 3021 3014 3030 3016 3020 3020 3005 3018 3026 3001 3006 3004 3012 2997 3007 3021 3020 3026 3030 3011 3002 2996 2985 2995
3014 3018 3012 3007 3014 3017 3024 3006 3014 3013 3016 3022 3019 3012 3015 3005 3016 3016 3030 3038 3026 3026 3017 3026 3025 3030 3010 3010 3010 3020 3010 3018 3021 3006 3022 3021 3013 3031 3014 3018 3016 3018 3027 3015 3016 2996 3016 3023 3013 3011 3019 3014 3001 3005 3014 3015 3015 3012 3017 3017 3005 3012 3010 3000
2986 2966 2972 2987 2997 2978 2994 2992 3003 2993 2997 2997 2981 2999 3000 2994 3000 3006 3013 3024 3019 3013 3014 3013 3014 3026 3018 3008 2992 3005 3015 3015 3013 2999 3005 3030 3038 3036 3028 3021 3025 3025 3006 3010 3019 3003 3009 3006 3011 3012 3025 3014 3007 3017 3018 3019 2999 2997 2992 3001 3012 3005 3002 2996
2988 2967 2982 2994 2993 2983 2988 2982 2989 3000 2995 3006 3011 2991 3008 2998 2994 2987 3004 3025 3029 3023 3019 3019 3013 3005 3014 3017 3004 3006 3006 3013 3016 3005 3019 3003 2998 3003 3026 3012 3013 3003 2995 3010 3008 2999 3003 3005 2995 2994 3017 3006 2997 3007 3006 3007 3001 2985 3006 3005 3009 3009 3006 2994
2990 2987 2980 2989 3006 2982 2977 2993 2990 2992 2989 2995 3002 3006 2998 3009 3001 2997 3016 3020 3031 3024 3024 3020 3017 3001 3018 3013 3003 3009 3011 3014 3013 2999 2997 2991 2994 3002 2995 2995 3010 3010 3004 2997 2988 3001 2994 2972 2996 3006 2996 2999 2990 3004 3002 3001 3017 2993 2994 3013 3012 3002 3003 3000
2978 2977 2988 2995 2994 2996 2976 2979 2993 2997 3004 2978 3003 3011 3018 3007 3000 3003 3021 3036 3018 3035 3042 3031 3022 3025 3026 3008 3015 3016 3011 3005 3016 3002 2987 2995 2994 3001 2997 2994 3003 2990 2997 2991 2983 2986 2997 2988 2999 2987 3005 2995 2990 3003 2997 3007 2998 3011 3008 3013 3013 3014 3017 3005
2974 2987 2971 2981 2997 2992 2999 3001 2995 2993 3007 2992 2994 3002 3010 3014 2992 3017 3024 3047 3043 3036 3042 3038 3038 3025 3021 3006 3017 3011 3011 3015 2997 2996 3007 2988 2996 2978 2990 2985 2983 2985 2991 2989 2984 2980 2986 2995 2987 3005 2995 3006 2993 2988 2982 2987 2995 3013 3019 3008 3001 2997 3013 3010
2980 2976 2984 2989 2992 3002 2996 3001 2987 3007 3011 3001 3016 3006 3022 3016 3011 3032 3040 3042 3038 3035 3045 3040 3039 3029 3022 3019 3032 3021 3022 3001 3018 2992 3000 2998 2984 2988 2989 3004 2992 2991 2992 2989 2986 3000 2987 2995 2978 2998 2997 2993 2993 2986 2996 3001 3010 3004 3011 3021 3014 3005 3011 3004
2967 2976 2981 2981 2996 3000 3002 3003 3010 3007 3016 3025 3021 3014 3025 3025 3022 3026 3027 3043 3047 3038 3052 3048 3031 3020 3021 3032 3027 3016 3007 3010 3027 3019 3024 3014 2990 3001 3004 2993 2987 2984 2992 2995 2994 2997 2985 2994 2998 2995 2981 2990 2991 2979 2988 2994 3000 3004 3011 3023 3016 3008 3015 3018
2980 2985 2989 2992 3004 3004 3009 3005 3017 3011 3021 3021 3030 3022 3030 3018 3022 3042 3036 3038 3059 3045 3048 3043 3038 3020 3030 3030 3020 3024 3010 3027 3017 3018 3021 3013 3004 3000 3005 3000 2996 2993 2979 2999 2997 2977 2986 2998 2996 3007 2994 2990 2991 2993 3011 3002 3014 2999 3023 3019 3013 3000 3006 3008
2999 2995 3010 2989 2991 2993 3005 3009 3018 3013 3017 3022 3025 3021 3028 3034 3016 3034 3056 3051 3048 3049 3043 3027 3026 3029 3033 3022 3019 3016 3022 3013 3022 3035 3019 3025 3011 3001 2995 2988 2998 2985 2980 2979 2978 2979 2988 2977 2993 2992 2984 2998 2998 2993 2998 3000 2999 2997 3020 3027 3013 2990 2993 2999
3004 2993 2999 2997 3000 3000 3009 3016 3019 3017 3026 3031 3029 3036 3034 3035 3022 3033 3053 3058 3059 3045 3046 3033 3043 3024 3041 3052 3026 3024 3033 3017 3028 3037 3011 3028 3021 3012 3004 3000 3009 2994 2980 2987 2994 2990 2985 2988 2996 2991 2994 3001 2997 3013 2996 3009 3009 3004 3018 3017 3009 2993 3014 3008
3000 3002 3008 2996 2991 2998 3008 3004 3022 3026 3039 3042 3039 3041 3031 3026 3023 3039 3041 3040 3050 3058 3042 3047 3052 3057 3042 3056 3060 3042 3040 3034 3018 3033 3025 3031 3031 3015 3009 2996 3004 3012 3005 2998 2998 3000 3001 2992 2993 2999 2999 3011 3004 3010 3015 3004 3016 3005 3006 3010 3020 3017 3012 2991
3006 3000 3000 3011 3010 3014 3024 3015 3019 3034 3037 3039 3028 3033 3032 3026 3027 3033 3036 3042 3062 3050 3061 3045 3064 3061 3069 3076 3074 3063 3054 3037 3026 3026 3022 3030 3037 3023 3014 3000 2999 3010 2988 2977 3000 2997 2991 2984 2995 2993 3007 3009 3001 3004 3019 3009 3008 3013 3002 3015 3019 3020 3019 3002
2991 3008 3016 3020 3007 3014 3031 3022 3023 3039 3034 3031 3044 3034 3028 3030 3031 3044 3029 3045 3058 3052 3056 3047 3067 3073 3081 3086 3087 3080 3074 3058 3025 3036 3034 3044 3042 3027 3020 3015 2994 2998 2997 2980 2989 2999 2990 2996 2997 2996 2992 2997 3011 3020 3015 3014 3005 3005 3004 3007 3006 3020 3001 3000
2992 2995 3014 3003 3008 3027 3018 3032 3030 3033 3030 3027 3035 3047 3035 3043 3042 3025 3039 3046 3059 3062 3055 3062 3085 3073 3089 3087 3092 3079 3074 3066 3047 3033 3045 3039 3042 3045 3019 3018 2992 2991 2985 2986 3006 2988 2985 2996 2997 2999 3001 3016 3016 3004 3016 3021 3013 3014 2995 2998 2998 3009 3000 3004
3005 2991 2994 2999 3006 3026 3028 3038 3030 3039 3037 3024 3044 3027 3040 3034 3059 3033 3045 3041 3058 3052 3066 3073 3082 3085 3089 3093 3076 3078 3068 3073 3047 3063 3034 3039 3044 3039 3022 3015 3007 2998 2989 2978 2977 2992 2996 3009 3008 3007 3007 3005 3011 3013 3009 3014 2999 3002 3011 3022 3020 3022 2994 2987
2990 2989 2996 3004 2999 3011 3042 3039 3034 3024 3035 3011 3032 3030 3043 3052 3053 3045 3044 3052 3055 3062 3065 3065 3080 3083 3089 3105 3089 3097 3074 3073 3054 3061 3037 3036 3036 3047 3032 3027 3008 3008 3001 2986 2992 3004 2997 2997 3002 3011 3010 3003 2998 3017 3012 3019 3013 3021 3004 3003 2998 2996 2994 2993
2986 3004 2973 3005 3002 3010 3049 3030 3044 3034 3023 3023 3044 3038 3044 3040 3037 3048 3044 3044 3065 3061 3065 3084 3077 3093 3117 3083 3084 3071 3086 3077 3065 3049 3061 3040 3042 3036 3032 3026 3028 3004 3010 3005 3005 2996 3004 3003 3009 3009 2997 3007 2997 2994 3003 3021 3012 3017 3010 2995 3008 3003 3006 2987
3000 3002 3003 3000 3004 3018 3038 3051 3033 3028 3037 3052 3050 3037 3036 3033 3033 3045 3060 3063 3054 3061 3069 3076 3085 3094 3102 3095 3089 3086 3097 3090 3074 3068 3063 3058 3030 3041 3035 3028 3024 3001 3004 2989 3000 3015 3002 3006 2997 3015 2998 2995 3000 3004 3009 2998 3008 3002 3007 2991 3000 3006 3003 2996
2998 3002 2999 3003 3007 3028 3025 3041 3033 3052 3032 3042 3057 3035 3040 3036 3047 3045 3054 3056 3059 3063 3077 3078 3079 3102 3085 3101 3105 3082 3090 3097 3068 3072 3058 3052 3046 3049 3039 3025 3020 3001 2999 3006 2990 3019 2992 2996 3005 3015 2993 3004 2995 3003 2994 3003 3002 3005 3012 3005 3006 3005 3005 2997
3004 3002 3001 3008 3017 3023 3029 3033 3039 3039 3032 3045 3049 3055 3041 3058 3059 3059 3051 3064 3058 3077 3079 3086 3096 3101 3095 3088 3095 3098 3093 3090 3087 3083 3065 3070 3074 3050 3035 3028 3018 2997 3008 3001 3009 3003 2994 3002 3002 3007 3004 3012 3006 2987 3011 2994 2997 3003 3003 3022 3014 3005 3022 2998
3001 3006 2998 3023 3015 3016 3035 3037 3041 3040 3040 3039 3051 3056 3052 3056 3063 3060 3081 3074 3073 3077 3084 3076 3101 3089 3091 3103 3096 3093 3114 3084 3094 3085 3081 3074 3069 3072 3045 3021 3020 2991 2995 3003 3013 3006 3015 3004 2990 3002 3011 3002 2990 2993 3008 2995 3005 3009 3015 3006 3012 2989 3006 3012
3004 3006 2994 3007 3001 3013 3024 3043 3050 3038 3045 3057 3054 3046 3059 3062 3087 3080 3078 3074 3072 3075 3075 3083 3089 3086 3078 3090 3093 3099 3092 3085 3081 3083 3091 3081 3079 3063 3035 3038 3018 3000 3010 2999 3005 3012 2990 2990 2996 3002 2995 3006 2998 3001 3001 3011 2994 3000 3013 3007 3011 3008 3006 3010
3006 3006 3003 3005 3007 3024 3021 3046 3054 3053 3049 3074 3075 3070 3065 3078 3061 3086 3084 3081 3076 3079 3078 3076 3098 3096 3083 3074 3090 3098 3088 3080 3082 3090 3085 3078 3085 3056 3039 3038 2995 2993 2994 3005 3017 3006 3001 3011 2997 3010 3001 2994 3005 2994 2992 2998 2991 3003 3022 3004 3013 2998 3002 3014
3001 2997 3006 3000 2996 3019 3021 3039 3047 3058 3065 3078 3083 3079 3082 3073 3062 3086 3079 3091 3069 3077 3086 3082 3088 3080 3090 3091 3086 3085 3097 3091 3094 3086 3089 3067 3064 3062 3038 3035 3010 2993 2998 3005 3004 3011 2999 3009 2998 3006 3007 3001 3009 3002 3002 3009 3006 3011 3017 3002 3008 3012 3009 3020
2998 2991 2990 3003 3007 2999 3019 3018 3037 3059 3068 3082 3081 3087 3084 3082 3078 3074 3087 3086 3082 3077 3094 3084 3068 3097 3087 3096 3082 3092 3092 3082 3075 3084 3074 3083 3089 3063 3042 3029 3004 2996 2994 3004 2999 3004 2998 2999 3012 3000 3002 3000 3008 2988 3017 3022 2999 3000 3000 3002 3010 3005 3000 3009
3012 2989 2997 2997 3004 2998 3011 3027 3030 3059 3082 3079 3078 3086 3088 3085 3084 3078 3079 3087 3085 3090 3087 3078 3086 3090 3092 3090 3087 3079 3086 3070 3084 3087 3080 3087 3088 3070 3042 3016 2992 2994 3006 2992 2997 3004 2997 2994 2996 3010 3001 3000 3013 2999 3006 3008 3016 3000 3000 3004 3008 3004 3010 3017
3000 3005 3008 2983 2981 2999 3019 3023 3050 3052 3066 3083 3090 3078 3083 3096 3101 3072 3085 3088 3076 3088 3082 3096 3089 3087 3087 3094 3092 3092 3073 3091 3076 3076 3077 3077 3082 3071 3049 3022 3004 2994 3003 2997 2992 3016 2999 3002 3004 2996 2994 3000 3008 2997 3001 3002 3006 3017 3001 3000 2986 3004 2998 2998
2991 2992 3016 2998 2994 2996 3003 3015 3060 3065 3062 3065 3072 3080 3089 3090 3083 3084 3086 3082 3083 3079 3077 3076 3088 3079 3092 3097 3100 3097 3084 3092 3080 3082 3080 3088 3069 3064 3043 3024 3010 3000 2998 2989 3003 3004 2998 3000 3002 2989 3003 3009 3002 3007 3011 2987 3012 2987 3010 2993 2990 3007 3012 3004
3000 3005 2991 2993 3005 3009 3009 3019 3043 3057 3088 3076 3085 3081 3090 3074 3091 3089 3083 3085 3079 3083 3076 3086 3084 3082 3086 3079 3085 3086 3108 3097 3086 3082 3085 3084 3076 3063 3048 3024 3004 2995 2989 2997 3006 3007 3001 2993 3001 3004 3002 3011 3016 3011 2997 2993 2986 2995 2985 2995 3010 3007 2998 2999
2993 2988 3006 3008 3002 3005 3002 3027 3033 3058 3077 3095 3077 3056 3072 3081 3095 3092 3091 3084 3078 3083 3064 3075 3085 3081 3072 3087 3088 3086 3098 3094 3101 3092 3077 3074 3064 3056 3022 3004 3001 3002 3002 3014 3003 2996 3014 2998 3007 2994 3003 3008 3001 3007 3002 3004 2987 3000 2993 2999 3005 3005 2990 2986
2991 2991 3013 3002 3003 3000 2989 3001 3019 3049 3072 3067 3075 3066 3082 3069 3089 3087 3106 3078 3092 3078 3082 3075 3097 3080 3078 3101 3089 3080 3084 3083 3072 3077 3092 3073 3073 3058 3023 3011 2986 2993 2989 3009 2997 3003 3010 3000 3003 2993 2998 3003 3009 2993 3003 3007 3006 2989 3006 2995 2996 2993 2987 2982
2992 2980 3000 3001 3004 2994 2985 3002 3019 3032 3068 3080 3078 3070 3083 3075 3083 3091 3097 3086 3089 3079 3075 3072 3068 3092 3077 3085 3088 3089 3083 3079 3083 3075 3066 3076 3060 3048 3034 3007 3002 2993 3004 3012 2989 2986 3013 3007 3001 3004 3007 3009 2998 2996 3012 3012 3018 3022 2993 3015 3000 3000 2994 2992
2989 3002 3003 3007 2997 2992 2995 2997 2998 3035 3075 3061 3072 3062 3083 3075 3077 3085 3083 3097 3077 3081 3095 3082 3079 3075 3088 3075 3084 3079 3091 3075 3082 3076 3091 3074 3069 3040 3024 3009 3017 3015 3007 2993 2981 2999 3012 3011 2997 2994 2999 3010 2997 2993 2998 3017 3007 3027 3028 3026 3011 3001 2997 2999
2986 2986 2992 2988 2997 2999 2983 2988 3008 3023 3060 3064 3065 3077 3082 3069 3070 3071 3086 3087 3080 3084 3086 3083 3088 3078 3089 3077 3084 3078 3075 3092 3079 3082 3067 3070 3072 3047 3012 3017 3009 3010 3010 2995 2993 3002 3005 2998 3010 3004 3008 3016 2996 3001 2999 3022 3009 3023 3041 3040 3027 3018 3004 3005
2980 2994 2994 3002 3017 2995 2988 2998 3010 3013 3035 3041 3063 3078 3073 3073 3075 3072 3076 3084 3089 3077 3096 3082 3086 3091 3085 3102 3083 3075 3079 3079 3078 3091 3077 3062 3057 3048 3024 3017 3024 3023 3033 3010 3004 3013 3017 3012 3013 3008 3006 3005 2995 2994 3001 3011 3018 3034 3046 3038 3034 3017 3028 3000
2971 2983 3013 3009 2995 2996 2990 3007 3031 3030 3033 3037 3058 3071 3069 3089 3069 3074 3085 3064 3094 3083 3087 3094 3100 3088 3089 3085 3084 3085 3093 3088 3094 3093 3065 3071 3070 3052 3033 3031 3035 3019 3014 3002 3014 3010 3016 3026 3010 3001 3006 2994 2996 3010 3003 3009 3024 3041 3032 3028 3034 3028 3019 3009
2992 2985 2998 2987 3004 2988 3014 2998 3032 3009 3012 3037 3052 3064 3068 3070 3059 3069 3076 3085 3077 3075 3082 3088 3081 3069 3076 3087 3073 3078 3085 3094 3072 3077 3059 3065 3060 3056 3033 3029 3021 3021 3025 3022 3021 3008 3004 3017 3011 3003 2999 2993 2996 2997 3016 3003 3021 3043 3046 3036 3030 3034 3001 3009
2995 2999 2983 2988 2999 3005 3004 3016 3021 3014 3019 3032 3044 3049 3071 3056 3065 3067 3081 3079 3090 3079 3101 3077 3081 3071 3081 3055 3077 3080 3066 3086 3080 3085 3069 3068 3047 3037 3027 3022 3022 3028 3015 3019 3006 2998 3009 3003 3003 3001 2994 3004 2998 3004 3006 3001 3022 3031 3043 3028 3027 3018 3011 3006
2992 2993 2993 3001 2996 3018 2998 3013 3022 3021 3024 3032 3022 3037 3059 3075 3072 3074 3083 3082 3089 3087 3097 3090 3080 3087 3081 3090 3087 3083 3078 3079 3106 3079 3070 3070 3051 3036 3013 3032 3032 3027 3010 3008 2996 2995 3011 3007 2992 3015 2998 2992 3008 3009 2994 2993 3010 3033 3025 3040 3027 3016 3018 3022
3002 2998 2989 3005 2990 2996 3014 3003 3006 3015 3018 3023 3005 3028 3047 3073 3056 3085 3077 3091 3091 3104 3092 3089 3086 3085 3079 3085 3083 3103 3089 3089 3075 3078 3058 3062 3050 3025 3021 3022 3012 3028 3025 3005 3022 3004 3019 3002 2999 3008 3012 3006 3006 3018 3004 2996 3005 3026 3017 3024 3016 3018 3027 3028
2999 2998 2997 2984 3005 3002 3010 2990 3005 3011 3015 3016 3010 3036 3042 3059 3063 3070 3079 3090 3070 3077 3092 3081 3077 3086 3088 3089 3081 3096 3091 3095 3082 3081 3064 3053 3030 3020 3025 3030 3016 3016 3012 3011 3002 3006 3005 2998 3001 3004 3004 2997 2998 3006 3002 3005 3009 3006 3020 3015 3027 3029 3013 3029
2994 2996 2996 2987 2981 2995 3010 3011 3009 3011 2999 3018 3011 3038 3050 3062 3059 3057 3065 3073 3066 3072 3082 3082 3089 3090 3079 3086 3091 3081 3087 3092 3081 3068 3061 3050 3036 3022 3028 3040 3021 3019 3016 3010 3018 3011 3000 2997 3012 2991 3001 3004 3004 2998 2997 2989 2995 3000 3017 3003 3011 3013 3031 3016
2984 2996 2990 2989 2988 2988 3008 3008 3007 3000 2996 3004 3013 3023 3051 3055 3049 3062 3075 3067 3084 3073 3087 3082 3078 3087 3095 3083 3089 3077 3072 3083 3091 3065 3062 3033 3034 3015 3018 3013 3023 3018 3021 3012 3010 3002 3008 3017 3008 3006 3009 3011 3010 2988 2993 3007 3003 2993 2996 3007 2994 3021 3013 3002
2992 2990 3003 2995 2990 2989 2994 2997 3009 3010 3009 3011 3009 3038 3040 3043 3062 3068 3083 3072 3091 3089 3083 3085 3090 3079 3087 3085 3080 3070 3084 3089 3065 3064 3045 3041 3017 3017 3012 3000 3004 3014 3015 3016 3011 2998 2998 3013 2985 3013 3004 3010 3005 2983 2998 3002 3004 3009 3016 3010 3014 2997 3011 3018
2998 2998 3002 3007 2996 2989 2994 2988 2997 2996 3019 3005 3018 3017 3041 3044 3062 3071 3066 3081 3086 3085 3092 3088 3077 3081 3107 3076 3074 3064 3084 3074 3061 3058 3042 3031 3014 3008 2994 3009 3022 3018 3002 3020 3022 3023 3016 3014 3025 3019 3036 3025 3014 2997 3023 3015 3010 3011 3019 3021 3010 3005 3017 3026
3017 2992 3006 2996 3007 3000 2985 2980 2989 3002 3015 3000 3027 3026 3032 3046 3060 3089 3071 3089 3088 3079 3081 3089 3091 3084 3072 3071 3066 3066 3081 3073 3073 3064 3038 3024 3018 3005 3014 3025 3023 3009 3022 3025 3037 3037 3031 3012 3023 3031 3039 3054 3042 3029 3030 3023 3046 3029 3036 3010 3021 3009 3010 3018
3010 2982 3003 2998 2998 2999 2989 3001 2994 3006 3010 3005 3034 3048 3058 3067 3067 3082 3080 3091 3083 3091 3088 3077 3087 3080 3082 3088 3070 3076 3080 3074 3073 3068 3065 3043 3041 3037 3026 3022 3030 3023 3033 3032 3031 3037 3032 3036 3040 3038 3041 3056 3050 3037 3032 3042 3035 3041 3035 3040 3036 3023 3033 3029
2995 2991 2995 3001 3001 3008 2992 3010 2996 2995 3002 3019 3038 3062 3062 3070 3082 3086 3085 3093 3104 3089 3081 3088 3085 3090 3077 3081 3082 3087 3080 3072 3068 3092 3064 3053 3051 3042 3045 3052 3040 3051 3039 3047 3046 3035 3044 3053 3056 3058 3057 3069 3054 3051 3039 3040 3048 3062 3060 3065 3052 3020 3040 3038
2997 2998 3003 3003 3019 3014 3002 3021 3009 3020 3028 3036 3062 3077 3077 3083 3080 3088 3086 3085 3094 3100 3093 3093 3097 3090 3096 3087 3075 3098 3088 3082 3095 3069 3059 3061 3065 3062 3060 3065 3053 3061 3061 3044 3053 3052 3051 3065 3070 3052 3064 3039 3050 3054 3055 3049 3059 3072 3075 3063 3077 3057 3059 3052
3004 2998 2999 3004 3010 3020 3023 3024 3038 3051 3050 3058 3077 3079 3101 3092 3074 3091 3085 3088 3100 3090 3075 3096 3102 3102 3097 3087 3085 3096 3092 3087 3073 3082 3070 3063 3052 3058 3059 3083 3086 3083 3069 3059 3066 3060 3050 3067 3067 3076 3046 3044 3046 3056 3054 3055 3070 3073 3070 3076 3090 3069 3058 3053
3012 3009 3025 3022 3037 3018 3039 3022 3039 3047 3036 3065 3068 3083 3092 3079 3090 3088 3083 3084 3087 3090 3094 3097 3101 3083 3094 3086 3084 3086 3071 3088 3089 3074 3079 3074 3066 3059 3061 3073 3072 3069 3071 3050 3058 3061 3071 3060 3060 3056 3052 3041 3054 3065 3056 3053 3076 3074 3076 3075 3075 3065 3070 3058
3020 3016 3029 3032 3043 3045 3025 3041 3048 3053 3042 3057 3072 3082 3088 3077 3081 3082 3088 3085 3088 3096 3107 3097 3095 3094 3087 3089 3088 3079 3079 3081 3089 3093 3086 3071 3065 3054 3062 3059 3076 3067 3075 3070 3075 3078 3072 3067 3064 3065 3067 3049 3069 3067 3067 3063 3070 3081 3070 3071 3064 3060 3062 3072
3040 3044 3035 3050 3062 3059 3047 3051 3054 3068 3059 3069 3071 3075 3070 3080 3090 3081 3084 3081 3079 3093 3082 3094 3102 3090 3075 3099 3087 3074 3082 3083 3083 3084 3067 3080 3072 3081 3079 3074 3077 3073 3072 3066 3071 3064 3058 3047 3065 3050 3058 3049 3052 3069 3058 3058 3085 3060 3062 3071 3066 3061 3070 3052
3054 3054 3051 3053 3063 3060 3075 3058 3067 3065 3066 3062 3071 3071 3080 3083 3084 3082 3088 3095 3082 3096 3091 3087 3097 3094 3097 3089 3087 3096 3088 3091 3086 3086 3083 3071 3061 3072 3076 3089 3069 3082 3074 3065 3082 3063 3046 3047 3054 3052 3064 3052 3049 3062 3069 3061 3064 3074 3061 3064 3053 3061 3076 3054
3051 3059 3062 3066 3056 3065 3065 3064 3085 3067 3068 3070 3085 3075 3072 3068 3073 3086 3083 3083 3087 3090 3088 3101 3084 3097 3080 3091 3091 3093 3083 3081 3080 3072 3088 3071 3061 3065 3066 3078 3064 3062 3085 3074 3062 3061 3073 3072 3067 3062 3065 3071 3055 3065 3075 3068 3077 3066 3067 3058 3067 3067 3075 3068
3046 3054 3076 3069 3071 3075 3063 3081 3083 3081 3057 3078 3076 3078 3084 3083 3096 3086 3085 3073 3085 3080 3083 3103 3088 3077 3088 3090 3091 3080 3087 3073 3068 3063 3077 3080 3062 3065 3057 3060 3053 3057 3078 3074 3068 3074 3066 3065 3060 3072 3071 3053 3062 3071 3061 3071 3072 3072 3071 3070 3050 3060 3054 3065
