3058 3053 3048 3046 3043 3046 3050 3060 3072 3069 3065 3052 3038 3030 3024 3029 3036 3030 3019 3015 3013 3014 3015 3016 3016 3018 3021 3021 3020 3020 3020 3018 3013 3012 3015 3016 3017 3013 3004 3001 3008 3014 3015 3015 3013 3012 3017 3020 3017 3015 3019 3020 3007 2997 3007 3016 3012 3009 3012 3014 3000 2987 2992 2997
3060 3052 3044 3043 3042 3046 3051 3054 3057 3056 3053 3045 3035 3031 3029 3029 3029 3024 3018 3018 3019 3019 3018 3019 3020 3020 3021 3018 3014 3013 3013 3013 3012 3012 3013 3014 3015 3014 3010 3008 3011 3014 3015 3016 3016 3017 3018 3018 3015 3012 3012 3012 3008 3006 3010 3013 3010 3007 3007 3007 3003 2999 2996 2993
3063 3052 3040 3041 3041 3047 3052 3048 3042 3042 3042 3038 3032 3033 3034 3029 3021 3018 3017 3020 3025 3024 3021 3021 3023 3023 3021 3016 3008 3005 3007 3008 3010 3011 3011 3012 3014 3015 3016 3015 3014 3014 3015 3017 3020 3021 3018 3015 3012 3009 3005 3004 3010 3014 3013 3011 3007 3004 3001 3000 3006 3011 3000 2989
3053 3047 3041 3040 3039 3045 3051 3045 3037 3037 3038 3035 3030 3032 3035 3031 3026 3021 3016 3017 3020 3021 3022 3022 3022 3022 3023 3020 3014 3013 3015 3015 3011 3008 3007 3008 3012 3015 3016 3017 3019 3019 3019 3019 3023 3024 3020 3017 3014 3011 3007 3004 3010 3014 3013 3012 3007 3003 3003 3004 3002 3000 3001 3003
3044 3043 3042 3039 3036 3043 3049 3042 3033 3033 3034 3032 3029 3031 3035 3034 3031 3024 3016 3014 3015 3018 3022 3022 3020 3022 3026 3025 3021 3021 3024 3021 3012 3006 3003 3004 3010 3014 3015 3018 3023 3026 3023 3022 3026 3027 3023 3018 3016 3014 3009 3006 3010 3014 3014 3013 3007 3001 3005 3008 2997 2987 3002 3017
3037 3039 3040 3039 3038 3040 3042 3040 3037 3035 3033 3032 3031 3030 3029 3029 3029 3026 3022 3020 3018 3018 3019 3019 3019 3020 3021 3021 3020 3021 3023 3021 3014 3011 3013 3016 3022 3025 3025 3027 3031 3032 3028 3028 3033 3035 3032 3028 3021 3014 3009 3006 3008 3011 3013 3014 3010 3008 3010 3011 3002 2994 3008 3021
3032 3034 3037 3039 3041 3038 3034 3038 3042 3038 3032 3033 3034 3029 3022 3023 3026 3027 3029 3026 3022 3019 3016 3016 3019 3019 3017 3017 3020 3021 3021 3019 3016 3017 3023 3029 3034 3036 3036 3036 3038 3038 3034 3034 3040 3044 3043 3038 3025 3014 3009 3005 3006 3008 3011 3014 3014 3014 3015 3014 3008 3003 3014 3025
3004 3008 3012 3011 3010 3008 3006 3012 3019 3016 3012 3012 3013 3014 3014 3013 3011 3015 3022 3020 3015 3014 3014 3014 3015 3015 3014 3014 3014 3014 3015 3015 3014 3015 3020 3025 3030 3033 3032 3033 3037 3038 3034 3031 3034 3036 3036 3034 3026 3020 3019 3018 3016 3014 3013 3013 3012 3011 3010 3008 3005 3002 3008 3013
2975 2980 2984 2980 2975 2976 2977 2985 2993 2992 2990 2990 2989 2997 3006 3003 2996 3002 3013 3012 3008 3008 3012 3012 3010 3011 3012 3011 3008 3007 3008 3010 3011 3013 3016 3019 3024 3027 3027 3030 3035 3037 3032 3029 3027 3026 3028 3029 3027 3027 3030 3032 3027 3022 3016 3011 3009 3007 3003 3000 3001 3001 3001 3001
2975 2977 2980 2980 2979 2978 2977 2983 2990 2990 2989 2988 2986 2991 2996 2993 2987 2992 3002 3002 2998 2998 3000 3001 3003 3007 3015 3016 3013 3011 3009 3010 3014 3018 3023 3027 3030 3031 3028 3028 3032 3034 3031 3029 3030 3030 3032 3033 3033 3033 3034 3034 3030 3026 3020 3013 3012 3010 3011 3013 3013 3013 3006 2999
2980 2979 2978 2984 2990 2986 2981 2986 2991 2991 2991 2989 2986 2986 2987 2983 2978 2983 2991 2991 2988 2987 2987 2989 2994 3004 3018 3022 3021 3017 3012 3012 3017 3024 3032 3037 3039 3037 3029 3025 3029 3030 3029 3029 3034 3037 3038 3039 3039 3038 3036 3034 3032 3030 3023 3016 3015 3014 3022 3028 3028 3027 3014 3000
2971 2975 2979 2982 2984 2983 2982 2983 2985 2987 2989 2987 2986 2986 2987 2986 2984 2984 2985 2987 2990 2991 2991 2993 2996 3005 3017 3022 3022 3020 3017 3019 3025 3030 3033 3034 3033 3031 3028 3028 3032 3035 3036 3037 3039 3040 3042 3042 3039 3038 3038 3038 3035 3032 3026 3020 3013 3008 3017 3026 3026 3026 3016 3005
2959 2969 2979 2978 2976 2979 2982 2980 2978 2981 2986 2986 2984 2987 2990 2991 2991 2987 2981 2985 2994 2997 2998 2999 3000 3006 3016 3021 3022 3022 3023 3027 3034 3036 3033 3030 3025 3024 3027 3032 3037 3042 3044 3046 3044 3043 3044 3044 3039 3036 3040 3043 3038 3033 3029 3023 3010 3000 3010 3020 3022 3023 3017 3011
2961 2969 2977 2976 2976 2978 2980 2976 2971 2975 2981 2983 2985 2985 2984 2986 2988 2984 2978 2982 2989 2993 2995 2998 3001 3008 3016 3020 3019 3020 3023 3028 3037 3039 3035 3032 3032 3032 3034 3035 3035 3037 3039 3043 3047 3050 3051 3050 3047 3044 3043 3042 3038 3034 3033 3031 3017 3006 3015 3024 3025 3025 3018 3011
2967 2970 2973 2975 2977 2978 2978 2971 2964 2969 2977 2981 2985 2982 2977 2978 2982 2979 2976 2978 2982 2986 2990 2995 3002 3009 3017 3019 3017 3018 3021 3028 3039 3042 3037 3036 3042 3045 3042 3038 3032 3029 3031 3037 3050 3059 3058 3058 3058 3056 3047 3039 3036 3034 3038 3039 3026 3015 3023 3030 3030 3030 3020 3009
2975 2976 2976 2979 2982 2981 2981 2976 2971 2976 2983 2988 2992 2989 2984 2982 2982 2980 2978 2981 2985 2988 2990 2996 3003 3012 3021 3022 3019 3018 3020 3026 3038 3042 3038 3038 3044 3045 3039 3034 3030 3028 3030 3036 3050 3060 3061 3062 3059 3055 3049 3043 3039 3036 3039 3040 3028 3018 3023 3028 3029 3030 3022 3014
2985 2983 2981 2984 2987 2986 2986 2984 2982 2987 2993 2997 3002 2999 2994 2990 2985 2983 2981 2985 2991 2993 2991 2996 3005 3015 3025 3027 3023 3020 3019 3024 3036 3041 3039 3040 3043 3042 3033 3027 3028 3029 3032 3037 3049 3058 3064 3065 3057 3050 3050 3049 3043 3039 3039 3039 3027 3017 3020 3023 3026 3028 3025 3021
2989 2987 2985 2987 2988 2988 2987 2988 2988 2990 2992 2997 3003 3001 2998 2992 2986 2986 2988 2991 2994 2996 2996 3002 3010 3019 3027 3029 3026 3024 3022 3025 3032 3037 3041 3042 3041 3037 3031 3029 3031 3033 3034 3038 3050 3060 3063 3064 3057 3052 3052 3051 3044 3039 3040 3040 3032 3024 3026 3027 3026 3025 3024 3023
2992 2991 2989 2989 2989 2988 2988 2990 2992 2990 2989 2994 3001 3001 2998 2992 2986 2989 2996 2997 2996 2998 3002 3008 3017 3023 3028 3029 3028 3027 3027 3027 3027 3032 3042 3044 3037 3033 3032 3032 3036 3038 3035 3039 3053 3063 3062 3060 3059 3057 3054 3051 3044 3038 3041 3042 3038 3034 3034 3034 3027 3020 3022 3023
2995 2996 2997 2995 2993 2995 2997 2994 2992 2992 2992 2997 3003 3001 2998 2994 2990 2991 2995 2997 2998 2999 3000 3004 3008 3016 3026 3030 3030 3030 3031 3030 3028 3030 3037 3038 3032 3030 3035 3037 3037 3038 3041 3046 3058 3066 3063 3062 3061 3059 3055 3051 3044 3039 3040 3041 3040 3039 3035 3031 3027 3024 3023 3022
2999 3002 3006 3003 2999 3004 3009 3000 2991 2994 2998 3002 3006 3002 2997 2996 2996 2993 2990 2994 3001 3000 2996 2994 2994 3005 3023 3031 3032 3033 3035 3034 3030 3028 3028 3027 3026 3029 3039 3042 3036 3036 3047 3056 3063 3068 3067 3065 3063 3060 3056 3051 3045 3040 3040 3040 3041 3042 3033 3025 3028 3031 3026 3020
2997 3002 3006 3003 3000 3002 3003 2997 2990 2991 2994 2998 3002 2998 2993 2992 2993 2991 2989 2992 2998 2997 2992 2990 2991 3002 3020 3030 3034 3035 3034 3033 3032 3031 3030 3031 3033 3036 3042 3043 3039 3041 3053 3063 3067 3070 3069 3067 3063 3058 3054 3049 3046 3044 3046 3048 3047 3044 3033 3022 3027 3031 3025 3018
2993 2997 3001 3000 2999 2994 2990 2989 2989 2987 2984 2988 2994 2992 2988 2987 2986 2988 2989 2991 2994 2992 2987 2988 2993 3004 3017 3028 3036 3037 3032 3030 3033 3035 3037 3041 3046 3048 3044 3042 3043 3048 3059 3067 3070 3071 3070 3068 3061 3054 3050 3046 3047 3049 3057 3062 3054 3045 3032 3021 3024 3028 3022 3016
2995 2997 2998 2998 2999 2993 2988 2990 2994 2991 2987 2991 2997 2996 2993 2990 2988 2990 2993 2993 2992 2990 2987 2991 2998 3007 3017 3028 3038 3042 3040 3041 3043 3045 3047 3051 3057 3058 3053 3050 3052 3057 3066 3072 3072 3073 3074 3072 3064 3057 3055 3054 3057 3061 3065 3067 3057 3046 3036 3027 3025 3023 3018 3012
3000 2998 2995 2997 2999 2996 2992 2996 3001 2999 2996 3001 3007 3006 3004 2999 2994 2995 2999 2996 2991 2990 2991 2996 3004 3012 3019 3029 3039 3048 3055 3058 3058 3058 3060 3062 3066 3068 3065 3064 3064 3067 3073 3076 3075 3075 3078 3078 3070 3063 3066 3068 3072 3075 3072 3068 3057 3047 3042 3038 3028 3018 3013 3009
3000 2998 2996 2998 3000 2997 2994 2998 3003 3000 2996 3000 3006 3005 3003 3000 2996 2997 3000 2997 2992 2992 2994 2999 3005 3012 3020 3030 3042 3053 3063 3068 3068 3069 3073 3076 3078 3077 3073 3072 3074 3076 3081 3084 3081 3081 3085 3086 3078 3072 3075 3079 3083 3086 3077 3068 3055 3044 3042 3039 3029 3019 3014 3009
2996 2998 3000 3001 3001 2998 2994 2997 3001 2996 2990 2993 2998 2997 2994 2995 2997 2997 2997 2995 2993 2995 2998 3001 3003 3010 3020 3032 3046 3057 3067 3073 3074 3079 3087 3091 3090 3086 3079 3076 3081 3086 3091 3093 3091 3090 3093 3094 3088 3083 3084 3087 3092 3095 3081 3067 3053 3040 3036 3033 3029 3025 3019 3013
2996 2998 3000 3000 3000 2999 2997 2997 2998 2994 2991 2992 2994 2994 2993 2995 2999 2997 2993 2993 2994 2997 3001 3002 3002 3008 3018 3032 3049 3061 3069 3074 3074 3078 3086 3090 3090 3088 3084 3083 3086 3089 3094 3096 3095 3094 3095 3095 3090 3087 3088 3090 3093 3095 3083 3071 3052 3035 3033 3031 3027 3022 3019 3015
2998 2998 2997 2998 2999 3000 3002 2998 2993 2994 2997 2995 2992 2994 2996 2999 3001 2996 2989 2990 2994 2999 3003 3004 3002 3006 3015 3031 3052 3064 3070 3071 3070 3070 3073 3076 3080 3084 3089 3091 3089 3089 3092 3095 3094 3093 3092 3090 3087 3086 3088 3089 3089 3088 3086 3080 3054 3030 3031 3032 3023 3014 3015 3016
2998 2997 2997 2998 3000 3000 3001 2998 2994 2996 2998 2996 2995 2997 3001 3002 3003 2997 2989 2990 2995 2998 3000 3001 3001 3005 3012 3028 3049 3063 3070 3073 3070 3069 3071 3074 3077 3082 3088 3091 3088 3087 3089 3091 3091 3091 3090 3088 3087 3086 3086 3086 3086 3086 3088 3086 3057 3031 3031 3030 3020 3011 3013 3015
2996 2997 2997 3000 3003 2998 2993 2997 3001 2998 2995 2997 3001 3004 3006 3005 3003 2999 2993 2993 2996 2995 2993 2995 2999 3004 3010 3024 3043 3059 3071 3076 3074 3075 3079 3081 3081 3081 3083 3085 3086 3086 3085 3085 3086 3087 3089 3089 3089 3087 3084 3082 3084 3086 3091 3090 3062 3036 3030 3025 3019 3012 3013 3014
2997 2998 2999 3002 3005 3000 2994 2998 3003 3000 2995 2998 3002 3004 3006 3005 3003 3001 3000 2999 2998 2995 2992 2993 2998 3002 3008 3021 3040 3056 3069 3075 3077 3079 3082 3083 3082 3082 3082 3082 3084 3085 3085 3085 3085 3085 3088 3089 3088 3086 3083 3081 3083 3086 3089 3088 3063 3040 3029 3019 3019 3018 3015 3013
3001 3001 3000 3003 3006 3004 3001 3001 3002 3001 2999 2998 2997 2999 3000 3000 3000 3004 3008 3006 3001 2998 2997 2996 2996 2999 3005 3020 3040 3054 3062 3070 3078 3081 3081 3081 3082 3082 3082 3083 3083 3084 3089 3090 3087 3085 3087 3088 3085 3082 3082 3082 3083 3084 3083 3080 3062 3044 3027 3012 3020 3028 3019 3011
3000 3000 2999 3003 3006 3005 3003 3000 2998 2997 2995 2995 2995 2995 2996 2997 2999 3002 3007 3006 3002 3000 2998 2997 2997 3000 3005 3017 3033 3046 3056 3066 3075 3080 3081 3081 3083 3083 3083 3082 3082 3084 3089 3091 3089 3087 3086 3085 3082 3081 3082 3083 3083 3083 3079 3074 3058 3043 3026 3010 3019 3027 3017 3007
2994 2994 2995 3000 3005 3002 2998 2994 2991 2987 2984 2989 2996 2995 2993 2995 2998 2997 2995 2997 3001 3000 2995 2997 3002 3006 3008 3013 3020 3033 3051 3063 3069 3075 3081 3084 3085 3084 3082 3081 3082 3083 3085 3087 3090 3090 3084 3080 3080 3081 3083 3085 3085 3084 3078 3070 3053 3037 3025 3014 3015 3017 3009 3001
2992 2993 2994 2998 3003 2999 2995 2991 2987 2985 2982 2989 2998 2995 2991 2993 2996 2994 2990 2993 3000 2999 2995 2997 3004 3006 3006 3007 3010 3022 3042 3056 3064 3073 3082 3085 3083 3081 3080 3079 3080 3082 3083 3085 3090 3092 3086 3081 3081 3082 3083 3084 3084 3083 3077 3070 3051 3033 3025 3017 3015 3013 3008 3002
2998 2998 2997 2998 2998 2996 2994 2992 2989 2990 2991 2996 3001 2997 2990 2991 2993 2994 2994 2996 2998 2997 2996 2997 3000 3001 2999 3000 3004 3014 3028 3044 3061 3074 3083 3084 3077 3073 3075 3077 3079 3081 3084 3086 3088 3090 3092 3092 3086 3082 3081 3081 3080 3080 3077 3073 3051 3031 3026 3021 3020 3019 3015 3011
2999 3000 3000 2997 2994 2993 2991 2991 2990 2992 2995 2998 3002 2998 2993 2992 2993 2994 2996 2996 2996 2998 2999 3000 3000 2999 2997 2997 2999 3006 3016 3032 3053 3069 3079 3081 3073 3070 3073 3076 3077 3080 3085 3088 3087 3088 3094 3096 3089 3082 3081 3079 3077 3076 3076 3073 3051 3031 3028 3024 3022 3021 3018 3015
2993 2999 3004 2998 2993 2989 2985 2987 2990 2990 2991 2994 2998 3000 3002 2999 2995 2994 2993 2994 2996 3000 3006 3006 3003 3002 3002 2999 2996 2998 3006 3020 3041 3058 3070 3075 3072 3072 3076 3078 3077 3079 3086 3090 3087 3086 3090 3092 3088 3084 3081 3079 3075 3072 3072 3070 3050 3032 3030 3027 3022 3018 3015 3013
2992 2998 3004 2999 2993 2987 2982 2984 2987 2988 2988 2991 2995 2999 3003 3000 2996 2994 2994 2996 2999 3005 3013 3013 3008 3005 3004 3000 2994 2994 2999 3012 3033 3050 3063 3071 3070 3072 3076 3078 3077 3079 3086 3090 3086 3085 3088 3090 3088 3086 3083 3080 3076 3072 3071 3068 3051 3037 3034 3031 3024 3017 3014 3011
2995 2998 3000 2998 2996 2990 2983 2982 2981 2984 2987 2991 2994 2994 2993 2993 2993 2997 3002 3005 3007 3013 3021 3021 3016 3010 3002 2997 2994 2995 2998 3010 3030 3047 3060 3067 3066 3068 3072 3075 3077 3080 3085 3088 3086 3086 3087 3088 3089 3089 3087 3084 3082 3079 3072 3066 3056 3046 3042 3037 3028 3019 3015 3012
2996 2997 2998 2997 2997 2991 2984 2980 2977 2982 2987 2990 2993 2991 2988 2989 2993 2998 3005 3009 3011 3017 3024 3025 3021 3013 3002 2997 2997 2998 2999 3009 3028 3044 3057 3064 3064 3066 3069 3073 3078 3082 3084 3086 3087 3088 3088 3087 3088 3088 3087 3086 3084 3080 3068 3056 3053 3050 3046 3041 3031 3022 3018 3014
2991 2994 2997 2995 2993 2989 2984 2982 2980 2983 2987 2990 2993 2992 2990 2993 2996 2998 2999 3004 3011 3014 3017 3019 3020 3015 3007 3004 3005 3006 3005 3013 3028 3042 3054 3062 3066 3069 3071 3075 3081 3084 3083 3085 3090 3094 3090 3086 3082 3079 3082 3084 3079 3071 3051 3034 3039 3044 3043 3042 3034 3027 3024 3021
2989 2993 2997 2993 2990 2988 2987 2985 2984 2987 2990 2992 2995 2994 2992 2996 3001 3000 2997 3004 3016 3019 3019 3020 3022 3018 3011 3009 3011 3012 3011 3017 3029 3042 3055 3064 3069 3072 3074 3077 3081 3084 3083 3085 3092 3096 3091 3086 3080 3075 3079 3081 3073 3062 3039 3020 3030 3040 3041 3042 3036 3031 3028 3025
2994 2995 2996 2991 2986 2990 2995 2993 2990 2993 2998 3000 3001 2997 2992 2997 3006 3004 2999 3013 3034 3040 3041 3037 3032 3024 3014 3010 3012 3014 3016 3023 3033 3048 3066 3075 3073 3074 3079 3081 3077 3077 3083 3087 3089 3090 3088 3087 3086 3085 3081 3076 3064 3052 3037 3026 3032 3038 3041 3043 3038 3034 3028 3023
2996 2996 2995 2990 2985 2991 2999 2997 2994 2999 3004 3004 3004 2999 2994 3001 3013 3011 3004 3019 3043 3051 3051 3046 3037 3027 3015 3010 3011 3015 3020 3027 3036 3051 3073 3083 3078 3077 3083 3083 3076 3074 3084 3089 3087 3086 3086 3087 3090 3091 3082 3072 3057 3043 3034 3028 3032 3036 3040 3043 3038 3034 3028 3022
2993 2992 2991 2990 2989 2990 2991 2994 2998 3001 3004 3002 2999 3000 3002 3012 3024 3022 3015 3022 3034 3037 3036 3033 3031 3024 3014 3009 3008 3012 3021 3029 3036 3050 3071 3082 3082 3082 3083 3082 3081 3081 3087 3090 3089 3087 3086 3086 3089 3089 3079 3068 3051 3036 3027 3021 3027 3033 3037 3040 3033 3026 3025 3025
2991 2990 2989 2992 2995 2991 2987 2994 3002 3003 3003 3001 2998 3002 3009 3019 3031 3030 3024 3025 3028 3028 3026 3026 3028 3024 3015 3009 3006 3011 3023 3032 3037 3050 3070 3082 3086 3086 3083 3082 3084 3086 3089 3090 3089 3088 3084 3083 3087 3087 3076 3063 3046 3030 3022 3016 3024 3030 3032 3033 3026 3018 3022 3025
2990 2991 2993 2998 3004 2999 2994 3001 3008 3004 2998 3002 3008 3011 3013 3019 3025 3027 3028 3029 3031 3032 3033 3034 3036 3030 3020 3014 3009 3014 3026 3036 3044 3056 3072 3084 3091 3092 3086 3083 3082 3084 3088 3090 3088 3085 3079 3076 3083 3084 3069 3053 3040 3027 3021 3016 3022 3027 3022 3017 3014 3011 3014 3018
2990 2993 2996 3003 3010 3005 2999 3004 3010 3003 2994 3003 3016 3018 3017 3017 3018 3023 3029 3032 3032 3034 3037 3039 3041 3036 3026 3018 3012 3017 3029 3040 3051 3062 3075 3085 3094 3096 3089 3084 3081 3081 3086 3089 3087 3083 3075 3072 3079 3081 3063 3046 3035 3026 3021 3017 3021 3023 3015 3007 3007 3007 3010 3012
2995 2996 2997 3002 3007 3001 2995 2995 2997 2996 2994 3004 3016 3017 3015 3012 3009 3013 3020 3025 3030 3032 3034 3036 3040 3037 3031 3024 3017 3020 3031 3044 3057 3069 3080 3088 3094 3095 3091 3086 3081 3080 3085 3088 3086 3082 3077 3074 3079 3079 3062 3046 3037 3028 3022 3017 3019 3020 3017 3014 3016 3017 3015 3014
3000 2998 2997 3001 3005 2999 2993 2991 2989 2991 2995 3004 3015 3015 3013 3008 3002 3006 3013 3020 3028 3031 3031 3034 3039 3039 3036 3030 3022 3025 3036 3049 3064 3076 3084 3090 3092 3093 3091 3088 3081 3079 3084 3087 3084 3082 3079 3077 3079 3077 3063 3049 3041 3032 3026 3020 3020 3020 3020 3020 3024 3028 3023 3017
3003 3001 2999 3002 3006 3003 2999 3000 3001 2999 2998 3005 3015 3014 3012 3007 3002 3007 3015 3023 3031 3032 3030 3034 3040 3044 3045 3040 3030 3033 3047 3061 3075 3083 3084 3084 3084 3085 3087 3088 3085 3084 3086 3086 3083 3081 3079 3078 3079 3079 3073 3065 3054 3045 3041 3039 3037 3034 3027 3020 3033 3045 3036 3028
3005 3002 3000 3003 3006 3005 3004 3006 3008 3004 3000 3006 3013 3013 3010 3007 3003 3008 3016 3025 3033 3033 3029 3033 3041 3047 3052 3048 3038 3042 3058 3072 3084 3088 3083 3080 3078 3079 3083 3086 3087 3088 3086 3084 3082 3080 3079 3078 3080 3081 3080 3078 3066 3056 3055 3054 3051 3047 3033 3022 3041 3058 3049 3039
3003 3000 2997 2999 3002 3001 3000 2996 2993 2995 2998 3002 3007 3008 3008 3009 3009 3012 3015 3023 3034 3034 3030 3034 3042 3047 3049 3049 3046 3051 3063 3073 3080 3084 3084 3082 3078 3076 3076 3079 3085 3087 3083 3081 3082 3083 3081 3079 3079 3079 3077 3075 3069 3063 3060 3057 3053 3048 3040 3033 3044 3055 3053 3051
3002 2998 2994 2997 2999 2998 2996 2989 2981 2988 2997 3000 3002 3005 3008 3012 3016 3017 3016 3024 3036 3036 3032 3036 3044 3047 3047 3050 3053 3059 3067 3073 3077 3081 3084 3084 3079 3074 3071 3073 3082 3086 3080 3078 3083 3085 3081 3078 3078 3077 3073 3071 3070 3069 3064 3060 3055 3050 3047 3045 3049 3053 3057 3062
3008 3003 2998 2999 3001 2999 2997 2996 2996 2996 2997 3003 3009 3013 3017 3022 3028 3031 3034 3040 3047 3047 3044 3046 3052 3053 3052 3055 3061 3064 3064 3067 3075 3081 3085 3086 3083 3081 3080 3081 3084 3084 3079 3078 3083 3084 3075 3068 3071 3072 3066 3062 3066 3068 3065 3062 3060 3058 3056 3055 3058 3060 3063 3065
3013 3007 3001 3002 3003 3000 2998 3003 3009 3005 2998 3006 3015 3021 3026 3033 3040 3045 3051 3055 3058 3058 3055 3057 3060 3059 3057 3060 3067 3067 3061 3063 3072 3080 3085 3087 3086 3087 3088 3088 3084 3081 3078 3078 3083 3083 3068 3059 3064 3067 3059 3055 3061 3067 3066 3065 3065 3065 3065 3065 3066 3066 3068 3069
3005 3005 3006 3005 3003 3001 3000 3003 3007 3006 3003 3014 3027 3034 3040 3047 3055 3057 3057 3060 3063 3063 3062 3063 3067 3065 3060 3061 3066 3067 3066 3066 3067 3071 3077 3080 3078 3079 3083 3084 3080 3077 3077 3078 3084 3083 3067 3056 3059 3060 3058 3056 3056 3057 3061 3064 3065 3066 3063 3061 3061 3061 3063 3065
2997 3003 3010 3007 3003 3003 3002 3004 3006 3007 3008 3022 3038 3047 3053 3061 3069 3068 3063 3064 3068 3068 3067 3070 3074 3071 3062 3061 3064 3067 3070 3069 3063 3064 3070 3073 3070 3072 3078 3081 3076 3074 3076 3078 3084 3083 3066 3054 3054 3054 3057 3057 3052 3049 3057 3063 3065 3067 3063 3059 3057 3056 3058 3061
2996 2997 2998 2999 3000 3004 3008 3010 3013 3020 3027 3038 3050 3056 3060 3064 3067 3066 3062 3064 3069 3067 3064 3066 3073 3070 3062 3061 3064 3067 3069 3069 3067 3068 3072 3071 3067 3067 3072 3075 3074 3073 3073 3074 3077 3076 3065 3057 3055 3054 3060 3064 3062 3061 3064 3067 3067 3068 3069 3069 3066 3063 3064 3064
2995 2991 2987 2993 2998 3006 3013 3016 3019 3032 3046 3054 3061 3064 3067 3067 3065 3063 3062 3064 3069 3067 3060 3063 3072 3070 3062 3061 3065 3068 3069 3070 3071 3072 3073 3070 3064 3062 3066 3069 3071 3072 3071 3070 3071 3070 3064 3059 3055 3054 3063 3071 3072 3073 3071 3070 3070 3070 3074 3079 3075 3071 3069 3067
2993 2995 2996 3002 3008 3010 3013 3019 3026 3039 3054 3057 3058 3062 3067 3066 3062 3062 3063 3064 3065 3065 3064 3066 3070 3070 3067 3067 3069 3072 3076 3075 3070 3068 3069 3069 3065 3064 3064 3066 3070 3071 3065 3064 3070 3072 3062 3055 3055 3056 3063 3068 3068 3068 3071 3072 3072 3071 3075 3079 3073 3067 3068 3069
2991 2998 3005 3011 3018 3015 3012 3022 3033 3047 3063 3060 3055 3060 3067 3064 3059 3060 3064 3064 3062 3064 3068 3069 3068 3070 3072 3073 3073 3077 3084 3081 3069 3064 3066 3067 3067 3066 3063 3063 3069 3069 3060 3058 3070 3074 3061 3052 3055 3058 3062 3066 3064 3064 3070 3075 3074 3073 3076 3078 3071 3063 3067 3070
