3060 3048 3042 3046 3037 3047 3050 3051 3068 3057 3071 3047 3036 3025 3025 3014 3028 3040 3015 3015 3000 3014 3016 3009 3005 3010 3005 3031 3019 3018 3024 3021 3002 3011 3013 3009 3008 3010 3011 3002 3010 3007 3017 3009 3013 3017 3023 3027 3027 3027 3015 3020 3001 2991 3015 3016 3021 2998 3010 3006 3006 2980 2987 2988
3059 3060 3047 3048 3049 3034 3043 3056 3054 3046 3049 3051 3027 3031 3018 3038 3020 3022 3013 3032 3019 3016 3018 3026 3024 3018 3020 3013 3019 3020 3011 3011 3005 3012 3018 3006 3018 3011 3006 3010 3004 3008 3017 3014 3018 3011 3015 3016 3004 3021 3014 3015 3010 3009 3012 3016 3014 3007 3016 3006 3011 3004 2994 2990
3066 3042 3035 3041 3050 3049 3058 3046 3039 3032 3048 3032 3034 3032 3039 3035 3018 3009 3021 3021 3027 3032 3020 3018 3017 3005 3031 3022 3014 3006 3024 3010 2997 3008 3010 3016 2994 3006 3010 3015 3007 3016 3012 3031 3024 3016 3028 3001 3009 3003 3003 3008 3006 3030 3014 3003 3005 3004 3008 3001 3011 3015 2987 2986
3063 3049 3040 3048 3044 3037 3048 3044 3044 3035 3035 3049 3037 3023 3036 3024 3038 3019 3021 3016 3013 3015 3026 3020 3019 3030 3018 3017 3005 3007 3018 3017 3017 3007 3004 3008 3013 3009 3020 3028 3004 3022 3018 3021 3027 3027 3023 3015 3005 3012 3008 3004 3012 3024 3012 3005 3006 2994 3004 2995 3007 2995 3006 3001
3040 3039 3035 3052 3046 3049 3042 3045 3050 3035 3030 3029 3028 3024 3032 3035 3030 3025 3009 3012 3012 3013 3013 3033 3010 3019 3020 3024 3019 3025 3036 3010 3011 3000 2993 3006 3004 3008 3022 3024 3030 3027 3027 3017 3022 3014 3014 3022 3010 3013 3022 3009 3013 3015 3013 3019 3008 2995 3008 3007 2999 2970 3011 3011
3044 3044 3042 3039 3029 3036 3041 3044 3047 3028 3030 3019 3039 3024 3024 3028 3025 3019 3016 3018 3008 3015 3017 3022 3024 3021 3026 3025 3025 3027 3023 3027 3028 3023 3007 3017 3023 3020 3024 3026 3030 3035 3028 3021 3025 3039 3040 3029 3013 3019 3006 3007 3009 3005 3019 3009 2996 3015 3003 3021 2999 2988 3007 3021
3028 3041 3046 3053 3044 3042 3042 3041 3039 3042 3027 3036 3032 3024 3018 3032 3010 3034 3048 3020 3022 3025 3011 3022 3034 3011 3014 3009 3015 3023 3019 3017 3020 3013 3016 3024 3039 3038 3036 3036 3040 3035 3036 3043 3036 3041 3048 3036 3018 3013 3017 3006 2995 2991 3008 3022 3012 3018 3010 3018 3009 3007 3028 3032
2997 3008 3011 3015 3013 3011 3015 3014 3023 3013 3006 3010 3013 3006 3009 3013 3004 3015 3017 3021 3018 3006 3023 3013 3027 3021 3021 3007 3014 3009 3017 3020 3011 3019 3023 3012 3032 3025 3038 3033 3034 3040 3030 3031 3043 3042 3035 3031 3018 3020 3030 3009 3013 3007 3021 3011 3018 3023 3004 3006 2998 2991 3002 3017
2968 2989 2982 2987 2976 2968 2980 2993 3001 2991 2993 2990 2980 2992 3003 2998 2997 2998 3006 3002 3015 3019 3012 3022 3025 3009 3007 3011 3005 2994 3003 3003 3017 3020 3013 3013 3033 3025 3031 3049 3043 3035 3040 3031 3024 3025 3031 3021 3027 3028 3038 3032 3034 3024 3019 3018 2993 3002 3010 3007 3007 3009 2993 2998
2989 2965 2980 2967 2988 2979 2979 2982 2995 2984 2993 2980 2998 2994 2992 2987 2975 2997 3008 3001 2995 2997 3009 3003 3003 3008 3017 3019 3022 3007 2999 3015 3002 3025 3024 3015 3028 3036 3026 3035 3035 3019 3016 3029 3034 3020 3046 3028 3033 3038 3033 3038 3022 3029 3014 3011 3006 3004 3011 3008 3009 3018 3013 3002
2979 2976 2989 2990 2985 2989 2984 2989 2988 3004 3002 2976 2984 2987 2984 2978 2977 2971 2989 2998 2989 2993 2991 2988 2992 3000 3011 3023 3017 3004 3024 3008 3016 3024 3022 3027 3047 3036 3028 3012 3031 3030 3027 3027 3025 3031 3043 3050 3034 3033 3041 3035 3034 3022 3014 3007 3022 3017 3024 3032 3025 3027 3015 3001
2972 2984 2976 2987 2989 2972 2987 2980 2972 2984 2988 2991 2974 2980 2988 2979 2989 2992 2971 2985 2997 2983 2998 2988 2991 3003 3013 3026 3022 3027 3019 3022 3020 3027 3024 3036 3034 3038 3029 3032 3034 3043 3033 3039 3026 3037 3037 3032 3040 3034 3038 3031 3033 3023 3010 3023 3019 3009 3023 3028 3021 3030 3012 3008
2956 2978 2978 2973 2972 2984 2985 2984 2974 2979 2975 2971 2989 2978 2998 2988 2995 2974 2980 2991 2981 3004 2997 2994 2992 3013 3017 3027 3019 3020 3024 3032 3033 3028 3023 3025 3026 3023 3025 3039 3037 3045 3047 3038 3042 3042 3047 3044 3037 3038 3041 3043 3032 3032 3027 3023 3008 2997 3015 3029 3019 3021 3016 3006
2970 2969 2984 2974 2976 2976 2983 2974 2963 2975 2985 2977 2996 2971 2980 2987 2995 2981 2974 2984 2986 2991 2998 2992 3007 3014 3008 3022 3022 3019 3019 3026 3035 3046 3036 3027 3019 3040 3032 3042 3038 3032 3045 3043 3036 3052 3046 3042 3046 3044 3043 3044 3028 3026 3023 3041 3020 3005 3013 3031 3034 3016 3020 3015
2978 2966 2979 2976 2987 2975 2982 2981 2948 2967 2982 2994 2988 2989 2969 2991 2992 2980 2972 2981 2973 2984 2997 2997 3006 3015 3019 3022 3018 3024 3025 3030 3039 3048 3032 3043 3046 3042 3042 3041 3040 3020 3035 3040 3041 3061 3054 3059 3052 3059 3044 3037 3030 3033 3039 3039 3025 3020 3028 3024 3030 3026 3014 3028
2978 2975 2974 2971 2981 2979 2970 2968 2971 2978 2988 2983 2987 2992 2980 2980 2987 2991 2973 2984 2988 2987 2992 2994 3003 3007 3011 3024 3023 3014 3026 3020 3038 3041 3039 3036 3035 3039 3039 3020 3024 3022 3032 3039 3046 3056 3066 3058 3043 3061 3052 3052 3029 3042 3033 3047 3030 3026 3028 3037 3032 3022 3024 3018
2988 2992 2983 2976 2980 2987 2990 2976 2976 2985 2994 3002 3005 3001 2993 2990 2979 2990 2995 2994 2995 2999 2989 2981 3003 3010 3028 3031 3024 3035 3024 3011 3034 3037 3035 3042 3047 3035 3035 3024 3026 3026 3024 3042 3050 3080 3071 3058 3067 3046 3044 3041 3040 3022 3032 3048 3028 3017 3025 3017 3026 3041 3025 3016
2990 2979 2983 2987 2982 2989 2986 2978 2995 2984 2994 2998 2996 3010 3006 2985 2979 2994 2978 2990 2991 2987 2987 3000 3010 3015 3009 3025 3016 3024 3026 3024 3032 3037 3049 3031 3043 3033 3024 3026 3026 3040 3027 3044 3036 3058 3071 3065 3067 3056 3050 3039 3053 3034 3040 3041 3029 3014 3016 3031 3020 3021 3027 3025
2990 2993 2990 2986 2984 2984 2987 2999 2997 2983 2985 2993 2999 2999 2997 2981 2984 2988 2999 3003 2994 2997 3001 3000 3020 3028 3019 3022 3021 3030 3024 3023 3014 3040 3041 3050 3043 3038 3033 3030 3037 3036 3040 3035 3054 3061 3044 3066 3053 3050 3050 3052 3039 3030 3042 3031 3039 3036 3032 3043 3023 3021 3034 3026
2984 2991 2999 2999 2996 2991 3006 2991 2993 2992 2989 2993 3004 3004 3001 2982 2991 2977 2999 2991 2987 3005 3005 3001 3003 3019 3024 3040 3031 3021 3028 3031 3022 3020 3040 3031 3034 3021 3039 3034 3042 3036 3038 3039 3061 3080 3064 3056 3070 3058 3057 3052 3042 3034 3040 3047 3040 3033 3026 3026 3038 3015 3022 3023
2997 2999 3005 3009 3007 3014 3005 3004 3008 2994 3001 2994 2999 3001 2997 3007 2996 2983 2992 2991 2998 3002 3000 2986 2995 3007 3017 3030 3042 3025 3033 3032 3028 3033 3039 3029 3023 3030 3036 3039 3033 3020 3038 3071 3079 3063 3063 3072 3051 3048 3047 3046 3047 3054 3046 3045 3044 3047 3030 3021 3040 3033 3023 3014
3000 3002 3011 3000 3005 2996 2996 3005 2988 2986 2997 2998 2990 2986 2987 2990 2998 2998 2990 2988 2987 3000 2985 2992 2992 3001 3020 3037 3031 3040 3027 3034 3037 3039 3036 3033 3027 3032 3033 3043 3041 3040 3052 3068 3067 3061 3069 3067 3059 3060 3055 3053 3047 3034 3043 3054 3046 3041 3036 3013 3026 3041 3015 3015
2976 3001 2996 3005 3002 2987 2980 2982 2992 2992 2988 2992 2992 2993 2989 2995 2993 2986 2988 2991 3009 2995 2994 2984 3003 3005 3024 3021 3045 3036 3033 3032 3038 3040 3041 3048 3050 3049 3054 3042 3033 3063 3056 3075 3068 3060 3065 3072 3067 3065 3053 3052 3054 3049 3061 3052 3068 3054 3030 2997 3025 3026 3015 3015
2992 2997 2997 2989 2993 2991 2991 2981 2996 2989 2983 3001 2996 3004 2996 2972 2986 2985 2997 2986 2997 2986 2983 2986 2991 3001 3017 3034 3046 3045 3036 3028 3052 3049 3038 3048 3054 3061 3046 3055 3039 3056 3079 3070 3079 3072 3061 3081 3052 3061 3048 3059 3052 3065 3077 3064 3058 3063 3040 3021 3015 3024 3016 3015
2996 2995 3003 2996 2997 2993 3000 2992 2992 2997 2996 2997 3009 2999 3001 2988 2994 2993 3008 2996 2987 2987 2998 2990 2997 3015 3020 3027 3045 3052 3050 3050 3043 3064 3049 3066 3058 3078 3070 3062 3064 3062 3086 3067 3068 3076 3074 3065 3055 3072 3060 3064 3071 3077 3058 3075 3064 3057 3033 3032 3037 3020 3017 3006
3001 3001 2997 2995 2998 2997 2994 2998 2992 3012 3002 2997 3007 3012 3003 3015 3002 2989 2995 2994 2994 2992 2990 3003 3001 3001 3020 3025 3037 3048 3066 3070 3063 3068 3071 3080 3065 3081 3072 3062 3077 3079 3082 3089 3087 3074 3086 3093 3076 3067 3071 3069 3084 3090 3079 3066 3063 3049 3030 3039 3039 3015 3009 3005
3000 2995 3002 2992 2997 3006 2987 3000 3005 2994 2982 2995 3000 2995 2992 2989 2998 2998 3000 2988 2996 3007 3002 2991 3003 3012 3008 3037 3039 3065 3062 3076 3073 3075 3079 3089 3087 3078 3078 3081 3070 3093 3100 3089 3079 3078 3089 3091 3088 3079 3078 3094 3094 3101 3082 3068 3056 3050 3032 3037 3009 3020 3023 3000
2997 3004 2998 2995 2995 3005 2983 2998 2985 3000 2989 2989 2999 2997 3000 2991 2997 3002 2989 2987 2996 3001 3001 3008 2995 3005 3018 3042 3042 3059 3069 3072 3086 3079 3080 3084 3082 3088 3087 3090 3086 3084 3087 3101 3101 3102 3083 3092 3092 3092 3091 3089 3092 3096 3090 3057 3039 3035 3034 3017 3026 3022 3015 3010
2993 2998 2993 2999 3002 3004 2993 2997 2981 2998 2996 3000 2994 2990 2984 2992 3006 2995 2991 2997 2993 2996 2995 3007 2999 3006 3012 3035 3057 3078 3068 3063 3074 3076 3088 3077 3082 3087 3092 3087 3088 3086 3087 3097 3098 3080 3090 3087 3094 3083 3104 3082 3089 3100 3079 3069 3051 3024 3034 3033 3033 3018 3017 3015
2992 2998 3006 2999 3002 2998 3001 3000 2992 3001 2993 2998 2994 2987 2992 3003 2998 2995 2996 2998 2992 2982 3014 2996 2995 3007 3018 3023 3051 3053 3062 3077 3073 3067 3067 3071 3076 3084 3091 3099 3089 3098 3087 3077 3099 3081 3094 3084 3080 3088 3086 3092 3081 3078 3093 3085 3059 3030 3031 3019 3015 3005 3017 3018
2987 3001 2999 3006 3005 2997 2997 3000 2996 2989 2997 3005 2988 3014 3000 3005 3007 2988 2995 2991 3007 2995 2989 2998 2993 3022 3006 3025 3057 3052 3063 3088 3084 3078 3082 3078 3081 3084 3088 3084 3091 3077 3087 3089 3093 3076 3092 3079 3087 3083 3074 3076 3084 3088 3100 3081 3056 3033 3028 3035 3018 3006 3008 3021
2998 3003 3008 3013 2995 3007 2996 3001 3001 2997 2974 2992 3004 3005 3010 3019 3001 3003 2996 3003 2999 2993 3009 2996 2995 3008 3014 3036 3042 3041 3058 3072 3079 3091 3079 3101 3081 3079 3086 3071 3090 3086 3093 3074 3084 3071 3095 3082 3098 3086 3094 3089 3087 3088 3092 3090 3055 3034 3032 3014 3009 3022 3012 3010
2997 3002 3001 3011 3010 2988 3004 2993 3006 3010 2991 2992 2988 2997 3013 2994 2992 3007 3014 3000 3001 3000 2996 3003 2998 2999 2998 3024 3039 3045 3073 3072 3083 3088 3093 3087 3083 3087 3077 3087 3080 3073 3092 3080 3089 3090 3093 3088 3086 3078 3069 3077 3076 3090 3090 3078 3068 3045 3022 3022 3025 3023 3023 2998
3006 3007 3009 3004 3003 2996 3008 3003 3003 2996 2985 3002 2998 2997 2997 3002 2995 2996 3000 3007 2995 2996 2992 2990 2993 2991 3000 3013 3039 3047 3052 3057 3077 3074 3085 3079 3083 3080 3083 3087 3075 3080 3081 3085 3088 3092 3086 3081 3085 3072 3087 3088 3077 3089 3070 3064 3062 3040 3027 3011 3006 3043 3015 3002
2991 2999 3010 3005 3001 3004 3004 2988 2993 2993 2984 2988 2992 2998 2993 2992 2994 2989 2994 2994 2999 3002 2988 2996 3011 3002 3011 3016 3016 3026 3059 3074 3068 3069 3085 3087 3081 3088 3081 3082 3083 3079 3085 3092 3077 3095 3089 3073 3068 3076 3084 3085 3073 3088 3071 3076 3056 3035 3024 3019 3016 3015 3008 3015
2998 2987 2992 2992 2993 3001 2996 2976 2992 2975 2977 2989 2977 2998 2995 2987 2994 2998 3000 2989 3005 2992 2998 2992 2990 3003 3004 3011 3011 3017 3046 3054 3058 3077 3082 3095 3081 3082 3084 3069 3080 3082 3083 3081 3095 3088 3084 3079 3080 3077 3082 3095 3083 3085 3079 3067 3056 3034 3027 3015 3010 3008 3007 3003
2990 2995 3003 2992 2978 3006 2991 2984 2988 2978 3001 2993 3009 3004 2982 2984 2995 2981 2984 3001 2991 2996 2981 2997 3005 3005 3012 3001 3008 3014 3031 3040 3066 3069 3077 3094 3069 3079 3080 3068 3077 3078 3088 3078 3094 3090 3096 3099 3095 3084 3080 3079 3085 3079 3085 3070 3049 3036 3026 3036 3028 3010 3019 3017
3007 3004 2991 2998 3003 2992 2996 2985 3001 2979 3001 2994 2995 2986 2990 2996 3001 2991 3011 3001 3000 2997 3000 3001 3000 2992 2995 2994 2988 3009 3009 3046 3050 3069 3075 3084 3076 3076 3068 3078 3075 3094 3079 3088 3094 3089 3095 3095 3096 3089 3070 3094 3083 3080 3084 3074 3059 3023 3016 3034 3029 3026 3020 3017
2997 2997 2999 2990 2992 2998 2973 2978 2979 2984 2986 2995 2999 2986 2990 2997 3002 2996 2998 3000 3002 2990 3012 3012 3012 2986 3001 3010 2995 2998 3010 3007 3045 3066 3065 3071 3077 3069 3077 3088 3066 3074 3093 3078 3085 3083 3098 3084 3088 3073 3082 3085 3077 3076 3077 3070 3050 3031 3037 3015 3011 3016 3011 3020
2998 2993 3005 3011 2987 2994 2985 2971 2984 2987 2993 2995 2995 2995 3004 3000 2994 2978 2989 2994 2992 3000 3003 3011 3015 3003 2996 2998 2992 3000 3005 3005 3037 3042 3070 3077 3072 3081 3080 3068 3071 3074 3081 3094 3083 3083 3091 3089 3083 3073 3089 3072 3076 3066 3063 3068 3039 3045 3030 3027 3022 3015 2995 3010
2996 3009 2998 2998 3001 2979 2987 2987 2998 2988 2987 2990 2991 2982 2994 2989 2984 2994 2996 3013 2995 3022 3003 3033 3018 3012 2994 2996 2995 3003 2998 3008 3026 3042 3061 3073 3066 3060 3080 3087 3084 3085 3094 3089 3085 3080 3084 3098 3095 3093 3096 3078 3071 3084 3080 3062 3058 3048 3034 3055 3023 3020 3027 3008
2999 2999 2979 2995 2992 2984 2981 2975 2975 2981 2988 2992 2994 2987 2987 2996 2995 3008 3010 3022 3015 3018 3036 3028 3021 3020 2998 2996 2990 2998 2997 3010 3025 3040 3067 3061 3065 3065 3064 3076 3077 3077 3083 3078 3083 3088 3082 3073 3087 3070 3091 3094 3089 3084 3066 3054 3045 3042 3045 3040 3026 3038 3023 3029
3002 2989 2992 2986 2999 2989 2980 2973 2985 2979 2978 2993 2989 3005 2982 2990 2997 2997 2998 3014 3004 3017 3006 3025 3017 3012 3016 3003 3000 3007 3002 3017 3029 3038 3060 3081 3080 3065 3078 3075 3082 3081 3098 3085 3086 3089 3090 3088 3082 3083 3086 3087 3072 3072 3054 3040 3041 3046 3045 3052 3044 3019 3024 3013
2991 3001 2998 3015 2992 3000 2981 2993 2983 2990 2975 2996 2996 3007 2991 2990 2994 2999 2990 3010 3001 3019 3022 3022 3012 3023 3011 2996 3009 3007 3000 3011 3026 3034 3062 3066 3070 3067 3087 3077 3075 3094 3076 3082 3095 3088 3092 3083 3073 3083 3064 3083 3070 3066 3032 3013 3033 3048 3038 3050 3034 3034 3016 3017
2992 3002 2983 2988 2999 2988 3004 2989 2983 2994 2985 2992 2996 2995 2991 2997 3001 3001 3000 3007 3033 3044 3041 3045 3034 3018 3004 3010 3016 3003 3017 3023 3031 3053 3081 3072 3076 3068 3092 3087 3077 3080 3103 3093 3082 3085 3096 3094 3089 3093 3080 3071 3072 3055 3040 3021 3034 3029 3052 3039 3031 3034 3021 3022
2988 2988 2986 2987 2986 2980 2987 2998 2988 2993 3009 2997 3003 2995 2997 3004 3008 3002 3005 3026 3044 3048 3054 3043 3027 3017 3006 3005 3014 3015 3006 3033 3046 3055 3067 3070 3083 3066 3084 3075 3078 3072 3093 3097 3085 3090 3088 3074 3092 3092 3078 3071 3056 3046 3035 3027 3034 3040 3036 3052 3052 3035 3024 3016
2984 2992 2995 2985 2991 2994 2994 2993 3000 3002 3005 3005 3005 2997 3001 3014 3027 3025 3011 3018 3036 3037 3032 3037 3028 3012 3015 3003 3003 3002 3012 3025 3039 3052 3072 3070 3083 3079 3080 3079 3078 3077 3084 3087 3091 3088 3090 3086 3097 3097 3082 3067 3053 3029 3017 3018 3022 3033 3038 3026 3038 3030 3021 3020
2999 2996 2981 2987 2995 2985 2989 2987 3003 3006 3002 3005 3003 3014 3000 3018 3027 3034 3025 3023 3021 3025 3037 3018 3023 3027 3020 3008 3011 3007 3019 3028 3032 3041 3072 3091 3092 3087 3079 3078 3080 3082 3093 3092 3090 3077 3078 3073 3091 3089 3077 3060 3052 3022 3022 3017 3022 3032 3037 3034 3018 3020 3021 3026
2988 2990 2998 2997 3005 2994 2993 3005 2994 3002 3003 2990 3002 3009 3008 3020 3021 3023 3028 3032 3023 3029 3034 3031 3034 3025 3013 3011 3004 3010 3031 3034 3043 3061 3066 3078 3085 3091 3085 3098 3081 3074 3088 3099 3075 3091 3072 3075 3076 3084 3070 3067 3045 3027 3015 3016 3010 3027 3028 3022 3016 3015 3019 3014
3001 2994 3004 3000 3008 2997 2991 2993 3012 3002 3000 3007 3023 3020 3006 3030 3015 3013 3019 3032 3025 3024 3033 3036 3039 3027 3030 3018 3012 3011 3019 3031 3040 3074 3075 3089 3099 3085 3090 3085 3079 3074 3093 3086 3095 3076 3076 3070 3065 3087 3061 3039 3032 3043 3015 3014 3018 3018 3006 3016 3005 3008 3007 3027
2986 2994 2995 3001 3006 3002 2990 2998 2984 2994 3007 3001 3017 3016 3007 3028 2998 3015 3013 3029 3027 3029 3039 3044 3041 3042 3031 3022 3014 3032 3026 3042 3054 3061 3073 3087 3091 3098 3085 3093 3087 3079 3079 3080 3088 3089 3085 3070 3078 3075 3065 3045 3044 3022 3029 3014 3024 3004 3019 3014 3008 3014 3022 3006
3000 2987 2992 2995 3010 2997 2984 2979 2986 2992 2982 3004 3011 3022 3011 2991 3001 3010 3009 3014 3023 3021 3031 3038 3045 3050 3048 3034 3017 3026 3033 3058 3061 3077 3079 3078 3082 3083 3076 3089 3079 3084 3082 3076 3079 3077 3072 3075 3081 3072 3051 3038 3048 3040 3019 3016 3020 3010 3016 3022 3024 3035 3033 3021
3014 2999 3008 2999 3007 2993 2990 3000 3005 2995 2997 2994 3019 3008 3019 3009 3008 3020 3021 3026 3027 3035 3030 3033 3033 3049 3043 3048 3029 3039 3049 3061 3074 3079 3075 3073 3095 3083 3101 3086 3075 3083 3084 3090 3083 3082 3075 3081 3081 3080 3081 3064 3052 3043 3044 3039 3030 3032 3034 3029 3027 3052 3042 3021
3005 3012 3013 2999 3005 3010 3007 3012 3011 3003 2997 2999 3020 3007 3010 3011 2993 3010 3022 3028 3034 3031 3023 3026 3042 3036 3049 3049 3043 3045 3059 3069 3092 3089 3083 3080 3082 3088 3077 3088 3081 3085 3090 3077 3083 3087 3085 3075 3076 3085 3076 3065 3063 3054 3062 3054 3042 3049 3032 3019 3037 3057 3060 3053
2997 2997 2995 2997 3005 2991 2994 3006 2985 3010 2998 2997 3012 3005 3010 3010 3018 3004 3009 3021 3040 3029 3027 3025 3035 3048 3039 3041 3048 3051 3057 3072 3085 3080 3090 3083 3085 3076 3069 3082 3076 3080 3093 3090 3082 3078 3076 3086 3076 3075 3070 3077 3070 3064 3057 3050 3059 3051 3037 3033 3042 3049 3048 3060
3013 3001 2994 3007 2994 3001 3004 2988 2977 2997 2998 3002 2998 3009 3011 3008 3016 3021 3015 3027 3032 3041 3038 3029 3045 3042 3047 3058 3047 3055 3072 3078 3073 3086 3077 3080 3079 3078 3068 3069 3080 3082 3083 3071 3094 3087 3085 3074 3067 3072 3071 3058 3071 3066 3067 3069 3057 3048 3041 3045 3044 3063 3046 3060
3008 3001 2994 2990 3011 2994 2999 2993 2987 2998 2995 3004 3008 3009 3017 3024 3031 3041 3032 3040 3040 3050 3043 3046 3054 3050 3064 3058 3065 3072 3067 3066 3081 3082 3069 3084 3091 3075 3073 3086 3073 3084 3082 3076 3087 3081 3064 3065 3079 3075 3061 3059 3057 3088 3057 3042 3053 3061 3059 3048 3056 3056 3066 3074
3010 3008 2992 3003 2996 3004 3007 3011 3020 3006 2981 2999 3022 3025 3026 3030 3043 3053 3052 3063 3055 3060 3049 3061 3053 3048 3061 3064 3065 3058 3065 3061 3078 3075 3089 3079 3074 3080 3085 3082 3073 3075 3079 3079 3092 3085 3058 3053 3069 3060 3053 3063 3061 3071 3067 3063 3061 3044 3058 3067 3068 3074 3061 3074
3009 3009 3009 2995 3003 2985 3006 2999 2997 3010 3011 3017 3035 3033 3031 3058 3056 3057 3060 3062 3071 3064 3061 3065 3075 3058 3076 3051 3063 3073 3062 3072 3067 3081 3084 3063 3070 3070 3078 3084 3081 3074 3076 3074 3078 3082 3065 3049 3059 3051 3069 3047 3053 3053 3049 3059 3063 3065 3051 3059 3060 3069 3072 3059
2989 2992 3010 2999 3004 3012 2990 3003 3013 3015 3008 3025 3040 3043 3056 3048 3078 3049 3062 3068 3080 3066 3059 3075 3076 3074 3058 3058 3051 3054 3075 3070 3068 3049 3069 3072 3068 3084 3091 3074 3070 3065 3070 3069 3082 3094 3070 3059 3053 3047 3050 3057 3054 3052 3052 3063 3069 3061 3058 3061 3061 3053 3047 3060
2979 2991 3011 2994 2991 3009 3011 3001 3015 3033 3028 3042 3063 3067 3050 3065 3064 3062 3059 3063 3065 3060 3064 3061 3072 3074 3056 3066 3063 3080 3066 3062 3052 3062 3073 3075 3055 3062 3073 3081 3068 3078 3074 3076 3069 3077 3066 3060 3047 3048 3057 3064 3059 3049 3054 3066 3069 3065 3069 3068 3054 3063 3059 3062
2992 3000 2986 2980 3007 3000 3027 3014 3019 3032 3040 3054 3057 3065 3085 3059 3063 3056 3068 3062 3082 3064 3071 3059 3074 3063 3060 3068 3063 3070 3060 3070 3080 3064 3074 3080 3067 3058 3059 3066 3080 3073 3066 3082 3061 3072 3064 3056 3058 3056 3059 3080 3072 3079 3072 3070 3055 3074 3071 3081 3085 3068 3073 3072
2993 2991 3004 3012 3022 2999 3009 3025 3039 3045 3059 3037 3054 3066 3055 3060 3060 3054 3059 3057 3074 3063 3064 3063 3061 3073 3058 3060 3067 3065 3071 3077 3062 3064 3065 3063 3073 3070 3059 3065 3063 3077 3068 3072 3071 3067 3061 3048 3048 3057 3060 3064 3050 3067 3060 3070 3071 3071 3073 3088 3067 3067 3068 3054
2987 2995 3006 3002 3019 3023 3008 3039 3035 3042 3062 3052 3039 3055 3070 3062 3059 3063 3060 3057 3053 3060 3063 3075 3068 3083 3076 3074 3067 3072 3090 3066 3067 3057 3057 3056 3063 3053 3062 3058 3083 3071 3066 3063 3060 3079 3067 3051 3051 3052 3060 3070 3079 3058 3057 3084 3073 3074 3080 3080 3071 3058 3058 3059
