3078 3080 3092 3081 3088 3077 3088 3072 3091 3083 3056 3061 3069 3078 3070 3068 3062 3062 3054 3062 3066 3068 3053 3043 3041 3056 3049 3048 3049 3060 3040 3039 3044 3053 3032 3037 3038 3037 3039 3033 3041 3029 3054 3044 3038 3051 3046 3051 3064 3053 3061 3048 3057 3047 3035 3041 3046 3048 3032 3049 3044 3024 3036 3039
3072 3074 3072 3077 3071 3064 3062 3069 3071 3055 3055 3069 3059 3076 3059 3062 3054 3055 3048 3064 3061 3052 3054 3060 3052 3051 3050 3057 3045 3037 3032 3044 3035 3035 3030 3028 3037 3044 3048 3037 3036 3051 3026 3037 3054 3048 3052 3046 3031 3044 3044 3044 3044 3040 3055 3052 3035 3042 3055 3034 3039 3027 3026 3032
3061 3076 3071 3066 3060 3060 3063 3073 3062 3069 3058 3059 3056 3067 3048 3049 3054 3052 3046 3049 3058 3060 3063 3048 3049 3042 3035 3036 3042 3037 3042 3038 3028 3014 3021 3037 3030 3028 3047 3046 3040 3046 3047 3045 3053 3047 3051 3062 3038 3034 3053 3033 3043 3042 3038 3042 3042 3051 3035 3039 3038 3036 3037 3034
3054 3082 3084 3065 3074 3060 3051 3062 3067 3059 3062 3066 3061 3043 3051 3057 3048 3045 3044 3047 3041 3065 3055 3048 3052 3033 3047 3044 3028 3026 3021 3025 3045 3038 3040 3028 3028 3038 3035 3038 3053 3038 3043 3040 3057 3048 3057 3066 3039 3037 3029 3036 3030 3051 3034 3048 3041 3039 3037 3039 3031 3042 3023 3033
3042 3052 3064 3066 3076 3069 3067 3067 3054 3064 3057 3054 3053 3056 3062 3047 3040 3041 3032 3028 3035 3053 3053 3054 3050 3049 3044 3035 3049 3046 3038 3043 3044 3030 3034 3042 3045 3046 3041 3051 3048 3058 3028 3039 3047 3075 3041 3056 3059 3043 3034 3038 3043 3055 3050 3038 3046 3043 3030 3017 3027 3035 3034 3017
3056 3050 3067 3056 3069 3064 3055 3056 3056 3048 3065 3055 3054 3043 3045 3045 3047 3042 3032 3045 3042 3048 3068 3059 3061 3043 3049 3043 3035 3026 3040 3023 3027 3041 3033 3050 3048 3040 3044 3039 3032 3044 3033 3052 3047 3062 3062 3068 3068 3061 3048 3067 3058 3056 3052 3041 3036 3036 3025 3016 3033 3037 3031 3015
3038 3032 3044 3058 3059 3071 3071 3065 3053 3061 3060 3056 3043 3048 3052 3045 3034 3028 3038 3025 3022 3052 3060 3050 3064 3052 3049 3039 3033 3033 3045 3027 3038 3035 3047 3038 3040 3052 3045 3034 3047 3043 3038 3051 3056 3057 3066 3071 3061 3063 3058 3072 3068 3073 3061 3027 3041 3031 3024 3032 3039 3032 3018 3031
3026 3018 3015 3027 3017 3035 3031 3037 3035 3021 3033 3042 3027 3035 3028 3044 3020 3022 3025 3018 3030 3029 3053 3052 3058 3057 3042 3034 3015 3029 3018 3026 3044 3022 3041 3030 3031 3050 3032 3035 3035 3031 3029 3038 3041 3061 3059 3070 3069 3061 3060 3066 3063 3065 3054 3051 3054 3040 3036 3039 3044 3031 3027 3023
2992 2997 3002 2977 2990 2990 3017 2996 2989 2981 2998 3013 3007 3021 3022 3024 3014 3017 2999 3008 2994 3020 3045 3052 3035 3053 3046 3042 3027 3025 3029 3021 3030 3038 3021 3008 3037 3036 3040 3040 3037 3026 3034 3027 3037 3051 3064 3070 3070 3051 3071 3056 3059 3044 3041 3041 3050 3051 3041 3027 3036 3035 3032 3014
2999 2999 2971 2981 2996 2997 3004 2999 2996 2999 3001 3025 3015 3033 3013 3026 3024 3020 3017 3018 3020 3028 3031 3042 3044 3054 3035 3032 3021 3026 3028 3024 3038 3037 3029 3039 3056 3040 3031 3046 3034 3030 3022 3042 3052 3071 3083 3095 3080 3075 3062 3059 3058 3077 3054 3052 3058 3056 3057 3050 3047 3046 3033 3023
3003 2980 2977 2981 2994 2976 2980 2994 3003 3015 3009 3030 3031 3038 3018 3016 3036 3023 3037 3028 3030 3029 3039 3041 3036 3029 3028 3050 3020 3021 3029 3031 3037 3038 3057 3045 3041 3034 3055 3034 3048 3042 3025 3059 3072 3073 3090 3089 3077 3081 3077 3069 3085 3084 3076 3062 3047 3030 3061 3056 3047 3046 3037 3042
2997 2998 2982 2997 2993 3005 2998 2995 3010 3008 3016 3023 3036 3033 3024 3026 3028 3027 3035 3019 3027 3056 3044 3049 3043 3047 3043 3034 3010 3018 3024 3034 3044 3037 3045 3047 3044 3052 3040 3043 3058 3044 3040 3058 3065 3083 3084 3087 3088 3088 3094 3085 3092 3092 3078 3077 3076 3053 3060 3067 3053 3038 3044 3047
2990 2997 3010 3011 2998 3004 3006 3001 3006 3005 3023 3020 3040 3044 3032 3035 3019 3009 2996 3010 3031 3043 3038 3046 3049 3036 3040 3031 3027 3029 3030 3015 3045 3043 3042 3052 3044 3056 3043 3042 3041 3030 3052 3063 3076 3088 3091 3086 3091 3088 3098 3094 3098 3105 3099 3086 3095 3066 3064 3056 3055 3038 3044 3037
2985 2991 3002 2998 3004 3009 2985 3004 3000 3008 3005 3028 3034 3030 3016 3031 3028 3013 3009 3011 3030 3058 3042 3048 3042 3045 3025 3043 3027 3022 3032 3039 3045 3037 3045 3056 3044 3051 3058 3045 3046 3050 3055 3061 3066 3084 3093 3093 3091 3088 3089 3095 3098 3109 3108 3101 3088 3097 3072 3059 3043 3037 3037 3034
2968 2984 2999 3004 3004 2996 3010 3018 2986 3006 3005 3027 3032 3035 3008 3026 3031 3030 3021 3021 3031 3017 3048 3049 3038 3023 3034 3039 3035 3031 3050 3053 3050 3041 3039 3044 3046 3046 3050 3055 3043 3056 3057 3064 3076 3088 3088 3088 3087 3095 3091 3088 3101 3091 3102 3094 3089 3083 3071 3059 3053 3045 3036 3036
3007 3001 3007 3002 3002 3004 3006 3008 2994 2992 3006 3028 3032 3037 3027 3028 3029 3029 3022 3016 3033 3029 3047 3053 3030 3052 3048 3039 3023 3038 3049 3051 3041 3049 3045 3045 3024 3050 3054 3051 3055 3057 3077 3072 3078 3079 3075 3083 3099 3098 3096 3095 3093 3100 3092 3094 3085 3094 3074 3072 3052 3048 3029 3033
3020 3008 3004 3004 3021 3010 3021 3004 3012 3015 3027 3032 3041 3028 3038 3030 3029 3031 3019 3025 3032 3037 3054 3054 3056 3046 3044 3029 3028 3026 3028 3043 3055 3051 3050 3057 3058 3057 3055 3061 3075 3072 3078 3079 3071 3086 3079 3088 3104 3102 3096 3095 3108 3102 3099 3092 3092 3082 3084 3073 3048 3044 3050 3043
3016 3026 3007 3021 3040 3018 3001 2998 2999 3007 3014 3032 3049 3048 3031 3029 3032 3021 3013 3031 3046 3032 3040 3062 3045 3049 3046 3039 3013 3021 3037 3044 3040 3047 3040 3036 3071 3070 3070 3066 3068 3070 3075 3083 3078 3085 3081 3094 3097 3112 3104 3101 3096 3106 3110 3099 3100 3084 3082 3081 3063 3041 3044 3034
3037 3021 3014 3016 3026 3012 3014 3009 3006 3010 3030 3026 3037 3020 3029 3032 3021 3024 3027 3027 3041 3041 3051 3055 3039 3045 3031 3032 3015 3015 3030 3046 3042 3051 3049 3068 3057 3062 3080 3091 3077 3079 3077 3072 3092 3088 3090 3083 3086 3102 3097 3117 3118 3108 3101 3092 3105 3097 3092 3059 3065 3067 3050 3044
3026 3032 3021 3017 3031 3025 3009 2999 3006 3013 3006 3035 3039 3037 3045 3039 3042 3029 3022 3021 3038 3035 3038 3041 3043 3036 3038 3016 3017 3029 3045 3047 3041 3054 3051 3062 3075 3067 3087 3086 3075 3084 3093 3080 3084 3093 3079 3083 3096 3102 3108 3100 3106 3105 3099 3101 3102 3113 3087 3084 3074 3049 3040 3048
3026 3028 3029 3031 3034 3028 3025 3005 3003 3010 3037 3031 3028 3039 3040 3047 3041 3035 3027 3018 3036 3053 3041 3044 3043 3044 3037 3024 3024 3020 3040 3041 3057 3051 3055 3062 3070 3073 3090 3096 3098 3100 3091 3094 3089 3085 3083 3091 3089 3094 3092 3096 3104 3112 3106 3115 3110 3094 3093 3085 3063 3057 3044 3033
3020 3036 3042 3040 3046 3036 3012 3014 3007 3007 3018 3020 3026 3027 3036 3050 3034 3031 3011 3021 3047 3035 3047 3052 3049 3041 3022 3032 3027 3029 3033 3042 3047 3044 3047 3045 3082 3090 3092 3107 3100 3094 3093 3080 3086 3079 3094 3100 3101 3109 3113 3103 3099 3100 3110 3120 3107 3088 3102 3082 3073 3042 3050 3037
3026 3032 3042 3044 3027 3026 3019 2998 3005 3016 3012 3025 3028 3027 3040 3052 3041 3027 3021 3029 3040 3043 3043 3036 3027 3030 3041 3041 3024 3036 3033 3060 3048 3060 3050 3074 3071 3079 3089 3093 3106 3085 3097 3091 3103 3095 3096 3121 3098 3105 3105 3118 3103 3086 3103 3102 3090 3110 3103 3086 3061 3056 3038 3034
3022 3030 3042 3043 3040 3024 3022 3013 2995 3021 3008 3016 3024 3034 3051 3037 3037 3041 3028 3036 3047 3045 3049 3040 3047 3036 3032 3016 3029 3027 3039 3050 3038 3054 3044 3070 3069 3087 3099 3098 3104 3103 3094 3090 3093 3102 3095 3086 3096 3104 3097 3105 3101 3091 3095 3097 3094 3089 3078 3084 3069 3051 3042 3033
3021 3033 3044 3042 3049 3016 3020 3000 3006 3015 3026 3026 3033 3042 3032 3033 3047 3035 3029 3051 3042 3059 3044 3050 3042 3034 3047 3020 3031 3033 3049 3058 3051 3057 3066 3067 3074 3073 3082 3089 3092 3098 3085 3094 3087 3088 3086 3098 3091 3092 3092 3088 3086 3102 3106 3093 3087 3086 3088 3080 3075 3069 3045 3023
3021 3032 3029 3043 3050 3022 3029 3016 3021 3016 3013 3027 3038 3035 3034 3038 3049 3045 3032 3046 3056 3056 3050 3049 3049 3044 3036 3040 3030 3036 3044 3054 3049 3063 3062 3068 3066 3069 3088 3091 3096 3081 3101 3099 3106 3092 3079 3095 3097 3101 3091 3071 3096 3099 3099 3091 3099 3091 3096 3085 3065 3041 3043 3031
3015 3035 3027 3042 3033 3030 3022 3007 3014 3029 3026 3025 3031 3037 3045 3045 3048 3041 3045 3044 3053 3054 3052 3055 3045 3035 3040 3033 3044 3040 3057 3047 3068 3070 3071 3072 3069 3078 3094 3094 3103 3098 3082 3102 3105 3099 3103 3087 3109 3094 3105 3090 3092 3097 3091 3084 3094 3101 3085 3080 3070 3051 3034 3030
3018 3026 3016 3031 3044 3029 3020 3021 3014 3009 3007 3019 3033 3030 3045 3053 3049 3043 3039 3041 3064 3057 3052 3036 3031 3042 3048 3037 3046 3039 3046 3050 3053 3067 3063 3072 3075 3077 3099 3104 3103 3099 3095 3099 3104 3105 3094 3097 3105 3092 3096 3093 3097 3091 3086 3072 3083 3097 3084 3088 3076 3040 3042 3037
3022 3021 3032 3034 3029 3034 3041 3025 3023 3011 3018 3029 3038 3042 3046 3039 3051 3042 3034 3050 3062 3043 3061 3044 3035 3050 3024 3045 3046 3061 3057 3049 3063 3058 3070 3062 3069 3083 3104 3100 3080 3091 3096 3098 3086 3094 3110 3088 3096 3086 3078 3095 3090 3090 3096 3104 3099 3097 3083 3068 3060 3046 3039 3025
3015 3025 3043 3028 3042 3033 3033 3041 3017 3027 3037 3026 3029 3048 3047 3052 3055 3047 3044 3031 3050 3055 3064 3047 3043 3047 3044 3042 3057 3059 3063 3056 3070 3049 3056 3066 3074 3089 3098 3084 3092 3082 3089 3097 3085 3093 3108 3096 3094 3079 3089 3094 3083 3088 3093 3090 3083 3092 3087 3071 3055 3039 3040 3040
3028 3009 3013 3022 3027 3038 3038 3030 3015 3030 3019 3027 3027 3043 3043 3048 3051 3053 3056 3055 3052 3051 3055 3060 3054 3038 3054 3042 3052 3071 3053 3057 3058 3053 3061 3054 3092 3097 3093 3092 3092 3097 3098 3094 3087 3104 3097 3089 3087 3081 3080 3071 3081 3081 3074 3093 3092 3093 3068 3087 3049 3053 3039 3020
3016 3026 3020 3037 3025 3037 3050 3040 3034 3019 3035 3021 3040 3051 3048 3054 3045 3051 3054 3068 3047 3050 3061 3058 3048 3057 3044 3060 3061 3061 3056 3059 3051 3047 3056 3060 3093 3085 3098 3093 3074 3080 3075 3078 3100 3092 3099 3098 3085 3074 3081 3079 3077 3078 3089 3103 3086 3088 3075 3073 3054 3045 3028 3031
3019 3015 3025 3011 3038 3036 3034 3035 3040 3024 3012 3025 3040 3039 3057 3062 3052 3059 3059 3047 3037 3044 3062 3065 3051 3053 3035 3047 3056 3044 3045 3044 3047 3038 3050 3066 3068 3083 3083 3088 3065 3082 3085 3095 3090 3098 3092 3099 3082 3100 3084 3077 3082 3073 3108 3089 3101 3086 3067 3060 3045 3039 3035 3038
3009 3015 3030 3024 3034 3026 3029 3035 3033 3027 3037 3035 3031 3044 3050 3064 3048 3055 3052 3045 3040 3056 3046 3060 3058 3048 3047 3047 3043 3051 3048 3048 3042 3055 3063 3084 3079 3079 3077 3081 3083 3063 3081 3087 3091 3087 3089 3085 3085 3081 3088 3088 3079 3083 3090 3110 3094 3095 3074 3056 3050 3027 3034 3025
3006 3012 3028 3029 3027 3029 3036 3044 3046 3041 3035 3033 3051 3049 3057 3048 3042 3036 3054 3058 3056 3063 3067 3064 3048 3046 3049 3047 3044 3050 3061 3052 3048 3041 3056 3072 3074 3087 3094 3088 3092 3085 3083 3071 3088 3089 3083 3080 3088 3083 3088 3097 3091 3083 3084 3104 3092 3081 3063 3039 3047 3023 3030 3040
3005 3032 3033 3032 3016 3016 3038 3034 3025 3027 3019 3043 3032 3049 3048 3046 3037 3049 3057 3051 3050 3048 3066 3063 3052 3046 3048 3057 3056 3054 3053 3052 3044 3055 3068 3070 3088 3083 3091 3094 3084 3074 3081 3093 3070 3077 3075 3072 3066 3073 3094 3093 3079 3079 3097 3096 3074 3083 3064 3064 3034 3022 3034 3022
3010 3019 3021 3017 3016 3033 3033 3038 3039 3038 3039 3035 3049 3055 3049 3053 3044 3042 3037 3061 3046 3056 3050 3056 3050 3046 3043 3069 3043 3053 3054 3058 3052 3050 3059 3066 3072 3079 3095 3087 3085 3084 3061 3073 3081 3079 3075 3076 3092 3069 3089 3113 3105 3094 3098 3101 3093 3077 3059 3053 3052 3026 3026 3032
3009 2997 3011 3018 3030 3028 3023 3043 3038 3042 3052 3038 3050 3042 3049 3036 3051 3056 3040 3057 3040 3057 3039 3059 3043 3053 3041 3050 3039 3051 3060 3047 3053 3045 3045 3081 3082 3083 3093 3080 3089 3080 3075 3077 3073 3074 3063 3073 3069 3084 3083 3097 3102 3093 3097 3083 3082 3076 3063 3045 3043 3026 3034 3013
3008 3022 3009 3023 3023 3039 3033 3040 3042 3046 3051 3047 3038 3057 3051 3056 3055 3057 3058 3068 3053 3058 3065 3041 3056 3045 3045 3039 3059 3054 3056 3054 3055 3049 3057 3065 3090 3084 3099 3087 3093 3090 3077 3066 3060 3061 3057 3052 3090 3080 3085 3093 3094 3098 3097 3094 3072 3060 3046 3039 3039 3037 3017 3028
2998 3008 3010 3008 3020 3015 3045 3039 3050 3035 3035 3038 3031 3036 3061 3054 3055 3054 3067 3069 3065 3068 3053 3065 3053 3051 3052 3054 3060 3042 3055 3046 3037 3058 3070 3075 3071 3090 3087 3087 3087 3085 3080 3077 3057 3056 3054 3062 3095 3090 3099 3089 3085 3091 3088 3071 3072 3054 3046 3034 3043 3028 3036 3026
3000 3017 3016 3018 3023 3027 3030 3054 3035 3039 3054 3037 3040 3036 3049 3057 3049 3055 3057 3067 3062 3065 3059 3058 3050 3047 3060 3046 3053 3055 3072 3051 3057 3044 3062 3071 3090 3085 3084 3072 3074 3071 3066 3074 3062 3062 3079 3070 3078 3089 3088 3100 3082 3086 3075 3076 3058 3045 3048 3041 3024 3021 3024 3013
3025 3014 3025 3018 3007 3007 3031 3043 3043 3050 3035 3046 3036 3032 3048 3057 3044 3061 3062 3050 3071 3066 3049 3056 3053 3066 3063 3062 3073 3059 3063 3058 3048 3040 3060 3093 3083 3080 3081 3066 3074 3066 3063 3074 3068 3068 3069 3071 3081 3092 3093 3089 3083 3077 3056 3056 3043 3040 3036 3038 3030 3030 3006 3011
3017 3026 3035 3018 3003 3019 3021 3035 3030 3042 3062 3039 3042 3028 3042 3050 3052 3065 3066 3058 3046 3055 3065 3063 3063 3059 3045 3073 3070 3071 3067 3075 3052 3055 3071 3086 3104 3093 3080 3070 3078 3071 3064 3064 3064 3070 3059 3090 3077 3087 3084 3091 3072 3063 3055 3058 3044 3040 3037 3036 3040 3032 3043 3023
3019 3001 3026 3012 3004 3012 3035 3021 3029 3042 3038 3053 3040 3036 3050 3047 3059 3059 3067 3063 3052 3054 3062 3058 3052 3067 3063 3062 3071 3071 3054 3062 3063 3060 3084 3092 3086 3088 3071 3061 3064 3058 3063 3076 3062 3057 3070 3092 3095 3090 3089 3083 3078 3062 3060 3040 3043 3030 3030 3030 3019 3012 3024 3029
3024 3014 3016 3015 3015 3019 3030 3050 3039 3043 3044 3047 3047 3047 3046 3066 3062 3066 3058 3054 3061 3075 3059 3064 3070 3059 3076 3067 3058 3060 3058 3060 3078 3068 3072 3079 3085 3077 3075 3077 3055 3066 3060 3070 3072 3084 3086 3085 3088 3091 3087 3084 3067 3062 3051 3044 3030 3028 3040 3027 3027 3037 3029 3024
3027 3009 3003 3017 3035 3024 3031 3044 3043 3056 3043 3054 3048 3054 3058 3062 3064 3062 3063 3056 3070 3072 3057 3055 3069 3058 3066 3079 3062 3057 3064 3068 3062 3088 3079 3067 3090 3075 3073 3067 3069 3050 3071 3067 3071 3077 3085 3087 3093 3088 3086 3082 3063 3059 3060 3055 3045 3025 3032 3040 3022 3031 3037 3041
3014 3015 3010 3027 3036 3039 3033 3042 3027 3053 3043 3041 3051 3056 3053 3066 3063 3070 3051 3072 3076 3075 3070 3058 3060 3069 3071 3068 3070 3074 3066 3060 3082 3076 3076 3070 3071 3069 3060 3078 3065 3064 3060 3065 3084 3091 3093 3080 3093 3082 3093 3092 3070 3058 3078 3070 3054 3046 3062 3048 3049 3047 3035 3052
3012 3024 3002 3020 3027 3029 3036 3041 3034 3043 3040 3044 3055 3049 3056 3060 3048 3061 3068 3066 3066 3075 3067 3059 3064 3057 3068 3077 3072 3064 3072 3075 3078 3081 3078 3072 3074 3071 3080 3058 3055 3066 3075 3068 3086 3090 3096 3089 3088 3101 3091 3085 3084 3081 3072 3072 3068 3062 3060 3059 3062 3053 3053 3045
3007 3009 3006 3025 3036 3027 3035 3048 3042 3050 3042 3049 3059 3057 3063 3057 3061 3067 3061 3069 3066 3073 3071 3059 3061 3070 3072 3084 3072 3071 3081 3078 3078 3073 3081 3071 3063 3063 3066 3060 3059 3070 3063 3080 3093 3087 3079 3082 3096 3094 3084 3091 3077 3069 3056 3062 3064 3065 3067 3064 3062 3067 3071 3059
3016 3018 3010 3018 3020 3032 3029 3053 3056 3061 3063 3051 3055 3056 3063 3065 3055 3071 3059 3074 3057 3064 3075 3073 3086 3074 3064 3050 3067 3065 3053 3072 3076 3072 3068 3065 3062 3064 3059 3063 3075 3074 3084 3083 3088 3094 3109 3077 3085 3103 3099 3095 3082 3077 3067 3065 3072 3064 3074 3076 3076 3082 3071 3075
3000 3005 3007 3028 3012 3018 3024 3043 3028 3032 3040 3051 3052 3047 3060 3060 3073 3062 3063 3073 3066 3073 3072 3060 3066 3058 3057 3072 3073 3067 3066 3070 3062 3062 3071 3056 3066 3061 3062 3079 3073 3069 3093 3090 3091 3090 3102 3088 3097 3094 3102 3107 3087 3075 3078 3065 3075 3076 3072 3079 3097 3092 3070 3072
3010 3005 3005 3014 3014 3034 3039 3031 3039 3041 3042 3040 3048 3064 3057 3058 3063 3061 3064 3059 3073 3066 3066 3069 3066 3063 3063 3077 3054 3062 3070 3062 3059 3076 3079 3067 3072 3067 3072 3076 3066 3077 3089 3079 3088 3086 3085 3094 3087 3091 3091 3101 3094 3081 3076 3085 3066 3076 3083 3085 3088 3084 3089 3069
3003 3005 3010 3016 3016 3017 3020 3031 3051 3051 3056 3038 3044 3047 3060 3069 3073 3065 3061 3071 3063 3073 3073 3059 3048 3053 3059 3060 3063 3070 3069 3063 3063 3062 3061 3056 3061 3071 3064 3074 3066 3076 3076 3086 3078 3094 3074 3085 3078 3080 3081 3084 3085 3070 3076 3073 3065 3067 3076 3068 3080 3082 3084 3065
3016 3017 3007 3008 3023 3026 3025 3039 3066 3059 3054 3046 3050 3040 3045 3052 3057 3071 3073 3079 3072 3075 3078 3082 3062 3054 3061 3057 3058 3064 3068 3070 3055 3065 3061 3061 3069 3072 3051 3055 3059 3061 3060 3060 3071 3063 3077 3078 3065 3078 3064 3077 3076 3082 3088 3068 3067 3055 3059 3075 3077 3084 3080 3080
3015 3016 3009 3017 3025 3020 3036 3031 3048 3055 3040 3059 3044 3053 3061 3056 3056 3062 3064 3058 3055 3065 3062 3056 3068 3060 3055 3060 3067 3049 3057 3065 3063 3055 3059 3059 3063 3068 3049 3063 3057 3065 3067 3064 3071 3063 3073 3075 3054 3065 3072 3071 3071 3065 3086 3066 3066 3061 3058 3074 3084 3065 3070 3077
3020 3011 3007 3019 3000 3026 3029 3038 3031 3037 3035 3051 3052 3054 3058 3065 3054 3060 3052 3057 3071 3060 3048 3062 3070 3065 3063 3053 3059 3056 3071 3067 3070 3057 3050 3057 3074 3065 3073 3059 3066 3060 3058 3058 3062 3055 3058 3049 3062 3060 3075 3076 3067 3044 3057 3080 3059 3056 3066 3070 3064 3062 3066 3085
3012 3033 3028 3023 3020 3019 3041 3051 3059 3049 3055 3051 3057 3055 3061 3065 3064 3035 3049 3056 3069 3064 3061 3066 3076 3065 3067 3064 3054 3057 3061 3058 3074 3076 3065 3074 3069 3083 3071 3072 3057 3071 3061 3067 3058 3060 3048 3056 3066 3076 3082 3068 3063 3048 3060 3065 3079 3068 3075 3072 3075 3076 3077 3081
3019 3029 3034 3034 3016 3029 3058 3048 3071 3066 3075 3063 3049 3059 3071 3063 3054 3051 3056 3061 3059 3061 3051 3054 3070 3073 3076 3064 3061 3056 3065 3060 3069 3077 3070 3077 3078 3071 3076 3076 3069 3067 3069 3065 3078 3067 3075 3064 3077 3079 3080 3063 3060 3060 3077 3092 3076 3064 3078 3087 3087 3077 3093 3099
3017 3029 3032 3043 3043 3040 3057 3052 3057 3060 3054 3063 3052 3069 3063 3061 3061 3064 3062 3069 3079 3062 3054 3054 3066 3064 3067 3073 3055 3070 3073 3081 3070 3074 3066 3070 3065 3077 3066 3077 3062 3087 3075 3073 3062 3051 3055 3063 3081 3063 3076 3075 3069 3069 3072 3084 3073 3072 3080 3080 3082 3076 3081 3093
3019 3025 3014 3024 3049 3062 3057 3066 3054 3042 3070 3056 3056 3061 3061 3076 3070 3078 3061 3069 3058 3066 3050 3069 3071 3058 3070 3066 3069 3060 3064 3064 3055 3078 3081 3076 3086 3070 3062 3067 3068 3066 3084 3075 3067 3056 3050 3046 3064 3061 3070 3071 3065 3056 3071 3078 3077 3083 3086 3077 3080 3086 3093 3088
3038 3029 3038 3041 3051 3055 3068 3057 3045 3065 3067 3067 3069 3055 3064 3064 3062 3069 3062 3073 3061 3075 3054 3069 3067 3060 3064 3078 3080 3073 3084 3067 3061 3062 3072 3073 3078 3076 3073 3079 3077 3083 3086 3077 3066 3069 3059 3050 3061 3063 3065 3067 3067 3072 3069 3068 3073 3072 3081 3064 3092 3095 3082 3080
3021 3029 3035 3046 3061 3063 3078 3071 3047 3069 3074 3060 3061 3060 3081 3064 3054 3064 3058 3074 3071 3075 3090 3078 3070 3064 3065 3060 3063 3070 3065 3070 3070 3072 3075 3066 3077 3076 3072 3073 3090 3080 3092 3080 3074 3069 3063 3057 3072 3042 3054 3043 3060 3058 3069 3055 3061 3078 3075 3083 3085 3094 3079 3065
3027 3035 3050 3059 3038 3054 3059 3063 3054 3049 3073 3071 3070 3055 3061 3059 3081 3073 3073 3065 3065 3080 3067 3087 3069 3073 3082 3075 3068 3078 3060 3066 3069 3080 3060 3071 3082 3087 3073 3078 3083 3074 3078 3090 3097 3085 3079 3059 3071 3059 3058 3067 3070 3072 3073 3068 3068 3069 3066 3081 3083 3091 3080 3072
3056 3058 3055 3048 3054 3052 3069 3063 3052 3052 3051 3080 3072 3061 3052 3064 3081 3085 3069 3077 3076 3075 3077 3073 3086 3070 3081 3080 3062 3078 3063 3074 3084 3074 3070 3079 3078 3082 3087 3071 3064 3074 3091 3088 3104 3092 3090 3070 3067 3060 3055 3061 3044 3070 3078 3084 3075 3069 3076 3078 3084 3075 3073 3076
