3068 3053 3033 3032 3045 3064 3043 3054 3065 3074 3064 3049 3043 3024 3021 3031 3029 3010 3014 3014 3006 3016 3020 3023 3022 3012 3026 3006 3016 3021 3008 3031 3020 3019 3015 3019 3017 3012 2988 2993 3014 3025 3013 3011 3015 3014 3008 3017 3013 3001 3012 3020 3012 2995 3010 3001 3014 3007 3016 3019 3007 2977 2986 2992
3055 3050 3029 3045 3048 3039 3044 3061 3051 3053 3062 3050 3036 3023 3018 3022 3036 3024 3019 3019 3018 3017 3019 3024 3029 3024 3024 3012 3001 3004 3019 3018 3015 3010 3011 3014 3018 3007 3011 3020 3012 3001 3016 3014 3011 3013 3021 3016 3010 3027 3020 3015 3002 3008 3008 3012 3001 3001 3011 3004 3014 2995 3003 2996
3055 3054 3035 3033 3049 3048 3059 3048 3035 3044 3032 3036 3035 3033 3031 3016 3019 3031 3020 3010 3015 3026 3020 3012 3021 3013 3013 3027 3020 2996 3008 3012 3009 3014 3005 3004 3024 3016 3012 3009 3002 3015 3009 3025 3023 3023 3008 3029 3021 2998 2999 3003 3005 3008 3017 3013 3001 2996 3006 3005 3003 3008 2988 3001
3052 3046 3043 3042 3043 3038 3052 3044 3020 3037 3036 3035 3025 3041 3043 3027 3025 3019 3020 3010 3024 3020 3029 3030 3029 3014 3029 3015 3012 3020 3015 3020 3015 3013 3014 3017 3008 3010 3016 3005 3007 3011 3021 3014 3021 3022 3022 3017 3024 3018 3010 3008 3015 3012 3015 3018 3006 3005 3002 3008 3008 2996 3003 3006
3050 3043 3043 3042 3042 3046 3051 3048 3007 3025 3032 3039 3017 3014 3034 3032 3025 3015 3018 3009 3010 3016 3011 3027 3015 3031 3025 3023 3021 3020 3038 3027 3011 2999 3009 2999 3009 3000 3010 3015 3022 3027 3013 3012 3029 3036 3022 3014 3013 3022 3021 3007 3009 3013 3019 3013 3015 2995 3010 3004 2991 2994 2996 3016
3041 3040 3041 3037 3048 3036 3032 3026 3028 3033 3041 3036 3037 3024 3022 3032 3027 3023 3017 3016 3003 3018 3018 3017 3021 3022 3025 3020 3023 3018 3029 3022 3020 3003 3024 3023 3018 3018 3017 3033 3025 3036 3027 3023 3031 3035 3045 3038 3022 3012 3010 2999 2998 3010 3006 3008 3012 3012 3002 3007 3013 2987 3000 3025
3027 3035 3039 3025 3034 3049 3041 3026 3051 3022 3030 3026 3024 3020 3020 3021 3021 3029 3019 3023 3011 3015 3014 3024 3018 3020 3007 3013 3023 3021 3026 3025 3013 3026 3024 3019 3030 3040 3036 3038 3030 3037 3033 3040 3029 3040 3035 3043 3030 3011 3015 3012 3010 3006 3013 3011 3016 3022 3013 3013 3012 3001 3021 3014
3001 3008 3011 3012 3021 3009 2997 3011 3021 3019 3010 3010 3012 3017 3017 3011 3005 3020 3015 3015 3000 3015 3006 3019 3013 3008 3017 3011 3011 3011 3009 3015 3006 3020 3023 3022 3034 3028 3038 3036 3043 3035 3034 3032 3033 3039 3040 3020 3013 3018 3018 3020 3007 3012 3008 3013 3014 3008 3004 2995 2991 3003 3003 3018
2974 2982 2977 2979 2972 2983 2977 2992 2999 3004 2996 2986 3004 2984 3006 3010 2984 3003 3009 3008 3004 3018 3006 3018 3004 3008 3006 3008 3001 2996 3002 2997 3011 2999 3018 3015 3019 3014 3022 3026 3037 3043 3030 3031 3024 3034 3028 3030 3020 3021 3027 3029 3032 3008 3007 3016 3019 3015 3001 3003 3012 2996 2990 3010
2982 2984 2987 2975 2962 2975 2983 2978 2978 2987 2975 2992 2992 2995 2985 2993 2992 2988 3001 2998 2995 2995 2995 3005 3002 3008 3014 3015 3019 3007 3018 3009 3021 3014 3028 3026 3029 3031 3028 3035 3050 3029 3041 3027 3026 3025 3035 3037 3028 3030 3024 3041 3024 3034 3022 3016 3011 3011 3014 3006 3013 3016 3008 2996
2983 2987 2974 2992 2990 2984 2974 2990 2981 2998 2991 2997 2974 2978 2994 2979 2980 2989 2991 2981 2983 2985 2995 2991 2999 3017 3011 3020 3022 3026 3010 3012 3016 3020 3031 3049 3044 3025 3016 3030 3031 3028 3027 3022 3024 3040 3037 3037 3043 3028 3048 3033 3025 3020 3024 3009 3011 3014 3018 3024 3034 3024 3000 3005
2965 2971 2987 2989 2992 2983 2982 2983 2979 2985 2995 2999 2986 2987 2976 2979 2987 2978 2977 2989 3000 2983 2993 2984 2987 3004 3002 3018 3020 3018 3014 3016 3027 3037 3034 3038 3040 3031 3035 3030 3031 3043 3032 3036 3046 3030 3030 3046 3029 3040 3032 3035 3032 3036 3033 3020 3001 3013 3025 3014 3028 3032 3024 3006
2960 2975 2973 2966 2974 2972 2971 2982 2971 2982 2976 2984 2975 2992 2992 2993 2994 2990 2963 2987 2994 2991 2986 3010 3004 3011 3017 3033 3026 3020 3019 3020 3022 3034 3028 3026 3030 3022 3025 3029 3052 3039 3040 3050 3046 3045 3052 3047 3040 3028 3037 3028 3043 3028 3031 3021 3009 2995 3002 3011 3033 3014 3024 3003
2953 2969 2968 2971 2992 2979 2985 2979 2975 2971 2977 2987 2976 2982 2979 2979 2983 2985 2984 2982 2993 2984 2996 2998 3000 3010 3022 3015 3011 3020 3014 3036 3032 3048 3028 3027 3032 3038 3032 3037 3025 3024 3040 3052 3044 3047 3059 3044 3037 3042 3032 3044 3046 3023 3033 3033 3016 2997 3021 3034 3023 3025 3032 3012
2964 2967 2962 2985 2978 2983 2976 2980 2964 2983 2976 2982 2989 2984 2976 2981 2979 2989 2969 2971 2971 2982 2992 2996 3006 2999 3029 3009 3020 3023 3004 3025 3044 3037 3028 3031 3042 3050 3055 3047 3025 3034 3024 3037 3055 3058 3055 3048 3052 3050 3058 3034 3032 3025 3037 3037 3029 3016 3018 3027 3028 3030 3021 3014
2976 2975 2966 2978 2979 2981 2983 2982 2967 2978 2983 2979 3003 2995 2978 2991 2985 2978 2986 2982 2982 2991 2995 2995 2999 3005 3018 3021 3026 3017 3025 3036 3030 3031 3036 3029 3039 3043 3033 3030 3024 3031 3019 3033 3047 3052 3065 3052 3054 3054 3050 3040 3052 3033 3036 3033 3019 3016 3025 3036 3027 3025 3016 3001
2987 2982 2987 2972 2983 2984 2978 2992 2985 2986 2993 2991 3006 2996 3002 2985 2992 2979 2979 2990 3002 2994 2993 2998 3010 3021 3015 3024 3042 3017 3027 3022 3034 3055 3032 3032 3050 3042 3046 3025 3017 3028 3027 3027 3044 3063 3067 3065 3053 3040 3047 3041 3044 3038 3021 3027 3022 3027 3015 3022 3030 3037 3023 3019
2996 2973 2995 2992 2991 2983 2987 2980 2967 2983 2988 2995 2999 2998 2995 2993 2978 2990 2988 2987 2995 2999 2985 2997 3017 3013 3025 3024 3035 3020 3022 3037 3035 3046 3034 3044 3044 3035 3029 3027 3023 3039 3035 3033 3051 3042 3056 3052 3052 3054 3059 3046 3038 3037 3044 3036 3035 3018 3035 3030 3030 3033 3034 3012
3007 3007 2977 2996 2983 2988 2981 2986 2993 2994 2994 2992 2996 3001 2999 2992 2993 2987 2995 3004 2999 3006 2996 3004 3020 3034 3020 3021 3019 3022 3036 3027 3026 3027 3051 3041 3026 3033 3030 3036 3043 3041 3021 3042 3037 3058 3056 3064 3060 3061 3056 3051 3043 3037 3032 3043 3041 3038 3036 3033 3032 3014 3034 3017
2994 2997 2997 2992 3000 2994 3010 2983 2996 2998 2988 2980 3004 2995 2990 2992 2996 2996 2995 2998 3004 3000 3004 2994 3004 3013 3028 3029 3028 3031 3031 3030 3017 3035 3047 3038 3039 3026 3037 3030 3038 3035 3041 3036 3058 3066 3064 3053 3057 3055 3053 3051 3050 3037 3042 3049 3031 3040 3050 3031 3008 3030 3030 3031
2996 3005 3006 2998 2999 3009 3010 3007 2984 2983 2996 2997 3005 3009 2980 2994 2986 2996 2989 2994 3001 3012 2994 2989 2992 3000 3026 3033 3024 3027 3015 3029 3032 3030 3020 3034 3033 3031 3035 3056 3038 3026 3046 3063 3063 3079 3070 3063 3069 3058 3050 3056 3047 3044 3040 3032 3039 3045 3034 3032 3034 3018 3037 3021
3002 2988 3002 2999 3007 3009 2997 2994 2993 2982 2993 2992 3001 3000 3003 3002 2999 3001 2989 3008 2993 2999 2991 2987 2997 3005 3029 3030 3037 3039 3033 3034 3039 3030 3023 3031 3033 3040 3042 3054 3041 3041 3057 3067 3063 3062 3065 3068 3063 3051 3054 3046 3041 3041 3049 3056 3052 3039 3035 3016 3025 3030 3023 3026
2993 2996 3000 2994 2995 2987 2995 2987 2987 2982 2971 2999 3003 2990 2982 2980 2993 2998 2992 2986 2995 3008 2989 2984 2985 3007 3017 3014 3043 3034 3034 3040 3040 3043 3031 3040 3044 3049 3040 3033 3054 3045 3056 3074 3062 3073 3071 3071 3066 3060 3043 3052 3032 3048 3063 3071 3061 3036 3042 3029 3032 3034 3018 3005
2998 3001 2993 3000 2998 2997 2991 2983 2991 2997 2990 2995 2986 3000 3000 2993 2978 2995 2990 2998 2986 2991 2987 2992 2991 2994 3013 3034 3022 3049 3037 3042 3049 3048 3048 3058 3064 3061 3057 3051 3057 3048 3053 3069 3086 3071 3072 3067 3058 3049 3050 3052 3057 3062 3067 3075 3056 3050 3029 3042 3018 3015 3016 3017
2991 3007 3005 3003 3009 3003 2992 3006 2998 3003 2986 2999 3012 3002 3004 2993 2980 2988 2988 2989 2996 2983 3001 3005 3005 3002 3011 3028 3034 3053 3046 3052 3060 3061 3070 3058 3061 3061 3058 3068 3069 3069 3066 3073 3072 3075 3081 3077 3063 3063 3074 3056 3072 3085 3067 3064 3050 3040 3038 3046 3023 3015 3018 2998
3013 3004 2985 2993 3001 3012 2997 3005 3008 2989 2998 2984 3000 2993 2989 3006 2988 3002 2992 3005 2981 2983 2989 3002 3006 3006 3009 3038 3034 3051 3067 3071 3067 3071 3070 3071 3070 3076 3073 3067 3067 3072 3082 3080 3075 3084 3084 3082 3085 3070 3074 3078 3087 3081 3076 3057 3064 3041 3035 3030 3026 3017 3013 3012
3006 2998 2987 3002 3012 2998 2993 3007 2996 2997 2991 2997 2990 2994 2992 2995 3000 2994 2997 2990 2989 2998 2999 2998 2998 3016 3001 3036 3050 3044 3077 3083 3065 3079 3086 3082 3081 3092 3083 3068 3070 3090 3091 3085 3095 3095 3103 3113 3100 3082 3077 3103 3094 3096 3067 3076 3047 3034 3026 3027 3028 3018 3030 3011
2992 2991 3008 3000 2994 3002 2991 2998 3000 2984 2995 2984 2988 2999 2990 2994 2989 2993 3002 3000 2990 2987 2999 2994 2999 2998 3009 3031 3044 3060 3072 3070 3074 3085 3093 3092 3085 3097 3079 3080 3082 3089 3097 3107 3092 3092 3100 3106 3091 3073 3091 3092 3091 3084 3085 3071 3050 3039 3045 3024 3033 3022 3015 3021
2989 2997 2981 2987 3001 3001 3012 3005 2995 2994 3007 2993 2987 2993 2999 2991 2992 3004 2989 2986 3002 2990 2995 2999 3009 3004 3018 3026 3056 3067 3070 3075 3069 3072 3071 3076 3085 3080 3081 3078 3081 3085 3092 3093 3101 3099 3100 3080 3089 3085 3094 3092 3085 3091 3086 3062 3061 3039 3034 3035 3009 3017 3015 3006
2990 2998 2997 2992 3013 3001 3000 2991 2997 2994 3004 2991 3008 2998 3004 2999 3004 3000 2992 3006 2992 2996 2999 2991 3006 3002 3010 3025 3047 3054 3061 3070 3063 3061 3074 3073 3081 3068 3096 3095 3097 3087 3083 3095 3090 3087 3093 3077 3089 3087 3080 3095 3085 3087 3100 3093 3059 3027 3017 3033 3019 3001 3016 3017
2991 2999 3001 2994 3009 2990 2991 2994 2996 2991 2992 2993 3002 3008 3012 3004 2994 2994 2996 2986 2997 2983 2987 2995 2989 3004 3015 3009 3045 3067 3070 3078 3076 3069 3075 3085 3084 3089 3076 3075 3070 3094 3094 3097 3078 3085 3081 3088 3098 3072 3085 3089 3092 3087 3090 3094 3080 3035 3024 3013 3027 3011 3013 3003
3005 2996 2997 3000 3012 2999 2992 3009 3005 2993 2984 3003 3000 3007 3011 2993 3004 3013 3006 3001 2999 3003 2998 2988 3002 2997 3008 3020 3035 3063 3067 3073 3078 3073 3075 3085 3082 3075 3076 3078 3086 3092 3092 3085 3083 3078 3095 3088 3087 3102 3089 3077 3084 3088 3076 3084 3073 3035 3029 3015 3008 3017 3017 3024
2997 3003 3002 3010 3003 3001 2997 2999 2994 3000 2990 2986 3001 3003 2999 2988 3004 2999 3003 3002 3015 3004 3004 3002 3000 2999 2999 3015 3030 3055 3052 3064 3075 3075 3082 3081 3076 3094 3092 3085 3071 3083 3088 3086 3104 3079 3094 3088 3087 3085 3080 3070 3079 3088 3079 3076 3061 3045 3025 3005 3020 3029 3011 3023
3000 2994 2994 3011 3001 3003 2994 2993 3004 3007 2991 2998 3007 2992 2989 3009 3006 3007 3011 3008 3007 2994 3008 2990 3002 2999 2997 3022 3030 3049 3064 3068 3067 3081 3082 3080 3072 3085 3085 3080 3089 3083 3093 3090 3087 3076 3080 3094 3088 3074 3078 3068 3082 3086 3070 3068 3060 3039 3036 3017 3014 3023 3023 3007
2982 2988 2986 2991 3006 2998 2991 2995 2993 2985 2981 2988 2997 2978 2994 2987 3015 3002 3002 2981 3006 3005 2993 2994 2999 3013 3010 3009 3025 3037 3053 3054 3079 3073 3076 3088 3079 3077 3078 3074 3082 3087 3092 3092 3082 3093 3093 3082 3078 3082 3073 3085 3090 3086 3087 3072 3063 3040 3017 3018 3004 3020 3007 2991
2992 2997 2998 3002 2999 2990 2991 2998 2988 2980 2981 2999 2977 2998 2985 2986 2996 2983 2989 2994 2999 3003 2993 2995 2997 3014 3002 2996 3023 3026 3041 3058 3070 3075 3089 3072 3074 3088 3087 3083 3074 3085 3090 3093 3085 3105 3072 3078 3075 3081 3089 3066 3084 3076 3083 3068 3049 3018 3025 3030 3014 3010 3009 3005
3002 2994 3002 2991 2994 3006 2989 3004 2989 2980 2981 2994 3007 2999 2990 3000 2989 2996 2993 2995 2996 2996 2994 3002 3009 2999 3009 2993 3010 3012 3034 3044 3067 3066 3087 3080 3086 3066 3078 3078 3073 3082 3083 3076 3088 3096 3085 3088 3089 3087 3076 3077 3069 3082 3068 3069 3057 3029 3021 3015 3022 3018 3008 3011
2999 3005 3001 3001 3000 2988 2991 3000 2997 2991 2991 2998 3009 3001 2994 2998 2990 3003 2996 2999 2988 2998 3008 2999 3009 3009 2992 2982 3002 3000 3024 3021 3051 3064 3078 3074 3082 3069 3072 3072 3075 3070 3087 3092 3090 3081 3095 3091 3082 3081 3083 3066 3075 3081 3080 3077 3060 3036 3012 3027 3016 3022 3028 3021
2991 2991 3011 3000 2997 2981 2975 2994 2983 2990 2990 2996 2994 2998 3002 3001 2995 2990 2993 2991 3004 3002 3006 2999 3008 3011 3000 2991 3008 3001 3021 3021 3028 3068 3071 3073 3067 3063 3074 3081 3061 3081 3074 3087 3090 3091 3088 3089 3087 3084 3076 3082 3080 3059 3072 3063 3042 3039 3024 3029 3012 3012 3020 3017
2993 2992 3002 2997 2992 2982 2979 2981 2980 2990 2991 2993 2989 3002 2994 3002 2994 2995 2999 2988 2992 3010 3016 3017 3009 3005 3007 3003 2994 2986 2998 3020 3035 3041 3055 3076 3066 3074 3077 3082 3083 3074 3089 3089 3080 3086 3085 3085 3085 3091 3090 3083 3078 3072 3065 3071 3048 3036 3029 3026 3021 3020 3011 3018
2986 3008 3009 2997 2987 2993 2984 2991 2974 2980 2983 3003 2989 2997 2992 2993 2992 2989 3000 3014 3003 3006 3012 3027 2997 3010 3002 2993 2991 2993 3002 3010 3055 3036 3063 3058 3073 3075 3058 3079 3077 3082 3089 3091 3086 3092 3082 3083 3095 3081 3092 3082 3087 3086 3075 3057 3051 3036 3041 3025 3022 3016 3011 3000
2995 2996 3003 2991 2992 2993 2963 2988 2975 2993 2987 2987 3001 2995 2983 2995 3001 2993 3003 3011 3009 3017 3021 3015 3015 3019 2995 2983 2998 2988 2993 3006 3026 3038 3044 3069 3052 3070 3065 3075 3075 3071 3098 3083 3101 3084 3085 3093 3083 3079 3092 3090 3085 3076 3071 3054 3056 3054 3042 3038 3024 3025 3004 3023
2995 2984 2994 2988 3001 2992 2982 2981 2989 2981 2978 2991 3002 2989 2980 2991 2996 2997 3006 3003 3018 3004 3010 3018 3018 3020 3001 2995 3008 3017 3000 3024 3023 3038 3040 3057 3065 3071 3079 3064 3083 3083 3073 3083 3098 3097 3086 3094 3080 3082 3089 3075 3084 3069 3035 3037 3041 3036 3044 3027 3021 3034 3013 3022
2987 3001 2995 2989 2979 2985 2989 2985 2983 2980 2995 2992 2997 3003 2994 2996 3001 2999 3000 2998 3019 3014 3020 3022 3016 3009 3018 3002 3004 3006 3010 3025 3036 3040 3053 3064 3059 3056 3079 3068 3084 3089 3089 3087 3086 3087 3093 3091 3066 3085 3080 3085 3064 3068 3036 3020 3032 3042 3037 3045 3037 3031 3016 3022
2993 3009 3012 2984 2993 2988 2981 2983 2992 3009 3011 3007 3012 2989 3009 3001 3001 3009 2985 3004 3033 3039 3040 3029 3028 3016 3003 2998 3015 3008 3011 3023 3028 3055 3073 3079 3061 3072 3081 3083 3075 3068 3084 3092 3095 3089 3091 3088 3085 3086 3083 3080 3070 3055 3033 3018 3028 3030 3035 3041 3049 3026 3018 3026
2996 2999 3004 2989 2976 2986 2990 2992 2987 2985 3006 3005 3011 3003 2999 3005 3016 3024 3019 3013 3043 3052 3048 3058 3034 3023 3013 3004 3009 3011 3023 3031 3032 3062 3071 3086 3069 3096 3090 3081 3079 3068 3074 3084 3083 3086 3102 3079 3083 3076 3081 3068 3060 3034 3027 3024 3038 3032 3026 3055 3027 3027 3025 3010
2993 2980 2988 2996 2983 2989 2991 2990 2997 2996 3001 3009 2986 3002 3009 3005 3025 3023 3016 3028 3032 3029 3027 3038 3029 3014 3020 3011 3017 3006 3019 3028 3038 3049 3063 3080 3086 3082 3077 3073 3076 3080 3085 3089 3087 3077 3091 3101 3092 3089 3084 3068 3055 3034 3032 3014 3028 3026 3038 3034 3025 3027 3024 3030
3002 2993 2994 2999 3004 3003 2977 2987 2999 3009 3002 2997 3000 2999 3009 3024 3031 3022 3009 3025 3018 3024 3032 3027 3027 3017 3014 3021 3004 2998 3035 3031 3043 3055 3064 3076 3089 3094 3078 3081 3078 3078 3097 3090 3080 3092 3080 3081 3089 3094 3076 3054 3052 3028 3015 3007 3026 3025 3035 3031 3022 3026 3020 3041
3000 2994 3002 2999 3009 3004 3001 3006 3009 2994 2993 3000 3012 3011 3008 3021 3033 3033 3017 3020 3030 3025 3019 3049 3034 3023 3021 3027 3008 3019 3024 3043 3045 3051 3058 3067 3096 3089 3081 3077 3079 3067 3088 3085 3095 3087 3071 3069 3085 3095 3067 3058 3031 3025 3017 3023 3020 3027 3023 3021 3007 3010 3007 3018
2995 2994 2982 3007 3006 3008 3001 2990 3020 3011 2987 3010 3014 3012 3011 3010 3021 3018 3017 3021 3028 3042 3043 3044 3039 3049 3022 3029 3011 3021 3018 3027 3044 3046 3071 3097 3087 3106 3099 3085 3075 3081 3088 3081 3087 3100 3075 3074 3066 3080 3053 3040 3026 3015 3015 3015 3021 3014 3006 2997 3004 3024 3010 3021
2996 2990 2995 2997 3015 2997 2987 2985 2993 3006 3003 3015 3021 3012 3008 2999 3004 3015 3020 3031 3030 3034 3024 3035 3040 3032 3034 3015 3020 3025 3028 3050 3046 3078 3072 3092 3089 3091 3077 3083 3073 3087 3082 3094 3076 3084 3076 3067 3098 3083 3064 3035 3036 3033 3013 3020 3021 3020 3022 3023 3019 3034 3016 3011
3003 2998 2997 3003 3001 2989 2993 2991 2986 2993 3001 2999 3011 3018 3022 3024 3017 3013 3015 3029 3025 3031 3024 3039 3041 3040 3030 3025 3009 3030 3040 3059 3051 3080 3080 3086 3075 3096 3088 3090 3088 3082 3085 3097 3088 3091 3077 3081 3074 3079 3058 3043 3036 3031 3034 3032 3030 3012 3015 3016 3030 3033 3016 3013
2992 2988 3003 3006 3003 3003 2995 2987 3006 2990 3013 3006 3026 3012 3010 3019 3005 3011 3014 3023 3026 3026 3039 3032 3046 3046 3042 3040 3040 3035 3045 3053 3072 3082 3090 3078 3082 3088 3077 3084 3078 3081 3076 3091 3083 3078 3061 3074 3071 3076 3082 3052 3056 3046 3041 3042 3043 3032 3023 3016 3023 3046 3036 3030
3011 3000 2997 3010 3001 3016 2998 3000 3003 3002 3001 3012 3006 3021 3003 3004 3002 3005 3019 3037 3031 3030 3022 3039 3032 3047 3056 3051 3033 3035 3066 3065 3086 3079 3086 3066 3083 3087 3082 3086 3097 3090 3086 3082 3072 3084 3082 3085 3080 3082 3081 3075 3068 3055 3054 3059 3051 3060 3033 3028 3039 3059 3058 3032
3011 3008 3000 3005 3004 2998 3003 3003 2977 2985 3002 2994 3001 3001 3017 3012 3003 3016 3014 3028 3030 3025 3025 3034 3033 3060 3052 3053 3043 3061 3059 3080 3082 3070 3068 3084 3072 3086 3079 3081 3089 3083 3084 3086 3080 3074 3077 3087 3082 3080 3075 3080 3067 3063 3056 3058 3051 3056 3045 3029 3039 3053 3043 3050
3001 3000 2991 2987 2996 3006 2991 2994 2972 2985 2993 2991 3018 3007 3007 3021 3011 3009 3006 3020 3031 3025 3028 3054 3041 3045 3040 3048 3053 3063 3066 3085 3081 3083 3084 3084 3078 3065 3064 3069 3078 3096 3085 3072 3083 3081 3082 3070 3075 3065 3062 3078 3078 3061 3057 3061 3054 3050 3056 3046 3056 3058 3053 3071
3006 3005 3003 2998 3005 3001 2997 2994 2997 2982 2990 3008 3012 3010 3016 3023 3030 3023 3043 3029 3050 3048 3036 3055 3044 3054 3057 3057 3061 3049 3068 3060 3071 3074 3080 3085 3078 3079 3071 3094 3078 3071 3079 3068 3093 3074 3066 3064 3064 3073 3059 3064 3076 3065 3061 3054 3053 3055 3051 3053 3053 3072 3063 3068
3008 3008 3007 2996 2984 2997 2995 2995 3002 3002 2996 3005 3015 3019 3019 3033 3038 3046 3052 3053 3045 3067 3054 3059 3059 3058 3048 3054 3078 3076 3057 3063 3082 3083 3090 3086 3089 3077 3088 3091 3079 3079 3075 3086 3089 3084 3071 3050 3079 3079 3054 3043 3073 3074 3065 3054 3065 3067 3063 3066 3073 3061 3074 3059
3013 3008 3003 3000 3004 2987 2995 2994 3002 3006 2998 3014 3015 3034 3047 3055 3066 3054 3052 3069 3065 3060 3061 3049 3068 3068 3064 3072 3071 3069 3083 3064 3068 3072 3075 3081 3066 3068 3086 3085 3072 3075 3078 3070 3096 3092 3068 3056 3065 3067 3050 3057 3073 3051 3067 3069 3065 3052 3055 3065 3054 3063 3056 3053
2994 3008 3014 3015 3007 2986 2999 3010 3010 3014 3010 3013 3042 3045 3063 3050 3075 3071 3064 3065 3061 3074 3070 3071 3073 3055 3068 3068 3064 3069 3066 3064 3059 3061 3062 3072 3078 3078 3075 3081 3070 3074 3077 3072 3082 3083 3068 3055 3037 3050 3058 3063 3065 3046 3054 3048 3072 3061 3077 3060 3055 3049 3058 3044
2988 2999 3011 2999 3016 2998 3014 3001 3015 3021 3023 3029 3040 3060 3061 3052 3070 3075 3064 3076 3067 3066 3064 3077 3060 3062 3058 3055 3074 3072 3069 3067 3066 3075 3076 3057 3079 3070 3068 3079 3076 3077 3076 3071 3071 3084 3065 3048 3055 3046 3064 3047 3066 3047 3061 3072 3068 3056 3061 3073 3066 3071 3066 3075
2992 2985 2986 2986 3006 3008 2986 3015 3027 3037 3052 3048 3057 3069 3080 3068 3056 3058 3053 3059 3084 3058 3071 3058 3061 3064 3066 3055 3067 3073 3065 3070 3071 3068 3074 3072 3058 3066 3050 3068 3071 3079 3068 3069 3072 3069 3060 3063 3053 3056 3068 3073 3071 3074 3084 3072 3056 3074 3086 3082 3078 3066 3069 3064
2997 2999 2995 2995 3000 3009 3025 3012 3031 3043 3062 3057 3057 3061 3082 3065 3067 3064 3063 3066 3066 3066 3066 3067 3074 3078 3070 3074 3064 3061 3076 3077 3070 3057 3071 3075 3079 3067 3071 3064 3072 3076 3070 3070 3069 3076 3060 3053 3052 3052 3069 3069 3057 3070 3080 3074 3069 3072 3062 3084 3062 3067 3059 3062
2990 2992 3007 3013 3012 3013 3014 3029 3034 3046 3066 3047 3057 3061 3067 3065 3053 3054 3069 3067 3054 3070 3069 3065 3067 3071 3058 3068 3074 3081 3093 3086 3074 3067 3077 3074 3068 3064 3065 3070 3072 3061 3067 3063 3072 3073 3060 3046 3047 3062 3065 3073 3063 3052 3074 3080 3076 3069 3076 3071 3077 3057 3066 3061
