3000 3001 3003 2994 2999 2991 3005 3004 3002 3008 2989 2982 2989 2987 3016 3003 3012 3000 2976 2978 3000 3001 3004 3001 3022 3015 3015 3007 2998 2997 3007 3007 3010 3006 3000 3000 3009 3005 3003 3008 3000 2989 2992 2987 3003 3005 3010 3019 2997 2985 2998 3000 2975 2971 2980 2973 2986 3002 2998 2994 3002 2992 2998 3005
2999 2991 2992 2990 2987 3013 3005 3000 3004 2990 2991 2989 3005 2999 3007 3002 3002 3007 3006 3001 3020 3016 3025 3020 3026 3017 3015 3021 3002 3024 3020 3008 3011 3007 3006 3015 3004 3004 3008 2990 3007 3002 2983 2996 2995 3004 3001 3004 2995 2990 2984 2988 2985 2991 2976 2972 2988 2999 3006 3007 2989 2995 3006 2997
2976 2983 3003 2979 2984 3010 3015 2996 2997 2999 2985 2986 3000 3001 3014 3017 3025 3026 3020 3022 3027 3026 3017 3018 3031 3021 3021 3032 3022 3015 3021 3010 3016 3013 3004 3007 3011 3011 3007 2991 2997 2991 3000 2988 2982 2997 2991 3003 2989 2977 2986 2982 2988 2987 2975 2990 2998 3002 2994 2996 2993 3003 2993 2991
2975 2981 2993 2989 3005 2997 3010 3005 3004 3001 3014 3018 3012 3014 3010 3010 3014 3012 3013 3030 3035 3031 3043 3028 3037 3028 3028 3030 3025 3028 3011 3016 3010 3019 3015 3009 3014 2999 3008 2992 2990 3003 2992 2984 2990 3000 2983 2988 2996 2994 3001 2990 2985 2992 2993 2986 3003 2993 2986 2997 3000 2997 3002 2996
2971 2994 3010 2998 3000 2989 3002 2989 3003 3005 3020 3008 3026 3025 3000 3019 3029 3018 3019 3017 3040 3033 3039 3032 3040 3025 3044 3030 3029 3031 3019 3007 3016 3014 3017 3014 3008 3002 3004 3008 3002 2987 2990 3003 2995 2999 2997 3001 2995 3004 3003 3001 2996 2992 2992 3003 2998 2994 3005 3014 2987 2990 2998 2999
2987 3000 2982 2994 2985 3001 2997 3002 3016 3011 3023 3026 3027 3019 3021 3018 3015 3038 3032 3023 3034 3027 3041 3044 3040 3027 3021 3035 3029 3024 3009 3011 3010 3015 3017 3020 3004 3018 3006 3005 2992 3002 2989 3005 2987 2999 3000 2997 2997 2994 2993 2987 3002 2986 2996 2989 3000 2987 2996 2986 2997 2983 2989 2997
3010 3006 2981 2989 2981 3005 3018 3011 3013 3017 3021 3019 3027 3023 3019 3015 3015 3016 3024 3037 3047 3050 3047 3027 3044 3031 3030 3026 3038 3040 3027 3019 3008 3021 3007 3024 3010 2997 3006 2997 3012 3003 3001 2988 2989 2995 2980 2996 2993 3004 2992 2990 2979 2994 2992 2991 3001 2992 2990 2983 2998 3004 2991 2977
3013 3003 3016 3008 3000 2997 3017 3019 3017 3018 3027 3035 3026 3021 3029 3032 3022 3025 3050 3035 3043 3051 3043 3047 3031 3041 3019 3037 3035 3027 3014 3020 3018 3016 3021 3035 3027 3024 3017 3004 2996 3009 3001 2988 2992 2998 2995 2995 3005 2985 2995 2978 2997 2996 3004 3007 2993 3001 2991 2978 2998 2989 2993 2987
3022 3018 3007 3015 3011 3007 3007 3015 3022 3013 3031 3039 3026 3034 3052 3041 3039 3040 3049 3058 3042 3045 3057 3042 3051 3049 3039 3034 3038 3025 3020 3025 3024 3028 3028 3028 3031 3024 3027 3021 3009 3005 2992 2997 3002 3005 2988 2992 2995 2992 2988 2994 2990 2983 2988 3008 3010 3013 2989 2977 2997 2993 2993 2988
3015 3008 3015 3008 3008 3018 3012 3023 3035 3024 3040 3031 3033 3041 3051 3035 3038 3036 3045 3061 3057 3062 3065 3058 3051 3050 3046 3036 3036 3025 3034 3023 3034 3032 3018 3020 3026 3027 3028 3004 3002 3006 3007 2991 2992 2996 2990 2992 3002 2994 3004 2999 2993 2993 2996 2983 3015 3003 3002 2997 2992 2995 2987 3002
2983 3011 3009 3017 3008 3022 3027 3030 3040 3036 3029 3038 3039 3035 3044 3048 3036 3039 3048 3063 3065 3081 3066 3057 3059 3051 3041 3035 3025 3033 3025 3033 3034 3042 3038 3041 3035 3028 3020 3016 3025 2998 3008 3000 2996 2996 2987 2990 2990 2992 3002 3007 2998 2991 2994 2994 3000 3001 3005 3003 3006 2991 2992 3002
2983 3001 3015 3017 3015 3018 3006 3019 3030 3020 3037 3043 3037 3044 3050 3046 3047 3047 3046 3074 3078 3092 3064 3076 3066 3067 3055 3052 3056 3041 3045 3039 3050 3039 3036 3031 3033 3022 3020 3025 3029 3029 3012 2992 3001 3007 2998 2989 3008 2988 3001 2994 2992 2986 3001 2992 3007 3004 3005 2995 2990 2998 2984 2994
2999 2992 3003 3009 3008 3012 3016 3019 3022 3042 3041 3031 3027 3029 3044 3046 3038 3055 3080 3080 3092 3086 3074 3079 3073 3074 3070 3062 3069 3065 3060 3045 3040 3046 3025 3030 3023 3031 3034 3027 3036 3027 3020 3004 3003 2996 2992 3005 2987 2992 3002 2996 2985 2981 3003 3004 3000 2999 2996 2998 2986 2984 2987 2986
2994 3003 3000 3007 3014 3007 3016 3021 3031 3028 3032 3017 3020 3027 3042 3033 3042 3063 3065 3091 3075 3079 3078 3081 3082 3088 3075 3071 3079 3082 3074 3064 3065 3048 3022 3037 3012 3017 3035 3034 3037 3029 3025 3010 3005 3003 3000 2992 3002 2985 3013 3000 2990 2998 3002 2996 2995 2998 2992 2995 2986 2982 3006 2997
3011 3010 3016 3010 3008 3018 3017 3018 3030 3021 3014 3028 3023 3016 3021 3030 3055 3065 3081 3069 3068 3077 3068 3094 3091 3102 3098 3084 3091 3083 3088 3067 3062 3045 3043 3026 3034 3030 3027 3032 3041 3034 3024 3020 3015 3012 2992 3009 2990 2997 2997 2996 2998 3002 2995 3001 2999 2983 2993 2986 2991 3009 3010 2998
3007 3016 3009 3034 3018 3022 3035 3035 3021 3006 3018 3009 3020 3038 3042 3041 3055 3078 3077 3079 3073 3065 3093 3095 3089 3096 3101 3089 3108 3087 3092 3091 3063 3062 3049 3037 3025 3042 3041 3041 3042 3042 3045 3029 3022 3001 2990 3002 2987 2998 3000 2997 2991 3005 2995 3009 3000 2991 2992 3001 2995 3003 2986 2997
2992 3009 3026 3020 3028 3045 3039 3056 3029 3033 3029 3031 3037 3045 3049 3067 3071 3079 3092 3077 3079 3098 3089 3100 3100 3083 3094 3112 3103 3095 3096 3087 3070 3054 3033 3043 3032 3054 3043 3051 3040 3045 3042 3026 3017 3006 3004 3000 2990 2989 2989 2994 2993 2994 2991 3002 3004 2997 2997 2977 2996 3001 3001 2991
2994 3003 3019 3028 3034 3022 3027 3036 3028 3031 3025 3031 3041 3054 3066 3076 3065 3072 3086 3087 3093 3085 3102 3086 3082 3094 3093 3099 3101 3106 3094 3084 3075 3066 3053 3044 3050 3053 3052 3044 3051 3052 3042 3040 3025 3033 2995 2996 2987 2994 3003 2996 3002 3002 2999 2991 2998 3004 3014 3003 3009 3002 2995 2996
3008 3003 3015 3031 3015 3028 3021 3028 3030 3035 3016 3035 3050 3071 3074 3085 3080 3074 3089 3099 3099 3083 3098 3106 3084 3091 3078 3098 3090 3104 3099 3093 3071 3067 3051 3049 3047 3049 3059 3070 3049 3048 3037 3050 3023 3017 3004 2994 2996 2976 2999 3015 3012 3001 2989 2988 3005 3008 3017 3026 3012 3005 2998 2985
2996 3018 3030 3020 3034 3012 3024 3024 3023 3023 3029 3033 3052 3063 3081 3085 3082 3090 3081 3081 3095 3094 3092 3083 3096 3094 3086 3095 3097 3088 3089 3085 3078 3082 3066 3065 3060 3058 3051 3074 3072 3058 3051 3039 3027 3024 3010 3001 2993 2979 3005 3010 3011 3015 3010 3004 3005 3001 3009 3013 3008 3002 3004 3003
3011 3016 3031 3033 3037 3034 3034 3035 3023 3022 3046 3051 3072 3083 3090 3081 3086 3083 3083 3094 3094 3108 3081 3097 3098 3102 3104 3088 3092 3093 3094 3085 3109 3083 3067 3054 3062 3062 3084 3071 3081 3067 3052 3050 3031 3018 3001 3013 2993 2995 3009 3006 3009 2998 3012 2996 3015 3007 2999 2999 2999 3005 2998 2991
3009 3031 3023 3026 3016 3037 3045 3016 3032 3039 3054 3060 3082 3081 3081 3098 3102 3101 3089 3091 3094 3092 3096 3094 3100 3098 3096 3099 3094 3086 3089 3086 3098 3078 3074 3066 3074 3076 3076 3069 3074 3066 3058 3046 3028 3023 3019 3015 3001 2994 3018 3012 3019 3015 3021 3022 3017 3022 3011 3001 2993 2994 2988 2981
3014 3030 3030 3034 3010 3034 3026 3042 3027 3048 3046 3062 3078 3084 3096 3090 3088 3100 3093 3090 3091 3089 3089 3099 3096 3096 3094 3081 3092 3095 3100 3098 3096 3089 3082 3069 3072 3072 3072 3092 3071 3093 3073 3056 3047 3033 3033 3030 3011 3021 3017 3018 3020 3019 3016 3021 3018 3023 3020 3004 2998 3010 3001 3003
3026 3023 3032 3028 3027 3026 3033 3040 3038 3048 3056 3066 3092 3080 3102 3094 3099 3090 3086 3090 3093 3092 3085 3094 3094 3084 3101 3092 3100 3094 3094 3097 3078 3088 3089 3072 3091 3063 3091 3083 3075 3087 3087 3053 3043 3034 3012 3017 3022 3013 3017 3019 3010 3018 3021 3032 3028 3014 3009 3014 3001 3015 3004 3007
3019 3009 3017 3018 3028 3027 3050 3049 3044 3053 3062 3080 3091 3082 3082 3077 3074 3090 3091 3088 3081 3093 3094 3076 3088 3087 3082 3095 3078 3085 3089 3087 3080 3087 3091 3077 3090 3076 3085 3092 3084 3079 3062 3065 3045 3023 3006 3013 3000 3008 3008 3009 3002 2998 2992 3012 3006 3009 2996 2990 3004 3023 3007 3012
3012 3023 2997 3020 3041 3037 3043 3055 3056 3062 3064 3085 3094 3084 3089 3081 3076 3086 3094 3084 3091 3077 3080 3085 3099 3107 3095 3093 3090 3086 3090 3086 3077 3085 3088 3094 3090 3084 3084 3080 3080 3078 3079 3051 3040 3019 3017 3008 3005 3008 3005 3006 3007 2993 2994 3005 2994 3002 2987 2989 3002 3011 3016 3015
3005 3026 3004 3026 3023 3050 3057 3058 3046 3059 3066 3089 3092 3093 3084 3076 3073 3078 3087 3085 3088 3081 3095 3085 3093 3099 3086 3103 3088 3085 3083 3085 3093 3089 3083 3089 3075 3096 3079 3085 3069 3060 3068 3053 3026 3015 3006 2999 3013 3007 2999 3002 3008 2997 3002 2991 2984 2990 2994 2983 3004 3001 3013 3010
3005 3019 3006 3012 3028 3039 3044 3054 3063 3072 3076 3096 3095 3098 3090 3078 3078 3071 3084 3082 3097 3103 3084 3090 3103 3094 3085 3094 3095 3088 3088 3079 3096 3091 3091 3096 3086 3079 3083 3076 3081 3075 3063 3059 3029 3018 3010 3003 3004 2998 3001 3012 3009 3000 3003 2987 2984 2996 2995 2983 2999 3015 3014 3003
2999 3006 3011 3025 3028 3054 3030 3076 3061 3073 3087 3086 3107 3089 3088 3096 3079 3091 3077 3098 3095 3088 3081 3087 3092 3104 3094 3091 3098 3102 3102 3094 3085 3084 3079 3100 3088 3084 3082 3095 3095 3078 3061 3063 3024 3007 2999 3002 2983 2990 3005 3001 2998 2999 2988 2997 3002 3000 2995 2994 2997 3008 3007 3008
3001 3017 3005 3017 3035 3036 3059 3050 3076 3077 3089 3087 3079 3089 3086 3088 3081 3087 3085 3084 3089 3088 3076 3089 3093 3093 3082 3104 3105 3091 3096 3089 3079 3086 3080 3094 3081 3087 3095 3090 3091 3077 3069 3061 3030 3002 3005 3004 2989 2988 2991 2986 2992 3002 3003 2990 2994 3006 2995 3004 2978 3001 3001 3002
2995 3011 3011 3028 3032 3034 3036 3054 3072 3075 3086 3083 3086 3087 3084 3083 3086 3083 3072 3089 3091 3089 3080 3083 3098 3096 3093 3088 3083 3097 3100 3103 3084 3105 3091 3082 3086 3080 3082 3090 3092 3091 3079 3056 3015 3008 3021 2989 3002 2977 2986 2991 2998 3008 2998 3012 2997 3018 3012 3004 2989 2996 2994 3014
3001 3003 2998 3005 3031 3036 3051 3059 3068 3092 3080 3088 3093 3078 3093 3087 3080 3084 3085 3089 3093 3092 3089 3074 3106 3106 3095 3104 3104 3088 3090 3102 3086 3096 3091 3085 3085 3072 3073 3077 3083 3089 3072 3052 3016 3002 2991 3002 2985 2988 2981 2980 2992 2996 3007 2999 3007 3025 3004 3010 3000 2987 2999 3027
2989 2992 2999 3015 3018 3022 3040 3054 3073 3084 3081 3071 3069 3081 3085 3072 3079 3095 3080 3073 3085 3084 3079 3100 3100 3093 3095 3086 3085 3085 3084 3081 3067 3091 3083 3070 3073 3079 3083 3107 3088 3096 3073 3067 3028 2997 2996 2981 2975 2989 2978 2987 2985 2983 2997 3002 2992 3006 3002 3004 3008 2996 3007 3007
3003 3005 2997 3012 3030 3028 3032 3060 3072 3069 3070 3062 3078 3073 3091 3096 3093 3084 3087 3097 3077 3093 3083 3085 3104 3087 3078 3102 3092 3085 3086 3078 3089 3081 3080 3074 3086 3090 3081 3087 3102 3096 3070 3061 3033 2998 2977 2990 2986 2996 2992 2998 3000 3003 2993 3010 3005 3005 3005 3002 2999 3002 3012 3006
3019 3013 3010 3015 3033 3038 3030 3058 3066 3065 3091 3093 3082 3079 3097 3094 3085 3093 3085 3090 3078 3086 3095 3090 3095 3094 3084 3082 3085 3090 3089 3082 3084 3091 3092 3096 3085 3081 3080 3087 3077 3085 3084 3054 3022 3009 3001 2992 2999 2997 2987 3000 3002 2998 3001 3013 3015 3024 3007 3005 3006 2998 3015 3031
3011 3019 3015 3014 3028 3040 3035 3052 3061 3061 3075 3092 3094 3089 3083 3096 3099 3094 3088 3090 3086 3082 3075 3094 3093 3101 3087 3098 3087 3096 3091 3095 3096 3091 3096 3090 3073 3089 3079 3082 3080 3069 3078 3051 3032 2999 3011 2997 2980 3000 3001 3006 3014 3004 2997 3011 3006 3030 3002 3011 3002 2988 3005 3015
2998 3005 3005 3021 3019 3025 3033 3044 3059 3072 3092 3081 3080 3077 3087 3096 3081 3079 3085 3098 3093 3104 3096 3089 3098 3110 3084 3098 3090 3087 3093 3093 3081 3090 3085 3082 3088 3089 3079 3086 3078 3083 3056 3054 3012 2992 2981 2998 2996 3002 3003 3011 2993 2990 2998 3001 3002 3021 2994 3002 3000 3004 3014 3019
3001 2999 2996 3000 2999 3025 3027 3045 3064 3061 3087 3085 3074 3081 3085 3093 3084 3087 3094 3093 3087 3103 3095 3090 3091 3092 3105 3095 3092 3095 3094 3095 3088 3091 3098 3093 3090 3077 3071 3077 3071 3074 3049 3036 3004 3011 3009 2994 3001 3014 3000 3013 3002 3001 3007 2993 3011 3012 3005 3007 3002 2992 3010 2987
2998 2998 3014 3014 3007 3018 3021 3049 3056 3071 3068 3067 3069 3074 3081 3083 3082 3081 3090 3095 3085 3098 3103 3086 3106 3101 3094 3103 3091 3090 3091 3091 3089 3086 3086 3092 3091 3095 3080 3067 3070 3059 3049 3039 3010 2999 2993 2992 3007 2993 2988 2987 3004 3006 3000 3000 3002 3004 3007 3001 2991 2986 2988 2974
2996 3003 2996 3003 3009 3019 3009 3022 3066 3067 3070 3075 3073 3066 3081 3081 3065 3089 3089 3083 3082 3089 3092 3084 3097 3092 3089 3091 3089 3096 3096 3092 3100 3099 3075 3088 3084 3086 3065 3073 3066 3071 3059 3031 3000 3001 3006 2999 2994 2998 2989 3003 2999 3017 3000 2996 3003 3002 2996 3018 2987 3002 2991 2984
2998 3007 2997 2999 3012 3010 3014 3039 3055 3071 3068 3071 3091 3072 3074 3083 3076 3076 3092 3078 3083 3090 3086 3087 3095 3089 3101 3088 3091 3091 3088 3086 3097 3076 3093 3085 3075 3079 3077 3077 3068 3068 3049 3025 3001 2992 2992 3015 3002 2993 2989 2994 3004 3005 3000 2997 3003 3002 2995 3009 2999 3005 2997 3003
2985 2996 2991 3014 3004 3017 3014 3041 3045 3062 3063 3070 3079 3068 3071 3075 3076 3095 3090 3078 3075 3094 3097 3094 3081 3080 3097 3095 3096 3079 3095 3094 3091 3085 3089 3091 3079 3090 3081 3075 3063 3061 3040 3026 3010 2992 2988 3004 2997 3005 2995 2987 2994 2996 2987 2990 3014 3001 3006 3000 3004 3001 3010 2991
2985 2998 2987 3012 3001 3012 3018 3035 3035 3051 3072 3067 3068 3068 3080 3067 3089 3079 3082 3087 3083 3095 3102 3104 3102 3098 3098 3095 3086 3094 3078 3097 3093 3092 3087 3084 3086 3083 3082 3094 3068 3057 3037 3022 3007 2996 2996 2992 2994 3005 2988 2990 2984 2998 3000 2980 2996 2998 3000 3000 3000 3009 2999 3011
2982 2999 3000 3001 3000 3002 3012 3007 3034 3026 3059 3065 3074 3074 3076 3070 3081 3077 3084 3087 3089 3092 3086 3080 3089 3106 3102 3104 3091 3082 3074 3096 3086 3087 3097 3086 3083 3078 3082 3087 3083 3054 3025 3024 3009 2992 2995 3008 3001 2998 2989 2995 2993 2990 2986 2995 2999 2997 2997 2995 3012 3012 3017 3001
2996 2998 2981 2984 3013 3003 3000 3007 3000 3025 3058 3055 3065 3071 3058 3057 3070 3054 3075 3097 3094 3084 3079 3098 3087 3099 3091 3074 3082 3081 3091 3083 3069 3084 3076 3098 3092 3074 3083 3084 3066 3046 3039 3021 3005 2992 2993 2989 2999 2998 2992 2998 2997 2983 2991 3001 3001 3002 2992 3010 3002 3008 3013 3006
2990 2992 2980 3003 3001 3011 2992 3001 3001 3023 3036 3040 3068 3062 3062 3078 3063 3066 3075 3085 3079 3107 3088 3089 3080 3079 3086 3084 3091 3076 3085 3081 3082 3091 3088 3086 3079 3071 3084 3087 3065 3045 3032 3017 3007 3001 2994 2987 2977 3001 2996 2987 3009 2989 2996 3005 3001 2994 3000 2998 3000 2998 3007 3005
2997 2979 2981 2994 3003 2989 2993 3007 2989 3003 3011 3038 3063 3070 3071 3073 3072 3074 3074 3083 3077 3090 3093 3077 3081 3084 3075 3070 3086 3082 3089 3075 3084 3093 3073 3092 3083 3084 3092 3081 3058 3037 3031 3012 3008 3011 2984 2992 2991 3004 3010 2999 2992 2998 2990 3008 2999 3002 3005 3001 2996 3002 2997 3011
2990 2990 2996 2999 2989 2996 2987 2994 2985 2992 3011 3032 3062 3056 3076 3075 3064 3082 3080 3084 3076 3088 3085 3096 3089 3088 3092 3084 3084 3088 3088 3092 3090 3092 3099 3090 3088 3087 3089 3072 3061 3027 3028 3015 2999 2993 2989 2989 2988 2995 2991 2999 2994 2990 2998 2997 2990 2998 3013 3008 3007 3000 2994 3004
2985 2991 2983 3003 2984 2992 2985 2997 2987 3008 3015 3013 3043 3067 3081 3070 3056 3080 3083 3082 3085 3089 3097 3094 3099 3093 3077 3084 3092 3068 3088 3075 3093 3093 3094 3096 3086 3092 3073 3067 3047 3034 3029 3020 3005 2999 2994 2987 2998 3000 3000 3005 2998 3005 3007 2998 3002 3000 2999 3009 2994 3004 2999 3001
2995 2990 2978 2994 2982 2985 2992 2997 3003 2995 2999 3020 3030 3041 3072 3062 3064 3078 3086 3083 3081 3082 3086 3093 3091 3087 3077 3088 3090 3084 3080 3082 3080 3092 3086 3086 3089 3086 3081 3059 3038 3016 3013 3007 3000 2997 3003 2991 3010 3005 2998 2995 3000 3003 3002 3002 3000 3003 3005 2996 2995 2991 2996 3002
2995 2989 2984 2970 2996 2992 2994 2998 3003 3011 2996 3013 3027 3046 3068 3069 3069 3078 3099 3105 3090 3089 3086 3088 3097 3089 3078 3078 3092 3083 3082 3086 3087 3084 3108 3076 3081 3081 3068 3040 3028 3021 3008 3016 3002 2994 2987 3012 3004 2992 3000 2993 2998 2994 3002 2996 3010 3007 2994 2986 3001 2973 2991 3009
2998 2993 2992 3004 2996 3000 2995 2999 2991 2991 2993 3005 3011 3026 3053 3074 3076 3077 3079 3090 3085 3086 3097 3091 3083 3091 3093 3080 3091 3085 3097 3099 3108 3106 3092 3090 3082 3079 3063 3023 3016 2994 2999 3001 3002 2987 2987 2983 2989 2997 2993 2978 2986 2995 2985 2997 2991 2998 2986 2991 2996 2988 2998 3004
3000 2986 2988 2989 2988 3000 3011 2987 2990 2981 3000 3007 3020 3018 3060 3065 3063 3081 3070 3088 3081 3090 3085 3083 3076 3090 3090 3084 3090 3102 3101 3098 3093 3084 3108 3093 3086 3062 3042 3028 3022 2998 3005 2984 2993 3004 2988 2990 2986 2996 2984 2986 2989 2988 2999 3009 2994 3004 3002 3003 3006 3009 3019 3003
2980 2982 2975 2984 2985 2999 3001 2995 2984 2985 2993 3002 3013 3011 3050 3072 3062 3080 3075 3086 3093 3093 3078 3083 3095 3097 3082 3087 3086 3088 3086 3097 3088 3089 3106 3088 3071 3058 3026 3006 3014 2998 3016 3001 2992 2985 2990 2982 2994 2989 2987 2975 2991 2999 3007 2997 3015 3002 2994 3005 3022 3023 3006 3007
2980 2984 2990 2990 2989 2996 2983 3003 2985 2997 2990 2988 3005 3033 3058 3066 3078 3076 3077 3088 3089 3080 3076 3097 3080 3090 3097 3093 3099 3091 3077 3085 3083 3075 3090 3098 3084 3057 3025 3011 3007 2999 3003 3007 2992 2985 2980 2987 2987 2992 2988 2989 3010 3004 3002 3002 3007 2988 3000 3005 3016 3010 3006 3011
2975 2983 2996 3000 2991 2978 2981 2987 2981 2987 3000 3007 3017 3032 3069 3060 3079 3086 3094 3088 3080 3090 3092 3087 3092 3086 3079 3087 3103 3093 3094 3082 3077 3083 3086 3089 3077 3050 3031 3013 3004 3006 3016 3014 2992 2987 2986 2992 2981 2985 2988 2986 2987 2989 3005 3007 2998 3003 2994 3017 3007 3005 3008 3006
2995 2995 2988 3000 2993 2992 2983 2987 2982 2995 2988 3005 3012 3027 3051 3069 3065 3076 3096 3095 3083 3091 3087 3091 3096 3090 3084 3089 3080 3091 3098 3080 3075 3074 3071 3083 3078 3067 3041 3026 3016 3003 3006 3007 2994 2987 2980 2986 3002 3003 2988 2986 3001 3005 3000 3012 3005 3014 3012 3015 3029 3026 3008 3015
2999 2984 2990 2984 2991 2987 2999 3003 2990 2991 2995 3000 3012 3025 3067 3074 3080 3076 3081 3094 3084 3084 3095 3084 3104 3088 3092 3091 3102 3091 3084 3081 3082 3069 3084 3089 3084 3068 3039 3016 3013 3024 3002 3006 3017 3006 3008 3004 2994 3005 3012 3000 2993 2998 3003 3004 3005 3024 3019 3017 3019 3030 3028 3012
2998 2990 3003 2974 3002 2993 2997 2994 2994 3006 3005 3011 3018 3048 3062 3080 3076 3083 3088 3090 3086 3091 3084 3094 3083 3092 3098 3096 3112 3092 3096 3091 3084 3077 3073 3086 3086 3066 3038 3023 3017 3015 3020 3003 3022 3008 3005 3003 2980 2977 3012 2997 3009 2989 2996 2996 3005 3012 3020 3008 3017 3032 3024 3027
2987 2984 2980 2975 2973 2988 2990 3001 3004 3015 3019 3028 3036 3045 3080 3090 3098 3090 3073 3082 3085 3085 3093 3096 3101 3092 3089 3089 3091 3094 3081 3094 3080 3078 3098 3081 3067 3060 3039 3027 3024 3035 3012 3017 3014 3012 3008 2992 3003 2976 3002 3002 3005 3005 3007 2991 3011 3001 3014 3003 3002 3022 3034 3029
2986 3004 2984 3008 2991 3008 2996 3010 3026 3032 3038 3037 3060 3055 3070 3081 3090 3093 3076 3094 3076 3081 3089 3088 3101 3093 3097 3099 3092 3087 3096 3081 3094 3082 3089 3074 3062 3063 3041 3023 3029 3029 3043 3016 3007 3025 3006 3009 3018 3013 3003 2999 3009 3013 3018 2987 3015 3025 3017 3017 3012 3015 3027 3013
2999 3006 3003 3007 3005 3019 3015 3025 3028 3045 3052 3064 3062 3071 3078 3085 3067 3081 3087 3092 3084 3069 3085 3093 3096 3095 3097 3094 3093 3099 3097 3096 3074 3087 3091 3086 3067 3056 3054 3044 3032 3036 3041 3043 3029 3028 3024 3011 3016 3015 3008 3006 3012 3011 3001 3009 3021 3027 3027 3022 3005 3022 3022 3017
2988 3004 3011 3015 3002 3024 3025 3040 3043 3049 3070 3062 3079 3063 3092 3075 3089 3083 3084 3077 3084 3079 3087 3085 3098 3110 3092 3090 3074 3087 3081 3082 3079 3084 3090 3076 3078 3063 3048 3055 3042 3031 3044 3045 3038 3049 3025 3018 3033 3038 3030 3019 3003 3023 3019 3018 3013 3012 3028 3027 3020 3024 3012 3016
3004 2998 3023 3024 3029 3028 3042 3041 3039 3046 3054 3060 3075 3081 3083 3089 3076 3071 3085 3086 3066 3085 3091 3102 3097 3089 3081 3089 3080 3083 3083 3088 3082 3090 3102 3080 3086 3077 3082 3054 3051 3044 3041 3053 3053 3053 3041 3022 3034 3031 3022 3010 3021 3037 3023 3015 3029 3022 3008 3015 3022 3026 3020 3016
