3064 3068 3067 3056 3064 3055 3057 3079 3070 3061 3055 3057 3053 3051 3062 3049 3045 3031 3050 3061 3063 3048 3053 3053 3071 3048 3050 3071 3071 3072 3074 3063 3055 3053 3048 3044 3056 3042 3033 3025 3028 3023 3010 3004 3021 3011 3019 2997 3008 3022 3020 3032 3024 2992 3017 3015 3005 3008 3018 3012 3021 3013 3006 3015
3069 3062 3058 3060 3081 3063 3058 3057 3060 3055 3049 3061 3036 3060 3052 3064 3053 3069 3043 3062 3061 3070 3073 3064 3074 3058 3068 3056 3070 3061 3042 3077 3051 3048 3045 3042 3048 3042 3036 3026 3035 3022 3019 3007 3022 3024 3017 3013 3016 3008 3024 3016 3009 3010 3008 3026 3005 3017 3022 3024 3011 3002 3016 3009
3059 3053 3045 3054 3059 3068 3063 3048 3054 3053 3058 3043 3048 3050 3064 3046 3063 3042 3049 3062 3071 3066 3066 3069 3077 3075 3063 3061 3064 3072 3080 3058 3064 3061 3061 3031 3037 3043 3055 3037 3022 3029 3034 3027 3031 3026 3034 3026 3030 3018 3018 3023 3010 3005 3002 3005 3004 3013 3009 3004 3014 3005 3013 3004
3055 3053 3044 3054 3049 3046 3051 3061 3049 3044 3059 3046 3062 3055 3065 3063 3059 3048 3053 3057 3075 3063 3063 3094 3089 3081 3073 3073 3072 3071 3073 3066 3065 3060 3049 3051 3037 3048 3039 3048 3026 3038 3028 3041 3028 3026 3022 3022 3020 3013 3027 3018 3013 3017 3009 3004 3015 3010 3018 3001 3009 3003 3017 3016
3060 3051 3043 3036 3033 3038 3053 3042 3057 3058 3070 3060 3050 3062 3068 3051 3070 3057 3059 3061 3072 3074 3079 3087 3100 3097 3095 3083 3086 3083 3068 3066 3050 3056 3060 3054 3049 3049 3045 3046 3046 3038 3029 3052 3029 3026 3018 3038 3039 3008 3006 3014 3019 3009 3016 3015 3007 2998 3008 2993 3003 3002 3014 3022
3056 3054 3038 3054 3039 3052 3055 3045 3044 3053 3058 3064 3066 3072 3074 3072 3053 3065 3072 3074 3068 3062 3082 3083 3094 3085 3090 3086 3088 3090 3072 3060 3065 3070 3057 3072 3053 3045 3051 3056 3039 3029 3038 3049 3040 3031 3034 3032 3029 3010 3011 3004 3019 3010 3007 3021 3025 3018 3021 3010 3012 3001 3012 3018
3060 3043 3028 3033 3020 3031 3054 3044 3047 3041 3040 3043 3065 3063 3071 3072 3074 3073 3072 3075 3071 3068 3066 3082 3084 3089 3085 3101 3084 3074 3079 3067 3085 3083 3062 3065 3073 3063 3064 3034 3059 3048 3034 3046 3030 3022 3029 3026 3026 3031 3020 2996 3006 3006 3012 2999 3004 3018 3021 3016 3015 3001 3013 3009
3023 3009 3023 3022 3018 3016 3013 3013 3013 3016 3027 3039 3032 3039 3051 3051 3054 3055 3061 3035 3067 3055 3062 3067 3085 3088 3086 3085 3090 3073 3084 3082 3080 3081 3081 3061 3068 3053 3058 3044 3034 3039 3037 3030 3039 3028 3027 3011 3017 3005 3012 3007 3014 3009 3005 3002 2995 3019 3018 3015 3007 3000 3009 3002
2972 2974 2985 2980 2994 2985 2980 2989 2987 3009 3001 3019 3029 3024 3028 3020 3015 3036 3040 3040 3042 3042 3056 3048 3075 3078 3077 3093 3071 3078 3101 3084 3083 3078 3092 3076 3066 3052 3035 3026 3024 3009 3035 3027 3033 3044 3026 3013 3017 3001 3011 3029 3005 3016 3013 3001 3002 2987 2981 2993 2982 2995 2990 2989
2967 2957 2968 2971 2971 2973 2977 2996 2998 3005 3018 3019 3020 3018 3024 3014 3021 3021 3033 3041 3055 3061 3061 3067 3076 3072 3086 3086 3086 3085 3089 3088 3085 3089 3090 3088 3067 3055 3053 3040 3036 3039 3031 3036 3047 3038 3023 3015 3014 3016 3003 3005 3008 3018 3012 3007 2991 2985 2996 2997 3002 3022 2996 3010
2983 2969 2976 2970 2987 2983 2995 3002 3005 3019 3040 3032 3017 3017 3026 3026 3031 3038 3032 3050 3061 3082 3085 3087 3087 3083 3092 3091 3090 3103 3106 3100 3101 3087 3098 3084 3079 3068 3056 3045 3045 3042 3036 3038 3046 3047 3036 3010 3030 3026 3012 3002 3023 3025 3009 3002 3000 2997 2992 2997 3012 3016 3013 3010
2965 2978 2986 2982 2990 2999 2995 2996 3014 3012 3025 3027 3021 3033 3035 3037 3037 3051 3053 3068 3081 3088 3078 3084 3095 3089 3096 3094 3092 3119 3098 3099 3104 3098 3095 3079 3082 3063 3063 3057 3050 3039 3041 3054 3063 3058 3042 3034 3030 3025 3015 3012 3013 3012 3020 3005 2997 3003 3005 3000 3012 3018 3010 3013
2973 2988 3001 2985 3004 2996 2988 3002 3023 3025 3025 3030 3043 3035 3033 3024 3031 3041 3081 3077 3086 3080 3084 3094 3110 3104 3084 3098 3101 3108 3093 3103 3100 3094 3101 3100 3086 3070 3055 3043 3048 3060 3061 3063 3061 3069 3067 3045 3044 3022 3022 3033 3009 3006 3004 3003 3005 3006 3007 2990 3004 3013 3009 3014
2979 2980 2984 2986 3007 2987 2990 3009 3018 3018 3034 3019 3028 3033 3034 3029 3047 3064 3084 3082 3089 3082 3090 3076 3105 3107 3108 3092 3089 3106 3102 3085 3081 3100 3106 3099 3094 3077 3060 3045 3057 3054 3068 3083 3076 3073 3055 3057 3048 3032 3016 3022 3014 3008 3010 3013 3012 3014 3009 3015 3006 3007 3006 3023
2999 2984 2978 3001 2991 2990 3002 3004 3017 3027 3030 3031 3035 3035 3025 3039 3050 3060 3073 3092 3098 3086 3087 3090 3097 3111 3106 3115 3096 3097 3094 3089 3098 3089 3104 3103 3090 3084 3070 3050 3064 3065 3083 3071 3072 3077 3067 3063 3045 3031 3016 3016 3015 3003 3020 2998 3007 3005 3007 3013 3004 3011 2994 3004
2981 2994 2998 3002 3002 3002 3004 3031 3024 3026 3027 3036 3041 3046 3058 3041 3069 3069 3095 3098 3089 3101 3091 3092 3104 3104 3092 3089 3093 3106 3078 3101 3099 3104 3104 3106 3100 3089 3084 3068 3062 3071 3075 3088 3082 3086 3072 3080 3049 3033 3026 3010 3011 3006 3018 3012 3002 3005 3008 3006 3016 3003 3003 3008
3003 3012 3012 3015 3004 3010 3012 3020 3040 3026 3037 3053 3046 3041 3042 3064 3062 3072 3071 3097 3103 3094 3096 3085 3102 3094 3090 3103 3092 3092 3084 3093 3093 3109 3104 3103 3090 3093 3082 3085 3067 3068 3088 3098 3082 3079 3086 3067 3062 3056 3039 3015 3008 3015 3019 3013 2994 2999 2986 2985 3001 2996 3008 3020
3003 3001 3019 3010 3021 3015 3018 3016 3037 3034 3041 3049 3063 3050 3045 3072 3071 3090 3086 3082 3104 3091 3090 3100 3086 3102 3107 3095 3082 3086 3094 3110 3092 3092 3106 3097 3093 3079 3088 3076 3077 3086 3078 3098 3077 3082 3088 3070 3041 3040 3031 3015 3018 3008 3021 3013 3000 2993 2996 2993 3003 2999 3001 3010
3013 3010 3024 3010 3018 3015 3013 3025 3044 3033 3036 3041 3055 3054 3056 3076 3093 3078 3086 3078 3075 3095 3080 3101 3085 3084 3091 3098 3089 3102 3081 3092 3095 3097 3098 3101 3096 3100 3097 3087 3084 3082 3080 3084 3075 3083 3072 3067 3053 3035 3023 3013 3007 3002 3002 3000 3008 3006 3006 3000 2990 3001 3013 3014
3014 3018 3021 3031 3014 3015 3013 3026 3032 3043 3033 3033 3053 3058 3065 3078 3089 3086 3084 3075 3087 3078 3091 3092 3090 3075 3088 3098 3096 3103 3092 3097 3091 3086 3088 3103 3081 3081 3090 3100 3085 3087 3088 3079 3081 3080 3074 3084 3056 3038 3020 3008 3019 2998 3002 3004 3010 3012 3001 3008 3003 3002 3005 3014
3021 3012 3020 3012 3014 3008 3028 3025 3028 3039 3051 3045 3046 3062 3073 3087 3095 3087 3098 3093 3091 3080 3103 3094 3083 3072 3082 3080 3087 3100 3097 3107 3118 3101 3104 3094 3091 3087 3086 3090 3080 3093 3088 3082 3086 3084 3080 3092 3069 3051 3031 3032 3008 3000 3004 3008 3003 2996 3007 3008 3017 3018 3013 3011
3001 3026 3012 3028 3027 3023 3032 3039 3044 3045 3045 3048 3059 3072 3086 3076 3091 3075 3084 3088 3086 3087 3086 3078 3074 3080 3077 3097 3092 3078 3102 3112 3100 3113 3103 3089 3091 3094 3087 3087 3091 3093 3087 3077 3088 3081 3090 3077 3067 3038 3044 3032 3017 3010 3011 3020 3007 3018 3007 3016 3018 3008 3019 3017
3014 3013 3036 3037 3026 3035 3035 3035 3028 3041 3048 3063 3065 3069 3078 3081 3093 3072 3086 3091 3094 3084 3081 3085 3080 3088 3073 3097 3089 3091 3098 3102 3104 3097 3091 3088 3102 3108 3082 3084 3089 3087 3090 3074 3087 3076 3083 3082 3054 3044 3044 3036 3032 3028 3017 3035 3029 3020 3017 3003 3011 3009 3006 3024
3016 3022 3019 3021 3036 3014 3005 3027 3036 3031 3036 3052 3064 3071 3087 3094 3088 3095 3079 3083 3086 3090 3099 3091 3092 3087 3077 3088 3105 3097 3092 3106 3106 3103 3100 3111 3102 3112 3091 3100 3075 3088 3100 3091 3096 3080 3088 3085 3066 3037 3038 3033 3025 3017 3026 3036 3022 3020 3025 3028 3022 3034 3014 3015
3014 3015 3015 3012 3002 3006 3004 3005 3029 3037 3049 3060 3061 3075 3101 3102 3086 3083 3085 3083 3101 3092 3071 3081 3078 3093 3109 3112 3098 3103 3087 3092 3094 3096 3099 3106 3106 3111 3100 3083 3081 3084 3077 3101 3090 3088 3090 3081 3060 3039 3033 3018 3022 3011 3015 3012 3016 3011 3016 3012 3016 3010 3008 3007
3016 3006 3015 2997 3010 2996 2998 3006 3024 3041 3067 3051 3066 3075 3087 3091 3082 3084 3084 3091 3089 3099 3083 3076 3078 3098 3094 3111 3108 3098 3096 3097 3094 3110 3100 3112 3107 3101 3080 3087 3084 3092 3096 3102 3115 3089 3091 3073 3052 3026 3038 3021 3010 3011 3011 3014 3012 3007 3003 3001 3008 3004 3012 3014
3013 3011 3019 3002 2988 3006 3001 2999 3032 3034 3051 3059 3072 3066 3083 3084 3081 3078 3088 3084 3097 3095 3090 3090 3090 3104 3108 3105 3104 3099 3106 3094 3100 3100 3107 3106 3095 3111 3096 3087 3087 3070 3086 3084 3084 3090 3092 3064 3045 3024 3029 3016 3010 3012 3003 3018 3016 3010 3005 2999 3022 3004 3011 3028
3001 3014 3018 3007 3007 3011 2995 2993 3014 3018 3042 3062 3078 3079 3100 3088 3094 3094 3083 3101 3094 3098 3089 3094 3095 3104 3091 3104 3114 3105 3104 3092 3119 3108 3116 3098 3109 3108 3097 3101 3077 3080 3094 3095 3084 3095 3085 3068 3044 3021 3028 3008 3004 3009 3014 3007 3006 3004 3007 3010 2990 3008 3010 3037
3005 3002 3008 3006 3012 3003 3012 3008 3015 3052 3061 3065 3056 3086 3089 3090 3101 3099 3098 3102 3102 3097 3092 3089 3079 3103 3095 3110 3101 3091 3097 3101 3115 3100 3099 3096 3096 3098 3095 3107 3102 3090 3089 3095 3096 3082 3084 3066 3054 3037 3025 3013 3018 2998 3004 3009 3014 3017 3009 3013 3012 3004 3022 3040
3003 3006 3004 3010 3020 3002 3006 3012 3017 3022 3057 3064 3073 3078 3089 3081 3105 3090 3094 3097 3095 3081 3084 3093 3101 3102 3092 3106 3101 3095 3104 3104 3102 3095 3095 3110 3107 3112 3102 3103 3086 3093 3093 3101 3091 3091 3081 3078 3049 3022 3009 3004 3012 3002 2998 3001 3015 3014 3011 3009 3019 3014 3031 3055
2993 2995 2986 3005 3009 3007 3001 3004 3012 3027 3048 3063 3072 3090 3073 3088 3090 3082 3095 3075 3097 3090 3101 3097 3096 3090 3095 3095 3101 3110 3102 3109 3100 3096 3107 3098 3119 3104 3109 3093 3101 3108 3092 3098 3087 3084 3080 3070 3041 3030 3014 3005 2999 3004 2992 3004 3014 3023 3016 3019 3019 3021 3034 3028
3006 2997 2998 3002 3009 3009 2998 2993 3006 3025 3042 3051 3071 3062 3081 3091 3078 3086 3073 3081 3106 3092 3086 3090 3099 3092 3101 3079 3098 3098 3103 3101 3101 3101 3097 3092 3100 3094 3099 3095 3087 3102 3098 3094 3087 3078 3083 3080 3050 3029 3013 3003 3015 2996 3007 3004 3016 3034 3009 3010 3006 3012 3015 3022
3015 2998 3002 3008 3008 3001 3006 2999 3011 3016 3034 3043 3063 3058 3083 3066 3086 3097 3080 3079 3082 3089 3099 3092 3084 3095 3102 3083 3101 3108 3092 3098 3101 3097 3092 3094 3087 3103 3103 3095 3091 3095 3095 3098 3082 3080 3082 3073 3054 3028 3015 3003 3000 2992 3001 3006 3011 3015 3021 3007 3007 3010 3019 3029
3006 3029 3021 3016 3022 3018 3011 3011 3011 3023 3029 3051 3061 3067 3080 3080 3096 3093 3080 3092 3084 3097 3102 3102 3095 3088 3088 3096 3099 3099 3099 3088 3092 3085 3093 3097 3092 3100 3105 3095 3093 3084 3094 3094 3095 3080 3069 3070 3048 3030 3009 2996 3005 2998 3009 3008 3013 3026 3014 3005 3013 3018 3010 3017
3025 3012 3026 3022 3023 3019 3036 3027 3018 3031 3035 3051 3064 3075 3083 3089 3096 3105 3082 3079 3080 3075 3072 3093 3108 3095 3106 3105 3088 3087 3110 3116 3106 3099 3099 3083 3107 3104 3090 3087 3082 3097 3089 3086 3090 3092 3075 3065 3061 3027 3011 2992 2995 2999 3009 3022 3011 3040 3012 3002 3006 3013 3018 3020
3008 3021 3026 3022 3029 3030 3017 3031 3019 3028 3027 3044 3051 3063 3084 3081 3085 3083 3093 3089 3082 3092 3088 3094 3103 3091 3111 3097 3098 3100 3113 3096 3093 3090 3098 3098 3101 3105 3097 3089 3085 3090 3094 3079 3075 3082 3064 3066 3047 3030 3016 3006 3020 3009 3007 2999 3023 3028 3010 3007 3015 3011 3016 3012
3001 3010 2999 3011 3013 3014 3024 3013 3005 3000 3007 3028 3049 3068 3079 3071 3083 3079 3081 3072 3086 3093 3084 3092 3093 3093 3086 3101 3091 3095 3099 3105 3104 3096 3089 3094 3102 3091 3091 3096 3100 3108 3099 3095 3086 3072 3072 3072 3040 3033 3012 3005 3012 3010 3001 3015 3011 3028 3015 3022 3023 3024 3028 3019
3002 3007 2992 3000 3002 3012 3015 3015 3007 3004 3008 3015 3040 3057 3083 3089 3072 3084 3068 3086 3083 3088 3097 3082 3075 3085 3083 3092 3082 3091 3087 3106 3087 3108 3090 3087 3094 3091 3104 3105 3105 3102 3103 3085 3092 3072 3083 3073 3039 3019 3016 3006 3002 3016 3007 3004 2999 3015 3021 3013 3023 3018 3013 3018
3003 3000 3008 3010 3001 3003 3010 2996 3000 2994 3003 3035 3029 3046 3068 3099 3073 3078 3091 3069 3076 3078 3081 3085 3092 3106 3097 3099 3095 3100 3092 3084 3092 3087 3098 3085 3092 3100 3104 3092 3095 3089 3101 3088 3086 3080 3078 3059 3034 3018 3007 3002 3006 2998 3002 3010 3009 3027 3011 2999 3002 3012 3014 3017
3007 3000 2996 3014 3002 3011 3019 3012 2990 3008 3010 3019 3020 3032 3061 3071 3068 3073 3074 3085 3082 3089 3091 3093 3096 3090 3087 3094 3103 3087 3091 3095 3101 3090 3099 3098 3081 3092 3106 3100 3090 3087 3082 3093 3085 3071 3072 3054 3032 3016 3004 3007 3013 2998 3002 3004 3008 3010 2995 2987 3008 3014 3006 3019
3005 2996 2998 3019 3006 3010 2995 3021 3012 3002 3007 3016 3010 3024 3056 3070 3067 3069 3080 3072 3066 3083 3084 3089 3086 3090 3094 3093 3085 3089 3092 3109 3083 3086 3094 3099 3093 3093 3101 3102 3084 3096 3076 3086 3074 3075 3057 3040 3020 3006 3010 3005 3008 3012 3001 2998 2998 2998 3002 2992 2999 3005 2996 3018
3003 3008 3017 3010 3009 3006 2995 3016 3038 3008 3015 3005 3008 3026 3040 3063 3079 3077 3093 3075 3080 3081 3085 3103 3098 3089 3095 3103 3087 3085 3092 3106 3091 3107 3093 3102 3083 3100 3112 3106 3082 3094 3084 3088 3093 3076 3052 3039 3018 3008 3008 3020 3016 3001 2995 2997 3006 3006 3001 3004 2997 2993 2989 3007
3000 3003 3011 3000 3000 3004 3007 3009 3013 3023 2991 3010 2999 3022 3038 3055 3071 3087 3075 3082 3081 3092 3093 3096 3085 3081 3104 3094 3076 3091 3101 3093 3097 3106 3075 3092 3085 3096 3088 3092 3089 3098 3091 3085 3083 3075 3040 3030 3020 3004 3036 3019 3000 3013 3007 3016 3009 3013 3000 3010 2996 3010 3007 3005
3003 3003 3008 3005 2992 2994 2996 3003 3008 3009 3008 3008 3007 3015 3024 3041 3071 3083 3076 3074 3082 3098 3095 3105 3091 3090 3104 3095 3090 3090 3085 3097 3090 3088 3098 3094 3095 3095 3100 3109 3101 3095 3095 3084 3081 3071 3040 3023 3007 3004 3005 3013 3010 3009 3007 3016 3010 3012 3009 2996 2999 3015 3002 3007
3001 2999 3001 3000 3002 2992 2995 2997 3005 2988 2997 3014 3007 3007 3014 3036 3051 3075 3073 3085 3073 3081 3084 3103 3088 3098 3100 3097 3101 3090 3088 3088 3092 3090 3102 3114 3093 3089 3116 3091 3106 3085 3080 3080 3080 3058 3043 3008 3010 2994 3018 3012 3008 3004 3020 3009 3006 3016 3012 3013 3009 3007 3017 3005
2992 2998 2995 3003 2986 2985 2996 2997 3002 2997 3002 3008 3011 2995 3010 3029 3049 3050 3063 3064 3092 3075 3082 3090 3102 3091 3099 3100 3085 3079 3092 3101 3090 3088 3096 3108 3103 3102 3108 3111 3088 3082 3080 3069 3059 3044 3036 3026 3010 3001 3020 3006 3014 3010 2997 3002 3011 3004 3009 3025 3016 3020 2992 3002
2993 2996 2990 2996 2996 2999 3002 3012 3008 3002 2992 3002 2986 3005 2997 3021 3027 3048 3065 3072 3064 3086 3086 3085 3098 3095 3117 3106 3095 3095 3100 3104 3091 3100 3100 3094 3095 3099 3092 3101 3094 3097 3082 3075 3056 3042 3022 3014 3028 2993 2991 3020 3020 3013 3019 3002 3005 3002 3015 3009 2999 2998 3007 2982
2987 2998 2990 2993 2987 2999 3012 3014 2999 3003 2994 3001 3002 3007 3006 3005 3027 3046 3069 3064 3083 3087 3083 3101 3086 3085 3104 3102 3105 3103 3087 3102 3091 3104 3097 3093 3092 3100 3093 3080 3094 3093 3102 3062 3039 3011 3018 3019 3006 3008 3009 3001 3009 3007 3007 2991 3006 2992 3006 3011 3008 3006 3004 3007
2993 2995 2980 2976 3001 3000 3011 3008 3001 2998 2996 2992 2992 3003 3014 3006 3022 3039 3057 3066 3083 3086 3088 3088 3093 3092 3095 3100 3102 3092 3097 3091 3079 3094 3100 3091 3096 3093 3106 3096 3088 3090 3089 3070 3039 3023 3004 3015 3013 3007 2994 3006 2996 3006 2998 3015 3000 3003 3012 3007 3012 3017 3004 3009
3011 3003 2995 2997 2988 2990 2989 2997 2994 2999 3002 2995 2992 3007 3007 3013 3005 3020 3065 3066 3078 3098 3087 3087 3095 3096 3096 3109 3106 3104 3094 3089 3089 3088 3092 3111 3096 3100 3090 3092 3091 3067 3070 3054 3041 3020 3021 3004 3016 3000 2989 3003 3001 2999 2996 2991 3009 3007 2998 3007 3009 3005 3003 3018
2999 2996 2984 2989 2996 2991 3001 3013 2990 3001 2995 2993 2990 2993 3003 3017 3001 3027 3060 3063 3082 3092 3108 3094 3095 3107 3089 3100 3087 3101 3098 3104 3080 3091 3086 3086 3098 3099 3102 3099 3091 3087 3087 3057 3042 3028 3016 3005 3004 3003 3006 3010 2998 3004 2989 3007 3000 3026 3020 3007 3004 3018 2996 3000
2999 2996 2989 2999 3014 3005 3013 2988 2994 3000 3007 2990 2999 3009 3011 3011 3009 3031 3056 3079 3085 3087 3091 3099 3087 3088 3104 3084 3100 3106 3112 3104 3095 3096 3090 3068 3106 3098 3086 3078 3090 3083 3071 3050 3033 3027 3005 3005 3009 3005 3015 3014 3004 2998 2996 2993 3010 3025 3012 3004 3006 3012 3008 3001
3013 2991 2978 2989 2997 3003 3008 3001 3000 3003 3004 3008 3002 3003 3007 3017 3002 3046 3039 3064 3081 3094 3105 3098 3084 3083 3094 3097 3093 3110 3092 3095 3084 3090 3079 3083 3110 3108 3101 3090 3081 3087 3065 3057 3027 3022 3014 3015 3018 2993 3005 3009 3005 3001 2997 3003 3013 3025 3019 3011 3015 3018 3013 3010
3016 2998 2987 2993 2997 3012 2999 3002 2990 2996 2996 3010 3007 3014 3007 3010 3001 3023 3044 3065 3087 3093 3092 3094 3090 3091 3093 3081 3092 3103 3084 3090 3088 3085 3083 3096 3111 3095 3089 3088 3083 3068 3063 3041 3025 3003 3007 3016 3011 3015 3002 3008 2997 3008 3019 3001 3005 3023 3017 3014 3016 3017 3008 3010
3003 3003 2995 3005 3002 3010 2992 2987 2979 2995 2979 2997 3004 3011 3001 3006 3006 3009 3047 3057 3097 3086 3079 3091 3082 3085 3076 3088 3094 3081 3097 3088 3099 3091 3096 3098 3084 3092 3091 3090 3087 3078 3064 3044 3024 3020 3013 3007 3000 3012 3018 3014 3016 3008 3016 3013 3000 3012 3021 3024 3025 3027 3014 3017
3014 2994 2981 2994 3011 3000 2993 2984 2981 2973 2986 2990 2995 3013 3000 3004 3013 3014 3058 3065 3091 3095 3101 3093 3081 3086 3090 3088 3083 3088 3093 3081 3100 3100 3089 3089 3093 3088 3093 3082 3096 3092 3071 3055 3037 3010 3016 3012 3014 3006 3018 3027 3010 3009 3019 3000 3012 3001 3008 3027 3024 3029 3031 3013
3003 2998 2997 3008 3014 3000 3001 2999 2990 2997 2991 3017 3006 3017 3013 3019 3016 3036 3058 3087 3091 3092 3099 3078 3092 3102 3085 3102 3090 3108 3087 3107 3114 3100 3088 3093 3089 3098 3095 3097 3093 3087 3077 3060 3024 3023 3033 3022 3022 3007 3018 3006 3003 3018 3012 3000 3012 3027 3021 3026 3048 3026 3050 3018
3009 3002 2992 3003 3008 3005 3013 3000 3017 3013 3007 3005 3003 3013 3012 3028 3036 3044 3063 3085 3101 3105 3095 3093 3098 3101 3103 3096 3104 3092 3094 3094 3096 3107 3117 3097 3114 3104 3099 3110 3085 3093 3086 3065 3042 3031 3021 3030 3025 3007 3011 3010 3017 3002 3014 3014 3009 3018 3028 3037 3032 3031 3025 3024
3003 3006 3015 2994 3004 3005 3012 3011 3004 3007 3023 3021 3032 3031 3046 3029 3043 3052 3081 3079 3097 3098 3086 3078 3110 3107 3103 3107 3100 3100 3089 3102 3115 3096 3114 3107 3092 3093 3104 3098 3106 3088 3091 3079 3066 3046 3050 3043 3030 3019 3021 3009 3014 3010 3018 3018 3022 3025 3018 3031 3038 3041 3029 3034
3003 3005 3008 3011 3007 3000 2995 2997 3011 3028 3023 3038 3028 3030 3044 3046 3058 3067 3080 3090 3099 3093 3089 3099 3100 3102 3103 3105 3094 3099 3112 3107 3094 3110 3100 3107 3102 3106 3103 3101 3099 3099 3090 3093 3064 3053 3054 3033 3036 3035 3021 3016 3023 3024 3031 3026 3036 3028 3026 3029 3036 3037 3053 3020
3002 3007 3014 3019 3011 3007 3010 3024 3027 3037 3047 3054 3043 3064 3056 3065 3080 3078 3103 3085 3095 3104 3095 3105 3099 3100 3100 3091 3100 3093 3091 3100 3102 3099 3103 3108 3103 3101 3101 3094 3108 3090 3101 3091 3065 3064 3068 3059 3051 3034 3038 3029 3035 3040 3039 3025 3037 3026 3035 3031 3045 3053 3044 3036
2999 3008 3015 3002 3032 3018 3014 3016 3032 3044 3051 3058 3051 3048 3066 3078 3086 3085 3089 3100 3096 3109 3103 3110 3103 3098 3080 3096 3089 3099 3105 3098 3108 3102 3103 3092 3094 3094 3102 3098 3090 3087 3081 3093 3089 3085 3060 3062 3064 3063 3052 3053 3055 3054 3037 3039 3033 3033 3031 3029 3044 3043 3040 3041
3013 3017 3025 3028 3031 3050 3034 3041 3042 3067 3063 3058 3053 3057 3071 3085 3096 3087 3107 3110 3104 3106 3102 3108 3099 3101 3097 3088 3094 3095 3104 3103 3092 3111 3095 3109 3102 3097 3098 3104 3096 3089 3091 3093 3087 3081 3081 3092 3067 3069 3065 3048 3056 3050 3049 3051 3061 3052 3058 3040 3045 3057 3052 3051
3023 3027 3046 3034 3032 3039 3048 3051 3073 3080 3053 3070 3079 3069 3082 3083 3095 3101 3103 3095 3085 3094 3091 3094 3114 3103 3098 3098 3099 3091 3087 3087 3094 3100 3091 3101 3101 3092 3103 3099 3092 3094 3093 3097 3101 3088 3069 3072 3063 3078 3067 3060 3061 3060 3061 3076 3069 3067 3063 3053 3063 3050 3043 3045
