3083 3089 3076 3087 3075 3083 3073 3069 3075 3063 3063 3061 3078 3071 3051 3049 3043 3048 3030 3050 3051 3044 3052 3052 3036 3043 3053 3045 3049 3044 3052 3037 3046 3043 3021 3040 3048 3037 3023 3038 3042 3028 3016 3020 3021 3040 3019 3031 3027 3030 3042 3031 3050 3044 3023 3020 3018 3014 3021 3023 3007 3016 3023 3014
3077 3073 3074 3074 3071 3067 3075 3090 3058 3066 3068 3060 3066 3061 3063 3056 3065 3051 3053 3037 3046 3049 3046 3038 3029 3040 3035 3041 3036 3028 3049 3036 3052 3028 3033 3030 3028 3043 3022 3025 3037 3044 3004 3019 3015 3026 3023 3020 3026 3041 3036 3025 3029 3032 3037 3023 3018 3017 3033 3017 3038 3026 3028 3031
3062 3062 3061 3056 3049 3061 3062 3065 3065 3078 3063 3065 3051 3049 3068 3066 3069 3051 3052 3060 3060 3038 3031 3028 3026 3032 3039 3032 3019 3032 3028 3048 3029 3039 3033 3024 3016 3020 3024 3015 3030 3016 3028 3016 3019 3014 3020 3030 3035 3029 3018 3011 3024 3034 3022 3019 3016 3013 3013 3018 3033 3040 3008 3014
3057 3062 3076 3048 3046 3048 3051 3046 3064 3058 3066 3045 3046 3050 3051 3055 3061 3058 3042 3049 3045 3046 3040 3040 3044 3035 3029 3043 3024 3008 3024 3031 3029 3048 3027 3023 3012 3006 3025 3019 3023 3026 3016 3020 3018 3026 3025 3027 3022 3032 3035 3026 3020 3011 3006 3020 3023 3017 3024 3027 3019 3030 3024 3014
3062 3041 3065 3077 3045 3057 3058 3054 3051 3056 3053 3043 3042 3048 3040 3046 3043 3045 3048 3041 3043 3052 3035 3042 3030 3023 3034 3039 3026 3030 3015 3024 3036 3036 3022 3024 3015 3023 3027 3026 3025 3031 3027 3038 3020 3007 3023 3023 3013 3040 3032 3009 3004 3005 3019 3023 3032 3035 3024 3022 3027 3018 3018 3009
3056 3066 3065 3055 3043 3036 3054 3057 3058 3045 3039 3045 3036 3037 3041 3036 3045 3040 3047 3051 3035 3039 3034 3024 3025 3042 3023 3024 3030 3027 3017 3030 3031 3039 3034 3022 3021 3016 3016 3021 3020 3026 3035 3024 3019 3020 3023 3022 3034 3025 3029 3030 3019 3002 3020 3017 3023 3018 3038 3026 3023 3021 3025 3018
3072 3065 3053 3041 3030 3047 3047 3053 3044 3049 3041 3037 3033 3042 3053 3045 3038 3050 3051 3038 3042 3037 3032 3035 3045 3032 3029 3025 3016 3018 3042 3019 3028 3029 3029 3023 3030 3032 3025 3020 3017 3024 3017 3037 3018 3023 3017 3015 3018 3027 3043 3047 3025 3008 3014 3015 3022 3026 3026 3049 3020 3026 3017 3025
3015 3029 3018 3018 3011 3044 3030 3037 3026 3035 3014 3031 3016 3024 3023 3027 3028 3017 3017 3023 3021 3030 3029 3021 3032 3025 3022 3021 3015 3023 3024 3037 3031 3035 3026 3033 3031 3027 3026 3034 3020 3027 3022 3028 3012 3015 3027 3019 3018 3016 3030 3031 3022 3019 3024 3009 3022 3020 3032 3033 3012 3002 3022 3018
2988 2986 2999 2982 2988 3005 3015 3000 3007 3007 2993 2994 2998 3009 3015 3029 3005 2998 3003 3009 2998 3013 3013 3002 3012 3002 3004 3021 3023 3025 3028 3026 3037 3038 3029 3023 3035 3035 3047 3049 3040 3033 3038 3031 3032 3023 3020 3013 3012 3024 3027 3014 3012 3007 3016 3003 3012 3014 3018 3011 3005 3007 3029 3028
2973 2975 2990 2990 2998 2991 2992 3006 3010 2994 2992 2998 2994 2989 3004 3004 3007 2993 2996 2996 3000 3009 3006 3014 3016 3015 3017 3030 3022 3028 3032 3036 3054 3038 3024 3026 3042 3042 3042 3053 3033 3028 3039 3022 3034 3030 3026 3029 3021 3021 3023 3033 3036 3026 3011 3004 3020 3017 3019 3016 3017 2990 3021 3032
2974 2984 2978 3004 3007 2991 2973 2992 3001 3019 3001 3008 2991 2990 2996 3009 3003 3000 3000 3011 3013 3023 3016 3037 3030 3015 3020 3028 3024 3032 3042 3041 3043 3036 3029 3031 3037 3037 3034 3044 3028 3023 3032 3025 3033 3041 3047 3044 3024 3032 3038 3021 3029 3033 3032 3002 3027 3016 3007 3013 3015 2999 3030 3026
2976 2981 2996 2986 2984 2992 2993 3002 3013 3007 3022 3016 3010 3005 3010 3005 3016 3011 3010 3015 3010 3025 3018 3020 3030 3023 3029 3038 3044 3047 3047 3047 3046 3044 3053 3049 3032 3043 3052 3033 3028 3045 3035 3039 3020 3034 3025 3032 3024 3029 3017 3020 3031 3040 3028 3024 3015 3034 3016 3002 2998 3009 3023 3030
2992 2990 3003 2997 2990 3006 3013 3002 2991 3007 3013 3019 3025 3033 3030 3012 3014 3014 3015 3010 3018 3019 3016 3027 3022 3008 3021 3044 3043 3049 3063 3040 3036 3044 3047 3047 3057 3043 3042 3048 3044 3045 3022 3038 3034 3031 3028 3031 3034 3032 3017 3029 3025 3015 2995 3021 3015 3011 3009 3008 3008 3007 3025 3027
2991 2991 3003 2990 3001 3001 3010 2995 2993 3010 3018 3005 3012 3019 3005 3014 3025 3015 3022 3015 3015 3038 3019 3033 3028 3019 3030 3037 3039 3059 3051 3062 3057 3045 3045 3062 3064 3063 3065 3066 3056 3045 3058 3049 3033 3037 3026 3022 3022 3025 3015 3027 3020 3003 3009 3007 3007 3020 3028 3007 3008 3009 3017 3028
2994 2977 2985 2995 3002 2987 3007 2999 2990 3006 3012 3012 2987 2994 3001 3008 3031 3016 3034 3018 3022 3034 3042 3032 3031 3020 3027 3026 3037 3047 3064 3063 3060 3066 3054 3054 3068 3068 3067 3060 3084 3063 3057 3047 3035 3046 3021 3033 3022 3014 3013 3023 3009 3009 3005 3012 3013 3012 3018 3010 3007 3003 3005 3016
3014 3012 3001 3012 3004 2995 2994 3010 3013 3014 3004 3005 3004 3001 2997 3016 3017 3018 3014 3025 3019 3028 3046 3038 3038 3026 3037 3037 3059 3056 3062 3079 3070 3070 3085 3084 3075 3078 3085 3083 3081 3076 3052 3068 3052 3047 3031 3018 3031 3012 3016 3019 3015 3006 3004 3005 3008 3005 3022 3009 3010 3007 3009 3028
3018 3019 3035 3004 3000 3016 3013 3002 3028 3014 3003 2997 3011 3006 2999 3016 3004 3019 3011 3012 3039 3037 3030 3034 3046 3030 3041 3039 3050 3069 3074 3084 3094 3088 3084 3088 3088 3087 3099 3091 3081 3086 3082 3074 3062 3031 3036 3026 3045 3021 3033 3008 3013 3017 3009 3007 3000 3025 3018 3018 2999 3019 3032 3036
3022 3018 3022 3020 3012 3004 3007 3017 3026 3011 3003 3015 3010 3022 3018 3025 3022 3014 3022 3014 3029 3045 3028 3042 3026 3035 3030 3044 3055 3077 3086 3096 3091 3094 3082 3088 3095 3089 3096 3095 3082 3085 3085 3083 3069 3048 3047 3036 3038 3020 3007 3027 3010 3014 3024 3001 3013 3026 3021 3007 3019 3017 3032 3017
3006 3019 3004 3018 3021 3010 3002 3003 3011 3026 3012 3020 3022 3000 3015 3011 3021 3016 3022 3031 3046 3033 3036 3026 3043 3037 3031 3057 3061 3075 3084 3091 3095 3093 3094 3087 3084 3088 3100 3102 3088 3103 3093 3090 3084 3062 3051 3055 3011 3027 3018 3022 3023 3013 3008 3024 3010 3009 3012 3017 3013 3018 3021 3020
3005 3002 3020 3015 3036 3011 3003 3014 3015 3012 3016 3022 3016 3015 3019 3019 3014 3011 3019 3022 3037 3034 3039 3030 3039 3034 3052 3049 3073 3085 3087 3104 3090 3081 3095 3099 3083 3092 3103 3099 3101 3100 3122 3091 3082 3080 3055 3048 3040 3033 3007 3021 3020 3016 3009 3001 3014 3024 3017 3015 3019 3028 3012 3026
3010 3010 3017 3024 3013 3005 3017 3002 3009 3015 3023 3016 3007 3019 3032 3017 3008 3005 3026 3023 3047 3057 3037 3041 3051 3049 3059 3071 3076 3082 3087 3087 3082 3099 3117 3094 3087 3085 3102 3108 3089 3098 3097 3094 3090 3081 3074 3058 3042 3045 3016 3009 3010 3028 3013 3012 3009 3015 3018 3018 3018 3016 3021 3022
2997 3015 3006 3015 3014 2995 3005 3007 3025 3020 3004 3023 3011 3001 3007 3009 3013 3005 3029 3025 3034 3045 3045 3041 3050 3060 3052 3072 3088 3075 3073 3097 3078 3100 3104 3096 3101 3094 3099 3106 3101 3089 3094 3091 3089 3084 3072 3061 3045 3027 3026 3015 3020 3023 3012 3011 3022 3022 3035 3022 3038 3007 3017 3023
3013 3020 3016 3024 3026 3015 3009 3012 3021 3009 2995 3011 3008 3025 2986 3006 3006 3013 3024 3022 3044 3047 3031 3046 3067 3065 3081 3081 3068 3074 3091 3093 3089 3083 3094 3098 3078 3093 3100 3099 3085 3088 3070 3073 3090 3077 3071 3062 3043 3027 3035 3035 3017 3020 3014 3026 3017 3024 3022 3024 3023 3039 3030 3014
3022 3027 3016 3024 3007 3018 3006 3001 3011 3020 3006 3005 3022 3019 3010 3010 3005 3013 3015 3023 3029 3054 3051 3057 3074 3071 3083 3075 3078 3085 3097 3092 3082 3073 3101 3115 3109 3095 3084 3096 3087 3078 3083 3074 3078 3081 3082 3058 3038 3044 3043 3024 3025 2998 3029 3026 3024 3024 3031 3051 3022 3020 3024 3001
3029 3021 3031 3025 3024 3025 3021 3020 3014 3016 2992 3004 3015 3015 3016 3009 3020 3006 3014 3024 3041 3044 3060 3053 3074 3090 3075 3066 3082 3084 3093 3080 3087 3085 3102 3098 3108 3088 3092 3092 3094 3081 3070 3090 3081 3076 3075 3079 3051 3024 3029 3029 3014 3013 3020 3007 3022 3016 3024 3031 3022 3012 3010 3011
3032 3016 3026 3031 3018 3023 3028 3018 3009 3009 3014 3007 3009 3005 3005 3022 3015 3017 3013 3021 3035 3046 3054 3068 3078 3097 3077 3094 3080 3092 3093 3077 3097 3084 3096 3100 3109 3096 3085 3088 3086 3076 3087 3089 3075 3078 3080 3073 3058 3028 3018 3013 3017 3025 3013 3022 3024 3020 3022 3022 3026 3005 3013 3008
3011 3019 3021 3019 3035 3022 3013 3015 3015 3013 2997 3018 3027 3032 3011 3009 3013 3009 3011 3018 3022 3042 3059 3081 3082 3089 3076 3088 3081 3095 3068 3080 3094 3088 3090 3090 3088 3093 3105 3084 3098 3099 3097 3093 3083 3086 3078 3057 3048 3038 3020 3019 3026 3017 3007 3020 3004 3034 3022 3005 3022 3025 3015 3015
3010 3009 3029 3008 3030 3021 3010 2999 3015 3007 3024 3022 3025 3016 3008 3008 3028 2998 3004 3024 3029 3031 3064 3077 3093 3087 3087 3085 3091 3100 3091 3098 3113 3099 3096 3095 3094 3092 3098 3091 3081 3079 3084 3088 3097 3089 3066 3055 3040 3024 3016 3008 3004 3029 3023 3018 3022 3025 3023 3018 3015 3019 3023 3027
3011 3020 3011 3020 3012 3036 3007 3010 3017 3016 3017 3013 3025 3014 3011 3021 3024 3008 3004 3021 3024 3053 3072 3094 3092 3090 3092 3094 3082 3086 3091 3102 3092 3089 3108 3099 3093 3099 3079 3098 3097 3092 3091 3087 3087 3101 3066 3049 3029 3015 3018 3013 3016 3018 3012 3017 3007 3023 3028 3018 3012 3024 3005 3024
3020 3010 3008 3025 3016 3012 3015 3019 3016 3019 3023 3004 3003 3006 3012 3018 3032 3024 3017 3009 3025 3053 3074 3076 3093 3086 3087 3093 3086 3084 3079 3094 3099 3092 3101 3096 3092 3084 3099 3104 3094 3083 3089 3084 3084 3080 3067 3056 3033 3020 3015 3025 3023 3011 3004 3018 3016 3009 3024 3018 3026 3013 3018 3025
3018 3016 3006 3019 3018 3021 3016 3019 3018 3020 3009 3004 2997 3017 3031 3029 3015 2999 3014 3012 3024 3044 3071 3079 3082 3081 3094 3090 3077 3083 3077 3091 3084 3098 3093 3097 3101 3101 3092 3082 3099 3106 3082 3080 3090 3074 3058 3062 3026 3023 3016 3027 3020 3008 3022 3013 3012 2999 3021 3007 3019 3018 3029 3022
3024 3019 3013 3012 3023 3023 3023 3008 3005 3009 3005 3016 3010 3012 3003 3015 3029 3022 3020 3025 3001 3053 3069 3083 3095 3088 3081 3085 3080 3082 3090 3087 3077 3097 3099 3104 3106 3092 3092 3100 3089 3102 3081 3093 3069 3069 3049 3051 3026 3023 3023 3034 3022 3028 3014 3002 3000 3004 3014 3010 3013 3024 3024 3024
3024 3011 3013 3018 3016 3011 3014 3009 3003 3014 3005 3013 3013 3006 3002 3010 3023 3021 3018 3010 3027 3047 3068 3070 3074 3086 3089 3076 3092 3092 3091 3084 3081 3095 3090 3097 3091 3094 3103 3088 3105 3095 3089 3090 3088 3072 3071 3046 3030 3035 3012 3007 3028 3024 3014 3011 3019 3005 3025 3012 3028 3017 3019 3032
3027 3009 3022 3007 3010 3010 3020 3010 3010 3008 3010 3013 3022 3020 2999 3011 3003 3023 3019 3012 3021 3024 3046 3072 3045 3081 3073 3082 3094 3093 3094 3080 3094 3096 3094 3104 3092 3087 3089 3096 3094 3106 3097 3081 3088 3093 3065 3046 3035 3028 3030 3021 3023 3026 3014 3034 3020 3018 3026 3023 3020 3015 3020 3016
3003 3005 3010 3010 3005 3005 3011 3018 3021 3010 3017 3022 3018 3030 3028 3024 3019 3021 3024 3011 3025 3030 3038 3051 3066 3086 3070 3090 3087 3094 3079 3089 3098 3104 3093 3098 3094 3092 3095 3108 3102 3105 3092 3102 3085 3090 3065 3055 3044 3033 3044 3031 3032 3036 3024 3030 3018 3017 3023 3023 3018 3010 3025 3032
3006 3007 2999 3006 2998 3011 3008 3011 3022 3005 3005 3006 3008 3021 3027 3018 3018 3022 3029 3026 3024 3007 3016 3047 3053 3076 3075 3075 3094 3094 3080 3097 3092 3098 3106 3095 3089 3112 3095 3112 3102 3099 3102 3080 3094 3077 3081 3052 3037 3045 3031 3020 3031 3038 3038 3033 3023 3027 3020 3013 3007 3027 3035 3035
3015 3009 2999 3004 3005 3011 3009 3022 3015 3003 3022 3011 3017 3012 3021 3022 3019 3012 3009 3020 3026 3015 3025 3030 3049 3065 3057 3090 3084 3092 3093 3089 3089 3100 3091 3098 3107 3098 3094 3110 3098 3095 3096 3079 3073 3067 3057 3039 3041 3029 3030 3034 3029 3033 3034 3027 3021 3030 3016 3021 3017 3034 3024 3020
3005 3000 2998 2997 3004 3013 3011 3012 3008 3004 3017 3009 3018 3008 3021 3019 3023 3014 3016 3006 3017 3003 3022 3033 3030 3053 3058 3072 3064 3080 3087 3089 3108 3106 3089 3096 3104 3097 3097 3098 3097 3082 3086 3100 3079 3060 3059 3044 3036 3038 3034 3027 3044 3035 3031 3033 3020 3037 3024 3020 3023 3012 3023 3007
3012 3008 2998 2996 3020 3008 3014 3006 3000 3002 3008 3020 3028 3013 3019 3017 3020 3001 3011 3023 3029 3026 3024 3016 3027 3046 3069 3071 3063 3083 3092 3084 3087 3105 3097 3105 3092 3108 3094 3101 3091 3087 3082 3088 3073 3077 3056 3049 3037 3038 3041 3043 3058 3046 3040 3030 3027 3013 3022 3027 3020 3030 3013 3009
3018 3010 3000 3016 3011 3015 3011 3000 3003 3007 3013 3017 3018 3035 3015 3019 3014 3005 3013 3008 3015 3018 3029 3008 3015 3025 3055 3072 3074 3075 3091 3084 3090 3089 3099 3101 3100 3108 3102 3105 3102 3093 3098 3077 3067 3058 3050 3039 3043 3058 3063 3053 3039 3036 3026 3038 3028 3016 3022 3017 3024 3028 3014 3000
3003 3009 3010 3010 3001 3011 3021 3001 3000 2999 2998 3007 3023 3026 3012 3014 3014 3018 3022 3020 3007 3003 3008 3015 3007 3025 3033 3066 3079 3081 3092 3086 3091 3098 3100 3103 3093 3098 3095 3105 3087 3091 3085 3096 3063 3053 3059 3035 3048 3056 3058 3047 3042 3029 3038 3037 3026 3007 2996 3017 3010 3018 3016 3021
3009 3009 3010 3015 2999 3005 3002 3004 3002 3006 2993 3019 3023 3017 3018 3017 3006 3028 3016 3008 3009 3006 3007 3013 3017 3015 3030 3052 3071 3068 3086 3090 3099 3101 3100 3099 3083 3088 3090 3090 3098 3096 3091 3080 3056 3053 3053 3035 3048 3046 3046 3034 3038 3032 3029 3030 3017 3012 3010 3019 3011 3014 3011 3014
2995 2995 3016 3007 3004 3001 2996 3015 3003 3002 3000 3001 3000 3009 3011 3019 3006 3005 3007 3006 3004 3008 3002 3005 3016 3033 3032 3051 3072 3083 3089 3086 3101 3094 3108 3095 3099 3090 3098 3086 3087 3080 3083 3074 3052 3035 3043 3029 3032 3032 3033 3032 3017 3008 3019 3015 3022 3022 3022 3008 3016 3014 3017 3026
2995 3001 3020 3003 2999 3011 3010 3009 3005 3010 3004 3015 3018 2992 3012 3021 3012 3009 3008 3018 2993 3002 3004 3020 3004 3017 3039 3055 3092 3089 3080 3083 3096 3092 3096 3097 3087 3089 3094 3084 3089 3078 3069 3072 3054 3037 3024 3030 3020 3011 3033 3030 3023 3008 3015 3014 3026 3013 3012 3015 3016 3014 3004 3009
2996 3004 3000 3006 2987 3013 3004 3016 3004 3016 3005 3010 3021 3005 3013 3016 3005 3012 3002 2999 3001 3003 3002 3006 3024 3029 3037 3041 3091 3094 3100 3096 3080 3101 3101 3096 3081 3108 3085 3093 3093 3090 3072 3057 3057 3045 3030 3025 3018 3018 3021 3016 3011 2999 3000 3011 3012 3017 3011 3009 3027 3014 3021 3017
3007 3001 3004 2991 3014 3002 2997 3013 3002 3001 3002 3001 3021 3003 3003 3004 3007 3007 3011 3002 2998 2996 3007 3027 3019 3026 3036 3044 3072 3090 3086 3099 3099 3093 3093 3091 3109 3113 3098 3102 3085 3091 3085 3077 3047 3043 3026 3014 3028 3024 3021 3001 3000 3014 3009 2995 3005 3018 3020 3025 3024 3016 3017 3016
3011 3008 3010 3012 3002 3008 2999 3019 3007 3023 3004 3003 3017 3007 2996 3016 3017 3020 3019 3010 2991 3010 3004 3015 3003 3004 3035 3051 3075 3082 3094 3085 3093 3086 3096 3092 3096 3110 3102 3106 3093 3090 3085 3079 3068 3056 3044 3026 3019 3037 3032 3034 3034 3030 3024 3017 3015 3027 3030 3030 3021 3029 3025 3022
3014 3016 3024 3013 3009 2996 3011 3007 3003 3003 3006 2996 3014 3002 3007 3020 3022 3022 3028 3016 3006 3002 3013 3013 2998 3028 3019 3063 3067 3083 3078 3096 3097 3098 3102 3099 3101 3115 3102 3116 3115 3094 3100 3068 3079 3068 3050 3033 3040 3042 3041 3041 3039 3038 3028 3036 3026 3033 3039 3034 3032 3022 3033 3032
3012 3016 3012 3016 3005 3010 3013 3007 3003 3000 3015 3012 3007 3017 3019 3018 3014 3018 3028 3023 2998 3007 3006 3012 3031 3028 3064 3074 3079 3093 3093 3089 3084 3090 3097 3093 3101 3103 3098 3082 3091 3095 3080 3083 3087 3069 3058 3040 3067 3053 3050 3059 3056 3057 3047 3051 3040 3051 3056 3038 3043 3028 3048 3061
2997 3010 3008 3016 3013 3000 3000 3001 3003 3003 3005 3018 3029 3010 3020 3014 3006 3033 3012 3019 3020 3013 3032 3029 3039 3053 3085 3088 3098 3084 3092 3087 3101 3092 3098 3091 3084 3097 3084 3087 3084 3083 3082 3088 3084 3078 3073 3067 3072 3074 3080 3058 3060 3079 3065 3048 3066 3051 3058 3053 3047 3063 3067 3067
2994 3011 3012 3008 3000 3004 3016 3014 2997 3003 2998 3014 3010 3024 3020 3020 3021 3029 3023 3028 3028 3036 3023 3044 3055 3069 3082 3097 3110 3099 3086 3088 3095 3090 3090 3085 3083 3089 3084 3082 3088 3085 3088 3090 3084 3077 3055 3070 3071 3069 3067 3062 3071 3073 3075 3069 3058 3066 3049 3056 3060 3072 3071 3057
2992 2997 3007 2999 3005 3005 3006 3015 3012 3010 3021 3019 3028 3035 3026 3029 3037 3045 3039 3037 3043 3050 3047 3065 3063 3074 3093 3103 3091 3095 3099 3091 3087 3082 3085 3082 3081 3083 3076 3077 3088 3102 3088 3086 3085 3056 3059 3061 3057 3070 3072 3058 3076 3069 3080 3065 3070 3068 3061 3066 3068 3069 3057 3073
3004 2994 3000 3012 3009 3004 2999 3014 3004 3016 3023 3019 3044 3037 3039 3045 3046 3044 3048 3047 3046 3061 3062 3069 3070 3074 3078 3089 3076 3090 3100 3090 3074 3075 3098 3088 3087 3091 3099 3084 3089 3101 3095 3084 3066 3066 3067 3075 3070 3064 3065 3083 3074 3071 3078 3070 3062 3061 3077 3060 3060 3069 3068 3066
3005 3005 2987 3007 3019 3013 3000 3011 3010 3032 3040 3050 3063 3063 3066 3060 3058 3056 3070 3062 3069 3051 3061 3068 3068 3073 3066 3070 3063 3072 3072 3095 3077 3092 3084 3090 3094 3095 3089 3081 3082 3076 3090 3071 3072 3070 3079 3066 3068 3064 3075 3069 3064 3069 3078 3061 3066 3069 3053 3065 3059 3068 3062 3063
3009 3003 2990 2999 3017 3010 3003 3016 3028 3042 3037 3055 3066 3056 3054 3075 3045 3065 3071 3072 3083 3056 3076 3067 3069 3077 3079 3079 3054 3075 3070 3080 3076 3069 3078 3080 3067 3067 3081 3070 3076 3079 3074 3073 3060 3077 3061 3064 3060 3065 3071 3069 3063 3063 3053 3061 3062 3061 3068 3042 3055 3082 3072 3065
3008 3003 2994 3008 3009 2998 3018 3037 3034 3043 3042 3034 3054 3055 3066 3064 3077 3069 3088 3069 3065 3078 3081 3066 3070 3072 3079 3078 3066 3070 3082 3055 3060 3053 3064 3070 3067 3065 3068 3067 3074 3076 3074 3057 3069 3071 3070 3072 3081 3085 3054 3062 3067 3050 3054 3053 3065 3063 3065 3043 3058 3074 3062 3062
3004 3015 3014 3025 3019 3025 3019 3034 3042 3045 3058 3056 3064 3060 3063 3069 3059 3077 3059 3057 3067 3074 3073 3080 3083 3088 3079 3077 3077 3076 3071 3072 3084 3083 3064 3074 3069 3075 3063 3083 3076 3080 3067 3085 3069 3082 3072 3072 3079 3064 3067 3069 3066 3067 3059 3063 3058 3052 3061 3061 3067 3065 3067 3072
3007 3008 3023 3013 3051 3029 3028 3039 3051 3075 3057 3058 3074 3062 3048 3047 3076 3069 3070 3073 3078 3080 3077 3087 3064 3062 3068 3073 3077 3069 3059 3071 3073 3076 3084 3091 3085 3070 3079 3077 3079 3076 3073 3072 3080 3072 3069 3078 3071 3078 3059 3087 3072 3070 3078 3060 3075 3063 3061 3062 3073 3068 3088 3076
3014 3009 3009 3026 3037 3041 3048 3039 3049 3075 3080 3061 3077 3066 3064 3067 3066 3071 3068 3067 3074 3077 3073 3069 3080 3063 3060 3072 3075 3082 3059 3073 3075 3078 3071 3072 3082 3071 3083 3073 3066 3074 3079 3061 3077 3080 3079 3079 3074 3070 3070 3078 3065 3069 3066 3073 3065 3071 3068 3072 3061 3057 3067 3088
3020 3004 3027 3025 3036 3047 3043 3047 3053 3069 3079 3059 3073 3067 3069 3081 3071 3062 3066 3067 3067 3083 3069 3075 3080 3062 3073 3064 3062 3079 3094 3080 3082 3072 3071 3067 3064 3076 3073 3058 3062 3054 3065 3076 3078 3073 3084 3070 3074 3079 3074 3084 3062 3062 3068 3068 3068 3071 3065 3056 3051 3060 3068 3064
3016 3024 3015 3030 3043 3035 3053 3052 3057 3057 3064 3074 3069 3080 3061 3074 3064 3067 3056 3064 3061 3058 3071 3065 3084 3063 3071 3058 3077 3078 3069 3082 3075 3069 3078 3054 3065 3060 3073 3074 3058 3066 3072 3083 3087 3084 3078 3080 3077 3085 3077 3084 3089 3069 3057 3069 3063 3066 3080 3072 3065 3060 3065 3068
3023 3016 3014 3028 3043 3038 3056 3044 3068 3064 3072 3074 3070 3069 3068 3054 3071 3074 3068 3072 3062 3076 3054 3068 3071 3060 3052 3064 3072 3069 3073 3073 3080 3078 3070 3074 3058 3049 3058 3069 3072 3060 3077 3068 3090 3084 3075 3066 3070 3079 3077 3085 3076 3072 3070 3056 3066 3056 3079 3087 3081 3075 3077 3060
3031 3032 3009 3034 3038 3039 3059 3066 3068 3076 3051 3066 3059 3076 3065 3060 3052 3069 3067 3065 3076 3075 3073 3063 3055 3067 3068 3063 3068 3055 3066 3061 3078 3073 3066 3075 3053 3065 3058 3068 3068 3066 3061 3071 3086 3083 3080 3071 3084 3083 3079 3069 3080 3075 3070 3069 3071 3079 3085 3071 3071 3058 3075 3076
3031 3037 3015 3031 3054 3057 3056 3060 3062 3061 3058 3064 3052 3048 3055 3052 3053 3065 3062 3081 3077 3061 3068 3071 3073 3053 3080 3073 3053 3061 3065 3066 3058 3059 3064 3065 3057 3063 3076 3056 3069 3072 3059 3071 3078 3089 3085 3082 3095 3089 3076 3076 3077 3080 3079 3067 3083 3083 3067 3069 3056 3057 3070 3060
