3052 3061 3050 3038 3038 3062 3053 3033 3031 3037 3045 3041 3046 3044 3037 3033 3037 3012 3018 3013 3018 3019 3043 3033 3024 3023 3025 3020 3019 3018 3020 3019 3018 3034 3018 3007 3003 3000 3006 2997 2999 3001 3014 3010 3004 3009 2996 2994 3011 3006 3013 3029 3016 3008 3014 3023 3005 3007 2981 2984 2992 2999 3004 2991
3046 3041 3050 3045 3041 3042 3042 3053 3037 3032 3036 3041 3037 3050 3031 3032 3025 3020 3013 3006 3016 3021 3028 3033 3030 3020 3026 3025 3024 3032 3012 3007 3009 3017 3012 3015 2993 3025 2999 3019 3014 3011 3009 3013 3004 3004 2997 3008 3003 3001 3003 3016 3018 3012 3005 3009 3009 3008 2999 2994 2996 2992 3012 2991
3062 3038 3050 3048 3039 3035 3052 3056 3050 3042 3032 3036 3062 3025 3028 3022 3023 3021 3020 3017 3017 3009 3019 3026 3014 3025 3009 3019 3023 3036 2998 3015 3016 3023 3009 3006 2997 2998 3002 3004 3018 3011 3020 3016 3015 3006 3007 3002 3003 3006 3007 2993 3011 3013 3018 3001 3012 2999 2997 2995 3008 3019 2997 3004
3043 3048 3039 3047 3042 3035 3036 3056 3047 3044 3015 3024 3047 3030 3010 3031 3014 3021 3021 3020 3026 3023 3016 3024 3020 3023 3020 3022 3018 3024 3005 3020 3014 3011 3016 3010 3002 3006 3013 3011 3023 3008 3013 3006 3009 3017 2999 3005 2993 2997 2992 3004 3000 3014 3010 3003 3010 2993 3004 2993 3003 2995 3004 3014
3035 3043 3041 3040 3037 3046 3044 3049 3030 3030 3007 3027 3022 3026 3029 3035 3022 3029 3041 3027 3009 3025 3020 3027 3022 3029 3005 3014 3017 3009 3003 3009 3017 3033 3023 3016 3009 3013 3021 3004 3016 3001 3014 3007 2993 3014 3008 3005 3000 2992 3002 3011 3000 3014 3000 3004 3003 3004 2993 2997 2994 2995 3003 3013
3038 3043 3058 3048 3030 3046 3044 3046 3038 3031 3037 3023 3021 3033 3030 3014 3033 3035 3019 3027 3026 3024 3020 3015 3020 3034 3022 3006 3013 3012 3000 3028 3007 3011 3022 3023 3012 3010 3008 3020 3017 3023 3020 3005 3010 3009 3005 3017 3012 2998 3000 3007 3014 3018 2996 3008 2999 3016 2998 3012 2993 2986 2995 2996
3055 3043 3064 3033 3037 3057 3047 3045 3042 3041 3023 3031 3030 3033 3027 3028 3034 3026 3029 3018 3028 3031 3030 3022 3033 3015 3009 3014 3008 3008 2999 3019 3016 3014 3024 3016 3003 3009 3025 3016 3017 3009 3023 3016 3014 3017 3010 3018 3018 3007 3010 3017 3017 3006 3014 3010 3016 3021 3013 3014 3001 3001 2985 2987
3010 3015 3013 3026 3022 3020 3033 3037 3026 3007 3009 3015 3010 3018 3004 3013 3014 3032 3000 3014 3031 3030 3028 3016 3031 3011 3008 3013 3006 3013 3014 3012 3014 3005 3021 3012 3016 3013 3023 3016 3012 3019 3026 3020 3003 3004 3013 3023 3021 3008 3011 3017 3015 3002 3004 3018 2994 3019 3018 3004 3001 3002 2993 2992
2976 2980 2975 3005 2980 2987 2993 2994 2997 2995 2998 3007 2999 2992 2980 2994 2997 3007 3017 3035 3021 3018 3017 3018 3019 3009 3015 3005 3012 3006 3010 3017 3022 3017 3017 3021 3016 3014 3025 3023 3014 3016 3012 3026 3010 3003 3013 3009 3013 3022 3010 3009 3016 3023 3017 3008 3006 2999 3004 3004 3018 2995 3001 2989
2974 2986 2976 2992 2989 2988 2990 3004 2996 2990 2993 3002 2998 3003 3003 2987 3008 3010 3010 3017 3017 3020 3036 3015 3011 3011 3011 3007 3010 3020 3009 3006 3011 3007 3017 3003 3014 3015 3018 3008 3019 3016 3005 3003 3012 2995 2999 2988 3000 3006 3005 3007 3020 2994 3008 3004 3009 2996 2995 3026 3015 3017 2989 2998
2995 2987 2988 2995 3002 2983 2959 2984 2998 3002 3001 3007 3006 3011 2995 2998 2995 3005 3009 3010 3028 3034 3037 3015 3016 3014 3014 3014 3015 2999 3006 3004 3008 2988 2985 2978 2992 3003 2995 3001 2994 3013 2997 2996 2989 3005 2992 2983 2987 2993 2990 2999 2998 2997 3000 3003 2999 2998 3010 3022 3012 3008 3002 2998
2998 2975 2974 2994 2983 2996 2987 2997 2997 3000 3008 2991 2990 3002 2997 3001 3005 3002 3019 3019 3033 3035 3038 3036 3024 3025 3026 3025 3007 3004 3007 3014 3000 3010 2997 2989 2983 2985 2999 3003 3004 2990 2988 2995 2996 2987 3004 2994 2989 2991 2997 2999 2982 3003 3008 3000 3002 3006 3006 2996 2998 3003 3004 3009
2990 2971 2981 2974 2983 2992 2997 2988 2995 2992 3003 3003 3003 3003 3029 3005 3003 3013 3021 3037 3031 3029 3048 3027 3038 3025 3013 3012 3003 3012 3020 3017 3015 2988 2989 2995 3001 2983 2992 2997 2993 2993 2996 2990 2988 2986 2997 2994 2995 2989 2990 2993 2991 3002 2998 2983 3000 3007 3009 3017 3016 3011 3014 3006
2981 2984 2977 2986 2992 2989 2991 2999 2984 3003 3005 3010 3005 3014 3015 3028 2996 3024 3032 3038 3044 3041 3044 3047 3023 3031 3028 3023 3007 3015 3023 3027 3017 3006 3002 3011 2999 2985 3008 3001 2991 3001 3000 2992 2993 2982 2989 2988 2979 2996 2997 2998 2992 2992 2990 3001 2998 3015 3014 3016 3006 3012 3015 2997
2966 2976 2968 2977 2995 3008 3003 2997 2991 3016 3018 3014 3017 3010 3024 3020 3012 3025 3032 3040 3066 3053 3048 3043 3032 3015 3025 3033 3026 3033 3027 3014 3019 3018 3016 3002 2995 3002 3004 2997 2988 2988 2988 2994 2991 2986 2980 2995 2994 2995 2980 2983 2994 2997 2996 3007 3003 3008 3016 3018 3013 3016 2993 3009
2989 2982 2988 2985 3000 2996 3008 2999 3013 3009 3022 3022 3025 3022 3031 3033 3031 3041 3039 3042 3044 3050 3041 3036 3026 3032 3028 3016 3031 3020 3014 3020 3015 3035 3009 3019 3005 3004 3002 3006 2986 2972 2986 2977 2985 2994 2999 2995 2983 2987 2995 2990 3000 2986 2997 3007 2993 3006 3005 3011 3012 2998 2988 3001
3006 2998 2993 2994 2989 2999 2996 2999 3007 3010 3022 3016 3016 3033 3027 3019 3035 3036 3042 3050 3056 3049 3027 3048 3031 3027 3023 3034 3024 3028 3020 3025 3016 3023 3018 3022 3013 3004 3000 2986 2981 2993 2993 2983 2990 3001 2982 3001 2984 2996 2985 2988 3003 3013 3003 3004 3009 2993 3007 3011 3005 2995 2999 3020
2985 3002 2985 2992 2991 2996 3001 3005 3017 3025 3029 3036 3025 3024 3027 3033 3030 3030 3038 3055 3054 3047 3039 3044 3044 3041 3037 3037 3037 3035 3037 3028 3020 3025 3017 3021 3034 3011 2997 3011 3003 3005 2978 2976 2987 2996 2987 2995 2979 2990 2990 3009 3007 3007 3014 3006 3003 2997 2999 3015 3009 3013 2998 3012
3004 3000 3008 3009 2996 2987 3004 3007 3015 3033 3028 3045 3019 3030 3029 3017 3025 3035 3040 3054 3058 3058 3041 3040 3040 3039 3037 3056 3050 3032 3035 3030 3028 3021 3025 3032 3027 3036 3018 3000 3002 2993 3001 3003 3006 3006 2993 2997 3001 3004 3005 2991 3009 3005 3012 3013 3006 3005 3007 3013 3011 3006 3014 2997
2984 2997 3004 3004 3002 3004 3025 3038 3038 3027 3050 3039 3030 3022 3028 3040 3031 3034 3050 3048 3055 3043 3049 3056 3058 3070 3068 3066 3065 3067 3057 3036 3029 3029 3041 3030 3030 3026 3013 3019 2993 3008 2997 3002 2990 2994 3001 2986 3011 2993 2990 3003 3004 3015 3007 3022 3017 3003 2994 3004 3009 3018 3004 3003
2995 3007 3014 3011 3011 3009 3033 3034 3020 3031 3033 3026 3058 3021 3037 3033 3042 3026 3032 3037 3057 3049 3038 3058 3062 3083 3079 3078 3080 3084 3069 3058 3035 3032 3035 3034 3032 3015 3007 3020 2993 2998 2985 2991 2980 2982 3001 2993 2992 2985 2996 3004 2999 3000 3020 3012 3028 3007 3012 2999 3008 3011 3006 2994
2993 3010 3003 3003 3003 3012 3023 3033 3016 3040 3035 3049 3031 3037 3040 3027 3034 3031 3028 3045 3062 3058 3054 3067 3072 3081 3080 3085 3075 3086 3072 3062 3047 3038 3040 3038 3041 3028 3023 3020 3014 2983 3005 2994 3001 2980 2989 3008 2984 2999 2992 3004 3009 3001 3006 3008 3012 3003 3003 2996 3001 3007 2995 3006
3018 2997 3003 2997 3017 3019 3037 3029 3046 3038 3043 3032 3043 3040 3042 3029 3030 3037 3030 3045 3055 3056 3055 3059 3093 3088 3093 3089 3081 3101 3080 3068 3049 3032 3043 3042 3048 3050 3027 3019 2997 2990 3000 2981 2986 2995 3000 2995 2994 2994 3015 3006 3007 3017 3015 3010 3007 3008 2997 3000 3006 3004 3004 2993
2997 2995 3008 3001 3001 3021 3027 3031 3032 3034 3040 3018 3042 3037 3031 3041 3048 3048 3046 3047 3050 3056 3065 3068 3075 3086 3103 3094 3081 3082 3082 3078 3061 3047 3048 3047 3045 3046 3016 3028 3023 3008 2991 2983 2989 2993 3002 2994 3008 2996 3002 3012 3015 3018 3012 3013 3008 3012 3005 3010 3002 3015 3002 3001
3003 3003 3000 3003 3013 3017 3040 3032 3024 3027 3029 3028 3049 3042 3030 3036 3038 3046 3040 3047 3039 3058 3067 3067 3076 3093 3085 3085 3090 3082 3080 3086 3065 3060 3046 3054 3044 3039 3036 3031 3006 3008 3013 2998 3001 3002 3001 2998 2999 2999 3004 2992 3012 3000 3013 3015 3004 3008 2993 3000 2996 2999 2994 3001
2992 2999 2997 2997 2998 3025 3031 3033 3029 3034 3036 3051 3041 3046 3029 3055 3047 3056 3058 3053 3063 3060 3072 3078 3084 3078 3094 3097 3094 3087 3094 3077 3091 3067 3045 3043 3042 3030 3042 3020 3010 3015 3006 2999 3013 3007 2988 2997 3009 2997 3008 2993 2993 3009 3000 3003 3002 3025 3001 2998 3007 3002 2984 2999
3004 2988 2991 3008 3004 3029 3035 3031 3029 3036 3033 3050 3052 3031 3042 3051 3049 3046 3059 3066 3067 3065 3066 3069 3074 3091 3100 3093 3080 3092 3091 3088 3081 3071 3068 3066 3055 3055 3052 3029 3014 3007 3005 2998 2989 2997 3019 3000 3006 3000 3004 3005 2994 3002 2992 3010 2996 3006 3012 2999 3010 2997 3010 2999
2994 3022 2987 3026 3022 3017 3019 3036 3032 3046 3040 3037 3040 3045 3042 3053 3038 3048 3059 3067 3061 3083 3080 3089 3089 3087 3084 3095 3086 3102 3102 3100 3086 3088 3073 3079 3058 3060 3025 3030 3018 2999 3003 3003 2996 2992 2994 2989 3005 3000 2999 2993 2998 2996 3003 3008 2995 2997 3003 3007 3014 3002 3016 3009
3020 3010 3000 3013 3014 3021 3041 3019 3042 3026 3039 3031 3047 3032 3043 3050 3064 3061 3076 3071 3069 3086 3077 3088 3094 3093 3091 3095 3098 3091 3101 3091 3086 3081 3081 3072 3067 3060 3039 3038 3023 3003 2995 2993 2997 2995 2992 2997 2991 2997 3002 3009 2999 3006 2999 2999 3000 2997 3001 3004 2996 3002 3018 3016
3015 3003 2992 3005 3008 3020 3017 3042 3048 3043 3046 3047 3052 3065 3053 3071 3078 3077 3078 3077 3076 3079 3092 3088 3089 3084 3097 3093 3091 3100 3094 3095 3076 3097 3069 3093 3089 3054 3057 3025 3006 2996 3001 3006 2998 2998 3002 2996 3018 2999 3004 2999 2991 2997 2997 2991 3015 2991 3008 3010 3004 2995 3006 3015
3008 3010 3001 2998 2997 3017 3025 3042 3052 3055 3047 3062 3067 3058 3076 3062 3075 3082 3091 3076 3073 3073 3084 3078 3097 3099 3096 3094 3087 3096 3096 3081 3091 3084 3087 3078 3065 3062 3048 3042 3016 3015 2995 3003 3000 3001 3003 3004 3020 2997 3005 2995 2997 3007 3012 2992 2995 3006 3013 3005 3007 3011 3024 3015
2999 2999 2986 3002 3015 3005 3033 3035 3049 3061 3055 3074 3088 3077 3077 3078 3073 3085 3083 3092 3079 3079 3080 3077 3097 3109 3083 3102 3085 3103 3081 3099 3085 3087 3079 3081 3073 3059 3044 3024 3012 2999 3000 2986 3012 3013 2992 3005 3011 3004 3003 2991 2985 3007 3001 3006 3008 3000 3008 3005 3009 3023 3002 3007
3012 3002 2978 2997 3000 3020 3021 3025 3040 3064 3072 3081 3076 3098 3085 3092 3071 3077 3093 3081 3089 3081 3081 3083 3088 3085 3103 3080 3088 3093 3085 3089 3082 3074 3084 3079 3086 3074 3033 3018 3014 2998 2989 2999 2997 3008 2995 3015 3008 3000 2999 2998 3000 3001 3004 3009 3018 3016 3006 3006 3011 2995 3013 2994
3006 2999 2997 2987 3007 3000 2998 3022 3023 3052 3060 3072 3088 3091 3098 3097 3075 3075 3079 3091 3087 3089 3083 3087 3088 3089 3092 3093 3093 3082 3083 3083 3089 3073 3080 3078 3093 3065 3040 3021 3003 2998 2980 2999 2993 3012 2998 3001 3002 3001 2999 2994 3005 3003 3000 3027 3016 3012 3019 2999 3010 3002 2998 3002
3002 3002 2998 2996 2992 2989 3007 3032 3044 3053 3071 3083 3070 3081 3089 3082 3069 3083 3090 3078 3088 3084 3084 3097 3097 3100 3077 3090 3094 3095 3076 3074 3079 3085 3086 3082 3087 3071 3058 3029 3024 3009 2999 2994 2999 3002 3001 3004 2992 3001 2999 3011 2996 2996 3001 3013 2992 3006 3006 2995 2993 3017 3007 3011
3003 2997 3005 3006 3009 3012 3014 3030 3029 3054 3066 3079 3072 3080 3090 3087 3085 3078 3091 3076 3083 3078 3092 3090 3088 3088 3086 3090 3100 3087 3102 3083 3095 3078 3071 3079 3086 3070 3053 3034 3004 3001 2989 2995 3004 3012 3005 2993 3006 3001 3012 3015 3010 3003 3000 3008 2997 2987 3003 2993 2995 3012 3002 3003
2996 3013 3010 3006 3011 2991 3012 3025 3044 3065 3072 3075 3071 3080 3062 3079 3083 3083 3074 3081 3088 3075 3078 3071 3093 3089 3082 3074 3081 3088 3099 3087 3082 3096 3079 3080 3074 3060 3033 3026 3007 2986 2998 2991 3012 3002 3014 3009 2986 3005 3003 2999 3001 3008 3014 2991 3013 2998 2989 2989 2998 3005 3010 2986
2997 3002 3012 2995 3002 3015 3002 3022 3045 3066 3076 3069 3069 3075 3065 3085 3092 3094 3085 3090 3094 3085 3076 3083 3076 3075 3085 3084 3079 3090 3088 3091 3091 3092 3079 3074 3068 3048 3028 3009 2996 2995 2992 3006 3004 3016 2997 3009 3001 3007 2994 2999 2996 3004 3002 2995 2994 3014 3000 3005 3019 3011 2989 2987
2983 2988 3008 3006 3024 3002 3003 2989 3016 3052 3061 3073 3086 3100 3078 3076 3088 3085 3090 3070 3083 3080 3090 3083 3088 3099 3085 3076 3092 3085 3089 3096 3082 3080 3092 3074 3077 3063 3022 3006 2998 2993 2997 3002 2998 3000 3014 3011 2995 2995 2993 2995 2998 3001 3018 3012 3008 3014 3007 3004 3000 2991 3003 2976
2988 2999 2991 3009 3004 2987 2978 3001 3003 3041 3063 3067 3082 3083 3079 3089 3085 3101 3095 3099 3081 3085 3081 3093 3091 3091 3096 3081 3088 3091 3077 3093 3079 3080 3083 3083 3074 3044 3024 2998 2997 3015 3000 3003 2992 2993 3007 3008 3005 3003 2995 3008 2998 2999 3016 3023 3014 3017 3006 3006 3000 3006 2986 2996
3000 2993 2988 3006 2991 2997 3004 2992 3006 3014 3070 3073 3058 3078 3076 3075 3086 3083 3082 3090 3086 3083 3078 3087 3082 3083 3079 3081 3097 3086 3083 3079 3089 3078 3076 3072 3061 3037 3016 3013 3013 3012 3000 3002 2996 3002 3007 3005 3010 3001 3014 3012 3003 2994 3001 3007 3027 3023 3029 3019 3011 3013 2995 3001
2982 2996 2996 3006 2994 2986 2978 2988 3009 3024 3053 3080 3072 3073 3073 3071 3077 3079 3080 3080 3088 3074 3072 3076 3077 3082 3091 3090 3087 3094 3082 3077 3082 3069 3083 3070 3050 3046 3023 3025 3003 3007 3008 3003 3002 2993 2996 3020 3008 3011 3010 3003 2992 2997 3005 3015 3020 3035 3026 3037 3028 3022 3016 3019
2975 3002 2991 3002 2996 3002 2979 2988 3006 3017 3040 3055 3067 3072 3067 3080 3072 3077 3068 3084 3088 3088 3094 3094 3095 3074 3079 3085 3088 3085 3083 3081 3073 3084 3080 3067 3059 3037 3028 3022 3018 3018 3015 3007 2991 3014 3008 3017 3011 3013 3004 2996 3010 2985 3002 3010 3015 3032 3040 3043 3034 3020 3013 3003
2994 2979 3006 2992 2996 2997 2999 2995 3006 3034 3012 3047 3050 3073 3071 3072 3079 3071 3073 3070 3088 3085 3091 3092 3081 3070 3083 3086 3083 3076 3098 3081 3093 3091 3065 3070 3047 3044 3034 3026 3029 3028 3019 3016 3013 3009 3014 3014 3002 3009 2985 2994 3000 3008 3011 3008 3018 3045 3039 3024 3025 3017 3016 3006
2984 2986 2993 2995 2990 3003 3006 3007 3015 3017 3031 3037 3057 3060 3072 3065 3053 3058 3079 3081 3079 3087 3093 3083 3088 3078 3077 3082 3079 3076 3088 3082 3074 3077 3078 3077 3062 3055 3028 3027 3018 3034 3015 3026 3009 3011 3013 3007 3002 3000 3001 2991 2997 3004 3016 3005 3018 3036 3047 3038 3039 3019 3025 3023
2999 2992 2991 2993 2998 3004 3013 3022 3017 3025 3022 3030 3035 3055 3062 3069 3068 3070 3067 3079 3081 3084 3090 3087 3084 3083 3074 3087 3064 3079 3075 3088 3072 3085 3073 3065 3058 3048 3027 3016 3011 3017 3016 3015 3010 2998 3014 3004 2999 2995 3003 2991 3010 3010 3001 2999 3028 3032 3032 3031 3021 3012 3020 3011
3003 3002 2990 2994 2995 2992 3014 3011 3016 3016 3026 3029 3035 3043 3064 3064 3067 3068 3075 3086 3084 3092 3094 3095 3072 3077 3083 3082 3078 3094 3081 3089 3083 3068 3073 3061 3044 3036 3020 3020 3033 3023 3015 3015 3000 3011 3002 2998 3003 3003 3009 2989 3016 3007 2999 3000 3018 3033 3037 3037 3030 3014 3025 3017
2985 2991 3001 2995 3001 3010 3006 3001 2999 3011 3031 3021 3021 3031 3064 3067 3071 3076 3079 3086 3088 3088 3090 3091 3080 3073 3085 3081 3081 3089 3077 3087 3085 3079 3076 3067 3038 3023 3014 3009 3004 3013 3023 3019 3005 3007 3002 3008 3016 2989 3002 2996 3011 3006 3011 2997 3008 3020 3036 3026 3023 3023 3019 3018
3001 2989 3000 2984 2987 3001 3008 2993 3007 3027 3018 3019 2997 3027 3037 3065 3058 3060 3066 3073 3100 3079 3079 3086 3080 3089 3087 3079 3072 3102 3086 3101 3087 3072 3068 3049 3039 3022 3026 3027 3034 3027 3009 3013 3003 3013 3002 3015 3008 2997 2994 3007 3008 2999 3015 3006 3001 3006 3009 3031 3025 3035 3019 3021
2987 2996 2993 2993 2986 2997 3016 3012 3007 3007 3008 3016 3016 3029 3050 3051 3055 3061 3077 3077 3057 3078 3081 3097 3086 3080 3084 3088 3086 3092 3074 3096 3073 3081 3063 3036 3021 3033 3027 3047 3042 3024 3020 3013 3004 3011 2995 3002 3004 3006 2999 3009 3008 2988 2999 2990 3008 3003 2999 3020 3020 3013 3032 3018
2996 2997 3003 2981 2991 2998 3006 3015 2996 3006 2991 3019 3009 3019 3042 3054 3061 3074 3070 3076 3087 3082 3085 3085 3083 3074 3094 3094 3101 3080 3082 3088 3087 3078 3038 3029 3028 3015 3021 3015 3023 3005 3010 3018 2999 3011 3001 2999 2999 3003 3007 3011 3003 2995 2989 3000 2995 2998 3008 3012 3006 3007 3016 3014
2998 2991 2991 2997 3002 3005 2997 3000 2998 2996 3015 3001 3003 3006 3045 3061 3064 3073 3076 3070 3089 3092 3089 3100 3077 3092 3090 3087 3076 3066 3084 3083 3082 3065 3043 3028 3023 3013 3003 2999 3016 3017 3007 3010 3006 3008 3004 2995 3001 2995 3016 3018 3003 2999 2991 3002 3002 3003 2999 3008 2992 2997 3001 3032
2989 2993 3002 3003 3005 2987 2996 2997 2996 2999 3007 3019 3010 3029 3039 3059 3058 3078 3090 3091 3096 3088 3089 3069 3085 3086 3088 3083 3073 3073 3074 3074 3076 3066 3040 3040 3009 3011 3013 3005 3020 3009 3014 3029 3032 3021 3025 3010 3010 3021 3018 3024 3033 3008 3019 3011 3015 3014 3009 3024 3009 3009 3009 3024
3004 2998 3007 2997 2992 2989 2985 2991 2997 3002 3004 3023 3018 3040 3042 3067 3066 3075 3087 3093 3101 3081 3092 3071 3091 3087 3091 3081 3078 3071 3077 3071 3072 3054 3044 3024 3019 3000 3026 3014 3003 3009 3026 3030 3032 3045 3024 3014 3018 3021 3034 3035 3043 3024 3036 3037 3028 3035 3035 3032 3026 3014 3019 3016
3000 2992 2997 3004 3007 2995 2989 2983 2993 3002 3007 3011 3014 3036 3049 3083 3063 3081 3089 3089 3084 3100 3078 3079 3083 3080 3075 3072 3096 3081 3079 3075 3082 3057 3047 3039 3030 3035 3030 3029 3034 3034 3031 3038 3042 3026 3042 3037 3045 3041 3037 3064 3046 3044 3029 3044 3037 3045 3037 3050 3033 3028 3033 3025
2991 2997 2988 3004 2998 3006 2990 3000 3006 3011 3010 3025 3027 3042 3073 3071 3078 3091 3095 3089 3090 3089 3094 3099 3088 3085 3085 3084 3100 3090 3070 3084 3073 3077 3060 3045 3049 3048 3035 3034 3051 3051 3029 3047 3040 3054 3055 3053 3059 3047 3067 3069 3043 3040 3053 3037 3047 3048 3068 3069 3051 3039 3041 3038
3006 3005 2997 3007 3005 3015 2998 3012 3017 3023 3019 3039 3054 3075 3089 3092 3076 3073 3085 3092 3110 3096 3098 3092 3091 3101 3085 3087 3091 3093 3083 3074 3090 3077 3048 3060 3069 3049 3055 3058 3058 3053 3066 3043 3047 3053 3052 3047 3059 3057 3066 3049 3059 3050 3054 3037 3060 3060 3070 3072 3052 3054 3048 3050
2996 3008 3001 3014 3022 3017 3036 3036 3029 3032 3056 3058 3076 3074 3086 3092 3083 3080 3074 3090 3092 3092 3095 3086 3102 3104 3091 3090 3099 3090 3083 3077 3072 3071 3067 3055 3049 3060 3078 3081 3073 3064 3068 3062 3061 3054 3056 3074 3070 3057 3046 3033 3048 3061 3055 3054 3066 3069 3068 3081 3073 3068 3069 3054
3009 3025 3015 3032 3025 3034 3024 3038 3054 3051 3054 3062 3069 3081 3077 3093 3090 3080 3073 3084 3091 3073 3092 3087 3095 3099 3088 3084 3091 3084 3088 3088 3079 3080 3080 3063 3059 3069 3067 3071 3072 3070 3070 3066 3062 3054 3066 3067 3065 3053 3048 3038 3054 3055 3057 3062 3072 3077 3088 3079 3068 3069 3059 3065
3011 3029 3034 3043 3045 3039 3035 3046 3048 3054 3045 3068 3075 3070 3076 3087 3088 3079 3074 3084 3075 3100 3083 3092 3087 3089 3089 3085 3095 3083 3075 3078 3079 3092 3091 3058 3080 3059 3076 3063 3056 3075 3075 3074 3066 3072 3063 3075 3067 3047 3054 3070 3060 3047 3068 3066 3069 3071 3072 3073 3060 3076 3065 3062
3035 3048 3034 3057 3056 3056 3048 3057 3066 3055 3065 3067 3056 3060 3074 3081 3083 3083 3094 3095 3087 3103 3084 3091 3094 3076 3080 3078 3083 3085 3084 3080 3080 3096 3076 3079 3057 3058 3069 3062 3089 3069 3056 3079 3066 3073 3070 3062 3085 3066 3054 3049 3067 3069 3071 3061 3065 3088 3064 3068 3061 3070 3068 3058
3052 3041 3048 3060 3071 3060 3054 3062 3075 3066 3059 3065 3062 3071 3078 3094 3073 3084 3088 3089 3099 3083 3089 3094 3103 3094 3085 3085 3081 3092 3087 3104 3093 3082 3078 3073 3062 3064 3077 3081 3082 3079 3087 3068 3062 3064 3052 3048 3063 3064 3056 3064 3072 3077 3078 3069 3085 3079 3064 3053 3062 3048 3074 3060
3051 3047 3053 3061 3071 3061 3066 3059 3091 3073 3077 3064 3080 3087 3078 3081 3085 3087 3076 3081 3091 3088 3095 3080 3114 3087 3084 3091 3080 3087 3082 3083 3076 3081 3070 3059 3066 3056 3067 3079 3068 3065 3065 3091 3069 3062 3063 3062 3058 3063 3062 3053 3068 3060 3067 3083 3076 3065 3081 3064 3068 3069 3064 3070
3038 3056 3071 3069 3067 3070 3064 3070 3078 3081 3071 3082 3082 3084 3068 3081 3091 3088 3067 3075 3086 3094 3107 3094 3087 3075 3078 3085 3077 3082 3069 3077 3070 3067 3070 3062 3068 3056 3054 3069 3056 3063 3078 3089 3079 3069 3053 3061 3065 3072 3068 3067 3062 3069 3064 3064 3070 3064 3068 3049 3074 3060 3063 3066
