3041 3041 3045 3061 3055 3046 3058 3046 3050 3041 3043 3031 3029 3037 3032 3034 3029 3032 3017 3030 3034 3031 3022 3028 3026 3032 3042 3031 3026 3029 3038 3030 3030 3032 3030 3020 3037 3051 3047 3038 3054 3044 3045 3038 3048 3046 3048 3014 3019 3015 3016 3010 3019 3013 3023 3018 3024 3018 3014 3002 3007 3019 2992 2992
3038 3051 3050 3036 3058 3054 3056 3039 3055 3040 3041 3037 3028 3027 3021 3020 3031 3037 3012 3020 3027 3037 3030 3043 3027 3045 3036 3044 3042 3039 3042 3037 3038 3042 3029 3043 3045 3054 3043 3042 3049 3048 3040 3053 3036 3035 3026 3040 3027 3024 3031 3011 3012 3021 3014 3013 3020 3017 3010 3012 2999 3019 3009 2994
3048 3036 3042 3042 3038 3033 3035 3050 3051 3024 3018 3021 3045 3038 3031 3020 3012 3024 3026 3033 3032 3041 3043 3028 3032 3038 3042 3044 3038 3034 3035 3037 3045 3048 3049 3052 3064 3061 3057 3046 3043 3046 3037 3044 3032 3036 3036 3048 3048 3029 3024 3018 3006 3015 3012 3006 3008 3012 3005 3000 2998 2996 3013 3020
3038 3031 3057 3052 3055 3042 3047 3039 3025 3031 3026 3037 3029 3027 3039 3012 3014 3023 3016 3031 3033 3042 3020 3028 3030 3031 3031 3039 3043 3062 3040 3049 3046 3050 3046 3051 3057 3064 3057 3065 3047 3048 3048 3030 3041 3033 3035 3044 3035 3042 3024 3011 3028 3030 3026 3019 3010 3010 3011 3014 3003 3000 3007 3016
3027 3056 3041 3036 3033 3049 3043 3037 3022 3031 3036 3029 3029 3035 3019 3017 3016 3016 3015 3017 3022 3035 3038 3025 3027 3038 3037 3038 3044 3037 3040 3047 3052 3065 3062 3070 3033 3050 3071 3058 3058 3062 3049 3040 3047 3049 3037 3041 3039 3035 3034 3032 3035 3018 3025 3036 3015 3026 3014 3011 3005 2997 2994 2995
3028 3031 3036 3045 3039 3030 3024 3039 3023 3025 3037 3030 3021 3014 3016 3027 3016 3022 3006 3016 3033 3025 3022 3035 3028 3023 3027 3033 3044 3033 3028 3045 3051 3048 3048 3061 3072 3083 3071 3056 3053 3049 3048 3030 3052 3048 3037 3044 3035 3056 3024 3032 3030 3016 3036 3021 3024 3031 3021 3009 3014 2991 3008 2999
3027 3025 3012 3010 3037 3024 3019 3021 3024 3023 3036 3025 3029 3010 3009 3011 3018 3011 3011 3019 3017 3021 3030 3037 3038 3038 3040 3040 3040 3041 3029 3039 3060 3049 3053 3051 3063 3081 3073 3077 3055 3058 3053 3067 3063 3060 3039 3052 3047 3048 3044 3021 3025 3020 3010 3017 3024 3022 3030 3023 3017 2989 3011 3020
3002 2986 2980 2992 3002 3011 3000 3002 3007 3001 3000 3007 2994 3002 2998 2997 2990 2999 3014 3010 3008 3017 3005 3024 3041 3028 3039 3028 3037 3035 3039 3019 3028 3036 3040 3057 3053 3065 3070 3060 3068 3061 3052 3061 3061 3065 3045 3045 3052 3062 3043 3052 3031 3020 3020 3012 3019 3031 3021 3025 3024 2994 2988 3005
2966 2977 2971 2970 2984 2981 2981 2990 2971 2967 2987 2977 2976 2980 2986 2974 2979 2982 2980 2989 3013 2993 2996 3004 3009 3014 3013 3004 3004 3019 3014 3016 3025 3017 3033 3038 3062 3066 3060 3058 3066 3077 3062 3070 3082 3068 3061 3068 3056 3055 3042 3057 3046 3051 3033 3021 3027 3037 3021 3022 3004 3013 2993 3008
2975 2969 2984 2975 2976 2988 2965 2981 2980 2966 2971 2964 2970 2978 2985 2982 2981 2983 2990 2994 2985 2998 3000 3004 3006 3025 3014 3026 3014 3013 3040 3029 3023 3019 3054 3053 3055 3052 3073 3080 3071 3071 3076 3072 3077 3083 3078 3080 3066 3051 3066 3045 3041 3046 3045 3040 3019 3035 3033 3021 3014 3006 3010 3004
2969 2974 2979 2982 2983 2971 2978 2987 2980 2976 2975 2967 2990 2987 2986 2979 2976 2990 2989 2993 2993 3017 3017 3010 3011 3009 3008 3019 3024 3029 3021 3024 3028 3044 3049 3068 3065 3075 3070 3068 3090 3088 3085 3092 3079 3079 3086 3093 3087 3072 3053 3033 3054 3051 3034 3042 3029 3028 3016 3027 3006 3009 2999 3001
2965 2970 2981 2982 2971 2986 2978 2978 2978 2976 2984 2982 2978 2980 2992 2989 2987 2989 2994 2991 3005 3003 2995 3018 3004 3010 3018 3036 3033 3018 3029 3033 3034 3058 3078 3088 3064 3077 3068 3082 3090 3107 3089 3097 3081 3087 3100 3088 3097 3078 3056 3051 3056 3065 3064 3031 3046 3029 3020 3004 3010 3011 3015 3002
2962 2972 2996 2982 2989 2985 2970 2980 2974 2986 2991 2996 2975 2975 2985 2979 2992 2981 2997 2986 2996 3011 3017 3015 3009 3016 3017 3018 3029 3024 3021 3036 3051 3066 3082 3081 3091 3087 3101 3088 3092 3097 3084 3105 3095 3092 3089 3100 3103 3070 3073 3070 3053 3054 3061 3057 3042 3031 3036 3011 3018 3017 3005 3004
2961 2965 2993 2989 2986 2965 2968 2981 2984 2989 2985 2983 2982 2984 2988 2984 2984 2977 2991 2994 3004 3015 3017 3018 3021 3016 3009 3026 3021 3030 3016 3050 3058 3073 3074 3087 3084 3092 3097 3091 3103 3097 3092 3080 3102 3085 3101 3097 3103 3079 3075 3054 3043 3062 3045 3052 3042 3037 3027 3014 3009 3013 3012 3002
2972 2969 2978 2977 2976 2976 2973 2985 2982 2980 2988 2981 2974 2979 2980 2991 2996 2991 2979 3001 2991 3005 3010 3026 3018 3012 3018 3016 3021 3033 3046 3067 3065 3088 3077 3088 3076 3083 3097 3081 3079 3084 3087 3088 3089 3093 3101 3095 3101 3096 3065 3080 3068 3051 3055 3039 3045 3061 3031 3028 3041 3026 3017 3025
2972 2979 2981 2988 2975 2992 2977 2990 2979 2967 2988 2978 2973 2974 2985 2979 2991 2987 3004 3006 3002 3001 3010 3013 3010 3015 3023 3017 3024 3043 3049 3075 3070 3075 3099 3073 3084 3085 3094 3092 3089 3099 3089 3090 3073 3094 3086 3098 3094 3092 3082 3072 3054 3043 3059 3075 3053 3071 3044 3040 3019 3019 3019 3011
2987 2992 2990 3001 2995 3003 2999 2987 2972 2996 2994 2991 2994 2988 2976 2987 2988 3005 3012 3021 3002 3012 3017 3009 3006 3013 3016 3003 3023 3044 3067 3083 3078 3079 3081 3081 3081 3086 3083 3089 3074 3083 3082 3090 3101 3083 3077 3085 3082 3095 3094 3090 3068 3055 3071 3076 3053 3067 3076 3048 3034 3021 3016 3021
2988 3008 2988 2978 3008 2999 3017 2992 2995 2996 2997 2983 2979 2992 2984 2993 2984 2995 3017 3009 3017 3012 3001 3024 3005 3030 3015 3015 3037 3054 3074 3087 3079 3089 3076 3093 3091 3087 3073 3066 3085 3078 3082 3097 3095 3088 3089 3090 3096 3097 3078 3092 3072 3059 3061 3061 3079 3080 3077 3053 3043 3016 3031 3000
3007 2989 2993 2989 2981 3005 3004 3003 2988 2998 3002 2985 2990 2994 2987 2996 2997 3002 3024 3024 3006 3013 3015 3025 3006 3016 3021 3032 3063 3064 3082 3094 3095 3083 3075 3092 3089 3074 3072 3082 3083 3076 3078 3090 3081 3087 3084 3092 3084 3094 3091 3088 3072 3052 3069 3068 3081 3086 3079 3057 3048 3028 3026 3020
2991 2987 2989 2984 2979 2987 3000 2991 2984 3015 3000 3008 2995 2990 3001 2998 2998 2999 3016 3002 3016 3019 3020 3018 3024 3027 3023 3035 3066 3073 3080 3084 3087 3083 3076 3071 3092 3082 3079 3071 3090 3089 3095 3088 3086 3087 3080 3088 3080 3097 3091 3089 3087 3073 3071 3078 3076 3082 3064 3056 3049 3030 3031 3009
2982 2979 2996 2992 2999 2986 3000 2995 2991 2984 2996 3007 2996 3006 3000 3001 2996 2996 3001 3013 3013 3025 3031 3046 3042 3029 3038 3045 3071 3084 3085 3089 3098 3086 3087 3068 3077 3084 3085 3084 3097 3091 3092 3075 3080 3092 3083 3096 3080 3093 3091 3087 3095 3069 3085 3080 3086 3081 3072 3060 3039 3029 3021 3008
2992 3006 3006 3018 3001 3003 2998 3010 3004 3001 3013 3011 3007 3003 3013 3003 2998 3000 2992 3003 3014 3034 3018 3025 3044 3038 3053 3073 3072 3089 3086 3084 3087 3075 3081 3074 3074 3078 3072 3083 3077 3079 3079 3094 3080 3077 3099 3091 3078 3102 3098 3085 3084 3075 3072 3071 3080 3085 3066 3065 3038 3018 3022 3013
3008 3016 3023 2997 3012 3030 3012 3008 3005 3003 3024 3013 3026 3012 3021 3023 3010 3013 3019 3029 3020 3025 3024 3043 3040 3056 3055 3068 3076 3075 3089 3076 3077 3080 3061 3074 3081 3081 3080 3091 3080 3086 3089 3085 3091 3088 3088 3082 3095 3112 3086 3080 3077 3082 3080 3100 3091 3072 3065 3050 3041 3031 3016 3014
3006 3010 3008 3003 3028 3017 3011 3007 3008 3024 3023 3016 3025 3006 2995 3011 3018 3014 3012 3017 3019 3018 3041 3044 3043 3054 3061 3074 3068 3076 3082 3088 3071 3068 3071 3074 3074 3074 3067 3074 3080 3083 3074 3092 3092 3086 3099 3098 3105 3089 3080 3092 3088 3086 3087 3083 3084 3080 3066 3050 3035 3027 3028 3008
3012 3005 2991 3005 3016 3011 3006 2995 2995 3014 2995 2987 2997 2988 3002 3003 3015 3017 3005 3014 3018 3028 3045 3040 3046 3067 3076 3076 3072 3080 3085 3084 3076 3078 3070 3058 3071 3080 3086 3087 3088 3078 3078 3098 3096 3096 3098 3091 3083 3090 3091 3082 3077 3081 3080 3088 3089 3057 3059 3051 3031 3031 3022 3016
3011 3000 2989 3001 3001 3001 3001 2992 2995 2991 2978 2996 2991 2997 2989 2995 2989 2998 3002 3015 3022 3025 3041 3050 3063 3079 3077 3085 3073 3069 3080 3098 3081 3080 3080 3076 3077 3082 3075 3086 3089 3088 3103 3085 3098 3091 3086 3099 3081 3085 3086 3106 3080 3056 3071 3073 3081 3076 3066 3055 3039 3040 3027 3014
3011 3014 2992 2993 3008 3004 3022 3004 2997 2992 2992 2996 3016 3006 2986 2992 2999 2997 3003 2997 2998 3018 3047 3052 3061 3061 3078 3080 3071 3076 3074 3096 3091 3093 3101 3092 3078 3090 3080 3095 3084 3092 3092 3094 3092 3097 3095 3098 3105 3084 3085 3095 3090 3050 3084 3075 3090 3093 3069 3052 3048 3034 3032 3013
2998 3015 2995 2990 2995 2993 3003 2993 2994 2989 2984 2993 3005 2990 2996 2990 2994 2983 2995 2991 3008 3019 3039 3053 3048 3067 3068 3082 3081 3083 3071 3073 3099 3087 3097 3093 3085 3086 3086 3089 3093 3082 3084 3092 3104 3101 3095 3096 3092 3084 3096 3092 3078 3069 3089 3083 3087 3086 3072 3064 3049 3034 3040 3036
2996 2991 2991 2991 3006 2995 2991 2999 2992 2988 3002 2986 2997 2991 2999 2984 2998 2996 2983 3000 3008 3029 3045 3066 3064 3065 3066 3069 3070 3075 3082 3079 3082 3097 3093 3079 3080 3080 3069 3084 3085 3081 3078 3094 3091 3087 3097 3096 3108 3103 3100 3095 3091 3079 3088 3083 3070 3086 3066 3062 3045 3020 3032 3033
2986 2984 2988 2996 3006 2994 2987 2984 2989 2985 2996 2987 2980 2993 2985 3005 2980 2987 2992 3003 3016 3031 3044 3059 3063 3059 3077 3076 3068 3074 3074 3075 3075 3077 3085 3082 3080 3089 3090 3085 3088 3082 3088 3095 3093 3095 3095 3099 3093 3086 3106 3097 3082 3082 3080 3097 3085 3076 3065 3058 3039 3035 3034 3031
2992 2983 2990 3002 3004 2996 2993 3000 2981 2996 2985 2988 2978 2988 2991 2971 2980 2988 2990 2990 3003 3029 3044 3055 3071 3070 3059 3065 3073 3083 3063 3072 3063 3081 3076 3082 3096 3101 3084 3080 3083 3091 3091 3073 3089 3084 3097 3094 3084 3099 3084 3082 3094 3072 3096 3085 3105 3074 3073 3056 3053 3044 3038 3015
2991 2975 2989 2997 2996 2996 2994 2991 3003 2992 2993 2991 2985 2985 2990 2992 3004 2985 2997 2984 3012 3031 3037 3043 3063 3057 3062 3063 3070 3081 3058 3075 3078 3072 3080 3100 3088 3090 3088 3085 3095 3093 3095 3100 3100 3093 3092 3099 3079 3084 3095 3088 3076 3080 3092 3088 3080 3081 3065 3059 3048 3038 3031 3017
2991 2985 2996 2986 2998 2987 2993 2982 2987 2992 2989 2983 2991 2992 2990 2980 3005 2982 2989 3002 3005 3016 3030 3055 3062 3072 3063 3064 3085 3072 3079 3071 3073 3082 3072 3080 3093 3093 3088 3093 3081 3103 3085 3082 3090 3088 3094 3096 3082 3099 3078 3088 3104 3086 3088 3087 3078 3075 3055 3058 3054 3026 3018 3020
3002 3004 2997 2986 3017 2998 2994 3008 2987 2992 2989 2993 2990 2998 2989 3008 2997 2989 2994 3000 2991 3010 3028 3050 3072 3058 3063 3065 3081 3089 3070 3070 3073 3086 3081 3092 3088 3089 3087 3072 3087 3090 3098 3089 3102 3085 3084 3093 3096 3091 3100 3095 3092 3088 3079 3090 3075 3075 3054 3052 3033 3013 3013 3011
3025 3023 3010 3007 3026 3023 3017 3003 2987 3008 2984 2999 3011 3009 2994 2994 3010 3001 3005 3015 3004 3023 3031 3052 3063 3068 3077 3066 3089 3077 3070 3072 3072 3090 3098 3085 3090 3085 3083 3093 3080 3094 3079 3082 3077 3074 3088 3089 3087 3092 3088 3085 3093 3081 3086 3090 3083 3082 3058 3038 3027 3036 3026 3015
3027 3005 3011 3024 3025 3022 3013 3021 3011 3011 3004 3011 3009 3010 3002 3010 2993 3000 2999 2999 3005 3022 3027 3047 3063 3068 3075 3080 3061 3076 3060 3082 3071 3075 3092 3097 3084 3090 3078 3079 3088 3096 3082 3072 3073 3082 3090 3097 3090 3095 3087 3080 3084 3087 3086 3096 3081 3073 3064 3047 3039 3017 3014 3031
3012 3004 3007 2993 2995 3005 2998 3006 3005 2997 2996 2986 2997 2993 2991 3001 2986 2995 3001 2988 2990 2999 3023 3045 3057 3074 3070 3069 3065 3074 3076 3070 3069 3070 3091 3095 3086 3086 3088 3099 3096 3088 3092 3082 3096 3097 3097 3086 3071 3089 3095 3093 3097 3087 3092 3077 3075 3068 3062 3036 3029 3019 3016 3022
2999 2996 3003 2993 3001 3000 2999 2996 2995 3000 3000 2998 2990 2981 2996 2987 2988 2981 2987 2987 2976 3002 2992 3037 3046 3072 3064 3072 3067 3068 3071 3074 3075 3071 3082 3093 3076 3078 3096 3100 3097 3103 3096 3088 3085 3085 3090 3082 3085 3084 3100 3094 3085 3098 3077 3080 3078 3077 3067 3046 3026 3026 3012 3022
2977 2997 2986 2987 2998 3000 2994 2991 2990 3000 2989 2995 2978 2992 3004 2989 2994 2995 2988 2987 2991 2993 2995 3013 3048 3057 3062 3083 3068 3077 3067 3082 3083 3077 3080 3073 3081 3097 3081 3090 3103 3100 3106 3102 3092 3098 3090 3091 3086 3081 3092 3103 3091 3092 3080 3088 3072 3077 3057 3039 3025 3006 3018 3017
2992 2994 2998 2989 2996 2990 3001 2992 2998 2989 2982 2982 2987 2992 3012 3005 2991 2996 2999 2997 2982 2997 3001 3015 3028 3028 3049 3074 3071 3095 3088 3077 3078 3075 3069 3077 3081 3090 3088 3106 3096 3100 3090 3088 3086 3089 3101 3096 3087 3084 3105 3100 3084 3084 3094 3084 3084 3082 3061 3040 3031 3022 3019 3020
2996 2990 3002 3002 2999 2988 2997 3005 3002 2993 2990 2993 2978 2984 2985 2993 2992 2996 3012 3010 2981 2989 2997 3003 3007 3014 3055 3062 3075 3073 3061 3073 3062 3061 3069 3075 3102 3094 3075 3086 3102 3098 3095 3088 3099 3088 3076 3091 3087 3081 3096 3105 3102 3086 3073 3074 3079 3058 3059 3035 3032 3021 3041 3024
2991 2994 2987 3002 2989 3008 3005 2997 2999 2989 2994 2997 2990 2988 2993 2991 2993 2998 3000 2995 2998 2983 2993 2996 3000 3014 3035 3052 3058 3071 3077 3071 3062 3059 3058 3073 3081 3082 3100 3098 3094 3094 3086 3088 3088 3093 3087 3097 3079 3085 3093 3081 3094 3098 3075 3058 3070 3066 3046 3039 3013 3022 3024 3031
2991 2989 2995 2990 2996 2994 2996 2996 2993 3002 2991 2982 3000 2989 2995 2989 2996 2987 2993 3008 3006 3004 2998 2989 2988 2999 3032 3039 3057 3064 3077 3067 3060 3063 3060 3086 3088 3079 3081 3089 3083 3099 3091 3088 3073 3093 3080 3083 3097 3089 3088 3091 3095 3096 3085 3080 3073 3075 3055 3030 3029 3008 3007 3017
2983 2994 2990 2986 2992 2984 2991 2989 2997 2990 2985 2984 2993 2985 2990 2994 2989 2985 2977 2990 3009 3007 3000 3008 2985 3010 3027 3036 3049 3070 3063 3066 3068 3062 3083 3078 3075 3087 3075 3084 3097 3088 3098 3081 3085 3093 3093 3086 3077 3091 3097 3102 3089 3092 3092 3085 3073 3067 3042 3022 3014 3006 3006 3008
2989 2994 3002 3002 3005 2992 2993 2985 2982 2993 3007 2996 2994 2986 2984 3003 2996 3004 2983 2997 2985 2991 3006 3003 2993 2996 3009 3027 3061 3060 3069 3068 3071 3069 3071 3077 3081 3085 3086 3101 3087 3087 3089 3082 3087 3078 3080 3082 3097 3085 3092 3106 3097 3091 3088 3083 3069 3044 3045 3024 3024 3007 3004 3009
3004 2994 3007 2998 3005 2986 2992 2995 2985 2994 3006 2987 2995 2993 2988 3006 3012 2999 2982 2975 2983 2977 2998 2990 2985 2996 3010 3026 3053 3063 3067 3070 3069 3072 3082 3073 3081 3080 3084 3093 3093 3082 3092 3085 3075 3090 3081 3095 3088 3085 3100 3101 3095 3089 3083 3074 3058 3039 3034 3019 3028 3010 3009 3008
2989 2977 3012 2998 3000 2991 2976 2983 2988 3000 2999 2988 2995 2988 3003 2994 2990 2998 2980 2981 2982 2990 2987 2997 2977 2990 2998 3022 3044 3061 3059 3076 3068 3068 3081 3078 3067 3088 3079 3086 3089 3088 3083 3092 3087 3086 3101 3094 3081 3098 3099 3099 3082 3090 3072 3064 3042 3032 3019 3007 3017 3006 3011 3000
2978 2991 3010 3008 2985 2993 2986 2999 2984 2992 2995 2982 2999 2985 2999 2998 2998 2992 2988 2981 2997 3005 2976 2985 2987 2991 2990 3014 3032 3055 3079 3060 3078 3079 3075 3077 3073 3087 3072 3092 3084 3097 3092 3091 3097 3097 3099 3088 3076 3098 3101 3104 3096 3095 3072 3052 3030 3019 3017 2999 3020 3001 3018 2996
2976 2991 3004 2994 2989 2987 2985 2988 2988 3003 2995 2973 2983 2984 2992 2998 2993 2993 3003 2984 2995 2995 2989 2987 2999 2993 2993 3002 3039 3050 3058 3073 3068 3079 3072 3068 3078 3083 3079 3101 3089 3091 3075 3076 3088 3088 3094 3084 3095 3086 3084 3089 3077 3070 3056 3026 3022 3015 3016 3000 3003 3015 2987 2993
2990 2994 2996 2985 2993 2986 2994 2987 2990 2997 2986 2984 2981 2987 2987 2984 3000 2987 2995 2991 2986 2997 2996 3004 3009 3002 3002 3005 3033 3050 3066 3086 3076 3072 3077 3089 3088 3080 3076 3082 3099 3109 3088 3077 3089 3096 3089 3078 3073 3082 3086 3095 3080 3052 3041 3039 3026 3011 3022 3010 3004 2992 3009 3004
3004 2991 2987 2991 2990 2985 2992 2993 2982 2972 2998 2988 2979 2989 2985 2982 2992 2991 2991 2980 2991 2992 3006 3005 2995 2996 3003 3003 3025 3058 3057 3090 3084 3080 3080 3081 3076 3093 3092 3081 3088 3086 3082 3078 3091 3094 3091 3073 3092 3075 3078 3081 3061 3055 3039 3036 3012 3018 3017 3015 3012 3001 3008 2997
2993 2991 2993 2982 2995 3001 3006 2996 2981 2996 2987 2976 2982 2977 2980 2985 2989 2994 2987 2985 2979 2997 3002 2999 2996 2991 2995 3007 3012 3057 3068 3073 3092 3088 3084 3074 3089 3082 3096 3080 3099 3097 3087 3092 3095 3096 3088 3078 3068 3069 3081 3085 3072 3038 3033 3026 3028 3007 3014 3011 3011 3018 2996 3006
2992 2983 2986 2969 2992 2990 2994 2994 2979 2984 2989 2980 2987 2992 2980 2978 2985 2988 2981 2990 2987 2999 3000 2998 3001 2997 2992 3002 3022 3044 3072 3086 3070 3077 3081 3078 3085 3083 3083 3078 3071 3076 3090 3093 3093 3097 3092 3090 3079 3070 3085 3078 3055 3041 3047 3039 3026 3020 3008 3014 3016 3014 3020 3016
2996 2984 2984 2984 2969 2978 2991 2976 2983 2990 2986 2991 2991 2985 2982 2985 2983 2991 3001 2993 2988 2980 3002 2997 2993 2989 2989 2997 3020 3033 3066 3070 3076 3076 3081 3087 3098 3094 3087 3074 3069 3070 3092 3093 3080 3080 3097 3093 3088 3082 3099 3085 3073 3053 3040 3033 3035 3028 3019 3018 3023 3020 3023 3010
2983 2993 2984 2978 2987 2999 2990 2997 2981 2988 2971 2976 2985 2988 2986 2992 2982 2981 2996 2994 2993 3000 2999 2986 2980 2987 2990 2995 3022 3033 3057 3078 3073 3078 3086 3094 3098 3084 3085 3087 3097 3092 3085 3099 3077 3083 3081 3100 3087 3093 3096 3081 3065 3044 3050 3031 3025 3030 3027 3028 3021 3019 3010 3001
2974 2983 2996 2991 2984 2981 2979 2990 2995 2994 2969 2978 2983 2980 2996 3002 2985 2981 3003 2992 2999 2985 2998 2995 2979 2980 2997 2997 3003 3042 3069 3069 3071 3089 3095 3090 3090 3087 3088 3089 3095 3083 3083 3083 3084 3078 3075 3097 3098 3084 3095 3089 3051 3046 3024 3026 3003 3011 3027 3029 3028 3026 3019 3003
2995 2993 2998 2993 2982 2978 2988 2995 2998 2988 2999 2987 3005 3004 2999 2998 2992 3001 2984 2992 2991 2998 3000 2989 2993 2994 2988 3001 3022 3059 3080 3073 3085 3078 3092 3093 3085 3083 3076 3088 3095 3095 3093 3075 3092 3089 3092 3081 3083 3101 3100 3094 3064 3038 3040 3026 3024 3022 3015 3021 3026 3027 3025 3005
2998 2991 3019 2999 2995 2993 2994 2989 2974 2989 3002 2998 3002 2994 2999 3005 2998 3010 3000 3001 2996 3008 3000 3001 2991 3011 2996 3019 3041 3069 3089 3087 3086 3086 3091 3085 3090 3096 3078 3093 3090 3077 3079 3094 3093 3100 3096 3103 3093 3103 3095 3079 3063 3063 3046 3047 3038 3020 3015 3030 3035 3055 3032 3029
2991 3008 3001 3014 2995 2998 2994 2994 3001 3006 2997 3009 3002 3005 3006 3006 3003 3004 2998 3008 2991 2999 3014 3014 3007 3004 3018 3032 3057 3074 3085 3094 3086 3091 3090 3095 3094 3084 3082 3093 3082 3088 3089 3087 3102 3102 3103 3087 3087 3082 3085 3087 3065 3056 3059 3053 3042 3017 3036 3031 3043 3036 3035 3038
2972 3006 3014 2997 2998 2997 2994 2993 3009 3005 3004 3002 3008 2997 3011 3000 2995 2989 2992 2982 3005 3003 3017 3016 3023 3045 3034 3051 3055 3076 3089 3092 3085 3095 3100 3093 3093 3076 3083 3076 3098 3106 3089 3102 3088 3094 3085 3085 3072 3081 3083 3087 3085 3079 3073 3055 3041 3033 3035 3051 3049 3048 3048 3031
2995 2989 3007 3000 2993 2999 3000 3002 2993 3003 2999 3004 2996 2999 3017 3005 3013 3005 3009 3025 3023 3014 3038 3041 3038 3048 3064 3058 3078 3073 3093 3094 3082 3089 3086 3086 3086 3088 3085 3077 3090 3103 3102 3110 3092 3090 3092 3093 3092 3078 3092 3078 3080 3069 3072 3044 3055 3046 3058 3042 3049 3049 3038 3033
2986 2985 3005 2991 2984 2997 3005 2990 2989 2996 2992 2989 2991 2989 3002 3015 3011 3011 3030 3027 3031 3039 3053 3046 3073 3073 3066 3086 3086 3088 3084 3074 3071 3089 3091 3082 3085 3090 3076 3086 3080 3099 3087 3091 3091 3092 3100 3108 3095 3089 3103 3089 3084 3084 3074 3064 3063 3058 3055 3047 3051 3043 3057 3052
2989 2994 2995 2997 3000 2989 3000 3002 2985 2994 3005 2997 3004 3018 3019 3032 3033 3026 3039 3039 3037 3036 3056 3064 3058 3070 3079 3092 3086 3077 3077 3077 3088 3077 3075 3085 3088 3092 3085 3085 3094 3105 3105 3113 3082 3085 3092 3098 3089 3086 3082 3077 3082 3089 3076 3064 3066 3057 3061 3069 3057 3029 3052 3059
2988 2989 2982 2991 2999 3011 3015 3010 3012 2992 2993 3009 3006 3001 3020 3029 3035 3045 3032 3031 3061 3047 3046 3062 3059 3075 3070 3077 3082 3085 3092 3085 3092 3080 3075 3085 3086 3097 3103 3098 3098 3099 3094 3097 3075 3094 3097 3086 3107 3104 3091 3074 3076 3077 3100 3095 3068 3060 3074 3085 3063 3055 3078 3072
