2987 2976 3002 3000 2986 2994 2995 3002 3001 2996 2999 3002 2994 3007 3003 3017 3004 2989 2983 2998 3005 3020 3012 3010 3015 3009 3027 3020 3007 3000 3009 3011 3008 3011 2995 3004 3021 3006 3015 2999 2993 2997 2986 2994 2994 3008 3008 2999 2997 3002 2995 2996 2980 2986 2984 2962 2989 2996 2982 3008 3005 2999 3005 2997
2978 2993 2987 2989 2984 2990 3010 3009 3002 2992 2988 2998 2989 3002 2999 3007 3002 3000 3001 3010 3009 3027 3015 3032 3032 3017 3023 3008 3014 3002 3012 3006 3011 3004 2996 3011 3005 3014 2991 2991 2992 2997 2992 2987 2990 2993 2994 3003 3001 2988 2986 2977 3008 2991 2985 2985 2997 3004 2991 2997 2987 2996 2991 3002
2972 2987 2992 2991 2982 3002 3006 3001 2992 2977 2983 2990 2992 3007 3006 3007 3019 3018 3009 3019 3015 3037 3031 3032 3019 3031 3050 3026 3012 3009 3011 3010 3025 3014 2996 2999 3009 3004 2993 3003 2992 2998 2979 2994 2984 2992 3001 2989 2986 2981 2985 2992 2989 2992 2991 2988 2985 3006 2997 2983 2986 2979 3005 2995
2974 2981 2989 2997 2990 2986 3010 3013 2998 3002 2995 3012 3011 3007 3019 3024 3028 3009 3004 3032 3031 3029 3021 3035 3037 3025 3015 3027 3020 3021 3005 3014 3012 3019 3010 2996 3010 3011 3006 3004 3010 3000 2990 2992 2983 2997 3003 2992 3006 3000 2975 2988 3001 2994 2995 2986 2998 3003 2997 2997 3000 2988 3005 2998
2968 2998 3018 3001 2994 2998 3011 3005 3016 3016 3011 3027 3026 3017 3024 3011 3020 3032 3012 3021 3039 3035 3043 3032 3040 3039 3036 3032 3018 3004 3003 3008 3011 3012 3018 3008 2998 2990 3008 3012 2990 2991 2996 2991 2994 2992 2992 2982 3003 3008 3006 2998 3005 3001 3000 3011 3003 2988 2990 3002 2991 2980 2993 2991
2990 3003 3003 3005 2994 3010 3010 3013 3020 3009 3029 3022 3033 3029 3005 3023 3007 3010 3022 3025 3032 3036 3045 3029 3030 3032 3026 3026 3022 3032 3018 3022 3025 3016 3020 3020 3010 3012 3011 3002 3001 2987 2999 3002 2989 2979 3002 2995 2996 2993 3000 2998 2998 2987 2999 2991 2984 2991 2985 2980 2993 2991 2980 2999
2998 2998 3005 2997 2990 3006 3022 3022 3015 3013 3010 3025 3020 3014 3028 3021 3010 3025 3026 3043 3035 3047 3045 3026 3017 3020 3021 3025 3030 3034 3034 3016 3021 3017 3016 3011 3000 3010 2994 3000 2996 3002 2988 2992 2989 2993 2993 2997 3002 2996 2997 2998 2994 2998 3002 2988 2998 2994 2995 2985 2985 3003 3002 2989
3009 3009 3007 2999 3004 3014 3019 3020 3022 3037 3020 3030 3034 3038 3026 3028 3019 3024 3051 3047 3049 3049 3051 3043 3031 3026 3026 3036 3026 3030 3038 3026 3018 3033 3016 3032 3021 3013 3013 3013 3002 3002 3003 2992 2987 2984 2982 3006 2990 2984 3007 2994 2998 2990 2981 2991 3003 2995 2996 2989 3000 2993 2982 2978
3020 3023 3027 3024 3014 3000 3007 3011 3025 3015 3024 3033 3040 3050 3039 3043 3035 3043 3063 3041 3055 3053 3065 3058 3048 3044 3034 3049 3033 3030 3035 3028 3023 3039 3047 3039 3034 3024 3010 3017 3003 3007 2991 3000 3005 2998 3000 3002 2987 2999 2987 3003 2990 2978 2980 2994 3009 3003 2982 2981 2996 3000 2992 2988
3010 3012 3009 3013 3004 3009 3009 3014 3019 3025 3038 3034 3022 3044 3042 3034 3041 3034 3035 3053 3058 3056 3077 3065 3040 3042 3052 3045 3040 3027 3030 3018 3037 3029 3029 3034 3035 3027 3025 3028 3012 3006 3005 2998 3010 3003 2998 2997 2976 2991 2990 2992 3007 2987 2994 2997 2994 2993 2995 2998 2990 3001 2989 2986
3001 2995 3009 3013 3011 3013 3023 3026 3026 3031 3039 3024 3047 3039 3043 3046 3029 3032 3051 3053 3079 3086 3067 3061 3056 3054 3045 3043 3037 3035 3023 3027 3037 3049 3040 3027 3027 3026 3018 3016 3022 3012 3012 2998 2995 2999 2987 3000 2992 2987 2988 3004 3002 3009 2994 3001 3001 2999 3009 3000 2995 2991 2995 2993
2990 2997 3007 3006 3013 3013 3008 3012 3031 3028 3025 3028 3030 3036 3047 3042 3034 3051 3053 3069 3075 3079 3076 3080 3058 3058 3050 3052 3046 3045 3046 3041 3036 3036 3042 3034 3023 3028 3022 3025 3014 3026 3005 3006 2993 3001 2991 3008 2990 3001 2993 2998 2988 2994 2998 3004 2985 3009 2996 2996 2991 2993 2983 3003
2982 2986 3012 3006 3015 3012 3008 3018 3027 3045 3034 3036 3026 3032 3047 3046 3050 3055 3066 3071 3084 3079 3078 3082 3079 3079 3056 3061 3079 3046 3057 3047 3045 3036 3023 3018 3018 3016 3030 3025 3030 3033 3017 3000 3005 3003 2992 2986 2971 2974 3001 3017 2993 2996 2985 3005 2998 2982 2985 2999 2983 2989 2996 2996
3002 2996 3009 3010 3014 3005 3014 3025 3035 3035 3043 3031 3031 3020 3034 3043 3058 3058 3067 3075 3070 3069 3078 3096 3097 3083 3085 3088 3073 3056 3079 3070 3050 3044 3033 3026 3019 3024 3025 3035 3031 3043 3027 3021 3009 3006 2997 2992 3001 2992 3012 2998 2997 3003 2991 2994 2993 2997 2996 3010 2987 2990 2984 2994
2999 3002 3025 3011 3014 3018 3007 3026 3024 3026 3019 3018 3005 3021 3030 3040 3050 3070 3070 3063 3085 3078 3075 3079 3094 3104 3092 3098 3084 3091 3080 3073 3061 3045 3042 3036 3033 3027 3029 3034 3037 3041 3033 3020 2991 3012 3010 2999 2999 2989 3008 2996 2999 3002 2999 2995 2986 2998 2993 3002 2996 2996 2990 2999
3012 3009 3017 3021 3017 3028 3025 3021 3032 3030 3023 3012 3015 3029 3042 3052 3067 3081 3082 3090 3074 3094 3102 3102 3091 3082 3101 3090 3104 3096 3092 3078 3075 3054 3054 3032 3020 3039 3035 3045 3054 3025 3038 3023 3019 2995 3001 3004 3006 2996 2994 2993 3002 2996 3003 3004 3003 2998 2983 2992 3003 3005 3006 3000
3001 3007 3024 3029 3025 3024 3038 3044 3043 3039 3021 3021 3026 3046 3047 3066 3079 3081 3090 3081 3090 3081 3094 3090 3084 3095 3094 3094 3103 3100 3094 3081 3061 3054 3047 3029 3052 3051 3030 3056 3033 3044 3039 3034 3025 3007 3005 2998 2998 2995 2988 2990 2998 2995 3006 2981 3007 3011 2998 3003 2991 2990 2996 3000
3003 3003 3027 3033 3025 3029 3039 3036 3023 3024 3035 3033 3041 3051 3067 3068 3062 3076 3086 3084 3086 3099 3096 3097 3106 3097 3090 3089 3093 3093 3095 3092 3076 3061 3064 3044 3042 3053 3049 3053 3042 3061 3047 3027 3027 3018 3006 2995 2990 2991 2991 2999 3000 2992 2985 2993 2990 3002 3011 3002 3002 3002 3010 2996
2998 3016 3017 3017 3034 3015 3025 3037 3029 3029 3020 3035 3044 3053 3069 3086 3078 3080 3078 3096 3088 3090 3101 3100 3092 3100 3088 3089 3089 3096 3101 3089 3075 3074 3066 3047 3051 3057 3048 3049 3053 3044 3058 3043 3028 3018 3006 2999 2977 2985 3000 3009 3004 2987 3000 2994 3005 2990 3007 3012 3002 2992 3008 2988
2998 3026 3029 3014 3009 3023 3030 3023 3026 3027 3037 3048 3053 3074 3066 3072 3079 3090 3078 3088 3095 3085 3097 3096 3093 3088 3083 3096 3090 3091 3097 3079 3074 3082 3052 3047 3054 3047 3063 3081 3062 3063 3058 3050 3015 3015 3005 3004 2984 2985 3006 3023 3001 2994 2998 3009 3005 2998 3012 3016 3005 3002 2983 2982
3013 3024 3030 3028 3028 3024 3016 3026 3024 3032 3040 3062 3070 3068 3085 3087 3093 3093 3092 3085 3093 3089 3097 3097 3088 3098 3093 3091 3082 3096 3096 3085 3093 3091 3067 3071 3071 3060 3083 3089 3062 3075 3045 3046 3015 3021 3015 3003 2988 2990 3000 3016 3012 3014 3008 3004 2996 3009 3008 3008 3003 3007 2981 2977
3008 3026 3028 3014 3035 3032 3042 3029 3028 3041 3047 3060 3069 3084 3092 3086 3093 3092 3083 3079 3105 3091 3090 3098 3095 3090 3088 3081 3098 3088 3093 3100 3096 3092 3081 3065 3068 3077 3077 3093 3087 3087 3062 3047 3039 3036 3014 3011 3003 2999 3003 3013 3012 3004 3016 3015 3009 3017 3019 3009 3004 3010 2988 2984
3010 3028 3022 3027 3006 3022 3029 3027 3026 3042 3046 3065 3072 3089 3090 3085 3096 3090 3097 3084 3098 3095 3101 3086 3095 3094 3101 3086 3100 3106 3096 3096 3090 3079 3091 3085 3075 3074 3085 3078 3093 3077 3075 3057 3038 3032 3034 3033 3012 3005 3022 3017 3020 3036 3039 3023 3024 3022 3027 3017 3008 3007 2992 2999
3012 3028 3037 3033 3013 3029 3028 3036 3033 3042 3058 3073 3085 3092 3092 3084 3079 3097 3098 3097 3089 3094 3089 3082 3086 3093 3096 3083 3102 3098 3101 3090 3095 3086 3093 3084 3076 3078 3088 3088 3075 3087 3074 3053 3040 3029 3035 3025 3022 3014 3025 3018 3018 3009 3011 3024 3027 3022 3019 3010 3009 3009 3013 3010
3019 3008 3007 3022 3035 3032 3045 3050 3063 3047 3055 3078 3083 3098 3105 3099 3085 3096 3088 3089 3079 3080 3081 3089 3095 3105 3103 3093 3092 3100 3098 3098 3077 3082 3087 3110 3085 3080 3082 3066 3089 3085 3083 3056 3044 3028 3013 3002 2995 3009 3007 3008 3001 2987 3014 3014 3020 2998 2994 3001 3004 2988 3006 3001
3016 3015 3016 3017 3034 3025 3051 3055 3048 3062 3064 3084 3092 3103 3094 3093 3090 3086 3096 3100 3092 3082 3081 3093 3092 3091 3103 3087 3097 3078 3093 3088 3089 3088 3092 3081 3084 3083 3070 3080 3079 3074 3052 3055 3047 3019 3016 3007 3005 2998 3008 3003 2994 2993 3016 2997 2999 2988 2988 2996 2994 3008 3016 3015
3005 3013 3003 3025 3034 3037 3051 3051 3063 3064 3078 3076 3096 3100 3082 3077 3081 3073 3081 3094 3089 3082 3101 3085 3094 3085 3094 3088 3085 3078 3073 3083 3101 3088 3089 3083 3083 3087 3083 3073 3072 3066 3066 3051 3027 3015 2993 3008 3010 3009 3000 3006 2995 3017 2998 2988 3003 2988 3003 2993 3004 3022 3005 3004
3008 3003 3003 3033 3020 3044 3050 3064 3058 3071 3089 3085 3103 3091 3093 3072 3083 3086 3088 3078 3093 3091 3085 3092 3102 3093 3111 3083 3093 3078 3083 3097 3088 3093 3091 3081 3088 3076 3091 3085 3075 3071 3055 3051 3029 3005 2992 3007 2994 3009 2994 3002 3003 3013 2983 2985 3005 2991 3002 3002 3002 3005 2996 3002
3005 3013 3006 3014 3028 3055 3054 3073 3064 3061 3088 3087 3093 3091 3092 3086 3092 3077 3089 3090 3096 3086 3082 3084 3100 3099 3105 3088 3086 3102 3097 3097 3087 3090 3099 3079 3091 3096 3094 3093 3077 3085 3068 3053 3049 3010 3005 2999 2999 3004 3003 3009 3002 3000 2993 2996 3003 2995 2992 2987 2998 2992 2997 3002
3012 3014 3003 3026 3035 3045 3057 3071 3078 3068 3077 3095 3088 3085 3097 3085 3081 3074 3088 3084 3092 3091 3084 3084 3095 3097 3105 3109 3092 3093 3100 3106 3094 3091 3089 3097 3081 3091 3088 3089 3101 3095 3080 3058 3023 3022 3007 2997 2996 2990 2994 2987 3010 3007 2994 2990 3003 2999 3002 3010 3015 2996 3006 3004
3002 3015 2999 3028 3030 3031 3045 3052 3071 3073 3084 3087 3081 3091 3090 3084 3081 3084 3082 3085 3092 3091 3079 3077 3102 3099 3092 3101 3095 3083 3084 3092 3095 3099 3092 3090 3088 3074 3085 3079 3102 3086 3070 3039 3026 3000 2993 2998 3010 2987 2981 2977 2990 3005 2993 2990 2988 3017 3012 3002 3006 2998 3011 3011
3008 3007 3003 3009 3022 3035 3051 3046 3069 3077 3089 3081 3080 3088 3087 3085 3090 3084 3094 3085 3088 3085 3082 3088 3105 3103 3086 3098 3108 3092 3090 3092 3094 3093 3089 3082 3087 3088 3074 3089 3081 3080 3073 3055 3028 2994 3005 2993 2988 2983 2992 2991 2997 2995 3004 2992 3007 2999 3012 3012 2999 3001 3003 3002
3015 2988 2999 3016 3021 3033 3041 3055 3068 3065 3079 3077 3086 3080 3089 3093 3079 3093 3081 3086 3097 3084 3083 3082 3099 3092 3096 3095 3095 3092 3084 3079 3085 3085 3086 3079 3062 3076 3087 3083 3091 3091 3078 3060 3024 3001 2983 2990 2983 2999 2981 2987 2976 2999 3009 3001 2995 3014 3011 2998 3009 3001 3010 3009
3006 3011 3003 3019 3022 3024 3042 3050 3072 3087 3074 3078 3075 3084 3087 3099 3081 3093 3097 3080 3084 3087 3084 3081 3083 3088 3076 3087 3093 3096 3081 3079 3076 3077 3084 3086 3071 3085 3096 3089 3101 3090 3077 3047 3024 2995 2992 2989 2983 2976 3007 2992 2986 2989 3006 3011 3002 3018 3014 3010 3002 3013 3011 3005
3002 2992 3023 3018 3030 3035 3032 3050 3065 3071 3072 3087 3079 3088 3089 3098 3093 3092 3094 3088 3093 3096 3084 3097 3083 3113 3086 3098 3104 3090 3088 3085 3080 3100 3090 3089 3087 3076 3078 3093 3080 3088 3074 3052 3035 3007 2991 2994 2990 3002 2999 2999 2991 2990 3006 3019 3018 3018 3011 2998 3009 3015 3013 3015
3009 3018 3028 3021 3024 3038 3027 3046 3058 3069 3094 3090 3073 3088 3082 3076 3089 3090 3076 3079 3094 3092 3096 3089 3096 3094 3079 3097 3084 3096 3094 3078 3090 3087 3101 3092 3080 3077 3086 3092 3082 3080 3071 3058 3028 2994 2998 3008 2986 2999 3006 3003 2999 2993 3008 3011 3020 3027 3000 2997 3009 3010 3022 3013
3003 3004 3009 3004 3021 3025 3035 3048 3055 3064 3076 3089 3076 3093 3093 3088 3098 3080 3083 3087 3102 3098 3086 3093 3090 3095 3089 3080 3096 3100 3083 3094 3085 3092 3101 3083 3087 3091 3086 3073 3087 3064 3057 3054 3026 2998 2996 3003 3002 2999 3020 3006 3008 3001 3000 2999 3018 3011 3001 3002 3009 3001 3013 3010
2986 3002 3003 3018 3006 3010 3027 3043 3050 3071 3082 3085 3081 3088 3081 3079 3085 3089 3092 3094 3090 3097 3087 3089 3089 3085 3092 3092 3082 3101 3097 3092 3088 3097 3091 3089 3078 3071 3077 3075 3063 3072 3047 3041 3014 2981 3009 3008 2995 2993 2987 3006 2987 2996 2988 2998 3008 3008 3008 3006 3006 3002 3007 3005
2993 3006 2994 3002 3018 3015 3024 3054 3053 3058 3074 3078 3066 3084 3094 3085 3080 3094 3097 3078 3088 3088 3092 3095 3105 3099 3085 3094 3093 3084 3096 3095 3089 3090 3088 3097 3095 3085 3072 3069 3074 3078 3050 3030 3019 3000 2998 3002 3004 2997 3001 2994 3005 3010 3002 2993 3005 3004 3010 2997 2996 2988 2980 2991
3004 3002 3005 3018 3016 3018 3016 3031 3045 3071 3078 3080 3076 3077 3079 3086 3086 3080 3087 3075 3089 3085 3099 3101 3104 3103 3088 3084 3090 3083 3080 3090 3081 3089 3087 3093 3091 3078 3070 3067 3066 3063 3047 3024 3018 3003 3000 3001 3004 3003 2992 2989 2992 3003 3001 2999 2995 3001 2993 3002 3006 3000 2983 2986
2991 3000 2985 3003 2998 3019 3026 3035 3050 3057 3065 3076 3080 3083 3067 3076 3071 3088 3088 3084 3090 3088 3086 3105 3085 3087 3091 3092 3096 3085 3084 3097 3094 3089 3099 3100 3075 3091 3063 3083 3085 3053 3058 3031 2990 2996 2991 3001 2998 2993 3007 2998 3000 2990 2988 2992 3009 3003 2995 3004 3004 3006 2993 2994
2986 2995 3002 2998 3009 2999 3027 3017 3043 3061 3070 3078 3068 3095 3068 3075 3080 3086 3088 3074 3080 3090 3080 3093 3090 3096 3088 3098 3096 3091 3092 3088 3097 3083 3085 3087 3090 3081 3082 3069 3073 3071 3057 3021 3000 2991 2996 3006 2989 2993 2999 3004 2981 3011 2990 3015 2992 2996 3005 3007 2986 2991 3007 3009
2998 2996 3002 3001 2995 3014 3018 3032 3026 3047 3057 3063 3070 3076 3077 3072 3073 3088 3082 3090 3094 3089 3092 3087 3098 3101 3086 3087 3089 3091 3085 3094 3092 3086 3090 3084 3079 3094 3090 3070 3072 3059 3037 3023 3010 2991 3001 3007 3000 2997 3000 2993 2987 2988 2998 2998 3003 2994 2997 3005 2997 2999 3006 3009
2969 2998 2997 3001 3011 3004 3018 3010 3039 3045 3050 3057 3060 3072 3066 3073 3082 3083 3074 3084 3091 3089 3102 3095 3087 3105 3091 3101 3080 3086 3076 3096 3092 3078 3099 3092 3088 3097 3093 3085 3075 3065 3036 3019 3012 3010 3003 3000 2998 2996 3000 2997 2984 2994 2989 3003 2989 2990 2997 3000 3004 3006 3010 2999
2997 2985 2991 2992 3021 2995 3002 3011 3017 3038 3048 3065 3061 3078 3069 3059 3065 3078 3075 3082 3091 3072 3095 3091 3089 3093 3082 3082 3096 3091 3081 3089 3087 3083 3087 3088 3083 3084 3079 3081 3064 3058 3041 3025 3016 3007 2996 2991 2996 2991 3003 3004 2976 2996 2998 2995 3000 3002 2991 3002 2997 3006 2988 3009
2986 3001 2975 3002 3005 2996 3006 3003 3016 3021 3040 3066 3091 3061 3071 3067 3071 3068 3074 3074 3103 3093 3073 3091 3089 3086 3079 3087 3087 3074 3082 3079 3080 3082 3083 3083 3085 3073 3087 3076 3058 3053 3031 3016 3007 3012 2989 2974 2984 2989 3008 2994 3000 2991 2995 3005 3002 2987 2992 3005 2989 3007 3002 2992
2994 2986 2992 2996 2984 2988 3007 2982 2995 3004 3015 3044 3070 3073 3069 3068 3076 3076 3074 3089 3099 3081 3085 3078 3088 3082 3084 3081 3089 3076 3084 3088 3095 3095 3084 3088 3085 3081 3079 3086 3074 3044 3031 3002 3002 2995 2991 2988 2984 2988 2994 2989 2999 2985 2987 2996 3001 3006 3003 3008 2995 3000 2996 3001
2991 2979 2998 2991 2994 2996 3000 3004 2991 2998 2993 3051 3073 3067 3080 3068 3066 3068 3073 3074 3082 3084 3078 3079 3092 3079 3100 3071 3080 3088 3086 3086 3101 3091 3080 3086 3086 3082 3073 3085 3057 3057 3026 3017 3017 3013 2996 2992 2991 3011 2996 2993 2990 2994 2994 2990 2998 3000 2996 3015 3002 3006 2996 3006
2989 2994 2993 2989 2980 2994 2992 3005 3000 3006 3008 3020 3053 3066 3075 3065 3062 3071 3097 3085 3084 3085 3097 3082 3088 3096 3087 3077 3078 3098 3085 3088 3081 3086 3099 3094 3097 3075 3060 3069 3043 3035 3023 3016 3002 2997 3008 3000 3002 2990 2994 2993 2998 2990 3002 2996 3012 3007 3006 3008 3008 2997 2998 2997
2991 2987 2989 2989 2994 2992 2992 3008 3004 3017 3003 3016 3027 3062 3067 3086 3068 3068 3092 3090 3081 3086 3088 3086 3092 3087 3065 3089 3079 3092 3085 3074 3089 3090 3095 3097 3095 3077 3077 3056 3033 3026 3026 3010 3001 2991 2996 2998 3004 2999 2999 2994 2993 2994 3002 2996 3000 3007 2992 3001 3000 2995 2996 3008
2990 2979 2988 2998 3001 3003 3008 3002 3001 3002 2998 3018 3012 3043 3065 3067 3077 3077 3088 3078 3084 3106 3091 3083 3091 3079 3086 3081 3088 3079 3072 3098 3089 3096 3093 3090 3086 3083 3075 3049 3030 3010 3012 3001 3001 2984 2999 2993 2997 3001 2987 2997 3006 2991 2993 3015 3003 2999 3008 2990 2992 2980 2999 3013
2993 2991 2987 2995 2995 3014 3009 2997 2988 2996 2997 2999 3022 3033 3071 3075 3077 3096 3094 3083 3091 3090 3096 3088 3084 3081 3088 3088 3083 3096 3105 3086 3106 3085 3103 3100 3088 3072 3059 3038 3016 3012 3003 3008 3003 2988 2989 2997 2994 2993 2984 2985 2991 2987 3007 3004 2991 3001 2994 2995 2996 2987 2999 3006
2995 2978 2991 2976 2985 3006 3009 2994 2978 2987 2994 3000 3011 3029 3056 3062 3078 3073 3081 3083 3084 3089 3083 3090 3088 3089 3084 3084 3072 3094 3103 3088 3095 3104 3102 3100 3084 3066 3043 3042 3005 3006 2989 3001 3004 2997 2980 2983 2988 2997 3003 2974 2995 2997 3006 2998 3005 2993 2995 2991 3005 3002 3006 3006
2990 2997 2980 2985 2996 2994 3002 2986 2974 2985 2981 2999 3005 3028 3044 3061 3077 3080 3080 3075 3080 3082 3074 3083 3088 3087 3088 3091 3086 3086 3088 3100 3087 3091 3098 3085 3059 3056 3033 3006 2998 3008 3004 3005 3001 2999 2983 2978 2987 2991 2988 3002 2992 3008 3002 3012 3002 3004 3004 3002 3035 3021 3018 3005
2974 2990 2996 2994 2995 2999 3004 3001 2984 2986 2993 2996 3012 3026 3062 3066 3085 3080 3089 3079 3087 3079 3089 3076 3088 3095 3095 3089 3114 3100 3083 3088 3087 3076 3094 3085 3070 3060 3034 3006 3011 2999 3004 3007 3007 3005 2984 2987 2983 2982 2983 2987 2996 3004 3007 3001 3014 3001 3005 3007 3008 3013 3011 3016
2979 2995 3001 2988 2987 2989 2994 2988 2983 2986 2995 2999 3015 3040 3060 3074 3073 3092 3094 3083 3078 3080 3088 3091 3088 3082 3091 3089 3096 3082 3077 3073 3068 3072 3072 3093 3072 3058 3027 2999 2997 2994 3016 3021 2994 2987 2986 2990 2991 2989 2984 3005 3006 3004 2999 3008 2996 2985 3004 3019 3027 3014 3008 3005
2993 2981 3000 2979 2997 2983 2977 2989 3003 2990 2984 3005 3005 3031 3062 3063 3078 3088 3084 3111 3091 3076 3079 3094 3093 3076 3099 3097 3105 3090 3087 3078 3073 3067 3077 3086 3077 3062 3033 3028 3007 3006 3005 3008 2996 2995 2999 2993 2998 2996 3003 2994 2993 3004 3003 3007 3000 3002 3018 3018 3015 3024 3015 3022
2985 2981 2982 2994 2987 2983 2985 2995 3002 2992 2990 3003 3013 3028 3065 3070 3062 3078 3084 3081 3085 3075 3088 3094 3080 3090 3105 3079 3094 3093 3089 3085 3083 3084 3074 3065 3072 3075 3042 3016 3026 2993 3008 3010 2996 3002 2998 2997 2997 3002 3000 3002 2993 2989 3010 2999 3004 3012 3017 3030 3015 3043 3010 3023
2990 3002 2993 2989 2992 2979 2990 2989 2998 2995 3007 3005 3025 3043 3074 3066 3081 3091 3077 3086 3072 3086 3083 3087 3084 3099 3087 3086 3092 3086 3099 3080 3101 3076 3086 3080 3079 3058 3038 3029 3029 3010 3015 3003 3005 3003 2997 3000 2989 2996 3001 2987 2999 3000 2997 2990 3008 3024 3015 3010 3027 3029 3025 3011
2988 2986 2987 2984 2987 2983 2995 3013 3018 3010 3017 3025 3040 3050 3071 3081 3098 3095 3090 3082 3097 3084 3097 3090 3083 3076 3093 3086 3073 3095 3100 3107 3097 3077 3082 3083 3077 3058 3046 3030 3029 3038 3016 3004 3009 3006 2990 3001 2998 2982 3006 2997 2990 2999 3000 2981 3017 3021 3007 3007 3009 3021 3018 3030
3001 3002 3007 3002 3004 3003 3006 3011 3014 3023 3033 3031 3038 3061 3078 3069 3083 3100 3099 3074 3076 3083 3099 3092 3087 3089 3082 3095 3098 3104 3092 3093 3095 3083 3100 3074 3075 3055 3045 3034 3036 3032 3018 3025 3019 3012 3007 3009 3003 2991 3007 2991 3003 3007 3012 3006 3013 3012 3019 3020 3011 3028 3022 3026
2994 3013 2996 3006 3010 3012 3016 3023 3044 3053 3069 3061 3063 3064 3072 3089 3081 3090 3082 3087 3088 3081 3089 3090 3090 3091 3115 3089 3095 3088 3097 3086 3081 3089 3088 3080 3058 3066 3050 3042 3038 3030 3043 3046 3028 3025 3014 3016 3011 3016 3010 3003 3016 3006 3009 3017 3022 3010 3026 3021 3020 3032 3027 3024
2994 2996 3009 3021 3014 3025 3018 3025 3047 3048 3054 3071 3068 3066 3077 3089 3071 3079 3085 3087 3080 3102 3099 3092 3095 3089 3103 3085 3084 3076 3076 3069 3094 3097 3100 3077 3082 3056 3058 3042 3044 3044 3029 3048 3050 3048 3031 3026 3031 3035 3020 3011 3017 3024 3021 3023 3013 3013 3021 3023 3032 3021 3015 3028
2987 3002 3015 3027 3034 3038 3031 3042 3051 3055 3063 3073 3077 3083 3093 3085 3082 3091 3069 3085 3084 3100 3103 3090 3088 3090 3090 3084 3079 3086 3088 3088 3080 3078 3091 3087 3087 3077 3085 3069 3051 3053 3046 3041 3050 3055 3033 3032 3038 3050 3030 3011 3024 3032 3007 3024 3026 3024 3019 3029 3025 3014 3024 3017
