3063 3063 3062 3060 3058 3061 3064 3064 3065 3064 3062 3056 3048 3051 3055 3055 3053 3053 3054 3060 3068 3068 3063 3062 3064 3062 3058 3060 3067 3068 3065 3058 3050 3046 3048 3049 3050 3046 3035 3029 3028 3026 3022 3019 3020 3019 3011 3007 3013 3018 3022 3024 3013 3005 3011 3015 3010 3007 3016 3023 3016 3008 3012 3016
3064 3061 3058 3059 3061 3059 3057 3058 3059 3056 3053 3052 3051 3052 3053 3053 3053 3054 3054 3059 3065 3066 3065 3067 3071 3068 3062 3061 3066 3067 3065 3062 3057 3052 3047 3046 3048 3046 3039 3033 3028 3024 3022 3022 3026 3027 3021 3017 3017 3019 3023 3024 3014 3006 3011 3014 3010 3008 3014 3020 3014 3009 3009 3010
3065 3059 3053 3059 3065 3058 3051 3052 3053 3049 3044 3048 3053 3053 3051 3052 3053 3054 3055 3058 3063 3065 3066 3071 3077 3074 3066 3063 3064 3065 3065 3065 3064 3058 3046 3042 3046 3047 3043 3037 3028 3023 3023 3025 3032 3035 3030 3026 3022 3020 3023 3024 3015 3007 3010 3013 3010 3008 3012 3016 3012 3009 3007 3004
3061 3055 3048 3051 3054 3052 3050 3050 3050 3051 3052 3053 3053 3056 3060 3060 3059 3058 3058 3061 3066 3070 3073 3078 3082 3079 3072 3071 3075 3074 3068 3064 3061 3057 3053 3050 3049 3047 3046 3043 3038 3034 3032 3032 3031 3031 3029 3026 3021 3018 3019 3019 3014 3010 3013 3015 3012 3010 3009 3008 3006 3004 3009 3014
3057 3050 3044 3043 3043 3046 3050 3048 3046 3053 3061 3058 3053 3059 3068 3068 3065 3063 3061 3064 3069 3075 3080 3084 3087 3084 3078 3080 3087 3084 3072 3063 3057 3056 3060 3059 3051 3048 3050 3050 3047 3044 3042 3038 3031 3026 3026 3026 3021 3017 3015 3014 3013 3013 3015 3017 3014 3011 3006 3000 3000 3000 3013 3025
3059 3051 3044 3040 3037 3042 3047 3046 3043 3049 3056 3057 3057 3061 3066 3068 3069 3067 3064 3065 3067 3071 3076 3082 3089 3088 3083 3083 3087 3083 3072 3068 3068 3067 3065 3062 3056 3053 3052 3050 3045 3043 3045 3043 3035 3028 3027 3026 3023 3020 3014 3009 3010 3012 3012 3012 3013 3014 3012 3009 3006 3003 3012 3022
3061 3053 3044 3038 3032 3038 3045 3043 3040 3044 3050 3056 3062 3063 3063 3068 3073 3071 3066 3065 3065 3068 3071 3080 3090 3092 3087 3085 3085 3081 3073 3073 3080 3079 3070 3064 3062 3059 3054 3049 3043 3041 3047 3048 3039 3032 3028 3026 3026 3024 3012 3003 3007 3010 3008 3006 3012 3018 3018 3019 3012 3006 3012 3017
3016 3016 3016 3015 3014 3014 3014 3016 3018 3024 3030 3037 3044 3045 3045 3047 3051 3052 3052 3053 3054 3058 3065 3073 3082 3086 3088 3087 3084 3082 3080 3081 3084 3083 3078 3071 3062 3055 3052 3046 3036 3033 3039 3042 3038 3033 3026 3020 3016 3013 3012 3011 3008 3005 3005 3004 3005 3007 3008 3009 3007 3005 3007 3009
2965 2975 2985 2990 2994 2988 2981 2987 2995 3002 3009 3016 3022 3024 3025 3025 3026 3031 3036 3039 3041 3049 3059 3066 3072 3080 3088 3088 3083 3083 3087 3089 3088 3087 3087 3079 3062 3051 3048 3042 3030 3024 3030 3034 3036 3034 3023 3013 3004 3001 3012 3020 3009 3000 3002 3003 2998 2994 2995 2997 3000 3003 3002 3001
2966 2972 2979 2982 2986 2987 2987 2992 2997 3006 3015 3017 3018 3021 3024 3025 3025 3029 3034 3043 3053 3062 3071 3076 3078 3083 3089 3091 3089 3090 3093 3093 3090 3089 3090 3084 3071 3059 3049 3041 3034 3030 3032 3034 3038 3037 3026 3017 3013 3010 3014 3017 3013 3010 3007 3003 2998 2994 2994 2995 3003 3009 3007 3006
2974 2975 2976 2978 2979 2989 2999 3001 3003 3014 3025 3022 3015 3020 3027 3028 3029 3031 3034 3049 3068 3079 3086 3088 3086 3087 3089 3093 3097 3099 3099 3097 3093 3092 3092 3089 3082 3070 3052 3040 3039 3038 3036 3036 3040 3040 3030 3023 3024 3023 3016 3012 3018 3022 3013 3004 3000 2996 2995 2996 3006 3017 3014 3012
2974 2978 2982 2984 2986 2992 2998 3003 3009 3016 3024 3025 3024 3028 3033 3033 3032 3040 3050 3064 3079 3085 3086 3088 3091 3092 3092 3095 3100 3102 3100 3097 3095 3094 3096 3093 3085 3073 3056 3045 3046 3047 3047 3048 3052 3053 3045 3038 3033 3027 3020 3015 3016 3017 3012 3008 3005 3003 2999 2997 3005 3013 3013 3013
2973 2982 2990 2993 2996 2995 2995 3004 3014 3018 3021 3027 3034 3038 3040 3039 3036 3050 3070 3081 3089 3088 3083 3087 3095 3097 3095 3097 3102 3103 3100 3097 3096 3096 3100 3097 3088 3075 3060 3052 3053 3055 3058 3061 3065 3066 3063 3056 3042 3030 3025 3020 3014 3009 3010 3011 3011 3011 3004 2998 3002 3006 3010 3013
2979 2985 2991 2994 2997 2996 2995 3006 3018 3022 3025 3029 3035 3037 3039 3041 3042 3059 3080 3088 3090 3089 3085 3090 3099 3100 3097 3097 3100 3101 3099 3097 3096 3097 3102 3101 3093 3082 3065 3056 3058 3061 3067 3072 3073 3072 3069 3061 3045 3032 3026 3020 3012 3006 3008 3010 3009 3008 3007 3005 3004 3003 3006 3009
2987 2988 2989 2993 2996 2996 2997 3008 3021 3026 3029 3031 3032 3034 3035 3042 3049 3067 3087 3092 3089 3088 3088 3094 3102 3103 3099 3097 3097 3097 3098 3097 3096 3098 3103 3104 3100 3089 3071 3060 3061 3066 3076 3082 3080 3077 3071 3063 3048 3034 3027 3020 3011 3005 3007 3008 3006 3004 3009 3014 3007 3001 3002 3003
2992 2994 2997 3000 3003 3003 3004 3014 3026 3030 3034 3036 3039 3039 3037 3046 3058 3072 3086 3091 3092 3092 3093 3095 3099 3100 3099 3097 3096 3095 3095 3094 3094 3096 3100 3101 3099 3091 3077 3067 3066 3069 3079 3086 3084 3081 3074 3066 3052 3039 3029 3019 3013 3009 3010 3010 3005 3000 3002 3004 3002 2999 3002 3005
2997 3002 3006 3009 3012 3012 3013 3022 3032 3035 3038 3043 3048 3045 3040 3052 3068 3076 3082 3089 3095 3098 3098 3096 3094 3095 3098 3098 3096 3094 3091 3091 3092 3094 3096 3097 3096 3092 3083 3076 3071 3072 3082 3088 3087 3085 3078 3069 3058 3046 3031 3018 3017 3015 3015 3013 3005 2997 2993 2989 2993 2997 3003 3009
3002 3007 3012 3013 3014 3015 3016 3023 3031 3035 3039 3043 3047 3049 3050 3063 3079 3082 3081 3086 3094 3096 3095 3092 3088 3091 3098 3099 3095 3093 3091 3091 3093 3096 3100 3100 3095 3090 3086 3081 3075 3074 3082 3088 3087 3085 3079 3071 3057 3042 3027 3015 3014 3013 3013 3011 3005 3000 2997 2995 2996 2997 3005 3013
3007 3012 3017 3016 3015 3016 3017 3022 3028 3034 3039 3041 3042 3051 3062 3075 3089 3087 3080 3083 3091 3092 3089 3086 3082 3087 3098 3099 3094 3091 3091 3092 3094 3099 3107 3105 3094 3088 3089 3086 3078 3075 3082 3087 3086 3084 3080 3073 3053 3034 3022 3011 3010 3008 3008 3008 3006 3004 3006 3007 3003 2999 3007 3016
3010 3013 3016 3017 3017 3018 3019 3025 3031 3037 3042 3044 3045 3056 3070 3081 3091 3090 3084 3085 3089 3089 3087 3084 3080 3084 3093 3095 3093 3093 3094 3096 3098 3100 3103 3100 3091 3087 3088 3087 3083 3081 3083 3084 3085 3085 3083 3077 3056 3038 3026 3015 3010 3006 3008 3009 3007 3006 3009 3011 3007 3003 3010 3016
3012 3013 3015 3017 3019 3020 3021 3029 3037 3042 3046 3049 3051 3063 3077 3084 3089 3091 3091 3090 3088 3087 3086 3084 3080 3081 3086 3089 3092 3096 3099 3102 3103 3101 3094 3090 3088 3086 3086 3086 3089 3089 3084 3081 3085 3087 3086 3081 3062 3045 3034 3022 3013 3005 3009 3012 3010 3008 3010 3013 3010 3008 3011 3014
3013 3016 3019 3022 3025 3025 3024 3030 3037 3041 3044 3050 3056 3068 3082 3087 3089 3090 3090 3089 3087 3087 3088 3086 3083 3082 3084 3087 3091 3095 3100 3103 3104 3102 3095 3091 3092 3091 3089 3088 3090 3089 3086 3084 3085 3087 3088 3084 3065 3049 3038 3027 3019 3013 3016 3019 3017 3015 3013 3012 3011 3011 3012 3013
3014 3020 3025 3029 3032 3030 3027 3031 3035 3038 3040 3050 3062 3073 3085 3089 3090 3088 3085 3085 3086 3088 3090 3089 3087 3086 3085 3086 3089 3093 3099 3103 3104 3103 3099 3097 3099 3098 3095 3092 3088 3086 3088 3088 3086 3085 3088 3086 3067 3051 3040 3031 3028 3026 3027 3028 3027 3025 3017 3010 3011 3012 3012 3011
3015 3018 3021 3023 3025 3023 3020 3026 3033 3039 3044 3054 3064 3076 3088 3091 3091 3088 3083 3085 3088 3090 3091 3091 3090 3090 3090 3091 3095 3096 3097 3099 3100 3101 3101 3102 3104 3102 3096 3090 3085 3084 3089 3091 3089 3087 3088 3083 3063 3045 3037 3030 3027 3024 3024 3024 3023 3021 3014 3009 3011 3014 3012 3010
3014 3012 3010 3010 3011 3009 3008 3018 3029 3041 3053 3060 3066 3078 3092 3093 3091 3087 3083 3086 3092 3092 3090 3091 3093 3095 3097 3100 3105 3103 3095 3092 3094 3097 3102 3106 3108 3105 3094 3085 3082 3082 3089 3094 3093 3091 3087 3078 3055 3035 3031 3027 3020 3015 3014 3013 3011 3009 3008 3008 3012 3015 3012 3009
3011 3010 3009 3006 3003 3002 3002 3013 3025 3039 3053 3060 3065 3077 3089 3092 3092 3089 3085 3088 3094 3093 3089 3090 3094 3097 3100 3104 3107 3105 3098 3094 3095 3098 3103 3107 3108 3104 3095 3087 3081 3081 3089 3094 3094 3092 3087 3077 3051 3030 3027 3023 3015 3009 3009 3010 3008 3006 3005 3005 3008 3012 3013 3014
3006 3010 3015 3007 2998 2999 3001 3010 3019 3033 3046 3056 3064 3073 3083 3089 3094 3092 3089 3091 3095 3093 3087 3088 3093 3097 3101 3103 3105 3105 3103 3102 3101 3102 3105 3106 3104 3102 3098 3092 3083 3081 3088 3093 3093 3092 3087 3077 3050 3028 3023 3018 3011 3006 3009 3011 3010 3009 3004 3001 3003 3005 3014 3023
3003 3009 3014 3009 3003 3003 3002 3009 3017 3032 3048 3058 3066 3075 3084 3089 3093 3093 3092 3094 3096 3093 3088 3089 3094 3098 3102 3104 3104 3104 3103 3103 3102 3103 3105 3105 3104 3102 3100 3096 3088 3084 3089 3093 3093 3091 3088 3078 3051 3029 3021 3014 3009 3005 3007 3009 3010 3010 3007 3005 3004 3004 3017 3031
3002 3005 3009 3011 3014 3010 3005 3011 3017 3035 3055 3064 3071 3081 3090 3092 3091 3093 3097 3097 3096 3093 3090 3091 3095 3099 3104 3105 3106 3103 3099 3098 3100 3102 3105 3105 3104 3103 3101 3098 3094 3091 3092 3092 3092 3091 3089 3080 3054 3031 3020 3011 3008 3006 3005 3005 3007 3010 3012 3014 3010 3006 3022 3038
3003 3003 3003 3009 3015 3010 3005 3010 3015 3034 3056 3065 3072 3081 3089 3091 3090 3091 3093 3093 3093 3092 3091 3093 3097 3099 3100 3102 3105 3104 3099 3097 3099 3101 3103 3104 3103 3103 3102 3100 3097 3094 3094 3093 3091 3089 3086 3078 3053 3030 3018 3007 3006 3004 3003 3003 3009 3014 3016 3017 3014 3011 3024 3038
3007 3001 2996 3002 3008 3006 3002 3006 3011 3029 3050 3061 3070 3076 3082 3087 3091 3088 3082 3083 3088 3090 3091 3094 3099 3098 3092 3095 3103 3105 3101 3099 3101 3101 3100 3100 3101 3102 3103 3102 3097 3095 3096 3096 3090 3085 3082 3073 3049 3027 3014 3003 3001 2999 3001 3004 3014 3022 3018 3015 3016 3017 3024 3032
3009 3002 2996 3001 3007 3005 3002 3005 3009 3025 3044 3056 3066 3073 3078 3083 3089 3085 3077 3079 3086 3090 3092 3096 3100 3098 3091 3093 3101 3104 3102 3101 3101 3100 3098 3097 3099 3100 3101 3100 3096 3094 3095 3094 3089 3085 3081 3071 3047 3026 3011 3000 3000 3000 3003 3007 3016 3024 3018 3012 3015 3018 3023 3027
3008 3005 3002 3006 3011 3008 3004 3006 3009 3022 3037 3050 3063 3070 3075 3080 3086 3083 3078 3080 3086 3090 3093 3096 3099 3099 3096 3096 3099 3101 3101 3101 3100 3098 3095 3094 3096 3097 3098 3097 3093 3090 3090 3089 3088 3087 3083 3074 3049 3025 3009 2997 3002 3006 3009 3012 3018 3022 3014 3007 3010 3014 3019 3024
3010 3011 3011 3014 3017 3015 3013 3013 3013 3022 3033 3047 3061 3069 3075 3081 3086 3084 3080 3082 3085 3089 3092 3096 3099 3100 3100 3099 3098 3099 3101 3101 3099 3096 3094 3094 3096 3096 3095 3094 3091 3089 3088 3087 3088 3087 3082 3072 3048 3026 3010 2998 3004 3009 3010 3012 3019 3024 3014 3005 3009 3013 3016 3019
3013 3019 3025 3024 3024 3026 3027 3025 3022 3027 3033 3047 3061 3071 3079 3085 3090 3089 3085 3084 3084 3086 3089 3094 3099 3101 3103 3102 3099 3099 3102 3101 3096 3094 3095 3096 3098 3098 3094 3092 3092 3091 3089 3088 3087 3084 3076 3065 3046 3029 3013 3002 3005 3007 3006 3007 3020 3030 3018 3007 3011 3015 3014 3013
3014 3019 3025 3024 3023 3027 3031 3027 3022 3023 3025 3040 3057 3070 3081 3085 3088 3088 3086 3084 3083 3085 3089 3093 3096 3099 3102 3101 3098 3098 3102 3101 3096 3094 3095 3097 3098 3099 3097 3095 3096 3095 3093 3090 3086 3082 3074 3064 3046 3029 3016 3005 3007 3008 3004 3003 3018 3031 3019 3009 3013 3017 3015 3013
3011 3011 3011 3012 3013 3017 3022 3017 3010 3008 3008 3026 3049 3065 3080 3082 3079 3080 3081 3083 3084 3088 3093 3093 3089 3091 3096 3096 3094 3096 3100 3101 3097 3095 3095 3095 3095 3098 3102 3105 3104 3102 3099 3094 3087 3081 3079 3072 3047 3026 3016 3008 3010 3011 3004 3000 3014 3026 3017 3010 3014 3019 3020 3021
3008 3005 3001 3004 3007 3011 3014 3009 3002 3000 3000 3018 3040 3060 3078 3079 3075 3076 3078 3081 3084 3087 3092 3091 3087 3089 3093 3094 3093 3095 3099 3099 3097 3095 3094 3093 3093 3096 3105 3109 3106 3103 3100 3095 3087 3080 3080 3072 3043 3020 3014 3009 3011 3011 3004 3000 3010 3019 3013 3007 3013 3019 3022 3024
3005 3002 2999 3004 3009 3009 3009 3004 2999 3001 3005 3017 3031 3052 3074 3079 3078 3077 3076 3079 3082 3084 3084 3087 3092 3094 3095 3096 3096 3097 3097 3096 3093 3092 3093 3092 3090 3092 3101 3105 3099 3095 3095 3093 3087 3080 3074 3062 3032 3010 3009 3008 3009 3009 3006 3004 3009 3012 3004 2998 3008 3017 3019 3021
3004 3002 2999 3005 3011 3009 3006 3004 3002 3005 3009 3015 3022 3042 3066 3074 3078 3078 3076 3078 3081 3082 3081 3085 3093 3096 3095 3095 3097 3097 3096 3094 3091 3091 3092 3092 3089 3091 3100 3102 3095 3090 3090 3089 3085 3079 3067 3051 3026 3006 3008 3008 3007 3006 3006 3005 3006 3007 3000 2993 3002 3011 3014 3017
3008 3005 3002 3007 3014 3011 3007 3010 3015 3013 3010 3011 3014 3031 3052 3064 3074 3077 3077 3079 3080 3082 3083 3086 3091 3092 3090 3091 3093 3095 3097 3096 3092 3091 3093 3093 3093 3095 3101 3102 3095 3090 3085 3081 3080 3074 3057 3040 3026 3014 3012 3009 3006 3003 3002 3001 3004 3006 3000 2995 2997 2999 3005 3011
3009 3007 3005 3009 3012 3010 3007 3013 3021 3016 3009 3008 3009 3023 3040 3056 3072 3077 3079 3080 3081 3083 3087 3089 3090 3091 3090 3091 3091 3093 3096 3096 3091 3090 3092 3094 3095 3097 3100 3101 3097 3091 3084 3078 3078 3072 3050 3032 3024 3017 3014 3011 3006 3002 3001 3000 3004 3007 3001 2995 2995 2996 3003 3010
3005 3008 3011 3007 3004 3004 3005 3010 3016 3011 3005 3007 3011 3021 3031 3051 3074 3080 3080 3081 3083 3089 3096 3097 3093 3095 3099 3097 3090 3089 3093 3093 3089 3088 3089 3091 3094 3096 3097 3098 3099 3097 3090 3084 3080 3071 3048 3029 3020 3013 3013 3012 3008 3005 3006 3007 3009 3011 3002 2994 3001 3008 3011 3014
3001 3007 3013 3005 2996 2999 3002 3006 3010 3007 3003 3007 3012 3018 3023 3045 3072 3079 3079 3081 3084 3090 3099 3099 3095 3098 3104 3101 3090 3087 3091 3091 3088 3088 3090 3092 3095 3096 3096 3096 3099 3098 3092 3086 3080 3069 3045 3025 3015 3008 3012 3014 3010 3007 3009 3010 3012 3013 3004 2996 3006 3015 3014 3014
2999 3004 3008 3000 2992 2994 2997 2999 3001 3002 3003 3006 3010 3013 3015 3035 3059 3069 3073 3077 3082 3085 3088 3091 3094 3099 3104 3100 3091 3089 3094 3094 3089 3091 3098 3101 3099 3099 3100 3099 3094 3089 3084 3079 3074 3063 3040 3019 3008 3001 3011 3018 3013 3009 3008 3008 3010 3011 3009 3008 3009 3010 3008 3006
2996 2999 3003 2997 2991 2993 2996 2997 2997 2999 3001 3004 3007 3008 3009 3025 3046 3059 3069 3075 3081 3082 3082 3086 3093 3099 3103 3100 3092 3091 3096 3096 3091 3094 3103 3107 3102 3100 3102 3099 3091 3084 3080 3074 3065 3053 3033 3015 3004 2998 3010 3019 3015 3011 3008 3005 3006 3008 3011 3014 3010 3006 3003 3000
2991 2994 2996 2998 3001 3003 3006 3006 3005 3001 2996 2998 3001 3004 3006 3018 3033 3051 3069 3076 3079 3083 3087 3090 3092 3096 3102 3101 3095 3094 3097 3097 3094 3095 3101 3102 3100 3098 3098 3096 3093 3089 3083 3072 3051 3033 3024 3016 3008 3002 3006 3010 3012 3012 3006 3001 3002 3004 3007 3010 3006 3001 3000 2999
2990 2991 2991 2999 3006 3009 3012 3011 3009 3002 2993 2994 2997 3001 3005 3013 3021 3042 3067 3076 3078 3084 3091 3093 3092 3095 3101 3102 3098 3097 3098 3097 3095 3095 3098 3099 3098 3097 3095 3094 3094 3091 3084 3069 3040 3019 3018 3016 3010 3005 3004 3004 3009 3012 3005 2999 3000 3001 3004 3006 3003 3000 3000 3000
3000 2996 2992 2996 3001 3003 3005 3004 3004 3001 2997 2998 2999 3004 3009 3012 3013 3033 3059 3071 3078 3084 3090 3092 3092 3096 3102 3104 3101 3100 3098 3095 3089 3089 3096 3099 3099 3098 3096 3094 3091 3086 3077 3063 3039 3021 3017 3012 3008 3004 3003 3003 3006 3007 3005 3003 3003 3003 3004 3005 3007 3008 3007 3007
3006 2999 2992 2995 2998 2999 2999 2999 2999 3000 3000 3000 3000 3005 3011 3011 3008 3027 3053 3068 3078 3085 3090 3092 3093 3097 3103 3104 3104 3102 3099 3093 3085 3084 3092 3097 3099 3099 3096 3093 3088 3081 3071 3058 3038 3023 3016 3010 3006 3003 3003 3002 3003 3003 3004 3004 3006 3007 3005 3004 3009 3014 3012 3010
3003 2996 2990 2994 2998 3000 3001 2999 2997 2999 3001 3001 3001 3003 3006 3009 3011 3030 3054 3069 3081 3088 3095 3096 3094 3096 3099 3101 3103 3103 3102 3097 3088 3084 3085 3089 3095 3098 3096 3093 3089 3082 3070 3057 3040 3026 3017 3010 3007 3004 3004 3003 3002 3000 2997 2996 3009 3019 3010 3001 3007 3012 3007 3003
3001 2995 2988 2993 2999 3001 3003 2999 2995 2998 3002 3002 3001 3001 3002 3007 3014 3032 3054 3069 3082 3091 3098 3098 3094 3094 3095 3098 3101 3103 3103 3099 3091 3085 3081 3084 3094 3099 3096 3093 3089 3082 3069 3055 3040 3027 3017 3009 3007 3005 3005 3004 3001 2998 2993 2992 3012 3028 3014 3001 3006 3011 3005 2999
3009 2998 2987 2994 3001 3003 3005 3002 2999 2999 3001 3002 3002 3001 3000 3005 3011 3028 3049 3065 3079 3088 3093 3093 3090 3089 3090 3092 3095 3097 3099 3097 3091 3088 3088 3092 3100 3102 3097 3091 3087 3079 3065 3050 3031 3017 3012 3009 3009 3008 3007 3005 3002 3000 3000 3001 3013 3022 3015 3008 3010 3012 3009 3006
3014 3000 2986 2994 3004 3005 3005 3002 2999 2999 2999 3000 3003 3001 2999 3003 3009 3025 3045 3062 3078 3085 3089 3088 3086 3085 3086 3087 3089 3092 3095 3095 3092 3092 3095 3099 3104 3104 3096 3089 3085 3077 3063 3047 3024 3009 3009 3009 3010 3010 3008 3006 3004 3003 3006 3009 3013 3016 3016 3016 3015 3014 3014 3014
3009 2998 2987 2995 3005 3003 3000 2992 2984 2986 2989 2996 3003 3004 3004 3006 3009 3024 3044 3063 3082 3089 3089 3088 3085 3085 3088 3089 3089 3090 3091 3092 3092 3093 3096 3097 3098 3095 3089 3085 3086 3082 3069 3052 3029 3013 3013 3012 3011 3009 3010 3011 3012 3013 3010 3008 3010 3013 3017 3021 3023 3024 3021 3018
3005 2997 2988 2997 3006 3002 2996 2985 2974 2977 2983 2993 3003 3006 3008 3009 3010 3025 3045 3066 3087 3092 3090 3087 3085 3086 3090 3091 3089 3088 3088 3089 3093 3096 3097 3096 3093 3088 3084 3083 3088 3087 3074 3058 3034 3017 3017 3016 3012 3009 3012 3015 3018 3020 3013 3007 3009 3011 3019 3027 3030 3033 3027 3021
3006 3002 2997 3000 3004 3004 3003 2997 2991 2993 2996 3002 3008 3009 3008 3014 3022 3039 3058 3077 3094 3096 3089 3088 3089 3092 3095 3095 3094 3092 3090 3092 3099 3101 3099 3097 3095 3094 3093 3092 3092 3088 3078 3064 3041 3025 3024 3021 3015 3011 3010 3010 3012 3013 3011 3010 3013 3017 3024 3030 3032 3034 3029 3024
3007 3006 3005 3004 3002 3005 3008 3008 3008 3008 3010 3011 3013 3012 3010 3021 3034 3052 3071 3087 3101 3099 3089 3089 3093 3097 3099 3099 3098 3095 3093 3096 3104 3105 3101 3098 3098 3099 3101 3101 3096 3090 3082 3070 3049 3033 3031 3027 3020 3013 3009 3006 3007 3008 3010 3012 3018 3023 3028 3033 3034 3035 3031 3027
3004 3005 3007 3003 2999 3001 3004 3008 3012 3015 3017 3022 3028 3029 3029 3036 3045 3060 3078 3089 3098 3096 3090 3092 3098 3102 3104 3102 3097 3096 3098 3100 3104 3104 3101 3099 3099 3100 3101 3101 3099 3095 3089 3079 3059 3044 3039 3035 3029 3024 3017 3012 3014 3016 3017 3018 3020 3022 3026 3031 3034 3037 3032 3026
3001 3004 3008 3003 2997 2999 3001 3009 3017 3021 3025 3033 3042 3045 3046 3051 3057 3069 3084 3091 3095 3094 3092 3095 3101 3105 3108 3105 3097 3096 3102 3104 3104 3102 3101 3100 3100 3100 3101 3102 3101 3100 3096 3088 3070 3055 3048 3043 3039 3035 3025 3019 3022 3024 3024 3024 3023 3022 3025 3028 3034 3039 3033 3026
2998 3003 3008 3009 3009 3009 3009 3018 3028 3033 3036 3042 3047 3052 3057 3065 3074 3082 3090 3094 3096 3097 3097 3098 3100 3100 3098 3095 3093 3095 3101 3104 3104 3103 3102 3100 3096 3095 3098 3099 3098 3096 3092 3087 3076 3066 3058 3053 3051 3048 3040 3035 3039 3042 3036 3031 3031 3032 3031 3031 3037 3043 3038 3034
2996 3003 3009 3015 3021 3019 3017 3028 3040 3044 3048 3050 3053 3060 3067 3079 3091 3095 3096 3097 3098 3099 3101 3101 3099 3094 3088 3087 3089 3094 3100 3103 3104 3104 3103 3099 3093 3091 3095 3096 3094 3092 3089 3086 3082 3077 3068 3062 3062 3061 3054 3050 3056 3059 3047 3038 3040 3042 3037 3033 3040 3047 3044 3041
3010 3017 3024 3026 3028 3030 3031 3041 3052 3055 3056 3058 3059 3065 3072 3083 3095 3098 3099 3098 3097 3097 3098 3101 3105 3102 3094 3092 3093 3095 3098 3100 3100 3101 3102 3102 3099 3098 3097 3096 3094 3093 3094 3092 3087 3081 3074 3068 3067 3065 3061 3057 3058 3058 3053 3049 3052 3055 3050 3045 3048 3050 3048 3046
3024 3031 3038 3037 3035 3040 3045 3054 3064 3065 3065 3065 3066 3071 3078 3087 3098 3102 3103 3100 3095 3094 3095 3101 3110 3109 3101 3097 3097 3097 3096 3096 3096 3098 3101 3104 3106 3105 3100 3096 3094 3094 3098 3099 3092 3085 3079 3074 3073 3070 3067 3063 3060 3057 3059 3061 3064 3068 3063 3058 3056 3054 3052 3050
