3074 3073 3077 3070 3071 3054 3050 3056 3058 3052 3067 3060 3044 3060 3063 3055 3052 3046 3047 3043 3031 3041 3039 3054 3061 3052 3047 3039 3043 3035 3048 3052 3045 3050 3066 3069 3072 3065 3056 3043 3037 3039 3040 3036 3038 3029 3028 3016 3022 3025 3029 3015 3024 3009 3012 3020 3020 3032 3017 3010 3018 3012 3011 3005
3074 3069 3053 3069 3064 3068 3049 3042 3051 3053 3052 3067 3052 3051 3066 3051 3058 3052 3043 3041 3037 3047 3048 3048 3058 3046 3049 3060 3043 3046 3051 3056 3045 3067 3062 3047 3059 3055 3052 3047 3046 3045 3038 3032 3038 3034 3032 3032 3023 3030 3018 3030 3018 3026 3002 3008 3008 3009 3023 3001 3004 3019 3009 3010
3064 3060 3044 3064 3061 3066 3065 3063 3041 3041 3050 3050 3057 3041 3050 3041 3051 3050 3052 3046 3045 3062 3038 3043 3057 3046 3063 3057 3062 3045 3053 3056 3056 3065 3059 3053 3058 3065 3058 3040 3050 3038 3042 3044 3039 3025 3052 3024 3035 3015 3019 3022 3028 3038 3016 2997 3009 3023 3014 3004 3013 3022 3019 3020
3053 3056 3056 3059 3062 3050 3046 3051 3041 3043 3054 3051 3039 3042 3047 3044 3055 3059 3047 3055 3059 3046 3063 3036 3040 3045 3056 3052 3055 3054 3058 3070 3059 3073 3063 3061 3060 3068 3057 3048 3051 3049 3034 3046 3047 3039 3035 3032 3029 3027 3021 3024 3031 3028 3017 3009 3019 3029 3017 2998 3001 3018 3021 3016
3031 3041 3054 3048 3042 3058 3049 3044 3046 3051 3057 3047 3038 3047 3039 3031 3031 3051 3051 3047 3065 3048 3051 3039 3032 3052 3053 3064 3059 3074 3068 3091 3053 3059 3057 3056 3054 3049 3053 3047 3050 3052 3045 3049 3061 3053 3026 3042 3034 3033 3023 3014 3030 3016 3020 3037 3019 3035 3008 3009 3011 3011 3013 3016
3038 3044 3057 3045 3046 3044 3024 3036 3039 3030 3052 3044 3047 3043 3044 3029 3049 3047 3046 3053 3058 3057 3055 3047 3045 3030 3058 3048 3058 3071 3077 3079 3068 3073 3063 3059 3071 3056 3056 3052 3054 3042 3054 3043 3059 3049 3051 3037 3035 3020 3026 3026 3028 3030 3027 3015 3037 3038 3009 3017 3020 3016 3020 3007
3047 3052 3069 3050 3050 3038 3036 3033 3040 3022 3052 3038 3039 3040 3054 3045 3055 3037 3055 3055 3056 3040 3041 3043 3058 3049 3054 3051 3063 3064 3071 3079 3078 3088 3069 3069 3065 3069 3062 3058 3051 3055 3045 3045 3048 3045 3024 3052 3051 3027 3024 3015 3026 3038 3034 3031 3029 3025 3023 3010 3035 3040 3026 3012
3012 3017 3017 3018 3023 3016 3010 3015 3019 3017 3016 3014 3020 3020 3033 3026 3031 3029 3036 3044 3027 3041 3032 3045 3053 3045 3040 3036 3036 3073 3080 3070 3069 3070 3062 3064 3063 3065 3065 3062 3044 3041 3041 3048 3049 3061 3062 3038 3044 3029 3037 3024 3031 3032 3026 3021 3019 3011 3028 3020 3016 3024 3009 3005
2993 2985 2973 2980 2998 2972 2985 2994 2997 3006 3004 2982 2995 2991 2999 3005 3013 3008 3023 3014 3018 3030 3024 3028 3037 3036 3039 3036 3034 3035 3064 3067 3063 3076 3063 3072 3067 3052 3046 3054 3045 3041 3043 3050 3036 3042 3047 3048 3039 3026 3021 3019 3020 3023 3018 3015 3012 3009 3017 3010 3016 3005 3008 3015
2978 2984 2972 2984 2972 2984 2976 2994 2994 2995 2983 2979 2989 3001 3006 3005 3002 3006 3013 3022 3013 3019 3027 3031 3037 3044 3035 3023 3041 3052 3052 3078 3059 3070 3082 3081 3086 3065 3061 3041 3080 3061 3065 3067 3059 3041 3060 3052 3044 3025 3032 3026 3011 3015 3022 3013 3014 3013 3012 3004 3009 3018 3008 2991
2968 3001 2983 2984 2983 2984 2991 3002 2995 3006 3008 2997 2993 3014 3027 3021 3030 3031 3018 3014 3031 3020 3036 3035 3034 3031 3032 3022 3042 3048 3042 3060 3078 3089 3083 3104 3088 3094 3082 3080 3073 3099 3080 3095 3062 3060 3046 3044 3045 3035 3012 3025 3035 3021 3027 3011 3018 3007 3010 2999 2996 3021 3005 3000
2980 2987 2981 2978 2983 2993 2980 2989 2995 3009 2995 3002 2996 3011 3017 3025 3028 3013 3026 3023 3019 3025 3029 3029 3037 3050 3038 3037 3046 3056 3055 3073 3079 3094 3096 3097 3091 3081 3094 3091 3101 3083 3090 3090 3063 3056 3048 3041 3037 3034 3042 3030 3043 3028 3015 3033 3019 3013 3007 3002 2995 3008 3003 2993
2994 2987 2987 2990 3002 3002 2994 2978 2989 2981 2988 2999 3009 3015 3010 3022 3014 3020 3030 3031 3034 3034 3019 3042 3017 3040 3038 3057 3071 3070 3078 3090 3100 3107 3095 3099 3095 3095 3090 3111 3106 3093 3108 3099 3076 3065 3041 3037 3049 3038 3044 3048 3049 3042 3028 3031 3032 3026 3007 2995 3003 3003 3004 2995
3003 2998 2987 2983 2992 2998 2991 2986 2991 2993 2984 3012 2995 3012 3005 3011 3017 3021 3034 3033 3033 3037 3036 3030 3031 3048 3055 3053 3072 3092 3088 3080 3097 3102 3101 3098 3088 3087 3114 3105 3102 3110 3105 3098 3087 3065 3061 3041 3042 3049 3060 3054 3054 3032 3038 3033 3019 3017 3010 2983 2991 3016 3001 2983
3001 2993 2996 2992 3001 2976 2978 2988 2987 2992 3005 3003 2988 3005 3006 3006 3037 3027 3039 3035 3028 3035 3034 3037 3053 3051 3080 3076 3082 3090 3094 3088 3094 3101 3099 3109 3093 3095 3094 3115 3104 3093 3094 3097 3089 3098 3078 3068 3054 3052 3064 3067 3065 3045 3032 3027 3026 3003 2997 2997 2992 3004 3001 2995
3011 3014 2990 2993 3006 3009 2990 2982 2997 2995 3002 2992 2997 3015 3006 3021 3024 3023 3034 3040 3025 3028 3051 3045 3055 3062 3072 3094 3086 3097 3094 3091 3091 3098 3108 3102 3090 3089 3095 3089 3100 3093 3098 3102 3094 3095 3066 3072 3066 3062 3069 3087 3068 3053 3025 3023 3030 3006 3005 2999 3004 3004 3001 2994
3029 3012 3012 3006 3002 2997 2998 2986 2991 3011 3002 3006 3016 3024 3042 3029 3036 3030 3014 3029 3039 3037 3063 3058 3062 3083 3092 3091 3094 3103 3103 3109 3103 3099 3094 3102 3106 3095 3099 3102 3100 3100 3102 3105 3103 3092 3079 3072 3075 3070 3076 3078 3074 3054 3054 3016 3026 3020 3018 3006 3000 2996 2984 2995
3013 3016 3016 3007 3010 3020 3020 3004 3001 3003 3004 2991 3018 3019 3048 3042 3040 3030 3027 3023 3033 3050 3059 3077 3087 3084 3106 3101 3112 3099 3096 3104 3103 3089 3110 3092 3095 3110 3094 3093 3088 3105 3081 3098 3097 3088 3092 3078 3075 3073 3066 3076 3074 3050 3046 3027 3028 3017 3016 3009 3003 3001 3001 3007
2986 3005 3016 3007 3012 3003 3001 2997 2994 3003 3008 2993 2992 3016 3026 3032 3042 3036 3025 3029 3049 3057 3070 3082 3101 3097 3091 3093 3099 3089 3095 3093 3091 3092 3103 3096 3109 3098 3109 3098 3095 3085 3095 3083 3095 3087 3093 3087 3086 3073 3087 3092 3077 3062 3044 3021 3023 3015 3011 3007 2994 2995 2995 3006
2990 3011 3020 3011 3014 3020 3019 3011 3001 3003 2995 3002 3005 3020 3033 3033 3031 3042 3022 3049 3048 3060 3068 3087 3110 3110 3092 3102 3085 3104 3091 3091 3102 3088 3100 3106 3101 3096 3104 3094 3103 3105 3097 3100 3081 3091 3098 3092 3092 3074 3092 3098 3074 3063 3040 3007 3017 3009 3022 3002 3003 2999 3004 3003
2979 3012 3009 3004 3011 3003 3015 3011 3019 3004 3006 3000 3001 3007 3037 3044 3037 3037 3019 3027 3041 3062 3077 3080 3093 3103 3107 3104 3100 3095 3086 3092 3089 3098 3106 3095 3103 3101 3092 3101 3087 3091 3091 3106 3091 3095 3089 3099 3077 3093 3092 3097 3078 3084 3059 3024 3016 3009 3017 3012 3008 2991 3005 3010
3004 3009 3007 3012 3021 3022 3015 3023 3014 3020 3018 3020 3017 3021 3030 3028 3040 3043 3038 3051 3067 3073 3080 3090 3097 3099 3101 3110 3096 3103 3096 3094 3075 3097 3090 3094 3097 3093 3100 3103 3092 3104 3102 3086 3090 3099 3104 3109 3100 3083 3086 3095 3075 3070 3048 3046 3026 3021 3022 3013 3012 3008 3010 3015
3015 3023 3036 3028 3025 3035 3031 3032 3019 3036 3035 3008 3026 3024 3031 3031 3035 3056 3058 3079 3062 3075 3074 3091 3103 3094 3091 3084 3095 3087 3085 3092 3102 3109 3101 3114 3100 3093 3107 3096 3102 3087 3093 3088 3095 3094 3097 3100 3091 3080 3081 3087 3097 3077 3059 3042 3041 3033 3017 3020 3026 3018 3010 3010
3024 3023 3028 3030 3036 3027 3019 3020 3032 3035 3023 3029 3023 3011 3019 3030 3041 3049 3049 3063 3074 3082 3095 3090 3085 3097 3086 3091 3083 3081 3089 3096 3098 3109 3092 3098 3096 3102 3103 3100 3103 3095 3099 3097 3093 3090 3090 3097 3087 3085 3096 3090 3087 3053 3055 3039 3038 3018 3031 3018 3020 3015 3017 3003
3014 3020 3021 3022 3019 3021 3027 3021 3005 3005 3012 3015 3014 3010 3025 3017 3034 3047 3062 3074 3082 3097 3088 3090 3094 3091 3088 3095 3074 3099 3081 3078 3092 3103 3094 3098 3099 3095 3097 3101 3112 3101 3104 3104 3101 3097 3096 3089 3085 3088 3099 3101 3073 3067 3051 3041 3030 3014 3009 3019 3010 3011 3011 3019
3014 3010 3020 3010 3011 3008 3015 3000 2989 3003 3007 3010 2999 3007 3004 3014 3033 3047 3067 3070 3077 3099 3094 3101 3092 3097 3099 3099 3074 3097 3087 3080 3093 3103 3092 3106 3085 3106 3087 3088 3112 3098 3108 3104 3108 3101 3097 3100 3091 3092 3089 3075 3083 3049 3045 3037 3026 3002 3014 3007 3017 3010 3007 3017
3015 3004 2990 3017 3013 3007 3007 3005 2993 2992 3002 3003 3000 3008 3017 3023 3029 3049 3044 3072 3094 3081 3083 3093 3098 3097 3093 3069 3074 3088 3094 3100 3105 3103 3103 3106 3101 3105 3092 3092 3098 3105 3097 3104 3100 3092 3092 3084 3085 3095 3094 3084 3081 3057 3030 3017 2999 3004 2994 3007 3016 3016 3012 3009
3005 2996 3001 3006 3026 3007 2997 3001 3000 2993 2996 3009 3007 3010 3016 3031 3031 3048 3060 3080 3089 3080 3088 3091 3118 3097 3083 3101 3084 3079 3106 3098 3105 3095 3088 3101 3120 3104 3088 3093 3105 3101 3106 3103 3102 3093 3099 3103 3090 3090 3097 3107 3074 3051 3038 3027 3014 3019 3007 3015 3023 3030 3018 3011
3011 3009 2996 3007 3025 3003 3005 2993 2998 3005 3015 3015 3010 3013 3010 3018 3035 3053 3065 3077 3075 3089 3084 3087 3098 3086 3110 3090 3092 3093 3092 3100 3095 3081 3111 3105 3117 3098 3110 3092 3105 3099 3094 3093 3107 3107 3082 3093 3079 3088 3084 3085 3064 3068 3050 3038 3012 3010 3010 3018 3020 3015 3014 3014
3001 2994 3006 3007 3022 3003 2985 3004 3002 3003 3016 3000 2992 3008 3006 3029 3029 3046 3060 3067 3090 3086 3076 3084 3070 3091 3102 3108 3098 3098 3084 3085 3097 3089 3095 3102 3095 3107 3095 3102 3102 3090 3088 3095 3093 3107 3096 3089 3087 3104 3082 3084 3076 3058 3054 3030 3016 3019 3028 3017 3022 3012 3020 3022
2990 3011 3011 3011 3008 3004 3008 3009 3007 3011 3010 3002 2998 3005 3017 3022 3036 3058 3066 3069 3083 3079 3084 3079 3074 3094 3095 3094 3102 3094 3095 3091 3101 3113 3088 3101 3102 3096 3101 3106 3100 3086 3102 3071 3105 3102 3095 3099 3102 3094 3082 3087 3085 3045 3049 3024 3025 3032 3024 3032 3031 3028 3020 3021
2996 3003 2996 3012 3001 3016 3015 2997 2988 2993 3004 3004 2993 2997 3007 3008 3037 3040 3065 3079 3084 3093 3075 3089 3088 3089 3095 3088 3089 3102 3100 3103 3090 3093 3108 3101 3100 3093 3087 3124 3112 3103 3097 3098 3100 3104 3107 3099 3111 3100 3107 3083 3088 3068 3043 3024 3041 3028 3024 3023 3026 3012 3019 3011
3006 3004 3005 3010 3001 3008 3003 3003 2994 2996 2996 2994 2988 2989 2991 2998 3008 3028 3061 3065 3074 3094 3089 3082 3078 3093 3089 3077 3090 3089 3086 3096 3094 3083 3100 3099 3093 3095 3103 3101 3099 3104 3093 3103 3105 3104 3112 3109 3096 3097 3088 3097 3087 3059 3048 3026 3033 3035 3032 3019 3011 3021 3017 3025
3026 3018 3009 3009 3008 3005 3002 2995 3008 3004 3012 3007 3002 3004 3003 3018 3008 3034 3052 3068 3073 3089 3082 3099 3084 3088 3072 3082 3103 3098 3086 3091 3096 3087 3098 3105 3094 3092 3099 3106 3095 3101 3096 3103 3099 3104 3099 3103 3092 3090 3086 3105 3082 3056 3054 3023 3026 3029 3033 3023 3002 3010 3009 3022
3015 3010 2998 3016 3023 3020 3023 3022 3017 3002 3007 3020 3020 3027 3020 3027 3011 3032 3030 3058 3065 3089 3093 3083 3092 3089 3086 3087 3095 3099 3099 3101 3090 3102 3097 3106 3113 3103 3094 3116 3102 3093 3100 3111 3106 3094 3087 3102 3091 3091 3095 3093 3069 3062 3051 3031 3029 3042 3019 3037 3013 3005 3017 3017
3018 3004 3001 3015 3023 3006 3031 3017 3021 3011 3009 3025 3018 3019 3020 3012 3016 3025 3052 3056 3073 3075 3085 3086 3090 3099 3081 3099 3088 3089 3081 3083 3095 3091 3086 3090 3084 3098 3098 3103 3083 3103 3089 3094 3091 3099 3100 3092 3095 3091 3088 3091 3076 3050 3051 3040 3029 3030 3038 3027 3020 3021 3016 3024
3009 3007 3006 3014 3008 3004 3007 3015 3009 3007 3006 3006 3008 3013 3014 3007 2999 3014 3031 3055 3066 3072 3090 3088 3095 3094 3083 3086 3080 3096 3085 3098 3109 3089 3091 3097 3075 3072 3094 3087 3106 3093 3094 3104 3091 3096 3108 3088 3098 3081 3081 3081 3076 3056 3041 3024 3035 3031 3028 3030 3013 3025 3016 3017
2992 3004 2993 2996 2994 2999 2991 3001 3011 3004 2988 2998 3007 3007 3008 3003 2993 3009 3019 3043 3063 3062 3082 3092 3075 3069 3077 3063 3080 3088 3093 3093 3100 3099 3092 3090 3079 3075 3102 3086 3095 3095 3090 3097 3100 3105 3097 3099 3095 3085 3093 3069 3054 3043 3025 3017 3012 3021 3025 3021 3020 3010 3015 3023
3005 3001 3003 2999 3008 3004 2989 3007 3007 3015 3007 2994 3001 3004 3007 3004 3006 3010 3014 3026 3058 3070 3079 3083 3087 3074 3073 3075 3063 3085 3084 3102 3109 3094 3104 3101 3077 3094 3090 3110 3096 3098 3095 3105 3098 3107 3099 3100 3093 3079 3099 3065 3051 3043 3020 3019 3014 3018 3017 3009 3017 3013 3012 3016
3001 3001 3013 3013 3008 3007 3006 3008 2990 3013 3003 2980 2997 3000 2998 3002 3013 2999 3011 3016 3037 3055 3072 3072 3083 3078 3079 3068 3081 3078 3080 3086 3095 3098 3108 3100 3100 3092 3102 3098 3092 3104 3100 3099 3101 3093 3104 3090 3091 3090 3080 3067 3049 3016 3023 3022 3008 3012 3013 3012 3003 3004 3018 3018
2988 3002 3006 3010 3004 3014 3001 3006 2997 2998 3016 3005 3002 3008 3005 3019 3004 3005 3005 3007 3018 3039 3062 3055 3070 3083 3077 3074 3078 3087 3079 3079 3093 3092 3089 3094 3101 3100 3096 3101 3102 3087 3099 3098 3098 3098 3090 3096 3098 3090 3097 3071 3039 3025 3018 3008 3004 3027 3003 3002 3017 3022 3016 3011
2996 3008 2995 3019 3019 3014 3009 2995 2996 3008 2996 3001 3015 3004 3015 3005 3012 3002 3002 3010 3012 3032 3048 3067 3078 3074 3085 3071 3083 3077 3080 3083 3087 3116 3093 3105 3093 3106 3089 3094 3099 3102 3088 3091 3086 3104 3107 3089 3095 3095 3075 3060 3042 3026 3015 3014 3002 3017 3013 3016 3024 3016 3002 3019
2996 3007 2998 3005 3003 3003 3011 3005 3004 3004 3005 3001 3005 3013 3000 3002 3012 3003 3000 2998 3005 3037 3054 3063 3078 3071 3081 3070 3085 3078 3075 3079 3089 3097 3093 3102 3112 3102 3089 3095 3095 3103 3104 3088 3103 3085 3095 3095 3103 3085 3079 3065 3050 3021 3016 2997 3021 3008 3010 3018 3031 3005 3011 3001
3003 3008 3002 2992 2984 2988 2989 2999 2993 3005 3001 3002 3011 3015 3013 3002 2993 3017 3007 2997 3010 3032 3037 3069 3076 3081 3077 3089 3078 3077 3079 3086 3086 3102 3098 3085 3094 3089 3095 3083 3100 3087 3096 3097 3095 3084 3100 3084 3088 3079 3084 3068 3040 3017 3019 3013 3004 3005 3022 3004 3016 3019 2994 3025
2995 2996 3008 3004 2998 2996 2995 3002 3008 3010 2997 3013 3007 3005 2999 3003 2998 3006 3001 3005 3001 3023 3025 3056 3067 3077 3087 3070 3084 3077 3082 3086 3106 3108 3110 3084 3096 3094 3085 3092 3083 3104 3086 3098 3082 3095 3096 3104 3098 3078 3067 3045 3031 3020 3011 3018 3015 3012 3005 3008 3003 3013 3000 3008
2999 3006 3003 3008 3000 2990 3005 2997 3000 3011 3003 3000 2992 3005 3004 3008 3002 2994 2999 3016 2988 3014 3023 3047 3067 3075 3076 3083 3077 3088 3081 3088 3106 3101 3102 3099 3084 3084 3094 3087 3089 3087 3100 3097 3101 3089 3082 3091 3088 3074 3052 3045 3036 3020 3009 3012 3024 3016 3010 2997 2995 2992 3007 3005
3010 2999 2999 2999 2982 2988 2994 2992 3018 3006 2990 2987 2995 2991 3001 2996 3005 3003 2990 3007 3017 3006 3014 3024 3068 3061 3076 3078 3072 3086 3079 3088 3092 3100 3083 3106 3105 3100 3099 3103 3093 3097 3111 3099 3090 3102 3099 3099 3093 3070 3044 3040 3030 3011 3011 3009 3015 3005 3015 3002 2988 2989 3004 2997
3006 3000 3003 3011 3000 3006 3008 3005 3000 3008 2996 3006 2993 2993 3000 3004 3001 3003 2997 2997 2998 3008 2996 3024 3044 3074 3075 3064 3066 3084 3088 3102 3098 3102 3089 3102 3111 3109 3105 3117 3104 3112 3103 3113 3103 3108 3122 3106 3070 3061 3047 3031 3017 3023 3007 3004 3004 3013 3008 3014 3007 3003 3001 3002
2985 3000 3012 2996 3006 3007 2996 2997 3001 3010 3003 2996 3006 3002 3004 3002 3018 3008 2995 2991 2992 2998 2993 3010 3051 3068 3076 3091 3088 3090 3084 3081 3097 3104 3110 3105 3114 3111 3095 3099 3090 3082 3102 3104 3097 3092 3095 3087 3061 3048 3038 3023 3030 3019 3018 2995 3008 2999 2995 3018 3012 3008 3012 3019
3011 2999 3010 3008 3009 3006 3012 2997 3003 2990 2990 3005 3015 3000 2994 3008 3015 3002 2995 2992 3000 3001 3007 3018 3044 3065 3087 3093 3104 3093 3081 3085 3088 3100 3101 3105 3110 3110 3109 3088 3093 3087 3102 3103 3095 3100 3090 3081 3055 3026 3030 3020 3019 3025 3021 2998 2996 3001 2990 3010 3003 3011 3009 3006
3004 3005 3015 2985 3003 2996 2998 2998 3012 2986 2992 2989 3001 2994 2993 3004 2994 3003 3004 3002 3000 3001 3001 3012 3035 3055 3084 3078 3090 3089 3100 3088 3100 3088 3102 3102 3104 3108 3099 3095 3089 3094 3093 3081 3108 3087 3080 3081 3044 3033 3010 3014 3014 3007 3003 3012 3004 3001 3001 3030 3008 3019 2996 3006
2985 2992 3001 2999 2985 2986 2997 3001 2996 2998 2981 2993 2994 2993 3003 2996 2999 2999 3012 3011 3011 3009 3017 3027 3025 3045 3084 3071 3089 3091 3095 3084 3099 3088 3104 3097 3090 3091 3101 3097 3100 3097 3095 3090 3092 3085 3070 3076 3053 3027 3016 3007 3005 3010 3013 3003 3004 3019 3015 2998 3021 3009 3016 3003
2993 3000 3007 2994 2998 3005 2984 2999 3007 2987 2995 2979 3008 2992 2993 2992 3006 2998 3004 2991 3004 2993 3002 3011 3048 3067 3068 3094 3082 3075 3082 3097 3104 3105 3094 3082 3098 3096 3094 3099 3098 3100 3092 3102 3094 3087 3086 3063 3049 3030 3020 3006 3023 3013 3024 3013 3015 3021 3017 3016 3017 3020 3016 3002
2985 3004 3015 3003 2993 3004 2990 2993 3014 2993 2988 2993 2996 2998 2976 2993 2989 3006 3001 2994 3001 3010 3005 3016 3035 3061 3082 3078 3084 3087 3082 3092 3088 3095 3094 3087 3094 3083 3097 3089 3095 3076 3101 3098 3100 3101 3071 3058 3031 3023 3019 3015 3022 3019 3031 3020 3011 3014 3019 3021 3026 3027 3024 3011
3015 3010 3006 3006 2987 2993 2993 2990 2985 2990 2989 2987 3002 2992 2993 3008 3004 2998 2997 2995 2998 3005 2995 3020 3034 3066 3078 3094 3081 3101 3088 3102 3097 3092 3099 3071 3080 3091 3092 3092 3102 3093 3089 3089 3090 3083 3070 3068 3040 3023 3011 3011 3007 3015 3018 3004 3004 3022 3024 3019 3017 3012 2995 3017
2991 2998 3004 2996 2980 2999 2989 2980 2998 2990 2992 3003 2990 3010 3013 3008 2992 2991 2992 3007 2991 3005 3009 3022 3047 3065 3077 3094 3083 3100 3091 3098 3098 3088 3099 3097 3072 3068 3103 3107 3097 3089 3107 3099 3091 3087 3068 3072 3045 3019 3016 3019 3005 3009 3008 2999 3012 3017 3012 3031 3004 2994 3009 3016
2993 3000 2994 3008 2992 2993 3002 2993 3010 3003 2998 2991 2999 2998 3003 3005 3000 3000 3013 3003 3028 3023 3020 3045 3063 3084 3092 3092 3089 3093 3104 3093 3095 3088 3095 3086 3095 3088 3107 3100 3104 3100 3087 3100 3087 3090 3093 3085 3049 3030 3022 3025 3017 3019 3009 3016 3019 3007 3020 3039 3027 3024 3013 3017
3001 2984 2995 3005 3015 3000 2998 3000 3018 3010 2992 3007 3003 3019 3008 3002 3008 3014 2990 3008 3032 3048 3038 3061 3089 3109 3091 3087 3096 3092 3100 3107 3101 3099 3097 3095 3091 3083 3120 3113 3112 3098 3105 3107 3124 3105 3099 3081 3069 3037 3035 3016 3020 3016 3024 3016 3024 3021 3025 3021 3035 3049 3040 3019
3004 2988 3001 3009 2988 3002 3010 3008 3016 3023 3006 3015 3018 3014 3020 3008 3012 3022 3014 3024 3046 3059 3057 3069 3088 3094 3111 3093 3098 3102 3093 3095 3097 3107 3100 3114 3105 3097 3112 3108 3099 3100 3111 3105 3103 3117 3089 3080 3077 3069 3052 3024 3027 3035 3038 3032 3032 3031 3039 3039 3046 3054 3030 3025
2993 2995 2999 2992 2983 3004 3010 3018 3019 3016 3017 3014 3022 3021 3008 3028 3027 3048 3029 3052 3066 3076 3081 3092 3085 3104 3116 3104 3089 3083 3096 3092 3110 3117 3114 3111 3111 3096 3094 3101 3105 3103 3096 3104 3103 3098 3095 3101 3104 3082 3047 3027 3041 3045 3041 3039 3047 3036 3039 3053 3057 3032 3043 3026
3001 2989 2998 2995 3000 3010 3018 3014 3020 3031 3022 3023 3024 3030 3035 3027 3039 3035 3042 3064 3067 3078 3080 3098 3099 3117 3100 3087 3091 3088 3102 3090 3114 3112 3113 3101 3103 3096 3106 3109 3096 3112 3091 3101 3105 3101 3104 3102 3092 3103 3074 3047 3048 3050 3052 3063 3047 3058 3052 3052 3054 3063 3053 3065
3006 2999 2973 3002 3008 3018 3015 3016 3017 3022 3036 3038 3034 3030 3051 3044 3062 3060 3054 3054 3073 3086 3078 3104 3102 3095 3096 3099 3097 3096 3096 3114 3090 3108 3106 3088 3100 3095 3100 3113 3103 3099 3090 3096 3101 3100 3102 3097 3105 3097 3087 3057 3063 3065 3069 3071 3061 3073 3061 3047 3060 3058 3058 3053
3002 2996 3015 3018 3014 3021 3017 3019 3033 3045 3030 3033 3048 3045 3046 3062 3055 3054 3059 3058 3080 3080 3091 3083 3101 3090 3085 3092 3091 3104 3102 3094 3095 3089 3101 3101 3094 3090 3092 3101 3102 3089 3098 3097 3097 3108 3095 3108 3108 3106 3095 3082 3070 3079 3066 3075 3082 3064 3068 3061 3065 3058 3070 3084
3002 3026 3028 3034 3038 3024 3029 3037 3030 3053 3049 3051 3071 3057 3067 3058 3070 3072 3065 3070 3074 3083 3077 3094 3079 3082 3099 3097 3080 3109 3111 3094 3091 3083 3096 3095 3097 3084 3094 3108 3099 3088 3097 3098 3099 3096 3092 3113 3104 3085 3090 3079 3080 3062 3085 3081 3082 3072 3070 3074 3062 3055 3068 3097
