3060 3087 3074 3068 3081 3069 3068 3058 3050 3065 3059 3075 3063 3067 3048 3052 3055 3057 3057 3045 3050 3064 3056 3054 3052 3053 3039 3056 3048 3043 3018 3024 3015 3028 3039 3029 3039 3035 3034 3037 3025 3040 3035 3021 3037 3033 3031 3012 3024 3034 3033 3027 3026 3027 3020 3018 3028 3023 3020 3019 3029 3031 3012 3008
3075 3063 3062 3056 3070 3060 3067 3066 3051 3054 3061 3062 3065 3056 3052 3064 3052 3052 3062 3042 3048 3052 3048 3043 3046 3052 3050 3044 3053 3047 3040 3047 3037 3041 3036 3040 3029 3035 3030 3032 3033 3018 3022 3025 3023 3023 3027 3032 3023 3021 3028 3029 3027 3032 3038 3024 3044 3027 3009 3018 3005 3026 3016 2996
3048 3060 3053 3070 3035 3059 3062 3057 3051 3053 3067 3043 3046 3047 3043 3029 3036 3044 3036 3034 3043 3032 3042 3054 3052 3063 3046 3052 3048 3056 3046 3055 3035 3044 3046 3033 3035 3042 3017 3026 3020 3020 3029 3030 3035 3030 3010 3013 3018 3015 3020 3032 3026 3025 3021 3035 3049 3019 3026 3010 3013 3007 3006 3005
3057 3074 3061 3051 3051 3053 3049 3053 3044 3038 3054 3054 3043 3044 3032 3027 3037 3021 3027 3020 3037 3037 3041 3056 3053 3047 3047 3051 3051 3050 3041 3057 3042 3046 3042 3047 3033 3024 3010 3029 3025 3018 3026 3023 3025 3014 3026 3030 3017 3024 3011 3028 3022 3025 3026 3023 3009 3017 3018 3003 3016 3012 3017 3005
3051 3062 3047 3057 3058 3046 3050 3040 3038 3045 3045 3028 3036 3026 3022 3031 3025 3029 3006 3025 3031 3032 3030 3052 3047 3047 3057 3048 3051 3048 3044 3059 3048 3059 3046 3048 3017 3032 3014 3040 3034 3032 3020 3029 3028 3027 3030 3034 3031 3032 3024 3026 3025 3030 3036 3012 3012 3004 3002 3029 3020 3019 3008 3026
3046 3056 3053 3057 3062 3052 3040 3038 3034 3046 3038 3048 3035 3017 3023 3037 3044 3034 3029 3022 3046 3031 3050 3042 3039 3059 3062 3056 3060 3048 3054 3047 3057 3062 3045 3037 3036 3027 3045 3033 3026 3029 3017 3027 3022 3021 3030 3037 3029 3037 3016 3018 3029 3043 3030 3025 3024 3007 3017 3026 3016 3009 3019 3019
3044 3069 3063 3060 3042 3040 3028 3029 3023 3039 3038 3047 3037 3026 3027 3031 3054 3032 3041 3033 3044 3039 3047 3052 3037 3042 3058 3060 3069 3064 3055 3074 3056 3062 3055 3045 3040 3031 3030 3028 3018 3026 3011 3030 3023 3023 3013 3033 3033 3025 3035 3030 3031 3038 3030 3029 3017 3007 3016 3017 3017 3018 3027 3024
2992 3011 3023 3015 3018 3012 3006 3014 3004 3007 3023 3026 3015 3018 3019 3030 3030 3034 3030 3021 3023 3030 3029 3030 3042 3036 3047 3054 3055 3050 3063 3048 3061 3060 3051 3037 3050 3032 3034 3030 3017 3023 3018 3012 3015 3021 3016 3019 3025 3035 3021 3023 3022 3037 3024 3021 3023 3015 3011 3004 3012 3030 3008 3009
2967 2985 2976 2964 2977 2972 2970 2979 2989 2982 2992 2989 3008 2999 3000 2997 3008 3012 3006 3011 3021 3021 3016 3015 3031 3051 3035 3049 3032 3044 3045 3051 3049 3057 3033 3042 3044 3056 3025 3023 3024 3015 3008 3000 3016 3013 3026 3016 3021 3041 3018 3018 3018 3041 3027 3011 3013 3027 3018 3017 3013 3013 3016 3008
2965 2985 2967 2972 2973 2967 2961 2983 2994 2988 2996 3008 3000 2997 3010 3004 3005 3011 3008 3017 3023 3009 3016 3014 3036 3033 3035 3040 3052 3053 3058 3055 3051 3061 3050 3054 3066 3058 3048 3041 3019 3023 3025 3019 3016 3021 3013 3026 3020 3024 3023 3015 3024 3032 3026 3015 3018 3024 3018 3020 3016 3024 3018 3009
2988 2975 2974 2970 2975 2974 2993 3009 3000 2994 3010 3016 2995 3002 3006 3007 2996 3023 3017 3012 3005 3012 3034 3028 3047 3037 3049 3055 3056 3062 3061 3057 3043 3048 3067 3072 3086 3078 3069 3062 3040 3034 3019 3024 3027 3028 3031 3019 3021 3032 3022 3017 3030 3026 3020 3018 3015 3017 3025 3017 3026 3017 3010 2996
3000 2979 2979 2983 2982 2985 2997 2992 2997 3000 2990 3000 3009 2991 3000 2996 3013 3007 3014 3025 3024 3027 3034 3043 3037 3052 3045 3060 3062 3082 3069 3061 3065 3071 3063 3076 3098 3069 3075 3070 3068 3043 3031 3026 3040 3018 3028 3018 3025 3045 3026 3031 3034 3047 3034 3035 3024 3027 3029 3016 3015 3017 3017 2994
2996 2986 2986 2979 2989 2976 2996 3009 2988 3014 3005 3003 3004 2999 2998 3016 3015 3011 3004 3012 3017 3028 3035 3055 3058 3058 3066 3068 3072 3079 3081 3080 3092 3081 3101 3094 3083 3084 3092 3070 3074 3061 3046 3037 3041 3029 3027 3026 3027 3035 3019 3034 3040 3027 3038 3043 3040 3042 3020 3025 3026 3032 3009 3021
2962 2977 2987 2985 2974 2985 3000 2982 2973 2981 2982 2990 3009 2993 2992 2998 3002 3016 3013 3009 3035 3039 3038 3046 3061 3066 3053 3076 3087 3080 3085 3080 3088 3084 3085 3093 3091 3086 3075 3078 3092 3072 3066 3044 3048 3032 3036 3039 3044 3045 3048 3047 3054 3037 3035 3028 3024 3030 3008 3017 3015 3012 3009 3017
2975 2976 2983 2978 2983 2981 2988 2987 2972 2994 2997 3000 2998 3013 3000 3002 3003 3014 3005 3012 3011 3033 3053 3067 3068 3075 3076 3079 3086 3100 3078 3086 3082 3074 3093 3080 3081 3104 3090 3076 3086 3086 3054 3063 3064 3074 3056 3052 3060 3062 3056 3060 3060 3045 3039 3032 3022 3007 3024 3016 3013 3015 3009 3030
2973 2993 3007 2988 2992 3002 2995 2988 2986 2988 2996 2995 2985 3008 2991 3003 3005 3002 3009 3016 3029 3039 3062 3063 3063 3072 3057 3081 3089 3097 3086 3087 3080 3087 3085 3092 3095 3086 3098 3081 3089 3094 3065 3065 3065 3077 3056 3074 3076 3084 3076 3066 3063 3062 3041 3030 3031 3034 3018 3002 3013 2996 3008 3005
2998 3002 3006 3001 3016 2999 3001 2993 2993 2996 2999 3004 3005 3001 2999 3007 3014 3017 3023 3021 3025 3048 3038 3065 3070 3067 3075 3081 3079 3089 3087 3089 3091 3090 3092 3086 3106 3089 3090 3089 3088 3084 3073 3071 3087 3074 3071 3081 3091 3102 3100 3100 3090 3066 3051 3035 3030 3014 3007 3008 3001 2999 2995 3013
3005 2998 3006 3014 3008 3015 2988 2994 3001 3003 2996 2996 3007 3005 2997 3005 3005 2999 3010 3013 3017 3035 3061 3080 3066 3082 3087 3079 3084 3081 3092 3091 3084 3099 3096 3086 3101 3084 3085 3101 3096 3092 3094 3083 3072 3070 3074 3084 3090 3095 3086 3097 3083 3072 3063 3047 3043 3015 3021 3009 3011 3012 3009 3013
3004 3004 3015 3003 3025 3001 3009 3000 2985 3001 2994 2993 3014 3006 2996 3003 3008 3025 3010 3011 3024 3037 3061 3072 3076 3079 3076 3077 3082 3102 3088 3088 3085 3097 3094 3094 3085 3088 3089 3082 3079 3082 3082 3084 3071 3059 3087 3077 3086 3086 3079 3090 3081 3095 3063 3059 3053 3048 3024 3015 3026 3000 3011 3021
2993 3004 3006 3002 3017 3010 3004 3014 2992 2995 3007 2994 2991 2993 2999 3004 3018 3015 3029 3026 3025 3027 3070 3058 3066 3074 3073 3074 3088 3084 3090 3098 3084 3090 3086 3091 3094 3087 3098 3079 3082 3091 3090 3077 3070 3074 3073 3085 3075 3094 3086 3093 3092 3084 3075 3055 3047 3037 3028 3015 3019 3009 3015 3002
2997 2998 3004 3004 3005 3007 3014 3004 2993 2993 2996 2998 2999 2996 2998 3012 3014 3022 3019 3027 3029 3036 3058 3066 3066 3072 3083 3078 3078 3091 3081 3087 3090 3092 3073 3088 3094 3101 3094 3089 3077 3083 3082 3079 3078 3086 3074 3079 3097 3106 3101 3079 3072 3078 3081 3065 3037 3027 3037 3026 3011 3007 3012 3005
3002 3000 2994 3004 2992 3000 3004 2992 3003 2990 2998 3000 2998 3008 3006 3009 3005 3025 3021 3028 3020 3040 3052 3054 3072 3076 3073 3088 3079 3082 3078 3073 3090 3076 3097 3090 3085 3098 3080 3090 3078 3084 3076 3085 3087 3083 3081 3080 3089 3097 3087 3089 3072 3080 3077 3064 3047 3015 3016 3029 3003 3005 3016 3012
3020 2994 2994 3004 3013 3010 2992 2994 3010 2997 3004 2992 2988 3008 2993 3012 3011 3022 3018 3035 3029 3032 3029 3049 3068 3070 3074 3076 3091 3095 3077 3084 3087 3092 3068 3101 3073 3081 3090 3102 3081 3093 3080 3081 3084 3097 3086 3080 3078 3085 3083 3076 3086 3075 3071 3061 3035 3025 3023 3015 3010 3014 3009 3011
3008 3003 2997 3004 2998 3003 3000 3008 3004 3007 2986 2991 3006 2998 3000 3003 3009 3024 3017 3019 3012 3046 3037 3039 3081 3073 3076 3074 3095 3089 3081 3075 3086 3097 3092 3080 3087 3086 3087 3098 3085 3085 3086 3085 3085 3092 3087 3087 3089 3082 3087 3086 3076 3076 3066 3065 3051 3034 3029 3009 3003 3003 3005 3019
3005 2996 3004 3004 3001 3007 3006 2994 2995 2997 2997 2995 3004 3004 3007 3010 3008 3007 2997 3013 3016 3038 3048 3065 3074 3079 3086 3077 3087 3081 3078 3081 3097 3097 3084 3082 3097 3082 3108 3104 3090 3085 3086 3082 3088 3085 3091 3076 3080 3082 3087 3087 3072 3071 3074 3072 3040 3029 3020 3011 2999 2996 3002 3000
3005 2996 2999 3000 2985 2995 3012 3001 2991 2993 3011 2997 3002 2983 3008 3010 3001 2999 3010 3011 3026 3037 3058 3057 3071 3087 3072 3081 3078 3096 3078 3087 3098 3092 3093 3090 3091 3093 3102 3100 3103 3091 3098 3082 3074 3069 3071 3090 3088 3084 3084 3091 3083 3080 3079 3057 3048 3023 3017 3027 2997 3013 3000 3009
2998 2996 2991 3002 3009 3006 3013 3005 2997 2991 2998 3003 3001 2997 3005 3005 3007 3007 2999 2997 3031 3038 3060 3061 3072 3069 3076 3084 3080 3084 3086 3084 3097 3084 3081 3092 3090 3093 3087 3094 3091 3076 3084 3083 3068 3065 3082 3073 3074 3085 3091 3065 3076 3078 3074 3056 3055 3033 3037 3019 3024 3018 3022 3013
2993 3003 3002 3001 2993 3004 3009 2992 2994 3003 3006 3011 2997 3008 3002 2998 2993 2999 3009 3011 3010 3026 3065 3062 3069 3079 3079 3080 3091 3084 3091 3089 3091 3081 3080 3086 3083 3094 3079 3085 3091 3089 3091 3083 3076 3072 3086 3071 3079 3082 3075 3077 3084 3086 3084 3073 3051 3015 3016 3017 3020 3024 3010 3015
3002 2999 2994 3007 3011 3006 3018 3002 2992 3016 3002 3016 2997 3009 3000 2987 2991 3001 3003 3000 3007 3032 3064 3052 3070 3077 3077 3070 3081 3087 3084 3097 3088 3092 3098 3096 3071 3083 3091 3080 3079 3066 3082 3089 3073 3086 3076 3081 3094 3085 3070 3071 3079 3084 3078 3074 3048 3036 3026 3024 3017 3014 3001 3025
2998 3001 3009 2993 3024 3009 2993 2997 2992 2993 3016 2995 3004 3006 3008 2988 2989 2999 3015 3011 3008 3023 3038 3059 3075 3078 3069 3096 3085 3072 3085 3083 3084 3089 3093 3077 3075 3075 3090 3086 3089 3075 3087 3079 3068 3078 3083 3084 3099 3084 3077 3092 3079 3083 3072 3055 3054 3021 3029 3015 3026 3006 3010 3017
3002 3014 2991 3012 3008 3004 3000 3009 2991 3006 3006 2993 2999 3001 3001 3016 2987 2994 2996 3008 3010 3028 3033 3049 3075 3064 3074 3081 3091 3068 3080 3081 3078 3087 3082 3077 3074 3075 3074 3070 3070 3065 3084 3086 3083 3079 3089 3087 3084 3089 3092 3090 3086 3075 3070 3061 3033 3022 3022 3020 3017 3011 3007 2993
3011 3006 3003 3003 3015 3000 3005 2997 3005 3001 2999 3000 2998 3009 3010 3000 2998 2994 2996 3005 3001 3024 3042 3034 3056 3066 3076 3081 3093 3097 3086 3073 3089 3081 3088 3091 3086 3077 3064 3064 3076 3073 3069 3069 3077 3089 3094 3082 3096 3079 3084 3076 3084 3083 3059 3040 3031 3027 3034 3027 3021 3014 3017 3010
3023 2997 3015 2999 2994 3006 2997 3006 3010 2990 2991 3007 2991 3012 3003 3000 2989 2994 3001 2993 3005 3007 3012 3022 3051 3070 3064 3072 3086 3080 3088 3091 3073 3088 3093 3096 3082 3090 3076 3078 3068 3070 3066 3075 3079 3076 3073 3085 3081 3083 3083 3079 3081 3067 3056 3022 3024 3030 3028 3022 3015 3016 3008 3011
3002 3002 3006 3013 2998 3004 3000 3008 3009 2999 3004 3002 3010 2992 3009 2999 2980 2977 3004 3001 3005 2999 3001 3021 3036 3051 3064 3063 3089 3071 3074 3078 3085 3085 3086 3080 3090 3086 3073 3075 3071 3070 3080 3060 3069 3075 3070 3073 3069 3072 3065 3068 3070 3071 3037 3030 3019 3025 3030 3015 3021 3012 3017 3003
3002 3007 2991 2994 3008 3002 2993 3000 3003 3002 3002 3011 2996 3006 3004 2998 2992 2989 2993 2998 3008 3008 3016 3016 3031 3053 3061 3072 3076 3082 3076 3070 3084 3084 3083 3085 3096 3077 3074 3085 3077 3076 3084 3080 3083 3086 3088 3079 3078 3083 3067 3071 3069 3076 3061 3025 3034 3025 3016 3019 3019 3008 3017 2999
3011 2999 2998 3006 3000 2991 3005 2996 3007 2994 3000 3009 3011 3004 2992 2991 2986 2981 2996 3009 3012 3006 3006 3008 3020 3037 3060 3055 3072 3072 3083 3078 3087 3089 3083 3097 3085 3081 3069 3077 3084 3084 3081 3069 3084 3092 3100 3084 3073 3082 3083 3068 3088 3069 3062 3029 3036 3025 3026 3013 3018 3014 3020 3021
3011 3010 3000 3003 2983 3001 3003 3004 3004 3005 3002 3007 3009 2997 3002 2997 3009 2991 2993 2996 3013 3006 3003 3002 3034 3040 3058 3070 3068 3066 3071 3081 3081 3080 3085 3076 3080 3070 3075 3075 3092 3077 3068 3073 3085 3096 3094 3079 3083 3077 3072 3076 3073 3071 3058 3031 3041 3033 3027 3018 3006 3012 3007 3027
3003 3008 2998 3008 2989 2992 2998 3008 3008 3003 3006 3010 2991 3006 3018 3009 2999 3006 3003 2995 2998 2996 3001 3018 3016 3045 3055 3065 3073 3084 3060 3088 3086 3087 3078 3073 3067 3080 3086 3078 3081 3094 3079 3084 3085 3098 3091 3087 3090 3083 3076 3066 3064 3057 3040 3033 3034 3041 3036 3017 3011 2999 3022 3011
3004 3003 3006 2998 2995 2994 3000 3003 3008 3012 3006 3017 2998 3005 2999 3001 3006 2988 2990 2981 2992 2998 3013 3001 3018 3031 3045 3047 3056 3073 3062 3080 3092 3098 3082 3071 3077 3078 3085 3081 3082 3085 3076 3085 3086 3091 3085 3089 3072 3082 3081 3062 3071 3060 3040 3037 3037 3032 3023 3017 3010 3007 3003 3016
2987 3005 3005 3005 2990 2998 3009 3002 3003 3007 3012 3017 2990 2986 3004 3010 3005 3003 2984 2994 2989 2992 2993 3003 2999 3013 3027 3055 3068 3083 3061 3091 3092 3101 3089 3088 3070 3080 3087 3085 3080 3084 3087 3081 3095 3091 3082 3062 3081 3096 3083 3082 3066 3061 3026 3021 3025 3032 3026 3023 3012 3010 3022 3017
2995 2996 3000 3004 2999 3006 3007 3011 2997 3000 2997 3002 3015 2999 3000 3003 3018 3000 2989 3002 3009 2992 2988 2996 2997 3001 3030 3035 3059 3069 3075 3074 3090 3083 3082 3091 3084 3065 3078 3070 3082 3083 3088 3077 3081 3072 3078 3084 3095 3080 3068 3071 3068 3047 3030 3022 3022 3025 3017 3004 3013 3000 2999 3024
2979 2994 3002 2999 2990 3009 3006 3008 2998 3011 3006 3008 3025 3007 3004 2993 2988 2998 3005 2994 3013 3000 3004 2999 2992 3001 3012 3037 3057 3074 3088 3072 3074 3090 3084 3088 3081 3074 3080 3072 3075 3085 3071 3076 3083 3089 3084 3081 3076 3075 3070 3075 3063 3059 3033 3015 3023 3022 3021 3002 3001 2994 3010 3017
2971 2992 2995 2991 2995 2989 3012 2989 2992 2997 3013 3024 3004 3003 3004 3004 2988 2993 3007 3007 3018 3015 3008 2997 2999 3001 3018 3037 3048 3059 3073 3081 3077 3080 3082 3090 3078 3074 3080 3088 3078 3076 3080 3076 3077 3085 3086 3082 3075 3081 3072 3075 3056 3051 3043 3041 3028 3030 3018 3010 3003 3010 3017 3022
2981 2979 2998 3007 3018 2995 3004 2986 2983 2994 3000 3014 3008 3009 2990 2998 3002 2996 3011 2998 3002 3012 3002 2996 3006 3025 3011 3026 3030 3057 3054 3065 3066 3081 3082 3088 3073 3078 3098 3092 3077 3071 3084 3086 3093 3099 3082 3085 3083 3079 3088 3088 3079 3069 3049 3031 3020 3019 3023 3028 3013 3003 3005 3027
2984 2991 2990 2996 3013 2999 2998 3001 2990 3002 3000 3006 3006 3004 3002 3006 2999 2993 2995 3010 3004 2998 3011 3015 3018 3001 3006 3002 3022 3028 3052 3059 3080 3077 3069 3074 3084 3096 3074 3096 3089 3082 3080 3090 3096 3100 3093 3081 3092 3096 3080 3079 3089 3076 3061 3044 3046 3042 3027 3025 3028 3023 3019 3006
3000 2995 2999 2995 2991 2990 2995 2993 2993 2995 3012 3008 2998 2991 3008 3009 3010 3004 3010 3007 3002 3003 3005 3015 3025 3022 3005 3017 3019 3026 3034 3052 3067 3057 3074 3075 3079 3094 3087 3096 3079 3069 3088 3096 3087 3090 3101 3078 3101 3095 3088 3081 3079 3069 3080 3061 3047 3047 3045 3043 3040 3035 3037 3022
3002 2995 3013 2999 2996 2987 3008 2999 3000 2993 3011 2999 3017 2993 2995 3005 3008 2998 2998 3008 3015 3007 3010 3018 3021 3022 3016 3018 3005 3016 3043 3055 3057 3072 3078 3061 3096 3086 3089 3096 3078 3091 3086 3093 3092 3092 3075 3080 3089 3079 3078 3070 3088 3094 3089 3078 3053 3052 3044 3057 3061 3057 3051 3037
2997 2990 3010 3000 2990 2995 2997 2993 2998 2996 3010 2998 2991 2999 3002 2994 2992 2999 3007 2999 3002 3026 3007 3020 3011 3020 3012 3032 3019 3017 3027 3041 3054 3065 3074 3074 3087 3090 3099 3072 3086 3081 3084 3078 3079 3085 3075 3076 3076 3078 3071 3088 3086 3086 3086 3061 3060 3077 3056 3049 3070 3069 3071 3064
3002 2995 3006 3005 3005 2994 3001 2999 2999 3001 3006 2998 2999 2987 3004 3002 3001 3012 3004 2995 3007 3008 3006 2996 3022 3007 3015 3011 3025 3036 3042 3052 3074 3082 3085 3078 3078 3086 3090 3092 3069 3082 3085 3083 3088 3086 3078 3081 3062 3080 3072 3084 3078 3098 3079 3076 3069 3067 3073 3050 3053 3061 3074 3068
2987 2982 2999 3002 3010 2987 2991 3000 3006 2999 3010 2993 2988 2993 3009 3009 3007 3008 2999 2993 3000 3015 2998 3005 2993 3020 3000 3009 3027 3050 3048 3061 3072 3084 3085 3090 3088 3093 3089 3088 3081 3089 3077 3079 3093 3077 3079 3075 3097 3083 3084 3077 3080 3094 3081 3060 3061 3066 3062 3066 3068 3042 3060 3077
2996 2990 2987 2998 3005 3010 3005 3009 2993 3000 2986 2994 2993 2995 2995 2993 3014 3006 3015 3008 3008 3005 3003 2993 3015 3028 3035 3026 3048 3044 3048 3055 3043 3069 3058 3075 3091 3097 3091 3097 3073 3082 3073 3084 3082 3081 3094 3091 3085 3075 3083 3080 3090 3084 3078 3067 3058 3072 3077 3078 3070 3067 3071 3072
2996 2986 2977 2992 2990 3001 2997 3024 2993 2992 2985 2995 3002 3007 2995 2993 3005 3005 3009 3020 3012 2995 3011 3013 3030 3024 3042 3047 3048 3057 3056 3052 3061 3050 3055 3083 3077 3093 3084 3088 3085 3084 3072 3092 3090 3081 3095 3077 3080 3073 3079 3074 3100 3085 3084 3068 3057 3068 3073 3067 3062 3054 3052 3080
2994 2995 3000 2978 2998 3002 3012 3012 2991 2986 2995 2993 2999 3003 3010 3014 3002 3000 3006 2991 3007 3014 3019 3021 3047 3040 3057 3058 3039 3054 3051 3061 3044 3065 3061 3065 3072 3066 3072 3078 3076 3068 3084 3061 3083 3076 3087 3086 3082 3081 3082 3071 3069 3070 3079 3070 3071 3067 3058 3064 3056 3065 3068 3075
3002 3004 3007 2998 2991 2994 3025 3003 2986 2994 2990 2992 2997 3001 3020 3014 3005 3005 3003 3021 3023 3029 3028 3053 3058 3067 3058 3067 3055 3053 3048 3059 3047 3049 3072 3062 3043 3058 3050 3058 3075 3074 3081 3082 3076 3071 3075 3081 3067 3074 3070 3070 3068 3077 3065 3056 3053 3059 3056 3060 3063 3062 3062 3063
3001 3004 2992 2990 2999 2995 3018 2998 2991 2995 2991 2995 2995 2991 3004 3004 2992 3010 3021 3029 3044 3034 3046 3053 3061 3048 3068 3055 3057 3043 3057 3065 3063 3047 3066 3046 3053 3074 3053 3061 3061 3072 3075 3072 3063 3060 3051 3055 3051 3055 3060 3059 3055 3068 3060 3061 3070 3057 3047 3054 3055 3047 3054 3067
3000 2988 2991 2991 3005 3004 3015 3008 2998 2994 3012 3007 2990 2998 3010 2999 3000 3011 3050 3046 3060 3058 3052 3057 3069 3072 3071 3051 3058 3060 3071 3061 3058 3053 3053 3060 3059 3058 3075 3078 3054 3054 3054 3056 3046 3041 3053 3034 3049 3031 3038 3059 3052 3043 3060 3065 3061 3065 3058 3050 3044 3061 3055 3054
2994 2994 2986 2995 3010 3007 3004 3000 3005 3013 3000 2995 3002 3016 3014 3031 3032 3035 3045 3055 3055 3054 3059 3058 3074 3078 3072 3063 3065 3064 3069 3067 3072 3057 3066 3053 3056 3052 3057 3066 3064 3054 3052 3063 3048 3057 3053 3069 3065 3052 3041 3056 3071 3060 3048 3041 3066 3066 3059 3052 3055 3058 3055 3066
3001 2997 2993 2987 3016 2994 3014 2997 3021 3014 3007 3012 3004 3020 3039 3049 3043 3050 3055 3049 3065 3068 3070 3081 3071 3076 3081 3069 3058 3083 3070 3091 3080 3079 3064 3066 3066 3059 3065 3057 3043 3049 3049 3069 3066 3061 3059 3071 3058 3070 3053 3050 3062 3073 3061 3044 3083 3078 3070 3071 3059 3056 3060 3076
2994 2996 2991 3009 3004 3001 3009 3012 3022 3006 3019 3013 3025 3024 3042 3045 3054 3057 3057 3051 3069 3068 3083 3086 3057 3073 3071 3075 3075 3066 3071 3079 3090 3064 3086 3084 3074 3057 3055 3056 3063 3055 3063 3062 3057 3058 3066 3061 3054 3051 3046 3048 3051 3062 3055 3063 3045 3060 3057 3060 3064 3063 3071 3072
3001 2994 2994 3002 3020 3010 3008 3016 3014 3011 3009 3016 3017 3043 3050 3069 3069 3069 3044 3068 3087 3089 3089 3071 3066 3060 3069 3066 3050 3072 3064 3060 3068 3078 3087 3067 3063 3061 3065 3068 3039 3062 3067 3058 3065 3044 3051 3051 3052 3051 3064 3060 3063 3046 3071 3063 3052 3058 3048 3073 3059 3059 3077 3083
3004 2992 3006 3015 3023 3010 3002 3003 3021 3026 3028 3039 3041 3039 3054 3068 3062 3078 3056 3074 3084 3084 3087 3077 3077 3078 3085 3072 3074 3065 3062 3070 3076 3081 3079 3072 3064 3066 3068 3067 3067 3066 3059 3075 3064 3068 3066 3051 3062 3065 3063 3048 3063 3054 3067 3055 3057 3051 3066 3064 3065 3052 3078 3079
3006 3007 2998 3013 3011 3005 3004 2995 3016 3018 3021 3050 3054 3068 3063 3065 3071 3070 3078 3083 3081 3091 3072 3083 3068 3069 3084 3074 3073 3074 3067 3079 3079 3082 3064 3072 3056 3063 3063 3079 3085 3078 3069 3062 3073 3064 3080 3067 3068 3065 3043 3050 3052 3059 3048 3063 3063 3062 3065 3071 3064 3053 3061 3067
3005 3003 3012 3014 3023 3011 3009 2996 3012 3002 3033 3046 3060 3065 3072 3071 3068 3069 3072 3079 3070 3079 3086 3081 3072 3075 3078 3078 3070 3065 3072 3068 3063 3070 3070 3069 3068 3061 3066 3073 3072 3075 3065 3069 3072 3065 3061 3066 3062 3059 3047 3050 3071 3066 3058 3063 3055 3067 3069 3079 3058 3070 3070 3097
3000 3005 3002 3005 3014 3017 3006 3001 2980 3013 3055 3067 3063 3065 3064 3073 3077 3072 3078 3065 3093 3082 3094 3077 3068 3076 3078 3067 3075 3080 3071 3073 3065 3056 3051 3067 3060 3060 3081 3061 3067 3071 3079 3050 3071 3068 3061 3076 3062 3072 3070 3055 3069 3084 3049 3066 3066 3076 3067 3064 3070 3085 3074 3070
