3042 3065 3078 3065 3042 3037 3044 3042 3053 3048 3042 3036 3044 3050 3043 3038 3034 3009 3017 3026 3037 3029 3030 3023 3035 3029 3029 3016 3008 3018 3020 3017 3022 3017 3026 3020 3030 3023 3031 3028 3004 3020 3040 3024 3018 3008 3015 3029 3028 3036 3031 3021 3013 3020 3026 3003 3003 2980 2994 3011 3001 2985 3006 3020
3057 3044 3064 3046 3029 3042 3042 3050 3038 3040 3037 3044 3044 3048 3042 3036 3025 3014 3021 3034 3033 3032 3018 3012 3029 3035 3014 3034 3035 3013 3025 3038 3031 3033 3041 3037 3045 3016 3031 3023 3038 3041 3044 3030 3028 3032 3027 3028 3023 3027 3025 3022 3022 3017 3012 3010 3009 2992 3006 3027 3007 2986 3011 3017
3032 3052 3056 3048 3031 3037 3034 3045 3046 3034 3030 3040 3032 3033 3042 3020 3019 3014 3026 3037 3030 3029 3016 3021 3015 3020 3016 3018 3015 3033 3031 3034 3038 3030 3030 3038 3032 3037 3038 3041 3036 3029 3025 3040 3041 3038 3035 3038 3051 3043 3035 3019 3029 3017 3008 3012 3022 3011 2999 3002 3010 3009 3019 3013
3040 3053 3039 3036 3046 3040 3044 3025 3046 3037 3041 3040 3039 3035 3041 3025 3025 3019 3018 3026 3027 3019 3026 3019 3036 3017 3022 3032 3030 3040 3028 3038 3040 3050 3043 3038 3044 3034 3044 3045 3038 3049 3028 3047 3034 3044 3037 3038 3032 3037 3029 3037 3025 3023 3006 3010 3010 3010 3004 3013 3007 3016 3003 3015
3046 3042 3025 3033 3046 3042 3030 3032 3041 3059 3050 3048 3032 3034 3028 3025 3027 3015 3015 3019 3018 3022 3020 3028 3023 3042 3028 3030 3035 3041 3038 3032 3052 3050 3035 3024 3022 3044 3043 3051 3045 3062 3065 3054 3039 3037 3038 3024 3052 3038 3046 3040 3037 3029 3021 3028 3018 3016 3016 3003 3015 3003 3000 2996
3057 3045 3015 3030 3039 3059 3036 3026 3037 3038 3050 3045 3028 3037 3032 3028 3024 3020 3014 3022 3015 3024 3015 3002 3030 3025 3029 3034 3043 3047 3036 3036 3038 3040 3032 3030 3044 3046 3053 3061 3044 3059 3045 3043 3044 3048 3049 3047 3048 3045 3037 3038 3034 3024 3026 3021 3031 3019 3013 3005 3004 3005 3021 3010
3048 3028 3031 3021 3031 3040 3040 3033 3024 3036 3049 3046 3036 3027 3030 3021 3022 3024 3030 3017 3020 3011 3017 3013 3025 3035 3033 3033 3034 3023 3029 3022 3036 3034 3031 3039 3051 3058 3052 3038 3051 3057 3043 3038 3045 3041 3042 3057 3041 3038 3043 3042 3032 3037 3021 3022 3014 3009 3011 3001 3015 3026 3013 2998
3012 3011 2995 3010 3005 3000 3008 3009 3002 3015 3028 3027 3027 3016 3021 3007 3005 3010 3021 3017 3021 3008 3019 3019 3013 3023 3020 3026 3036 3026 3034 3035 3031 3041 3042 3037 3045 3056 3043 3047 3036 3034 3025 3044 3043 3032 3044 3048 3040 3034 3055 3051 3041 3042 3029 3021 3005 3001 3002 3005 3019 3009 3013 3003
2969 2965 2977 2955 2989 2976 2980 2981 2979 2997 3005 3001 2996 2988 2983 2995 2997 3005 3005 3005 3003 3008 3004 3017 3012 3010 3018 3024 3011 3026 3035 3028 3022 3028 3034 3049 3043 3054 3047 3044 3034 3022 3031 3026 3020 3033 3034 3032 3031 3040 3033 3041 3054 3043 3024 3019 3005 3004 3002 3008 3000 3018 3006 3003
2979 2973 2966 2974 2977 2986 2981 2985 2980 2978 2992 2996 2994 2987 2990 2989 2990 2980 2992 2986 3005 3002 2998 3005 3007 3014 3026 3017 3015 3030 3029 3027 3033 3037 3031 3034 3039 3044 3042 3033 3030 3025 3039 3022 3023 3036 3035 3038 3036 3031 3051 3038 3036 3035 3023 3029 3009 3012 3014 3015 3014 3022 3012 2999
2979 2972 2961 2964 2980 2977 2991 2998 2982 2988 2970 2975 2990 2987 2981 2989 2980 2979 2973 2983 2996 2998 2988 3004 3007 2997 3007 3025 3022 3023 3040 3029 3044 3031 3050 3031 3036 3046 3036 3041 3028 3029 3025 3025 3034 3030 3034 3027 3045 3041 3056 3053 3036 3046 3040 3010 3044 3031 3018 3025 3024 3022 3004 3006
2967 2965 2970 2970 2986 2977 2986 2971 2979 2982 2975 2972 2995 2987 2977 2981 2977 2986 2981 2976 2997 2991 2992 3003 3005 3022 3027 3027 3028 3024 3032 3032 3034 3035 3037 3030 3028 3028 3030 3033 3040 3050 3035 3022 3016 3031 3048 3045 3042 3058 3045 3062 3038 3048 3039 3031 3029 3016 3030 3008 3015 3021 3018 3015
2969 2975 2966 2980 2979 2974 2974 2971 2958 2969 2985 2974 2985 2999 2994 2984 2992 2998 2991 2986 2992 3004 3002 3004 3018 3025 3010 3026 3030 3036 3030 3024 3026 3039 3038 3040 3031 3027 3030 3035 3031 3031 3025 3025 3027 3041 3064 3067 3064 3056 3044 3053 3054 3049 3038 3041 3035 3024 3044 3031 3037 3015 3029 3019
2963 2968 2977 2980 2964 2972 2970 2984 2971 2979 2980 2967 2984 2976 2973 2983 2973 2991 2985 2973 2988 2987 2999 3002 3006 3032 3025 3032 3028 3036 3034 3025 3020 3042 3033 3032 3030 3024 3024 3030 3031 3048 3035 3026 3033 3041 3073 3082 3062 3060 3061 3050 3043 3052 3048 3037 3038 3034 3037 3033 3018 3023 3022 3013
2963 2960 2946 2959 2958 2973 2965 2979 2970 2974 2981 2974 2966 2971 2970 2981 2966 2985 2975 2982 2992 2994 3001 3007 3005 3028 3030 3025 3043 3027 3034 3032 3039 3029 3041 3035 3027 3030 3037 3028 3038 3028 3037 3031 3037 3041 3067 3068 3062 3055 3054 3052 3052 3056 3040 3022 3031 3029 3027 3020 3018 3026 3012 3007
2969 2979 2961 2967 2973 2981 2978 2976 2986 2980 2981 2982 2972 2969 2971 2975 2978 2976 2992 2989 2990 2993 3004 2999 3019 3011 3015 3025 3028 3038 3032 3024 3032 3027 3048 3035 3034 3028 3033 3022 3023 3027 3024 3037 3046 3056 3069 3079 3071 3055 3061 3049 3054 3038 3038 3030 3028 3024 3040 3010 3019 3030 3012 3006
2981 2982 2978 2985 2982 2992 2986 2997 3001 2976 2983 2988 2979 2986 2994 2971 2983 2974 2988 2986 2980 2987 2996 3013 3016 3020 3022 3030 3037 3041 3042 3028 3046 3034 3038 3046 3035 3041 3031 3026 3030 3030 3038 3043 3061 3067 3090 3082 3056 3069 3068 3061 3048 3032 3046 3045 3043 3035 3028 3024 3024 3030 3024 3015
2979 2985 2996 2987 2985 2982 2989 3000 3001 2991 2988 2976 2992 2991 2980 2981 2973 2989 2973 2984 2984 2989 3003 2993 3035 3025 3029 3035 3040 3050 3046 3033 3029 3037 3041 3053 3034 3037 3039 3034 3027 3040 3054 3060 3060 3072 3075 3090 3072 3073 3069 3051 3046 3040 3038 3055 3031 3030 3033 3022 3031 3027 3026 3024
2986 2986 2994 2990 2988 2999 3003 2998 2998 2990 2995 2991 2990 2987 2985 2984 2991 2990 2988 2983 2976 2988 2993 3015 3024 3055 3035 3032 3045 3053 3043 3031 3038 3051 3064 3042 3050 3044 3044 3031 3028 3040 3061 3073 3074 3074 3076 3070 3068 3059 3056 3052 3056 3049 3058 3041 3041 3037 3042 3044 3036 3029 3019 3017
2996 2989 3004 2988 2980 3000 3010 3003 2998 3000 3001 2989 3015 2991 2996 2984 2980 2995 2987 2994 3000 3003 2995 3009 3024 3030 3035 3052 3054 3043 3053 3053 3064 3060 3069 3050 3077 3045 3044 3049 3044 3056 3057 3078 3076 3096 3084 3074 3069 3054 3048 3051 3054 3043 3049 3034 3045 3024 3046 3037 3034 3032 3032 3024
2997 3002 3001 2999 2997 3001 3006 3016 2996 2989 3011 3006 2996 3001 2988 2987 3000 2997 2981 2985 2981 2984 2993 3005 3014 3034 3046 3054 3053 3059 3060 3061 3070 3071 3076 3064 3072 3044 3061 3066 3065 3060 3075 3068 3088 3072 3084 3077 3063 3069 3070 3053 3043 3047 3050 3055 3042 3041 3048 3049 3054 3025 3028 3024
2988 3011 2990 3001 2989 2997 3003 2991 2995 3008 3010 3012 3008 3003 2982 2983 2993 2981 2990 2993 2985 2988 3002 2998 3019 3027 3056 3046 3059 3051 3058 3072 3082 3070 3074 3073 3065 3083 3071 3068 3081 3078 3081 3093 3075 3077 3088 3062 3083 3069 3057 3050 3072 3056 3061 3060 3048 3039 3040 3026 3044 3025 3024 3027
2979 2988 2995 2981 2989 2975 2999 2986 2978 2992 2992 2992 2987 2989 2995 2981 2980 2990 2980 2989 2989 2995 2999 3014 3018 3034 3053 3055 3053 3062 3081 3085 3086 3068 3082 3077 3082 3085 3069 3076 3082 3073 3061 3088 3081 3075 3084 3084 3074 3073 3081 3058 3061 3062 3070 3079 3061 3054 3045 3024 3011 3021 3021 3001
2989 3003 2987 2981 2989 2988 2997 2982 2994 2990 2998 3002 2990 2995 2985 2980 2987 2984 3000 2988 2997 2995 2999 3017 3019 3043 3069 3060 3065 3072 3087 3081 3068 3086 3079 3084 3086 3078 3079 3092 3082 3085 3080 3078 3087 3082 3088 3079 3085 3079 3086 3078 3080 3087 3076 3084 3061 3025 3027 3014 3019 3012 3019 3016
2998 2993 3000 2992 3002 2991 2989 3000 2994 3001 2976 3001 2996 3004 2987 2997 2988 2987 3003 3012 3005 2994 2989 3010 3035 3045 3066 3071 3081 3074 3079 3064 3075 3076 3072 3075 3072 3083 3090 3086 3075 3092 3078 3084 3087 3090 3090 3087 3100 3094 3089 3081 3086 3091 3084 3092 3057 3033 3040 3010 3015 2988 3009 3010
3014 2998 2996 3005 2997 2996 3008 2984 3004 2998 2986 2990 2995 2998 3000 3010 2999 2995 3005 3001 2997 2984 2992 3003 3032 3045 3054 3076 3080 3073 3074 3069 3088 3064 3075 3079 3080 3076 3084 3080 3078 3080 3091 3093 3087 3092 3093 3091 3107 3099 3093 3100 3085 3083 3085 3082 3056 3034 3021 3030 3022 2995 3003 3018
3021 3002 2999 3000 2999 3004 2998 3002 3008 3006 2996 2995 2988 3006 2980 3002 3006 3005 3000 2999 2997 2995 2988 3000 3019 3048 3061 3062 3072 3071 3061 3074 3089 3080 3083 3078 3073 3087 3077 3084 3086 3087 3073 3079 3083 3101 3091 3094 3090 3089 3095 3103 3095 3077 3082 3077 3067 3044 3036 3034 3015 3024 3021 3010
3004 3003 3005 2994 3002 3006 3010 3006 2997 2991 3002 3003 2998 2994 3010 2992 2998 2996 2995 3004 2993 2996 2998 3009 3017 3036 3054 3066 3063 3071 3074 3077 3078 3071 3093 3072 3087 3097 3079 3076 3083 3083 3086 3079 3071 3091 3101 3085 3093 3088 3088 3096 3087 3084 3075 3072 3051 3031 3019 3041 3016 3014 3019 3013
2995 2998 3001 3007 3004 2995 2992 3005 2997 2997 2997 3009 2995 3010 2999 3015 3000 2992 3007 2995 2985 2997 2987 3008 3015 3028 3063 3067 3058 3065 3068 3086 3092 3064 3078 3069 3084 3073 3089 3095 3076 3075 3087 3091 3093 3090 3084 3090 3090 3091 3080 3091 3093 3094 3083 3060 3056 3025 3013 3033 3022 3002 3002 3017
2985 2988 3003 3007 3009 2995 2987 2988 3000 3000 3006 2994 3003 2999 3002 3002 3009 3000 2990 2988 2991 3000 2995 3003 3013 3035 3054 3062 3064 3059 3068 3077 3074 3076 3076 3083 3082 3088 3093 3082 3085 3079 3093 3087 3095 3109 3102 3085 3093 3086 3090 3079 3091 3105 3079 3058 3060 3040 3038 3021 3020 3028 3012 3018
2986 2998 3004 3008 3020 3004 2996 2999 3001 3002 2997 2987 3000 3005 3000 3016 2997 2994 2978 2985 3001 3000 3007 2994 3009 3022 3038 3064 3067 3068 3082 3067 3068 3076 3077 3069 3084 3070 3076 3077 3079 3087 3089 3079 3094 3095 3094 3091 3080 3091 3077 3079 3081 3086 3088 3072 3052 3030 3022 3031 3020 3015 3016 3020
3002 2997 3007 3013 3018 3013 3000 2986 3001 3007 2996 3004 3001 3002 3004 3012 3004 2998 2992 2994 2995 2997 3002 2987 3004 3006 3037 3065 3060 3066 3084 3082 3079 3078 3080 3078 3075 3079 3071 3072 3084 3088 3078 3082 3096 3090 3102 3095 3080 3091 3083 3089 3092 3084 3077 3075 3048 3030 3022 3020 3021 3018 3017 3016
2998 3002 2997 3006 3016 3005 2992 3003 2983 2996 3010 2988 2992 3002 3004 2996 2987 2997 2991 2984 2990 2989 3000 3003 2997 3012 3022 3032 3055 3074 3066 3085 3073 3072 3070 3083 3074 3080 3082 3082 3092 3086 3089 3077 3083 3081 3079 3085 3080 3085 3070 3089 3087 3078 3086 3081 3044 3021 3016 3007 3012 3004 3007 3004
2993 3000 3000 2999 3001 3008 3013 2989 3004 2988 2988 2991 3003 2992 2997 3001 2992 2986 2997 3002 3000 2988 2995 3004 2997 3004 3015 3029 3047 3050 3084 3087 3071 3080 3076 3073 3090 3078 3092 3092 3094 3082 3082 3086 3084 3084 3077 3083 3084 3093 3069 3084 3076 3090 3081 3086 3038 3032 3020 3010 3004 3011 2999 3011
2993 2995 2989 2990 2989 3008 3000 3009 2998 2996 2992 2986 3000 3005 2995 3000 2999 2984 2990 2981 2977 2994 3001 3012 3004 3011 2996 3019 3033 3054 3094 3079 3083 3081 3081 3063 3070 3081 3075 3085 3083 3079 3091 3093 3082 3088 3083 3087 3091 3079 3091 3087 3091 3073 3084 3073 3037 3019 3013 3019 3010 3022 3005 3021
2996 2997 2981 2992 2991 2997 2987 2988 2991 2983 2981 2990 3005 2997 2991 2997 2995 2985 2987 2991 2999 2980 2996 2996 3002 3004 3008 3014 3020 3049 3062 3089 3066 3061 3072 3080 3069 3080 3066 3075 3079 3083 3099 3084 3094 3094 3090 3089 3083 3083 3078 3068 3079 3087 3080 3060 3038 3020 3023 3017 3004 3011 3022 3007
2985 2996 2995 2984 2979 2986 2990 2993 2990 2983 2986 2986 2996 2995 2978 2995 2982 2996 2983 2994 2996 3007 2999 2995 2997 2997 2980 3005 3018 3048 3072 3085 3082 3081 3073 3074 3063 3075 3079 3080 3076 3081 3074 3097 3101 3101 3094 3093 3091 3089 3073 3081 3085 3077 3082 3049 3041 3021 3002 3011 3015 3017 3012 3015
2994 2990 2993 2992 2982 2991 2969 2980 2974 2986 2990 2989 3004 2999 2995 2983 2992 2998 2995 3002 3001 2995 2990 2989 2997 3001 2981 2995 3008 3035 3056 3075 3093 3074 3070 3081 3087 3085 3079 3094 3084 3082 3081 3093 3093 3104 3085 3102 3077 3094 3072 3080 3087 3093 3066 3060 3037 3006 3007 3020 3010 3003 3018 3016
3006 3000 2997 2985 2986 2975 2994 2985 2975 2995 2989 2991 2999 2995 2994 2995 2992 2997 2990 2993 2994 2986 3010 2995 2996 2990 2999 3018 3024 3047 3065 3066 3063 3074 3074 3074 3078 3054 3082 3081 3071 3112 3081 3097 3094 3090 3089 3095 3090 3079 3069 3070 3076 3078 3063 3029 3032 3023 3015 3019 3028 2997 3005 3010
3008 3013 2991 2992 2983 2978 2992 2981 2997 2988 2985 3001 2987 3004 3004 2999 2989 2995 2991 2998 2994 2995 3005 3008 2992 2999 2991 3011 3028 3040 3066 3072 3072 3074 3068 3080 3076 3077 3082 3094 3104 3092 3096 3093 3094 3085 3077 3092 3076 3075 3080 3078 3073 3072 3051 3021 3019 3030 3017 3008 3017 3005 3020 2990
2996 2991 2995 2980 2977 2988 2995 2985 2980 2988 2998 2998 2996 3002 3007 2986 2998 2995 2992 3000 2996 2987 2992 2999 3008 2981 2995 3011 3031 3047 3071 3078 3079 3075 3070 3083 3085 3063 3068 3079 3076 3078 3081 3085 3088 3084 3087 3086 3090 3084 3086 3080 3066 3050 3042 3035 3035 3028 3024 3041 3025 3017 3005 3015
2989 2995 2987 2980 2978 2977 2980 2990 2988 2971 2982 2987 2992 2992 2995 2990 2982 2986 2988 3002 2997 2992 2980 2991 2987 2985 2994 3010 3019 3044 3069 3081 3059 3075 3056 3080 3067 3067 3075 3073 3076 3076 3079 3086 3077 3077 3079 3082 3089 3080 3074 3073 3071 3057 3038 3034 3030 3060 3035 3043 3013 3008 3009 3010
2994 2982 2984 2990 2985 2985 2996 2986 2978 2986 2979 2979 2993 2990 3001 2990 2973 2992 2997 2985 2985 2996 3000 2992 2998 2998 3000 3025 3039 3055 3059 3072 3060 3068 3082 3090 3085 3087 3082 3081 3079 3078 3091 3084 3086 3084 3087 3092 3088 3083 3073 3064 3046 3030 3021 3014 3036 3029 3027 3040 3022 3026 3017 3008
2985 2988 2988 2993 2979 2995 2995 2986 2999 2986 2986 2981 2985 2994 2994 2977 2973 2980 2985 2995 2995 2993 2988 2992 2995 3005 2992 3023 3043 3063 3071 3073 3065 3072 3094 3087 3086 3096 3082 3077 3088 3086 3092 3091 3090 3086 3093 3082 3075 3092 3061 3055 3044 3021 3023 3019 3018 3038 3036 3033 3034 3014 3023 3023
2983 2983 2984 2983 2993 2981 2985 2982 2981 2995 2994 2999 2986 2995 2992 2990 2984 2989 2997 2988 2982 2995 2980 2994 2996 3010 3021 3027 3048 3072 3071 3083 3092 3091 3087 3081 3079 3076 3086 3082 3090 3073 3092 3093 3079 3090 3082 3092 3079 3070 3050 3033 3016 3016 3003 3005 3032 3034 3034 3038 3039 3029 3009 3021
2992 2998 2981 2979 2984 2991 2986 3000 2994 3004 3010 3006 3013 3002 3002 2988 2987 2999 2994 3002 3001 2989 3000 3003 2990 3016 3018 3018 3057 3080 3082 3087 3106 3090 3078 3069 3074 3077 3090 3086 3087 3084 3087 3085 3071 3081 3090 3085 3075 3064 3036 3017 3016 3023 3020 2996 3021 3038 3034 3035 3035 3028 3026 3024
3009 2991 2993 3003 2979 2991 2990 2999 2993 2993 3003 3004 2995 2995 3007 2993 2999 3000 3001 3000 3005 3012 3004 3010 3000 3020 3010 3037 3076 3086 3091 3078 3080 3072 3082 3084 3091 3086 3090 3085 3089 3072 3098 3087 3096 3100 3086 3086 3058 3038 3024 3006 3017 3015 3021 3002 3020 3027 3032 3014 3034 3016 3020 3026
3011 3010 3000 2997 2999 2995 3012 3005 2998 2995 3004 3003 2998 2990 2990 3006 2980 2997 2997 3007 3032 3016 3017 3005 3019 3022 3036 3053 3070 3093 3081 3079 3067 3079 3086 3094 3092 3090 3092 3088 3083 3078 3083 3097 3072 3092 3078 3073 3047 3032 3026 3011 3019 3006 3005 3019 3008 3021 3018 3007 3018 3007 3020 3000
2995 3001 2994 2989 2986 2991 3001 3006 3006 3002 3001 3007 3003 2995 3001 2991 2998 3004 2990 3027 3022 3028 3013 3019 3022 3035 3053 3066 3067 3075 3081 3066 3075 3083 3073 3072 3068 3076 3070 3082 3072 3090 3081 3077 3081 3073 3074 3060 3029 3018 3015 3018 3012 3009 3011 3006 3001 3011 3015 3000 3005 3020 3015 3020
2972 2992 2993 2992 2986 2996 2992 3005 3007 3000 3006 2996 2999 2989 2987 2986 2984 3008 3014 3019 3024 3033 3024 3043 3028 3048 3048 3075 3064 3080 3081 3081 3079 3086 3078 3081 3086 3087 3071 3081 3079 3077 3089 3086 3078 3089 3077 3044 3034 3020 3004 2995 3009 3000 2990 3011 3012 3002 3014 3008 2996 3014 3009 3006
2992 2999 3000 2991 3003 2996 2997 3002 2989 3011 3012 3009 3000 2990 2983 2996 2998 3017 3026 3031 3048 3049 3049 3045 3058 3063 3074 3062 3080 3082 3088 3076 3088 3102 3091 3092 3084 3081 3084 3087 3077 3089 3066 3082 3081 3086 3062 3041 3027 3009 3011 3006 3004 3006 2994 3008 3011 2996 2998 3009 2995 3003 3013 3008
3005 2983 3008 2994 2991 2994 2998 2994 2991 3003 2992 2999 2997 2995 3002 3004 3009 3022 3052 3047 3046 3054 3054 3060 3069 3058 3075 3078 3089 3084 3073 3080 3081 3075 3079 3097 3082 3081 3092 3093 3085 3077 3078 3079 3086 3070 3057 3042 3031 3008 2994 2997 3001 2995 2998 3002 3002 3024 3012 2992 2994 3003 3003 3016
2995 2990 2992 3001 2987 2976 2985 2992 2990 3007 3012 2997 2999 2998 3003 3012 3011 3038 3044 3048 3052 3046 3047 3054 3066 3060 3078 3087 3073 3091 3075 3068 3075 3083 3073 3079 3085 3086 3075 3086 3090 3083 3096 3072 3072 3069 3062 3062 3038 3026 3031 3026 3030 3016 3012 3006 3028 3022 3014 2994 3000 3009 3019 3019
2998 2989 2973 2980 2983 2987 2973 2987 2993 2998 3013 3009 3002 3007 3022 3022 3021 3044 3051 3040 3038 3055 3065 3065 3060 3077 3075 3083 3078 3076 3082 3074 3061 3065 3078 3058 3076 3067 3086 3074 3076 3088 3067 3079 3068 3064 3070 3058 3043 3026 3054 3043 3034 3034 3037 3008 3031 3026 3023 3009 3010 3013 3021 3034
2995 2984 2999 2993 3000 3002 2998 3003 3008 3015 3034 3034 3027 3025 3038 3045 3031 3041 3028 3042 3056 3051 3060 3068 3075 3082 3069 3080 3086 3084 3070 3076 3078 3076 3076 3069 3062 3079 3074 3077 3080 3095 3076 3071 3064 3068 3058 3058 3061 3054 3056 3046 3049 3046 3038 3046 3039 3034 3029 3022 3037 3029 3020 3042
3004 2999 3001 3017 3000 3012 3008 3018 3026 3029 3033 3056 3031 3059 3041 3060 3047 3050 3040 3048 3047 3051 3044 3059 3081 3087 3070 3079 3076 3095 3079 3086 3088 3075 3082 3088 3079 3079 3073 3068 3084 3076 3084 3060 3083 3072 3074 3081 3068 3054 3058 3063 3034 3043 3051 3042 3048 3048 3041 3038 3042 3030 3050 3065
2999 3002 3001 3017 3014 3034 3028 3017 3038 3059 3044 3048 3049 3054 3065 3067 3057 3052 3052 3051 3053 3056 3067 3062 3067 3078 3083 3093 3085 3099 3089 3089 3098 3098 3075 3076 3083 3076 3091 3082 3078 3089 3086 3088 3084 3094 3078 3069 3071 3055 3069 3075 3048 3062 3059 3067 3042 3052 3054 3046 3032 3040 3053 3058
3004 3012 3004 3025 3034 3031 3047 3043 3054 3053 3055 3062 3053 3069 3055 3075 3071 3064 3069 3054 3082 3066 3069 3074 3089 3087 3085 3088 3095 3099 3090 3105 3097 3100 3103 3094 3082 3085 3072 3074 3094 3092 3093 3089 3096 3092 3080 3068 3067 3080 3076 3075 3071 3077 3060 3061 3053 3059 3056 3058 3054 3042 3053 3055
3019 3021 3030 3026 3043 3047 3057 3067 3058 3055 3075 3066 3065 3059 3078 3058 3072 3061 3051 3064 3072 3068 3075 3068 3080 3083 3084 3077 3097 3085 3074 3080 3090 3095 3091 3077 3089 3090 3074 3077 3081 3074 3088 3090 3085 3081 3068 3059 3071 3077 3065 3077 3069 3070 3073 3059 3062 3059 3065 3074 3061 3058 3055 3045
3019 3022 3041 3051 3053 3043 3052 3066 3059 3068 3072 3070 3058 3064 3051 3077 3070 3062 3064 3076 3067 3065 3070 3077 3080 3076 3079 3080 3095 3078 3070 3073 3077 3087 3084 3086 3085 3090 3097 3078 3084 3090 3075 3082 3074 3056 3066 3060 3056 3072 3066 3066 3057 3061 3060 3081 3059 3071 3076 3087 3073 3068 3052 3042
3020 3021 3050 3037 3053 3056 3059 3063 3068 3063 3059 3066 3059 3071 3060 3055 3067 3066 3079 3070 3074 3076 3071 3074 3056 3056 3072 3062 3083 3070 3073 3066 3076 3075 3080 3066 3063 3078 3075 3078 3073 3074 3074 3063 3074 3076 3077 3072 3064 3074 3069 3077 3080 3061 3067 3065 3067 3068 3060 3078 3061 3073 3066 3058
3022 3031 3047 3052 3041 3041 3056 3066 3052 3065 3067 3061 3060 3079 3086 3083 3065 3081 3073 3065 3079 3066 3074 3074 3066 3070 3058 3079 3058 3065 3073 3074 3081 3085 3066 3065 3056 3067 3069 3064 3070 3071 3055 3068 3056 3050 3050 3066 3056 3055 3068 3077 3074 3073 3080 3069 3060 3063 3073 3076 3064 3051 3061 3069
3047 3033 3047 3031 3044 3052 3059 3064 3068 3063 3067 3057 3060 3071 3075 3078 3073 3070 3075 3074 3091 3082 3078 3081 3065 3076 3070 3076 3074 3072 3073 3067 3080 3067 3091 3077 3091 3075 3067 3074 3071 3070 3071 3064 3069 3069 3056 3072 3059 3057 3064 3073 3074 3069 3074 3067 3068 3073 3065 3070 3061 3053 3053 3056
3035 3042 3044 3054 3047 3063 3073 3069 3074 3071 3076 3074 3073 3076 3068 3074 3078 3078 3087 3086 3082 3080 3064 3065 3079 3090 3071 3080 3062 3074 3075 3081 3078 3076 3084 3072 3079 3090 3082 3095 3080 3070 3061 3065 3067 3071 3057 3050 3069 3067 3068 3075 3082 3083 3082 3068 3052 3052 3070 3087 3072 3060 3059 3056
