3063 3039 3070 3049 3041 3063 3073 3065 3057 3047 3049 3060 3054 3059 3056 3052 3057 3051 3064 3058 3054 3051 3059 3066 3079 3072 3073 3062 3068 3059 3058 3061 3056 3055 3058 3056 3037 3035 3023 3041 3024 3028 3016 3014 3019 3028 3007 3015 3008 3007 3019 3021 3006 3006 3008 3020 3025 2998 2995 2999 2999 2996 2990 2992
3051 3053 3057 3051 3052 3045 3042 3056 3061 3050 3050 3070 3070 3044 3041 3049 3046 3049 3075 3063 3067 3067 3062 3067 3074 3073 3065 3056 3053 3053 3063 3054 3045 3050 3071 3044 3031 3051 3033 3031 3032 3038 3016 3024 3029 3024 3022 3006 3008 3021 3022 3011 3002 3001 3016 3005 3003 3001 3006 3002 2998 3017 3001 2993
3054 3058 3049 3043 3034 3036 3037 3045 3054 3049 3070 3063 3068 3068 3061 3047 3055 3044 3048 3068 3062 3071 3062 3059 3072 3058 3060 3061 3055 3062 3056 3057 3040 3043 3032 3054 3042 3044 3030 3040 3036 3028 3026 3029 3012 3012 3000 3024 3020 3019 3020 3016 2995 3004 3023 3019 2999 2997 2989 2999 3004 3014 2997 2988
3040 3044 3034 3036 3043 3047 3045 3063 3060 3051 3062 3060 3062 3064 3055 3057 3052 3055 3046 3065 3076 3070 3051 3058 3070 3059 3062 3071 3074 3057 3061 3046 3049 3045 3035 3044 3022 3042 3043 3031 3042 3026 3030 3034 3017 3008 3011 3023 3022 3019 3007 3008 3002 3003 3001 3007 3003 2991 2999 3006 2996 3006 2994 2993
3028 3034 3036 3040 3032 3042 3056 3048 3062 3062 3049 3049 3056 3054 3051 3054 3060 3061 3058 3061 3090 3065 3056 3052 3055 3077 3061 3073 3074 3064 3060 3045 3040 3050 3036 3041 3037 3041 3046 3048 3044 3027 3041 3042 3024 3025 3024 3030 3010 3015 3008 3004 2999 3003 3006 3010 3011 3002 3002 2996 2991 3007 3010 3005
3044 3030 3045 3037 3045 3049 3049 3054 3050 3063 3066 3053 3049 3057 3047 3050 3065 3061 3044 3061 3065 3067 3072 3060 3066 3076 3067 3075 3083 3068 3066 3061 3062 3070 3049 3057 3055 3036 3045 3037 3031 3028 3041 3030 3027 3020 3028 3028 3015 3002 3003 3002 2994 2997 2996 3004 3007 3012 2999 3002 3010 2993 2996 3003
3054 3047 3048 3050 3037 3045 3046 3040 3052 3062 3055 3050 3062 3042 3060 3042 3059 3050 3042 3054 3069 3077 3074 3081 3076 3076 3082 3086 3088 3082 3068 3047 3055 3053 3063 3050 3040 3039 3025 3030 3034 3037 3039 3043 3036 3029 3041 3033 3008 3003 3008 2999 3009 3008 2995 3001 3004 3001 2996 3009 3009 2991 2993 2998
3019 3029 3019 3015 3002 3013 3018 3023 3023 3026 3034 3032 3027 3018 3031 3043 3034 3036 3022 3037 3051 3059 3065 3068 3069 3068 3081 3076 3075 3086 3071 3056 3058 3050 3058 3056 3053 3044 3037 3029 3038 3041 3030 3037 3032 3027 3025 3022 3024 3020 3010 3006 3004 3006 3005 2986 2998 2999 3005 3002 3010 3002 2989 2993
2970 2986 2993 2968 2962 2972 2996 2993 2994 2983 3011 3007 2998 2990 3013 3007 3011 3016 3015 3021 3032 3028 3036 3069 3068 3059 3077 3070 3067 3084 3081 3078 3059 3073 3055 3043 3050 3034 3040 3041 3027 3022 3034 3032 3018 3033 3036 3034 3040 3019 3011 3006 3006 3005 3000 2987 2979 2995 2989 2993 2998 3010 2999 3010
2972 2983 2982 2974 2953 2974 2992 2979 2987 2990 3008 2997 2996 2997 3010 3009 2997 3009 3020 3018 3041 3037 3068 3061 3069 3062 3086 3085 3076 3082 3079 3075 3076 3065 3071 3054 3057 3045 3042 3035 3032 3026 3029 3048 3037 3027 3028 3030 3048 3035 3023 3018 3012 3001 3000 3016 3007 2999 3001 2992 3001 3006 2994 2999
2958 2964 2977 2974 2965 2983 2997 3002 3000 3008 3017 3014 3004 3009 2999 2999 2999 3007 3027 3046 3036 3049 3055 3069 3072 3074 3090 3073 3084 3090 3077 3088 3082 3079 3079 3058 3060 3043 3024 3027 3016 3039 3041 3046 3039 3036 3042 3030 3028 3029 3023 3003 3004 3004 3014 3027 3011 3012 3001 2994 2994 2995 2987 3001
2961 2975 2972 2982 2991 2983 2995 3010 3008 3018 3017 3008 3018 3006 2999 3009 3009 3028 3039 3050 3060 3061 3078 3079 3076 3072 3086 3070 3083 3086 3074 3095 3079 3086 3079 3077 3054 3047 3046 3036 3033 3045 3035 3037 3039 3034 3048 3044 3034 3037 3026 3024 3007 3012 3017 3028 3013 3005 3004 2996 2990 2992 2993 3003
2973 2984 2987 2994 2977 2996 2990 3001 3004 3014 3006 3013 3029 3018 3004 3019 3020 3036 3054 3076 3073 3078 3080 3076 3066 3084 3090 3077 3079 3074 3087 3093 3080 3086 3086 3083 3077 3067 3050 3036 3051 3058 3044 3035 3052 3046 3070 3052 3065 3050 3051 3028 3015 3003 2993 3012 3002 3007 3003 2996 2986 2981 2992 3004
2980 2981 2991 2990 2986 2985 2991 2988 3009 3018 3001 3018 3014 3023 3011 3025 3034 3056 3071 3070 3069 3077 3076 3082 3079 3080 3081 3079 3082 3082 3087 3091 3081 3081 3076 3090 3088 3077 3054 3039 3032 3050 3046 3043 3053 3053 3056 3064 3056 3061 3034 3039 3032 3012 3001 3006 3006 2995 2994 2983 2997 2976 2995 2997
2976 2962 2981 2980 2993 2987 2998 3004 3007 3012 3011 3011 2991 3012 3003 3043 3054 3048 3069 3075 3067 3082 3089 3077 3071 3070 3092 3086 3090 3098 3077 3087 3080 3102 3083 3080 3092 3094 3062 3041 3042 3031 3041 3058 3069 3068 3068 3077 3074 3053 3055 3032 3022 3014 3002 3010 2991 2987 2986 2984 2986 2979 2984 2998
2980 2989 2996 2991 2988 3007 2999 3006 3027 3022 3037 3018 2998 3016 3046 3042 3055 3059 3060 3083 3077 3073 3086 3076 3080 3092 3089 3090 3085 3089 3103 3093 3092 3088 3091 3109 3087 3073 3069 3048 3041 3029 3042 3055 3065 3073 3075 3073 3059 3083 3050 3054 3036 3014 3005 3003 2990 3008 2984 2992 2995 2997 2987 2982
2995 2986 2982 2992 2996 2999 3009 3013 3019 3018 3030 3023 3020 3032 3045 3051 3079 3057 3081 3081 3082 3080 3081 3082 3084 3081 3073 3078 3073 3075 3095 3078 3080 3099 3100 3093 3078 3068 3060 3055 3054 3041 3050 3057 3071 3076 3074 3067 3076 3063 3048 3049 3036 3020 3009 2996 3002 2996 2998 2980 2984 3003 2988 3006
2990 2990 2987 2997 2997 3015 3017 3020 3019 3012 3013 3021 3033 3040 3061 3066 3073 3070 3078 3073 3077 3082 3068 3082 3087 3099 3090 3090 3078 3076 3080 3083 3078 3088 3092 3075 3082 3077 3066 3051 3075 3052 3043 3057 3080 3084 3073 3083 3074 3073 3057 3046 3029 3015 3020 3005 3006 3000 2999 2995 2996 2993 3003 2995
2998 3004 3008 3000 3006 3004 3022 3028 3033 3025 3013 3017 3029 3034 3062 3071 3080 3076 3080 3073 3077 3079 3075 3083 3079 3084 3084 3078 3083 3084 3083 3097 3099 3086 3075 3099 3074 3072 3075 3082 3061 3063 3055 3043 3075 3080 3098 3073 3089 3071 3071 3041 3032 3029 2998 3009 3003 2992 3002 2993 2994 2987 2988 2995
3010 3004 3001 3008 3007 3012 3019 3024 3022 3019 3022 3032 3042 3062 3067 3076 3082 3076 3064 3093 3084 3077 3087 3082 3086 3084 3078 3084 3078 3092 3089 3078 3087 3079 3077 3074 3079 3084 3085 3084 3064 3066 3050 3056 3069 3093 3073 3087 3096 3073 3062 3038 3029 3014 3003 2994 2993 2993 2993 2999 2986 2978 3001 3001
3009 2994 3004 2991 3024 3021 3013 3021 3027 3020 3035 3035 3056 3057 3081 3071 3063 3070 3072 3084 3085 3083 3089 3096 3080 3091 3088 3089 3074 3095 3087 3084 3088 3072 3076 3079 3081 3085 3083 3083 3089 3060 3063 3055 3068 3071 3077 3072 3086 3077 3054 3040 3025 3008 2995 2999 2997 3001 3007 2998 2997 2983 2981 2991
3007 2998 3007 3014 3019 3013 3018 3007 3027 3016 3036 3041 3049 3063 3081 3074 3076 3079 3080 3072 3078 3082 3084 3087 3084 3087 3079 3083 3092 3079 3090 3085 3096 3091 3078 3086 3075 3089 3067 3084 3082 3070 3074 3066 3078 3081 3080 3076 3075 3083 3071 3035 3030 3018 3012 2997 3005 3001 2998 2987 2991 2991 2997 2994
3014 3008 3021 3016 3029 3023 3029 3019 3025 3027 3039 3037 3046 3075 3077 3079 3066 3064 3068 3072 3077 3072 3075 3086 3070 3081 3081 3087 3090 3083 3071 3081 3089 3088 3075 3089 3089 3082 3083 3088 3077 3081 3065 3067 3076 3078 3077 3076 3071 3073 3061 3052 3035 3014 3008 3021 3012 3015 3006 3010 3006 2992 2998 3000
3005 3008 3014 3007 3025 3019 3032 3031 3028 3034 3044 3054 3063 3074 3080 3077 3067 3085 3073 3080 3064 3070 3056 3077 3071 3085 3083 3087 3082 3096 3079 3074 3089 3086 3084 3088 3091 3079 3076 3085 3073 3070 3066 3072 3078 3091 3075 3084 3078 3071 3066 3045 3029 3014 3012 3008 3002 3005 3003 2996 3017 2995 2998 3021
3014 3004 2997 3003 3025 3020 3024 3027 3049 3051 3044 3041 3078 3084 3090 3086 3083 3079 3082 3078 3074 3075 3066 3079 3085 3070 3074 3092 3077 3088 3093 3082 3080 3082 3091 3085 3081 3092 3091 3079 3072 3059 3078 3079 3082 3075 3082 3091 3074 3069 3057 3047 3026 3018 2999 2997 2982 2990 2996 2990 3003 3004 3013 3009
3007 3003 2992 3001 3004 3002 3005 3018 3040 3038 3053 3053 3088 3093 3088 3084 3072 3081 3069 3086 3085 3080 3072 3077 3087 3082 3078 3069 3085 3079 3088 3072 3082 3088 3085 3094 3078 3084 3081 3080 3074 3071 3061 3083 3079 3083 3104 3087 3073 3069 3060 3047 3037 3011 3001 3005 2996 3006 2991 2980 2993 3010 3008 3027
3003 2997 3001 2998 3001 3000 3004 3006 3026 3041 3047 3072 3083 3079 3076 3078 3081 3076 3087 3085 3066 3065 3083 3088 3084 3075 3092 3077 3078 3082 3095 3088 3098 3081 3107 3089 3091 3090 3085 3084 3070 3073 3085 3077 3089 3091 3074 3076 3092 3065 3058 3049 3029 3024 3011 3013 3004 2996 3010 2984 3006 3004 3003 3018
2995 2992 3013 3003 2996 2986 2999 3005 3023 3045 3064 3066 3079 3086 3078 3071 3081 3076 3083 3067 3061 3079 3070 3077 3089 3085 3082 3094 3087 3091 3079 3094 3086 3099 3083 3082 3086 3094 3083 3072 3085 3088 3076 3074 3081 3088 3077 3089 3090 3078 3066 3048 3038 3016 3001 3014 2995 3003 2998 2992 2985 3007 3007 3017
3000 3002 3002 2989 2997 3001 2994 3008 3016 3039 3069 3061 3072 3080 3066 3081 3084 3069 3079 3083 3081 3077 3076 3078 3096 3096 3084 3082 3095 3083 3083 3095 3086 3086 3094 3093 3081 3077 3082 3089 3093 3079 3084 3087 3083 3083 3081 3080 3081 3083 3064 3054 3029 3003 2983 2995 2982 3000 3011 3023 3002 2993 3011 3019
2992 2988 2986 2995 2991 3007 2998 3016 3037 3049 3066 3075 3090 3088 3065 3069 3077 3072 3087 3087 3084 3075 3078 3091 3089 3089 3084 3090 3102 3093 3089 3085 3094 3095 3113 3091 3085 3085 3080 3084 3087 3082 3076 3090 3082 3067 3079 3077 3100 3086 3074 3048 3034 3001 3002 2997 2994 2991 2996 3004 3009 3001 3013 3018
3005 2992 3009 2996 2999 3008 3011 3012 3031 3053 3064 3078 3083 3080 3076 3076 3078 3082 3081 3078 3084 3073 3086 3095 3085 3083 3093 3082 3092 3088 3088 3073 3083 3083 3074 3087 3080 3074 3080 3087 3076 3092 3075 3076 3088 3080 3082 3092 3095 3091 3052 3031 3027 3006 3002 2997 2998 3005 3001 3000 2996 2998 3007 3018
3000 3005 3002 3008 3006 2993 3006 3008 3043 3057 3063 3072 3083 3079 3068 3071 3077 3070 3077 3089 3087 3066 3077 3081 3091 3086 3089 3091 3093 3099 3092 3084 3086 3080 3102 3090 3068 3074 3076 3075 3071 3083 3077 3098 3085 3074 3083 3096 3094 3076 3046 3027 3014 3006 3011 3001 2994 3007 3005 3003 2996 2999 3002 3015
2990 2996 2995 2992 2995 3007 3016 3019 3044 3047 3061 3067 3075 3082 3072 3069 3073 3080 3076 3074 3067 3072 3069 3082 3092 3093 3074 3085 3079 3088 3087 3069 3065 3084 3089 3082 3067 3084 3079 3087 3084 3084 3086 3074 3077 3072 3090 3090 3070 3070 3038 3037 3012 3014 3012 2998 3000 3009 3022 3012 3010 3003 3015 3006
3005 3001 3004 3007 3000 3006 3006 3035 3035 3044 3063 3065 3077 3074 3061 3074 3075 3079 3074 3072 3077 3090 3067 3079 3085 3095 3095 3089 3076 3066 3092 3076 3094 3071 3089 3094 3074 3089 3096 3087 3088 3079 3086 3080 3078 3076 3094 3088 3071 3054 3076 3025 3014 3012 2999 2993 3012 3020 3011 3008 3017 3012 3007 2998
3005 3030 3019 3018 3012 3016 3013 3020 3025 3027 3046 3071 3078 3086 3080 3069 3079 3080 3073 3077 3075 3070 3082 3080 3089 3084 3087 3082 3084 3092 3083 3079 3078 3077 3080 3084 3095 3096 3095 3082 3078 3072 3085 3088 3080 3082 3064 3072 3078 3072 3052 3030 3005 2991 2995 2996 2999 3021 3013 2998 3019 3017 3023 3022
3001 3016 3027 3009 3011 3012 3015 3019 3019 3020 3050 3056 3061 3066 3079 3088 3079 3073 3070 3075 3077 3084 3080 3090 3084 3089 3085 3093 3093 3096 3087 3076 3081 3074 3086 3079 3094 3086 3097 3091 3080 3082 3099 3079 3080 3080 3069 3080 3067 3063 3043 3018 3006 2987 2989 3014 3006 3011 3011 3006 3009 3023 3033 3034
2995 3007 3029 3025 3008 3015 3021 3014 3026 3047 3050 3045 3065 3068 3068 3055 3084 3065 3063 3075 3101 3096 3080 3085 3084 3095 3091 3082 3084 3090 3085 3081 3087 3091 3087 3076 3084 3082 3073 3086 3078 3079 3082 3091 3084 3091 3084 3075 3072 3073 3053 3014 3016 3001 3003 3012 3008 3006 3002 3017 3006 3019 3010 3021
2993 3004 3005 3030 3015 3035 3017 3036 3038 3035 3036 3061 3066 3072 3066 3065 3086 3081 3070 3088 3085 3094 3078 3070 3084 3096 3076 3084 3097 3076 3097 3090 3076 3085 3098 3078 3087 3078 3076 3087 3085 3090 3086 3084 3078 3086 3077 3081 3068 3060 3041 3020 3019 3024 3018 3002 3001 2999 3003 3012 3004 2994 3003 3016
3007 3008 3007 3029 3025 3022 3028 3019 3029 3053 3058 3065 3071 3066 3080 3069 3077 3064 3061 3072 3077 3080 3075 3077 3088 3090 3080 3094 3103 3098 3091 3096 3090 3077 3093 3098 3085 3096 3086 3075 3077 3090 3076 3080 3082 3078 3072 3070 3067 3062 3034 3020 3017 2998 3011 2998 3008 2997 2996 3002 2978 3002 3003 3000
2999 2999 3007 3006 3020 3031 3037 3035 3054 3061 3049 3039 3051 3057 3065 3072 3065 3069 3060 3073 3083 3084 3077 3087 3085 3090 3089 3096 3082 3092 3083 3102 3088 3094 3093 3086 3084 3082 3083 3079 3091 3084 3079 3066 3088 3076 3076 3069 3064 3050 3042 3023 3018 3007 3007 3003 2997 2998 2996 2991 3001 2987 2996 2993
3000 3000 3017 3031 3027 3038 3047 3056 3044 3040 3058 3056 3067 3052 3063 3079 3066 3065 3063 3076 3077 3080 3069 3083 3089 3090 3082 3087 3079 3099 3091 3081 3083 3083 3092 3075 3074 3077 3086 3081 3072 3081 3086 3077 3060 3068 3070 3069 3068 3069 3030 2995 2999 2995 3002 2990 2985 3007 3010 3005 2997 2977 2991 3004
3006 3005 3004 3041 3057 3052 3077 3052 3059 3039 3058 3052 3056 3060 3064 3067 3061 3069 3056 3080 3084 3081 3069 3077 3080 3090 3091 3098 3091 3082 3085 3098 3096 3106 3093 3079 3087 3078 3076 3085 3072 3079 3072 3071 3071 3071 3069 3073 3067 3071 3033 3006 2989 2995 2992 3007 2994 3001 2996 2997 2999 2990 3001 3019
3017 3008 3010 3029 3041 3052 3073 3056 3059 3046 3041 3054 3044 3052 3067 3062 3066 3082 3066 3066 3079 3084 3075 3075 3082 3094 3090 3090 3094 3098 3087 3087 3088 3094 3089 3085 3089 3079 3077 3079 3079 3075 3087 3091 3082 3067 3068 3070 3061 3057 3047 3017 3003 3011 2996 2993 2987 2993 2995 2998 2998 3003 2993 3011
3004 3013 3026 3020 3040 3058 3044 3065 3055 3049 3019 3020 3032 3041 3050 3078 3063 3067 3076 3077 3076 3061 3089 3095 3086 3085 3089 3098 3085 3090 3101 3091 3094 3097 3080 3085 3084 3098 3093 3081 3094 3084 3095 3095 3071 3068 3077 3078 3062 3048 3038 3018 3005 3003 2990 2990 2988 2995 2994 2992 2997 2997 3003 3027
3010 3011 3010 3018 3040 3058 3052 3045 3045 3031 3003 3020 3016 3049 3049 3064 3067 3063 3066 3068 3079 3064 3084 3081 3084 3086 3088 3099 3094 3080 3102 3089 3092 3088 3082 3087 3092 3080 3078 3079 3078 3081 3069 3080 3076 3088 3076 3095 3071 3059 3025 3005 3004 2997 3010 2992 3000 3009 3001 3004 3003 2991 2986 2985
3021 3021 3017 3029 3037 3038 3051 3038 3026 3029 3021 3003 2997 3018 3044 3049 3067 3067 3063 3079 3084 3085 3064 3082 3066 3082 3093 3094 3080 3093 3092 3093 3085 3064 3086 3085 3082 3067 3088 3080 3079 3074 3085 3086 3081 3087 3091 3081 3057 3049 3018 2995 3021 3006 2989 2994 2989 3007 3008 3000 2998 3011 2993 2994
3019 3017 3012 3025 3030 3030 3039 3033 3014 3004 3006 3001 3009 3025 3051 3065 3073 3067 3072 3063 3078 3072 3079 3067 3084 3090 3079 3093 3092 3091 3082 3089 3085 3076 3081 3074 3080 3072 3072 3067 3083 3084 3086 3084 3092 3067 3083 3065 3056 3043 3009 2985 3002 2992 2996 2985 2987 2993 3001 2993 2994 2996 2989 2979
3017 3035 3039 3025 3025 3022 3027 3017 3001 3003 2996 2996 2992 3025 3035 3061 3068 3068 3066 3079 3079 3076 3073 3077 3092 3082 3082 3080 3073 3070 3073 3083 3080 3076 3080 3079 3090 3087 3074 3084 3087 3090 3095 3090 3077 3069 3073 3063 3048 3033 2989 2986 2991 2991 2988 2995 2990 2997 2992 2986 3005 2984 2996 2985
3031 3017 3027 3030 3014 3018 3024 3013 2995 2996 2995 3005 3005 2997 3020 3045 3072 3072 3067 3072 3070 3076 3083 3090 3082 3083 3087 3076 3081 3071 3084 3092 3084 3083 3096 3088 3083 3095 3085 3088 3091 3095 3087 3082 3091 3071 3059 3053 3030 3008 3003 3006 2995 3004 3001 2992 3001 2996 2987 2988 3003 2991 2991 2991
3020 3018 3027 3026 3012 3021 3012 3024 3029 2995 2996 2990 2990 2997 3000 3030 3061 3067 3065 3055 3070 3077 3085 3068 3084 3086 3089 3089 3088 3077 3076 3086 3090 3087 3090 3092 3089 3095 3110 3100 3098 3109 3095 3088 3074 3067 3070 3057 3026 3017 2996 2999 3001 3006 2997 3000 2997 2998 2997 2984 2995 2988 2989 2994
3015 3019 3027 3018 3021 3005 3020 3014 3013 2992 2993 2988 2999 3007 3013 3044 3044 3067 3073 3071 3088 3070 3101 3090 3090 3087 3098 3089 3086 3078 3089 3076 3078 3088 3078 3087 3098 3083 3080 3090 3093 3084 3075 3075 3074 3068 3069 3049 3027 3013 3001 3001 2998 3002 2984 2997 2998 3010 3007 2998 2976 2987 2983 2997
3010 3029 3018 3015 3021 3008 3004 2998 3007 2994 3003 3005 3001 3013 3002 3023 3055 3064 3072 3075 3072 3087 3089 3079 3080 3101 3105 3096 3092 3096 3084 3073 3073 3073 3088 3073 3096 3084 3090 3081 3100 3087 3091 3081 3066 3051 3029 3029 3025 3032 3003 2994 2989 2983 2990 2997 2991 2995 3004 3000 2989 2994 2986 2987
3029 3012 3012 3000 3017 2999 2999 3005 3012 3003 2993 3000 3010 2989 3021 3029 3040 3043 3058 3066 3075 3082 3087 3092 3085 3106 3098 3099 3086 3091 3074 3081 3089 3087 3096 3085 3096 3085 3071 3086 3093 3091 3082 3071 3061 3059 3006 3017 3012 3013 3007 2985 3001 2980 2997 2986 3009 3004 2997 2999 2990 3007 3003 3021
3025 3015 3011 3007 3013 2997 3008 3006 3000 2998 3004 3000 2999 3006 3002 3007 3009 3026 3061 3073 3081 3073 3083 3088 3083 3091 3099 3092 3091 3095 3092 3081 3093 3091 3093 3078 3094 3091 3087 3088 3085 3098 3082 3087 3048 3038 3023 3017 3008 3008 2987 3006 2996 2995 3002 2997 2994 3004 2987 3007 2993 3012 3018 3002
3008 3000 3006 2999 3012 3008 3000 3004 3007 3008 3004 2995 3002 2993 3007 3015 2998 3042 3043 3062 3077 3072 3085 3098 3086 3084 3091 3093 3101 3094 3080 3099 3094 3098 3087 3083 3085 3093 3082 3079 3083 3086 3087 3071 3046 3028 3010 3007 2987 2992 2991 2994 2999 2999 2992 2992 3000 2999 3014 3006 3001 3002 3010 3017
3008 3013 3006 3003 3009 2994 3005 3013 3015 3017 2997 3006 2992 3002 2998 3010 3018 3041 3057 3059 3078 3090 3077 3089 3077 3093 3080 3081 3087 3090 3077 3088 3091 3094 3090 3085 3085 3096 3086 3076 3091 3084 3074 3053 3048 3034 3016 3019 2992 2991 2990 3005 3012 3015 2995 2997 2998 2995 3000 3007 3006 2989 3007 3000
3003 3004 3010 2998 3006 2997 2987 2994 3004 3005 2999 2988 3000 3004 3010 2998 3006 3036 3064 3057 3082 3097 3083 3089 3087 3084 3093 3078 3083 3096 3093 3091 3095 3092 3091 3082 3085 3084 3075 3083 3088 3079 3069 3087 3039 3028 3030 3015 2997 3002 3001 3004 3007 3012 2999 2985 3003 3005 3009 3012 3023 3011 3022 3001
3001 3003 2996 3008 3005 3004 2990 3001 2997 3003 3001 3019 2994 3004 3006 3014 3007 3022 3050 3063 3078 3081 3096 3097 3100 3110 3100 3088 3108 3087 3088 3091 3074 3085 3084 3108 3101 3094 3101 3076 3078 3086 3072 3078 3052 3028 3018 3013 3013 3023 3003 3002 2992 3001 3010 2997 3005 3020 3030 3020 3036 3030 3020 3016
2995 2983 2997 2993 3000 3000 2995 2990 2990 3008 3003 3017 3017 3022 3023 3027 3035 3039 3073 3071 3087 3079 3090 3086 3102 3110 3093 3097 3094 3098 3097 3081 3089 3080 3098 3097 3092 3085 3095 3082 3088 3081 3081 3066 3065 3032 3027 3003 3018 3017 3001 2992 3003 2994 2994 3001 2990 3012 3014 3036 3025 3026 3027 3019
2995 2999 2997 2992 2994 3004 3015 3011 3009 3007 3027 3020 3029 3045 3031 3041 3072 3063 3084 3086 3076 3087 3082 3091 3100 3110 3094 3091 3097 3106 3094 3089 3082 3087 3107 3113 3100 3102 3098 3083 3072 3084 3092 3086 3063 3056 3032 3021 3013 3018 2991 2994 2996 2999 3007 3014 2999 3015 3013 3039 3032 3023 3027 2999
3000 2996 2987 2992 3014 3008 3015 3014 3010 3017 3030 3015 3039 3032 3050 3049 3059 3072 3074 3092 3084 3096 3093 3089 3085 3092 3082 3094 3093 3080 3080 3082 3079 3092 3095 3101 3086 3096 3091 3085 3087 3077 3090 3081 3066 3066 3036 3031 3026 3022 3016 3021 3012 3005 3008 3012 3008 3019 3023 3034 3035 3019 3041 3015
3019 3007 2998 3005 3017 3024 3017 3019 3016 3023 3034 3036 3050 3040 3054 3050 3067 3076 3086 3096 3094 3074 3107 3096 3084 3088 3081 3079 3078 3085 3074 3078 3083 3081 3077 3080 3092 3100 3088 3078 3083 3083 3088 3087 3081 3064 3052 3058 3043 3052 3041 3023 3015 3021 3023 3000 3011 3023 3051 3032 3031 3025 3030 3025
3014 3007 3016 3018 3031 3030 3033 3016 3046 3036 3034 3036 3040 3054 3072 3065 3078 3064 3084 3096 3079 3086 3101 3088 3092 3092 3083 3087 3088 3089 3083 3078 3079 3077 3079 3085 3098 3089 3092 3077 3100 3074 3078 3064 3084 3076 3064 3045 3055 3046 3036 3023 3051 3041 3025 3013 3038 3034 3020 3032 3024 3037 3028 3050
3029 3010 3021 3032 3037 3040 3046 3038 3029 3040 3042 3037 3048 3051 3064 3075 3070 3068 3092 3085 3097 3084 3077 3085 3093 3096 3096 3085 3101 3095 3089 3089 3077 3083 3089 3086 3088 3080 3093 3091 3074 3080 3086 3071 3085 3092 3083 3064 3052 3062 3045 3051 3031 3057 3026 3030 3036 3035 3018 3007 3022 3032 3035 3042
