2988 3002 3002 2992 2992 2989 3006 3011 2995 2989 2993 2989 2995 2994 3013 3003 2994 2979 2985 2999 3002 3005 2999 3016 3021 3013 3025 3009 3003 3001 3008 3004 3008 3005 2993 2993 3014 3011 3008 3008 3002 2996 2992 2975 3005 3006 3002 3003 2997 3010 2981 2982 2991 2970 2979 2981 2987 3008 3003 3003 3004 2997 2997 2996
2992 3006 3002 2986 2999 2991 3014 3010 3002 2986 2998 2988 2984 3011 2997 3011 3013 3007 3000 2997 3011 3015 3009 3024 3016 3019 3030 3026 2999 3002 3001 3006 3013 3015 2994 3005 2994 3009 3006 2997 3002 2995 2990 2986 2991 3010 3005 3005 2996 2980 2983 3000 2985 2979 2984 2977 2988 3000 3001 2997 2991 2987 2988 2996
2977 2993 2996 2993 2993 3000 3019 3004 2998 2993 2990 2994 2994 3005 3009 3010 3006 3017 3006 3017 3027 3028 3039 3026 3028 3027 3027 3036 3017 3017 3010 3012 3029 3001 3020 2991 3001 3009 2999 2993 3005 2993 2988 2995 2978 2993 2996 3009 2997 2986 2991 3000 2985 2987 2980 2999 3003 3003 2998 2989 2986 2996 2987 2989
2979 2995 3012 2985 2993 3007 3005 2997 3001 2997 2996 3004 3006 3021 3019 3028 3013 3022 2998 3028 3026 3034 3037 3039 3043 3040 3033 3020 3018 3013 3021 3029 3017 3022 3009 3011 3015 2998 2998 2999 2991 3003 2995 2992 2999 2996 3003 2993 2991 2995 2990 2994 2992 2990 2995 2999 2989 2992 2994 2991 2990 2994 2995 2996
2994 2996 2999 3001 2995 3004 3021 3002 3016 3005 3018 3018 3037 3024 3011 3024 3021 3026 3013 3023 3049 3039 3031 3030 3046 3044 3030 3032 3028 3031 3009 3017 3011 3010 3016 3021 3006 3000 3006 2998 2981 2986 3000 3000 2984 2993 2997 2987 2997 2998 2987 2999 2993 2993 3002 3001 2995 3001 2996 3006 2998 2991 3006 3004
2997 3007 3004 2996 2993 2998 3009 3009 3009 3009 3017 3020 3029 3029 3017 3020 3019 3017 3013 3025 3036 3034 3034 3036 3038 3038 3020 3031 3026 3031 3023 3009 3027 3005 3012 3012 3005 2995 3000 3003 3014 2986 3007 2993 2986 2981 2990 2994 2991 3004 2998 2981 2988 3012 3001 3002 2994 2991 3009 2996 3005 2999 2994 2982
3012 3007 3008 2997 2997 3004 3021 3012 3009 3020 3010 3027 3010 3026 3010 3015 2999 3023 3024 3037 3055 3038 3033 3039 3028 3045 3008 3033 3032 3012 3021 3025 3014 3009 3016 3029 3011 3004 2995 3003 3001 2991 3002 2995 2978 2995 2984 2996 2998 3003 2987 2982 3001 2984 2994 2987 2984 3006 2989 2982 2989 2987 2995 2983
3000 3004 3005 2995 3013 3005 3015 3010 3010 3032 3029 3020 3024 3028 3030 3023 3025 3036 3046 3044 3055 3047 3040 3045 3038 3029 3027 3030 3027 3031 3029 3025 3014 3011 3015 3024 3022 3024 3009 3004 3014 2999 2990 2996 3009 2989 2985 2998 2983 2995 2993 2999 2989 2993 2989 2991 2998 2997 2985 2985 2994 2991 2993 3000
3029 3019 3015 3019 3005 3006 3012 3022 3011 3021 3035 3023 3036 3040 3043 3031 3041 3049 3059 3056 3055 3062 3058 3051 3039 3048 3039 3042 3026 3034 3038 3037 3009 3035 3036 3030 3016 3030 3023 3010 3016 2994 2988 2995 2991 2993 2997 2996 2987 2984 3000 2991 2999 3001 2991 2989 2996 3007 2994 2980 2989 2992 2994 2992
3007 3015 3006 3009 3015 3004 3020 3011 3027 3028 3045 3041 3025 3049 3037 3041 3029 3041 3053 3055 3073 3069 3055 3067 3055 3051 3039 3051 3038 3032 3037 3042 3021 3032 3043 3035 3032 3031 3019 3023 3021 3008 2993 2988 3000 2997 2996 2996 2996 2989 3002 3001 2992 3006 2993 2997 3002 3012 3002 2999 3002 2995 3003 2995
2998 3003 3002 2999 3014 3020 3017 3019 3030 3042 3027 3032 3023 3052 3049 3035 3034 3036 3065 3072 3067 3073 3070 3065 3046 3055 3048 3039 3040 3037 3005 3029 3041 3041 3039 3034 3036 3028 3028 3016 3003 3015 3007 2999 2990 3000 3002 2995 2987 3002 2996 2991 3010 2993 3001 2990 2993 3007 2997 2995 2989 2993 2997 2990
2997 2990 3005 3015 3018 3021 3006 3025 3016 3029 3026 3034 3024 3039 3052 3045 3029 3049 3058 3072 3075 3076 3070 3074 3071 3061 3057 3051 3049 3052 3038 3036 3040 3041 3037 3015 3030 3039 3023 3022 3032 3022 3007 2995 3011 2994 2994 2982 2990 2998 2994 3002 2991 2999 3000 2995 3012 3004 2997 3007 2994 2984 3003 2999
2998 3003 3004 3009 3022 3013 3010 3008 3030 3019 3042 3040 3038 3038 3039 3050 3043 3054 3060 3074 3074 3083 3080 3085 3075 3082 3064 3058 3072 3057 3053 3064 3033 3037 3038 3021 3022 3012 3031 3032 3022 3029 3023 3009 3004 3010 3000 2988 2981 2993 2996 3012 2995 2993 2999 3015 2997 3001 2983 2991 2992 2986 2986 2999
2992 3001 3017 3010 3016 3017 3010 3015 3038 3035 3036 3026 3026 3030 3033 3047 3043 3064 3071 3076 3072 3074 3087 3088 3092 3074 3077 3073 3078 3075 3063 3064 3056 3040 3038 3024 3015 3022 3031 3026 3032 3022 3020 3016 3013 2996 3001 2996 2994 2996 3000 3000 3007 2999 2998 2989 2994 2994 2996 2999 2990 2992 2983 2995
3006 3005 3004 3014 3014 3030 3027 3004 3023 3033 3021 3022 3036 3034 3019 3039 3058 3067 3067 3060 3078 3094 3082 3091 3086 3095 3087 3093 3097 3084 3103 3074 3053 3055 3036 3039 3024 3032 3019 3032 3034 3040 3025 3016 2994 3003 3008 3006 3000 3000 2978 2984 3007 3006 3004 2998 3005 2992 2992 2996 2991 3006 2980 3003
3015 3005 3009 3016 3016 3019 3038 3025 3020 3014 3024 3019 3030 3018 3037 3051 3057 3067 3086 3068 3085 3085 3096 3081 3093 3089 3102 3087 3110 3111 3099 3092 3064 3055 3052 3032 3020 3028 3041 3044 3040 3027 3043 3028 3011 2999 3001 2996 2994 2993 2991 2984 3013 3009 2983 3000 3003 3007 2994 2980 3005 2987 2998 2994
3000 2994 3008 3024 3032 3031 3046 3038 3029 3029 3032 3029 3026 3033 3049 3043 3072 3071 3095 3090 3088 3093 3087 3098 3092 3083 3102 3098 3106 3098 3105 3089 3067 3060 3042 3038 3049 3052 3039 3047 3041 3031 3038 3034 3025 3014 3008 2999 2995 2983 3003 2998 3003 2992 3004 3002 2991 3007 2995 3002 2978 2993 3003 2994
2993 3017 3024 3025 3030 3028 3038 3033 3037 3031 3034 3037 3039 3055 3066 3077 3085 3082 3084 3087 3081 3094 3088 3106 3090 3099 3091 3093 3107 3094 3093 3093 3081 3055 3039 3049 3036 3041 3053 3049 3055 3050 3039 3035 3030 3013 3005 3001 2988 2988 3008 3001 3003 3002 3006 2987 2992 2995 3010 3002 3011 3005 3005 2997
3008 3017 3007 3008 3013 3027 3021 3031 3018 3021 3010 3029 3053 3059 3066 3066 3076 3083 3089 3095 3086 3103 3084 3100 3090 3093 3090 3095 3095 3103 3102 3077 3075 3070 3063 3053 3052 3047 3063 3062 3063 3044 3050 3042 3034 3016 3007 3008 2996 2984 3000 3003 3012 2993 2999 2988 2994 3001 3010 3007 3014 3001 3001 2992
3017 3002 3018 3023 3027 3037 3023 3031 3021 3033 3027 3055 3053 3069 3083 3074 3077 3083 3084 3092 3087 3089 3096 3087 3084 3091 3086 3089 3093 3098 3094 3088 3081 3067 3063 3066 3042 3053 3065 3064 3069 3071 3058 3050 3024 3015 3018 3010 2982 2984 3001 3014 3014 3007 3005 3008 3001 3002 3005 3008 3007 3009 3007 2985
3001 3011 3043 3035 3023 3021 3029 3027 3032 3042 3063 3047 3059 3077 3087 3086 3092 3095 3068 3085 3091 3087 3088 3095 3090 3090 3097 3089 3089 3083 3097 3098 3092 3086 3068 3054 3067 3054 3074 3080 3081 3063 3057 3045 3027 3021 3019 2998 3006 2985 2998 3012 3006 3000 3010 3019 3001 2997 3006 2992 3007 3010 2990 2990
3011 3030 3041 3029 3020 3021 3018 3026 3028 3043 3054 3055 3072 3075 3094 3098 3091 3093 3090 3094 3088 3093 3089 3092 3096 3098 3103 3084 3081 3081 3082 3096 3098 3082 3076 3065 3054 3060 3089 3070 3078 3087 3056 3049 3037 3019 3022 3001 3006 3001 3007 3011 2998 3019 3006 3021 3010 3013 3011 3016 3004 3003 3002 2985
3016 3020 3042 3033 3015 3019 3027 3037 3039 3046 3038 3052 3081 3088 3093 3101 3096 3073 3093 3093 3100 3091 3097 3092 3104 3088 3096 3093 3092 3097 3093 3097 3090 3091 3084 3077 3078 3077 3078 3081 3091 3086 3078 3049 3038 3030 3028 3019 3019 3026 3022 3026 3027 3028 3025 3023 3021 3035 3019 3019 3000 3008 3014 2996
3009 3015 3041 3026 3018 3028 3034 3050 3040 3034 3059 3063 3081 3088 3102 3100 3101 3095 3087 3091 3101 3105 3092 3088 3100 3092 3091 3096 3094 3105 3105 3090 3088 3099 3097 3081 3070 3066 3090 3090 3093 3095 3088 3061 3054 3024 3021 3022 3023 3005 3017 3027 3020 3002 3014 3031 3023 3013 3019 2995 2996 3004 3002 3013
3025 3016 3004 3027 3031 3033 3046 3052 3054 3068 3061 3068 3082 3097 3085 3081 3077 3088 3102 3071 3098 3094 3080 3090 3093 3098 3101 3093 3098 3105 3096 3093 3084 3076 3084 3078 3073 3078 3084 3087 3078 3071 3065 3069 3030 3025 3019 2990 3006 3009 3010 3003 2995 3003 3009 3017 3003 2997 2995 3001 3003 3005 3020 3016
3015 3022 3011 3021 3026 3047 3045 3044 3051 3064 3071 3078 3076 3089 3089 3086 3074 3088 3087 3077 3107 3095 3093 3093 3080 3100 3090 3105 3089 3084 3088 3085 3087 3081 3084 3091 3085 3084 3082 3080 3095 3079 3069 3047 3046 3016 3009 2998 3009 3001 3007 3012 2998 3001 3001 3008 2999 3002 2984 2990 2998 3017 3002 3014
3018 3011 3007 3020 3020 3034 3049 3064 3045 3058 3087 3088 3101 3094 3080 3076 3071 3082 3082 3096 3096 3099 3102 3083 3104 3106 3094 3093 3096 3095 3089 3086 3087 3097 3081 3092 3091 3095 3082 3082 3079 3075 3067 3061 3035 3002 3013 3011 3004 3008 3002 3003 3001 3001 3001 2991 2989 2988 2993 2999 3006 3017 3015 3016
3005 3006 3018 3020 3034 3045 3047 3055 3072 3063 3099 3095 3104 3085 3095 3078 3084 3099 3084 3084 3101 3085 3086 3092 3098 3109 3109 3097 3099 3090 3102 3106 3083 3085 3084 3092 3090 3083 3091 3095 3072 3073 3058 3058 3032 3022 2990 3002 2991 2995 3007 3010 3008 3002 2991 2986 2988 2981 2989 3005 3000 3018 2995 3014
3001 2999 3000 3020 3028 3044 3055 3060 3077 3079 3079 3084 3090 3079 3087 3084 3088 3089 3088 3080 3089 3090 3078 3088 3093 3102 3100 3095 3096 3084 3090 3097 3092 3089 3072 3098 3086 3097 3088 3094 3089 3084 3069 3053 3034 3004 3010 2996 3005 2993 3004 2990 2994 3010 2986 2993 2993 2995 3008 2990 2998 3000 2998 3009
3003 3003 3017 3021 3030 3025 3060 3051 3063 3084 3087 3104 3084 3086 3088 3087 3092 3089 3086 3087 3098 3095 3070 3086 3098 3106 3102 3087 3105 3094 3096 3095 3095 3096 3087 3077 3103 3087 3099 3085 3083 3093 3074 3064 3026 3004 3004 3005 2999 2998 2989 2993 3004 3009 3003 3004 2995 2987 2982 2995 3005 3001 3000 2985
3005 3015 2999 3012 3034 3050 3045 3059 3064 3066 3096 3084 3086 3087 3086 3085 3092 3092 3077 3089 3095 3087 3094 3093 3100 3101 3100 3091 3084 3094 3093 3092 3101 3081 3087 3098 3082 3086 3083 3086 3097 3090 3061 3060 3030 3003 2996 3000 2981 2985 2988 2994 3002 3003 3001 2981 3003 2999 3000 3010 2992 2989 2995 2999
3006 2997 3000 3003 3023 3024 3047 3054 3078 3078 3079 3080 3088 3093 3082 3083 3090 3088 3086 3090 3094 3090 3086 3097 3091 3104 3091 3084 3088 3088 3077 3087 3082 3083 3090 3086 3090 3094 3083 3071 3094 3088 3072 3049 3016 3007 3001 2985 2989 2985 2982 2985 2998 3002 3000 2986 3005 3016 3015 3007 3005 2992 2994 3018
2988 2995 3000 3011 3013 3038 3043 3057 3070 3071 3078 3075 3062 3077 3089 3076 3084 3085 3079 3090 3085 3081 3084 3089 3108 3100 3088 3096 3089 3101 3093 3090 3096 3085 3085 3084 3076 3083 3075 3097 3097 3089 3070 3044 3031 3006 2996 2988 2974 2992 2979 2989 2980 2995 2985 3005 3014 3012 3000 3016 3004 3016 3005 2997
3005 3005 2997 3013 3017 3043 3039 3060 3074 3072 3070 3077 3076 3091 3096 3086 3085 3073 3095 3079 3081 3087 3097 3085 3098 3100 3085 3097 3096 3077 3090 3074 3089 3082 3091 3084 3082 3075 3078 3088 3099 3097 3072 3061 3030 3001 2990 2985 2994 2993 2991 2990 2988 2984 2990 3013 3014 3016 3007 3019 3010 2999 3015 3012
3006 3010 3014 3016 3028 3033 3050 3070 3071 3068 3073 3078 3081 3082 3093 3101 3104 3092 3082 3089 3088 3090 3089 3089 3093 3090 3086 3094 3092 3099 3072 3087 3084 3102 3086 3090 3088 3073 3084 3098 3086 3090 3067 3076 3033 2998 2988 2991 2990 2999 3006 2991 2995 2996 3014 3016 3017 3022 3004 2999 3012 3005 3011 3003
3008 3018 3024 3007 3021 3028 3040 3054 3072 3076 3080 3078 3076 3071 3090 3099 3105 3084 3094 3095 3099 3108 3084 3094 3112 3097 3089 3081 3094 3105 3091 3095 3079 3094 3093 3096 3079 3096 3084 3087 3089 3082 3067 3049 3022 3001 3001 3003 2996 2994 3000 2997 2995 2999 3012 3021 3017 3021 3013 2994 3000 3005 3013 3009
2999 2991 2996 3007 3001 3016 3034 3034 3046 3061 3081 3088 3082 3089 3085 3093 3092 3092 3100 3082 3096 3106 3095 3078 3101 3093 3089 3093 3079 3095 3095 3085 3089 3094 3096 3078 3089 3082 3076 3076 3078 3073 3069 3051 3032 3011 2997 2995 2994 3005 2990 2998 2992 2990 3004 3006 3008 3007 3010 3002 3013 2997 3006 2996
3011 2999 2995 2993 3011 3010 3031 3045 3080 3063 3078 3084 3085 3092 3081 3083 3073 3080 3085 3083 3097 3098 3091 3084 3102 3091 3087 3084 3093 3092 3096 3097 3097 3099 3099 3088 3088 3093 3069 3075 3069 3069 3044 3039 3013 2993 2994 3004 3005 2998 2982 2984 2995 3002 3001 2998 3015 3019 3006 2992 2989 3000 3000 3004
2991 3006 2995 3005 3030 3022 3013 3036 3052 3084 3075 3079 3080 3081 3080 3084 3085 3078 3085 3077 3080 3098 3094 3098 3099 3097 3087 3093 3093 3077 3100 3094 3096 3079 3082 3109 3094 3083 3080 3069 3074 3073 3051 3042 3021 2992 3013 3012 3004 3004 3005 2994 2996 2990 3006 2991 3020 3000 2985 3000 2995 2997 3002 2983
3006 3001 3009 3013 3012 3012 3004 3022 3055 3058 3076 3062 3088 3077 3079 3084 3087 3082 3083 3085 3089 3084 3103 3102 3096 3095 3101 3095 3090 3093 3090 3096 3095 3090 3092 3105 3092 3083 3077 3071 3072 3065 3045 3042 3006 2993 3019 2999 2990 2984 2987 3000 2993 2996 3006 2992 3014 3006 3000 3005 3008 2991 2984 2988
2989 2984 3000 2993 3012 2995 3023 3035 3040 3063 3069 3076 3080 3072 3070 3075 3084 3085 3089 3090 3080 3101 3093 3091 3080 3084 3085 3094 3091 3100 3104 3078 3072 3083 3088 3078 3085 3088 3084 3080 3069 3066 3057 3036 2989 2986 3013 3013 2996 2991 2998 3015 2997 3001 2999 2986 2995 3003 3003 2998 3012 3001 2993 2985
2983 2994 2994 3006 3001 3003 3000 3032 3045 3053 3055 3077 3083 3080 3073 3073 3067 3089 3087 3085 3091 3081 3092 3098 3089 3087 3083 3088 3100 3097 3090 3087 3084 3090 3095 3076 3077 3080 3078 3083 3081 3073 3032 3025 3012 2984 2982 2998 2999 2995 2995 2985 3002 3010 3007 2997 2999 2982 2993 3000 3000 3004 2993 3008
2985 2989 2999 3003 3008 3011 3021 3032 3039 3045 3063 3059 3076 3075 3072 3075 3089 3085 3085 3090 3083 3081 3110 3091 3099 3087 3110 3093 3102 3102 3099 3097 3078 3085 3079 3091 3096 3094 3089 3089 3075 3064 3030 3021 3013 2995 2997 2993 2990 3007 2996 3003 2998 2977 2984 2996 2999 2998 3001 3010 3000 3006 2993 3007
2978 2987 2988 3012 3003 3003 3006 3027 3028 3040 3056 3067 3056 3072 3074 3076 3079 3081 3089 3085 3079 3088 3089 3081 3088 3101 3094 3091 3094 3093 3087 3095 3096 3070 3095 3094 3093 3092 3078 3075 3069 3059 3030 3022 3002 2993 3007 3008 3001 2998 3001 3002 2992 2984 2990 2994 2994 3004 3009 2996 2999 3007 3009 3012
2981 2989 2995 2995 3023 3008 2998 3006 3024 3040 3049 3061 3064 3068 3073 3075 3072 3079 3086 3075 3101 3089 3081 3101 3086 3080 3080 3087 3089 3080 3085 3087 3087 3089 3088 3074 3072 3082 3086 3078 3064 3061 3037 3013 3006 2997 2995 3003 2993 2990 2989 2988 2990 2986 2987 2999 3005 2994 2998 3002 3004 3007 3005 3006
2992 2979 2989 2990 3005 3003 2996 3006 2995 3022 3040 3058 3072 3070 3056 3060 3057 3073 3074 3079 3090 3092 3094 3087 3084 3083 3089 3090 3094 3091 3095 3088 3089 3082 3080 3087 3078 3072 3084 3077 3068 3054 3043 3013 3014 3007 2984 2988 2987 2983 2996 2990 2991 2983 3002 3000 3013 3008 2990 2992 2993 3006 2989 3000
2998 2978 2991 2998 3000 3001 3003 3001 3001 3002 3019 3047 3067 3070 3050 3063 3059 3074 3083 3087 3088 3087 3083 3092 3081 3098 3091 3087 3084 3087 3072 3072 3082 3100 3089 3095 3069 3083 3084 3080 3075 3059 3024 3009 3016 3002 2990 2990 2993 2989 3007 2992 2982 2988 2996 2995 2990 3004 2998 3017 3012 3000 3003 3001
2980 2994 2984 3004 2997 2996 2987 2990 2993 3004 3007 3031 3064 3077 3064 3071 3053 3064 3087 3076 3074 3082 3080 3095 3095 3096 3084 3084 3093 3078 3088 3081 3087 3092 3094 3093 3085 3078 3084 3070 3052 3045 3024 3012 3002 3000 3006 2983 2984 2993 2992 2989 2992 2985 2990 2996 3003 3004 3017 3006 2998 2996 2994 3003
3004 2985 2993 2984 2993 2992 3009 3002 2995 3004 3017 3036 3045 3052 3078 3079 3077 3077 3076 3098 3087 3088 3099 3088 3096 3076 3073 3095 3079 3079 3084 3085 3087 3088 3084 3109 3085 3093 3067 3071 3045 3031 3026 3009 3003 2995 2992 2995 3001 2994 3002 2998 2992 3003 3003 3009 3010 3008 3001 3003 2998 2992 2999 2985
2991 3002 3000 2987 2986 2995 2983 3008 3006 3009 3015 3015 3036 3050 3078 3069 3061 3081 3089 3089 3087 3073 3086 3092 3073 3084 3083 3088 3082 3074 3085 3090 3085 3089 3088 3095 3093 3090 3061 3058 3041 3026 3018 3007 3001 3005 2993 2991 3016 2998 2999 2988 3008 2988 3006 2994 3004 3001 3003 2992 2994 2986 2993 3000
2991 2989 2977 2991 2998 3001 2998 2999 2997 3002 3008 3012 3030 3054 3051 3063 3068 3084 3095 3105 3092 3092 3101 3091 3095 3087 3096 3100 3079 3102 3103 3087 3100 3085 3092 3090 3091 3074 3063 3044 3027 3015 3024 3002 3001 2989 3001 2992 2992 2989 3004 2989 3001 2982 3004 2993 3006 3007 3000 2986 2986 2993 3000 3000
2986 2991 2989 2990 3007 3011 2998 2999 2998 3009 3014 3000 3013 3039 3050 3068 3080 3071 3090 3098 3093 3086 3096 3089 3092 3081 3080 3088 3085 3093 3086 3107 3105 3109 3100 3089 3088 3064 3062 3040 3024 2996 3018 3003 3010 2995 3001 2986 2989 3001 2987 2984 3007 2980 2996 3012 2994 2994 2998 2993 2988 2984 3000 3013
2988 3004 2996 2989 2997 3003 3008 3003 2984 2994 2988 2998 3021 3040 3052 3079 3073 3077 3081 3088 3072 3074 3095 3093 3072 3091 3094 3101 3080 3091 3102 3094 3103 3095 3096 3095 3069 3061 3050 3024 3011 2991 2998 2995 2995 3007 2986 2985 2981 2986 2982 2993 2982 3002 2997 3011 2995 3000 3006 3001 3001 3016 3009 3010
2984 2988 2992 2983 2990 2994 2996 2999 2994 2980 2995 2997 3006 3022 3056 3058 3074 3085 3074 3072 3076 3075 3079 3086 3086 3095 3097 3097 3089 3096 3090 3086 3094 3090 3099 3095 3077 3053 3024 3022 3003 3002 3001 2989 2992 3013 2999 2980 2977 2993 2981 2987 2996 3015 2996 2996 3011 3002 3002 2999 3016 3020 3014 3002
2978 2986 2994 2997 3003 2983 2988 2990 2981 2988 2991 3005 3003 3029 3057 3081 3082 3073 3072 3073 3097 3094 3082 3086 3095 3101 3091 3095 3091 3097 3084 3083 3085 3074 3092 3087 3080 3053 3028 3013 3009 2990 3006 3002 2980 2992 2982 2985 2980 2990 2985 2988 2984 3010 3004 3002 2995 3007 3013 3012 3026 3011 3014 2994
2991 2993 2992 2989 2996 2996 2979 2994 3000 2986 2993 2987 3014 3021 3058 3070 3083 3067 3094 3095 3086 3090 3085 3082 3085 3088 3095 3097 3094 3101 3086 3076 3064 3063 3089 3085 3090 3073 3030 3012 3006 3001 3016 3009 2990 2994 2993 2992 2979 2982 2982 3000 2988 2997 3015 3006 3011 2985 3003 3009 3016 3008 3014 3005
2979 2981 2993 2988 2988 2984 2978 2978 2996 2998 2995 3005 3018 3029 3066 3073 3067 3074 3089 3090 3084 3094 3076 3092 3084 3103 3086 3098 3097 3095 3093 3082 3066 3069 3089 3090 3073 3050 3038 3012 3000 3000 3019 3004 3005 2996 2977 2984 2989 2988 3003 2999 2999 2996 3005 3005 3000 3002 3013 3012 3024 3029 3006 3011
2982 2976 2997 2987 2986 2980 2989 2993 2995 2994 3008 2991 3009 3042 3065 3070 3090 3080 3084 3078 3081 3077 3081 3091 3100 3099 3098 3092 3102 3083 3079 3090 3074 3077 3075 3082 3069 3072 3049 3019 3018 3025 3013 3004 3007 3011 2988 2993 3005 3011 2994 2998 3001 2999 3004 3000 3008 3016 3017 3022 3030 3032 3014 3023
2996 2999 2988 2993 2979 2998 2992 3003 3001 2993 3000 3014 3028 3050 3068 3078 3088 3090 3080 3096 3078 3092 3092 3084 3092 3091 3080 3094 3095 3084 3089 3094 3083 3083 3087 3074 3073 3069 3045 3023 3040 3012 3012 3003 3006 2999 2991 2995 2999 2986 3002 2998 3004 2995 2995 3001 2989 3017 3019 3017 3025 3031 3022 3018
2997 2998 2996 2985 2990 3000 2995 2987 3005 3010 3018 3023 3043 3051 3068 3077 3092 3092 3082 3074 3086 3092 3092 3103 3097 3098 3099 3078 3096 3093 3102 3102 3089 3084 3082 3086 3066 3074 3034 3029 3032 3028 3008 3004 3009 3005 3005 3003 2974 2984 2997 3000 2999 3006 2998 2987 2991 3025 3003 3008 3016 3017 3033 3027
2999 2996 2992 2992 3009 3008 3010 3012 3021 3016 3024 3041 3046 3072 3083 3075 3088 3090 3085 3088 3092 3085 3105 3092 3100 3095 3094 3087 3091 3074 3108 3088 3083 3079 3089 3088 3071 3050 3034 3033 3039 3038 3033 3017 3021 3019 3014 2998 3001 3002 2993 3009 3002 2998 3001 3015 2996 3021 3020 3021 3027 3027 3034 3023
2990 2995 2996 2997 3008 3008 3019 3024 3037 3031 3048 3072 3063 3066 3079 3086 3074 3090 3094 3082 3077 3080 3077 3094 3082 3100 3101 3092 3085 3099 3100 3092 3103 3088 3104 3079 3065 3043 3051 3052 3049 3028 3033 3035 3028 3031 3025 2999 3011 3019 3005 3006 3013 3020 3001 3016 3016 3026 3026 3025 3016 3023 3019 3029
2995 2985 3011 3008 3013 3027 3032 3029 3053 3042 3051 3057 3058 3076 3075 3079 3084 3081 3085 3082 3071 3073 3086 3092 3081 3084 3086 3090 3087 3092 3088 3092 3079 3092 3098 3087 3067 3068 3052 3043 3037 3041 3040 3044 3047 3043 3035 3023 3032 3028 3027 3010 3005 3030 3017 3021 3021 3013 3012 3020 3025 3013 3020 3011
2984 3011 3013 3021 3033 3034 3045 3039 3051 3054 3050 3054 3082 3074 3092 3091 3082 3077 3073 3089 3077 3091 3087 3089 3099 3092 3099 3079 3062 3076 3087 3073 3089 3098 3095 3078 3079 3075 3061 3052 3044 3049 3037 3060 3055 3044 3048 3041 3042 3043 3031 3016 3027 3029 3017 3029 3014 3027 3019 3030 3012 3005 3033 3022
