3062 3067 3073 3061 3048 3056 3054 3050 3056 3048 3036 3051 3032 3049 3040 3023 3030 3026 3030 3039 3064 3029 3026 3027 3027 3018 3042 3039 3039 3034 3018 3034 3037 3036 3036 3019 3027 3027 3017 3035 3023 3007 3020 3010 3014 3026 3023 3022 3016 3008 3016 3012 3001 2992 2996 2997 3014 3009 3007 3018 3020 3010 3007 2984
3065 3057 3072 3050 3054 3059 3046 3045 3063 3062 3038 3044 3053 3045 3045 3037 3035 3038 3056 3049 3051 3032 3044 3037 3027 3029 3027 3027 3038 3040 3034 3024 3043 3045 3027 3036 3028 3022 3025 3020 3013 3013 3006 3008 3017 3023 3017 3014 3021 3023 3028 3013 3021 2995 3004 3024 3000 3018 3021 3013 3018 3011 3014 3003
3069 3059 3052 3065 3055 3066 3044 3044 3056 3049 3042 3043 3052 3039 3031 3029 3024 3033 3040 3049 3051 3047 3038 3033 3038 3017 3042 3040 3041 3043 3051 3035 3038 3024 3033 3036 3021 3025 3021 3028 3013 3019 3020 3024 3028 3033 3017 3016 3030 3027 3020 3015 3014 3029 3011 3021 3009 3022 3021 3003 3015 3016 3024 3015
3060 3059 3044 3052 3060 3046 3037 3039 3050 3049 3036 3038 3052 3046 3034 3040 3031 3038 3035 3041 3035 3046 3037 3030 3036 3032 3044 3039 3044 3054 3048 3041 3043 3045 3048 3040 3041 3031 3032 3023 3027 3025 3018 3019 3016 3021 3018 3019 3024 3026 3014 3026 3018 3009 3021 3016 3012 3025 3028 3014 3014 3012 3005 3015
3043 3036 3047 3054 3066 3052 3033 3031 3044 3029 3031 3037 3038 3038 3035 3046 3041 3040 3043 3037 3033 3027 3029 3036 3028 3037 3047 3052 3042 3045 3033 3049 3054 3061 3045 3048 3053 3040 3025 3030 3033 3028 3019 3007 3013 3021 3033 3036 3029 3018 3021 3020 3020 3020 3019 3027 3014 3007 3000 3005 2994 3004 3004 3013
3044 3052 3046 3046 3042 3034 3041 3043 3047 3025 3015 3040 3041 3039 3035 3034 3047 3043 3040 3044 3028 3023 3020 3027 3023 3032 3037 3041 3039 3051 3050 3049 3047 3055 3051 3055 3051 3044 3045 3045 3032 3019 3029 3016 3019 3024 3022 3024 3031 3024 3013 3011 3016 3002 3023 3022 3019 3013 3016 2998 3006 3006 3014 3024
3046 3055 3047 3042 3034 3029 3029 3028 3016 3041 3043 3034 3038 3036 3027 3048 3040 3039 3037 3042 3030 3023 3026 3040 3033 3037 3034 3039 3037 3027 3044 3044 3043 3054 3063 3038 3056 3047 3052 3050 3030 3041 3012 3014 3017 3014 3011 3017 3024 3025 3021 3000 3015 3022 3018 3007 3024 3037 3019 3007 3012 3012 3018 2996
3014 3009 3018 3011 3013 3012 3015 3015 3007 3010 3018 3016 3026 3029 3021 3014 3016 3033 3034 3024 3033 3024 3027 3035 3025 3041 3033 3035 3038 3031 3040 3059 3050 3036 3049 3053 3050 3048 3043 3046 3035 3020 3024 3032 3013 3010 3002 3010 3018 3017 3010 3004 2994 2993 3002 3010 3022 3012 3014 2998 3010 3006 3014 3012
2981 2981 2988 2985 2984 2986 2987 3002 2983 2988 3001 3004 3005 3016 3019 3018 3015 3020 3026 3030 3027 3018 3020 3035 3030 3028 3027 3021 3034 3035 3027 3037 3046 3033 3046 3045 3021 3026 3048 3030 3016 3024 3033 3029 3032 3019 3004 3004 3014 3009 3019 3017 2995 3008 2998 3017 2996 3008 2999 2995 2996 2995 3003 2994
2975 2967 2986 2978 2971 2981 2973 2980 3010 2995 2995 3010 3008 3015 3015 3020 3006 3016 3016 3019 3028 3022 3022 3035 3039 3031 3019 3013 3035 3047 3031 3039 3038 3044 3040 3047 3044 3032 3042 3043 3029 3031 3041 3034 3028 3025 3018 3013 3024 3016 3011 3011 3009 3010 3009 3004 3012 3009 2995 3015 3000 2990 2997 2996
2977 2967 2978 2967 2980 2979 2981 2992 3005 3003 3001 3007 3020 3020 3002 3021 3015 3009 3012 3020 3021 3023 3023 3022 3028 3027 3024 3024 3032 3035 3053 3045 3052 3052 3056 3042 3031 3035 3038 3038 3028 3037 3026 3032 3037 3031 3026 3023 3032 3027 3022 3017 3014 3012 3008 3009 2998 3000 2998 3010 2993 2990 3000 3009
2974 2980 2990 2967 2972 2989 2991 2996 3011 2994 2999 3010 3012 3017 3026 3024 3014 3035 3017 3023 3017 3029 3032 3027 3033 3018 3022 3017 3040 3049 3045 3049 3054 3058 3051 3046 3029 3032 3034 3037 3040 3034 3034 3033 3043 3037 3041 3039 3038 3033 3017 3003 3021 3017 3026 2997 3008 3010 3002 3010 2995 2982 3002 3019
2977 2971 2989 2989 2986 3002 3006 3006 2988 3000 2994 3024 3009 3024 3027 3035 3035 3019 3021 3028 3021 3020 3019 3025 3021 3014 3040 3029 3032 3045 3054 3045 3045 3055 3045 3047 3021 3035 3034 3033 3033 3037 3031 3032 3046 3037 3058 3058 3043 3026 3032 3014 3020 3022 3013 3004 3007 3012 3022 3006 2996 2985 2996 2997
2987 2994 2968 2985 2987 2985 2991 3000 2990 2988 3004 3017 3018 3021 3031 3020 3024 3029 3036 3025 3026 3013 3018 3035 3040 3038 3039 3042 3053 3051 3060 3038 3048 3055 3056 3050 3033 3032 3044 3044 3034 3033 3040 3036 3031 3050 3063 3062 3048 3049 3026 3015 3026 3023 2998 3018 3012 3011 2999 3002 3011 3008 2995 3000
2977 2989 2995 2983 2973 2979 2998 2991 2992 3005 3004 3024 3017 3026 3017 3018 3027 3027 3056 3046 3026 3037 3035 3033 3035 3025 3034 3035 3056 3060 3058 3062 3051 3054 3064 3054 3046 3053 3038 3027 3030 3039 3037 3043 3039 3046 3048 3057 3057 3060 3043 3013 3029 3031 3004 3020 3011 3014 3005 3025 3009 3008 3004 3002
3002 2992 2997 2989 2996 3002 2990 3002 3010 3010 3027 3021 3019 3023 3024 3031 3031 3033 3051 3049 3031 3026 3022 3035 3042 3029 3035 3043 3051 3070 3062 3069 3054 3068 3074 3067 3049 3047 3046 3042 3041 3038 3036 3052 3040 3043 3050 3054 3045 3046 3035 3035 3019 3016 3021 3008 3007 3031 3002 3009 2999 3007 3002 2995
3005 3009 3000 2999 2991 2997 2995 3011 3026 3014 3030 3027 3027 3036 3023 3039 3030 3023 3027 3021 3009 3032 3035 3039 3032 3031 3030 3044 3062 3069 3071 3068 3066 3071 3067 3065 3055 3051 3043 3039 3048 3044 3047 3042 3037 3049 3031 3041 3049 3028 3039 3021 3024 3005 3004 3014 3014 3016 3010 3011 2996 3003 3015 3005
3000 3021 3007 3009 3010 3001 2993 3013 3027 3019 3026 3028 3037 3021 3042 3032 3048 3037 3034 3020 3028 3029 3033 3027 3037 3019 3046 3046 3051 3066 3079 3072 3068 3067 3070 3061 3054 3051 3051 3038 3022 3028 3036 3025 3035 3030 3043 3058 3050 3028 3033 3037 3031 3019 3023 3017 3012 3006 2990 3017 3001 3014 3013 3016
3029 3028 3012 3011 3016 3015 3008 3026 3033 3031 3019 3028 3032 3032 3041 3042 3038 3030 3026 3030 3042 3031 3029 3033 3028 3043 3051 3060 3071 3083 3089 3085 3076 3070 3069 3054 3044 3046 3032 3035 3039 3016 3031 3038 3038 3030 3043 3051 3046 3048 3052 3053 3032 3015 3019 3022 3010 3011 3004 3000 2990 3016 2999 3010
3013 3002 3017 3020 3018 3011 3019 3025 3022 3031 3032 3035 3030 3032 3054 3050 3037 3043 3027 3033 3030 3014 3041 3043 3038 3032 3049 3055 3068 3073 3093 3103 3073 3067 3077 3067 3068 3053 3038 3030 3039 3033 3019 3040 3028 3046 3047 3041 3046 3047 3052 3046 3027 3023 3020 3023 3021 3023 3002 3001 3008 3014 3003 2992
3012 3017 3015 3015 3006 3017 3017 3021 3040 3038 3027 3024 3041 3037 3038 3038 3046 3030 3028 3030 3035 3025 3034 3043 3025 3030 3049 3061 3062 3085 3088 3091 3072 3074 3076 3065 3045 3051 3055 3058 3038 3038 3035 3034 3055 3047 3050 3047 3045 3044 3048 3038 3031 3018 3026 3017 3025 3018 3013 2999 3013 3019 3016 3007
3024 3008 3019 3018 3022 3018 3039 3024 3033 3035 3037 3030 3032 3035 3036 3043 3040 3040 3028 3034 3043 3037 3030 3027 3034 3042 3057 3061 3085 3085 3084 3083 3083 3076 3078 3069 3058 3051 3053 3051 3037 3047 3036 3045 3044 3049 3051 3049 3051 3061 3048 3028 3025 3028 3029 3021 3042 3037 3019 3006 3018 3014 3017 3020
3020 3014 3034 3020 3027 3036 3023 3045 3034 3040 3038 3042 3036 3035 3036 3037 3023 3034 3026 3044 3046 3048 3042 3028 3038 3047 3069 3091 3094 3084 3089 3080 3085 3085 3077 3082 3053 3050 3049 3040 3037 3044 3034 3044 3042 3042 3058 3053 3050 3059 3047 3048 3037 3053 3042 3046 3039 3035 3038 3024 3029 3013 3024 3032
3016 3020 3018 3034 3029 3029 3028 3025 3025 3030 3049 3035 3034 3030 3033 3033 3034 3036 3039 3028 3051 3052 3037 3040 3054 3054 3072 3086 3092 3100 3073 3080 3088 3077 3096 3092 3074 3044 3044 3044 3036 3036 3046 3040 3050 3046 3052 3053 3062 3055 3062 3052 3040 3050 3039 3041 3041 3038 3029 3026 3011 3016 3019 3029
3011 3016 3008 3015 3019 3020 3027 3031 3030 3024 3019 3040 3040 3048 3046 3044 3057 3050 3022 3031 3049 3031 3047 3059 3052 3066 3076 3086 3093 3102 3086 3084 3083 3091 3085 3094 3072 3069 3053 3056 3043 3041 3046 3050 3050 3052 3056 3049 3062 3055 3054 3057 3066 3049 3034 3036 3039 3017 3003 2999 3012 3025 3015 3028
3014 3002 2997 3019 3006 3009 3032 3019 3031 3023 3029 3048 3036 3054 3035 3042 3057 3038 3049 3045 3050 3050 3060 3054 3067 3085 3109 3091 3102 3090 3086 3087 3103 3090 3101 3093 3076 3060 3058 3052 3053 3041 3038 3041 3069 3068 3052 3039 3057 3065 3059 3060 3064 3046 3050 3028 3017 3020 3016 2995 2993 2996 3013 3032
3013 3016 3010 3003 3017 3010 3004 3020 3024 3030 3038 3043 3042 3042 3050 3037 3057 3047 3047 3055 3052 3067 3056 3049 3074 3090 3100 3093 3101 3099 3104 3090 3096 3088 3090 3086 3082 3075 3060 3041 3036 3055 3064 3062 3069 3078 3064 3048 3068 3088 3065 3056 3057 3046 3024 3004 3023 3007 3011 2988 3001 3020 3020 3035
3023 3005 3000 3019 3013 2998 3001 3007 3028 3038 3046 3054 3048 3053 3052 3046 3061 3061 3063 3069 3061 3043 3051 3061 3068 3082 3098 3093 3101 3091 3094 3113 3094 3104 3092 3083 3088 3066 3062 3059 3054 3058 3060 3067 3071 3072 3077 3053 3067 3079 3075 3059 3036 3033 3012 3013 3014 3025 3007 2998 3011 3020 3001 3025
3020 3014 3020 3009 3012 2997 2994 3012 3016 3036 3045 3047 3056 3049 3041 3066 3073 3070 3070 3042 3048 3052 3056 3070 3085 3084 3074 3094 3078 3097 3107 3101 3106 3101 3093 3093 3079 3063 3057 3072 3053 3048 3070 3070 3059 3068 3074 3070 3081 3080 3056 3048 3026 3023 3011 3012 3021 3012 3017 3006 3008 3030 3029 3010
3006 3001 3016 3016 3009 2994 2993 3000 3009 3018 3038 3052 3050 3053 3051 3064 3074 3072 3076 3076 3059 3056 3058 3076 3080 3089 3085 3090 3096 3085 3092 3099 3091 3109 3099 3092 3081 3078 3078 3060 3052 3056 3080 3079 3078 3084 3089 3083 3091 3083 3061 3042 3038 3013 3020 3006 3013 3011 3015 3004 3011 3024 3013 3018
2993 2998 3020 3008 3014 3004 3005 3002 3006 3016 3026 3048 3054 3049 3068 3074 3088 3084 3074 3072 3075 3069 3062 3079 3083 3097 3098 3099 3100 3100 3098 3103 3099 3100 3092 3104 3089 3070 3086 3077 3089 3087 3090 3094 3082 3089 3091 3079 3097 3084 3064 3051 3027 3021 3017 3014 3005 3012 3016 3014 3010 3024 3018 3020
3005 3001 3017 3015 3001 2989 2995 3002 3002 3006 3008 3049 3050 3063 3066 3082 3090 3081 3086 3089 3069 3081 3082 3087 3091 3085 3102 3090 3102 3112 3091 3108 3104 3104 3102 3106 3095 3102 3094 3093 3076 3090 3083 3095 3105 3097 3090 3105 3097 3090 3063 3046 3018 3021 3022 3011 3017 3018 3019 3020 3012 3019 3015 3024
3010 3032 3008 3013 3000 3011 3004 3007 3015 3010 3002 3024 3061 3068 3068 3093 3085 3086 3092 3096 3088 3086 3087 3085 3083 3095 3083 3101 3099 3083 3096 3106 3096 3088 3097 3102 3103 3102 3106 3087 3088 3092 3099 3101 3090 3101 3097 3095 3094 3072 3067 3035 3022 3004 3008 3023 3012 3015 3028 3012 3013 3015 3028 3028
3025 3016 3012 3008 3006 3017 3004 3003 3008 3021 3013 3040 3079 3062 3071 3080 3087 3103 3093 3086 3098 3091 3070 3095 3086 3093 3092 3096 3103 3099 3099 3101 3096 3092 3098 3098 3097 3109 3099 3096 3098 3083 3090 3082 3098 3075 3093 3100 3085 3089 3060 3047 3026 3015 3028 3021 3024 3012 3019 3017 3012 3000 3017 3022
3026 3023 3020 3005 3017 3026 3014 3017 3010 3021 3029 3041 3061 3066 3075 3095 3082 3080 3097 3090 3095 3100 3090 3095 3089 3093 3099 3105 3102 3100 3100 3101 3087 3108 3098 3119 3110 3103 3124 3102 3094 3102 3104 3105 3090 3081 3089 3097 3089 3088 3073 3048 3031 3032 3012 3028 3021 3026 3029 3016 3024 3003 3015 3024
3012 3008 3018 3016 3013 3019 3010 3017 3021 3022 3030 3046 3066 3061 3066 3072 3076 3094 3095 3093 3092 3100 3083 3098 3082 3078 3085 3092 3093 3104 3104 3104 3098 3092 3120 3120 3112 3096 3104 3097 3118 3116 3099 3091 3088 3091 3080 3084 3095 3088 3053 3048 3042 3022 3015 3028 3021 3025 3019 3017 3008 3010 3011 3022
3005 2991 3007 3006 3005 3018 3010 3021 3030 3018 3012 3036 3059 3089 3078 3081 3069 3091 3091 3097 3091 3091 3095 3101 3081 3091 3078 3088 3111 3094 3095 3096 3104 3094 3105 3107 3094 3111 3099 3102 3104 3102 3100 3093 3088 3094 3080 3080 3087 3089 3080 3049 3040 3010 3032 3015 3013 3017 3015 3017 3009 3032 3009 3016
2992 3000 2998 3008 3007 2993 3003 2999 3027 3023 3003 3043 3071 3093 3087 3084 3083 3069 3095 3082 3092 3096 3112 3100 3084 3085 3082 3094 3106 3105 3082 3096 3087 3101 3103 3103 3095 3098 3098 3107 3096 3106 3101 3099 3097 3092 3083 3078 3090 3096 3081 3042 3041 3014 3018 3019 3024 3007 3000 3003 3016 3016 3006 3025
2998 2999 3001 2991 3010 3009 3004 3010 3002 3029 3037 3031 3060 3066 3083 3080 3069 3078 3073 3081 3086 3093 3093 3101 3093 3091 3089 3088 3092 3111 3090 3098 3100 3086 3102 3096 3100 3094 3095 3105 3103 3103 3108 3102 3099 3096 3091 3097 3116 3088 3071 3040 3025 3022 3016 3011 3012 3007 3012 3018 3007 3019 3003 3031
3012 3014 3002 2992 2991 2998 3000 3008 2998 3018 3022 3030 3050 3073 3075 3064 3085 3078 3083 3091 3087 3095 3103 3087 3094 3087 3087 3094 3097 3098 3091 3079 3099 3108 3102 3109 3101 3102 3099 3098 3101 3099 3095 3097 3102 3101 3084 3107 3093 3086 3063 3022 3026 3005 3031 3020 3018 3001 3009 3009 3003 3000 3004 3009
3013 2998 2999 3000 3008 3008 3004 3014 3011 3003 3016 3023 3040 3055 3080 3076 3089 3104 3095 3086 3090 3087 3104 3093 3089 3096 3103 3100 3107 3109 3095 3094 3100 3105 3093 3100 3092 3108 3098 3095 3092 3107 3112 3094 3102 3102 3093 3094 3087 3081 3054 3020 3012 3009 3019 3013 3007 3011 3010 3005 3004 3001 3005 3005
2994 2998 2997 3005 3001 2997 3009 3019 3015 3018 2991 3022 3037 3043 3072 3083 3084 3085 3096 3071 3083 3084 3101 3090 3082 3086 3099 3098 3109 3103 3102 3099 3105 3103 3119 3103 3101 3109 3105 3105 3093 3100 3095 3106 3089 3102 3084 3080 3086 3080 3041 3018 3014 3017 3004 3010 3006 2995 3006 3014 3005 3007 3010 3013
2991 2996 3000 3010 2989 2995 2998 3003 3008 3005 2993 3007 3031 3045 3055 3074 3081 3094 3091 3079 3076 3089 3088 3094 3095 3085 3103 3095 3102 3106 3093 3101 3107 3104 3105 3122 3100 3098 3094 3117 3109 3095 3096 3106 3086 3089 3092 3076 3075 3080 3059 3024 3028 3030 3003 3009 3005 3008 3007 3001 3004 3008 3021 3019
2993 2997 2998 3003 2997 3010 3008 2999 2999 3007 3011 3014 3015 3042 3051 3065 3079 3092 3076 3077 3078 3084 3086 3090 3084 3094 3097 3095 3112 3112 3091 3090 3109 3112 3112 3106 3106 3106 3097 3097 3097 3091 3100 3098 3095 3093 3087 3079 3060 3056 3041 3009 3024 3021 3001 3002 3009 3014 3018 3019 3018 3010 3021 3019
2992 3002 3005 2994 3008 2994 3010 2990 2982 2999 3006 3006 3003 3035 3048 3062 3074 3077 3087 3088 3082 3087 3082 3084 3097 3093 3091 3108 3104 3098 3102 3085 3095 3088 3102 3101 3097 3105 3102 3095 3093 3091 3082 3088 3098 3101 3095 3080 3075 3077 3048 3025 3038 3027 3022 2996 3006 3005 3018 3004 3017 3008 3026 3013
2992 3005 3005 2997 2996 3010 3006 2990 2986 2999 3008 3001 3011 3014 3047 3056 3067 3067 3075 3074 3086 3080 3086 3086 3085 3083 3084 3084 3109 3091 3091 3097 3099 3110 3105 3119 3090 3101 3090 3085 3096 3103 3094 3089 3104 3083 3092 3083 3075 3074 3038 3019 3026 3027 3019 3015 3010 3008 2996 3004 3014 3014 3014 2996
3006 3011 3005 3004 2995 2998 2999 2997 2984 2997 3000 3005 3011 3023 3047 3052 3070 3076 3084 3080 3082 3094 3084 3082 3088 3100 3101 3103 3092 3087 3091 3101 3098 3097 3111 3096 3093 3097 3093 3101 3111 3091 3100 3094 3102 3092 3080 3082 3078 3070 3042 3022 3016 3017 3011 3011 3005 3023 3008 2991 3003 3010 3012 3007
3024 3007 2997 2999 2992 2994 2999 3004 2993 2972 3004 2986 2999 3014 3036 3049 3056 3067 3080 3079 3081 3082 3076 3094 3087 3088 3101 3092 3100 3109 3098 3118 3106 3098 3112 3093 3090 3095 3112 3082 3102 3094 3088 3098 3094 3086 3074 3078 3084 3060 3041 3019 3013 3011 3003 3014 3009 3015 3004 2986 2988 2992 2998 3016
3000 3003 3004 2992 2995 3009 3003 3000 2982 2985 3000 2994 2999 3012 3025 3034 3052 3068 3080 3083 3089 3078 3089 3090 3088 3091 3100 3095 3094 3105 3107 3116 3095 3094 3097 3102 3089 3087 3096 3098 3081 3096 3098 3109 3086 3086 3083 3076 3061 3050 3040 3017 3008 2994 3017 3020 3001 3008 2995 2997 2988 3007 2999 3004
3004 3009 3016 3009 3012 3007 3006 2999 2998 3004 2971 2986 3017 3008 3016 3018 3036 3050 3081 3075 3067 3085 3073 3079 3086 3096 3101 3111 3108 3102 3093 3090 3107 3092 3105 3084 3076 3084 3082 3075 3079 3092 3101 3110 3086 3086 3074 3079 3054 3048 3031 3010 3032 2994 3009 3011 2989 3001 2999 2991 3005 2995 3013 3020
2991 3007 3011 3005 2999 2996 3001 2993 3011 2997 2992 2997 2998 3015 3010 3030 3024 3035 3054 3077 3076 3087 3088 3095 3090 3101 3086 3105 3111 3101 3104 3091 3095 3093 3099 3101 3096 3101 3088 3095 3090 3095 3098 3099 3092 3082 3077 3069 3045 3044 3027 3017 3016 3012 2994 2993 3004 2996 3010 3001 3002 3003 3016 3017
2990 2997 3005 3005 2993 2995 2999 3001 2988 3007 2988 3001 2995 3010 3014 3009 3025 3028 3057 3067 3092 3084 3086 3098 3100 3092 3096 3099 3107 3110 3095 3101 3105 3110 3098 3104 3098 3093 3092 3110 3090 3094 3101 3097 3095 3083 3064 3061 3049 3031 3024 3014 3002 2997 3007 2999 3005 3003 3028 3012 3014 3008 3000 2997
2997 2997 3004 3002 2994 3004 3002 3007 2985 3005 2992 2990 2994 2997 3009 3009 3019 3033 3052 3064 3077 3090 3099 3086 3089 3100 3104 3091 3086 3103 3105 3090 3086 3092 3092 3092 3090 3087 3095 3092 3091 3088 3106 3091 3108 3079 3074 3060 3035 3017 3030 3011 3011 3014 3009 3012 3010 3016 3008 3007 3010 3012 3017 3023
2997 2990 2998 2995 2992 3009 2999 2986 2978 2982 2996 3005 3005 2993 3006 3011 3017 3024 3030 3058 3081 3092 3089 3093 3109 3087 3099 3093 3099 3104 3105 3096 3084 3082 3092 3098 3091 3073 3077 3075 3091 3084 3097 3099 3099 3092 3057 3042 3033 3032 3035 3012 3018 3010 3020 3015 3014 3007 3009 3024 3017 3014 3023 3012
3000 3002 2994 3007 3007 2997 2998 2986 2987 2989 3002 3008 2986 2995 3006 3008 2993 3022 3031 3064 3057 3090 3081 3085 3098 3098 3100 3089 3112 3096 3102 3091 3087 3083 3088 3091 3092 3089 3085 3101 3104 3094 3085 3083 3079 3086 3053 3055 3025 3030 3034 3013 3014 3028 3015 3011 3019 3023 3018 3022 3029 3015 3015 3033
2992 2990 3002 2995 3006 3006 2995 2988 2997 2985 2986 2992 2990 3009 3026 3016 3004 3011 3026 3055 3068 3071 3074 3083 3096 3094 3095 3092 3103 3101 3108 3100 3101 3097 3093 3110 3089 3094 3096 3095 3092 3098 3083 3081 3070 3068 3038 3020 3015 3014 3022 3026 3019 3015 3019 2999 3015 3012 3020 3029 3027 3035 3018 3015
3004 2997 3001 3002 3013 3001 3005 2993 3000 2989 2987 2994 3002 3015 3027 3021 3012 3008 3020 3044 3065 3086 3082 3085 3089 3097 3102 3092 3109 3111 3098 3105 3099 3093 3101 3096 3093 3106 3096 3097 3090 3097 3083 3088 3070 3050 3042 3036 3014 3011 3018 3021 3027 3031 3020 3015 3025 3022 3023 3040 3038 3025 3026 3028
3016 3007 2993 3018 3026 3010 3008 3004 3012 3000 2973 3002 3006 3021 3016 3020 3027 3028 3034 3035 3078 3085 3087 3085 3089 3098 3103 3100 3098 3117 3112 3118 3101 3103 3104 3108 3103 3103 3119 3107 3108 3093 3089 3082 3068 3047 3035 3034 3027 3015 3017 3013 3020 3032 3027 3019 3020 3017 3024 3055 3034 3026 3025 3026
3014 3015 3004 2999 3011 3002 3020 3012 3007 3005 3001 3003 3019 3016 3013 3026 3025 3028 3022 3035 3077 3096 3097 3093 3093 3096 3095 3088 3111 3117 3105 3106 3097 3110 3097 3094 3104 3103 3100 3108 3099 3090 3088 3072 3076 3054 3046 3034 3027 3027 3024 3020 3012 3029 3013 3000 3004 3019 3036 3040 3031 3025 3026 3017
3014 3011 3015 3007 3007 3007 3001 3004 3015 3008 3015 3017 3019 3019 3006 3020 3014 3015 3023 3049 3093 3080 3105 3099 3090 3100 3094 3084 3088 3092 3116 3114 3114 3104 3095 3088 3092 3087 3096 3081 3085 3090 3086 3081 3070 3048 3046 3040 3037 3023 3017 3032 3028 3027 3008 3014 3010 3014 3032 3024 3030 3029 3036 3027
3010 2996 3015 3014 3018 3017 2991 2993 3006 3022 3023 3031 3019 3024 3028 3029 3016 3029 3030 3050 3085 3085 3096 3091 3088 3093 3091 3099 3092 3112 3096 3091 3102 3100 3104 3105 3091 3107 3091 3091 3099 3090 3084 3064 3054 3048 3035 3035 3034 3023 3029 3031 3011 3015 3009 3000 3004 3010 3017 3031 3023 3037 3030 3021
3018 2996 2991 2998 3019 3013 3000 2998 3021 3028 3018 3029 2997 3019 3017 3031 3018 3038 3032 3046 3088 3095 3091 3084 3103 3081 3095 3098 3091 3100 3117 3102 3106 3100 3092 3103 3095 3102 3108 3104 3110 3109 3088 3095 3049 3041 3037 3031 3033 3035 3027 3019 3021 3021 3014 3013 3011 3014 2998 3005 3016 3018 3036 3015
2994 3000 3007 3011 2996 3008 2999 3008 3012 3009 3020 3019 3011 3028 3037 3039 3028 3033 3036 3064 3089 3102 3085 3096 3099 3098 3090 3094 3091 3086 3085 3115 3111 3107 3117 3098 3095 3097 3096 3089 3083 3095 3088 3072 3076 3053 3038 3039 3041 3025 3021 3021 3034 3025 3022 3011 3020 3020 3002 3028 3024 3023 3012 3027
2988 2990 3008 3006 3009 2993 2997 3000 3024 3027 3038 3026 3009 3012 3050 3044 3041 3060 3066 3077 3082 3105 3095 3089 3092 3090 3109 3100 3089 3082 3097 3099 3117 3106 3107 3094 3091 3101 3104 3095 3103 3090 3079 3084 3087 3061 3055 3056 3054 3052 3050 3035 3030 3032 3043 3026 3035 3032 3038 3038 3030 3018 3038 3035
