3046 3046 3040 3052 3059 3056 3046 3065 3043 3040 3037 3033 3023 3022 3021 3031 3028 3035 3034 3030 3037 3027 3022 3022 3031 3042 3039 3031 3035 3026 3029 3036 3026 3033 3034 3019 3033 3043 3042 3040 3043 3046 3040 3040 3038 3040 3032 3028 3025 3008 3018 3021 3025 3015 3014 3008 3017 3006 3007 3014 2997 3007 2997 2991
3043 3036 3044 3044 3043 3059 3052 3037 3051 3032 3020 3035 3019 3028 3022 3019 3020 3029 3018 3027 3026 3030 3028 3029 3033 3027 3046 3035 3023 3024 3037 3035 3033 3037 3033 3041 3049 3059 3042 3045 3037 3055 3048 3036 3041 3028 3044 3038 3032 3024 3019 3011 3020 3024 3019 3014 3013 3013 3008 3007 3001 2999 3002 2993
3054 3038 3046 3046 3031 3030 3041 3041 3045 3032 3023 3027 3035 3027 3021 3029 3014 3013 3033 3033 3037 3033 3037 3040 3035 3038 3037 3034 3049 3041 3032 3045 3049 3037 3047 3057 3068 3055 3044 3050 3045 3037 3044 3038 3031 3023 3055 3043 3044 3037 3029 3010 3024 3026 3019 3013 3003 3016 3011 3005 3000 3004 3020 3007
3016 3049 3050 3041 3030 3038 3037 3037 3030 3018 3029 3034 3035 3041 3018 3022 3015 3015 3019 3018 3027 3033 3032 3045 3026 3036 3041 3046 3051 3048 3043 3024 3051 3045 3059 3070 3072 3055 3061 3061 3059 3050 3051 3050 3043 3051 3041 3046 3033 3039 3019 3010 3009 3028 3029 3031 3018 3010 3011 3012 3006 3012 3008 3004
3024 3032 3049 3056 3051 3039 3040 3033 3042 3038 3034 3035 3029 3031 3027 3034 3021 3031 3016 3022 3027 3021 3020 3028 3018 3033 3027 3043 3028 3047 3044 3045 3054 3046 3059 3055 3061 3055 3061 3071 3056 3050 3053 3046 3061 3046 3049 3056 3046 3038 3043 3022 3029 3031 3042 3029 3039 3020 3020 3012 3011 3006 3010 3004
3031 3028 3025 3041 3033 3040 3033 3017 3025 3028 3037 3022 3036 3023 3023 3017 3012 3007 3020 3021 3025 3028 3019 3018 3038 3029 3023 3033 3042 3034 3041 3039 3048 3055 3054 3061 3063 3070 3066 3066 3069 3048 3049 3052 3047 3036 3043 3038 3043 3045 3038 3034 3025 3023 3032 3034 3028 3030 3015 3027 2998 3002 2993 3012
3029 3021 3008 3032 3022 3037 3020 3022 3024 3033 3024 3023 3027 3020 3007 3008 3014 3019 3014 3022 3028 3023 3025 3024 3034 3035 3036 3040 3035 3050 3044 3054 3058 3042 3050 3073 3068 3066 3070 3060 3059 3058 3048 3051 3061 3045 3038 3053 3042 3050 3046 3029 3034 3019 3024 3026 3012 3013 3025 3030 3015 2988 3012 3014
3005 2993 2988 2996 2999 3006 3025 3008 3003 3001 3008 2997 2993 2993 2988 2992 3001 3001 2998 2995 3009 3009 3011 3022 3010 3023 3034 3027 3027 3034 3022 3032 3038 3043 3047 3054 3068 3078 3066 3065 3058 3063 3071 3059 3056 3054 3050 3063 3057 3037 3048 3044 3044 3030 3026 3029 3011 3029 3031 3028 3010 2989 2999 3001
2983 2972 2978 2966 2978 2976 2990 2983 2969 2976 2976 2988 2974 2984 2975 2977 2968 2987 2991 2995 3004 3005 3000 2992 3015 3010 3027 3015 3017 3017 3010 3015 3023 3014 3026 3028 3056 3066 3061 3060 3068 3067 3062 3065 3082 3077 3070 3061 3055 3048 3051 3048 3059 3040 3029 3021 3020 3026 3046 3031 3006 3009 3006 3007
2976 2960 2963 2972 2975 2967 2977 2972 2987 2985 2970 2982 2966 2993 2981 2980 2978 2993 2992 3001 3006 3015 3006 2999 3019 3021 3021 3018 3022 3010 3028 3035 3040 3033 3035 3051 3057 3070 3063 3065 3085 3077 3084 3070 3075 3080 3076 3074 3070 3069 3054 3061 3054 3053 3035 3031 3015 3035 3029 3021 3020 3007 2999 2998
2965 2971 2963 2976 2964 2981 2972 2979 2975 2979 2981 2982 2988 2975 2981 2979 2969 2987 2987 2990 2999 2998 3018 3021 3005 3019 3028 3029 3020 3026 3020 3024 3037 3040 3064 3063 3069 3063 3063 3069 3077 3097 3080 3102 3072 3089 3088 3087 3094 3087 3063 3061 3034 3049 3043 3037 3041 3032 3019 3015 3009 3021 3001 2999
2961 2972 2965 2970 2980 2988 2973 2976 2973 2979 2973 2988 2978 2980 2974 2982 2993 2992 2992 2991 2984 3002 3024 3021 3021 3016 3022 3023 3021 3027 3024 3021 3033 3057 3072 3078 3070 3085 3068 3091 3080 3089 3106 3100 3095 3085 3084 3097 3087 3063 3059 3064 3052 3057 3050 3037 3045 3043 3023 3017 3021 3005 3003 2993
2955 2969 2971 2992 2976 2989 2973 2984 2989 2983 2986 2978 2981 2981 2988 2991 2997 2987 2994 3003 3010 3017 3012 3008 3015 3022 3014 3027 3020 3020 3013 3025 3046 3052 3079 3083 3087 3081 3087 3087 3093 3103 3103 3106 3100 3093 3095 3089 3090 3088 3067 3067 3044 3054 3057 3049 3039 3040 3025 3018 3008 3019 3015 3007
2958 2968 2985 2984 2980 2979 2978 2978 2983 2987 2991 2985 2982 2977 2973 2990 2992 2983 2979 2984 3010 3012 3012 3019 3009 3006 3017 3020 3029 3032 3039 3045 3048 3076 3065 3086 3084 3100 3093 3087 3102 3093 3094 3081 3104 3097 3089 3090 3092 3085 3077 3069 3056 3051 3051 3045 3052 3034 3025 3021 3028 3023 3016 3007
2973 2975 2979 2973 2977 2962 2962 2976 2981 2984 2983 2981 2972 2994 2989 2989 2996 2989 2985 2996 2995 2998 3020 3011 3022 3012 3022 3024 3022 3032 3047 3048 3078 3080 3082 3084 3083 3073 3094 3096 3085 3095 3087 3086 3090 3091 3103 3095 3099 3099 3082 3069 3062 3041 3044 3041 3044 3051 3037 3033 3026 3029 3015 3020
2974 2975 2989 2990 2979 2970 2986 2987 2987 2988 3000 3000 2983 2989 2989 2986 2991 2987 2993 2998 3006 3000 3004 3010 3020 3027 3022 3008 3027 3024 3066 3061 3068 3097 3084 3082 3085 3077 3079 3080 3079 3105 3090 3090 3083 3087 3098 3087 3101 3094 3094 3068 3065 3054 3055 3050 3057 3069 3063 3049 3028 3031 3027 3006
2974 2988 2999 2994 2995 2995 2996 2984 2982 2994 2994 2993 2992 2983 2988 2999 2985 3005 3001 3025 3007 3009 3024 3002 3014 3021 3016 3009 3015 3045 3065 3074 3078 3081 3067 3085 3090 3099 3086 3079 3078 3090 3086 3083 3100 3087 3079 3088 3090 3072 3075 3085 3072 3055 3052 3058 3061 3080 3048 3058 3039 3017 3017 3022
2987 2988 2997 3000 2989 2993 2998 2989 2993 2985 3007 2989 2985 2995 2979 2987 2990 2993 3005 3006 3012 3006 3003 3024 3015 3016 3022 3019 3029 3036 3067 3076 3078 3083 3083 3084 3082 3088 3079 3091 3087 3095 3082 3095 3086 3071 3079 3095 3088 3104 3093 3079 3067 3060 3057 3075 3073 3084 3064 3060 3037 3019 3026 3012
2993 2985 2996 2986 2986 2986 3003 3006 2992 2987 3006 2993 2986 2975 2999 2989 2996 3006 3009 3018 3023 3020 3006 3020 3030 3017 3021 3041 3055 3071 3079 3098 3087 3087 3086 3081 3087 3093 3087 3078 3085 3090 3090 3074 3073 3093 3097 3088 3106 3099 3099 3082 3074 3071 3062 3073 3075 3082 3076 3067 3057 3023 3031 3017
2995 2996 2990 2999 2982 2991 2996 2990 2988 2997 3009 2994 2988 2990 2990 2999 2994 3017 3007 3015 3018 3029 3025 3021 3027 3033 3036 3041 3054 3071 3079 3079 3089 3085 3080 3086 3085 3075 3071 3081 3093 3086 3082 3079 3090 3090 3084 3089 3092 3092 3097 3089 3095 3075 3080 3088 3068 3084 3075 3059 3038 3024 3011 3015
2999 2989 2991 3000 3003 3010 2997 3000 2980 2988 2997 3004 2986 3008 3003 3005 2995 3002 3003 3012 3017 3019 3019 3023 3025 3040 3042 3064 3074 3060 3082 3087 3086 3079 3084 3086 3080 3080 3084 3072 3081 3095 3089 3093 3088 3087 3098 3109 3097 3092 3085 3089 3088 3081 3078 3087 3089 3084 3076 3066 3046 3036 3027 3004
2995 3001 2997 2998 3000 2999 3011 3001 2998 2997 3014 3019 3002 3009 3001 3009 3009 3001 3012 3009 3028 3023 3028 3039 3034 3041 3056 3062 3074 3081 3092 3083 3090 3078 3067 3070 3078 3080 3078 3093 3099 3096 3099 3081 3078 3081 3096 3094 3099 3085 3095 3085 3085 3087 3088 3085 3077 3068 3074 3050 3050 3015 3011 3010
3020 3015 3019 3024 3009 3025 3012 3022 3000 3013 3023 3022 3014 3023 3004 3005 3013 3015 3003 3012 3018 3037 3032 3044 3041 3045 3055 3068 3068 3086 3098 3083 3072 3067 3072 3086 3074 3080 3074 3086 3084 3084 3093 3089 3097 3096 3093 3091 3096 3097 3100 3082 3084 3084 3081 3079 3077 3069 3071 3044 3042 3032 3015 3012
3006 3009 3012 3014 3006 3003 3002 3016 3004 3017 3014 3013 3021 3019 3004 3008 3028 3031 3018 3020 3019 3023 3031 3047 3054 3062 3072 3074 3065 3077 3088 3086 3069 3072 3076 3079 3072 3082 3079 3091 3096 3083 3095 3085 3101 3093 3092 3085 3097 3089 3087 3085 3082 3077 3085 3083 3079 3082 3054 3044 3042 3025 3022 3001
3003 3002 2997 3005 2998 3002 2995 3002 3015 3004 2995 3000 3000 2996 2997 2994 3007 3013 3013 3030 3024 3032 3040 3042 3056 3064 3072 3077 3083 3092 3070 3081 3083 3082 3078 3058 3067 3076 3087 3089 3085 3085 3092 3088 3082 3098 3087 3097 3101 3083 3098 3090 3078 3076 3082 3089 3082 3075 3059 3047 3031 3037 3023 3025
2994 3001 3000 2997 3000 3007 3010 3008 2988 3001 2996 2998 3000 2993 2984 3000 2996 3003 2992 3004 3026 3018 3047 3049 3060 3050 3073 3074 3068 3086 3076 3080 3075 3086 3072 3085 3071 3076 3079 3083 3100 3086 3081 3093 3084 3097 3097 3100 3091 3089 3090 3098 3078 3066 3077 3078 3079 3072 3058 3051 3041 3026 3027 3031
2999 3001 2999 2990 2985 2999 3008 2993 2988 2994 2988 2999 3004 2992 2983 2987 2998 2991 2992 2993 3007 3017 3048 3053 3067 3057 3076 3076 3078 3061 3090 3085 3090 3089 3108 3091 3082 3084 3081 3083 3083 3093 3096 3078 3097 3093 3094 3091 3096 3093 3098 3092 3064 3058 3080 3102 3096 3089 3069 3050 3043 3028 3030 3030
2997 2990 3000 3004 3007 3003 2999 2994 2990 2998 2984 2980 2994 2991 2991 2994 3000 2987 2980 3007 2996 3027 3056 3051 3055 3056 3069 3073 3079 3081 3075 3082 3094 3092 3094 3089 3086 3086 3075 3075 3076 3074 3083 3096 3104 3095 3084 3099 3096 3101 3077 3100 3094 3077 3087 3093 3090 3088 3073 3067 3047 3026 3030 3034
3005 2992 2986 3000 2996 3004 2999 2998 2978 2977 2985 2981 2997 3002 2988 2989 3003 2990 3000 2988 3004 3019 3046 3057 3047 3068 3069 3068 3068 3080 3070 3081 3088 3084 3091 3086 3085 3089 3078 3079 3085 3086 3084 3079 3091 3097 3086 3095 3101 3093 3092 3095 3096 3074 3085 3093 3071 3080 3072 3068 3043 3034 3035 3029
2993 2997 2997 2996 3000 2997 2985 2992 2989 2989 2978 2986 2985 2982 2989 3003 2991 2986 2985 2996 3008 3036 3044 3066 3061 3063 3060 3074 3079 3079 3080 3068 3081 3079 3086 3079 3092 3091 3084 3085 3088 3087 3094 3089 3086 3100 3088 3097 3102 3093 3083 3083 3080 3093 3080 3080 3080 3074 3056 3060 3046 3036 3037 3027
2987 2990 2982 2994 2990 2992 2991 3002 2994 2988 2985 2984 2988 2983 2990 2988 2987 2982 2989 2993 2998 3023 3047 3056 3069 3061 3060 3074 3079 3083 3088 3065 3085 3088 3083 3073 3092 3088 3087 3094 3086 3089 3081 3089 3084 3103 3106 3081 3084 3083 3096 3085 3087 3083 3083 3090 3082 3080 3070 3063 3052 3031 3035 3031
2995 2992 2988 2993 3001 3003 2988 3002 3000 3000 2995 2983 2983 2981 2998 2986 2982 2985 2984 3001 2999 3016 3044 3052 3059 3061 3057 3061 3075 3084 3080 3072 3072 3070 3086 3087 3093 3099 3087 3090 3073 3087 3086 3083 3086 3092 3087 3091 3083 3098 3090 3091 3087 3083 3092 3086 3088 3068 3070 3050 3043 3041 3032 3011
2994 2999 2991 2994 2999 2981 2990 2980 2994 2985 2983 2994 2982 2985 2986 2986 2996 2986 2989 2979 3009 3024 3038 3047 3059 3058 3067 3067 3071 3085 3063 3078 3080 3075 3078 3079 3080 3095 3094 3092 3083 3094 3090 3093 3091 3100 3090 3089 3089 3086 3093 3091 3100 3094 3084 3083 3096 3079 3069 3045 3029 3017 3030 3015
3007 2989 2995 3001 2992 2997 2990 2995 2987 2997 2984 2996 2999 2988 3005 2992 3001 2974 2997 3010 2999 3031 3041 3048 3059 3066 3059 3069 3087 3082 3071 3082 3070 3084 3074 3091 3078 3080 3095 3087 3094 3090 3098 3090 3085 3091 3088 3097 3103 3096 3107 3104 3087 3095 3082 3084 3079 3071 3058 3039 3038 3018 3009 3018
3012 3008 3003 3011 3014 3017 3007 3009 3006 3002 2995 3018 3019 3011 3002 3001 2995 3001 3001 3005 3000 3005 3043 3048 3060 3062 3068 3066 3076 3075 3071 3062 3066 3084 3082 3093 3082 3088 3084 3086 3087 3089 3090 3078 3080 3091 3097 3089 3099 3089 3076 3086 3074 3088 3079 3089 3089 3077 3070 3033 3037 3035 3015 3022
3023 3030 3020 3012 3003 3018 3019 3010 3012 3006 3002 2999 3018 3000 3004 2995 2989 2998 3008 3006 3006 3029 3019 3039 3067 3071 3082 3074 3071 3075 3074 3090 3078 3083 3079 3092 3093 3093 3089 3081 3098 3090 3090 3082 3079 3085 3094 3102 3082 3094 3087 3089 3090 3082 3093 3086 3077 3084 3064 3048 3038 3026 3017 3021
3012 3007 3002 3005 2990 2998 3008 3002 2996 2995 3001 3001 2993 2993 2997 2987 2999 2993 2997 2995 2986 3000 3017 3038 3061 3061 3063 3076 3066 3073 3071 3069 3081 3077 3084 3084 3077 3086 3083 3089 3094 3091 3093 3091 3097 3091 3094 3096 3088 3074 3096 3087 3096 3084 3087 3076 3079 3070 3058 3053 3030 3017 3019 3019
3003 2986 2989 2984 2996 3006 2998 2999 2995 2989 2983 2994 3001 2984 2995 2984 2997 2986 2991 2982 2979 2984 3011 3017 3050 3071 3066 3076 3074 3080 3075 3073 3077 3080 3073 3091 3079 3074 3079 3104 3099 3104 3088 3088 3091 3115 3105 3081 3092 3096 3087 3096 3099 3091 3092 3081 3078 3067 3058 3041 3031 3007 3010 2998
2987 2996 2994 2998 2997 2997 2988 3000 3002 2987 2991 2979 2981 2977 2999 2994 2993 2992 2998 2990 2992 2996 3005 3015 3029 3056 3052 3071 3081 3084 3073 3083 3082 3076 3076 3078 3070 3090 3084 3086 3100 3101 3098 3088 3099 3090 3100 3095 3093 3083 3092 3110 3096 3101 3096 3082 3084 3073 3052 3046 3027 3013 3005 3018
2991 2988 2997 2999 2999 3002 2983 3000 2988 2990 2978 2990 2977 2981 3000 2998 2990 2991 3004 2989 2986 2990 3003 3021 3016 3038 3071 3078 3076 3083 3078 3078 3085 3068 3070 3086 3088 3080 3098 3098 3102 3095 3108 3101 3094 3084 3083 3082 3105 3091 3090 3100 3087 3085 3087 3091 3080 3065 3060 3033 3028 3016 3018 3016
2993 2990 2998 2998 2991 2998 2992 2993 3003 3001 3006 2986 2986 2999 2986 2987 2988 3002 2990 3003 2980 2993 2993 2999 3018 3023 3046 3051 3074 3084 3070 3064 3068 3067 3076 3081 3090 3082 3084 3095 3098 3091 3086 3089 3078 3095 3080 3087 3098 3085 3089 3095 3099 3089 3077 3070 3078 3064 3051 3040 3033 3020 3028 3027
2989 2998 2987 2992 2998 2995 2998 2992 3001 2989 2987 2989 2987 2987 2998 2986 2989 2993 3009 2996 2987 3004 2987 3014 2992 3008 3025 3045 3062 3071 3068 3070 3066 3061 3064 3075 3087 3091 3077 3090 3093 3080 3083 3085 3098 3093 3089 3095 3086 3086 3081 3087 3076 3090 3090 3075 3072 3070 3046 3037 3014 3013 3010 3018
2995 2985 2975 3001 3008 3002 2985 2996 2990 2998 3006 2999 2996 2998 2992 2998 2997 2994 2993 2987 2995 2995 3003 2996 2994 3005 3027 3046 3057 3065 3076 3073 3059 3064 3065 3069 3078 3072 3087 3086 3091 3080 3099 3083 3084 3080 3079 3091 3078 3091 3088 3088 3081 3075 3090 3081 3083 3064 3054 3035 3016 3013 3014 3012
2993 2999 2988 2983 2996 2989 3003 2978 3000 2999 3004 3004 2989 2989 2985 2988 2995 2987 2989 2992 2994 2994 3002 2993 2988 3010 3023 3041 3043 3067 3061 3058 3068 3075 3077 3083 3090 3076 3086 3078 3093 3085 3082 3081 3087 3079 3085 3079 3087 3080 3097 3095 3084 3088 3089 3092 3077 3073 3064 3021 3005 3014 3006 3004
2996 2992 2987 3004 3000 2991 2992 2996 2998 3001 2994 2998 2992 2990 2997 2998 2997 2998 2991 2985 2989 2984 2998 2991 2986 2994 3008 3032 3055 3065 3066 3060 3070 3066 3077 3091 3077 3074 3077 3088 3093 3092 3085 3082 3087 3082 3082 3103 3078 3090 3083 3093 3089 3073 3084 3072 3060 3053 3033 3029 3018 3011 2998 3019
2992 3001 3020 2998 3004 2984 2995 2997 2990 2986 2996 2995 2996 2995 2997 2997 3001 2985 3003 2981 2978 2991 2998 3002 2992 2994 3005 3022 3056 3067 3068 3059 3079 3075 3064 3076 3083 3074 3077 3099 3085 3088 3094 3074 3081 3086 3081 3085 3087 3095 3084 3091 3090 3091 3074 3073 3061 3028 3032 3018 3005 3012 3002 3009
2975 2979 3005 3002 2985 2997 2987 2984 3004 3010 2993 2996 2994 3002 2990 2998 3004 3002 2994 2980 2992 2991 2992 2992 2993 2997 3009 3018 3040 3057 3065 3062 3080 3065 3077 3082 3085 3077 3066 3097 3081 3094 3089 3089 3090 3089 3083 3092 3079 3092 3095 3098 3099 3096 3091 3063 3039 3032 3024 3012 3018 3002 3007 3005
2986 2996 3000 2987 2989 2994 2995 2994 2994 2991 2986 2993 2992 2995 2988 3002 3003 3004 2983 2998 2978 2980 2981 2980 2991 2986 2988 3013 3046 3041 3063 3067 3078 3075 3074 3074 3081 3072 3081 3084 3090 3096 3081 3108 3089 3101 3094 3092 3084 3086 3110 3106 3085 3086 3074 3042 3040 3018 3017 3019 3006 3014 2995 2999
2992 2996 2994 2998 2990 2992 2989 2991 2993 2995 2999 2994 2982 2979 2990 2992 3000 2998 2998 2989 2990 2985 2985 2994 2999 2998 2979 3005 3032 3051 3062 3064 3085 3087 3070 3076 3076 3080 3075 3085 3095 3090 3081 3103 3090 3107 3097 3087 3094 3092 3097 3090 3092 3073 3055 3036 3027 3014 3020 3004 3015 3002 3008 3001
2989 2986 3004 2993 2996 2993 2996 3004 2990 2986 2993 2977 2972 2985 2983 2984 3007 2993 3000 2976 2995 2993 2993 2997 3009 2992 2983 3016 3023 3042 3076 3069 3079 3077 3089 3079 3077 3090 3091 3100 3087 3102 3099 3083 3101 3094 3100 3074 3090 3088 3080 3092 3082 3067 3034 3013 3023 3021 3008 3006 3010 2997 2998 3014
2995 2997 2983 2986 2975 2996 3000 3006 2992 2981 2987 2998 2986 2989 2970 2977 2982 2983 2993 2991 2994 2995 2986 2995 3000 3001 2994 3009 3027 3051 3062 3090 3069 3074 3072 3089 3081 3088 3085 3100 3080 3101 3093 3082 3092 3087 3084 3079 3071 3077 3083 3079 3076 3043 3036 3026 3031 3024 3007 3017 3002 3012 3015 3009
3003 3001 2983 2987 2992 2996 2990 2985 2981 2986 2982 2971 2992 2980 2978 2983 2990 2995 2997 2992 2978 2994 2995 3013 2995 3003 2994 3010 3032 3045 3068 3088 3081 3070 3078 3069 3086 3085 3080 3085 3084 3099 3092 3085 3083 3086 3092 3090 3078 3080 3074 3085 3064 3043 3048 3035 3025 3005 3021 3005 3024 3030 3012 3000
3003 2994 2992 2979 2985 2990 2993 3009 2986 2979 2983 2988 2974 2983 2976 2979 2983 2987 2991 2988 2993 2989 2997 2995 2984 3004 2995 2986 3022 3034 3072 3078 3076 3066 3077 3082 3091 3097 3084 3086 3082 3101 3082 3099 3091 3096 3071 3091 3084 3082 3088 3078 3060 3059 3035 3026 3025 3027 3033 3006 3030 3019 3015 3023
3013 2989 2983 2987 2986 2984 2994 2986 2988 2986 2986 2987 2979 2979 2996 2981 2994 2990 2996 2987 2996 2997 3003 2993 2994 2990 2995 2995 3003 3042 3057 3073 3072 3074 3078 3081 3094 3087 3091 3083 3072 3081 3075 3081 3070 3078 3088 3095 3086 3088 3083 3085 3073 3050 3053 3030 3022 3022 3045 3012 3014 3012 3019 3031
2976 2984 2980 2988 2983 2983 2985 2999 3003 2995 2983 2980 2975 2988 2984 2987 2985 2973 2990 2992 2988 2977 2994 3001 2983 2984 2993 2996 3009 3040 3064 3080 3070 3076 3084 3093 3080 3074 3077 3087 3081 3094 3086 3092 3074 3076 3078 3087 3111 3091 3092 3085 3049 3043 3031 3030 3024 3017 3024 3038 3015 3000 2998 2991
2964 2978 2977 2987 2983 2991 2993 2992 2991 2985 2975 2995 2986 2987 3000 2983 2992 2985 2985 2975 2997 2993 2992 2995 2983 2983 2998 3004 3019 3050 3053 3082 3077 3090 3095 3092 3086 3078 3068 3085 3096 3091 3084 3098 3078 3074 3089 3107 3077 3096 3086 3077 3065 3034 3027 3019 3014 3028 3014 3021 3022 3018 3023 3007
2986 2989 3002 3000 2985 3001 2992 2987 2991 2979 2997 2994 2990 2999 2994 2995 2999 2990 3006 2995 3006 2993 2999 3002 2987 2998 2985 3008 3030 3060 3066 3067 3075 3084 3093 3091 3095 3078 3084 3088 3096 3089 3090 3088 3076 3096 3101 3094 3103 3101 3090 3093 3050 3040 3038 3034 3026 3013 3012 3027 3015 3023 3029 3008
2998 3007 3010 3009 3000 2997 2984 2988 2990 2994 3009 3002 3000 2997 2999 2995 2995 3010 2987 2993 2987 2995 3012 3005 2999 3003 2996 3016 3052 3075 3088 3084 3090 3094 3088 3094 3084 3080 3081 3095 3079 3080 3075 3087 3091 3098 3099 3096 3093 3095 3098 3073 3063 3052 3058 3037 3039 3017 3006 3033 3018 3043 3023 3017
2987 2992 3022 3003 2987 3004 3008 2981 2992 3006 2998 3002 3003 3005 3003 3007 2993 3008 2994 2985 2990 3011 3011 3015 3015 3015 3016 3040 3058 3073 3073 3091 3075 3096 3080 3083 3085 3090 3069 3094 3092 3099 3094 3098 3102 3093 3097 3093 3093 3093 3089 3095 3079 3052 3051 3057 3035 3019 3030 3043 3041 3048 3037 3036
2992 2998 3015 3005 3009 2995 2999 3012 3010 3002 3006 3009 2995 3007 3004 2998 3006 3002 3001 2998 3009 3017 3031 3018 3020 3023 3042 3054 3072 3055 3084 3084 3103 3090 3101 3090 3091 3089 3076 3089 3094 3108 3095 3108 3094 3102 3097 3074 3085 3077 3093 3093 3088 3065 3069 3054 3043 3040 3042 3053 3049 3049 3049 3036
3000 3001 3005 3005 3004 3008 2992 3007 3002 3013 3005 2989 2998 3006 3015 3017 3020 3006 3007 3017 3019 3013 3034 3041 3045 3048 3056 3078 3075 3075 3088 3095 3088 3093 3083 3082 3082 3078 3074 3079 3088 3099 3091 3106 3097 3102 3090 3095 3085 3067 3081 3086 3073 3081 3063 3044 3052 3061 3053 3062 3042 3052 3058 3038
2989 2997 3018 2994 2994 2995 3011 2998 2988 3001 3000 2994 2986 2995 3020 3013 3002 3017 3018 3036 3026 3033 3071 3065 3069 3067 3070 3054 3083 3083 3085 3086 3086 3096 3084 3089 3090 3101 3071 3081 3084 3104 3082 3095 3091 3096 3101 3091 3095 3089 3074 3070 3072 3086 3058 3058 3058 3052 3054 3042 3044 3037 3022 3030
3000 2999 2985 2994 3004 2997 3004 2999 2989 2994 3005 3010 3001 3005 3005 3019 3022 3032 3034 3031 3037 3042 3070 3057 3068 3078 3081 3085 3083 3081 3080 3092 3079 3080 3078 3081 3095 3086 3086 3093 3089 3094 3103 3094 3093 3084 3092 3087 3097 3099 3087 3063 3085 3066 3065 3069 3073 3068 3056 3058 3047 3053 3065 3050
2997 3000 2989 3000 3017 2994 3001 3005 3005 2998 3014 3001 3002 3024 3024 3037 3047 3039 3047 3047 3046 3050 3047 3050 3055 3070 3072 3077 3082 3079 3091 3086 3086 3067 3069 3085 3085 3097 3093 3101 3105 3098 3095 3091 3103 3083 3100 3100 3097 3101 3079 3081 3071 3082 3083 3078 3066 3068 3063 3076 3059 3049 3067 3070
