3046 3041 3054 3042 3043 3025 3042 3042 3053 3045 3030 3025 3032 3020 3031 3039 3018 3029 3010 3018 3021 3017 3031 3018 3030 3019 3037 3023 3016 3018 3015 3010 2996 3005 3018 3016 3013 2997 3016 3009 3003 2991 3002 3018 3008 2996 2996 2996 3003 3018 3017 3010 3014 2995 3014 3012 3011 3012 3012 2997 2985 2981 2995 2999
3039 3043 3037 3039 3041 3036 3035 3059 3042 3048 3035 3030 3021 3038 3020 3030 3043 3020 3035 3015 3029 3012 3016 3018 3025 3031 3017 3026 3029 3024 3019 3017 3012 3024 3028 3014 3012 3016 3009 3009 3010 3014 3009 3005 3017 3017 3000 2996 3003 2998 3002 3010 3011 3005 3000 3006 3013 3008 2991 3003 3009 2992 2998 3008
3043 3033 3048 3039 3040 3039 3031 3029 3050 3043 3041 3043 3033 3035 3016 3037 3027 3031 3027 3036 3039 3030 3020 3015 3022 3029 3026 3027 3022 3025 3027 3031 3041 3035 3027 3008 3013 3022 3029 3017 3020 3019 3021 3007 3013 3020 3016 3006 3008 3001 3003 2998 3003 2994 2997 3002 3011 3018 2996 2993 3004 3008 3014 3010
3039 3036 3035 3045 3044 3038 3034 3030 3038 3036 3044 3035 3041 3028 3034 3027 3030 3027 3009 3033 3024 3014 3031 3024 3024 3021 3033 3027 3029 3027 3034 3030 3026 3031 3034 3020 3022 3013 3006 3027 3024 3030 3007 3009 3005 3012 3013 3016 3003 3000 3006 2995 2994 3002 3003 2999 3014 3026 3002 2991 3006 3009 3012 3008
3064 3036 3037 3042 3049 3048 3031 3031 3044 3034 3033 3036 3035 3032 3020 3039 3028 3028 3018 3019 3024 3024 3016 3027 3031 3037 3044 3034 3037 3031 3040 3050 3037 3044 3031 3037 3021 3010 3017 3023 3020 3014 3017 3014 3009 3006 3016 3017 3001 3002 2999 2993 3012 3015 3012 3008 3011 3018 3018 3005 2999 3002 3002 3010
3044 3025 3013 3037 3048 3025 3014 3023 3028 3023 3031 3022 3029 3026 3017 3023 3036 3030 3020 3036 3040 3032 3031 3034 3037 3036 3032 3029 3029 3031 3036 3043 3041 3043 3025 3027 3034 3028 3026 3030 3036 3033 3028 3024 3021 3016 3013 3016 3014 3000 2998 3008 3007 3014 2995 3011 2991 3014 3001 3004 3000 3009 3002 3002
3027 3019 3026 3025 3023 3015 3015 3016 3021 3027 3018 3018 3020 3023 3029 3028 3025 3023 3031 3029 3041 3034 3033 3036 3038 3036 3034 3018 3028 3042 3038 3028 3038 3042 3034 3038 3045 3036 3028 3031 3031 3026 3016 3026 3011 3015 3007 3019 3006 2996 3001 3000 3005 3004 2988 2997 2992 3002 2999 3012 3025 3009 3017 3004
2980 2987 2982 3004 2992 3001 2994 2996 3010 3001 3015 3003 2994 3003 3017 3017 3016 3012 3022 3034 3014 3022 3020 3030 3015 3020 3031 3015 3039 3045 3029 3038 3034 3034 3037 3031 3032 3030 3029 3018 3016 3001 3012 3014 3018 3000 3011 3006 3007 3016 3001 2997 3001 2997 2997 2984 2987 2996 2996 3000 3006 2995 3001 2999
2946 2958 2969 2969 2992 2974 2971 2957 2968 2963 2985 2979 2981 2987 2981 2994 2996 2991 3006 3010 3009 3006 3010 3018 3010 3024 3027 3018 3033 3026 3047 3029 3040 3042 3034 3024 3034 3025 3028 3032 3012 3010 3013 3018 3002 3006 2993 2991 2986 3003 3000 3002 2979 2988 2981 2978 2979 2982 2988 2993 2993 2986 2997 2998
2942 2951 2964 2971 2966 2966 2962 2972 2987 2969 2959 2968 2989 2990 2991 2998 3001 3008 3017 3002 3012 3012 3017 3025 3027 3026 3021 3038 3048 3034 3040 3032 3043 3037 3023 3037 3020 3023 3031 3017 3011 3008 3027 3025 3004 3004 3005 2999 2992 2994 3006 2994 2989 2973 2979 2991 2988 2992 2984 2989 2988 2993 2986 2991
2951 2965 2965 2967 2969 2958 2960 2974 2972 2985 2985 2976 2983 2999 2998 3004 2997 3005 2999 2996 3008 3017 3003 3012 3021 3022 3026 3032 3047 3044 3043 3045 3058 3048 3026 3031 3034 3025 3012 3011 3011 3012 3015 3019 3020 3010 3011 3005 3009 2997 2991 3003 2988 2999 2992 3007 2994 2985 2986 2982 2990 3011 2988 2978
2966 2975 2973 2970 2963 2967 2979 2977 2972 2973 2992 3007 3004 2982 3011 2995 3006 2998 3003 3015 3005 3029 3025 3024 3016 3022 3037 3046 3033 3044 3058 3058 3051 3046 3043 3037 3028 3023 3031 3029 3027 3027 3025 3020 3007 3019 3005 3001 3012 3009 3002 3000 2989 2992 3002 3002 3004 2990 2988 2993 3004 2989 2984 2984
2961 2958 2958 2967 2972 2980 2987 2978 2975 2982 2992 3008 2990 3002 2994 3000 2987 3000 3015 3026 3036 3021 3028 3033 3031 3025 3046 3033 3035 3046 3052 3059 3059 3048 3043 3054 3033 3036 3026 3033 3042 3039 3021 3038 3022 3028 3016 3025 3014 3020 3006 3000 2991 2996 2996 3013 2999 2999 3006 2999 2997 2978 2983 2980
2971 2969 2959 2981 2974 2969 2976 2986 2980 2986 2998 2998 2991 2995 2997 3015 3004 3020 3013 3014 3014 3022 3017 3033 3031 3018 3035 3040 3048 3047 3050 3065 3062 3076 3069 3047 3038 3046 3040 3040 3050 3040 3026 3022 3023 3020 3022 3026 3027 3016 3003 3008 2996 2990 3004 2999 2998 2989 3002 2996 2993 2981 2981 2989
2972 2987 2988 2971 2978 2988 2977 2974 2978 2965 2985 2984 2974 3015 3008 3001 3025 3018 3018 3012 3000 3026 3014 3021 3036 3024 3034 3020 3044 3059 3078 3066 3065 3064 3062 3056 3074 3066 3058 3037 3050 3042 3031 3020 3031 3025 3023 3029 3021 3009 3025 3002 3018 2991 2993 2995 2988 3001 2999 3009 3001 2996 2987 2972
2990 2989 2994 2997 2985 2977 2973 2982 2968 2985 2976 2987 2994 2998 3006 3017 3019 3011 3010 3006 3016 3017 3017 3022 3041 3039 3029 3041 3066 3075 3065 3075 3071 3072 3067 3080 3073 3082 3061 3056 3051 3047 3039 3018 3023 3038 3028 3016 3020 3012 3022 3021 3020 3006 2990 2987 3003 3007 2992 3003 2990 3015 2988 2990
2991 2989 2988 2988 2988 2988 2976 2993 2973 2992 2996 2999 2999 3017 3001 3013 3016 3026 3013 3019 3019 3021 3025 3031 3046 3042 3043 3044 3049 3058 3060 3083 3071 3089 3089 3091 3081 3075 3081 3078 3072 3064 3037 3035 3027 3021 3023 3023 3017 3024 3019 3011 3003 2997 3006 3002 3005 3011 3012 2992 2999 2984 2991 2981
2994 3005 2997 2988 2998 2995 2992 2998 2997 2997 2994 3009 3001 3003 3020 3015 3015 3019 3017 3009 3012 3008 3022 3017 3030 3042 3048 3061 3075 3071 3079 3095 3083 3085 3085 3076 3092 3078 3079 3098 3068 3063 3054 3034 3031 3019 3020 3033 3030 3043 3029 3017 3010 2995 3006 2998 3009 3013 2989 2983 2994 3004 2999 2990
2994 3001 3007 2995 2990 2991 2979 2999 2998 3011 3013 3005 3011 3013 3006 2995 3024 3013 3011 3017 3023 2998 3026 3029 3032 3053 3075 3074 3080 3073 3094 3101 3090 3083 3076 3089 3087 3085 3074 3083 3085 3078 3058 3034 3032 3021 3021 3038 3033 3041 3027 3026 3023 3006 3007 3009 3002 3007 2992 2991 3005 3004 3003 2993
2995 2986 3000 2987 2982 2984 2995 2998 3004 3007 3010 3002 3010 3012 3014 3013 3020 3012 3016 3026 3017 3031 3028 3042 3058 3069 3072 3067 3087 3078 3088 3091 3083 3085 3072 3089 3098 3081 3084 3081 3081 3085 3066 3067 3038 3022 3021 3036 3038 3040 3021 3032 3020 3016 3018 3003 3010 3005 3005 3006 3008 3006 2998 2997
2989 2999 2991 2990 2984 2989 2986 2999 2995 3002 3004 3011 3015 3018 3026 3018 3031 3025 3030 3018 3025 3035 3049 3046 3067 3059 3074 3086 3074 3068 3088 3095 3095 3091 3097 3088 3095 3084 3092 3089 3087 3074 3082 3075 3045 3040 3034 3041 3047 3047 3035 3024 3026 3019 3021 3009 3012 3012 3013 2990 2999 3015 2997 2992
2994 2995 3003 2996 2998 2991 3008 3009 3021 3012 3014 3027 3014 3020 3007 3016 3019 3010 3016 3018 3023 3042 3052 3052 3073 3088 3095 3081 3088 3090 3095 3088 3092 3091 3082 3089 3080 3082 3088 3101 3089 3090 3076 3067 3047 3046 3045 3044 3042 3049 3045 3053 3051 3025 3015 3011 3006 3009 3014 2997 3005 2998 3001 2993
3008 3020 3016 3020 3011 3023 3016 3017 3013 3029 3018 3012 3024 3007 3023 3018 3008 3010 3009 3012 3041 3038 3054 3061 3077 3085 3085 3091 3086 3091 3081 3094 3087 3087 3086 3083 3072 3070 3093 3084 3095 3082 3070 3072 3059 3037 3051 3055 3055 3056 3050 3061 3041 3027 3030 3038 3024 3028 3000 2996 3008 3000 2998 3014
3009 3010 3017 3007 3016 3003 2999 3014 3013 3013 3015 3019 3008 3018 3014 3015 3018 3010 3020 3025 3034 3056 3067 3083 3083 3080 3088 3086 3095 3109 3093 3094 3085 3092 3087 3087 3072 3084 3085 3089 3101 3099 3065 3081 3051 3052 3059 3075 3069 3058 3066 3054 3041 3015 3016 3031 3020 3028 3016 2996 2997 3003 2988 3006
3015 3012 3002 2992 3011 3003 2998 3001 3019 3010 3009 3010 3026 3031 3038 3026 3020 3014 3020 3033 3064 3081 3073 3083 3087 3094 3090 3080 3097 3093 3088 3085 3095 3085 3091 3093 3090 3091 3093 3087 3090 3085 3090 3079 3069 3057 3070 3065 3071 3084 3066 3055 3047 3031 3031 3013 3006 3011 3011 3009 2994 3017 3004 3003
3009 3008 2987 2995 2991 3001 2998 2997 3001 3007 3028 3002 3032 3026 3031 3043 3026 3033 3047 3048 3075 3094 3079 3090 3092 3090 3089 3108 3098 3096 3082 3087 3090 3080 3095 3102 3091 3090 3091 3083 3085 3078 3083 3084 3071 3054 3075 3074 3075 3089 3063 3049 3049 3032 3027 3002 3011 3010 3001 2990 3002 3012 3001 3013
2977 2991 2996 3005 3001 2994 3005 3004 3018 3005 3004 3017 3022 3031 3032 3035 3025 3038 3047 3057 3071 3073 3077 3088 3101 3085 3089 3099 3101 3071 3094 3089 3090 3102 3096 3094 3097 3082 3084 3079 3082 3087 3089 3088 3083 3066 3080 3076 3082 3104 3070 3062 3047 3033 3022 3014 2999 2986 3001 2999 3004 3007 3019 3026
2969 3001 3002 2993 2986 2992 3004 3010 3006 3005 3010 3021 3021 3027 3029 3026 3041 3053 3051 3070 3080 3085 3094 3081 3081 3089 3091 3085 3080 3097 3087 3101 3101 3098 3095 3093 3089 3098 3092 3076 3085 3094 3081 3079 3080 3068 3079 3070 3079 3071 3074 3077 3047 3034 3010 3020 3007 3008 2999 3003 3013 3001 3018 3032
2985 2997 3000 3002 3000 2998 3010 2988 3001 2998 3004 3014 3044 3030 3034 3033 3045 3046 3057 3077 3080 3091 3092 3079 3076 3085 3085 3090 3084 3090 3084 3097 3108 3089 3094 3096 3088 3066 3083 3096 3095 3089 3076 3085 3084 3074 3073 3083 3085 3082 3072 3056 3048 3021 3010 3019 3002 3006 2993 3000 3005 3012 3012 3036
2994 2986 2998 2991 3006 2994 2995 2992 2994 2988 2993 3014 3020 3032 3034 3044 3062 3063 3071 3085 3081 3088 3089 3079 3077 3078 3083 3091 3089 3084 3088 3089 3092 3097 3084 3092 3090 3086 3091 3086 3093 3095 3085 3077 3078 3079 3080 3090 3087 3077 3065 3066 3041 3024 3004 3012 3002 3019 2995 3005 3008 2987 2999 3027
2981 2992 2998 3007 2988 2996 2983 2986 2988 3000 3002 3012 3031 3039 3043 3045 3064 3065 3089 3080 3082 3076 3088 3086 3076 3082 3076 3090 3089 3084 3085 3083 3086 3085 3080 3106 3076 3080 3085 3094 3086 3097 3087 3083 3080 3073 3082 3086 3081 3090 3070 3070 3028 3015 3003 2999 3005 3003 3021 2995 2996 2993 2995 3004
2989 2998 2992 2988 3000 2980 2974 2983 2985 2992 3001 3012 3016 3027 3038 3059 3067 3079 3083 3080 3097 3077 3078 3069 3077 3094 3085 3083 3079 3075 3079 3084 3091 3080 3099 3096 3097 3079 3086 3086 3085 3089 3074 3074 3091 3079 3075 3078 3084 3076 3083 3068 3027 3016 3019 3005 3011 3027 3017 3004 3016 2974 3003 3009
2994 2986 2993 2988 2988 3001 2994 2975 2994 2996 2995 3003 3014 3014 3049 3053 3061 3087 3091 3068 3082 3081 3073 3076 3068 3080 3087 3076 3067 3087 3084 3083 3092 3088 3072 3097 3097 3087 3085 3100 3079 3086 3083 3077 3089 3077 3084 3077 3088 3083 3081 3072 3035 3018 3015 3007 3002 3017 3003 3013 3011 3002 3011 3032
2989 2985 2979 2990 3002 2996 2991 2993 2992 2993 2995 2989 2997 3031 3057 3060 3060 3078 3075 3075 3085 3071 3068 3080 3083 3090 3066 3076 3077 3073 3088 3086 3087 3105 3102 3096 3091 3092 3090 3097 3099 3085 3080 3093 3077 3081 3087 3078 3074 3091 3073 3069 3048 3024 3007 3016 3004 3008 3021 3015 3004 3001 3012 3033
3006 3006 2987 3009 3017 3023 3003 3004 3009 3008 3001 3016 3026 3042 3049 3063 3067 3070 3056 3072 3075 3092 3101 3088 3103 3080 3095 3090 3083 3078 3090 3094 3083 3093 3101 3099 3095 3103 3088 3097 3087 3082 3102 3095 3083 3080 3090 3071 3097 3093 3082 3054 3039 3019 3002 3020 3030 3015 3042 3023 3009 3009 3010 3030
3014 3015 2997 3009 3015 3017 3004 3007 3002 3010 3005 3001 3008 3031 3062 3069 3056 3070 3061 3076 3089 3078 3081 3090 3077 3077 3088 3081 3075 3086 3089 3096 3089 3093 3093 3098 3098 3098 3095 3081 3084 3075 3088 3091 3089 3090 3083 3078 3076 3092 3063 3061 3034 3021 3010 3021 3017 3035 3020 3013 3016 2992 3010 3015
3011 3013 2988 3002 3000 3001 2979 2989 2995 2999 3017 3011 3030 3031 3040 3062 3060 3064 3078 3075 3075 3077 3099 3090 3091 3079 3074 3078 3072 3093 3078 3083 3092 3097 3092 3085 3097 3086 3081 3093 3088 3086 3082 3096 3085 3081 3085 3088 3070 3096 3084 3064 3045 3001 3000 3008 3012 2993 3005 3016 3015 3019 3006 3016
3005 3008 3005 3001 2993 2985 2968 2983 2979 2997 2991 3017 3019 3031 3038 3052 3060 3058 3058 3060 3080 3079 3080 3081 3078 3094 3085 3071 3094 3077 3088 3101 3092 3086 3089 3101 3086 3096 3103 3097 3095 3094 3087 3081 3083 3092 3088 3081 3086 3087 3079 3057 3037 3002 2995 2998 3001 3002 3010 3010 3007 3000 3003 3007
3010 3007 3001 2990 2981 2999 2999 2998 2981 2994 3003 2998 3021 3024 3048 3047 3060 3072 3074 3060 3072 3078 3077 3083 3082 3080 3078 3085 3090 3086 3096 3086 3095 3088 3091 3106 3099 3104 3092 3087 3089 3086 3084 3081 3086 3073 3089 3089 3083 3080 3072 3039 3028 3003 3010 2998 3002 2991 3001 2983 3008 3000 2995 3000
2996 2990 2999 2998 2985 2990 2990 2992 2991 2991 2995 2997 3005 3018 3058 3060 3073 3070 3060 3082 3071 3066 3073 3082 3089 3077 3094 3083 3093 3093 3100 3103 3095 3092 3093 3088 3105 3108 3095 3100 3095 3091 3074 3079 3069 3074 3080 3088 3077 3077 3057 3045 3012 3002 3009 3003 2987 2995 3007 2988 3001 2999 2995 2991
2996 3000 2994 2986 3003 3013 3005 3013 3002 3007 2998 2992 3007 3009 3052 3054 3063 3077 3060 3079 3067 3076 3068 3076 3068 3085 3095 3082 3081 3096 3088 3095 3074 3092 3087 3088 3073 3078 3095 3093 3088 3098 3087 3090 3082 3063 3092 3087 3087 3072 3064 3036 3020 3007 2996 3001 3013 3004 3007 2997 3000 3005 3002 3012
2992 2992 2991 2996 2996 2996 3000 2993 2994 2986 2986 3005 2999 3012 3041 3062 3068 3072 3071 3070 3068 3058 3071 3077 3083 3089 3092 3094 3087 3090 3071 3083 3097 3092 3093 3094 3089 3085 3098 3095 3082 3080 3088 3088 3072 3076 3081 3085 3072 3078 3064 3050 3014 3006 3000 2998 3009 3006 3001 2991 2994 2999 3010 3014
3004 2988 3007 2987 2997 2990 2992 2985 2988 2995 2998 2995 2999 3020 3033 3036 3056 3078 3061 3077 3065 3072 3090 3082 3072 3078 3082 3086 3082 3074 3091 3090 3092 3091 3085 3083 3089 3081 3081 3099 3090 3081 3087 3101 3095 3078 3081 3075 3084 3075 3043 3027 3024 3004 3001 3009 3002 2995 2996 2980 2990 2994 3002 3011
2999 2992 3005 2997 3000 3001 3001 2989 2985 3002 2996 2995 3007 3012 3023 3030 3065 3065 3072 3080 3082 3073 3072 3087 3063 3081 3072 3093 3080 3092 3095 3069 3079 3083 3087 3093 3074 3089 3096 3092 3087 3081 3088 3096 3097 3093 3066 3070 3075 3070 3050 3039 3025 3001 2992 2996 2989 2998 2992 2995 3000 2994 2999 3008
3000 2979 2990 2987 2999 3002 2995 2985 2990 2994 2983 2989 2997 2998 3011 3026 3040 3050 3062 3067 3084 3080 3079 3070 3086 3087 3079 3077 3101 3083 3088 3087 3091 3091 3092 3087 3100 3078 3085 3099 3080 3076 3084 3090 3081 3087 3083 3076 3084 3072 3048 3029 3013 3006 2995 2985 2983 3001 3003 3005 2984 2994 2997 3007
2997 2983 2983 2986 2993 2994 3002 3005 3009 3003 2987 2991 2986 3009 3004 3011 3025 3057 3074 3075 3074 3068 3072 3066 3080 3083 3079 3074 3087 3084 3090 3094 3092 3095 3095 3106 3090 3097 3084 3096 3084 3088 3084 3092 3089 3092 3077 3074 3072 3074 3046 3024 3028 3010 2989 2985 2995 3000 2989 2992 2996 3009 3002 3015
2984 2983 2977 2992 2996 3003 3007 3000 2996 2995 2986 2990 2993 2984 2992 3014 3015 3033 3057 3071 3059 3081 3059 3059 3074 3085 3079 3084 3099 3088 3106 3085 3092 3091 3108 3096 3084 3085 3090 3096 3085 3092 3088 3082 3083 3086 3075 3068 3078 3060 3027 3030 3025 3007 3004 3006 2996 3011 3007 2993 2999 3017 2996 3004
2988 2978 2974 2997 2999 3001 2992 2988 2993 2997 2995 2992 2996 3003 2983 3009 3001 3033 3045 3061 3061 3061 3063 3062 3075 3072 3087 3095 3095 3095 3093 3096 3098 3100 3108 3102 3091 3085 3083 3092 3089 3101 3083 3083 3092 3091 3065 3059 3070 3062 3037 3019 3013 3003 3009 2994 3007 3013 3002 3011 2993 3001 2997 3000
2976 2986 2979 2973 2987 2984 2986 2989 2989 3003 2994 2988 3003 2994 2990 2998 3002 3018 3042 3060 3059 3060 3074 3074 3074 3070 3085 3094 3097 3103 3087 3105 3080 3083 3102 3083 3079 3100 3089 3077 3093 3084 3095 3094 3093 3093 3096 3078 3067 3056 3041 3018 3007 3019 3002 2997 3004 3006 3000 2991 2996 2994 2994 2998
2984 2985 3005 2993 2987 2999 2994 2984 3005 2987 2979 2991 2991 2998 3000 2995 2994 3018 3048 3052 3070 3066 3069 3087 3066 3075 3082 3087 3086 3086 3090 3092 3093 3090 3097 3087 3081 3100 3096 3087 3086 3076 3094 3094 3096 3088 3085 3077 3059 3060 3036 3025 3010 3004 2988 2994 2998 3007 2991 2997 2992 2985 2992 3003
2974 2969 3000 3003 2997 2997 2986 3000 2989 2987 2981 2998 2997 2990 2987 2997 3030 3011 3033 3042 3056 3064 3073 3085 3068 3069 3085 3085 3092 3079 3079 3097 3086 3084 3090 3090 3091 3090 3090 3087 3107 3088 3096 3081 3097 3090 3079 3077 3051 3045 3029 3030 3008 3006 3005 3007 2993 2997 3002 2997 3001 3000 2997 2994
2973 2998 2989 2988 2985 2996 2997 2994 2983 2997 2997 2987 2985 2993 2976 2995 3005 3010 3012 3028 3066 3067 3084 3073 3073 3078 3080 3083 3090 3086 3086 3085 3077 3081 3083 3088 3092 3085 3075 3079 3087 3075 3090 3089 3077 3094 3079 3069 3049 3033 3032 3019 3010 2999 3009 3005 2990 2992 2992 3003 2994 3008 2996 2978
2976 2988 2988 2987 2998 2992 2990 2983 2980 2999 2998 2971 2983 2986 2974 3001 3004 3001 3000 3033 3052 3067 3087 3084 3086 3081 3077 3090 3077 3082 3079 3082 3083 3085 3095 3077 3079 3078 3079 3093 3085 3097 3105 3090 3089 3092 3073 3055 3025 3028 3027 2993 3011 3014 3012 2999 3003 2993 3003 3012 3010 3019 3000 2998
3000 2997 2975 2974 2997 2983 2990 2978 2984 2977 2990 2994 2994 2986 2981 2994 2993 2991 2999 3018 3059 3073 3069 3059 3080 3079 3082 3069 3097 3080 3084 3068 3083 3090 3078 3071 3073 3088 3075 3073 3086 3089 3098 3082 3086 3078 3039 3027 3026 3014 2997 3001 3009 3002 3020 3010 3021 2994 3014 3012 3011 3018 3015 3006
2981 2975 2964 2969 2987 2990 2986 2974 2989 2992 2989 2988 2975 2991 2978 2991 2989 2989 2995 3023 3053 3068 3059 3078 3064 3077 3072 3071 3087 3079 3087 3091 3081 3086 3088 3099 3086 3087 3102 3094 3088 3092 3081 3090 3074 3069 3032 3016 3019 3015 3015 3006 3011 2997 3003 2998 3010 3003 3000 3008 3020 3023 3008 3012
2980 2974 2977 2980 2979 2990 2976 2983 2978 2983 3005 2970 2970 2971 2984 3005 2983 2987 2988 3015 3043 3054 3057 3072 3072 3090 3079 3080 3087 3088 3077 3082 3091 3072 3097 3096 3090 3087 3093 3090 3090 3077 3086 3079 3077 3056 3030 3005 3010 3015 3005 2999 3010 3001 2993 3000 3006 3006 3017 3035 3023 3012 3024 3021
2980 2988 2982 2987 2993 2991 2981 2992 2992 2986 2986 2979 2976 2976 2989 2989 2997 2995 3010 3029 3044 3063 3063 3074 3096 3084 3085 3090 3079 3100 3092 3087 3097 3087 3092 3097 3085 3075 3089 3087 3086 3070 3080 3085 3066 3058 3026 3023 3014 3022 3017 3012 3022 3013 3013 2999 3008 3013 3035 3041 3029 3024 3031 3006
2996 2990 2984 2990 2993 2993 2985 2983 2992 2996 2995 2982 2989 2974 2989 3005 3012 3022 3014 3030 3060 3070 3073 3073 3081 3083 3091 3091 3091 3092 3084 3085 3114 3105 3090 3093 3101 3098 3091 3098 3083 3084 3081 3088 3061 3052 3038 3021 3024 3022 3017 3017 3006 3014 3003 3002 3008 3006 3013 3034 3031 3018 3017 3037
2981 2989 2987 2997 2997 2991 2990 2980 2989 2997 2996 2999 2999 2990 2980 3001 3008 3013 3012 3019 3057 3058 3073 3087 3087 3074 3090 3089 3116 3091 3086 3088 3092 3090 3082 3085 3085 3072 3082 3106 3092 3083 3094 3073 3048 3037 3035 3022 3019 3019 3005 2997 3006 3015 3008 2989 3007 2998 3026 3024 3030 3022 3034 3035
2995 2990 2983 2997 2984 2999 2991 3006 3017 3004 3001 2988 3002 2993 2996 3003 3008 3017 3018 3037 3055 3060 3080 3091 3070 3073 3091 3101 3101 3096 3080 3088 3069 3083 3091 3091 3083 3103 3092 3093 3086 3081 3072 3067 3061 3041 3033 3030 3019 3018 3007 3003 3007 3013 3011 3000 3006 2998 3011 3024 3028 3016 3045 3034
2988 2997 2996 2997 3002 3004 2987 2994 2989 2993 2986 3006 3012 3003 3004 3016 3019 3018 3019 3023 3064 3084 3083 3081 3070 3092 3093 3096 3092 3096 3100 3087 3077 3083 3083 3092 3090 3081 3092 3091 3080 3091 3071 3078 3057 3046 3035 3038 3024 3019 3013 3010 3001 3023 3016 2999 3007 3013 3032 3023 3031 3047 3025 3044
2990 2997 2996 2990 2996 2998 2994 2992 2992 3003 2987 3000 3026 3026 2999 3014 3011 3008 3030 3046 3067 3081 3083 3091 3088 3103 3079 3085 3085 3102 3099 3100 3104 3092 3087 3107 3086 3080 3091 3087 3080 3080 3079 3086 3064 3054 3050 3041 3049 3030 3016 3014 3008 3023 3022 3031 3013 3024 3029 3033 3033 3033 3028 3038
2996 2987 3009 2995 2998 2987 2996 2992 2994 3005 2997 3002 3024 3023 3026 3020 3021 3041 3050 3061 3081 3087 3087 3090 3101 3093 3093 3085 3086 3086 3107 3089 3080 3082 3093 3100 3098 3094 3077 3080 3085 3099 3088 3093 3061 3052 3053 3051 3038 3028 3044 3018 3024 3034 3031 3020 3029 3006 3029 3027 3044 3048 3034 3034
2998 2999 2988 2996 2985 2999 2988 2991 2986 2994 3012 3024 3024 3030 3040 3030 3053 3056 3067 3073 3093 3082 3084 3091 3111 3100 3095 3086 3096 3091 3103 3097 3095 3082 3094 3104 3081 3087 3084 3091 3093 3094 3084 3091 3082 3060 3071 3066 3049 3042 3045 3039 3034 3035 3039 3038 3036 3020 3027 3024 3033 3046 3045 3028
