3069 3084 3097 3075 3077 3071 3068 3073 3083 3078 3067 3071 3073 3082 3074 3065 3070 3062 3055 3054 3062 3054 3056 3040 3055 3042 3059 3053 3044 3054 3043 3049 3051 3043 3027 3039 3044 3039 3036 3052 3031 3046 3028 3046 3041 3043 3048 3044 3056 3059 3051 3058 3031 3062 3054 3038 3049 3042 3046 3044 3033 3037 3019 3037
3071 3072 3071 3078 3070 3076 3068 3080 3066 3072 3070 3071 3067 3062 3055 3055 3067 3059 3048 3048 3056 3046 3057 3048 3052 3042 3044 3046 3045 3036 3033 3044 3041 3047 3045 3029 3041 3052 3048 3045 3035 3028 3045 3041 3044 3055 3053 3067 3050 3034 3049 3050 3058 3042 3042 3033 3024 3042 3037 3043 3033 3034 3021 3028
3076 3063 3073 3069 3060 3054 3074 3061 3069 3065 3066 3070 3057 3066 3060 3058 3052 3054 3049 3059 3050 3059 3045 3042 3052 3032 3039 3031 3032 3034 3019 3030 3025 3038 3028 3022 3020 3032 3037 3045 3058 3047 3046 3046 3047 3063 3056 3047 3040 3036 3046 3049 3036 3034 3041 3045 3035 3035 3045 3048 3036 3030 3033 3030
3060 3069 3063 3068 3063 3070 3071 3075 3072 3064 3062 3055 3055 3054 3042 3042 3049 3031 3037 3048 3033 3045 3044 3047 3045 3057 3041 3042 3024 3040 3026 3036 3040 3031 3048 3031 3045 3039 3040 3044 3042 3044 3047 3060 3055 3064 3056 3060 3053 3040 3039 3054 3043 3057 3042 3040 3038 3048 3034 3044 3047 3026 3036 3017
3049 3061 3078 3068 3075 3073 3064 3062 3054 3054 3076 3046 3045 3049 3058 3044 3042 3040 3023 3030 3035 3049 3055 3059 3047 3046 3036 3040 3037 3040 3037 3032 3041 3027 3042 3047 3042 3057 3039 3045 3049 3051 3049 3033 3042 3053 3062 3064 3038 3039 3044 3058 3048 3049 3037 3030 3045 3042 3037 3035 3035 3033 3037 3024
3042 3048 3071 3071 3057 3068 3059 3053 3051 3064 3071 3058 3043 3039 3059 3047 3035 3044 3040 3021 3054 3042 3058 3051 3052 3053 3050 3044 3032 3030 3030 3028 3028 3037 3047 3046 3048 3050 3044 3044 3045 3048 3051 3031 3043 3056 3068 3076 3058 3063 3055 3044 3061 3063 3056 3042 3029 3043 3037 3037 3037 3041 3019 3035
3052 3057 3051 3049 3067 3053 3056 3058 3051 3072 3059 3057 3041 3046 3062 3057 3032 3037 3040 3041 3038 3046 3061 3060 3052 3054 3037 3041 3027 3027 3018 3035 3051 3044 3038 3035 3045 3037 3058 3049 3057 3050 3037 3046 3047 3055 3056 3067 3058 3049 3065 3069 3062 3071 3053 3056 3030 3031 3032 3029 3038 3028 3016 3039
3012 3023 3021 3019 3021 3033 3026 3018 3023 3025 3036 3035 3027 3042 3030 3032 3020 3034 3022 3012 3025 3041 3042 3054 3051 3045 3047 3023 3028 3023 3014 3025 3051 3030 3026 3022 3026 3036 3040 3026 3037 3045 3034 3037 3039 3054 3063 3067 3055 3068 3059 3063 3053 3057 3053 3037 3047 3036 3051 3041 3045 3031 3028 3022
2983 2988 2986 2993 3006 2999 3008 2993 2983 2992 2999 3005 3008 3029 3031 3017 3010 3010 3003 3002 3001 3010 3031 3050 3042 3048 3042 3037 3025 3022 3027 3036 3035 3030 3018 3028 3019 3025 3043 3025 3035 3024 3031 3037 3048 3049 3056 3064 3061 3063 3058 3058 3060 3049 3037 3041 3049 3053 3049 3037 3037 3040 3033 3015
2985 2995 2989 2994 2982 3009 2995 2993 2985 3011 3015 3018 3016 3020 3011 3026 3035 3016 3013 3005 3013 3019 3039 3041 3043 3040 3029 3032 3014 3033 3021 3040 3032 3039 3033 3035 3035 3047 3046 3025 3031 3029 3042 3033 3063 3068 3067 3084 3071 3062 3069 3058 3061 3072 3066 3049 3063 3053 3042 3045 3039 3036 3042 3031
2992 3000 2975 2986 2990 2992 3002 3002 3007 3016 3029 3032 3034 3026 3017 3034 3024 3032 3020 3028 3039 3027 3047 3043 3041 3038 3032 3028 3020 3018 3009 3023 3031 3040 3062 3055 3061 3042 3042 3044 3042 3043 3033 3045 3060 3090 3077 3089 3074 3080 3078 3060 3069 3085 3075 3064 3052 3037 3045 3046 3044 3051 3037 3037
2997 2993 2991 2989 3000 2996 3008 2992 3004 3012 3016 3038 3034 3018 3025 3027 3028 3018 3033 3046 3041 3037 3051 3045 3049 3031 3038 3027 3022 3023 3020 3022 3029 3041 3043 3051 3041 3047 3044 3024 3036 3039 3050 3056 3065 3084 3085 3086 3093 3088 3089 3082 3096 3115 3092 3093 3068 3064 3057 3053 3036 3041 3053 3041
2980 2992 2998 2997 3014 2998 2997 3006 2998 3009 3027 3020 3040 3029 3030 3019 3030 3016 3032 3012 3029 3044 3053 3045 3056 3034 3037 3026 3029 3030 3022 3028 3041 3042 3048 3052 3049 3044 3049 3049 3035 3035 3055 3054 3083 3086 3088 3091 3084 3093 3086 3096 3092 3101 3090 3097 3091 3078 3070 3063 3037 3041 3027 3033
2980 2989 3004 3011 3008 3013 3000 2995 2996 3008 3028 3033 3024 3032 3024 3020 3030 3026 3015 3012 3016 3042 3049 3045 3039 3042 3026 3033 3031 3033 3029 3031 3038 3036 3041 3038 3042 3041 3037 3059 3053 3038 3057 3057 3072 3088 3080 3088 3093 3077 3086 3101 3101 3096 3094 3102 3103 3088 3070 3062 3059 3045 3046 3031
2983 2989 2987 2991 2988 3000 2997 2998 2994 2997 3015 3013 3033 3029 3025 3035 3037 3030 3018 3026 3031 3027 3045 3038 3034 3028 3028 3036 3039 3038 3037 3048 3049 3051 3043 3044 3040 3055 3039 3058 3057 3052 3054 3075 3070 3086 3094 3089 3095 3089 3105 3112 3098 3092 3099 3088 3091 3080 3069 3058 3051 3047 3037 3023
2993 2989 3013 2995 3003 3010 3017 3020 2995 2998 3014 3024 3037 3042 3035 3023 3037 3035 3034 3026 3040 3043 3046 3054 3041 3038 3026 3034 3019 3024 3047 3053 3058 3042 3031 3030 3050 3044 3047 3046 3061 3061 3070 3074 3088 3073 3091 3095 3088 3092 3101 3105 3092 3098 3101 3093 3087 3075 3069 3060 3061 3048 3031 3041
3003 3014 3004 3004 3009 3020 3005 2998 3011 3016 3021 3038 3047 3039 3031 3033 3030 3014 3025 3018 3033 3047 3041 3047 3047 3041 3034 3041 3031 3031 3039 3049 3048 3044 3044 3054 3050 3052 3046 3056 3065 3076 3076 3078 3084 3079 3093 3088 3094 3094 3095 3100 3111 3109 3080 3091 3095 3085 3084 3070 3067 3046 3031 3032
3041 3028 3015 3026 3030 3013 3019 2993 3019 2999 3010 3031 3038 3055 3036 3031 3025 3025 3011 3013 3033 3037 3042 3047 3038 3043 3041 3030 3024 3022 3040 3033 3038 3047 3049 3055 3065 3058 3066 3068 3073 3076 3077 3088 3072 3082 3085 3085 3086 3110 3105 3092 3103 3099 3103 3098 3105 3076 3079 3066 3061 3052 3048 3038
3038 3032 3020 3025 3023 3022 3014 3003 2992 3017 3024 3024 3033 3041 3039 3026 3034 3029 3017 3029 3043 3030 3036 3040 3043 3037 3045 3025 3031 3015 3031 3048 3033 3049 3051 3060 3060 3075 3074 3080 3087 3088 3083 3075 3086 3084 3080 3094 3088 3096 3102 3112 3105 3100 3097 3103 3095 3099 3099 3077 3064 3051 3059 3051
3020 3036 3027 3035 3026 3022 3005 3009 3018 3020 3030 3025 3028 3047 3029 3041 3029 3028 3024 3026 3051 3056 3043 3047 3044 3042 3045 3031 3020 3023 3044 3031 3049 3054 3066 3060 3065 3080 3089 3096 3099 3099 3095 3071 3086 3082 3093 3079 3088 3099 3111 3108 3105 3105 3099 3106 3093 3097 3097 3077 3057 3054 3045 3036
3035 3013 3036 3024 3040 3033 3009 2999 3020 3018 3022 3041 3034 3017 3043 3054 3031 3020 3012 3026 3043 3047 3035 3041 3054 3032 3042 3032 3028 3012 3031 3048 3046 3058 3054 3057 3053 3082 3088 3100 3103 3100 3101 3096 3079 3080 3099 3095 3099 3097 3096 3111 3103 3114 3114 3120 3107 3092 3075 3075 3068 3049 3039 3037
3027 3013 3029 3028 3040 3015 3004 3006 3008 3002 3010 3023 3034 3038 3042 3053 3049 3021 3026 3035 3039 3035 3043 3044 3051 3025 3025 3030 3024 3022 3048 3049 3052 3052 3046 3061 3064 3068 3083 3097 3102 3100 3102 3092 3077 3086 3093 3100 3095 3100 3113 3102 3102 3096 3105 3109 3106 3091 3091 3076 3068 3051 3045 3038
3016 3014 3045 3033 3035 3020 3004 3007 3014 3006 3014 3014 3029 3028 3040 3045 3043 3035 3037 3039 3044 3049 3038 3042 3042 3039 3030 3023 3014 3032 3038 3052 3037 3046 3053 3067 3075 3084 3102 3090 3095 3094 3097 3075 3078 3081 3092 3100 3108 3098 3103 3109 3099 3089 3096 3097 3102 3085 3088 3092 3073 3063 3052 3041
3032 3026 3040 3029 3037 3018 3015 3007 2994 3008 3015 3047 3025 3039 3022 3029 3045 3042 3037 3041 3038 3041 3047 3042 3043 3040 3019 3025 3034 3035 3038 3047 3044 3045 3058 3059 3055 3076 3091 3095 3084 3085 3094 3099 3090 3096 3097 3103 3089 3107 3098 3099 3098 3093 3083 3103 3091 3091 3092 3095 3079 3055 3042 3026
3030 3022 3046 3038 3041 3023 3023 3009 3005 3014 3036 3025 3030 3044 3038 3052 3051 3044 3025 3036 3043 3058 3045 3042 3046 3037 3021 3036 3037 3028 3045 3040 3048 3057 3068 3069 3073 3071 3093 3094 3076 3084 3081 3098 3090 3089 3090 3086 3098 3104 3103 3088 3092 3093 3103 3105 3112 3103 3079 3084 3059 3054 3058 3029
3032 3031 3044 3048 3051 3028 3019 3013 3010 3022 3012 3031 3039 3031 3034 3045 3046 3052 3042 3046 3051 3055 3047 3057 3054 3043 3031 3021 3041 3033 3042 3058 3054 3051 3066 3074 3069 3070 3088 3091 3075 3086 3094 3104 3088 3094 3091 3097 3083 3092 3098 3098 3084 3100 3090 3099 3085 3101 3100 3079 3070 3049 3037 3043
3014 3035 3028 3039 3042 3031 3003 3021 3010 3005 3007 3024 3029 3041 3043 3035 3044 3048 3035 3067 3065 3065 3047 3056 3055 3041 3040 3037 3042 3044 3059 3050 3055 3062 3059 3076 3084 3077 3089 3102 3085 3099 3093 3104 3105 3106 3100 3106 3101 3097 3091 3101 3088 3100 3094 3094 3087 3108 3084 3095 3076 3066 3035 3034
3013 3027 3033 3030 3040 3030 3033 3012 3029 3018 3015 3016 3047 3033 3037 3054 3048 3041 3038 3047 3062 3042 3054 3038 3049 3042 3034 3025 3031 3030 3044 3063 3048 3069 3052 3064 3070 3076 3096 3090 3088 3095 3093 3107 3096 3101 3095 3101 3098 3105 3098 3077 3086 3093 3085 3079 3096 3100 3090 3085 3062 3038 3037 3033
3017 3028 3034 3029 3033 3030 3031 3023 3016 3020 3016 3025 3031 3027 3040 3047 3055 3050 3028 3054 3076 3065 3065 3041 3043 3042 3035 3037 3052 3059 3053 3052 3063 3073 3062 3056 3083 3081 3099 3092 3074 3081 3088 3089 3094 3097 3104 3108 3101 3101 3102 3100 3093 3087 3082 3087 3099 3085 3087 3086 3058 3060 3045 3039
3017 3025 3033 3044 3028 3026 3042 3025 3015 3039 3026 3036 3025 3045 3047 3050 3053 3061 3050 3045 3081 3057 3048 3042 3042 3044 3039 3039 3049 3057 3057 3052 3052 3060 3060 3059 3069 3094 3093 3090 3096 3089 3085 3099 3091 3091 3094 3109 3097 3087 3092 3096 3096 3092 3088 3103 3091 3099 3083 3079 3057 3049 3039 3036
3034 3021 3019 3034 3028 3040 3043 3030 3023 3027 3031 3017 3038 3041 3046 3047 3059 3060 3061 3050 3052 3060 3068 3044 3040 3029 3033 3040 3062 3049 3058 3056 3035 3040 3053 3069 3092 3092 3094 3097 3093 3099 3094 3085 3110 3100 3105 3099 3089 3080 3080 3090 3089 3072 3077 3086 3085 3072 3081 3070 3071 3044 3039 3031
3043 3018 3013 3029 3030 3040 3043 3039 3037 3023 3036 3032 3038 3041 3048 3049 3039 3052 3047 3056 3047 3047 3057 3065 3048 3055 3051 3036 3058 3066 3052 3054 3046 3043 3057 3081 3063 3085 3102 3088 3088 3089 3094 3096 3096 3093 3098 3091 3090 3075 3079 3085 3065 3079 3095 3090 3091 3098 3073 3059 3050 3048 3039 3037
3014 3022 3023 3030 3034 3038 3020 3038 3038 3030 3027 3035 3048 3050 3048 3046 3068 3052 3045 3050 3042 3047 3054 3055 3048 3048 3050 3046 3053 3054 3045 3053 3044 3056 3061 3066 3073 3091 3084 3082 3090 3090 3086 3091 3098 3098 3109 3096 3101 3086 3093 3080 3080 3076 3097 3098 3091 3096 3098 3060 3041 3042 3033 3020
3020 3037 3023 3017 3029 3039 3035 3033 3035 3029 3031 3038 3029 3052 3061 3041 3047 3043 3057 3046 3052 3051 3061 3055 3063 3052 3039 3049 3051 3053 3048 3049 3038 3043 3060 3074 3071 3072 3077 3087 3077 3071 3082 3089 3089 3098 3090 3100 3081 3089 3094 3095 3088 3087 3088 3098 3093 3109 3073 3053 3036 3033 3037 3035
3015 3028 3030 3030 3030 3034 3030 3037 3030 3031 3030 3031 3040 3047 3034 3046 3037 3041 3055 3065 3049 3051 3064 3062 3053 3048 3050 3048 3061 3043 3051 3044 3047 3055 3079 3078 3071 3084 3083 3093 3073 3073 3069 3078 3077 3077 3072 3080 3082 3085 3086 3089 3086 3089 3092 3102 3094 3075 3064 3053 3044 3037 3034 3041
3012 3019 3023 3023 3008 3042 3032 3041 3025 3040 3013 3025 3045 3048 3049 3035 3049 3042 3063 3049 3053 3044 3077 3063 3044 3048 3063 3061 3058 3054 3051 3056 3062 3070 3059 3069 3062 3097 3096 3090 3099 3081 3072 3084 3083 3094 3082 3073 3074 3070 3082 3102 3090 3084 3086 3098 3093 3065 3066 3049 3056 3045 3029 3030
3013 3023 3021 3022 3011 3033 3034 3030 3024 3032 3035 3048 3055 3053 3049 3045 3061 3045 3058 3049 3055 3048 3049 3046 3048 3049 3064 3044 3052 3058 3056 3043 3050 3040 3059 3071 3079 3086 3094 3078 3087 3081 3080 3075 3071 3079 3068 3073 3085 3071 3093 3089 3101 3100 3089 3095 3086 3090 3062 3058 3040 3035 3016 3020
3015 3021 2999 3018 3015 3018 3032 3037 3034 3029 3042 3039 3042 3047 3052 3047 3062 3047 3034 3056 3057 3049 3041 3043 3036 3049 3051 3050 3044 3058 3062 3055 3054 3052 3048 3060 3075 3089 3093 3087 3091 3099 3089 3072 3068 3073 3074 3067 3075 3089 3088 3089 3100 3086 3083 3074 3076 3056 3061 3047 3047 3025 3019 3020
3001 3018 3003 3024 3026 3031 3027 3039 3039 3045 3039 3038 3056 3056 3059 3052 3045 3051 3047 3056 3065 3070 3052 3049 3058 3054 3047 3043 3054 3054 3057 3051 3036 3049 3055 3064 3080 3088 3088 3087 3083 3087 3074 3061 3060 3076 3068 3071 3080 3089 3086 3075 3094 3088 3090 3088 3068 3069 3060 3051 3036 3025 3030 3022
3017 3015 3011 3020 3028 3032 3026 3048 3048 3028 3032 3031 3041 3051 3055 3062 3041 3051 3060 3070 3060 3069 3062 3066 3046 3052 3064 3051 3052 3055 3063 3058 3049 3040 3055 3077 3075 3077 3093 3092 3082 3075 3068 3075 3059 3065 3052 3063 3089 3091 3085 3081 3083 3084 3086 3069 3069 3039 3042 3030 3029 3029 3022 3034
3001 3007 3021 3015 3026 3032 3028 3035 3031 3027 3054 3049 3038 3051 3038 3048 3056 3046 3058 3057 3065 3062 3057 3044 3059 3066 3055 3048 3063 3056 3054 3063 3055 3047 3056 3071 3087 3095 3079 3093 3079 3069 3064 3052 3059 3081 3076 3073 3071 3091 3090 3081 3086 3082 3067 3060 3050 3037 3041 3034 3034 3010 3007 3016
3010 3039 3035 3021 3006 3016 3026 3045 3048 3036 3039 3048 3035 3039 3050 3047 3061 3066 3061 3059 3056 3043 3053 3058 3065 3063 3067 3061 3059 3061 3069 3058 3044 3046 3072 3069 3099 3091 3089 3066 3068 3075 3068 3057 3055 3069 3058 3080 3082 3084 3084 3091 3075 3085 3057 3067 3041 3044 3036 3042 3036 3019 3016 3016
3022 3023 3025 3022 3016 3022 3046 3032 3033 3030 3044 3046 3039 3034 3040 3045 3046 3051 3060 3067 3058 3060 3049 3067 3061 3067 3062 3057 3064 3075 3070 3067 3051 3066 3079 3082 3088 3089 3069 3077 3076 3068 3072 3055 3063 3066 3073 3077 3089 3083 3088 3081 3086 3068 3046 3046 3049 3035 3051 3022 3021 3031 3025 3020
3017 3009 3024 3014 3002 3028 3040 3040 3027 3041 3048 3052 3035 3050 3050 3051 3045 3052 3067 3070 3059 3060 3073 3055 3064 3067 3056 3071 3065 3067 3076 3058 3066 3062 3076 3061 3083 3095 3066 3072 3076 3072 3067 3066 3069 3071 3076 3083 3086 3090 3096 3087 3066 3062 3046 3043 3044 3041 3035 3029 3041 3026 3020 3031
3022 3011 3018 3010 3009 3017 3027 3033 3035 3030 3050 3053 3034 3054 3049 3059 3066 3060 3059 3064 3058 3076 3053 3070 3055 3058 3057 3063 3064 3054 3060 3059 3064 3063 3074 3075 3080 3082 3074 3063 3079 3061 3067 3059 3070 3080 3081 3074 3093 3082 3087 3081 3067 3063 3053 3037 3028 3036 3042 3032 3026 3029 3029 3027
3014 3017 3015 3019 3028 3037 3045 3027 3031 3039 3058 3047 3050 3057 3063 3060 3073 3065 3063 3051 3071 3076 3070 3059 3059 3071 3074 3064 3057 3063 3065 3064 3063 3090 3079 3064 3079 3075 3084 3067 3065 3056 3060 3060 3072 3085 3088 3081 3085 3081 3083 3080 3068 3066 3054 3063 3056 3026 3044 3036 3032 3039 3023 3036
3015 3025 3024 3023 3023 3031 3031 3028 3030 3045 3037 3052 3035 3063 3045 3046 3060 3064 3051 3063 3069 3070 3046 3066 3048 3064 3077 3070 3066 3071 3063 3067 3072 3071 3083 3070 3076 3070 3067 3057 3067 3046 3064 3071 3080 3093 3089 3081 3083 3079 3094 3087 3073 3055 3070 3064 3051 3055 3045 3043 3051 3039 3043 3050
3019 3016 3021 3011 3022 3038 3032 3023 3025 3035 3049 3044 3052 3053 3050 3056 3066 3064 3072 3067 3069 3071 3062 3066 3066 3074 3071 3065 3058 3079 3077 3067 3077 3079 3087 3067 3081 3076 3052 3065 3054 3068 3073 3073 3093 3091 3091 3080 3094 3093 3082 3095 3064 3071 3067 3071 3070 3068 3071 3058 3049 3057 3059 3051
3013 3005 3012 3011 3019 3027 3031 3028 3042 3042 3047 3053 3030 3050 3063 3068 3072 3076 3055 3065 3072 3079 3070 3054 3065 3065 3074 3063 3062 3059 3057 3081 3076 3067 3069 3070 3068 3070 3080 3059 3068 3061 3086 3083 3099 3086 3098 3092 3087 3107 3091 3089 3084 3080 3071 3078 3068 3071 3073 3058 3066 3074 3065 3064
3013 3007 2994 3015 3016 3026 3033 3039 3039 3038 3056 3056 3043 3055 3065 3064 3053 3055 3072 3071 3088 3076 3063 3071 3064 3062 3073 3081 3048 3061 3081 3064 3071 3068 3062 3078 3066 3073 3061 3068 3075 3076 3088 3096 3094 3098 3089 3090 3100 3111 3101 3092 3077 3076 3066 3069 3079 3078 3076 3066 3084 3079 3065 3064
3004 3011 3000 3014 3019 3026 3030 3044 3047 3046 3051 3039 3053 3058 3059 3067 3058 3070 3073 3065 3071 3065 3073 3067 3062 3054 3068 3069 3067 3056 3057 3068 3060 3054 3054 3079 3064 3062 3069 3069 3086 3079 3076 3098 3083 3078 3092 3105 3081 3098 3094 3091 3086 3071 3091 3072 3069 3063 3077 3077 3070 3087 3078 3069
3009 2995 3009 3022 3017 3033 3034 3040 3046 3042 3043 3037 3039 3055 3056 3059 3070 3064 3063 3067 3082 3068 3069 3056 3069 3046 3062 3076 3070 3065 3054 3071 3075 3071 3060 3059 3074 3066 3063 3075 3068 3088 3078 3084 3090 3096 3090 3086 3090 3098 3089 3093 3081 3080 3083 3067 3080 3074 3077 3083 3071 3075 3074 3067
3010 3010 3005 3006 3015 3026 3032 3041 3045 3056 3051 3048 3039 3035 3057 3067 3059 3055 3058 3071 3067 3072 3077 3066 3070 3045 3057 3055 3067 3063 3059 3071 3073 3075 3071 3061 3069 3068 3071 3066 3057 3068 3068 3078 3078 3086 3081 3075 3069 3077 3079 3088 3076 3077 3079 3071 3065 3072 3078 3081 3079 3089 3064 3076
3017 3013 3002 3016 3024 3029 3020 3037 3062 3058 3059 3049 3039 3042 3045 3050 3061 3062 3065 3070 3083 3069 3077 3068 3058 3057 3053 3063 3074 3063 3068 3065 3070 3052 3055 3065 3066 3067 3060 3068 3075 3072 3057 3058 3070 3067 3081 3083 3081 3069 3072 3063 3069 3073 3080 3067 3060 3071 3067 3065 3068 3084 3083 3090
3019 3016 3015 3025 3019 3025 3041 3038 3036 3045 3033 3040 3043 3048 3059 3063 3064 3059 3068 3068 3069 3057 3066 3074 3068 3054 3076 3063 3057 3069 3065 3072 3072 3060 3067 3067 3065 3073 3059 3056 3064 3058 3068 3057 3063 3053 3047 3058 3064 3070 3074 3065 3077 3060 3069 3060 3058 3055 3067 3078 3085 3062 3073 3075
3026 3028 3018 3009 3012 3025 3030 3036 3037 3042 3036 3032 3039 3057 3051 3049 3048 3064 3060 3063 3056 3061 3058 3069 3058 3071 3068 3056 3047 3061 3055 3064 3065 3058 3055 3059 3071 3061 3063 3058 3072 3071 3065 3066 3056 3060 3057 3047 3063 3060 3074 3064 3074 3061 3066 3060 3055 3068 3065 3068 3053 3068 3070 3082
3009 3023 3037 3028 3008 3039 3029 3046 3044 3061 3039 3061 3050 3062 3056 3060 3049 3062 3069 3055 3072 3062 3054 3058 3064 3063 3075 3064 3057 3061 3065 3063 3080 3061 3073 3080 3072 3061 3054 3079 3072 3074 3073 3067 3055 3066 3051 3063 3066 3069 3078 3071 3066 3057 3075 3087 3076 3058 3066 3069 3062 3056 3078 3080
3014 3028 3044 3030 3022 3033 3050 3047 3074 3074 3079 3065 3056 3056 3065 3062 3053 3060 3047 3075 3068 3064 3066 3058 3072 3066 3072 3073 3061 3061 3061 3065 3085 3066 3082 3073 3073 3077 3076 3065 3081 3062 3068 3087 3070 3052 3054 3064 3063 3079 3062 3061 3060 3062 3074 3090 3076 3078 3081 3075 3075 3084 3101 3095
3019 3022 3025 3027 3037 3032 3048 3067 3063 3071 3065 3061 3061 3050 3069 3080 3054 3065 3046 3062 3081 3067 3067 3058 3054 3071 3069 3064 3048 3049 3059 3064 3072 3063 3062 3081 3066 3074 3080 3069 3064 3065 3072 3072 3058 3055 3057 3065 3066 3075 3065 3067 3059 3061 3062 3068 3088 3083 3091 3076 3081 3075 3080 3082
3022 3027 3019 3029 3042 3045 3051 3062 3067 3050 3057 3062 3056 3062 3055 3064 3073 3065 3055 3065 3074 3057 3055 3056 3054 3058 3068 3060 3055 3071 3062 3059 3073 3075 3060 3085 3055 3076 3063 3060 3061 3075 3085 3079 3060 3050 3053 3047 3068 3063 3052 3066 3067 3061 3075 3065 3080 3091 3081 3085 3060 3084 3089 3095
3016 3030 3024 3035 3042 3053 3069 3063 3057 3054 3072 3066 3065 3063 3070 3064 3066 3071 3052 3064 3078 3074 3064 3067 3062 3056 3060 3068 3073 3077 3071 3076 3073 3074 3076 3070 3076 3076 3084 3066 3072 3077 3081 3070 3080 3056 3060 3062 3066 3063 3060 3069 3063 3053 3069 3074 3065 3075 3074 3076 3082 3089 3088 3075
3019 3035 3041 3026 3054 3059 3069 3077 3067 3062 3076 3075 3055 3067 3070 3070 3061 3062 3057 3052 3068 3076 3083 3081 3080 3056 3054 3068 3079 3073 3066 3072 3066 3078 3068 3067 3089 3079 3097 3084 3090 3089 3089 3088 3076 3072 3070 3068 3061 3067 3060 3062 3071 3065 3072 3074 3062 3067 3069 3086 3081 3077 3082 3079
3035 3045 3045 3060 3050 3062 3058 3055 3063 3058 3064 3068 3054 3072 3061 3063 3073 3075 3068 3065 3069 3073 3081 3071 3076 3068 3059 3065 3067 3069 3072 3070 3055 3072 3073 3064 3064 3068 3084 3082 3081 3080 3083 3089 3088 3083 3076 3071 3067 3060 3051 3058 3054 3070 3083 3082 3081 3067 3081 3080 3088 3075 3078 3071
3051 3051 3053 3041 3054 3053 3051 3054 3061 3051 3070 3077 3088 3072 3070 3061 3078 3073 3066 3072 3077 3084 3071 3081 3083 3067 3082 3070 3076 3075 3064 3064 3078 3084 3069 3071 3075 3072 3066 3054 3065 3074 3076 3094 3089 3093 3083 3060 3067 3061 3057 3047 3058 3062 3073 3090 3084 3074 3086 3077 3082 3079 3080 3075
