3084 3085 3082 3085 3063 3073 3080 3070 3080 3067 3064 3063 3058 3069 3073 3065 3052 3063 3034 3053 3063 3064 3054 3059 3055 3051 3053 3052 3033 3043 3048 3036 3047 3049 3034 3036 3030 3042 3047 3030 3036 3036 3049 3051 3051 3050 3049 3038 3048 3042 3051 3059 3054 3049 3057 3055 3033 3028 3054 3044 3037 3025 3024 3030
3068 3078 3078 3075 3064 3066 3055 3071 3074 3068 3062 3065 3064 3075 3057 3057 3050 3059 3051 3051 3068 3058 3043 3053 3052 3044 3041 3051 3044 3046 3030 3038 3035 3038 3029 3025 3031 3041 3042 3036 3048 3043 3029 3043 3042 3042 3055 3059 3050 3057 3054 3050 3049 3048 3040 3041 3033 3038 3035 3035 3038 3036 3023 3028
3058 3058 3064 3075 3063 3056 3064 3075 3070 3073 3067 3064 3054 3043 3060 3057 3059 3058 3051 3047 3048 3059 3049 3055 3046 3029 3039 3049 3041 3036 3035 3031 3029 3037 3032 3029 3015 3026 3038 3052 3036 3038 3047 3045 3052 3050 3051 3053 3030 3026 3051 3042 3043 3039 3030 3030 3042 3041 3038 3040 3038 3036 3033 3041
3052 3058 3074 3062 3062 3068 3066 3057 3067 3070 3051 3058 3050 3052 3064 3049 3051 3051 3055 3039 3042 3042 3055 3054 3047 3046 3047 3033 3031 3039 3031 3031 3024 3036 3024 3032 3028 3040 3047 3039 3052 3047 3042 3041 3037 3052 3058 3043 3042 3034 3047 3040 3033 3045 3045 3042 3040 3057 3053 3041 3039 3034 3023 3034
3048 3070 3080 3078 3069 3064 3066 3066 3060 3060 3070 3056 3049 3060 3052 3052 3043 3037 3026 3022 3043 3059 3051 3061 3043 3057 3047 3030 3034 3024 3027 3033 3037 3022 3037 3044 3041 3037 3035 3038 3045 3042 3043 3043 3037 3056 3061 3065 3038 3055 3041 3049 3063 3062 3041 3036 3040 3044 3033 3033 3031 3038 3027 3023
3059 3051 3064 3047 3056 3057 3064 3063 3064 3059 3071 3041 3044 3046 3055 3049 3036 3037 3032 3034 3039 3044 3053 3062 3063 3052 3041 3032 3026 3024 3032 3037 3031 3039 3038 3036 3032 3043 3046 3050 3040 3043 3043 3039 3056 3058 3067 3058 3067 3053 3059 3054 3064 3053 3060 3029 3043 3033 3022 3018 3038 3039 3039 3024
3048 3051 3048 3053 3071 3073 3055 3065 3059 3065 3046 3041 3047 3031 3041 3040 3041 3050 3046 3041 3037 3053 3053 3058 3069 3051 3044 3036 3019 3031 3024 3050 3032 3043 3054 3042 3044 3045 3048 3049 3056 3046 3039 3042 3052 3056 3068 3059 3064 3061 3057 3075 3068 3069 3051 3039 3027 3020 3029 3041 3026 3026 3030 3032
3025 3018 3013 3014 3030 3030 3033 3022 3034 3028 3037 3032 3034 3029 3036 3033 3037 3027 3014 3030 3025 3035 3044 3051 3041 3065 3038 3041 3020 3028 3028 3041 3031 3046 3026 3018 3040 3037 3043 3050 3044 3046 3034 3038 3036 3065 3067 3078 3063 3065 3050 3055 3063 3060 3047 3044 3039 3046 3039 3009 3036 3043 3028 3036
2996 2985 2990 3001 3007 2995 3007 2985 2979 3000 3003 2994 3008 3024 3030 3018 3012 3019 3012 3000 2996 3006 3040 3054 3042 3033 3048 3044 3018 3025 3018 3015 3020 3033 3016 3036 3034 3028 3040 3040 3035 3033 3018 3016 3035 3057 3051 3059 3066 3060 3066 3052 3054 3059 3043 3040 3045 3054 3060 3036 3028 3040 3036 3019
2986 2985 2981 2994 2981 2981 2999 2996 2987 2999 3016 3000 3023 3031 3015 3010 3015 3016 3015 3023 3018 3032 3046 3037 3049 3042 3033 3036 3023 3020 3034 3025 3028 3027 3032 3047 3034 3047 3041 3044 3039 3035 3039 3039 3048 3074 3065 3077 3065 3068 3076 3062 3064 3065 3059 3056 3041 3051 3048 3038 3048 3044 3035 3026
2993 2984 2979 2987 2981 2998 2991 2997 3003 3020 3016 3031 3033 3031 3010 3020 3027 3039 3022 3035 3030 3039 3047 3038 3047 3043 3038 3033 3017 3013 3027 3037 3040 3029 3041 3052 3041 3030 3040 3042 3051 3035 3041 3039 3055 3082 3103 3095 3063 3074 3072 3066 3071 3081 3074 3062 3058 3051 3055 3044 3058 3047 3045 3028
2985 2995 2982 2990 3000 2994 2992 2995 2998 3012 3033 3028 3033 3032 3020 3016 3028 3028 3023 3011 3031 3034 3054 3044 3043 3034 3021 3040 3016 3021 3036 3033 3034 3039 3054 3042 3046 3044 3045 3038 3037 3033 3047 3051 3077 3079 3088 3105 3091 3073 3097 3092 3095 3095 3098 3080 3070 3064 3058 3063 3038 3042 3039 3039
2982 2999 2993 3004 3007 3008 2998 3003 3002 3010 3018 3032 3029 3034 3022 3025 3036 3022 3011 3016 3026 3051 3045 3051 3053 3044 3024 3032 3033 3013 3028 3034 3043 3039 3043 3051 3045 3052 3054 3037 3045 3048 3054 3068 3072 3084 3085 3088 3089 3086 3080 3097 3110 3101 3105 3096 3092 3088 3068 3062 3064 3056 3037 3029
2983 2994 2999 3006 3008 3014 3020 3006 2996 3013 3029 3029 3029 3045 3041 3030 3020 3022 3013 3029 3024 3045 3037 3054 3032 3045 3019 3038 3029 3029 3043 3047 3044 3043 3047 3048 3048 3059 3051 3063 3053 3036 3064 3056 3079 3097 3087 3094 3096 3094 3096 3111 3096 3106 3098 3098 3092 3082 3064 3053 3049 3034 3030 3021
2977 2982 2998 3001 3002 3013 3004 3013 2997 2997 3012 3012 3030 3025 3013 3034 3022 3025 3037 3020 3037 3046 3042 3036 3035 3046 3033 3040 3030 3032 3040 3049 3056 3041 3033 3042 3042 3047 3044 3052 3055 3043 3046 3067 3073 3081 3098 3103 3094 3098 3090 3104 3097 3085 3093 3094 3095 3078 3081 3063 3049 3044 3028 3031
2991 3009 3007 3021 3004 3008 3008 3005 3008 2998 3015 3020 3022 3029 3034 3018 3031 3027 3018 3023 3036 3041 3047 3037 3034 3037 3041 3042 3020 3031 3046 3050 3031 3051 3041 3047 3059 3044 3052 3055 3053 3057 3059 3069 3086 3081 3082 3086 3086 3104 3099 3096 3098 3115 3097 3086 3090 3085 3078 3068 3052 3042 3041 3036
3010 3015 3012 3002 3027 3017 2991 3006 3013 3022 3009 3022 3029 3033 3031 3033 3031 3028 3023 3028 3031 3040 3043 3055 3052 3045 3049 3029 3029 3034 3030 3041 3035 3049 3040 3052 3050 3060 3045 3063 3077 3078 3053 3087 3079 3077 3089 3089 3094 3111 3102 3086 3103 3103 3097 3096 3091 3088 3082 3069 3063 3037 3037 3045
3020 3017 3022 3020 3024 3021 3010 2998 3004 3004 3018 3023 3040 3042 3045 3027 3029 3033 3012 3014 3038 3037 3044 3044 3053 3043 3044 3035 3030 3024 3029 3044 3048 3058 3048 3057 3063 3066 3071 3072 3066 3067 3080 3072 3080 3070 3073 3093 3097 3102 3105 3107 3111 3094 3109 3092 3088 3091 3074 3077 3055 3044 3036 3047
3040 3019 3019 3019 3018 3022 3010 3005 3003 3013 3014 3016 3026 3034 3035 3033 3028 3034 3018 3022 3040 3037 3041 3041 3031 3043 3028 3028 3030 3021 3029 3040 3044 3052 3055 3054 3056 3069 3078 3083 3086 3065 3069 3077 3088 3084 3083 3083 3097 3098 3112 3126 3108 3097 3085 3100 3093 3085 3082 3072 3054 3051 3038 3042
3022 3017 3031 3025 3028 3005 3026 3015 3008 3003 3015 3029 3014 3041 3036 3049 3040 3034 3002 3032 3049 3040 3052 3046 3036 3042 3030 3024 3017 3023 3024 3042 3051 3043 3055 3065 3064 3075 3077 3106 3084 3090 3083 3074 3093 3091 3089 3087 3088 3093 3105 3109 3111 3102 3095 3113 3111 3097 3094 3076 3057 3060 3034 3040
3020 3029 3028 3034 3042 3023 3013 3008 3000 3008 3025 3022 3019 3033 3047 3033 3031 3021 3025 3032 3040 3063 3032 3054 3054 3039 3038 3023 3025 3024 3045 3042 3050 3049 3059 3044 3057 3074 3088 3092 3095 3099 3090 3091 3097 3068 3093 3092 3095 3109 3102 3102 3096 3096 3112 3113 3110 3098 3073 3080 3065 3050 3049 3040
3024 3019 3022 3030 3031 3013 3009 3008 2995 3013 3023 3021 3029 3047 3037 3033 3031 3039 3030 3022 3043 3046 3060 3037 3052 3044 3036 3022 3021 3028 3040 3043 3041 3042 3056 3060 3070 3079 3089 3091 3111 3102 3098 3075 3085 3087 3096 3105 3103 3102 3108 3105 3106 3112 3116 3114 3095 3092 3093 3083 3078 3045 3034 3043
3012 3025 3031 3033 3036 3018 3024 3016 3017 3014 3029 3016 3035 3038 3030 3045 3033 3031 3024 3024 3039 3049 3052 3034 3041 3040 3030 3033 3028 3036 3038 3045 3047 3042 3050 3065 3066 3076 3098 3094 3084 3089 3098 3086 3088 3107 3106 3108 3091 3116 3101 3112 3100 3090 3102 3086 3098 3088 3083 3090 3070 3056 3040 3041
3025 3032 3040 3040 3030 3025 3015 3001 3011 3009 3012 3028 3033 3035 3044 3041 3046 3039 3026 3041 3050 3022 3042 3037 3036 3038 3023 3022 3032 3020 3040 3052 3038 3053 3060 3051 3070 3092 3091 3081 3099 3096 3096 3098 3090 3088 3088 3088 3102 3106 3100 3117 3100 3104 3104 3102 3097 3084 3085 3081 3068 3055 3050 3025
3020 3029 3038 3043 3053 3039 3012 3017 3009 3015 3007 3032 3040 3039 3046 3042 3041 3046 3037 3032 3041 3053 3043 3049 3040 3038 3027 3032 3026 3046 3036 3042 3050 3067 3057 3052 3064 3077 3087 3088 3082 3079 3094 3095 3091 3083 3095 3083 3090 3091 3091 3102 3099 3109 3110 3112 3110 3098 3090 3083 3059 3060 3035 3036
3014 3040 3033 3034 3042 3037 3024 3015 3014 3015 3019 3018 3042 3028 3038 3047 3052 3047 3025 3052 3060 3047 3040 3035 3043 3049 3048 3015 3036 3038 3040 3056 3041 3058 3065 3064 3077 3087 3081 3089 3085 3093 3098 3088 3106 3087 3088 3087 3090 3097 3098 3100 3085 3099 3103 3104 3101 3105 3091 3079 3055 3057 3030 3034
3020 3018 3026 3039 3034 3037 3039 3011 3006 3015 3020 3020 3038 3043 3037 3053 3046 3051 3035 3055 3062 3060 3041 3031 3056 3044 3037 3020 3033 3045 3037 3054 3039 3053 3074 3071 3059 3083 3090 3094 3101 3091 3080 3100 3095 3098 3093 3087 3099 3105 3092 3096 3086 3097 3087 3093 3091 3100 3097 3074 3065 3055 3039 3039
3019 3013 3046 3034 3033 3023 3026 3026 3019 3024 3017 3023 3033 3044 3046 3040 3042 3053 3049 3047 3062 3052 3030 3045 3030 3038 3029 3023 3047 3041 3052 3061 3050 3066 3069 3081 3067 3083 3087 3085 3090 3099 3094 3102 3099 3103 3101 3095 3105 3097 3086 3091 3092 3096 3089 3086 3083 3098 3083 3073 3071 3044 3042 3038
3014 3021 3047 3031 3034 3046 3024 3033 3018 3021 3022 3027 3022 3017 3040 3053 3046 3041 3044 3042 3061 3089 3053 3052 3054 3039 3037 3037 3044 3046 3063 3053 3056 3066 3058 3066 3079 3083 3088 3093 3089 3070 3088 3094 3100 3100 3090 3095 3091 3105 3093 3093 3091 3089 3086 3095 3098 3094 3100 3075 3055 3041 3036 3048
3012 3034 3036 3036 3035 3035 3028 3017 3014 3009 3026 3029 3034 3050 3040 3039 3044 3054 3033 3057 3067 3058 3061 3052 3037 3050 3050 3047 3061 3056 3058 3062 3061 3055 3061 3069 3076 3097 3085 3081 3088 3083 3083 3108 3087 3103 3102 3106 3088 3089 3089 3089 3096 3086 3093 3105 3082 3091 3107 3077 3068 3042 3045 3028
3022 3024 3034 3024 3044 3041 3039 3035 3033 3020 3022 3034 3041 3040 3036 3041 3056 3052 3061 3059 3058 3052 3055 3055 3041 3051 3050 3044 3058 3056 3053 3053 3061 3058 3059 3064 3097 3092 3099 3097 3093 3085 3099 3100 3103 3100 3096 3097 3092 3089 3074 3084 3086 3079 3086 3099 3095 3083 3078 3058 3053 3042 3029 3019
3024 3025 3026 3023 3025 3034 3030 3044 3032 3026 3022 3038 3041 3044 3040 3048 3054 3067 3060 3052 3048 3051 3058 3053 3041 3045 3047 3053 3061 3058 3054 3054 3044 3055 3051 3070 3083 3094 3087 3093 3074 3081 3088 3100 3100 3098 3101 3107 3097 3095 3087 3090 3082 3076 3086 3083 3078 3073 3073 3054 3055 3028 3032 3012
3020 3026 3017 3021 3023 3038 3027 3025 3025 3029 3030 3035 3044 3041 3053 3046 3051 3040 3053 3048 3041 3058 3052 3062 3055 3051 3041 3038 3046 3056 3061 3057 3053 3038 3056 3079 3090 3083 3088 3083 3089 3079 3081 3079 3082 3097 3094 3097 3094 3087 3098 3096 3070 3083 3095 3096 3098 3093 3083 3055 3049 3042 3036 3039
3010 3019 3026 3027 3033 3027 3039 3043 3036 3031 3013 3025 3037 3039 3044 3067 3051 3057 3049 3050 3054 3052 3063 3055 3054 3041 3055 3062 3045 3052 3056 3056 3048 3058 3066 3069 3070 3079 3080 3074 3085 3071 3073 3074 3096 3088 3093 3095 3090 3090 3102 3087 3085 3085 3102 3108 3104 3090 3068 3062 3049 3035 3031 3041
3008 3026 3037 3033 3017 3031 3031 3038 3040 3025 3020 3028 3054 3053 3046 3052 3045 3045 3047 3051 3050 3057 3052 3057 3051 3050 3064 3065 3054 3055 3042 3052 3051 3053 3065 3069 3078 3082 3085 3082 3079 3081 3075 3076 3080 3073 3086 3087 3090 3071 3095 3090 3089 3100 3100 3103 3106 3085 3065 3047 3048 3040 3036 3041
3015 3018 3021 3022 3027 3027 3037 3041 3043 3029 3025 3030 3032 3032 3038 3041 3041 3039 3054 3057 3059 3054 3059 3065 3049 3055 3040 3052 3066 3055 3051 3053 3044 3054 3070 3069 3086 3089 3095 3088 3084 3092 3075 3077 3081 3076 3074 3073 3076 3079 3077 3089 3092 3088 3097 3090 3077 3082 3069 3045 3054 3043 3042 3023
3006 3014 3017 3007 3042 3034 3019 3036 3037 3026 3032 3036 3038 3058 3051 3041 3049 3047 3052 3050 3062 3042 3052 3047 3049 3045 3049 3062 3055 3057 3064 3055 3047 3048 3056 3063 3082 3091 3082 3079 3093 3093 3072 3074 3078 3076 3072 3072 3073 3088 3089 3106 3085 3099 3094 3091 3084 3077 3069 3053 3042 3042 3024 3023
3013 3000 3005 3028 3008 3034 3032 3037 3041 3037 3039 3038 3049 3039 3055 3051 3046 3057 3054 3045 3055 3051 3059 3063 3037 3043 3046 3051 3052 3051 3054 3053 3049 3044 3055 3067 3071 3094 3099 3091 3069 3092 3076 3059 3072 3067 3069 3074 3078 3088 3101 3102 3092 3093 3093 3100 3082 3061 3066 3055 3052 3023 3019 3020
3008 3011 3017 3024 3022 3034 3035 3046 3030 3046 3028 3045 3049 3048 3053 3043 3050 3048 3055 3047 3064 3062 3065 3053 3042 3055 3055 3044 3048 3062 3068 3048 3049 3060 3063 3061 3062 3077 3081 3086 3078 3085 3089 3080 3069 3057 3054 3062 3076 3096 3099 3105 3079 3079 3088 3091 3084 3059 3061 3039 3026 3029 3022 3013
2999 3007 3010 3025 3023 3035 3026 3022 3043 3038 3038 3039 3038 3042 3069 3047 3053 3055 3062 3070 3062 3073 3070 3051 3060 3048 3057 3058 3056 3075 3060 3043 3040 3066 3057 3069 3085 3097 3089 3087 3097 3069 3069 3067 3059 3053 3058 3062 3093 3091 3083 3085 3097 3094 3086 3089 3086 3041 3058 3041 3022 3015 3024 3022
3014 3017 3022 3026 3026 3024 3036 3049 3045 3037 3038 3039 3032 3045 3050 3049 3052 3056 3052 3054 3061 3051 3058 3052 3063 3065 3062 3052 3043 3054 3053 3058 3046 3037 3061 3074 3081 3076 3086 3068 3082 3083 3070 3063 3065 3068 3069 3068 3079 3093 3084 3098 3089 3081 3066 3064 3050 3044 3042 3041 3027 3024 3009 3028
3000 3029 3017 3026 3018 3022 3041 3038 3040 3049 3042 3040 3044 3041 3052 3044 3042 3042 3043 3047 3048 3054 3053 3058 3059 3057 3069 3065 3042 3045 3060 3060 3051 3055 3055 3068 3088 3087 3089 3073 3074 3069 3062 3050 3061 3062 3065 3078 3085 3080 3093 3095 3084 3072 3059 3042 3047 3044 3057 3044 3026 3016 3013 3017
3005 3022 3026 3010 3003 3017 3047 3033 3034 3037 3048 3046 3034 3028 3042 3048 3048 3056 3059 3063 3059 3053 3055 3042 3070 3066 3063 3054 3073 3057 3058 3058 3064 3062 3070 3065 3091 3080 3078 3065 3068 3066 3054 3066 3066 3062 3081 3079 3089 3086 3099 3087 3086 3074 3049 3050 3030 3033 3032 3055 3031 3011 3013 3021
3021 3012 3009 3002 3004 3022 3032 3021 3036 3043 3047 3037 3038 3049 3038 3048 3057 3056 3066 3059 3062 3053 3064 3059 3053 3055 3059 3063 3064 3066 3053 3058 3053 3057 3065 3074 3086 3086 3083 3062 3068 3057 3070 3063 3061 3076 3081 3083 3083 3094 3082 3073 3077 3061 3055 3030 3041 3040 3039 3021 3039 3028 3030 3025
3016 3011 3008 3013 3024 3023 3034 3027 3040 3041 3052 3057 3045 3046 3044 3053 3060 3065 3063 3061 3060 3062 3061 3062 3068 3051 3057 3071 3076 3067 3070 3058 3067 3076 3074 3061 3086 3072 3078 3069 3068 3066 3055 3065 3076 3075 3087 3090 3081 3091 3069 3077 3075 3074 3057 3048 3033 3038 3036 3031 3037 3039 3038 3037
3012 3019 3015 3033 3027 3037 3024 3033 3032 3042 3049 3048 3059 3065 3068 3050 3062 3070 3053 3059 3070 3056 3052 3065 3060 3060 3053 3072 3058 3066 3059 3060 3075 3068 3073 3084 3094 3071 3068 3065 3054 3060 3057 3064 3069 3095 3084 3089 3085 3077 3084 3073 3070 3055 3062 3046 3048 3030 3033 3040 3041 3030 3047 3038
3019 3010 3029 3022 3032 3033 3028 3029 3037 3037 3043 3044 3050 3058 3046 3059 3068 3051 3058 3073 3071 3077 3067 3061 3067 3054 3062 3057 3064 3068 3062 3068 3069 3074 3082 3071 3074 3081 3062 3050 3053 3049 3065 3072 3082 3090 3084 3089 3085 3091 3079 3083 3074 3063 3075 3070 3058 3050 3043 3039 3049 3039 3038 3041
3024 3012 3026 3027 3020 3029 3045 3021 3035 3034 3036 3035 3048 3038 3059 3049 3065 3053 3061 3073 3069 3066 3071 3066 3066 3064 3079 3073 3061 3072 3065 3070 3069 3068 3067 3076 3077 3071 3065 3047 3065 3057 3072 3070 3084 3081 3088 3091 3086 3090 3085 3081 3074 3070 3072 3072 3079 3075 3067 3052 3056 3051 3045 3052
3018 3022 3008 3020 3032 3026 3039 3041 3025 3044 3052 3061 3050 3055 3060 3066 3054 3069 3058 3066 3062 3063 3063 3074 3075 3070 3077 3078 3058 3070 3081 3082 3070 3079 3077 3064 3067 3066 3059 3068 3065 3073 3084 3075 3088 3093 3091 3080 3082 3090 3096 3084 3080 3075 3065 3058 3073 3077 3069 3061 3066 3071 3070 3063
3009 3006 3017 3010 3020 3027 3027 3034 3052 3060 3050 3045 3044 3055 3060 3063 3074 3060 3059 3073 3077 3071 3068 3074 3075 3075 3056 3069 3064 3061 3063 3067 3068 3080 3061 3068 3051 3072 3073 3071 3065 3066 3078 3088 3088 3097 3086 3094 3097 3103 3091 3097 3079 3079 3079 3075 3073 3072 3079 3067 3069 3067 3081 3073
3000 3013 3013 2998 3030 3023 3038 3037 3039 3046 3046 3054 3048 3055 3060 3052 3064 3076 3059 3073 3086 3067 3069 3057 3063 3057 3060 3075 3061 3060 3059 3067 3068 3059 3066 3072 3062 3071 3072 3071 3078 3083 3076 3079 3086 3098 3092 3095 3093 3103 3086 3092 3084 3080 3081 3065 3071 3057 3092 3058 3075 3085 3072 3073
3015 3000 3020 3023 3029 3024 3033 3039 3053 3035 3043 3048 3052 3054 3058 3061 3052 3053 3058 3073 3067 3076 3073 3073 3057 3050 3064 3062 3070 3059 3075 3074 3073 3068 3066 3074 3065 3080 3073 3071 3081 3095 3094 3079 3076 3070 3103 3099 3093 3086 3098 3074 3088 3084 3089 3075 3085 3065 3083 3077 3079 3090 3073 3086
3010 3018 3003 3018 3026 3031 3023 3036 3054 3060 3039 3039 3025 3050 3048 3062 3073 3065 3062 3077 3076 3075 3077 3069 3055 3055 3066 3062 3059 3072 3065 3071 3077 3074 3046 3059 3057 3072 3069 3063 3074 3067 3076 3072 3085 3083 3083 3079 3088 3081 3075 3074 3070 3070 3072 3081 3074 3058 3081 3077 3082 3078 3088 3068
3005 3003 2999 3016 3027 3041 3024 3034 3051 3064 3051 3034 3042 3057 3051 3068 3060 3067 3070 3076 3065 3076 3069 3072 3062 3061 3038 3060 3066 3068 3078 3070 3067 3066 3070 3052 3059 3071 3055 3049 3052 3065 3062 3051 3054 3080 3081 3076 3077 3064 3064 3056 3071 3075 3071 3065 3071 3070 3066 3075 3081 3072 3078 3085
3024 3009 3006 3020 3023 3023 3029 3033 3048 3042 3048 3050 3055 3057 3058 3051 3051 3053 3056 3082 3065 3061 3058 3060 3069 3064 3067 3056 3064 3070 3071 3074 3057 3065 3059 3057 3075 3063 3069 3071 3071 3065 3049 3061 3061 3068 3063 3058 3065 3065 3064 3085 3063 3069 3060 3065 3064 3063 3061 3066 3077 3060 3075 3083
3026 3017 3025 3023 3003 3015 3030 3040 3034 3049 3027 3049 3045 3052 3061 3060 3058 3061 3058 3063 3057 3053 3056 3053 3076 3056 3066 3061 3055 3055 3059 3052 3066 3063 3066 3061 3085 3068 3071 3072 3063 3083 3073 3071 3059 3075 3059 3048 3068 3056 3072 3087 3072 3061 3065 3067 3074 3053 3059 3066 3066 3069 3060 3067
3000 3029 3023 3007 3022 3027 3046 3038 3047 3065 3060 3051 3051 3050 3079 3054 3067 3049 3068 3061 3062 3063 3052 3063 3069 3081 3073 3071 3068 3055 3062 3070 3075 3074 3071 3053 3074 3074 3062 3073 3077 3090 3082 3066 3053 3059 3055 3060 3059 3070 3081 3067 3062 3057 3073 3077 3076 3075 3063 3072 3082 3074 3074 3079
3016 3022 3043 3016 3029 3032 3031 3060 3073 3067 3072 3070 3061 3055 3063 3063 3063 3061 3056 3064 3081 3070 3050 3072 3075 3078 3063 3067 3074 3062 3057 3065 3069 3068 3076 3075 3072 3073 3083 3063 3076 3068 3082 3067 3072 3062 3065 3072 3083 3071 3072 3077 3062 3058 3073 3089 3073 3065 3068 3081 3080 3095 3090 3090
3024 3021 3023 3039 3031 3045 3055 3057 3070 3071 3070 3079 3060 3070 3080 3063 3072 3062 3074 3073 3071 3068 3062 3052 3062 3070 3059 3062 3066 3066 3072 3075 3064 3074 3075 3077 3067 3071 3062 3070 3072 3070 3075 3068 3060 3071 3054 3059 3068 3069 3070 3058 3049 3063 3073 3079 3076 3062 3060 3089 3079 3084 3092 3077
3031 3026 3024 3042 3038 3059 3071 3064 3064 3062 3067 3070 3055 3073 3070 3081 3073 3051 3041 3057 3066 3064 3060 3048 3046 3064 3064 3058 3066 3067 3059 3075 3068 3071 3074 3069 3073 3070 3063 3064 3073 3075 3061 3083 3064 3057 3060 3054 3064 3054 3066 3078 3068 3066 3072 3061 3082 3081 3080 3072 3080 3084 3092 3089
3023 3037 3041 3042 3041 3047 3068 3069 3055 3057 3073 3050 3056 3073 3071 3068 3077 3073 3062 3066 3065 3067 3067 3074 3069 3064 3052 3071 3080 3063 3064 3067 3076 3059 3085 3067 3079 3060 3064 3072 3082 3081 3082 3081 3073 3067 3067 3071 3062 3067 3059 3066 3054 3066 3068 3078 3068 3073 3071 3095 3080 3081 3083 3086
3028 3032 3047 3042 3062 3057 3073 3066 3062 3063 3075 3053 3073 3065 3060 3066 3076 3060 3066 3070 3075 3081 3071 3079 3070 3074 3053 3065 3079 3082 3077 3053 3075 3075 3077 3070 3072 3087 3087 3074 3083 3076 3094 3084 3071 3081 3065 3061 3061 3048 3069 3064 3060 3066 3068 3074 3067 3074 3063 3085 3076 3073 3088 3083
3031 3034 3045 3048 3048 3052 3067 3050 3050 3068 3068 3067 3067 3064 3066 3075 3085 3070 3053 3079 3065 3076 3079 3080 3067 3069 3073 3070 3092 3059 3066 3066 3073 3066 3073 3076 3081 3084 3069 3090 3080 3070 3093 3090 3097 3088 3067 3068 3074 3057 3065 3053 3068 3068 3079 3069 3066 3062 3073 3065 3086 3074 3080 3051
3044 3053 3057 3060 3044 3050 3059 3075 3059 3058 3061 3062 3081 3076 3064 3066 3085 3070 3077 3077 3078 3076 3075 3081 3077 3075 3065 3081 3077 3073 3063 3076 3071 3071 3066 3070 3072 3086 3072 3081 3071 3072 3080 3091 3103 3099 3080 3070 3072 3057 3056 3053 3066 3066 3084 3086 3080 3070 3071 3089 3087 3070 3085 3069
