3063 3062 3060 3052 3044 3048 3053 3053 3052 3049 3045 3047 3051 3051 3050 3048 3045 3042 3040 3036 3032 3032 3033 3032 3028 3030 3035 3040 3044 3039 3027 3023 3026 3029 3032 3033 3032 3029 3025 3024 3028 3029 3025 3021 3016 3012 3007 3004 3003 3004 3010 3015 3014 3013 3010 3008 3012 3015 3010 3006 3009 3012 3002 2992
3061 3060 3059 3052 3044 3049 3055 3050 3044 3043 3042 3044 3045 3044 3043 3044 3045 3044 3040 3037 3034 3033 3032 3032 3033 3033 3033 3035 3038 3038 3035 3032 3030 3029 3030 3031 3033 3032 3028 3027 3031 3033 3029 3025 3021 3016 3010 3006 3009 3012 3013 3014 3013 3012 3009 3007 3009 3011 3012 3012 3010 3008 3003 2998
3059 3059 3058 3052 3045 3051 3057 3048 3037 3037 3040 3040 3039 3037 3035 3039 3046 3045 3041 3039 3037 3034 3031 3033 3038 3037 3031 3030 3032 3037 3043 3042 3034 3029 3028 3029 3033 3035 3032 3031 3035 3036 3033 3030 3026 3021 3012 3008 3015 3020 3017 3014 3013 3011 3008 3005 3006 3008 3013 3018 3012 3005 3005 3005
3066 3058 3050 3049 3049 3052 3055 3048 3040 3041 3044 3044 3044 3041 3037 3040 3044 3042 3039 3039 3040 3039 3037 3036 3037 3035 3032 3030 3030 3033 3041 3042 3036 3032 3031 3033 3039 3042 3039 3038 3039 3039 3036 3034 3030 3026 3020 3017 3024 3028 3022 3017 3016 3015 3012 3010 3014 3018 3019 3020 3016 3012 3010 3009
3073 3057 3042 3047 3052 3053 3053 3049 3043 3046 3049 3049 3049 3045 3040 3040 3042 3040 3036 3039 3044 3045 3043 3040 3036 3034 3033 3031 3027 3030 3039 3041 3038 3035 3034 3037 3045 3049 3047 3046 3044 3042 3040 3037 3034 3030 3027 3026 3033 3036 3028 3021 3020 3018 3016 3015 3022 3028 3024 3021 3020 3018 3016 3013
3063 3056 3049 3050 3052 3050 3048 3046 3043 3049 3055 3053 3050 3048 3046 3046 3047 3047 3046 3046 3046 3045 3045 3043 3040 3039 3039 3037 3034 3036 3041 3042 3040 3040 3043 3045 3046 3047 3049 3049 3046 3043 3040 3038 3041 3041 3035 3033 3038 3040 3033 3028 3027 3025 3020 3016 3022 3027 3024 3022 3023 3024 3018 3012
3052 3055 3057 3054 3050 3047 3043 3043 3043 3051 3061 3057 3050 3050 3052 3053 3053 3055 3057 3054 3048 3046 3046 3045 3044 3044 3044 3044 3043 3042 3043 3043 3043 3046 3053 3054 3047 3045 3050 3051 3048 3044 3039 3039 3048 3052 3044 3039 3042 3044 3039 3035 3034 3032 3023 3016 3021 3025 3024 3023 3027 3030 3020 3010
3018 3023 3028 3024 3020 3014 3009 3012 3015 3024 3033 3029 3023 3024 3027 3029 3030 3029 3027 3027 3028 3026 3022 3021 3022 3025 3031 3033 3034 3035 3035 3037 3041 3045 3049 3049 3044 3043 3049 3051 3046 3043 3040 3039 3043 3045 3041 3037 3036 3035 3035 3034 3033 3031 3025 3020 3022 3024 3023 3022 3028 3033 3026 3019
2981 2988 2996 2991 2986 2979 2972 2978 2984 2993 3002 2998 2993 2995 2999 3001 3004 3000 2993 2997 3005 3003 2996 2995 2997 3005 3015 3021 3024 3025 3025 3029 3038 3042 3043 3042 3040 3041 3047 3049 3044 3041 3040 3039 3037 3035 3035 3034 3028 3025 3029 3033 3031 3030 3026 3023 3023 3022 3022 3022 3028 3035 3032 3030
2975 2983 2991 2988 2984 2981 2978 2981 2985 2988 2991 2989 2986 2990 2995 2997 2998 2994 2988 2993 3004 3006 3004 3005 3007 3012 3020 3023 3023 3024 3025 3029 3035 3041 3045 3047 3046 3046 3047 3048 3049 3050 3049 3047 3042 3038 3038 3037 3033 3030 3032 3034 3033 3031 3031 3031 3029 3028 3027 3027 3028 3029 3028 3027
2973 2982 2991 2989 2987 2988 2990 2991 2991 2988 2984 2983 2982 2988 2995 2996 2996 2992 2987 2994 3006 3013 3018 3020 3022 3025 3028 3027 3023 3023 3026 3029 3033 3039 3048 3054 3055 3053 3047 3047 3055 3060 3058 3055 3048 3043 3043 3042 3039 3037 3037 3035 3034 3033 3036 3038 3036 3034 3033 3033 3027 3021 3021 3022
2970 2975 2981 2983 2985 2988 2992 2992 2992 2991 2990 2986 2981 2984 2989 2991 2994 2992 2989 2996 3007 3015 3021 3022 3019 3021 3026 3029 3031 3033 3035 3038 3042 3048 3054 3057 3056 3055 3053 3053 3054 3055 3056 3055 3050 3047 3045 3045 3044 3043 3038 3035 3034 3034 3034 3035 3030 3027 3028 3029 3024 3020 3021 3021
2967 2968 2968 2975 2982 2987 2992 2992 2993 2995 2998 2991 2982 2980 2981 2985 2992 2993 2992 2999 3009 3016 3023 3021 3013 3014 3021 3031 3041 3046 3045 3048 3054 3058 3060 3060 3056 3056 3061 3061 3052 3048 3051 3052 3051 3050 3048 3047 3048 3047 3040 3034 3034 3034 3031 3028 3022 3017 3020 3023 3021 3020 3021 3021
2973 2971 2968 2975 2982 2986 2990 2993 2995 2998 3000 2992 2981 2980 2981 2987 2993 2995 2995 3001 3009 3017 3024 3023 3018 3020 3026 3034 3042 3046 3046 3049 3056 3061 3066 3068 3066 3065 3065 3063 3055 3053 3059 3064 3063 3063 3065 3064 3058 3051 3043 3036 3037 3037 3034 3031 3023 3016 3018 3021 3018 3016 3016 3017
2981 2976 2971 2977 2983 2986 2988 2993 2999 3000 3002 2992 2980 2980 2984 2990 2995 2997 2997 3003 3010 3017 3024 3026 3026 3028 3033 3037 3040 3043 3044 3048 3055 3063 3072 3077 3077 3075 3069 3064 3060 3061 3072 3078 3077 3079 3085 3086 3070 3055 3046 3040 3041 3042 3039 3035 3025 3016 3018 3019 3015 3010 3011 3011
2988 2985 2982 2985 2987 2990 2993 2998 3003 3005 3006 2999 2991 2993 2997 2999 3001 3003 3005 3010 3016 3019 3021 3022 3024 3028 3032 3035 3038 3040 3042 3048 3058 3067 3077 3083 3083 3081 3076 3073 3073 3074 3076 3078 3079 3082 3088 3090 3076 3063 3053 3045 3045 3045 3043 3039 3032 3025 3023 3021 3016 3011 3011 3011
2995 2995 2996 2993 2991 2995 3000 3004 3008 3010 3011 3008 3005 3008 3012 3011 3007 3010 3013 3019 3024 3022 3017 3017 3020 3024 3029 3032 3035 3037 3040 3048 3062 3073 3083 3088 3088 3087 3084 3084 3088 3087 3078 3073 3077 3082 3087 3089 3081 3073 3061 3051 3050 3049 3047 3044 3041 3037 3030 3023 3019 3014 3013 3012
3001 3002 3004 2998 2991 2996 3001 3006 3012 3011 3010 3011 3013 3013 3014 3014 3013 3011 3008 3013 3022 3022 3019 3020 3025 3028 3031 3033 3036 3040 3046 3055 3067 3076 3083 3089 3091 3090 3087 3087 3092 3092 3085 3081 3084 3087 3089 3090 3086 3080 3067 3056 3050 3046 3048 3049 3046 3043 3037 3031 3027 3024 3019 3013
3006 3008 3010 3000 2990 2995 3001 3008 3015 3012 3007 3011 3017 3015 3011 3014 3018 3010 2997 3003 3016 3021 3023 3027 3032 3034 3034 3036 3038 3045 3055 3064 3072 3078 3083 3088 3093 3094 3088 3087 3091 3094 3093 3093 3094 3094 3093 3091 3091 3087 3073 3059 3048 3040 3048 3054 3051 3047 3044 3040 3038 3035 3025 3015
3001 3005 3009 3002 2995 2998 3001 3004 3008 3005 3002 3007 3013 3012 3009 3012 3017 3010 2999 3005 3018 3025 3027 3031 3034 3036 3036 3037 3040 3047 3058 3066 3072 3077 3082 3088 3094 3096 3093 3090 3088 3088 3091 3094 3094 3094 3092 3091 3091 3088 3076 3064 3055 3048 3052 3055 3054 3052 3046 3041 3036 3031 3025 3019
2994 2999 3004 3004 3003 3003 3002 2999 2996 2996 2996 3000 3006 3007 3006 3010 3014 3011 3006 3013 3024 3030 3032 3033 3034 3035 3037 3039 3041 3048 3059 3066 3069 3075 3082 3088 3094 3097 3099 3095 3083 3078 3084 3089 3090 3090 3089 3089 3089 3087 3078 3069 3065 3062 3058 3054 3056 3056 3047 3037 3029 3021 3022 3023
2995 3000 3004 3005 3006 3005 3004 3002 3000 2999 2999 3000 3001 3003 3004 3005 3007 3009 3010 3016 3025 3030 3035 3035 3033 3035 3039 3043 3045 3052 3063 3071 3076 3082 3087 3090 3092 3094 3096 3093 3084 3080 3087 3091 3086 3085 3089 3093 3093 3092 3084 3077 3074 3070 3065 3060 3058 3055 3047 3038 3030 3022 3023 3024
3001 3004 3006 3007 3007 3007 3007 3008 3010 3009 3007 3003 2999 2999 3001 3000 2999 3004 3012 3018 3023 3029 3036 3036 3031 3034 3042 3048 3051 3058 3068 3078 3087 3093 3094 3093 3090 3088 3089 3089 3087 3088 3095 3096 3083 3079 3091 3100 3100 3098 3093 3087 3082 3077 3074 3069 3061 3053 3047 3041 3035 3029 3027 3025
3002 3003 3004 3006 3008 3006 3005 3008 3011 3010 3008 3003 2998 2999 3001 3001 3000 3005 3011 3015 3019 3025 3032 3033 3031 3035 3044 3051 3055 3062 3071 3079 3087 3092 3095 3094 3089 3086 3086 3086 3090 3092 3094 3092 3083 3079 3090 3098 3097 3097 3093 3090 3086 3082 3080 3077 3064 3053 3046 3039 3036 3032 3027 3022
3001 3000 2999 3004 3008 3005 3000 3004 3008 3007 3005 3001 2998 3000 3003 3006 3007 3008 3007 3010 3015 3020 3025 3028 3032 3038 3047 3053 3058 3065 3072 3077 3081 3086 3092 3094 3090 3086 3084 3085 3093 3095 3088 3083 3083 3084 3087 3089 3090 3090 3089 3088 3086 3085 3085 3083 3068 3053 3044 3035 3035 3034 3025 3017
3002 3001 3000 3002 3005 3004 3004 3005 3006 3005 3004 3001 2998 3000 3004 3006 3008 3008 3007 3008 3011 3015 3018 3024 3032 3041 3052 3060 3066 3071 3076 3078 3079 3082 3087 3090 3088 3086 3084 3086 3093 3096 3088 3084 3086 3088 3086 3085 3086 3087 3086 3085 3085 3084 3086 3085 3069 3055 3044 3033 3032 3031 3022 3013
3004 3005 3005 3002 2998 3005 3013 3009 3004 3004 3005 3003 2999 3001 3004 3005 3005 3007 3008 3008 3007 3009 3013 3021 3031 3044 3058 3069 3076 3080 3082 3082 3081 3081 3082 3083 3084 3085 3086 3088 3092 3094 3091 3090 3091 3090 3087 3084 3086 3086 3083 3081 3081 3081 3083 3082 3070 3057 3044 3031 3028 3024 3018 3011
3006 3005 3004 3001 2999 3007 3017 3010 3003 3002 3004 3002 3000 3001 3002 3003 3003 3005 3008 3010 3011 3012 3012 3019 3031 3045 3061 3073 3082 3085 3085 3083 3080 3080 3081 3083 3086 3088 3088 3089 3090 3091 3092 3092 3092 3091 3087 3084 3086 3087 3083 3080 3081 3081 3082 3082 3071 3060 3047 3034 3029 3024 3020 3016
3007 3003 2999 3002 3005 3010 3016 3009 3000 2999 3000 3000 3000 3000 3000 3000 3000 3003 3007 3014 3021 3020 3014 3019 3031 3045 3061 3074 3083 3087 3085 3082 3079 3080 3084 3088 3091 3092 3090 3088 3087 3087 3090 3091 3092 3091 3087 3085 3088 3089 3086 3083 3082 3082 3083 3083 3073 3063 3051 3040 3034 3027 3026 3026
3006 3001 2996 3000 3005 3008 3011 3006 2999 3000 3002 3000 2997 2999 3002 3001 3000 3004 3010 3016 3021 3020 3015 3021 3033 3048 3064 3076 3083 3086 3084 3082 3081 3082 3085 3089 3092 3093 3091 3088 3086 3086 3090 3093 3091 3089 3088 3088 3089 3090 3086 3083 3085 3087 3086 3084 3073 3062 3051 3040 3034 3028 3027 3026
3005 3000 2995 2997 2999 3002 3004 3002 2999 3003 3009 3001 2991 2997 3006 3005 3001 3007 3017 3017 3013 3013 3015 3024 3037 3052 3070 3079 3082 3083 3082 3083 3086 3086 3085 3086 3090 3091 3090 3088 3087 3088 3093 3095 3090 3087 3090 3092 3091 3089 3083 3080 3090 3096 3091 3085 3072 3059 3047 3035 3031 3027 3023 3018
3004 3000 2995 2996 2997 2998 2999 3000 3000 3004 3010 3002 2991 2998 3009 3008 3004 3008 3016 3016 3011 3013 3016 3026 3038 3054 3070 3078 3078 3079 3080 3083 3086 3086 3084 3083 3085 3087 3090 3091 3089 3089 3093 3093 3088 3085 3091 3094 3089 3085 3082 3082 3091 3098 3092 3085 3070 3056 3043 3032 3029 3026 3019 3011
3003 3000 2996 2996 2996 2997 2998 3000 3001 3003 3006 3001 2995 3002 3012 3011 3008 3008 3010 3012 3015 3017 3018 3026 3037 3051 3066 3073 3073 3075 3079 3081 3083 3082 3081 3080 3080 3083 3091 3095 3092 3089 3088 3086 3085 3085 3092 3095 3086 3079 3082 3086 3089 3092 3088 3084 3069 3054 3041 3029 3027 3024 3016 3007
3000 2999 2997 2997 2997 2998 2999 3002 3005 3005 3004 3002 3000 3005 3012 3011 3007 3006 3006 3009 3014 3015 3014 3022 3034 3048 3063 3070 3071 3074 3079 3081 3082 3082 3080 3079 3079 3083 3091 3095 3093 3090 3087 3085 3085 3086 3092 3093 3083 3076 3083 3088 3087 3086 3084 3081 3067 3054 3041 3028 3027 3025 3016 3007
2995 2997 2998 2998 2998 3000 3001 3006 3012 3008 3004 3004 3005 3008 3011 3007 3001 3002 3004 3006 3007 3006 3004 3013 3028 3044 3061 3070 3073 3076 3081 3084 3085 3085 3082 3082 3084 3086 3090 3092 3092 3092 3091 3090 3088 3087 3088 3088 3081 3077 3084 3089 3084 3079 3079 3077 3067 3056 3042 3029 3029 3028 3021 3013
2994 2997 3000 3000 3000 3001 3003 3007 3012 3008 3003 3004 3006 3008 3009 3005 2999 3001 3005 3005 3005 3003 3001 3008 3022 3038 3056 3067 3072 3077 3081 3085 3088 3087 3083 3083 3086 3089 3090 3091 3092 3092 3091 3090 3088 3086 3085 3084 3080 3079 3085 3088 3082 3077 3077 3075 3064 3053 3042 3032 3030 3029 3025 3021
2998 3000 3001 3002 3003 3003 3002 3004 3005 3002 2999 3000 3002 3004 3006 3005 3003 3004 3006 3008 3008 3008 3006 3010 3016 3029 3047 3059 3068 3075 3081 3086 3090 3089 3083 3082 3087 3090 3093 3094 3093 3091 3086 3083 3082 3081 3081 3081 3082 3083 3086 3087 3084 3081 3079 3075 3058 3043 3040 3036 3031 3026 3028 3031
3000 3001 3003 3003 3004 3004 3004 3002 3001 2999 2998 2999 3001 3002 3003 3004 3004 3005 3007 3009 3011 3011 3009 3011 3014 3024 3038 3051 3064 3074 3080 3085 3088 3088 3083 3081 3085 3089 3092 3093 3091 3088 3083 3080 3080 3080 3081 3083 3084 3085 3085 3085 3084 3083 3080 3075 3056 3038 3035 3033 3029 3025 3028 3031
2998 3001 3004 3003 3002 3005 3007 3004 3001 3000 2999 3002 3005 3004 3004 3003 3002 3004 3006 3009 3012 3011 3010 3013 3018 3024 3029 3042 3059 3072 3081 3084 3082 3081 3082 3082 3081 3083 3088 3089 3086 3084 3083 3082 3082 3082 3087 3090 3087 3084 3082 3080 3082 3082 3079 3074 3057 3040 3029 3019 3023 3026 3022 3018
2996 2999 3002 3004 3005 3006 3008 3005 3002 3002 3001 3004 3006 3006 3004 3002 3001 3004 3008 3010 3010 3011 3011 3014 3019 3020 3020 3031 3052 3068 3079 3082 3077 3076 3080 3081 3079 3080 3084 3086 3084 3084 3084 3084 3084 3085 3090 3093 3088 3084 3082 3081 3082 3082 3078 3072 3056 3040 3028 3016 3022 3026 3019 3012
2993 2994 2995 3005 3015 3010 3004 3005 3007 3006 3004 3004 3005 3004 3004 3003 3002 3007 3013 3011 3006 3008 3013 3014 3013 3011 3008 3020 3041 3059 3074 3079 3076 3075 3077 3080 3081 3083 3083 3084 3088 3089 3086 3085 3086 3087 3090 3091 3087 3085 3087 3089 3085 3081 3075 3068 3051 3036 3034 3032 3028 3025 3022 3019
2989 2991 2992 3006 3021 3013 3003 3005 3009 3008 3006 3004 3001 3003 3006 3004 3001 3005 3012 3011 3006 3008 3014 3013 3009 3005 3002 3013 3034 3052 3070 3077 3075 3074 3076 3079 3084 3086 3084 3084 3088 3090 3086 3085 3087 3088 3088 3088 3086 3085 3089 3091 3087 3082 3073 3064 3050 3037 3040 3043 3034 3026 3025 3023
2982 2991 2999 3009 3020 3015 3008 3007 3007 3006 3005 3000 2995 3001 3011 3005 2994 2996 3002 3007 3012 3013 3014 3010 3005 3004 3006 3016 3030 3047 3066 3075 3076 3076 3075 3078 3087 3091 3088 3086 3084 3082 3082 3082 3084 3086 3085 3084 3084 3083 3084 3084 3086 3086 3073 3060 3054 3048 3047 3047 3039 3032 3028 3024
2981 2993 3004 3010 3017 3012 3007 3006 3005 3004 3003 2998 2993 3000 3011 3004 2991 2992 2996 3004 3014 3016 3015 3011 3006 3006 3009 3016 3026 3041 3061 3073 3076 3077 3075 3078 3088 3093 3091 3088 3083 3081 3081 3082 3083 3083 3082 3081 3083 3084 3082 3081 3087 3088 3071 3056 3056 3055 3052 3049 3043 3036 3031 3026
2992 2998 3005 3007 3008 3002 2995 2998 3003 3002 3001 3000 2999 3000 3001 3000 2998 2999 2999 3003 3008 3013 3020 3019 3015 3013 3011 3013 3018 3032 3054 3068 3074 3077 3076 3079 3086 3090 3090 3090 3091 3091 3090 3088 3084 3081 3078 3078 3084 3088 3087 3087 3087 3085 3065 3049 3053 3057 3052 3048 3042 3036 3032 3028
2997 3001 3004 3004 3003 2995 2987 2994 3002 3001 3000 3001 3004 3001 2996 2999 3004 3004 3002 3003 3004 3011 3021 3023 3020 3016 3013 3012 3012 3025 3047 3062 3072 3077 3079 3081 3084 3086 3088 3091 3094 3096 3093 3090 3085 3080 3079 3079 3087 3093 3091 3090 3086 3080 3062 3047 3052 3056 3051 3047 3041 3035 3032 3028
2989 2994 2999 3002 3004 2999 2993 2996 3001 3001 3001 3003 3005 3005 3003 3003 3004 3004 3004 3005 3005 3009 3014 3014 3012 3012 3015 3014 3012 3021 3038 3054 3067 3078 3084 3085 3079 3078 3085 3089 3089 3088 3085 3083 3084 3084 3087 3090 3096 3099 3093 3086 3078 3070 3064 3058 3054 3050 3047 3045 3038 3031 3029 3026
2985 2991 2997 3002 3007 3003 2999 2999 3000 3000 3000 3003 3006 3008 3008 3007 3005 3005 3005 3006 3006 3008 3010 3009 3006 3009 3014 3014 3011 3017 3032 3048 3065 3078 3087 3086 3076 3073 3082 3087 3085 3083 3080 3080 3084 3088 3093 3097 3100 3101 3092 3082 3072 3062 3063 3062 3052 3042 3042 3042 3034 3027 3026 3025
2992 2998 3005 3009 3013 3008 3003 3002 3001 2998 2995 2999 3005 3006 3007 3007 3008 3007 3005 3005 3007 3010 3015 3014 3009 3007 3007 3006 3005 3015 3033 3051 3070 3079 3080 3079 3076 3077 3081 3084 3085 3085 3084 3085 3088 3090 3091 3092 3093 3092 3085 3077 3068 3059 3055 3050 3040 3031 3034 3036 3030 3024 3024 3024
2997 3004 3011 3014 3016 3012 3007 3004 3002 2997 2992 2996 3003 3005 3006 3008 3011 3008 3005 3005 3008 3013 3020 3018 3012 3007 3003 3002 3003 3014 3033 3053 3072 3080 3076 3076 3079 3081 3082 3084 3085 3087 3087 3088 3090 3091 3088 3087 3086 3085 3079 3073 3064 3056 3048 3040 3031 3023 3026 3029 3026 3022 3024 3026
2996 3002 3008 3011 3015 3012 3008 3003 2998 2998 2998 2998 2998 3003 3008 3009 3008 3007 3006 3007 3010 3016 3023 3022 3016 3012 3011 3009 3008 3017 3034 3051 3069 3080 3082 3085 3087 3088 3088 3089 3089 3088 3084 3083 3086 3087 3084 3081 3082 3081 3078 3073 3062 3051 3044 3038 3032 3027 3025 3023 3023 3024 3030 3037
2995 3000 3004 3009 3014 3011 3007 3002 2997 2999 3003 3000 2995 3001 3010 3010 3007 3006 3007 3009 3012 3017 3025 3024 3019 3017 3018 3016 3014 3022 3037 3053 3068 3080 3087 3092 3093 3093 3093 3092 3091 3088 3082 3080 3084 3085 3080 3077 3078 3078 3076 3071 3059 3047 3042 3036 3033 3029 3024 3019 3022 3026 3035 3043
2994 2998 3001 3008 3014 3009 3003 3001 3000 3001 3002 3002 3002 3006 3011 3010 3006 3007 3010 3010 3010 3013 3018 3020 3021 3022 3021 3022 3024 3034 3051 3065 3076 3083 3086 3088 3088 3089 3089 3089 3087 3085 3083 3083 3087 3088 3083 3078 3077 3075 3071 3065 3055 3045 3042 3039 3032 3025 3024 3023 3026 3029 3032 3034
2992 2996 2999 3006 3013 3006 2998 3000 3003 3002 3002 3004 3007 3009 3012 3009 3005 3007 3011 3011 3009 3010 3013 3018 3024 3027 3027 3030 3035 3047 3063 3075 3083 3086 3084 3084 3084 3085 3086 3086 3083 3082 3084 3086 3089 3089 3085 3080 3076 3071 3067 3061 3051 3043 3043 3042 3032 3022 3024 3026 3029 3031 3029 3027
2987 2993 2999 3001 3002 2998 2993 2995 2998 3001 3004 3003 3001 3006 3012 3009 3003 3005 3008 3011 3013 3016 3021 3026 3030 3035 3040 3045 3051 3059 3069 3077 3084 3085 3081 3080 3083 3085 3086 3086 3084 3084 3087 3089 3087 3086 3086 3084 3076 3069 3067 3064 3054 3046 3047 3046 3034 3024 3026 3027 3029 3030 3028 3025
2983 2991 3000 2997 2993 2992 2990 2992 2995 3000 3006 3003 2999 3004 3012 3009 3004 3005 3008 3013 3018 3023 3029 3034 3037 3043 3051 3058 3065 3070 3075 3080 3084 3084 3079 3078 3081 3084 3086 3087 3086 3087 3090 3091 3087 3084 3087 3086 3076 3068 3069 3068 3058 3049 3050 3049 3037 3027 3028 3030 3030 3031 3028 3025
2990 2995 3000 3002 3002 2999 2996 2999 3003 3003 3003 3009 3016 3017 3016 3018 3020 3021 3023 3026 3029 3034 3040 3045 3050 3052 3051 3056 3066 3076 3086 3089 3086 3083 3081 3081 3083 3085 3087 3087 3087 3089 3093 3095 3090 3086 3088 3088 3083 3078 3077 3074 3066 3059 3056 3053 3048 3043 3042 3042 3045 3048 3039 3031
2997 2999 3001 3006 3011 3006 3002 3006 3012 3008 3002 3015 3031 3029 3022 3027 3035 3037 3038 3039 3040 3044 3050 3055 3062 3059 3051 3055 3067 3081 3095 3097 3088 3083 3083 3083 3085 3087 3087 3088 3089 3091 3096 3098 3092 3088 3089 3089 3089 3087 3083 3079 3073 3068 3063 3058 3058 3058 3056 3054 3059 3063 3050 3037
2995 3001 3007 3009 3010 3008 3005 3011 3019 3020 3021 3029 3040 3038 3033 3038 3045 3048 3050 3050 3050 3052 3054 3059 3066 3064 3057 3060 3068 3078 3089 3094 3093 3091 3090 3089 3089 3088 3085 3084 3089 3092 3093 3093 3090 3088 3087 3086 3089 3089 3082 3076 3077 3076 3072 3068 3068 3068 3063 3059 3061 3063 3053 3044
2994 3003 3012 3011 3009 3009 3008 3016 3025 3032 3038 3043 3048 3047 3044 3048 3054 3058 3060 3060 3060 3059 3059 3063 3069 3069 3063 3064 3069 3076 3084 3091 3097 3099 3096 3094 3093 3089 3082 3081 3089 3093 3090 3088 3088 3087 3084 3083 3088 3090 3081 3074 3080 3084 3080 3077 3077 3077 3070 3064 3063 3062 3057 3051
2998 3002 3006 3009 3012 3012 3012 3022 3033 3038 3041 3045 3049 3048 3047 3050 3055 3059 3063 3063 3063 3063 3064 3066 3070 3068 3061 3062 3067 3073 3080 3084 3086 3087 3086 3087 3091 3090 3084 3082 3088 3091 3086 3083 3084 3084 3082 3081 3083 3085 3081 3077 3078 3078 3073 3069 3072 3074 3069 3064 3066 3068 3060 3052
3001 3000 2999 3007 3015 3015 3015 3028 3041 3043 3043 3046 3049 3050 3050 3053 3056 3060 3065 3066 3067 3068 3069 3070 3071 3067 3059 3060 3066 3071 3076 3077 3076 3075 3076 3080 3089 3091 3085 3083 3088 3088 3082 3078 3080 3081 3079 3078 3078 3079 3080 3080 3076 3072 3066 3062 3067 3071 3067 3064 3069 3073 3063 3052
2993 2997 3001 3009 3018 3023 3028 3038 3049 3049 3048 3048 3049 3053 3056 3057 3057 3060 3065 3068 3072 3072 3071 3071 3073 3071 3067 3068 3072 3074 3076 3075 3073 3072 3071 3074 3081 3083 3080 3078 3080 3079 3074 3072 3076 3079 3078 3076 3074 3073 3078 3081 3077 3074 3071 3068 3071 3073 3068 3062 3061 3059 3062 3064
2986 2994 3003 3012 3021 3031 3040 3049 3057 3055 3052 3051 3049 3055 3062 3061 3058 3060 3065 3071 3077 3077 3073 3073 3074 3075 3074 3075 3078 3078 3076 3074 3071 3069 3066 3067 3073 3076 3075 3074 3073 3070 3066 3065 3072 3077 3076 3074 3069 3068 3076 3081 3078 3075 3075 3075 3076 3075 3068 3060 3052 3045 3060 3076
