3054 3061 3058 3059 3073 3055 3072 3065 3053 3061 3051 3044 3056 3055 3053 3051 3061 3063 3063 3073 3065 3057 3052 3056 3058 3065 3048 3057 3063 3049 3053 3053 3058 3061 3060 3069 3069 3074 3052 3042 3043 3029 3046 3042 3033 3039 3030 3034 3023 3027 3035 3028 3026 3014 3010 3010 3007 3012 3020 3016 3028 3031 3040 3026
3073 3068 3053 3062 3078 3055 3075 3059 3059 3058 3038 3048 3053 3049 3055 3071 3058 3056 3063 3058 3052 3068 3062 3055 3060 3085 3075 3064 3064 3069 3059 3069 3068 3063 3064 3061 3051 3070 3050 3058 3048 3040 3034 3054 3036 3036 3031 3045 3040 3033 3040 3031 3024 3031 3025 3017 3019 3018 3013 3016 3010 3025 3022 3022
3065 3063 3050 3056 3074 3060 3052 3047 3050 3046 3057 3053 3040 3046 3057 3064 3068 3071 3067 3058 3051 3063 3075 3077 3065 3070 3073 3068 3065 3073 3086 3065 3066 3069 3063 3062 3066 3055 3055 3058 3057 3047 3052 3053 3044 3045 3049 3044 3041 3030 3024 3014 3029 3044 3023 3014 3034 3032 3019 2984 3004 3013 3011 3010
3049 3043 3060 3053 3055 3054 3058 3039 3045 3053 3057 3049 3043 3036 3049 3050 3046 3062 3048 3053 3047 3056 3059 3072 3070 3062 3063 3068 3076 3074 3062 3082 3077 3067 3066 3069 3075 3074 3076 3073 3055 3048 3058 3060 3056 3044 3038 3039 3047 3017 3023 3021 3004 3017 3019 3010 3029 3009 3021 3020 3026 3037 3013 3009
3057 3055 3048 3037 3053 3047 3044 3055 3048 3059 3050 3049 3038 3027 3031 3051 3051 3045 3040 3055 3051 3052 3065 3065 3055 3051 3059 3050 3056 3071 3066 3081 3062 3065 3070 3073 3077 3071 3089 3079 3070 3075 3064 3057 3049 3043 3041 3025 3040 3037 3030 3028 3015 3009 3017 3015 3011 2999 3026 3023 3027 3024 3031 3025
3048 3048 3043 3036 3043 3043 3052 3046 3040 3057 3048 3053 3049 3045 3036 3053 3044 3048 3052 3052 3051 3041 3049 3053 3064 3065 3063 3057 3064 3089 3090 3081 3082 3077 3078 3096 3088 3091 3091 3081 3082 3077 3070 3060 3050 3064 3040 3036 3042 3040 3039 3031 3020 3031 3021 3014 3000 3003 3012 3029 3028 3030 3013 3016
3034 3048 3027 3036 3049 3033 3032 3038 3035 3029 3055 3043 3041 3053 3046 3042 3042 3050 3038 3053 3061 3066 3066 3071 3095 3087 3080 3064 3077 3086 3083 3091 3083 3098 3086 3094 3094 3102 3100 3087 3096 3087 3081 3082 3067 3068 3049 3044 3049 3044 3047 3031 3026 3028 3012 3025 3003 3008 3034 3022 3019 3004 3021 3019
3017 3008 3001 3003 3005 3005 3006 3009 3018 3016 3015 3017 3014 3033 3037 3040 3021 3028 3038 3034 3042 3051 3068 3074 3076 3081 3070 3080 3083 3084 3095 3094 3094 3084 3087 3094 3097 3090 3094 3102 3096 3099 3076 3080 3075 3075 3064 3053 3035 3034 3044 3023 3015 3018 3014 3029 3023 3014 3023 3015 3038 3024 3014 3019
2993 2972 2975 2972 2977 2985 2983 2989 2984 2991 2995 2997 3000 3012 3030 3024 3018 3010 3019 3036 3027 3038 3057 3062 3074 3082 3079 3085 3094 3087 3089 3086 3091 3094 3093 3078 3079 3086 3096 3098 3090 3073 3084 3098 3090 3085 3052 3035 3036 3039 3037 3019 3023 3014 3007 3006 3022 3002 3011 3009 3013 3030 3012 3034
2983 2953 2963 2970 2968 2972 2983 2987 3001 2979 2981 2995 3008 3014 3019 3010 3008 3010 3033 3027 3014 3045 3066 3079 3066 3064 3074 3076 3085 3086 3095 3101 3097 3100 3090 3084 3078 3081 3085 3092 3082 3097 3100 3098 3086 3085 3066 3044 3054 3047 3043 3029 3013 3012 3014 3025 3010 3011 3020 3001 3011 3026 3007 3014
2982 2993 2967 2963 2967 2974 2986 2993 2991 2979 2987 2999 3015 3010 3016 3020 3010 3018 3029 3029 3021 3055 3066 3075 3066 3077 3080 3072 3095 3094 3101 3098 3091 3111 3091 3084 3079 3084 3082 3086 3086 3096 3083 3097 3084 3085 3068 3060 3050 3038 3031 3037 3033 3036 3030 3030 3021 3016 3017 3006 3006 3010 3007 3003
2982 2972 2981 2970 2969 2988 2987 2985 2972 2985 2984 3002 3022 3015 3020 3018 3021 3013 3023 3026 3039 3058 3074 3091 3071 3064 3065 3086 3087 3092 3107 3091 3104 3097 3099 3087 3081 3083 3088 3094 3104 3094 3100 3091 3087 3087 3065 3052 3047 3035 3041 3034 3041 3025 3031 3023 3014 3015 3022 3031 3006 3013 3007 3002
2962 2976 2978 2982 2983 2974 2982 2971 2964 2986 3003 2995 3010 3014 3020 3011 3005 3017 3020 3038 3045 3048 3085 3084 3077 3083 3068 3069 3074 3091 3112 3085 3100 3094 3097 3085 3079 3079 3089 3103 3099 3084 3092 3077 3082 3098 3086 3088 3056 3050 3039 3039 3055 3042 3032 3023 3013 3003 3002 3029 3019 3017 3010 3006
2968 2987 2976 2986 2985 2989 2994 2973 2972 2989 3001 3009 3010 3020 3025 2999 3014 3014 3018 3029 3049 3058 3081 3088 3076 3074 3074 3075 3084 3094 3091 3097 3091 3082 3089 3083 3077 3086 3089 3096 3100 3095 3094 3096 3086 3089 3083 3081 3054 3043 3056 3059 3044 3032 3040 3013 3019 2998 3008 3020 3001 3010 3021 3009
2986 2993 2991 2988 2987 2991 2990 2974 2988 2984 3004 3033 3021 3024 3034 3027 3013 3018 3027 3045 3070 3076 3070 3078 3091 3082 3072 3074 3096 3102 3092 3105 3087 3086 3089 3091 3078 3083 3088 3084 3098 3100 3108 3103 3083 3094 3097 3083 3073 3050 3058 3059 3051 3042 3031 3034 3020 3007 3018 3007 3016 3004 3008 3021
2990 2991 2996 3001 3014 2998 3003 3000 2998 3005 3002 2994 3043 3023 3025 3038 3020 3030 3014 3048 3060 3076 3090 3086 3093 3084 3082 3086 3093 3105 3085 3090 3084 3092 3088 3101 3089 3084 3087 3091 3109 3096 3094 3094 3085 3102 3086 3082 3066 3067 3070 3069 3053 3051 3051 3039 3030 3024 3022 3014 3013 3013 3010 3017
2998 3000 3018 3001 3015 3007 3004 2997 3008 3005 3020 3022 3027 3031 3039 3028 3026 3017 3040 3059 3059 3074 3090 3105 3091 3096 3089 3078 3084 3084 3078 3088 3113 3085 3096 3096 3093 3103 3089 3088 3087 3093 3100 3079 3091 3084 3073 3082 3078 3080 3094 3095 3068 3061 3042 3050 3033 3039 3025 2997 3014 3034 3026 3013
2996 3011 3020 3024 3010 3010 3007 3006 3007 3011 3005 3024 3032 3036 3025 3029 3032 3041 3025 3044 3072 3079 3090 3098 3064 3081 3079 3080 3091 3086 3084 3098 3105 3096 3099 3097 3093 3084 3082 3084 3088 3092 3092 3085 3090 3093 3083 3085 3080 3079 3092 3083 3073 3048 3056 3044 3045 3026 3022 3011 3031 3019 3011 3019
3011 3009 3016 3005 3006 2999 3015 3005 2994 3007 3009 3017 3023 3024 3035 3044 3057 3041 3043 3054 3059 3082 3092 3085 3087 3073 3074 3080 3079 3084 3089 3086 3100 3089 3098 3087 3089 3086 3078 3088 3086 3099 3092 3086 3068 3084 3081 3076 3084 3085 3078 3089 3078 3090 3062 3046 3020 3024 3027 3009 3010 3009 3014 3020
3010 3012 3012 3005 3008 3006 3011 3002 3012 3019 3019 3016 3033 3035 3041 3046 3046 3052 3051 3058 3077 3078 3076 3086 3092 3087 3106 3094 3085 3091 3088 3089 3080 3075 3093 3103 3089 3085 3083 3081 3091 3098 3096 3082 3072 3070 3080 3078 3074 3076 3080 3083 3081 3078 3052 3038 3031 3016 3025 3029 3008 3014 3013 3011
3017 3017 3014 3008 3022 3016 3007 3020 3011 3015 3028 3019 3040 3035 3034 3048 3048 3054 3052 3062 3064 3075 3082 3083 3078 3076 3096 3087 3092 3089 3081 3080 3081 3089 3082 3101 3089 3102 3102 3103 3079 3084 3099 3101 3080 3069 3081 3081 3084 3077 3082 3082 3085 3070 3057 3036 3022 3030 3026 3027 3006 3002 3021 3020
3027 3022 3012 3026 3012 3017 3010 3017 3016 3019 3007 3026 3022 3029 3039 3047 3059 3065 3060 3076 3071 3066 3062 3083 3080 3085 3089 3080 3085 3075 3087 3086 3081 3090 3086 3090 3083 3084 3105 3096 3096 3093 3093 3102 3086 3074 3080 3076 3081 3080 3073 3085 3068 3068 3054 3029 3022 3033 3034 3033 3008 3002 3015 3025
3022 3018 3026 3010 3027 3015 3017 3017 3023 3018 3026 3023 3023 3030 3043 3063 3050 3068 3078 3074 3066 3074 3077 3081 3090 3079 3086 3083 3089 3076 3074 3090 3098 3099 3098 3094 3089 3091 3083 3086 3085 3092 3103 3084 3091 3071 3093 3074 3082 3083 3076 3076 3082 3073 3065 3053 3030 3043 3027 3033 3021 3005 3004 3014
3027 3019 3018 3020 3021 3012 3021 3012 3014 3009 3014 3013 3021 3025 3051 3052 3065 3072 3087 3080 3072 3091 3078 3075 3084 3081 3079 3083 3083 3088 3093 3083 3092 3101 3083 3085 3095 3085 3091 3079 3094 3089 3092 3094 3090 3075 3082 3075 3089 3080 3083 3081 3094 3064 3065 3038 3045 3031 3021 3019 3020 3019 3008 3014
3017 3002 3001 3010 3011 3013 3000 3003 3024 3016 3000 3009 3009 3026 3055 3072 3079 3090 3083 3077 3089 3099 3103 3089 3081 3098 3097 3079 3077 3078 3090 3098 3092 3085 3083 3094 3079 3072 3096 3091 3108 3094 3103 3082 3090 3081 3081 3078 3093 3090 3089 3094 3092 3072 3059 3031 3027 3032 3017 3029 3018 3023 3016 3005
3004 3001 3004 3011 3019 3014 3001 3007 3005 3012 2998 3014 3002 3024 3055 3074 3085 3072 3090 3082 3088 3081 3096 3087 3082 3084 3093 3076 3077 3080 3079 3094 3099 3090 3093 3085 3090 3091 3088 3080 3085 3094 3092 3084 3103 3086 3069 3084 3076 3097 3095 3093 3080 3086 3054 3032 3019 3034 3025 3017 3016 3028 3019 3031
2992 2999 3003 3015 3003 2997 3008 3000 2998 3005 3005 3007 3006 3012 3045 3074 3088 3097 3084 3079 3061 3076 3094 3082 3081 3083 3086 3079 3090 3074 3098 3100 3097 3102 3091 3086 3089 3078 3069 3082 3084 3085 3093 3089 3082 3081 3087 3076 3079 3086 3090 3088 3066 3086 3051 3030 3023 3030 3020 3033 3035 3020 3032 3009
2997 3007 3018 3009 3000 2998 3012 3016 3007 3010 3002 3010 3016 3035 3050 3069 3085 3076 3092 3086 3072 3087 3075 3081 3086 3070 3094 3079 3090 3075 3099 3086 3090 3088 3081 3080 3081 3081 3075 3079 3079 3094 3089 3090 3089 3086 3078 3090 3085 3076 3086 3088 3085 3066 3050 3030 3035 3036 3031 3041 3030 3018 3028 3030
2985 3012 3009 3017 3014 3015 3009 3003 3002 2999 3009 3001 3012 3042 3056 3072 3067 3076 3076 3078 3085 3085 3082 3077 3073 3080 3087 3092 3084 3091 3076 3078 3092 3080 3078 3082 3077 3067 3073 3061 3081 3091 3088 3079 3087 3093 3082 3078 3090 3075 3091 3083 3087 3069 3064 3033 3035 3026 3029 3033 3021 3015 3009 3013
3001 2993 3011 3014 3020 3010 3011 2998 2999 3000 3004 3006 3012 3039 3039 3059 3050 3066 3085 3093 3074 3080 3089 3086 3079 3080 3076 3087 3092 3093 3067 3069 3092 3079 3082 3081 3072 3065 3065 3066 3074 3088 3075 3079 3081 3079 3087 3087 3097 3092 3078 3075 3079 3081 3060 3043 3035 3041 3042 3025 3019 3018 3013 3010
2994 3015 3008 2996 3011 3006 3008 2999 3006 3014 3009 3014 3020 3035 3042 3049 3055 3066 3076 3097 3087 3080 3086 3086 3083 3076 3077 3091 3083 3092 3084 3087 3083 3101 3079 3101 3091 3083 3080 3073 3084 3081 3088 3079 3093 3077 3088 3095 3090 3093 3086 3087 3089 3073 3057 3027 3030 3028 3021 3022 3020 3007 3015 3019
3016 3010 3015 3015 3012 3020 3005 3007 3008 2999 3032 3019 3007 3036 3047 3050 3051 3065 3089 3072 3084 3085 3094 3086 3086 3081 3082 3085 3080 3092 3083 3099 3094 3102 3100 3087 3083 3084 3075 3066 3092 3085 3082 3090 3085 3084 3085 3081 3089 3076 3077 3076 3083 3066 3052 3023 3023 3044 3020 3015 3019 3016 3021 3005
3026 3017 3031 3037 3018 3016 3019 3005 3012 3014 3016 3017 3009 3029 3035 3051 3056 3054 3066 3066 3080 3077 3080 3077 3068 3076 3092 3087 3090 3083 3082 3081 3084 3084 3084 3089 3083 3087 3081 3070 3071 3075 3077 3070 3087 3076 3089 3080 3082 3081 3089 3065 3083 3071 3050 3036 3033 3014 3020 3022 3012 3018 3014 3016
3021 3014 3025 3031 3027 3017 3013 3013 3017 3014 3025 3018 3013 3025 3046 3058 3063 3078 3057 3064 3079 3085 3092 3086 3077 3084 3074 3080 3091 3085 3091 3078 3077 3084 3086 3081 3087 3096 3086 3083 3062 3070 3094 3092 3085 3092 3084 3092 3077 3088 3059 3077 3065 3080 3050 3028 3032 3036 3023 3008 3028 3021 3015 3015
3016 3022 3027 3006 3011 3011 3012 3012 3001 3008 3005 3013 3027 3006 3020 3027 3074 3070 3087 3071 3072 3087 3078 3088 3091 3070 3085 3099 3093 3079 3096 3080 3097 3077 3084 3075 3081 3069 3088 3068 3069 3064 3067 3094 3090 3082 3093 3075 3085 3081 3075 3081 3065 3071 3043 3026 3033 3032 3026 3011 3015 3011 3007 3019
3015 3022 3012 3001 3010 3002 3002 3002 3001 2996 3004 3011 3018 3006 3005 3026 3051 3064 3063 3091 3084 3096 3072 3079 3099 3074 3093 3093 3091 3111 3091 3095 3088 3080 3093 3075 3074 3077 3086 3078 3077 3068 3083 3075 3089 3094 3081 3083 3076 3080 3078 3064 3069 3058 3040 3029 3024 3024 3007 3017 3001 3006 3000 3013
3008 3008 3012 3008 3005 3013 2997 3014 3012 3016 3004 3005 3002 3010 3023 3024 3033 3054 3047 3072 3082 3091 3078 3085 3069 3091 3096 3092 3084 3089 3088 3093 3096 3080 3082 3092 3081 3077 3085 3082 3082 3088 3074 3080 3080 3093 3099 3096 3093 3067 3057 3079 3063 3057 3031 3033 3018 3010 3005 3009 3007 3013 3005 3007
3013 3005 3026 3006 3017 3004 3001 3006 3012 3019 3013 3002 3000 2997 3006 3013 3025 3054 3066 3088 3083 3079 3077 3074 3072 3083 3081 3093 3102 3098 3088 3094 3088 3092 3085 3082 3089 3078 3069 3075 3079 3095 3089 3080 3091 3082 3087 3089 3093 3079 3071 3070 3065 3056 3043 3025 3013 3003 3010 3005 3018 3016 3005 3006
3000 3020 3025 3008 3014 2989 3017 3006 3002 3009 3004 2993 2996 3004 2999 3009 3040 3046 3053 3078 3086 3076 3080 3082 3084 3081 3080 3089 3087 3096 3091 3090 3086 3092 3080 3083 3103 3085 3063 3067 3065 3090 3083 3085 3095 3091 3089 3088 3084 3080 3076 3057 3055 3042 3032 3016 3012 3020 3013 2998 2991 3020 3015 3013
2996 2996 3008 2990 3005 3003 3002 3013 3020 3003 3012 3013 3005 3001 2999 3017 3017 3026 3063 3074 3072 3074 3065 3078 3092 3080 3082 3084 3099 3085 3087 3092 3083 3078 3080 3082 3091 3078 3072 3068 3064 3072 3085 3098 3088 3094 3091 3084 3082 3062 3078 3057 3062 3052 3025 3015 3007 3011 3009 3002 3014 3002 3009 3014
2998 3014 2998 3009 3000 2995 3003 3016 3005 2999 2998 3011 3006 3015 2996 3019 3010 3040 3057 3062 3090 3071 3078 3067 3066 3077 3084 3087 3096 3089 3091 3071 3083 3085 3067 3082 3089 3076 3084 3086 3073 3070 3082 3089 3097 3100 3080 3071 3081 3072 3077 3066 3057 3038 3030 3020 3013 3012 3015 3009 3012 2995 3011 3005
3006 3000 2987 3001 3006 3009 3014 3013 3008 3005 3010 3015 3021 3006 2995 3007 2991 3018 3059 3061 3078 3086 3063 3063 3072 3072 3086 3100 3090 3087 3060 3074 3078 3074 3077 3069 3093 3072 3080 3081 3075 3081 3078 3087 3092 3079 3075 3079 3084 3080 3062 3066 3055 3040 3029 3010 3021 3023 3022 3014 3004 3012 3013 3014
3008 3016 3004 3006 3011 3022 3014 3009 3015 3012 3000 2995 2999 3008 2986 3000 3020 3025 3033 3047 3064 3089 3089 3082 3074 3079 3077 3089 3084 3085 3078 3080 3080 3091 3077 3067 3070 3085 3070 3081 3081 3091 3081 3082 3079 3093 3080 3078 3079 3073 3061 3056 3043 3025 3038 3016 3013 3018 3010 2999 3012 3013 3007 3009
3010 3014 3018 3015 3023 3006 3003 3000 3005 3006 3010 2992 2985 2993 2991 3001 3003 3006 3025 3043 3067 3071 3074 3080 3088 3092 3079 3084 3076 3094 3077 3092 3100 3078 3074 3077 3072 3078 3081 3086 3082 3094 3085 3086 3087 3097 3079 3088 3071 3072 3075 3056 3037 3018 3020 3006 3004 3014 3014 3023 3024 3016 3004 3007
3006 2986 2994 3013 3012 3001 3007 2996 3001 3005 3004 2996 3020 2999 3007 3009 2999 3021 3010 3032 3061 3073 3071 3076 3089 3067 3088 3085 3101 3085 3088 3095 3098 3100 3086 3084 3071 3094 3084 3081 3092 3084 3087 3092 3085 3080 3072 3073 3087 3078 3048 3034 3021 3019 3009 3002 3014 3020 3011 3023 3005 3010 3026 3015
2992 3003 3006 2997 3007 3010 3001 2990 3007 3011 2992 3010 3017 3006 3008 3009 3016 3015 3018 3023 3054 3053 3070 3089 3078 3083 3081 3077 3083 3076 3087 3085 3099 3078 3074 3097 3078 3089 3086 3089 3079 3083 3091 3088 3086 3091 3077 3069 3073 3066 3047 3020 3016 3021 3023 3016 3010 3001 3010 3021 3024 3011 3011 3019
2995 3007 3008 3007 3008 3009 3007 3004 2995 3022 2994 3003 3009 3006 3013 3027 3009 2994 3016 3021 3034 3055 3065 3068 3068 3081 3075 3085 3071 3084 3084 3089 3098 3099 3082 3095 3077 3091 3092 3081 3086 3090 3087 3099 3085 3086 3086 3085 3073 3062 3056 3032 3025 3007 3024 3024 3029 3027 3022 3019 3006 3004 2999 3001
2999 3004 3017 3003 3014 3008 3011 3008 3011 3012 2999 2998 2993 3004 3014 3017 3010 3011 3011 3004 3024 3038 3049 3054 3074 3088 3074 3090 3076 3081 3079 3090 3102 3094 3086 3105 3085 3078 3089 3082 3093 3078 3084 3091 3086 3095 3079 3078 3074 3070 3046 3035 3031 3020 3020 3008 3018 3025 3014 3014 3011 3009 2999 3007
3000 3003 3007 2999 3008 3002 2999 3004 3004 2994 3008 3000 2999 2996 3012 3009 3011 3010 3008 3020 3021 3037 3049 3073 3075 3078 3075 3069 3082 3086 3083 3095 3089 3103 3100 3094 3088 3084 3088 3081 3084 3091 3090 3104 3085 3085 3086 3081 3057 3048 3034 3019 3021 3026 3015 3019 3024 3016 3006 2999 3007 3008 3013 3014
2995 2994 3001 3008 2993 2995 2993 2992 2987 2996 3004 3014 3002 3008 3018 3011 3010 3002 3014 3014 3012 3029 3049 3068 3077 3080 3089 3077 3074 3080 3097 3095 3100 3092 3100 3083 3086 3089 3090 3103 3087 3086 3099 3087 3096 3099 3080 3054 3050 3024 3017 2996 3020 3031 3005 3018 3015 3027 3001 2985 2998 3009 3007 3012
3007 3005 3018 3011 2989 2997 3010 3004 3002 2999 2988 3009 2997 3011 3010 3013 3009 3004 2987 3005 3017 3035 3043 3050 3070 3073 3082 3067 3078 3072 3078 3088 3097 3082 3089 3086 3094 3082 3088 3098 3089 3093 3084 3085 3081 3087 3079 3060 3039 3013 3025 3017 3022 3020 3017 3022 3001 3001 3012 3007 3001 3012 3006 3010
2991 2996 3011 3009 3010 3000 3001 3007 3003 3009 3002 3002 2999 3001 3011 3016 3019 3010 3014 3001 3013 3010 3036 3049 3068 3079 3082 3092 3093 3083 3077 3085 3102 3087 3076 3073 3079 3069 3078 3098 3093 3089 3096 3081 3089 3090 3072 3077 3055 3022 3019 3018 3012 3020 3009 3016 3015 3010 3024 3006 3025 2995 3012 2995
2994 2991 2996 3002 3003 3008 3003 3005 2999 3007 3008 3002 3001 3014 3018 3009 3015 3006 3001 3005 3007 3017 3042 3051 3072 3090 3099 3092 3083 3108 3106 3083 3089 3102 3097 3087 3074 3084 3096 3092 3082 3088 3075 3094 3095 3098 3087 3066 3037 3019 3024 3010 3012 3022 3019 3023 3016 3023 3014 3011 3014 3003 3002 3019
2987 2999 2998 3002 3014 3014 3005 3021 3011 3010 3005 3002 3006 3016 3018 3019 3009 2996 3008 3007 3020 3037 3045 3059 3089 3080 3079 3083 3092 3098 3103 3072 3089 3087 3095 3066 3075 3071 3084 3078 3084 3082 3082 3089 3085 3083 3080 3062 3043 3020 3019 3032 3021 3032 3011 3021 3030 3018 3019 3009 3004 3003 3011 3014
3010 2995 2988 2989 3005 3010 3007 3009 3006 2990 2992 2992 3001 3009 3017 3013 3008 3007 3005 3014 3030 3036 3041 3062 3077 3093 3095 3085 3093 3093 3078 3077 3083 3082 3076 3086 3086 3088 3077 3077 3087 3086 3084 3083 3079 3100 3089 3066 3047 3026 3018 3013 3020 3014 3015 3021 3009 3005 3011 3025 3019 3011 3006 3009
3011 3005 3003 3000 2999 3013 3020 3007 3001 2983 2983 2991 3001 3001 3013 3011 3009 3015 3013 3011 3022 3040 3061 3062 3077 3078 3089 3083 3100 3090 3097 3081 3076 3084 3091 3084 3074 3087 3079 3088 3084 3088 3082 3089 3079 3089 3084 3065 3034 3027 3027 3014 3018 3027 3028 3026 3003 2998 3026 3027 3027 3031 3005 3020
3015 3002 2986 3012 3005 3000 3008 2997 3005 2999 2997 3007 3013 3010 3012 3019 3018 3019 3028 3037 3054 3071 3076 3071 3100 3089 3100 3082 3098 3089 3091 3093 3082 3078 3090 3080 3088 3085 3080 3079 3079 3092 3073 3070 3084 3087 3091 3094 3068 3055 3042 3040 3046 3043 3017 3027 3023 3010 3033 3046 3026 3027 3019 3015
3003 3005 3002 3008 2991 3002 3009 3009 2998 3008 3000 2997 3013 3017 3019 3021 3020 3032 3036 3065 3081 3087 3088 3097 3095 3096 3095 3105 3098 3101 3087 3085 3090 3089 3088 3086 3098 3092 3092 3083 3078 3079 3079 3092 3085 3090 3098 3079 3075 3064 3063 3054 3053 3037 3040 3041 3047 3038 3030 3049 3048 3034 3030 3029
2995 3012 3006 3004 2998 3023 3011 3012 3009 3002 3017 3009 3015 3024 3027 3030 3032 3047 3053 3071 3082 3094 3095 3093 3102 3097 3103 3110 3098 3088 3102 3096 3086 3098 3100 3092 3102 3104 3089 3106 3090 3091 3077 3083 3087 3091 3091 3083 3083 3057 3067 3059 3054 3049 3049 3060 3031 3044 3041 3049 3037 3040 3044 3048
3007 3000 3005 3013 3002 3020 3019 3023 3012 3023 3034 3016 3007 3042 3033 3038 3052 3054 3063 3078 3102 3088 3101 3084 3099 3097 3101 3101 3097 3093 3093 3089 3103 3099 3087 3086 3108 3095 3104 3092 3102 3096 3082 3093 3103 3093 3078 3088 3082 3072 3065 3071 3067 3045 3062 3064 3061 3047 3045 3044 3059 3057 3052 3056
3020 3013 3026 3012 3022 3011 3020 3026 3011 3024 3024 3030 3028 3041 3048 3046 3046 3061 3066 3071 3091 3098 3105 3105 3105 3095 3091 3097 3085 3098 3097 3108 3096 3099 3098 3087 3092 3093 3092 3093 3091 3098 3090 3095 3077 3081 3098 3085 3085 3072 3073 3070 3071 3067 3075 3075 3057 3059 3051 3056 3073 3060 3059 3052
3018 3012 3020 3022 3030 3014 3016 3027 3038 3033 3032 3044 3051 3041 3045 3055 3054 3069 3056 3083 3078 3090 3103 3121 3091 3101 3095 3090 3093 3102 3116 3114 3093 3096 3087 3086 3097 3089 3091 3075 3100 3091 3104 3084 3090 3081 3086 3086 3089 3080 3074 3078 3077 3076 3075 3089 3066 3062 3070 3070 3063 3067 3056 3047
3013 3012 3022 3019 3024 3037 3034 3061 3034 3038 3031 3039 3059 3067 3060 3058 3065 3052 3067 3074 3075 3096 3088 3097 3104 3107 3102 3091 3095 3095 3103 3113 3102 3108 3099 3109 3101 3091 3089 3102 3101 3095 3090 3102 3087 3099 3096 3093 3085 3059 3084 3069 3067 3084 3069 3070 3067 3066 3074 3069 3073 3071 3063 3055
3027 3030 3036 3029 3034 3042 3055 3058 3055 3048 3040 3050 3064 3056 3050 3061 3062 3064 3064 3081 3082 3100 3095 3095 3095 3103 3103 3096 3091 3096 3115 3101 3109 3096 3095 3097 3102 3108 3097 3089 3101 3097 3097 3088 3103 3094 3093 3084 3087 3095 3074 3075 3073 3080 3059 3062 3077 3075 3079 3081 3073 3076 3080 3075
