3051 3043 3029 3044 3043 3053 3065 3055 3057 3054 3045 3043 3027 3036 3047 3039 3038 3039 3040 3041 3031 3045 3046 3027 3034 3023 3032 3011 3024 3033 3012 3026 3019 3021 3018 3011 3018 3022 3022 3014 3016 3015 3022 3015 3014 2998 3005 3003 3013 3003 3018 3007 2997 3003 3006 3007 2995 2988 2979 2984 2983 2988 2973 2981
3046 3043 3057 3043 3030 3039 3055 3056 3039 3034 3040 3024 3028 3027 3037 3047 3046 3039 3039 3039 3050 3045 3039 3028 3029 3034 3026 3014 3032 3029 3025 3023 3018 3018 3024 3009 3011 3004 3011 3023 3008 3021 3012 3016 3007 2993 2993 3001 3000 3010 2997 3014 2999 3009 3011 3004 3003 2992 2981 2996 2987 3003 3010 2981
3047 3062 3043 3037 3049 3052 3038 3048 3053 3041 3016 3026 3019 3027 3034 3047 3041 3053 3038 3031 3048 3063 3025 3031 3032 3033 3031 3027 3025 3032 3021 3014 3024 3009 3024 3020 3017 3017 3014 3017 3018 3023 3012 3013 3005 2998 3001 3008 3002 3001 3009 3020 3006 3001 3010 3007 3001 3002 2996 2995 3000 3017 3005 2995
3044 3058 3048 3032 3034 3044 3046 3054 3044 3043 3032 3022 3026 3041 3039 3035 3043 3044 3024 3046 3049 3061 3041 3042 3049 3041 3039 3031 3031 3030 3041 3027 3022 3019 3015 3007 3008 3012 3025 3011 3007 3012 3019 3011 3003 2993 3000 2996 3002 3008 3007 2997 3014 2998 3013 3006 3007 2994 2990 2988 3002 2999 2992 2994
3049 3062 3050 3047 3034 3047 3059 3037 3038 3046 3050 3030 3025 3027 3035 3030 3025 3030 3029 3050 3055 3053 3056 3054 3043 3055 3046 3051 3046 3063 3034 3025 3020 3018 3018 3025 3014 3018 3018 3015 3010 3015 3015 3009 3008 3005 3006 3017 3007 3004 3000 3019 3012 2995 2997 3008 3005 2997 2990 2994 2977 2988 2991 2998
3040 3030 3041 3042 3040 3045 3039 3037 3033 3037 3043 3031 3033 3029 3028 3040 3044 3040 3029 3047 3058 3059 3053 3050 3057 3037 3054 3049 3040 3029 3043 3033 3049 3024 3027 3017 3025 3017 3010 3010 3013 3000 3008 3013 3003 3008 2998 3022 3006 2992 3005 3001 3004 2992 3017 3001 3000 3000 2987 3004 2978 2991 2985 3004
3048 3051 3058 3033 3027 3044 3052 3045 3019 3033 3048 3048 3034 3041 3038 3048 3042 3030 3037 3058 3064 3054 3057 3048 3051 3043 3058 3040 3030 3051 3044 3028 3042 3043 3026 3037 3020 3026 3013 3007 3002 3002 3012 3007 3003 3002 3002 2999 3006 3000 3006 3007 3003 2987 2996 3010 2989 2996 2992 2997 2995 2999 3009 3020
3017 3017 3017 3009 3016 3005 3017 3018 2995 3027 3015 3018 3033 3018 3032 3032 3033 3025 3037 3042 3048 3049 3047 3024 3032 3026 3029 3032 3037 3033 3030 3049 3042 3034 3040 3048 3031 3015 3019 3017 3022 3023 3021 3018 3003 3014 3004 3010 3005 3013 3010 3005 3003 3009 3007 3010 3007 2989 3006 3006 2985 3007 3009 3016
2987 2984 2991 2997 3005 2996 2989 2976 2987 2995 3002 2998 2999 2999 3026 3019 3023 3021 3021 3026 3042 3040 3048 3033 3016 3019 3018 3018 3032 3021 3021 3031 3044 3024 3030 3017 3042 3041 3034 3027 3032 3029 3031 3031 3018 3017 3020 3013 3019 3019 3014 3019 3006 3005 2999 3001 3002 2997 2989 3002 3008 3003 2999 2995
2990 2978 2989 2981 2996 2983 2993 2988 2997 2997 3005 2991 3003 3011 3018 3030 3014 3021 3015 3029 3041 3052 3043 3030 3025 3017 3018 3035 3024 3016 3035 3046 3047 3023 3026 3029 3035 3037 3035 3033 3016 3021 3007 3018 3017 3010 3013 3007 2979 2995 3010 3011 3017 3020 3011 3011 2997 2999 3002 3013 3008 3019 3012 3005
2995 2979 3011 2993 2998 2989 2993 3006 3003 2999 3012 2995 3008 3028 3018 3036 3017 3009 3033 3026 3042 3055 3031 3040 3030 3028 3027 3031 3035 3035 3036 3051 3037 3039 3047 3039 3051 3050 3035 3023 3025 3015 3001 3017 3000 2995 2999 2989 2989 3002 2996 3018 3012 3011 2992 2998 3001 2994 2999 3007 3007 3012 2989 3000
2978 2976 2974 2994 2983 2991 3001 3004 3009 3000 3004 3005 3024 3022 3035 3042 3033 3020 3028 3032 3050 3041 3042 3042 3040 3035 3040 3031 3028 3034 3031 3043 3047 3045 3051 3050 3052 3043 3042 3041 3029 3021 3011 3002 3007 2999 2999 2991 2984 2982 2987 3003 3002 2999 2998 2991 2986 3002 2994 3010 3023 3008 3014 3004
2971 2961 2962 2977 2980 2995 2997 3004 3011 3002 3026 3017 3024 3014 3027 3036 3014 3026 3036 3030 3048 3048 3032 3039 3039 3026 3020 3036 3026 3020 3033 3036 3045 3047 3040 3055 3049 3028 3044 3047 3041 3042 3032 3014 3004 3009 2997 3004 2998 2984 2988 2980 2984 3004 2993 2997 2992 2991 2995 3029 3010 3023 3013 3019
2965 2963 2953 2962 2981 2987 2982 2994 3003 3010 3025 3032 3015 3016 3022 3027 3028 3028 3038 3048 3072 3045 3028 3037 3058 3039 3040 3033 3035 3033 3036 3041 3043 3046 3052 3046 3044 3052 3044 3048 3041 3046 3028 2996 3014 3009 3013 3001 2984 2985 2982 2992 2993 2993 2998 2995 2990 2999 3002 3018 3018 3010 3016 3019
2982 2964 2961 2985 2990 2989 2990 2994 3001 3018 3013 3004 3027 3022 3026 3024 3023 3027 3030 3038 3060 3071 3052 3047 3040 3051 3054 3034 3026 3041 3038 3045 3060 3061 3045 3048 3052 3051 3061 3046 3051 3044 3024 3023 2994 3004 3003 2990 2977 2987 2988 2987 2988 2981 2994 2994 3010 2997 3006 3006 3012 3000 3012 3009
2994 2977 2979 2967 2995 2990 2985 2997 3016 3006 3024 3031 3023 3024 3019 3019 3030 3039 3037 3056 3065 3055 3065 3057 3049 3047 3051 3045 3038 3042 3035 3056 3057 3061 3054 3050 3047 3050 3048 3044 3045 3034 3019 3010 2993 2986 2998 2985 2988 2988 2988 2999 2993 3002 3004 3006 2997 3004 3017 3024 3015 3023 3014 3009
2997 2994 2977 2990 2997 2987 2998 3003 3016 3021 3039 3040 3038 3029 3022 3047 3024 3050 3070 3076 3062 3060 3067 3063 3052 3037 3045 3033 3031 3035 3037 3049 3061 3060 3053 3058 3050 3054 3054 3044 3053 3035 3027 2996 3002 2997 2987 2985 3005 2999 2987 2990 2993 2991 2996 3008 3013 3005 2996 3008 3014 3019 3038 3014
2999 2997 3002 2997 3000 3001 3009 2998 3013 3035 3032 3023 3022 3025 3026 3033 3033 3042 3071 3082 3070 3062 3062 3068 3050 3044 3040 3036 3031 3032 3048 3040 3059 3082 3065 3052 3059 3053 3065 3046 3060 3043 3033 3012 3012 2989 2993 2979 2989 2999 2998 2992 3009 3018 3007 3012 3001 3003 3019 3001 3011 3028 3021 3018
2999 2998 3008 3010 2994 3001 3001 3005 3019 3035 3016 3034 3023 3035 3028 3037 3050 3053 3073 3077 3075 3062 3068 3066 3046 3051 3052 3037 3032 3035 3052 3065 3087 3066 3078 3076 3072 3058 3067 3063 3052 3050 3025 3021 3008 3004 2993 2973 2985 2990 3001 3017 3004 3015 3014 3020 3005 3006 3003 3006 3031 3025 3024 3012
2994 3000 3014 2999 3007 3011 3020 3010 3025 3039 3032 3031 3028 3031 3033 3042 3045 3060 3075 3081 3080 3073 3083 3072 3055 3039 3052 3054 3037 3060 3070 3079 3084 3089 3080 3084 3063 3064 3068 3064 3068 3062 3045 3016 3015 2996 3000 3000 2994 2994 2999 2998 3001 3009 3013 3017 3008 2995 3009 3007 3029 3017 3021 3021
2996 2998 3016 3014 3006 3018 3034 3023 3024 3017 3016 3023 3018 3020 3042 3036 3049 3070 3077 3083 3076 3078 3094 3078 3066 3052 3067 3042 3059 3062 3075 3065 3080 3064 3080 3067 3073 3074 3074 3068 3075 3053 3025 3015 3014 2998 2992 2987 2984 3000 2991 2994 2998 3009 3010 2997 3004 2994 3012 3011 3028 3009 3009 3022
3004 2995 3015 3009 3007 3019 3016 3012 3010 3019 3028 3038 3026 3020 3041 3055 3061 3065 3073 3078 3068 3078 3078 3077 3080 3072 3059 3065 3066 3081 3073 3085 3082 3080 3083 3072 3080 3068 3078 3088 3058 3054 3035 3014 3015 3005 2998 2992 2998 2991 2993 2991 2998 3001 3000 2997 2987 2995 3001 3013 3012 3001 3009 2991
2997 3000 2989 3001 2991 3000 3010 2997 3007 3012 3034 3028 3029 3036 3034 3033 3055 3073 3070 3066 3070 3069 3081 3084 3080 3072 3069 3066 3074 3076 3075 3084 3069 3100 3080 3082 3073 3081 3076 3072 3081 3071 3047 3021 3015 2990 2978 2988 2996 2987 2989 3012 3006 3007 3008 3015 3002 2984 2998 3015 2998 3004 2993 3005
2991 2986 2991 2995 3001 3002 2991 3001 2998 3007 3021 3029 3035 3044 3042 3042 3067 3079 3074 3071 3074 3063 3070 3084 3092 3075 3071 3080 3095 3088 3085 3071 3084 3094 3076 3071 3082 3086 3087 3080 3076 3069 3041 3036 3017 3009 3001 2991 3008 3012 3009 2998 3002 3008 3003 3012 3002 2984 2994 3008 2992 3004 2993 3005
2987 2999 2996 3005 2987 3004 3009 2992 3016 3008 3015 3038 3032 3046 3063 3078 3072 3067 3081 3080 3082 3076 3082 3088 3098 3092 3072 3087 3089 3097 3079 3078 3091 3087 3096 3075 3076 3082 3082 3077 3083 3076 3067 3041 3008 3004 3003 3004 3011 3004 3010 3002 2992 2996 2993 2992 2992 3017 3001 3004 2993 2991 2998 3009
2989 2992 2998 2998 2996 3002 3010 2990 3016 3007 3015 3015 3039 3069 3075 3075 3073 3083 3088 3093 3073 3082 3074 3084 3090 3084 3075 3090 3102 3095 3086 3076 3083 3087 3084 3088 3084 3085 3085 3086 3083 3077 3056 3060 3027 3001 3000 2989 3012 3013 3006 2997 2995 3003 2990 2994 3003 3001 3001 3010 2998 2986 2999 3002
2993 3001 2995 3010 2991 2996 3005 3016 3017 3007 3023 3024 3047 3078 3083 3088 3075 3080 3081 3089 3080 3082 3076 3081 3083 3086 3093 3100 3095 3087 3080 3092 3081 3098 3097 3090 3089 3084 3082 3085 3074 3065 3051 3039 3021 3003 3008 2994 2994 2999 3009 2997 3000 2989 2995 2997 3012 3010 3006 3003 3000 3015 3016 2998
2981 2993 2989 3004 2991 3001 2993 3008 3019 3000 3022 3032 3054 3064 3083 3088 3078 3077 3081 3068 3067 3073 3067 3079 3082 3080 3098 3084 3088 3099 3088 3092 3092 3090 3087 3096 3088 3093 3090 3095 3075 3069 3051 3029 2996 3009 2998 2991 2997 3013 2999 3002 2996 3005 3008 3009 2999 3005 3003 3007 2995 3004 2995 3006
2982 2996 2997 3000 3003 3001 3000 3014 3003 3003 3008 3036 3058 3060 3078 3077 3089 3085 3082 3077 3085 3092 3078 3082 3082 3067 3088 3080 3090 3081 3100 3099 3082 3097 3088 3091 3098 3087 3085 3069 3074 3068 3033 3018 3007 2993 2997 3004 2993 3001 2986 3006 2997 2989 2997 2995 2989 2993 3006 3020 2998 2992 2992 3010
2992 2994 2977 2988 3001 2989 2996 3003 3000 3019 3023 3019 3045 3054 3071 3079 3073 3087 3088 3079 3077 3066 3084 3078 3088 3083 3094 3082 3086 3087 3097 3098 3098 3108 3083 3089 3089 3079 3078 3081 3074 3062 3048 3024 3013 3013 3004 2997 2993 2999 3002 3000 3005 2998 3006 2999 2989 2994 2991 3022 2999 2986 2986 2998
2996 2981 2993 3001 3002 3004 2999 2996 3004 3015 3011 3029 3029 3045 3058 3069 3086 3091 3090 3086 3078 3100 3082 3087 3102 3083 3079 3082 3085 3088 3095 3093 3092 3089 3100 3079 3084 3098 3079 3079 3075 3059 3027 3018 3017 3010 2998 2993 3004 2993 3000 3000 3001 3004 2982 3002 3000 2987 3005 3024 2998 2990 3004 2995
3005 2987 2989 2996 2994 2994 3007 2991 3021 3002 3008 3021 3035 3050 3064 3073 3059 3077 3078 3090 3096 3078 3098 3095 3072 3090 3083 3078 3093 3092 3082 3087 3091 3075 3088 3086 3109 3087 3078 3072 3073 3054 3027 3017 3014 2996 3014 3007 2989 3013 2990 3003 3002 2986 2998 3008 3004 2985 3007 3016 3003 2992 3003 3004
2995 2994 2995 2990 2994 2999 3001 3007 3004 2985 3009 3012 3029 3048 3053 3057 3072 3073 3083 3082 3098 3088 3070 3087 3085 3082 3082 3091 3091 3091 3103 3082 3077 3085 3074 3081 3090 3095 3080 3071 3074 3067 3029 3017 3011 3001 3003 3015 3009 3009 2997 3002 3006 2994 2998 3011 3001 2992 3005 3010 3000 3004 2987 3005
2994 2999 3006 2992 2996 3009 3009 3002 3001 2990 2998 3014 3020 3048 3049 3069 3075 3075 3077 3080 3100 3084 3090 3097 3079 3077 3084 3088 3084 3093 3077 3093 3076 3074 3077 3075 3084 3076 3079 3084 3068 3049 3037 3030 3013 3014 3008 2994 2998 2999 3007 3008 3008 2999 3002 3017 2996 3007 3008 2995 3003 3010 3004 3002
2996 2991 3005 2990 2995 2992 3000 3004 2999 2997 3007 3006 3010 3037 3060 3062 3070 3072 3067 3075 3081 3084 3097 3092 3092 3096 3082 3083 3087 3087 3101 3087 3084 3093 3087 3085 3068 3073 3085 3075 3051 3054 3042 3019 3026 3014 3001 3000 3003 3005 2994 2994 2997 3001 2995 3004 3008 3011 2997 3011 3012 3004 2996 3005
2992 2989 2997 2990 2989 2990 2977 2984 2994 2994 3008 3009 3004 3023 3034 3060 3060 3067 3072 3076 3068 3078 3092 3085 3092 3095 3077 3088 3085 3093 3075 3088 3090 3091 3085 3077 3091 3087 3072 3068 3075 3060 3043 3016 3013 3007 3003 3008 3003 3006 3006 2992 3000 2994 3002 3009 3000 3005 2996 3010 3000 3001 3003 3015
2998 2984 2993 2983 2991 2990 2982 2982 2991 2990 3018 3004 2998 3008 3027 3043 3061 3064 3074 3068 3077 3086 3088 3086 3084 3075 3093 3088 3077 3085 3082 3090 3085 3087 3082 3080 3079 3083 3074 3067 3052 3058 3031 3015 2996 2996 2996 2996 3005 3002 3011 3002 3005 3016 2991 2991 3004 3002 3002 3001 3018 3007 3003 3000
2988 2994 2991 2985 2991 2988 2976 2985 2993 2984 2987 2995 2994 3004 3015 3041 3057 3052 3062 3081 3088 3086 3083 3089 3095 3077 3103 3079 3090 3090 3087 3094 3102 3094 3077 3088 3076 3079 3080 3060 3066 3041 3026 2989 2998 2994 2997 2995 3010 3009 3002 3000 3014 3001 3013 3011 3000 2991 2999 3006 3007 3004 2996 2997
2992 3003 2985 2991 2997 2990 2975 2996 2985 2991 3009 3010 3003 3004 3015 3026 3034 3043 3077 3074 3083 3079 3082 3084 3076 3095 3105 3087 3088 3090 3096 3096 3095 3091 3094 3093 3082 3080 3071 3058 3050 3038 3016 3009 3007 3004 3009 2995 3017 3007 3011 2999 3009 3012 3016 3003 2998 2991 3010 3013 3007 3001 3019 3007
2989 3009 3003 2993 2984 2985 2978 2995 2995 2983 2995 3002 2999 3003 3009 3013 3014 3039 3064 3063 3086 3084 3084 3088 3081 3099 3094 3116 3090 3080 3088 3084 3095 3109 3086 3087 3079 3070 3070 3062 3041 3021 3018 3018 2988 3000 3001 2998 3000 3007 3007 3006 3015 3000 3017 3000 3005 3015 3015 3003 3006 2995 3000 2995
3001 3005 2982 2994 2986 2995 2990 2986 2970 2983 2976 2996 2995 3001 2990 2997 3004 3037 3050 3057 3076 3076 3077 3102 3088 3085 3091 3096 3089 3080 3083 3082 3073 3087 3078 3073 3089 3084 3079 3067 3039 3018 3025 3018 3005 2997 2992 2995 3010 3008 3014 3016 3013 3001 3003 3006 3019 3028 3037 3013 3004 3010 3014 3021
2999 2995 2999 2979 2975 2984 2988 2977 2989 2980 2987 2995 2965 2986 2986 2996 3009 3016 3046 3060 3057 3080 3083 3091 3091 3081 3067 3077 3085 3088 3082 3074 3086 3067 3065 3084 3072 3083 3079 3065 3057 3027 3012 3015 2990 3003 3001 3004 3007 3014 3011 3010 3007 3007 3005 3019 3026 3034 3034 3028 3026 3015 3019 3020
2990 2998 2994 2997 2986 2979 2979 2985 3003 2984 2989 2993 2994 2996 2992 2994 2998 3015 3019 3050 3067 3089 3094 3087 3086 3092 3083 3078 3086 3085 3076 3073 3084 3091 3086 3083 3083 3074 3087 3066 3058 3032 3016 3009 3010 2996 3013 3015 3022 3012 3021 3020 2992 2988 2989 3005 3026 3048 3048 3041 3028 3015 3012 3028
3001 2992 2987 3000 2986 2979 2984 2991 2983 2983 2990 2999 3008 3006 3022 3001 2997 3015 3021 3036 3061 3090 3094 3084 3087 3081 3075 3080 3088 3087 3087 3075 3086 3089 3084 3087 3076 3084 3088 3063 3046 3041 3020 2999 3005 2993 3009 3020 3007 3009 3014 3017 3004 2999 3000 3001 3035 3039 3041 3031 3028 3015 2998 3026
2999 3003 2986 2979 2990 2986 2981 2994 2994 2994 3000 3004 3013 3003 3006 3003 3003 3003 3012 3030 3050 3067 3080 3087 3100 3079 3097 3085 3091 3079 3093 3081 3077 3068 3094 3074 3073 3085 3069 3065 3049 3045 3024 3013 3016 3005 3006 3011 3005 2996 3011 3006 3009 3010 3002 2988 3017 3038 3021 3028 3035 3021 3008 3018
3006 2996 2983 2985 2996 2986 2982 2996 2999 3007 3000 3004 3004 3012 2996 3002 2994 3007 3011 3027 3040 3062 3074 3071 3082 3075 3083 3087 3089 3076 3084 3083 3076 3080 3082 3081 3069 3078 3086 3085 3049 3046 3027 3003 2999 3006 3016 2994 3004 2982 3004 3014 3006 3005 3001 2999 3010 3026 3022 3031 3018 3016 3013 3008
3002 2990 2996 2994 2994 2991 3001 3002 2990 3002 3011 2993 3000 2993 3008 2990 2989 2992 2995 3024 3046 3056 3064 3072 3077 3088 3085 3084 3074 3084 3088 3095 3093 3086 3095 3089 3078 3086 3066 3066 3045 3043 3024 3020 3007 2990 3008 3005 2997 2984 3008 3029 3011 3013 3007 2993 3006 3022 3038 3038 3025 3015 3004 3012
2995 3004 3008 2994 3000 2985 3000 2996 3000 3007 2995 2997 2981 3003 2997 2990 2999 2996 3005 3024 3043 3061 3086 3072 3063 3090 3097 3091 3085 3077 3086 3098 3095 3088 3077 3085 3091 3086 3072 3077 3062 3035 3017 3013 3005 2998 3006 2994 3008 3004 3002 3010 3006 3019 3001 2992 3017 3021 3021 3047 3031 3018 3020 3010
2992 2987 2997 2994 2995 3002 3002 3013 3002 3008 3005 2993 2989 3001 3012 3013 2997 3003 3010 3034 3050 3065 3076 3082 3078 3094 3086 3083 3095 3084 3086 3093 3086 3078 3078 3076 3088 3071 3065 3067 3067 3041 3021 3012 3018 3011 2995 2997 3001 3007 3006 2993 3017 3009 3006 2993 3002 3022 3000 3023 3015 3006 3007 3004
2993 2993 2987 3002 3005 3018 3012 3008 3014 2996 3005 2993 3000 2994 3005 3014 2999 3008 3018 3034 3040 3062 3077 3069 3083 3078 3093 3090 3095 3083 3079 3092 3099 3095 3090 3078 3086 3072 3084 3071 3072 3044 3033 3021 3009 3029 3004 2998 3013 3014 2996 2985 3010 3016 2992 3005 3011 3007 3010 3013 3011 3018 3021 3020
2980 2992 2990 3009 3007 3009 3001 3000 2997 3006 3004 2992 2984 3016 3006 3002 3013 3014 3015 3040 3045 3067 3073 3084 3087 3081 3074 3087 3072 3086 3088 3094 3090 3084 3087 3085 3088 3073 3083 3072 3074 3068 3047 3018 3017 3029 3007 3018 3003 3007 3011 2995 3003 2989 3004 3006 3013 3011 3004 3015 3011 3015 3027 3024
2983 2973 2983 2995 2994 3001 3001 2989 2981 2997 2993 2999 2982 2988 2991 3011 3001 3015 3015 3036 3079 3083 3078 3091 3075 3079 3077 3091 3081 3090 3085 3089 3087 3088 3094 3089 3076 3082 3076 3080 3060 3074 3053 3035 3034 3032 3015 3001 3014 3014 3026 2991 2985 3003 3000 3014 2993 3003 3007 3008 3004 3026 3027 3018
2990 2983 2994 2995 3001 3006 3008 3000 2996 3015 3013 2998 3008 2991 3031 3010 3028 3035 3053 3049 3080 3089 3094 3081 3084 3074 3068 3065 3063 3076 3086 3079 3077 3091 3086 3085 3070 3074 3074 3070 3082 3069 3072 3057 3049 3050 3033 3037 3039 3035 3030 3019 3038 3020 3014 3031 3030 3018 3023 3024 3028 3036 3017 3025
3003 2994 2986 3012 3002 2993 3009 3012 3012 3010 3011 3023 3023 3022 3022 3037 3052 3050 3077 3078 3081 3093 3087 3092 3076 3092 3074 3070 3072 3066 3084 3077 3092 3083 3079 3076 3073 3069 3073 3068 3075 3077 3066 3074 3070 3063 3055 3042 3045 3035 3045 3037 3025 3032 3030 3034 3030 3032 3023 3026 3033 3033 3038 3017
3000 3007 3008 3004 3013 2998 2999 3016 3016 3021 3023 3006 3022 3030 3033 3037 3044 3049 3063 3058 3089 3081 3083 3078 3076 3092 3083 3084 3083 3075 3075 3084 3074 3084 3067 3072 3073 3069 3076 3076 3080 3080 3086 3077 3066 3045 3034 3027 3048 3046 3046 3042 3045 3041 3050 3037 3038 3032 3040 3041 3037 3041 3040 3034
3004 3002 3018 3017 3019 3000 3005 3014 3024 3031 3037 3031 3020 3033 3053 3057 3040 3048 3072 3065 3068 3074 3073 3079 3086 3094 3093 3092 3075 3093 3088 3087 3090 3076 3080 3079 3069 3073 3077 3074 3092 3093 3079 3080 3056 3058 3069 3050 3042 3055 3051 3055 3061 3051 3037 3029 3038 3051 3054 3059 3039 3030 3029 3034
3013 3018 3022 3020 3009 3021 3007 3034 3029 3046 3053 3032 3047 3045 3060 3070 3060 3075 3066 3070 3065 3062 3087 3075 3085 3077 3089 3082 3089 3073 3078 3080 3078 3094 3083 3079 3084 3088 3090 3081 3096 3095 3093 3076 3075 3060 3068 3064 3064 3053 3052 3057 3052 3055 3050 3042 3058 3059 3054 3062 3056 3059 3056 3052
3022 3028 3035 3048 3040 3032 3028 3035 3051 3065 3051 3052 3054 3052 3060 3092 3082 3082 3066 3060 3077 3074 3080 3083 3076 3082 3094 3076 3092 3093 3076 3090 3088 3089 3086 3087 3077 3090 3111 3084 3095 3074 3081 3081 3058 3067 3074 3081 3064 3057 3061 3073 3074 3053 3049 3047 3043 3061 3073 3069 3042 3073 3065 3049
3028 3035 3045 3048 3040 3044 3041 3047 3054 3050 3062 3067 3071 3071 3072 3067 3086 3081 3085 3068 3074 3073 3072 3079 3068 3064 3072 3086 3082 3078 3082 3081 3081 3080 3099 3096 3090 3081 3094 3089 3091 3079 3079 3091 3058 3065 3072 3080 3085 3062 3073 3072 3062 3054 3069 3058 3065 3064 3057 3064 3069 3067 3082 3046
3036 3049 3060 3057 3059 3047 3071 3062 3055 3058 3074 3059 3054 3057 3050 3075 3068 3089 3066 3085 3067 3074 3069 3062 3061 3067 3081 3081 3082 3086 3083 3091 3086 3082 3084 3093 3101 3075 3089 3081 3072 3073 3082 3096 3075 3076 3077 3088 3078 3069 3070 3062 3062 3065 3065 3062 3066 3066 3064 3073 3073 3075 3067 3067
3041 3048 3056 3057 3059 3067 3080 3067 3070 3058 3068 3070 3078 3076 3072 3069 3061 3061 3084 3072 3074 3061 3079 3067 3064 3069 3080 3070 3077 3072 3080 3071 3090 3077 3080 3071 3083 3087 3082 3075 3074 3083 3078 3079 3064 3055 3069 3075 3073 3072 3094 3071 3073 3055 3063 3070 3069 3063 3069 3056 3074 3077 3065 3059
3048 3053 3058 3064 3064 3065 3091 3070 3071 3058 3085 3084 3067 3078 3065 3078 3074 3071 3079 3075 3069 3059 3068 3071 3073 3080 3072 3089 3064 3076 3075 3055 3077 3076 3071 3075 3073 3080 3079 3079 3078 3075 3076 3075 3051 3054 3063 3077 3076 3074 3068 3078 3064 3049 3061 3064 3057 3070 3073 3071 3068 3066 3059 3051
3054 3051 3053 3052 3056 3068 3075 3073 3066 3073 3084 3068 3068 3080 3081 3070 3068 3075 3084 3079 3060 3076 3056 3062 3078 3078 3068 3080 3077 3068 3060 3072 3069 3062 3081 3068 3069 3085 3063 3081 3068 3068 3068 3067 3069 3058 3073 3079 3073 3077 3076 3068 3075 3060 3057 3066 3076 3069 3073 3071 3056 3062 3059 3069
3056 3059 3051 3057 3050 3058 3069 3062 3067 3077 3081 3076 3058 3064 3094 3076 3078 3079 3079 3078 3074 3064 3063 3066 3070 3080 3084 3057 3063 3054 3076 3062 3071 3071 3078 3078 3071 3090 3075 3079 3063 3071 3055 3051 3055 3056 3078 3090 3076 3074 3072 3072 3081 3072 3067 3056 3070 3064 3062 3069 3054 3054 3058 3071
