3048 3050 3052 3041 3050 3056 3070 3066 3052 3051 3039 3055 3033 3054 3063 3051 3055 3063 3061 3070 3043 3042 3058 3066 3072 3080 3066 3056 3078 3049 3052 3056 3044 3055 3055 3044 3049 3039 3038 3024 3025 3021 3023 3026 3017 3022 3013 2986 3006 3014 3009 3014 3002 3015 3007 3028 3011 3004 2987 3002 3008 3001 3002 2990
3048 3060 3046 3034 3042 3037 3059 3051 3048 3055 3039 3052 3050 3064 3059 3052 3062 3047 3066 3066 3056 3059 3058 3081 3072 3078 3058 3064 3049 3054 3053 3062 3038 3056 3038 3039 3039 3038 3046 3030 3035 3030 3029 3022 3031 3016 3008 3010 2997 3016 3014 3003 3004 2997 3008 3008 2992 3004 3003 3004 2995 3007 2999 2993
3060 3050 3040 3041 3036 3047 3036 3042 3049 3048 3067 3055 3064 3067 3047 3058 3051 3051 3052 3064 3072 3063 3068 3071 3065 3073 3054 3050 3051 3059 3048 3054 3037 3048 3052 3042 3040 3041 3025 3031 3022 3038 3023 3018 3020 3021 3017 3003 3008 3014 3014 3016 3010 2996 3012 3011 3001 2998 2983 3012 2997 3006 2982 2996
3044 3060 3048 3051 3030 3038 3032 3044 3061 3054 3061 3052 3063 3063 3055 3058 3050 3051 3058 3063 3072 3071 3062 3055 3069 3072 3062 3066 3074 3069 3058 3057 3041 3052 3043 3038 3042 3045 3048 3025 3024 3028 3029 3034 3022 3008 3011 3018 3018 3024 3005 3015 3002 3005 3016 3018 3009 2995 2997 3007 3002 3008 2994 2999
3036 3047 3056 3025 3047 3047 3052 3057 3064 3049 3054 3054 3061 3048 3042 3060 3060 3057 3049 3062 3068 3065 3054 3057 3060 3073 3051 3066 3070 3059 3047 3065 3055 3036 3037 3033 3036 3041 3045 3036 3038 3026 3037 3029 3032 3016 3015 3022 3014 3020 2997 2999 2993 2996 3010 2994 3005 3007 3002 2993 3013 2995 2986 3003
3049 3039 3043 3034 3038 3042 3057 3056 3062 3051 3055 3057 3052 3053 3058 3047 3059 3053 3063 3069 3059 3063 3075 3062 3056 3071 3073 3077 3072 3078 3071 3055 3063 3038 3045 3045 3041 3037 3037 3051 3034 3030 3028 3032 3025 3021 3018 3015 3026 3010 3001 3007 2999 2995 3010 2997 3004 3014 3001 3003 2992 3003 2990 3002
3048 3053 3038 3044 3031 3039 3040 3051 3057 3068 3054 3056 3054 3047 3046 3059 3045 3057 3035 3057 3067 3059 3077 3077 3074 3079 3080 3083 3080 3084 3074 3059 3063 3050 3056 3048 3048 3040 3041 3022 3035 3031 3035 3035 3035 3040 3035 3037 3020 3016 3012 3001 3001 3016 3000 2995 3009 3020 3001 2998 2996 2988 3001 2994
3012 3022 3017 3013 3001 3006 3023 3023 3026 3033 3031 3020 3032 3024 3041 3047 3020 3040 3031 3040 3042 3058 3068 3072 3078 3072 3086 3073 3070 3075 3070 3074 3070 3064 3062 3058 3049 3041 3043 3028 3038 3027 3040 3035 3044 3032 3031 3028 3038 3003 3001 3003 3007 2998 2993 2995 2997 2990 3010 2992 2993 2998 2986 3009
2975 2987 2978 2973 2958 2985 2992 3009 2984 3007 3008 3003 3000 3009 3016 3013 3006 3015 3018 3018 3029 3040 3054 3056 3053 3065 3079 3077 3067 3079 3079 3078 3070 3074 3061 3052 3041 3056 3031 3035 3035 3027 3018 3028 3041 3035 3027 3021 3028 3014 3014 2995 3007 2996 3004 2993 2991 3002 2996 2991 2999 2994 3004 3006
2968 2973 2996 2969 2964 2971 2992 3004 2989 3011 3007 3017 2998 3008 2999 3019 3008 3011 3010 3022 3043 3029 3050 3068 3057 3080 3084 3077 3072 3071 3082 3070 3073 3078 3057 3054 3054 3048 3040 3022 3027 3025 3045 3042 3039 3028 3030 3022 3021 3038 3006 3010 2996 2992 3002 2996 3002 3003 2999 2983 2988 2997 2989 3001
2955 2971 2991 2976 2981 2993 2987 3003 2999 3009 3010 3012 3005 2999 3002 3002 3000 3018 3021 3038 3031 3040 3063 3065 3071 3074 3085 3095 3097 3079 3069 3068 3082 3079 3063 3072 3052 3056 3047 3033 3024 3026 3036 3028 3020 3026 3043 3032 3037 3035 3019 3001 3016 3013 3007 3018 3018 3008 3000 2990 2993 2982 3003 2996
2962 2967 2982 2987 2991 2991 2998 2992 3000 3013 3004 3026 3014 3009 2997 3007 3019 3026 3038 3059 3065 3063 3075 3083 3082 3082 3080 3087 3081 3090 3066 3077 3089 3082 3074 3069 3070 3056 3040 3028 3024 3039 3027 3032 3026 3036 3041 3048 3038 3033 3034 3028 3020 3012 3025 3020 3017 2999 2999 2995 2990 2993 2992 2998
2980 2985 2983 2987 2986 2994 3007 2998 3000 3000 3018 3002 3013 3017 3003 3017 3025 3045 3053 3055 3076 3079 3072 3082 3078 3079 3093 3087 3070 3077 3088 3091 3094 3091 3071 3079 3078 3060 3035 3038 3039 3046 3038 3037 3048 3064 3055 3053 3050 3044 3041 3038 3022 3008 3005 3003 3002 3002 2999 3001 2996 2987 2988 2996
2983 2981 2982 2991 2988 2994 2996 2993 2998 3012 3016 3022 3005 3017 3023 3025 3027 3039 3060 3059 3074 3089 3077 3086 3081 3077 3083 3089 3072 3080 3086 3088 3094 3082 3089 3089 3083 3076 3049 3039 3034 3037 3048 3048 3052 3060 3063 3060 3070 3057 3038 3045 3023 3004 3012 3015 3013 3010 3004 2999 2984 2975 2998 2992
2972 2984 2981 2991 2985 2993 3003 3004 3013 3003 3010 3008 3015 3022 3022 3035 3057 3049 3068 3064 3068 3075 3077 3071 3074 3070 3086 3080 3082 3094 3093 3083 3088 3090 3077 3098 3082 3082 3068 3056 3028 3043 3038 3040 3058 3075 3062 3074 3066 3070 3047 3029 3025 3017 3004 3010 3004 2992 2994 3001 2989 2987 2992 3001
2972 2979 2988 2991 2995 2995 3006 2999 3016 3015 3021 3007 3001 3019 3032 3036 3045 3069 3066 3072 3071 3070 3080 3089 3079 3077 3086 3085 3083 3089 3081 3080 3095 3091 3075 3086 3087 3076 3064 3045 3049 3034 3047 3051 3060 3081 3078 3068 3075 3068 3065 3049 3020 3009 3005 3003 2997 2990 2981 2992 2996 2989 2992 3001
2989 2995 2987 2997 2999 3009 3026 3002 3022 3014 3025 3027 3021 3032 3048 3061 3059 3063 3081 3085 3076 3082 3069 3083 3080 3073 3076 3080 3082 3074 3094 3091 3083 3079 3089 3087 3089 3085 3073 3054 3062 3046 3037 3060 3063 3080 3082 3075 3084 3068 3055 3046 3034 3020 3012 3006 3005 2998 2997 2997 2999 2990 2995 2994
3001 2980 2991 2991 3004 3015 3011 3023 3025 3022 3031 3022 3015 3046 3047 3064 3078 3082 3079 3071 3080 3073 3070 3069 3093 3093 3076 3085 3058 3087 3089 3083 3082 3095 3072 3086 3082 3078 3062 3070 3066 3043 3060 3050 3071 3085 3085 3072 3078 3075 3056 3061 3026 3032 3012 2996 2988 2991 2994 2988 2998 3004 2992 2988
3009 3003 3011 3002 2998 3005 3018 3025 3022 3030 3018 3028 3022 3039 3065 3075 3079 3083 3067 3080 3087 3084 3067 3082 3090 3091 3084 3076 3081 3088 3086 3090 3077 3085 3084 3075 3078 3084 3079 3057 3066 3062 3051 3061 3065 3078 3080 3082 3083 3062 3049 3052 3045 3012 3013 2996 2992 2999 2996 2998 2992 2992 2990 3002
2989 3004 3012 3012 3002 3013 3018 3028 3016 3026 3017 3030 3040 3049 3059 3066 3091 3077 3080 3074 3075 3082 3081 3074 3094 3089 3079 3098 3097 3095 3096 3089 3082 3095 3076 3081 3072 3076 3070 3072 3064 3064 3052 3064 3075 3082 3086 3091 3085 3084 3059 3054 3030 3014 3010 3001 3001 2993 3002 2994 3004 2990 2983 2990
3000 3000 3006 3008 3014 3016 3014 3026 3020 3025 3029 3033 3045 3061 3077 3078 3081 3079 3080 3079 3088 3085 3091 3077 3083 3085 3088 3093 3082 3081 3095 3097 3089 3078 3071 3073 3087 3080 3088 3081 3065 3064 3067 3057 3064 3075 3070 3090 3065 3071 3074 3049 3031 3010 3002 2995 2996 2999 3001 3011 3000 2980 2990 2997
3008 2991 3009 3016 3023 3021 3009 3021 3017 3034 3035 3041 3044 3075 3070 3082 3080 3081 3071 3087 3082 3090 3075 3089 3078 3083 3088 3086 3095 3097 3077 3087 3097 3080 3079 3070 3074 3080 3089 3085 3075 3054 3057 3064 3071 3088 3084 3087 3083 3072 3064 3056 3026 3011 3022 2999 3009 3000 2991 3009 2988 2979 2989 3003
2996 3011 3007 3012 3024 3030 3030 3035 3027 3022 3047 3048 3049 3071 3077 3081 3068 3075 3079 3075 3070 3070 3078 3073 3072 3091 3090 3084 3078 3079 3085 3092 3098 3084 3092 3075 3082 3080 3091 3084 3079 3067 3058 3077 3070 3079 3071 3067 3089 3077 3067 3036 3035 3017 3014 3011 3004 3013 3016 2999 2996 2996 3001 3014
3007 2995 2995 3020 3014 3027 3014 3038 3040 3032 3039 3050 3058 3065 3074 3070 3069 3079 3070 3075 3075 3078 3077 3075 3063 3080 3083 3088 3087 3091 3092 3082 3098 3087 3101 3083 3079 3090 3081 3079 3083 3087 3067 3071 3074 3072 3077 3081 3072 3081 3059 3043 3024 3011 3006 3011 3011 2994 2998 3009 2999 2998 3009 3017
3010 3003 3008 3012 2999 3014 3015 3022 3043 3043 3041 3063 3074 3085 3085 3084 3076 3079 3082 3072 3080 3069 3064 3070 3080 3083 3080 3079 3086 3090 3079 3083 3088 3100 3090 3073 3081 3086 3075 3079 3079 3065 3081 3067 3078 3081 3085 3087 3062 3072 3063 3053 3034 3013 3002 3003 2993 2991 2995 2982 3005 3000 3010 3005
3005 3004 2993 3000 3011 3005 3012 3025 3048 3044 3057 3062 3080 3085 3089 3087 3069 3073 3084 3072 3067 3074 3084 3075 3086 3081 3090 3088 3093 3081 3082 3089 3085 3092 3081 3081 3093 3089 3082 3088 3072 3059 3067 3069 3074 3093 3080 3083 3081 3069 3061 3063 3012 3000 2990 3003 3001 3003 2998 2992 2986 3002 3009 3006
3003 3005 3003 3004 3012 3013 3002 3013 3033 3047 3063 3065 3080 3086 3073 3087 3090 3083 3077 3068 3080 3073 3084 3083 3080 3077 3077 3089 3085 3082 3091 3086 3070 3096 3093 3086 3090 3086 3072 3084 3086 3074 3088 3078 3055 3079 3092 3086 3089 3075 3073 3038 3036 3016 3004 3025 2997 3004 3000 2977 2989 3005 2995 3017
3002 3000 3007 3003 2994 2995 3008 3018 3022 3050 3065 3079 3087 3086 3075 3073 3077 3086 3067 3072 3067 3080 3075 3075 3079 3085 3082 3092 3081 3093 3096 3080 3094 3101 3091 3100 3082 3087 3084 3080 3072 3076 3085 3089 3071 3089 3082 3095 3092 3081 3069 3061 3025 3005 3002 3002 3004 3008 3001 3005 3003 2995 3009 3008
3002 2995 2993 2987 2998 3005 2992 3008 3035 3035 3058 3062 3079 3076 3076 3076 3088 3077 3075 3079 3083 3083 3071 3069 3085 3091 3100 3093 3091 3097 3080 3100 3100 3105 3103 3100 3082 3083 3094 3094 3083 3092 3080 3092 3081 3087 3080 3079 3088 3082 3062 3046 3024 3002 2997 2997 2984 2995 3008 3001 3004 3002 3013 3024
3011 3006 3000 2994 2995 3004 3009 3015 3036 3048 3061 3061 3082 3072 3081 3090 3084 3087 3082 3081 3078 3076 3066 3085 3112 3099 3083 3088 3090 3094 3089 3075 3106 3103 3096 3097 3081 3080 3082 3105 3086 3083 3075 3078 3076 3093 3080 3077 3088 3080 3064 3040 3019 3014 2999 2990 2984 2991 2994 3001 2991 2994 3016 3025
3000 2998 2990 3002 3010 3000 3004 3025 3032 3045 3061 3070 3077 3081 3067 3089 3085 3090 3084 3097 3080 3075 3088 3093 3077 3085 3076 3093 3084 3103 3086 3072 3087 3088 3087 3092 3081 3079 3091 3084 3082 3086 3080 3082 3093 3095 3094 3095 3089 3085 3060 3043 2999 3011 3005 2991 3006 2992 3010 3016 2999 2997 3010 3004
2984 2993 3006 3000 3002 3003 3014 3024 3036 3045 3069 3073 3075 3086 3075 3088 3068 3072 3092 3084 3063 3084 3083 3083 3088 3092 3088 3088 3094 3088 3080 3079 3093 3084 3097 3090 3082 3076 3084 3083 3071 3093 3084 3086 3094 3088 3082 3074 3091 3072 3065 3036 3025 3007 2998 2997 3008 3019 3005 3006 2996 2993 3001 3017
3000 2990 3011 3005 2996 3006 3004 3020 3047 3040 3067 3073 3082 3074 3066 3068 3072 3070 3079 3069 3078 3071 3066 3077 3081 3098 3088 3095 3091 3070 3072 3068 3072 3078 3089 3080 3084 3086 3087 3094 3083 3083 3081 3090 3078 3078 3086 3092 3074 3069 3045 3020 3015 3005 2997 2998 3009 3005 3009 3014 3014 3009 3000 3004
3000 2997 3010 2996 3002 3005 3006 3020 3026 3052 3060 3072 3074 3060 3073 3083 3082 3076 3079 3070 3073 3082 3066 3082 3097 3083 3086 3084 3087 3092 3076 3085 3084 3080 3087 3080 3089 3081 3090 3081 3084 3094 3083 3073 3090 3082 3072 3082 3083 3067 3049 3033 3004 2988 3002 2994 2998 3015 3011 3014 3006 3012 3007 3018
3008 3008 3010 3023 3009 3019 3017 3025 3033 3034 3063 3072 3074 3074 3079 3078 3085 3074 3081 3079 3090 3068 3086 3072 3089 3081 3090 3090 3095 3086 3083 3085 3080 3070 3077 3085 3090 3095 3091 3084 3072 3085 3089 3085 3088 3077 3082 3087 3067 3061 3041 3026 2997 2989 2992 2998 2999 3028 3010 3007 3012 3008 3009 3029
3014 3023 3024 3042 3020 3004 3014 3011 3017 3021 3057 3066 3076 3078 3071 3077 3081 3075 3068 3094 3086 3081 3091 3081 3092 3081 3084 3086 3087 3092 3083 3083 3079 3068 3072 3082 3083 3084 3089 3089 3079 3080 3080 3085 3071 3087 3071 3076 3060 3072 3037 3026 3001 2985 3000 3014 3008 3017 3021 3007 3021 3019 3036 3022
3010 3009 3024 3021 3023 3013 3015 3025 3023 3042 3050 3057 3068 3075 3063 3083 3079 3074 3078 3076 3087 3085 3067 3085 3081 3094 3092 3073 3088 3082 3089 3100 3087 3083 3070 3081 3092 3090 3078 3074 3096 3092 3084 3082 3084 3077 3079 3065 3075 3062 3044 3032 3025 3001 3006 3007 3017 3018 3012 2998 3012 3011 3028 3020
3007 3012 3019 3027 3032 3020 3024 3014 3035 3036 3049 3062 3062 3063 3069 3071 3069 3067 3072 3089 3083 3092 3092 3086 3092 3087 3089 3085 3072 3078 3106 3090 3087 3095 3095 3093 3077 3073 3077 3079 3092 3087 3087 3081 3093 3084 3080 3074 3069 3056 3052 3015 3019 3010 2999 2995 2999 3007 3003 3003 3011 3017 2999 3011
3003 2998 3008 3012 3018 3023 3026 3031 3043 3050 3052 3050 3046 3064 3066 3066 3071 3077 3074 3061 3088 3092 3078 3069 3086 3090 3082 3081 3090 3098 3090 3094 3081 3087 3086 3083 3078 3077 3078 3080 3076 3080 3086 3088 3074 3077 3069 3068 3075 3062 3040 3029 3018 3001 2996 3008 2992 3011 3010 2996 2992 3001 2996 2997
2993 3000 3001 3007 3018 3021 3035 3032 3046 3057 3042 3045 3059 3073 3063 3067 3067 3073 3073 3075 3082 3084 3072 3083 3077 3102 3085 3083 3084 3087 3102 3091 3091 3085 3087 3079 3092 3086 3083 3084 3074 3085 3088 3091 3082 3076 3071 3080 3082 3055 3046 3019 3006 3017 3005 2990 2991 3001 3005 2985 2984 2996 2992 3004
3001 3008 3010 3023 3035 3056 3046 3055 3059 3045 3049 3061 3064 3056 3059 3061 3076 3069 3071 3067 3080 3068 3080 3080 3088 3094 3092 3093 3089 3085 3093 3087 3095 3085 3090 3084 3092 3077 3078 3071 3083 3058 3091 3070 3076 3067 3073 3063 3070 3059 3029 3007 3011 2997 3004 2998 2994 3007 2993 2995 3000 2995 3003 2999
3027 3024 3007 3032 3043 3061 3063 3071 3058 3054 3049 3046 3057 3072 3072 3067 3053 3053 3066 3071 3073 3075 3075 3073 3088 3093 3091 3093 3090 3092 3070 3100 3094 3089 3087 3081 3084 3076 3062 3084 3069 3072 3083 3066 3073 3068 3070 3077 3081 3065 3033 3011 3001 2988 3002 2996 2989 2991 3003 2995 3000 3004 3006 3011
3018 2997 3021 3035 3049 3060 3063 3055 3048 3046 3040 3035 3038 3051 3070 3073 3066 3069 3074 3073 3068 3077 3073 3087 3081 3086 3097 3095 3087 3086 3102 3090 3081 3082 3084 3086 3086 3080 3084 3084 3084 3082 3079 3097 3086 3073 3077 3069 3071 3052 3033 3010 3008 2995 2986 2989 3001 2999 2986 2994 2998 2999 2986 3016
3009 3020 3027 3026 3041 3056 3057 3056 3052 3027 3023 3033 3034 3046 3064 3060 3066 3061 3069 3071 3062 3073 3094 3073 3086 3095 3091 3096 3095 3091 3091 3089 3098 3090 3085 3087 3085 3083 3096 3099 3082 3085 3094 3080 3076 3073 3079 3075 3067 3047 3028 3020 3010 2993 3000 2968 2992 2998 2993 3004 2991 3000 3003 2995
3020 3019 3019 3037 3041 3047 3068 3046 3040 3032 3020 3028 2999 3026 3062 3061 3065 3062 3067 3088 3086 3067 3072 3069 3090 3098 3088 3094 3085 3093 3103 3103 3085 3076 3084 3078 3073 3084 3077 3087 3068 3090 3078 3087 3078 3079 3085 3089 3073 3051 3016 3006 2998 3007 2989 2993 2989 3000 3011 3010 3002 2994 2998 3002
3004 3016 3009 3030 3044 3035 3053 3039 3029 3020 3008 3009 3010 3020 3053 3066 3057 3073 3064 3076 3082 3074 3079 3080 3069 3089 3099 3100 3096 3093 3092 3096 3089 3093 3090 3074 3087 3071 3084 3074 3081 3080 3082 3079 3096 3092 3097 3081 3056 3039 3019 2993 3003 3004 2994 2994 2995 3008 3003 2986 3003 2990 2988 2991
3016 3028 3032 3036 3031 3033 3030 3022 3013 3017 2994 3013 3001 3024 3050 3067 3059 3070 3066 3073 3074 3084 3071 3082 3090 3078 3091 3079 3091 3071 3091 3084 3072 3084 3077 3095 3082 3067 3082 3076 3073 3096 3092 3084 3069 3088 3074 3067 3052 3020 3003 2991 3002 3001 2988 2983 3002 2999 3002 3001 2991 2988 3004 2997
3017 3019 3021 3038 3025 3032 3021 3008 2987 3003 3003 3009 2996 3022 3045 3056 3070 3058 3079 3064 3065 3074 3078 3088 3086 3076 3093 3082 3075 3080 3080 3086 3072 3084 3082 3082 3083 3090 3072 3065 3092 3083 3092 3091 3084 3080 3079 3063 3027 3019 2994 2990 2981 2994 2985 2993 2989 2994 2992 2992 3003 3000 3001 2993
3012 3026 3032 3017 3036 3022 3021 3019 3021 3013 3001 2989 2998 3016 3038 3044 3074 3058 3070 3081 3077 3070 3085 3084 3088 3085 3081 3077 3077 3075 3074 3087 3090 3092 3092 3088 3087 3090 3088 3078 3095 3092 3085 3093 3082 3075 3070 3060 3026 3005 3004 3005 2999 2992 2998 2994 2989 3000 2996 2997 3000 2997 2995 2986
3018 3024 3014 3022 3004 3013 3033 3012 3018 3009 3001 3001 3004 3005 3007 3042 3063 3055 3062 3065 3080 3073 3082 3088 3095 3079 3092 3073 3075 3082 3088 3076 3089 3078 3099 3085 3086 3080 3105 3091 3095 3091 3093 3090 3070 3065 3072 3057 3033 3021 3018 3013 3016 2991 3006 3004 3008 2985 2991 2996 3006 2996 3002 2992
3026 3011 3027 3036 3010 3012 3003 3005 3014 3004 2988 3005 3002 3011 3009 3035 3036 3064 3075 3082 3062 3081 3075 3071 3088 3085 3091 3091 3077 3077 3100 3060 3084 3086 3079 3086 3087 3096 3082 3083 3104 3088 3071 3076 3068 3067 3051 3040 3019 3010 3005 3014 3000 3006 2998 3000 3006 2997 3008 2991 2997 2990 2994 2992
3013 3026 3016 3023 3009 3006 2995 3000 3002 3003 2988 2992 2985 3016 3004 3023 3044 3051 3074 3079 3074 3067 3074 3085 3090 3095 3095 3102 3086 3082 3094 3080 3066 3065 3087 3088 3089 3083 3082 3077 3086 3096 3083 3067 3055 3060 3047 3025 3021 3008 3006 2993 2993 2983 2995 2991 2992 3004 3005 2993 2996 2991 3005 2994
3023 3015 3027 3014 3000 3013 3005 2999 3001 3003 3004 2989 2996 2986 3008 3031 3029 3037 3057 3066 3085 3096 3067 3087 3102 3102 3088 3090 3081 3102 3088 3092 3071 3067 3088 3075 3090 3095 3081 3079 3087 3091 3087 3079 3068 3046 3031 3020 3012 3007 2995 2991 3004 2998 2998 3006 3000 3011 2995 3000 2999 2996 2993 3006
3015 3024 3008 3022 3013 3014 3012 3009 3002 2996 3006 2983 2995 2996 2999 3011 3013 3026 3060 3071 3084 3081 3082 3076 3093 3097 3100 3091 3098 3095 3082 3080 3081 3077 3092 3088 3084 3089 3082 3086 3088 3094 3080 3077 3066 3024 3016 3008 3017 3004 2996 2989 2990 2997 2991 2981 2997 3000 3004 3001 3001 3005 3000 3026
3014 3004 3011 3011 3007 3003 3003 3004 3006 3010 3009 2992 2992 3001 2995 3000 3011 3038 3052 3067 3071 3065 3088 3088 3082 3096 3088 3079 3090 3071 3086 3078 3096 3104 3077 3085 3071 3071 3087 3081 3090 3100 3089 3062 3047 3043 3026 3015 3000 3008 3002 3007 3005 3012 2987 2989 2996 3000 3010 3000 2999 2996 3008 3001
3017 3014 3002 3003 2999 2996 2996 3010 3013 3005 3007 3006 2991 3006 2999 3007 3018 3033 3056 3076 3083 3071 3073 3070 3082 3080 3082 3086 3085 3087 3095 3098 3107 3094 3073 3063 3075 3080 3085 3093 3083 3082 3071 3066 3042 3035 3027 3012 3000 2993 3006 3007 3016 3003 2999 2997 3004 2991 3006 3018 3009 3010 3008 2993
3014 3004 3011 2992 3001 3012 3000 3012 2994 2990 3006 2992 3003 3000 2997 3006 3007 3024 3061 3062 3086 3078 3100 3084 3085 3096 3076 3087 3084 3090 3078 3083 3094 3091 3086 3086 3077 3090 3088 3084 3097 3088 3085 3068 3061 3039 3017 3001 3000 2999 3006 3011 3005 2980 3001 3009 3010 2997 3021 3022 3024 3012 3014 3011
2997 3014 2997 3016 2997 3009 2983 2993 3012 3005 2995 2987 2992 2996 3007 3005 3015 3028 3059 3070 3075 3089 3084 3096 3096 3094 3088 3093 3089 3086 3080 3088 3089 3085 3082 3096 3095 3095 3096 3086 3083 3080 3093 3073 3059 3040 3024 2992 3007 3010 3001 3005 2994 2995 2999 2989 2999 3014 3028 3034 3035 3023 3024 3016
3004 3006 2999 2995 2993 2987 2996 2975 2995 3001 3013 3013 3018 3017 3027 3030 3045 3048 3063 3074 3068 3072 3080 3086 3107 3099 3104 3080 3088 3087 3087 3084 3099 3083 3105 3088 3096 3095 3092 3094 3091 3090 3082 3073 3061 3037 3029 3020 3016 3006 3010 3001 2986 3006 2998 3014 3006 3020 3021 3026 3023 3021 3037 3015
3000 2975 2990 2991 2992 3000 3017 3000 3008 3013 3025 3034 3029 3050 3038 3044 3054 3071 3089 3089 3079 3083 3084 3100 3104 3108 3107 3098 3098 3085 3101 3100 3080 3083 3086 3100 3109 3089 3096 3101 3074 3087 3080 3085 3056 3053 3049 3012 3011 3013 3006 2999 3001 3004 3002 3006 3000 3018 3018 3017 3031 3029 3015 3018
3002 3020 2984 2998 3005 3002 3000 3016 3000 3018 3038 3036 3038 3047 3044 3048 3077 3074 3093 3086 3072 3092 3078 3085 3088 3074 3094 3091 3099 3084 3081 3079 3074 3082 3092 3094 3087 3097 3088 3080 3078 3078 3076 3072 3063 3054 3052 3032 3033 3030 3023 3007 2998 3011 2996 3023 3019 3039 3028 3017 3030 3026 3018 3018
3026 3012 3001 3009 3023 3024 3028 3023 3032 3011 3028 3038 3043 3049 3055 3067 3070 3083 3080 3084 3090 3095 3092 3084 3080 3076 3069 3089 3095 3084 3080 3077 3073 3075 3092 3087 3087 3091 3092 3081 3093 3076 3084 3088 3079 3066 3057 3046 3045 3038 3023 3023 3013 3020 3011 3009 3011 3035 3030 3038 3035 3019 3024 3027
3017 3007 3002 3029 3025 3041 3028 3036 3029 3041 3031 3040 3049 3049 3054 3071 3064 3067 3073 3091 3091 3085 3087 3083 3078 3083 3079 3095 3086 3100 3090 3093 3087 3081 3091 3081 3091 3103 3083 3087 3092 3066 3089 3080 3079 3081 3066 3050 3044 3053 3046 3034 3041 3046 3023 3011 3028 3027 3030 3035 3029 3027 3021 3043
3019 3020 3013 3038 3051 3045 3042 3043 3034 3029 3042 3050 3039 3048 3056 3073 3064 3082 3072 3102 3093 3082 3088 3099 3108 3088 3085 3094 3095 3084 3090 3092 3086 3076 3085 3092 3092 3081 3085 3092 3086 3090 3083 3078 3086 3099 3061 3063 3068 3053 3041 3044 3055 3058 3027 3037 3022 3040 3013 3020 3022 3007 3039 3046
