3089 3087 3073 3083 3075 3078 3067 3076 3078 3074 3060 3053 3062 3062 3064 3052 3046 3045 3042 3043 3049 3049 3046 3052 3046 3046 3038 3050 3045 3048 3056 3052 3037 3031 3029 3039 3027 3038 3018 3042 3037 3035 3036 3027 3025 3010 3021 3030 3030 3046 3024 3027 3039 3041 3020 3017 3021 3027 3019 3027 3012 3009 3004 3024
3065 3065 3078 3068 3045 3066 3069 3059 3077 3072 3058 3055 3081 3044 3054 3059 3058 3050 3042 3043 3061 3051 3045 3035 3036 3048 3038 3028 3038 3041 3040 3037 3041 3037 3024 3031 3025 3032 3034 3016 3028 3027 3033 3020 3020 3015 3024 3032 3025 3036 3024 3038 3028 3030 3024 3019 3024 3018 3014 3012 3010 3020 3033 3021
3051 3061 3063 3068 3042 3055 3060 3063 3067 3070 3059 3072 3066 3054 3056 3057 3050 3058 3048 3044 3042 3057 3042 3027 3045 3041 3021 3028 3028 3036 3035 3039 3034 3033 3031 3029 3014 3025 3024 3014 3028 3030 3020 3017 3014 3012 3030 3038 3035 3023 3023 3024 3019 3034 3026 3022 3016 3024 3011 3026 3031 3044 3024 3003
3059 3068 3064 3054 3042 3061 3062 3061 3053 3052 3057 3060 3059 3049 3052 3062 3059 3059 3048 3053 3038 3045 3035 3025 3042 3030 3025 3034 3015 3021 3017 3030 3044 3039 3026 3020 3009 3010 3019 3031 3026 3022 3019 3024 3011 3019 3024 3020 3016 3022 3020 3019 3021 3023 3021 3018 3013 3016 3008 3018 3037 3027 3017 3024
3062 3062 3061 3046 3042 3046 3074 3048 3047 3048 3054 3052 3056 3047 3040 3046 3043 3048 3045 3051 3039 3044 3034 3029 3019 3036 3024 3021 3034 3021 3020 3027 3041 3040 3025 3020 3014 3011 3025 3034 3026 3028 3024 3035 3012 3029 3033 3043 3018 3035 3034 3015 3013 3010 3018 3022 3018 3034 3035 3014 3032 3016 3016 3004
3065 3057 3053 3043 3054 3059 3057 3042 3039 3042 3044 3049 3050 3050 3055 3050 3062 3046 3050 3044 3038 3046 3032 3033 3021 3021 3029 3023 3030 3017 3012 3024 3034 3034 3027 3024 3005 3026 3022 3020 3024 3020 3027 3026 3028 3016 3024 3032 3043 3035 3032 3028 3025 3011 3022 3017 3020 3019 3027 3013 3019 3027 3020 3024
3062 3061 3057 3052 3036 3032 3048 3052 3056 3053 3036 3041 3032 3040 3027 3045 3041 3043 3045 3046 3046 3046 3045 3047 3032 3029 3028 3032 3025 3029 3022 3020 3032 3023 3033 3027 3026 3018 3034 3029 3009 3014 3025 3022 3018 3010 3014 3022 3012 3034 3032 3041 3021 3012 3017 3017 3008 3023 3031 3034 3022 3013 3010 3017
3027 3019 3026 3026 3009 3019 3026 3028 3046 3024 3020 3009 3021 3012 3027 3023 3038 3028 3015 3018 3027 3026 3023 3019 3033 3019 3025 2999 3030 3033 3031 3029 3035 3029 3035 3024 3024 3019 3028 3043 3037 3039 3030 3024 3021 3024 3026 3027 3027 3025 3028 3026 3026 3003 3023 3024 3019 3022 3013 3034 3024 3009 3016 3005
2987 2980 3001 2983 2978 2999 3011 3007 2982 2988 2998 2997 2996 3005 3011 3022 3011 3006 3005 2992 3009 3015 3001 3011 3004 3001 3006 3016 3025 3046 3032 3031 3038 3043 3031 3016 3034 3034 3040 3044 3045 3035 3039 3017 3032 3023 3016 3014 3020 3020 3022 3025 3029 3014 3014 3021 3022 3023 3009 3018 3011 3012 3011 3009
2982 2970 2988 2993 2983 2996 2997 2998 3003 3003 2999 2991 2991 3001 3006 3007 3021 2990 2998 2993 3005 3015 3007 3016 3016 3008 3013 3025 3026 3029 3042 3030 3029 3053 3024 3032 3023 3028 3041 3040 3022 3017 3034 3023 3032 3034 3015 3016 3022 3033 3023 3022 3026 3027 3021 3018 3012 3024 3004 3013 3013 3003 3024 3033
2985 2980 2991 2986 2992 2993 2985 2995 3002 2990 3002 3002 2981 2982 2988 3000 3000 3000 2990 3011 3013 3015 3028 3023 3025 3018 3030 3025 3031 3023 3049 3044 3051 3032 3044 3030 3028 3036 3034 3036 3030 3031 3035 3027 3029 3022 3038 3031 3025 3016 3019 3023 3032 3044 3031 3017 3023 3022 3022 2995 3010 3005 3020 3028
2969 2969 2980 2990 3001 3004 3000 2999 2996 3001 3010 3012 2997 3001 3006 3005 3012 3017 3015 3016 3019 3013 3022 3016 3027 3017 3034 3037 3028 3038 3047 3050 3031 3035 3040 3046 3042 3037 3049 3048 3040 3033 3026 3034 3034 3027 3037 3029 3021 3019 3031 3029 3030 3021 3016 3008 3020 3021 3015 3003 3013 3008 3020 3026
2978 2980 2976 2992 2996 3005 3009 3019 2995 3020 3031 3025 3024 3013 3030 3032 3018 3033 3015 3014 3019 3010 3007 3026 3029 3009 3026 3022 3039 3054 3058 3067 3040 3055 3056 3039 3043 3052 3056 3051 3045 3030 3031 3033 3031 3020 3024 3037 3028 3026 3029 3017 3020 2998 3016 3013 3020 3037 3012 3007 3008 3006 3013 3023
2989 2994 2985 3003 2987 2998 3007 2998 2999 3006 3021 3013 3020 3009 3000 3005 3013 3016 3025 3030 3016 3022 3020 3027 3025 3037 3023 3030 3051 3049 3065 3066 3053 3049 3055 3060 3064 3055 3050 3055 3055 3066 3028 3041 3036 3040 3040 3018 3030 3020 3029 3021 3016 2997 3000 2995 3023 3026 3007 3004 3018 3014 3015 3023
2990 2994 2993 2977 3002 3010 3005 2998 2999 2994 3005 3010 3000 3005 3007 3021 3017 3027 3011 3023 3036 3027 3043 3040 3019 3028 3024 3034 3047 3053 3064 3081 3056 3067 3049 3068 3065 3059 3073 3063 3073 3074 3050 3062 3041 3029 3033 3021 3020 3025 3026 3015 3022 3004 3006 2998 3026 3014 3009 3015 3012 3011 2998 3012
3006 3004 3004 3009 3001 2999 3010 3022 3001 3011 3001 3002 3004 3000 3001 3010 3032 3019 3023 3025 3019 3037 3049 3051 3017 3037 3040 3040 3055 3055 3066 3079 3073 3080 3069 3065 3075 3079 3079 3086 3073 3076 3063 3052 3046 3041 3033 3023 3028 3012 3015 3013 3011 3013 2999 3010 3019 3009 3018 3006 3010 3010 3004 3010
3012 3021 3026 3014 3005 3008 3012 3021 3022 3009 2999 3006 3011 3011 3021 3007 3012 3002 3001 3015 3037 3041 3038 3021 3033 3028 3042 3049 3050 3065 3085 3076 3076 3084 3069 3075 3104 3095 3094 3094 3074 3080 3075 3080 3066 3037 3049 3040 3029 3022 3022 3014 3023 3022 3008 3005 3017 3014 3016 3015 3008 3007 3017 3024
3021 3011 3014 3014 3011 3001 3015 3013 3029 3008 3005 3006 3018 3019 3006 3016 3020 3023 3019 3019 3041 3044 3031 3036 3027 3036 3038 3047 3054 3084 3084 3099 3087 3090 3090 3085 3084 3089 3105 3093 3090 3088 3095 3092 3068 3043 3043 3034 3037 3029 3022 3023 3028 3018 3011 3009 3010 3006 3006 3003 3032 3011 3012 3036
3007 3002 3017 3007 3016 3014 3005 3009 3025 3012 3022 3018 3013 3019 3030 3018 3004 3010 3012 3021 3039 3039 3025 3036 3044 3035 3054 3069 3072 3084 3093 3108 3086 3097 3089 3091 3085 3088 3091 3089 3098 3095 3106 3099 3075 3062 3063 3041 3034 3027 3015 3029 3004 3015 3008 3007 3013 3020 3013 3016 3015 3021 3024 3023
3015 2999 3013 3026 3022 3018 3000 3013 3013 3005 3020 3017 3020 3010 3021 3015 3030 3014 3033 3021 3041 3033 3016 3035 3040 3054 3057 3057 3071 3083 3094 3093 3094 3092 3092 3095 3081 3087 3087 3091 3105 3090 3102 3097 3100 3070 3058 3048 3036 3026 3020 3019 3007 3010 3011 2998 3004 3009 3025 3025 3018 3010 3030 3041
3006 3015 3029 3021 3005 3011 3010 3000 3011 3020 3008 3005 3009 3002 3015 3013 3006 3022 3020 3023 3052 3048 3037 3033 3041 3053 3054 3053 3079 3079 3080 3084 3090 3093 3100 3095 3097 3089 3110 3087 3090 3091 3104 3107 3098 3083 3080 3050 3042 3029 3003 3012 2993 3020 3003 3011 3006 3021 3006 3007 3034 3020 3008 3030
3026 3009 3012 3021 3013 3010 2996 3011 3008 3014 3013 3005 3004 3009 3015 3005 3008 3006 3021 3033 3042 3049 3036 3041 3057 3055 3060 3079 3084 3090 3083 3090 3090 3078 3098 3105 3088 3078 3089 3093 3088 3082 3091 3086 3098 3082 3098 3063 3033 3040 3010 3020 3022 3013 3016 3001 3013 3023 3016 3020 3019 3022 3026 3022
3014 3008 3009 3015 3004 3013 3015 3010 3019 3012 3005 3000 3025 3015 3002 3004 3017 3019 3024 3017 3033 3047 3043 3038 3048 3072 3073 3076 3072 3085 3089 3082 3090 3093 3088 3100 3084 3087 3099 3095 3088 3087 3078 3073 3086 3078 3065 3056 3054 3031 3042 3033 3032 3021 3018 3013 3018 3009 3010 3039 3034 3020 3023 3023
3029 3019 3013 3025 3019 3014 3005 3019 3020 3011 2999 3014 3018 3016 2988 2997 3013 3018 3017 3028 3042 3042 3036 3062 3069 3076 3083 3085 3070 3076 3078 3075 3091 3082 3086 3106 3100 3095 3091 3100 3088 3097 3069 3081 3073 3072 3068 3064 3037 3023 3028 3023 3020 3009 3021 3025 3014 3008 3030 3024 3022 3014 3018 3010
3029 3029 3021 3017 3024 3022 3004 3014 3023 3014 3015 3016 3012 3013 2997 2998 3002 3015 3017 3028 3046 3056 3048 3074 3063 3082 3081 3078 3088 3089 3090 3084 3095 3083 3090 3106 3111 3091 3090 3084 3086 3075 3101 3086 3073 3070 3075 3071 3037 3015 3030 3017 3023 3014 3016 3025 3013 3019 3020 3027 3023 3001 3019 3009
3035 3030 3035 3026 3031 3028 3012 3010 3022 3013 3001 3012 3013 3007 3013 3016 3021 3013 3003 3010 3036 3039 3043 3080 3083 3084 3091 3075 3082 3078 3073 3084 3091 3111 3094 3098 3096 3083 3107 3084 3089 3083 3085 3084 3092 3068 3080 3067 3040 3020 3018 3030 3018 3009 3030 3014 3022 3016 3038 3020 3017 3015 3023 3025
3020 3028 3016 3018 3034 3016 3030 3020 3022 3013 3014 3018 3020 3034 3019 3012 3016 3023 3007 3026 3026 3040 3063 3076 3071 3082 3088 3109 3098 3088 3079 3095 3095 3092 3091 3090 3105 3094 3089 3096 3097 3093 3084 3085 3082 3090 3074 3059 3033 3018 3022 3021 3019 3013 3010 3025 3014 3029 3024 3035 3011 3013 3013 3014
3011 3008 3025 3022 3026 3021 3019 3014 3015 3006 3006 3023 3007 3019 3012 3022 3013 3016 2996 3016 3014 3033 3064 3076 3076 3084 3083 3101 3085 3105 3092 3088 3098 3097 3097 3094 3093 3084 3091 3087 3090 3089 3082 3080 3080 3097 3065 3064 3039 3025 3011 3012 3021 3022 3015 3012 3018 3026 3016 3008 3008 3006 3011 3007
3018 3008 3017 3014 3029 3013 3018 3014 3014 3024 3028 3022 3018 3026 3002 3026 3009 3021 3003 3010 3035 3055 3082 3087 3102 3092 3095 3089 3086 3090 3092 3105 3098 3095 3103 3087 3090 3098 3096 3093 3087 3090 3093 3095 3093 3082 3079 3048 3032 3011 3019 3022 3019 3021 3018 3011 3015 3019 3016 3011 3026 3011 3011 3022
3026 3015 3010 3015 3026 3006 3012 3022 3004 3016 3019 3004 3011 3015 3013 3016 3030 3006 3018 3019 3031 3041 3081 3072 3091 3101 3093 3100 3077 3086 3094 3083 3093 3103 3103 3096 3081 3093 3092 3090 3088 3093 3094 3094 3089 3067 3072 3050 3029 3018 3022 3012 3014 3018 3017 3008 3014 3014 3017 3017 3023 3018 3012 3028
3005 3008 3010 3030 3017 3014 3019 3020 3014 3021 3012 3005 3003 3011 3014 2999 3030 3028 3014 3022 3016 3051 3070 3091 3083 3080 3100 3071 3090 3070 3085 3087 3095 3095 3104 3106 3088 3099 3094 3091 3088 3094 3083 3076 3077 3071 3065 3060 3044 3023 3038 3033 3019 3021 3018 3010 3014 3007 3018 3012 3012 3034 3017 3022
3031 3009 3020 3022 3021 3024 3013 3022 3021 3020 3005 2999 3011 3025 3022 3016 3019 3023 3023 3009 3025 3050 3056 3082 3084 3088 3091 3080 3075 3083 3085 3095 3080 3095 3092 3093 3094 3102 3085 3086 3100 3098 3090 3083 3079 3076 3061 3045 3030 3002 3023 3022 3028 3023 3015 3021 3018 2999 3027 3023 3029 3034 3015 3007
3012 3023 3017 3003 3012 3015 3024 3019 3004 3007 3006 3013 3007 3008 2998 3009 3020 3026 3007 3013 3018 3031 3061 3064 3083 3079 3082 3096 3093 3095 3078 3086 3085 3084 3105 3097 3082 3086 3087 3086 3100 3104 3089 3077 3095 3086 3069 3044 3041 3023 3023 3016 3028 3035 3016 3015 3020 3020 3014 3028 3017 3022 3013 3022
3010 3008 3006 3019 3014 3017 3013 3016 3001 3005 3006 3005 3020 3013 3003 3020 3021 3014 3009 3018 3025 3033 3056 3061 3064 3080 3077 3092 3083 3092 3089 3085 3091 3078 3097 3095 3096 3108 3091 3100 3098 3104 3097 3086 3091 3076 3052 3048 3047 3022 3025 3029 3022 3042 3027 3026 3020 3025 3036 3019 3021 3016 3022 3028
3005 3014 3009 3013 2991 2994 3011 3015 3007 3022 3003 3006 3007 3014 3011 3016 3011 3022 3021 3017 3018 3034 3041 3056 3051 3074 3068 3083 3092 3104 3098 3083 3102 3093 3105 3103 3099 3094 3103 3113 3082 3109 3097 3101 3089 3069 3058 3044 3044 3032 3035 3027 3035 3034 3043 3037 3023 3031 3029 3002 3008 3017 3017 3028
3002 2999 3004 3009 3007 3009 3010 3018 3019 3016 3012 3015 3015 3012 3027 3028 3009 3030 3022 3031 3021 3016 3030 3036 3057 3075 3071 3089 3085 3097 3090 3092 3080 3088 3092 3104 3094 3096 3109 3110 3112 3090 3106 3103 3093 3075 3056 3050 3041 3042 3047 3016 3034 3034 3022 3028 3032 3035 3019 3006 3016 3021 3018 3027
3011 3009 3006 3006 3020 3007 3012 3007 3021 3015 3006 3002 3002 3011 3024 3023 3008 3019 3023 3027 3021 3030 3021 3041 3049 3071 3080 3082 3070 3091 3100 3086 3103 3088 3100 3104 3092 3088 3090 3098 3095 3100 3096 3098 3090 3072 3062 3063 3036 3038 3028 3019 3021 3036 3026 3028 3028 3036 3027 3025 3009 3026 3016 3029
3001 3007 3006 2999 3007 3020 3001 3018 3009 3004 3009 3003 3004 3009 3011 3010 3014 3022 3011 3022 3017 3014 3025 3027 3038 3049 3072 3068 3083 3092 3092 3105 3099 3096 3087 3098 3092 3091 3107 3097 3092 3094 3086 3081 3077 3063 3065 3053 3044 3034 3027 3044 3044 3033 3034 3018 3037 3028 3025 3007 3018 3029 3010 3013
3020 3010 3001 3003 3012 3008 3009 3013 3012 3009 3017 3015 3021 3001 3013 3013 3011 2998 3004 3018 3018 3022 3027 3033 3025 3025 3063 3071 3078 3085 3092 3093 3092 3099 3110 3116 3093 3088 3100 3098 3089 3102 3096 3086 3084 3072 3056 3049 3039 3045 3044 3050 3030 3041 3043 3032 3024 3010 3018 3016 3022 3023 3004 3012
3016 3015 2999 3007 3017 3005 3019 3011 2990 3003 3007 3023 3027 3018 3020 3016 3017 3001 3000 3008 3021 3025 3021 3021 3012 3022 3061 3069 3067 3094 3082 3098 3089 3098 3093 3099 3100 3092 3108 3097 3104 3086 3080 3089 3079 3061 3045 3049 3046 3046 3045 3060 3043 3045 3043 3028 3023 3013 3015 3014 3019 3018 3029 3007
3006 3006 3013 3015 3013 3007 3013 3004 3005 3001 2989 3006 3026 3013 3027 3009 3033 3021 3027 3014 3014 3000 2997 3014 3003 3029 3044 3063 3075 3074 3080 3090 3100 3097 3103 3101 3106 3102 3100 3099 3114 3090 3077 3086 3073 3052 3044 3049 3051 3062 3035 3052 3047 3035 3027 3035 3018 3015 3022 3023 3010 3003 3022 3016
3009 3010 3008 3015 3000 3004 3008 3014 2998 2995 2987 2998 3011 3034 3010 3015 3020 3022 3012 3021 3009 2997 3011 3013 3003 3016 3039 3050 3061 3077 3088 3091 3090 3097 3102 3096 3098 3089 3090 3089 3091 3082 3073 3070 3068 3054 3036 3040 3049 3043 3042 3046 3037 3035 3028 3037 3013 3017 3028 3013 3018 3006 3028 3027
2999 2995 3011 3006 2997 3005 3008 3005 3010 3009 2994 3016 3011 3024 3010 3004 2999 3010 3007 3007 3013 3021 2996 3021 3027 3040 3032 3045 3081 3087 3090 3095 3105 3099 3086 3092 3096 3091 3078 3078 3075 3088 3081 3068 3049 3037 3035 3026 3035 3027 3039 3036 3027 3021 3019 3020 3024 3005 3019 2998 3007 3024 3019 3015
2982 3004 3002 3000 3007 3013 3008 3010 3004 3000 2994 3004 2994 3012 3012 3011 3015 3000 2997 2998 3007 3003 3013 3002 3027 3032 3041 3042 3059 3093 3098 3091 3086 3107 3089 3090 3085 3085 3096 3075 3092 3086 3085 3069 3055 3036 3020 3026 3014 3020 3017 3023 3027 3007 3005 3015 3007 3021 3021 3020 3013 3021 3010 3007
3003 3005 2999 3001 2997 3001 3007 3013 2998 3013 3002 3007 3009 3019 3011 2998 3001 3012 3013 3000 3006 2993 3010 2998 3023 3014 3034 3047 3079 3082 3098 3102 3094 3107 3087 3095 3098 3088 3096 3092 3079 3082 3085 3073 3042 3037 3028 3019 3016 3028 3013 3014 3007 3024 3005 2999 3011 3023 3019 3024 3014 3009 3002 3015
3009 2997 3009 3002 2999 2993 3017 3011 3012 3001 3002 3005 3009 3002 3016 3015 3005 3001 3018 3010 2995 2994 3008 3009 3017 3026 3030 3052 3073 3092 3087 3096 3100 3085 3101 3090 3108 3102 3101 3101 3100 3082 3084 3081 3056 3043 3022 3031 3019 3028 3032 3020 3013 3019 3006 3020 3010 3020 3025 3031 3022 3014 3025 3031
3020 3003 3016 3008 3019 3005 3008 3009 2999 3013 3003 2998 3005 3011 3008 3011 3029 3024 3025 3006 3005 3003 3010 3012 3008 3015 3020 3049 3072 3086 3097 3096 3095 3103 3088 3105 3106 3109 3111 3109 3091 3096 3086 3074 3067 3053 3034 3037 3043 3021 3025 3027 3024 3017 3031 3004 3017 3027 3032 3022 3019 3022 3009 3019
3023 3018 3026 3016 3009 2999 3006 3005 3005 3004 3007 3012 3005 3013 3010 3020 3033 3008 3022 3021 3015 3012 3008 3005 3008 3017 3045 3057 3077 3082 3072 3103 3096 3106 3079 3093 3087 3106 3105 3103 3095 3079 3091 3076 3070 3073 3042 3020 3044 3041 3032 3037 3035 3047 3038 3033 3029 3041 3033 3043 3028 3036 3035 3029
3002 2997 3009 3012 3019 3001 3010 3008 3005 2998 3009 3025 3020 3007 3010 3014 3013 3011 3029 3020 3017 3004 3007 3017 3026 3033 3052 3080 3090 3082 3076 3083 3092 3089 3098 3086 3100 3102 3097 3100 3078 3096 3089 3090 3079 3068 3050 3049 3063 3058 3061 3062 3049 3051 3046 3043 3044 3052 3048 3035 3041 3049 3047 3054
2987 3003 3009 2998 3019 3014 3010 3004 2995 2994 3015 3011 3008 3023 3005 3025 3009 3021 3012 3014 3013 3014 3011 3027 3047 3065 3090 3089 3100 3087 3079 3091 3087 3090 3104 3084 3095 3105 3089 3076 3095 3094 3088 3080 3077 3077 3066 3068 3065 3072 3058 3076 3072 3062 3052 3046 3069 3057 3059 3054 3066 3050 3052 3066
3000 3004 3006 3001 3003 3002 3008 2992 3024 3012 3009 3024 3025 3028 3023 3030 3022 3029 3033 3032 3034 3027 3042 3040 3054 3066 3083 3085 3108 3091 3093 3085 3106 3088 3100 3085 3090 3082 3087 3075 3098 3095 3088 3080 3066 3073 3062 3060 3060 3077 3065 3063 3066 3071 3061 3050 3074 3073 3049 3059 3063 3053 3066 3059
3007 3013 3001 2998 2999 3009 3009 3022 3024 3005 3000 3021 3029 3031 3036 3037 3032 3033 3047 3040 3044 3042 3071 3068 3071 3082 3092 3091 3101 3105 3101 3086 3074 3093 3089 3085 3089 3091 3079 3073 3099 3092 3101 3084 3083 3061 3073 3062 3057 3067 3064 3069 3066 3076 3058 3067 3065 3065 3062 3065 3058 3068 3060 3066
3001 3006 2992 3007 3012 2999 3007 3000 3016 3015 3023 3038 3044 3046 3044 3039 3045 3045 3051 3055 3044 3049 3063 3071 3074 3074 3076 3094 3086 3088 3086 3091 3093 3090 3088 3089 3084 3079 3091 3074 3084 3083 3084 3088 3065 3072 3072 3068 3073 3058 3052 3076 3075 3063 3067 3069 3080 3072 3058 3053 3069 3067 3074 3058
3020 3003 3001 3003 3016 3000 2997 3008 3014 3037 3039 3052 3061 3057 3055 3063 3059 3067 3063 3065 3065 3061 3067 3076 3062 3080 3072 3058 3068 3078 3078 3085 3075 3076 3083 3100 3090 3083 3082 3090 3071 3079 3093 3084 3067 3067 3058 3060 3054 3055 3069 3079 3064 3067 3071 3068 3083 3074 3068 3064 3062 3064 3056 3056
3011 3007 2995 3012 3018 3005 3019 3007 3015 3022 3051 3051 3037 3050 3050 3066 3060 3078 3082 3064 3057 3061 3063 3074 3076 3073 3072 3078 3063 3065 3073 3083 3073 3068 3082 3074 3073 3079 3063 3072 3074 3076 3085 3069 3072 3071 3075 3065 3072 3072 3064 3053 3060 3060 3064 3064 3057 3065 3057 3061 3057 3071 3066 3063
2997 3008 3010 3009 3003 3006 3013 3032 3031 3039 3047 3045 3047 3059 3071 3050 3070 3059 3081 3069 3070 3069 3077 3073 3075 3090 3086 3071 3078 3081 3072 3082 3075 3067 3076 3069 3065 3062 3068 3075 3081 3077 3072 3068 3063 3062 3061 3071 3081 3062 3064 3060 3061 3060 3052 3068 3066 3067 3053 3049 3057 3072 3059 3057
3004 3020 3011 3019 3029 3025 3021 3030 3051 3058 3053 3063 3062 3058 3059 3081 3070 3074 3067 3073 3071 3079 3062 3078 3083 3085 3074 3074 3073 3072 3075 3078 3078 3071 3068 3080 3075 3072 3075 3074 3085 3071 3072 3072 3059 3064 3071 3087 3082 3065 3075 3083 3062 3070 3074 3065 3058 3055 3062 3053 3064 3069 3068 3072
3012 3006 3025 3022 3036 3054 3038 3035 3069 3060 3070 3058 3072 3060 3057 3060 3061 3072 3071 3074 3061 3079 3077 3070 3066 3077 3075 3075 3075 3072 3057 3064 3071 3079 3090 3085 3073 3085 3079 3069 3086 3083 3078 3076 3080 3082 3074 3082 3078 3080 3079 3071 3074 3067 3082 3065 3058 3056 3064 3066 3066 3064 3070 3083
3019 3026 3021 3025 3029 3035 3049 3045 3052 3060 3079 3074 3081 3062 3070 3077 3073 3063 3071 3056 3068 3065 3077 3072 3069 3067 3072 3067 3063 3074 3079 3073 3082 3070 3068 3075 3076 3076 3079 3072 3059 3069 3071 3073 3067 3090 3072 3066 3074 3072 3072 3075 3066 3068 3059 3069 3067 3070 3065 3062 3072 3061 3066 3069
3011 3004 3023 3020 3026 3034 3047 3045 3055 3069 3062 3077 3076 3075 3074 3076 3070 3065 3070 3078 3074 3064 3071 3066 3082 3071 3057 3065 3065 3078 3096 3077 3082 3074 3062 3070 3069 3078 3062 3065 3069 3068 3067 3072 3095 3089 3081 3061 3076 3066 3082 3067 3075 3065 3063 3063 3073 3079 3077 3061 3060 3072 3071 3077
3021 3027 3021 3032 3036 3045 3055 3052 3053 3060 3074 3064 3065 3070 3064 3060 3065 3063 3066 3073 3082 3068 3060 3074 3082 3067 3060 3075 3071 3073 3069 3080 3070 3082 3067 3068 3068 3074 3067 3066 3063 3060 3069 3079 3096 3076 3073 3080 3064 3065 3073 3088 3060 3076 3064 3064 3082 3057 3073 3067 3080 3060 3076 3075
3020 3014 3016 3028 3035 3054 3048 3060 3052 3067 3079 3060 3063 3065 3065 3073 3049 3067 3066 3068 3072 3072 3051 3051 3073 3070 3061 3054 3071 3061 3071 3076 3076 3088 3075 3062 3062 3054 3051 3077 3074 3072 3084 3075 3085 3094 3074 3073 3066 3070 3069 3078 3057 3080 3055 3062 3073 3071 3082 3079 3076 3071 3077 3076
3020 3018 3018 3027 3050 3055 3053 3057 3070 3059 3076 3070 3066 3071 3062 3065 3067 3066 3065 3067 3067 3072 3061 3073 3074 3064 3063 3067 3059 3068 3064 3067 3071 3057 3073 3067 3058 3064 3056 3061 3082 3068 3067 3070 3089 3075 3095 3078 3086 3073 3074 3070 3073 3067 3079 3056 3071 3075 3074 3055 3069 3055 3064 3079
3021 3026 3021 3032 3044 3059 3060 3061 3050 3062 3061 3054 3058 3062 3044 3053 3075 3050 3077 3084 3066 3068 3074 3070 3067 3069 3070 3066 3057 3062 3054 3066 3057 3056 3061 3073 3057 3052 3071 3059 3062 3066 3069 3077 3083 3091 3085 3088 3092 3082 3075 3077 3075 3085 3077 3065 3092 3067 3073 3050 3058 3058 3051 3068
