3078 3062 3069 3070 3063 3064 3056 3056 3054 3059 3065 3054 3045 3051 3062 3065 3044 3039 3028 3036 3038 3030 3058 3058 3055 3042 3044 3038 3020 3050 3052 3043 3051 3051 3059 3069 3065 3058 3068 3053 3047 3042 3056 3045 3042 3032 3021 3013 3020 3026 3015 3031 3025 3022 3014 3016 3023 3021 3021 3011 3009 3010 3021 3010
3069 3065 3064 3059 3052 3070 3052 3047 3051 3054 3055 3048 3052 3060 3064 3042 3044 3043 3046 3062 3032 3040 3050 3047 3057 3053 3050 3048 3055 3046 3051 3055 3051 3053 3053 3064 3063 3071 3050 3043 3062 3044 3039 3029 3046 3041 3020 3022 3016 3026 3018 3033 3021 3025 3023 3010 3015 3035 3015 3013 3005 3022 3017 3011
3067 3061 3055 3053 3056 3050 3059 3043 3048 3045 3054 3043 3042 3044 3056 3046 3049 3043 3020 3036 3057 3055 3049 3033 3053 3061 3061 3059 3039 3050 3051 3063 3069 3067 3048 3054 3063 3056 3056 3048 3047 3047 3040 3027 3021 3049 3033 3025 3022 3033 3016 3031 3023 3046 3015 3011 3007 3016 3002 3005 3012 3018 3018 3026
3041 3040 3060 3057 3050 3054 3056 3051 3050 3045 3057 3054 3036 3039 3040 3043 3050 3055 3045 3047 3051 3040 3029 3028 3048 3053 3060 3060 3057 3066 3064 3071 3065 3063 3059 3057 3067 3063 3065 3037 3055 3043 3044 3043 3051 3039 3045 3033 3032 3028 3024 3020 3016 3029 3018 3004 3023 3031 3015 2992 3004 3022 3023 3017
3044 3046 3054 3048 3044 3040 3050 3046 3038 3045 3049 3044 3053 3029 3048 3039 3039 3058 3041 3046 3050 3051 3054 3032 3041 3046 3048 3057 3076 3066 3079 3066 3067 3061 3046 3056 3066 3061 3048 3044 3051 3055 3038 3037 3049 3064 3036 3035 3030 3030 3017 3018 3025 3009 3030 3022 3025 3036 3026 3015 3025 3025 3014 3020
3033 3053 3053 3049 3037 3040 3050 3045 3036 3038 3031 3034 3023 3031 3036 3049 3045 3039 3057 3052 3058 3050 3051 3048 3056 3048 3051 3056 3065 3056 3070 3073 3081 3066 3064 3054 3052 3057 3054 3063 3046 3055 3056 3045 3059 3054 3050 3035 3033 3029 3015 3014 3018 3027 3028 3025 3015 3029 3015 3009 3016 3029 3015 3013
3038 3049 3049 3033 3050 3035 3038 3027 3027 3030 3041 3050 3047 3029 3048 3054 3055 3050 3046 3053 3055 3056 3036 3054 3062 3059 3052 3057 3048 3063 3072 3072 3087 3075 3057 3066 3057 3065 3050 3066 3058 3045 3049 3056 3050 3044 3047 3040 3038 3042 3032 3030 3043 3044 3017 3008 3025 3028 3020 3025 3027 3027 3027 3022
3017 3013 3011 3015 3018 3001 3005 3009 3016 3023 3017 3011 3025 3022 3034 3041 3036 3023 3033 3041 3031 3041 3038 3041 3050 3049 3037 3043 3045 3053 3065 3063 3075 3065 3061 3069 3066 3065 3053 3053 3072 3050 3051 3038 3064 3054 3046 3035 3026 3048 3044 3034 3024 3025 3024 3025 3016 3015 3022 3026 3013 3010 3026 3010
2990 2985 2987 2995 2983 2998 2982 2988 3000 2994 2989 2987 2990 2998 3002 2999 2995 3007 3017 3034 3017 3013 3041 3023 3037 3032 3050 3027 3028 3040 3050 3068 3062 3076 3079 3067 3059 3060 3067 3056 3056 3050 3049 3043 3053 3061 3049 3031 3049 3039 3032 3016 3020 3016 3019 3021 3010 3011 3026 3008 2992 3015 3011 3004
2973 2988 2972 2980 2982 2988 2998 2980 2991 2988 3008 2987 2977 3009 3018 3021 3024 3022 3024 3015 3017 3023 3011 3032 3044 3044 3029 3034 3040 3055 3066 3058 3073 3075 3075 3081 3074 3072 3065 3060 3062 3071 3059 3046 3042 3054 3050 3043 3039 3025 3032 3016 3026 3027 3025 3012 3021 3017 3018 3013 3009 3000 3006 2998
2985 2990 2992 2979 2989 2977 2990 2994 2983 3009 2995 2986 2986 3011 3019 3024 3024 3023 3009 3012 3030 3031 3026 3041 3051 3024 3032 3020 3038 3048 3057 3060 3080 3085 3092 3099 3086 3077 3084 3063 3075 3075 3095 3077 3068 3061 3040 3037 3041 3034 3017 3017 3034 3027 3022 3014 3019 3022 3006 3018 2999 3004 3011 2991
2991 2982 2997 2995 2996 2993 3006 2985 2991 2990 3000 3002 2988 3018 3032 3027 3020 3033 3019 3013 3030 3038 3035 3048 3035 3037 3035 3031 3037 3056 3069 3076 3085 3085 3096 3093 3099 3088 3071 3087 3098 3094 3091 3075 3065 3054 3036 3041 3038 3048 3028 3044 3035 3027 3021 3040 3020 3014 2998 3008 2999 2994 3014 2998
2986 2994 2983 2996 3000 3005 2998 2990 2986 2995 3000 3012 3009 3014 3015 3015 3019 3022 3038 3040 3029 3023 3025 3012 3040 3034 3046 3045 3065 3068 3074 3106 3090 3111 3098 3100 3090 3092 3107 3108 3108 3103 3102 3085 3090 3054 3046 3037 3045 3050 3046 3036 3050 3031 3035 3039 3039 3026 3000 2992 2988 3005 3006 2984
2994 2986 2987 2998 3003 3008 2974 2991 2985 2983 2991 3001 2998 3016 3005 3023 3022 3043 3032 3041 3037 3033 3037 3044 3033 3048 3060 3058 3077 3084 3092 3093 3105 3101 3087 3092 3093 3106 3110 3109 3106 3119 3107 3079 3080 3065 3065 3044 3042 3063 3055 3056 3054 3048 3035 3026 3025 3024 3016 3004 3002 3002 3001 2993
3006 2988 3007 2998 3001 2981 2974 2988 2999 2986 3002 3009 2988 3003 3013 3024 3021 3032 3041 3045 3022 3043 3024 3047 3042 3055 3061 3074 3075 3090 3092 3089 3107 3103 3100 3107 3097 3104 3104 3096 3099 3105 3101 3098 3088 3087 3086 3056 3063 3059 3065 3069 3047 3042 3040 3024 3022 3009 2997 2987 3009 2999 2999 2992
3015 3010 3015 3013 2989 3012 2999 2988 3001 2991 2998 2998 3007 3015 3033 3027 3021 3028 3032 3041 3032 3029 3048 3067 3049 3066 3086 3096 3078 3102 3098 3104 3090 3095 3108 3086 3085 3101 3100 3101 3101 3102 3115 3097 3104 3096 3071 3070 3057 3054 3066 3072 3059 3049 3044 3024 3026 3010 3009 3012 3010 2995 3000 2981
3020 3018 3016 3014 3003 3012 3004 2990 3000 2995 3012 3017 3002 3019 3053 3034 3035 3019 3044 3022 3035 3034 3054 3059 3071 3084 3096 3090 3099 3107 3091 3095 3098 3092 3093 3096 3092 3093 3097 3108 3090 3098 3107 3099 3100 3087 3078 3084 3074 3065 3076 3078 3074 3066 3052 3021 3032 3010 3013 3012 3010 2988 2999 2993
3014 3017 3018 3019 2998 3008 3003 2996 3000 2995 3007 3002 3018 3021 3034 3030 3038 3032 3027 3025 3032 3043 3063 3067 3081 3092 3101 3093 3100 3102 3097 3079 3092 3101 3094 3098 3093 3100 3100 3087 3091 3097 3092 3111 3087 3095 3091 3083 3086 3085 3087 3073 3077 3056 3043 3014 3023 3021 3011 3001 3007 3003 2990 2995
2992 3010 3020 3017 3004 3012 3015 3015 2993 3002 2994 3005 2998 3014 3013 3023 3046 3039 3028 3024 3035 3066 3079 3078 3093 3098 3095 3106 3100 3102 3107 3089 3102 3104 3099 3115 3103 3106 3095 3087 3085 3097 3105 3096 3089 3093 3106 3092 3075 3078 3078 3095 3071 3064 3033 3035 3020 3008 3000 3006 2999 2981 2997 3013
2994 2999 3009 3011 2999 3020 3027 3002 3010 2982 3019 3011 3012 3018 3028 3052 3049 3041 3031 3031 3048 3068 3071 3084 3105 3101 3103 3087 3086 3102 3100 3099 3102 3102 3101 3103 3099 3115 3089 3092 3098 3094 3107 3103 3103 3097 3100 3096 3089 3083 3093 3097 3071 3068 3031 3030 3017 3007 3016 3009 3004 2995 2996 3008
2985 3005 3001 3004 3011 3012 3015 3004 3007 3016 3013 3008 2998 3017 3033 3035 3038 3043 3037 3051 3053 3057 3081 3097 3087 3113 3091 3111 3096 3098 3097 3101 3094 3088 3099 3113 3097 3090 3095 3091 3086 3081 3097 3109 3094 3100 3093 3097 3080 3104 3094 3092 3078 3072 3044 3026 3019 3010 3012 3014 3001 2992 2989 3014
2999 3008 3013 3013 3024 3006 3008 3010 3036 3027 3012 3006 3009 3037 3033 3029 3036 3039 3043 3054 3069 3065 3093 3087 3090 3101 3085 3096 3102 3102 3099 3100 3095 3097 3092 3097 3109 3099 3096 3097 3098 3081 3089 3094 3091 3093 3100 3093 3099 3097 3088 3083 3087 3075 3047 3032 3019 3024 3011 3019 3013 3003 3004 2999
3024 3025 3041 3027 3031 3026 3028 3035 3041 3015 3033 3020 3023 3025 3037 3042 3046 3043 3045 3073 3075 3071 3091 3079 3098 3095 3095 3093 3084 3077 3075 3088 3086 3101 3111 3107 3090 3103 3116 3092 3087 3095 3093 3100 3105 3102 3100 3107 3091 3090 3081 3084 3080 3074 3070 3041 3030 3026 3023 3021 3030 3022 3010 3000
3027 3022 3023 3022 3014 3019 3022 3020 3012 3016 3013 3024 3015 3026 3029 3035 3040 3042 3070 3070 3085 3080 3092 3080 3094 3095 3083 3099 3085 3075 3079 3085 3096 3097 3100 3086 3090 3084 3093 3110 3099 3077 3101 3108 3099 3096 3090 3102 3094 3077 3087 3083 3073 3065 3049 3053 3030 3033 3033 3021 3007 3026 3016 3020
3013 3002 3022 3023 3015 3005 3026 3021 3010 3010 3009 3014 3001 3011 3016 3031 3034 3037 3054 3071 3082 3092 3083 3100 3093 3084 3092 3101 3081 3079 3090 3082 3104 3096 3104 3093 3076 3097 3090 3105 3095 3106 3108 3100 3097 3098 3094 3100 3084 3084 3100 3096 3078 3060 3047 3036 3033 3014 3021 3022 3011 3009 3019 3019
3009 3005 3012 3021 3016 3013 3009 3005 2996 3011 2998 3007 3007 3012 3006 3028 3033 3056 3065 3068 3078 3097 3090 3091 3085 3086 3093 3085 3086 3072 3082 3095 3101 3098 3099 3107 3094 3088 3096 3094 3105 3112 3124 3108 3100 3089 3087 3095 3084 3099 3084 3100 3079 3059 3042 3027 3020 3000 3015 2999 3015 3016 3024 3016
3013 3011 3007 3016 3020 3012 3015 3008 3004 3003 3013 3004 3009 3005 3025 3014 3032 3044 3055 3065 3078 3090 3093 3105 3097 3096 3092 3093 3081 3087 3107 3091 3113 3122 3104 3099 3105 3099 3095 3095 3106 3105 3106 3109 3098 3099 3101 3096 3094 3084 3086 3079 3074 3067 3040 3027 3009 3009 3005 3004 3026 3026 3030 3019
3009 3004 2997 3004 3007 3003 3012 2987 3001 3006 3004 3003 3013 3016 3013 3031 3033 3053 3049 3061 3081 3089 3080 3093 3105 3096 3105 3088 3096 3098 3096 3101 3086 3103 3099 3101 3105 3102 3107 3088 3096 3099 3103 3105 3102 3092 3088 3089 3080 3085 3092 3089 3084 3059 3049 3035 3010 3005 3011 3018 2997 3012 3011 3017
3017 3019 3011 3018 3014 3002 2991 2993 2993 3005 3024 3006 2991 3000 2998 3013 3022 3057 3063 3063 3092 3080 3083 3090 3097 3093 3095 3099 3104 3076 3094 3084 3098 3089 3092 3099 3103 3115 3099 3099 3094 3110 3092 3085 3100 3094 3103 3087 3093 3088 3085 3087 3070 3064 3039 3034 3011 3016 3018 3018 3009 3007 3022 3004
2994 2996 3008 3011 3019 3008 2988 2999 2993 3001 3016 3008 3004 3004 3013 3018 3025 3051 3062 3075 3084 3074 3080 3079 3089 3090 3112 3092 3091 3090 3092 3095 3091 3087 3089 3093 3090 3099 3089 3100 3101 3095 3099 3096 3107 3099 3096 3091 3095 3102 3096 3084 3087 3068 3053 3038 3023 3019 3015 3020 3015 3024 3021 3025
2993 2991 2997 3012 3006 2996 3016 3009 3006 3008 3000 2992 2987 3010 3005 3015 3033 3045 3078 3075 3084 3079 3076 3081 3068 3081 3103 3095 3097 3097 3081 3094 3097 3089 3101 3099 3095 3109 3101 3119 3110 3100 3095 3091 3103 3100 3119 3098 3105 3108 3093 3098 3080 3071 3042 3044 3023 3040 3020 3021 3026 3037 3022 3021
3012 3005 2994 3000 3012 3002 3010 3012 3009 3008 3005 3006 2998 3000 3004 3007 3014 3058 3057 3066 3077 3068 3081 3079 3068 3087 3084 3089 3103 3110 3086 3098 3092 3102 3085 3101 3091 3094 3092 3108 3103 3104 3107 3095 3097 3112 3098 3096 3096 3101 3093 3087 3084 3063 3041 3026 3021 3033 3016 3019 3018 3016 3009 3024
3007 3003 3001 2997 2991 3009 3011 3000 3014 2991 2992 2991 2988 2990 2987 3000 3009 3034 3058 3063 3081 3075 3083 3070 3092 3087 3089 3078 3103 3094 3096 3080 3100 3085 3097 3103 3094 3103 3097 3112 3100 3112 3108 3118 3108 3086 3106 3105 3101 3099 3096 3088 3082 3059 3044 3025 3024 3028 3014 3013 3021 3009 3024 3007
3014 3003 3008 3009 3005 3012 3005 2996 2998 2991 3006 3009 2992 3006 3001 3008 3019 3025 3049 3059 3074 3086 3095 3077 3088 3073 3087 3078 3086 3090 3093 3085 3078 3085 3100 3094 3100 3107 3100 3103 3083 3100 3104 3101 3099 3090 3095 3091 3086 3100 3095 3098 3082 3076 3033 3026 3026 3020 3031 3019 3016 3003 3007 3002
3011 3012 3008 3009 3021 3021 3022 3024 3006 3000 3019 3019 3012 3012 3020 3013 3010 3040 3053 3059 3080 3069 3095 3093 3101 3090 3083 3083 3093 3084 3095 3110 3091 3102 3098 3093 3095 3097 3093 3099 3094 3102 3097 3103 3105 3104 3102 3092 3092 3089 3105 3073 3068 3043 3050 3016 3027 3026 3037 3023 3019 3013 3014 3023
3004 3012 3023 3014 3019 3027 3027 3029 3010 3017 3020 3014 3019 3027 3008 3025 3024 3017 3041 3055 3074 3083 3085 3089 3102 3085 3080 3083 3097 3082 3095 3102 3099 3106 3097 3101 3093 3085 3100 3101 3100 3089 3087 3094 3111 3104 3107 3095 3090 3090 3088 3080 3070 3041 3048 3044 3027 3036 3042 3039 3020 3020 3018 3021
3011 2997 3005 3006 3012 3009 3004 3014 3008 3012 3019 3009 3013 3008 3011 3005 3007 3012 3025 3051 3067 3081 3100 3101 3085 3087 3078 3081 3093 3096 3093 3083 3101 3094 3093 3095 3086 3082 3092 3104 3104 3097 3093 3097 3105 3106 3103 3098 3092 3092 3086 3080 3058 3056 3062 3025 3030 3021 3026 3028 3013 3003 3014 3004
3005 2986 3005 2993 3000 3016 3000 3008 3009 3007 2996 2999 3003 3006 3011 2992 2994 3006 3031 3048 3072 3070 3078 3102 3087 3077 3071 3081 3085 3076 3077 3091 3097 3105 3095 3094 3097 3088 3081 3090 3102 3108 3098 3105 3109 3102 3098 3096 3102 3096 3084 3082 3059 3038 3036 3009 3011 3020 3020 3032 3009 3000 3027 3017
3004 2994 3004 2992 3008 3007 2996 3004 3002 3006 2995 3000 3002 3006 3006 3005 3002 3001 3014 3039 3049 3067 3082 3094 3085 3069 3080 3077 3083 3072 3083 3083 3093 3104 3106 3093 3097 3102 3109 3112 3098 3105 3107 3094 3088 3105 3089 3093 3086 3089 3090 3065 3070 3040 3029 3019 3016 3015 3002 3016 3013 3006 3014 3029
2988 2997 3003 3012 2996 3004 3005 3003 2997 3010 2996 3002 2993 2991 3002 3008 3010 3008 3011 3032 3030 3050 3070 3071 3070 3068 3077 3061 3072 3087 3102 3088 3084 3098 3104 3114 3091 3094 3107 3106 3109 3096 3098 3099 3095 3095 3105 3100 3104 3089 3075 3067 3063 3029 3025 3019 3022 3022 3018 2996 3008 3007 3013 3007
3014 2996 3008 3008 3016 3019 3002 2992 3004 3002 3004 2996 3003 2995 2991 3015 3012 3005 3002 3016 3020 3040 3056 3074 3076 3076 3067 3082 3072 3071 3093 3089 3095 3099 3104 3100 3111 3103 3096 3102 3102 3105 3111 3104 3096 3087 3081 3097 3099 3100 3090 3063 3052 3028 3012 3009 3017 3008 3011 3008 3010 3006 3005 3004
3000 3000 3007 3031 3020 3016 2994 3000 2998 2999 2992 3006 2991 2994 3001 3000 3008 3001 3000 3003 3012 3035 3057 3063 3070 3076 3078 3078 3074 3082 3087 3095 3090 3094 3092 3103 3092 3097 3081 3089 3107 3105 3099 3090 3098 3097 3090 3090 3106 3095 3073 3061 3039 3014 3013 3008 3014 3022 3010 3012 3017 3016 3006 3012
3011 3001 3005 2985 2990 3018 2998 2997 2996 2997 2987 2987 3001 2996 3006 3002 2999 2997 2998 3006 3020 3036 3058 3060 3074 3080 3072 3070 3086 3089 3078 3086 3105 3104 3108 3094 3096 3098 3087 3098 3110 3102 3096 3101 3098 3099 3085 3095 3089 3083 3079 3070 3047 3026 3013 3008 3023 3000 3007 3010 3026 3025 3016 3006
2994 3005 2991 2993 2999 2998 2989 2994 3005 2997 3006 3005 3005 2999 3003 3010 3017 3014 2998 3003 3014 3025 3038 3059 3076 3076 3080 3081 3091 3091 3084 3091 3109 3092 3105 3094 3081 3098 3098 3096 3095 3099 3082 3086 3080 3095 3091 3093 3080 3092 3073 3055 3034 3021 3008 3017 3001 3015 3005 3004 3017 3017 3021 3014
3005 3001 2996 2993 3003 2985 2999 2992 3008 2999 3004 3010 3002 3005 3009 3002 3003 3002 3007 2998 3004 3017 3037 3050 3068 3079 3063 3078 3077 3082 3075 3082 3096 3106 3095 3093 3104 3083 3098 3087 3087 3090 3092 3096 3096 3097 3096 3094 3090 3065 3064 3029 3041 3019 3021 3015 3012 3017 3006 3016 3013 3003 3013 3014
2990 2999 2994 3004 2991 3011 3001 3005 3008 3003 3014 3003 3005 3001 3008 2999 3001 2995 2997 3001 2994 3013 3017 3051 3071 3078 3086 3072 3088 3079 3081 3092 3096 3099 3089 3098 3093 3089 3085 3086 3082 3100 3094 3095 3088 3101 3104 3094 3083 3074 3049 3038 3039 3022 3017 3009 3016 3015 3013 3009 3005 2999 3006 3020
3000 2999 3004 3001 3018 2997 3007 2999 2999 3017 3010 2999 3005 2986 3001 2990 2987 3002 2996 3005 2999 3004 3010 3040 3065 3073 3069 3069 3069 3082 3078 3087 3100 3103 3100 3102 3113 3088 3099 3099 3093 3097 3100 3107 3098 3107 3104 3096 3089 3073 3053 3029 3032 3013 3004 3007 3004 2999 3010 3002 3010 2995 3005 3000
3004 3010 3002 2995 3002 3002 2989 2996 2997 3007 2998 3019 2988 2978 2992 3000 2998 3001 2994 2991 2996 3001 3005 3021 3055 3081 3093 3084 3081 3075 3075 3081 3100 3100 3095 3108 3106 3100 3103 3105 3105 3111 3104 3107 3101 3098 3110 3097 3090 3069 3044 3038 3006 3006 2996 2987 3018 3004 3005 3019 3011 3002 2993 2991
3002 3002 3000 3002 3013 3014 3005 2986 2996 2994 2999 2999 3010 3018 3000 3006 3018 3010 2993 2999 2991 3001 2995 3024 3059 3074 3072 3073 3080 3096 3085 3096 3092 3086 3103 3102 3117 3107 3108 3093 3093 3097 3087 3099 3108 3101 3095 3093 3070 3044 3034 3031 3030 3019 2997 3004 3007 3010 3003 3001 3009 3011 2998 3010
2994 2992 3010 3006 3002 3002 3010 2993 2989 2996 2986 2992 3010 2996 2995 3004 3004 3010 2993 2996 3001 3009 2997 3012 3041 3060 3077 3081 3098 3098 3096 3084 3093 3105 3100 3106 3115 3113 3105 3092 3094 3088 3104 3090 3095 3108 3096 3076 3048 3022 3022 3025 3021 3012 3007 2992 2989 3015 2999 3016 3007 3003 3011 3008
2974 2999 3003 3010 2992 3001 2999 3003 3001 2999 2989 2999 2996 2995 2990 3008 3005 2998 2999 3007 3006 3004 3006 3018 3040 3046 3086 3083 3081 3081 3087 3089 3103 3104 3108 3100 3110 3090 3088 3098 3101 3101 3107 3103 3090 3098 3089 3080 3048 3041 3018 3016 3011 3016 3016 2999 3012 3013 3004 2999 3009 3021 3006 3000
2983 2992 3007 2993 2995 2981 3005 3003 3008 3001 2988 2997 2992 3002 2995 2988 2994 3003 3015 3019 3001 3017 3008 3026 3025 3038 3074 3075 3084 3076 3085 3077 3091 3099 3109 3108 3092 3093 3100 3107 3104 3091 3092 3091 3083 3092 3087 3080 3037 3017 3018 3005 3010 3011 3006 3006 3018 3019 2997 2993 3016 3010 3014 3006
2985 3001 3014 3000 2994 2997 2993 2987 3003 2995 2986 3001 2999 2999 2988 2988 2997 3002 3004 3014 3004 3013 3003 3024 3033 3057 3080 3082 3077 3084 3084 3088 3089 3100 3090 3078 3096 3100 3092 3091 3099 3088 3108 3094 3099 3083 3087 3074 3049 3027 3023 3012 3004 3015 3011 3010 3025 3012 3010 3013 3023 3011 3015 3013
3009 2998 3017 3000 2994 3006 2985 2997 2997 3000 2986 3003 2997 3013 2996 2980 2991 3008 2996 3000 2997 2999 2998 3017 3038 3047 3070 3089 3089 3084 3093 3088 3102 3095 3097 3098 3100 3097 3093 3097 3089 3096 3104 3102 3093 3087 3084 3068 3035 3031 3015 3023 3008 3021 3018 3024 3013 3019 3020 3014 3021 3045 3018 3020
2989 3001 3003 2993 2993 2993 2997 2990 3004 2978 2996 2989 2995 2999 3000 2996 3001 3000 2996 3011 2995 3001 3002 3012 3046 3065 3078 3080 3087 3091 3104 3105 3097 3089 3091 3082 3081 3088 3098 3097 3099 3099 3095 3094 3085 3085 3079 3061 3057 3010 3014 3000 3008 3011 3014 3002 3024 3021 3023 3033 3031 3010 3013 3012
2999 3006 2998 2998 2983 2986 2996 2989 2992 2985 2998 2993 2996 3000 3005 3013 2988 2997 2994 2997 2993 3006 2999 3036 3054 3068 3080 3082 3095 3086 3096 3106 3093 3090 3093 3084 3084 3085 3092 3097 3084 3085 3096 3085 3085 3095 3082 3064 3039 3023 3016 3001 3000 3015 3011 3010 3014 3017 3025 3027 3022 3007 3008 3011
2993 2993 2996 2991 2995 3009 3003 2998 3003 2995 2996 2990 3000 3003 3004 3004 2994 2992 3008 3016 3018 3027 3013 3024 3071 3077 3086 3093 3091 3102 3106 3104 3104 3081 3087 3092 3088 3100 3096 3115 3096 3091 3099 3100 3102 3083 3090 3088 3059 3035 3015 3014 3014 2998 3020 3022 3021 3012 3027 3030 3003 3026 3025 3015
2980 2988 2987 3007 3012 3009 2999 3010 3018 3004 2989 2999 3013 3008 3019 3005 3005 3002 3007 3004 3034 3039 3036 3048 3083 3085 3084 3086 3096 3097 3096 3100 3097 3094 3089 3102 3092 3102 3116 3124 3099 3102 3105 3108 3104 3099 3097 3098 3058 3035 3034 3029 3013 3024 3031 3025 3016 3015 3021 3015 3025 3036 3020 3014
2995 2997 3013 2991 2995 3004 3005 3011 3015 3020 2993 3012 3018 3019 3014 3013 3023 3011 3021 3039 3053 3055 3053 3073 3085 3104 3107 3111 3099 3090 3098 3098 3092 3103 3105 3097 3098 3100 3102 3108 3103 3104 3101 3090 3100 3097 3090 3098 3072 3079 3050 3035 3034 3031 3033 3039 3026 3035 3026 3042 3028 3047 3035 3036
2994 2991 2982 2992 2993 2999 3004 3011 3011 3019 3026 3016 3022 3024 3018 3013 3018 3026 3033 3036 3056 3066 3085 3091 3086 3099 3113 3088 3101 3098 3079 3091 3107 3107 3112 3110 3115 3100 3099 3103 3113 3112 3112 3105 3104 3099 3110 3101 3099 3088 3063 3025 3044 3056 3051 3050 3041 3035 3048 3045 3043 3055 3050 3037
3004 3005 2991 3001 2995 3007 3005 3008 3015 3029 3033 3029 3041 3031 3021 3032 3062 3048 3043 3058 3068 3077 3089 3093 3112 3098 3100 3096 3097 3104 3091 3092 3109 3103 3099 3101 3096 3101 3105 3090 3106 3115 3098 3098 3100 3099 3105 3101 3103 3097 3075 3058 3047 3052 3058 3063 3054 3045 3045 3053 3054 3046 3050 3063
3002 2990 2998 2997 3009 3022 3028 3009 3022 3018 3027 3032 3037 3041 3040 3054 3051 3054 3063 3059 3081 3083 3089 3102 3107 3099 3090 3088 3109 3101 3091 3097 3100 3095 3098 3103 3091 3109 3102 3090 3103 3093 3106 3110 3091 3096 3102 3108 3111 3097 3078 3076 3060 3062 3066 3057 3065 3060 3065 3059 3053 3057 3057 3054
3015 2998 3011 3016 3029 3033 3024 3033 3034 3034 3044 3060 3052 3063 3060 3056 3057 3070 3055 3054 3063 3077 3092 3086 3084 3099 3073 3091 3104 3090 3095 3103 3091 3097 3102 3088 3090 3104 3107 3100 3113 3096 3103 3096 3087 3090 3100 3106 3107 3106 3086 3078 3073 3081 3072 3064 3072 3069 3075 3068 3068 3055 3068 3072
3003 3008 3033 3029 3030 3036 3020 3050 3041 3041 3056 3060 3072 3069 3073 3074 3071 3068 3064 3068 3068 3070 3077 3086 3087 3088 3089 3092 3114 3107 3114 3107 3094 3087 3079 3083 3091 3106 3109 3102 3106 3091 3090 3102 3106 3098 3103 3108 3103 3104 3087 3081 3077 3072 3077 3088 3080 3070 3067 3064 3066 3070 3072 3061
