3050 3063 3064 3054 3053 3048 3054 3056 3067 3057 3054 3045 3039 3037 3047 3038 3043 3036 3054 3039 3041 3033 3027 3025 3025 3026 3026 3034 3037 3037 3032 3021 3037 3021 3030 3026 3006 3026 3026 3022 3003 3007 3020 3009 3013 3029 3022 3027 3020 3023 3005 3014 2989 3000 3001 3020 3005 3012 3011 3025 3015 3012 3002 2986
3059 3057 3060 3049 3047 3044 3054 3058 3069 3057 3047 3045 3048 3037 3038 3048 3021 3034 3053 3045 3045 3039 3026 3021 3032 3015 3035 3026 3047 3041 3042 3041 3025 3025 3029 3025 3033 3021 3021 3019 3019 3020 3009 3020 3021 3018 3022 3018 3015 3009 3022 3016 3007 2999 3007 3010 3019 3007 3005 3013 3017 3011 3017 3009
3068 3066 3062 3062 3057 3058 3045 3045 3059 3052 3050 3050 3047 3037 3038 3050 3032 3045 3055 3048 3038 3035 3026 3035 3033 3040 3030 3037 3049 3052 3046 3045 3035 3020 3037 3027 3020 3016 3028 3028 3015 3024 3017 3015 3011 3018 3033 3024 3009 3018 3029 3010 3022 3006 3018 3012 3030 3022 3026 3014 3016 3035 3019 3014
3053 3060 3041 3057 3062 3054 3043 3052 3054 3040 3040 3034 3034 3052 3045 3037 3037 3038 3040 3037 3023 3035 3027 3038 3039 3039 3048 3028 3044 3042 3062 3039 3033 3059 3051 3041 3035 3029 3028 3023 3014 3012 3010 3014 3013 3031 3018 3029 3031 3026 3009 3022 3016 3027 3026 3015 3025 3025 3013 3008 3002 3020 3007 3013
3042 3042 3054 3066 3074 3056 3048 3038 3054 3027 3022 3031 3043 3050 3035 3024 3034 3051 3024 3040 3023 3034 3043 3043 3027 3021 3042 3047 3045 3034 3045 3036 3060 3062 3045 3043 3043 3045 3034 3019 3026 3023 2993 3009 3017 3020 3033 3028 3038 3026 3013 3015 3014 3024 3017 3020 3007 3006 3010 3014 3002 2997 3010 3025
3039 3045 3038 3034 3053 3035 3032 3043 3030 3035 3031 3033 3027 3034 3032 3033 3031 3037 3042 3022 3036 3040 3041 3041 3032 3026 3034 3050 3055 3053 3047 3051 3045 3037 3052 3048 3050 3040 3049 3034 3019 3029 3018 3023 3017 3016 3009 3022 3041 3014 3022 3007 3008 3022 3020 3020 3034 3015 3006 2997 3007 3005 3012 3020
3039 3042 3057 3041 3031 3039 3032 3024 3027 3024 3038 3034 3036 3039 3035 3039 3039 3039 3043 3041 3044 3034 3036 3025 3032 3035 3046 3046 3049 3045 3041 3041 3050 3051 3050 3044 3051 3052 3060 3056 3046 3025 3031 3016 3028 3009 3016 3019 3022 3032 3010 3012 3014 3024 3017 3004 3021 3024 3021 3005 3008 3021 3025 3007
3017 3004 3016 3029 3015 3008 3000 3010 3011 3015 3011 3000 3028 3001 3014 3019 3020 3034 3033 3034 3028 3032 3022 3032 3041 3033 3034 3039 3044 3046 3036 3050 3049 3042 3050 3042 3034 3049 3061 3049 3034 3032 3023 3028 3012 3032 3013 3025 3017 3012 3008 3012 2993 3011 3012 3002 3011 3019 3017 2994 3003 2998 3009 3009
2964 2976 2996 2981 2997 2992 2991 2991 2996 3006 3005 3005 3013 3012 3008 3016 3001 3016 3030 3016 3022 3022 3019 3033 3026 3035 3016 3028 3014 3021 3022 3031 3027 3031 3033 3043 3029 3034 3037 3038 3030 3036 3029 3027 3024 3030 3006 3000 3003 3025 3009 2994 2998 2994 3002 2993 3014 2996 3003 2988 3001 2991 3000 3001
2975 2973 2972 2977 2975 2978 2986 2983 3001 2993 3005 3003 3013 3014 3003 3008 3018 3019 3029 3019 3023 3018 3019 3024 3037 3019 3027 3015 3034 3041 3035 3039 3043 3043 3042 3041 3041 3034 3027 3038 3032 3038 3025 3028 3022 3029 3011 3015 3010 3026 3016 3017 3013 3016 3000 2993 3004 3001 3001 3001 2979 2987 2995 2997
2977 2979 2973 2980 2977 2984 2977 2992 3021 3009 2994 3000 3020 3016 3016 3016 3014 3019 3011 3014 3028 3033 3019 3037 3031 3026 3016 3033 3033 3038 3042 3047 3038 3068 3060 3033 3051 3034 3040 3033 3031 3033 3036 3042 3045 3037 3024 3034 3031 3010 3033 3008 3015 3016 3014 3016 3007 2998 2993 2985 2991 3009 3002 3010
2973 2979 2974 2976 2974 2986 2997 2996 3013 3022 3002 3007 3025 3031 3017 3032 3026 3021 3017 3029 3034 3028 3027 3021 3034 3033 3029 3017 3026 3039 3056 3050 3042 3048 3039 3042 3032 3028 3026 3038 3033 3039 3031 3043 3029 3056 3049 3043 3036 3025 3024 3003 3019 3021 3015 3002 3003 3001 3004 2999 3003 2993 2995 3009
2979 2970 2976 2982 2983 2979 2992 2992 2991 3007 2996 3018 3012 3024 3027 3029 3021 3033 3024 3028 3021 3030 3024 3028 3021 3035 3031 3032 3038 3041 3062 3061 3045 3053 3036 3039 3037 3034 3033 3030 3036 3032 3036 3033 3054 3050 3052 3055 3045 3032 3033 3013 3028 3022 3010 3017 3017 3000 3009 3006 2995 2999 2990 2995
2986 2984 2989 2980 2980 2988 2989 2999 3000 3000 3012 3016 3014 3018 3028 3025 3028 3028 3033 3033 3024 3028 3024 3030 3029 3014 3032 3030 3038 3052 3072 3047 3059 3062 3056 3042 3041 3035 3036 3043 3045 3036 3036 3046 3048 3047 3048 3059 3051 3037 3032 3025 3016 3012 3017 3018 3005 3015 3003 2999 3011 2996 2993 2993
3001 2976 2976 2983 2988 2988 2987 2998 3005 3013 3033 3028 3007 3029 3025 3029 3024 3031 3045 3041 3041 3027 3031 3041 3039 3035 3042 3041 3052 3071 3058 3050 3052 3057 3045 3063 3051 3048 3037 3046 3037 3031 3037 3044 3054 3063 3056 3052 3057 3045 3041 3040 3016 3024 3017 3015 3010 3005 3014 3008 3016 3020 3002 3008
2987 2987 3000 2998 2992 2981 2996 2993 3007 3006 3025 3028 3018 3012 3029 3036 3039 3040 3057 3027 3031 3028 3034 3033 3031 3028 3033 3036 3065 3047 3066 3062 3074 3051 3072 3066 3056 3035 3048 3038 3028 3038 3027 3042 3037 3044 3041 3048 3046 3048 3047 3029 3019 3010 3015 2997 3003 3006 3010 3017 3020 3017 3019 3002
3006 3009 3000 3003 2997 3010 2998 3005 3014 3018 3015 3021 3025 3032 3030 3041 3039 3028 3030 3039 3027 3034 3032 3035 3021 3014 3039 3047 3061 3065 3071 3072 3064 3059 3062 3061 3056 3052 3050 3029 3043 3034 3028 3038 3020 3036 3045 3047 3049 3052 3043 3033 3028 3021 3005 3008 3003 2998 3011 3013 3005 3002 3012 3013
3013 3013 3010 3017 2999 3011 3006 3006 3024 3027 3019 3021 3035 3045 3044 3028 3043 3036 3024 3025 3020 3019 3036 3049 3026 3031 3029 3055 3067 3083 3089 3087 3067 3062 3069 3064 3049 3048 3044 3033 3051 3018 3031 3034 3042 3038 3036 3053 3054 3036 3031 3037 3029 3016 3021 3012 3013 3014 3006 3003 2999 3000 3009 2998
3006 3029 3032 3016 3016 3005 3010 3022 3026 3022 3022 3028 3027 3045 3043 3041 3044 3029 3031 3024 3024 3027 3034 3051 3035 3046 3051 3062 3064 3087 3083 3091 3075 3067 3068 3068 3043 3037 3045 3033 3031 3035 3024 3021 3030 3032 3056 3040 3046 3044 3045 3028 3022 3016 3028 3026 3012 3008 3008 2994 3002 2994 3001 3018
3011 3017 3024 3009 3015 3006 3011 3022 3031 3035 3042 3032 3034 3041 3045 3049 3044 3034 3034 3041 3031 3041 3028 3042 3041 3037 3040 3071 3063 3092 3088 3076 3081 3086 3081 3057 3054 3054 3028 3029 3029 3036 3028 3034 3046 3050 3042 3055 3048 3045 3051 3051 3030 3020 3013 3016 3019 3016 3007 2999 2988 3003 3002 3011
3008 3021 3006 3004 3019 3014 3023 3028 3041 3032 3031 3017 3036 3048 3045 3028 3037 3041 3036 3035 3039 3036 3023 3036 3025 3050 3042 3051 3068 3083 3087 3084 3083 3078 3075 3068 3064 3048 3048 3052 3039 3031 3038 3041 3036 3046 3058 3043 3045 3035 3050 3042 3040 3031 3022 3017 3023 3015 3008 2986 3010 3020 3009 3001
3012 3012 3016 3012 3031 3009 3045 3030 3046 3039 3030 3035 3039 3039 3035 3027 3031 3038 3031 3048 3043 3034 3035 3029 3037 3042 3050 3064 3083 3088 3072 3079 3074 3086 3081 3077 3065 3049 3044 3043 3050 3042 3039 3041 3039 3045 3041 3038 3051 3052 3047 3042 3033 3028 3036 3028 3016 3032 3030 3024 3022 3024 3008 3017
3030 3025 3026 3027 3031 3026 3036 3038 3029 3036 3038 3041 3031 3033 3032 3033 3045 3035 3027 3028 3051 3041 3038 3041 3039 3059 3062 3078 3089 3091 3083 3072 3080 3075 3080 3078 3063 3041 3063 3052 3031 3042 3033 3048 3049 3041 3057 3059 3048 3070 3045 3056 3028 3044 3047 3033 3038 3041 3033 3027 3024 3019 3026 3027
3009 3016 3021 3020 3020 3039 3030 3038 3034 3041 3044 3038 3035 3029 3037 3031 3047 3031 3030 3036 3047 3049 3037 3041 3037 3055 3076 3086 3091 3084 3076 3081 3090 3083 3079 3084 3076 3056 3049 3052 3041 3046 3042 3040 3062 3043 3039 3062 3050 3065 3054 3042 3051 3042 3055 3040 3038 3041 3031 3015 3023 3019 3017 3029
3004 3006 3010 3011 3019 3020 3031 3022 3025 3033 3024 3032 3057 3045 3040 3049 3047 3023 3041 3039 3037 3050 3045 3039 3050 3063 3071 3089 3090 3077 3089 3081 3093 3084 3094 3089 3066 3045 3053 3047 3052 3030 3045 3048 3045 3056 3034 3041 3046 3074 3052 3059 3054 3036 3040 3029 3028 3020 3007 3013 3004 3000 3011 3036
3013 3015 3004 3010 3016 3019 3020 3020 3025 3024 3030 3027 3046 3052 3046 3050 3059 3053 3037 3042 3042 3045 3046 3058 3068 3080 3107 3099 3101 3080 3094 3075 3081 3093 3090 3092 3087 3066 3062 3037 3044 3046 3052 3046 3054 3056 3052 3059 3058 3058 3064 3059 3047 3053 3031 3027 3028 3023 3011 2991 2998 3003 3023 3013
3013 3007 3004 3017 3011 3004 2999 3025 3021 3039 3043 3043 3049 3053 3038 3040 3064 3052 3040 3058 3042 3048 3047 3060 3081 3083 3085 3092 3093 3094 3092 3083 3096 3093 3092 3086 3076 3062 3071 3046 3041 3054 3054 3060 3068 3077 3058 3051 3068 3077 3071 3060 3061 3037 3024 3026 3013 3004 3006 3003 2999 3019 3023 3039
3020 3021 3003 3010 3020 3016 3009 3013 3020 3032 3037 3052 3049 3044 3057 3062 3052 3068 3050 3047 3055 3046 3051 3049 3078 3081 3095 3093 3093 3095 3083 3094 3084 3094 3098 3081 3075 3081 3053 3051 3047 3047 3060 3066 3071 3089 3061 3051 3067 3081 3060 3049 3040 3041 3029 3009 3012 3001 3007 2997 2991 3007 2999 3034
3010 3011 3015 3012 3015 2997 3012 3001 3022 3026 3041 3043 3056 3055 3052 3052 3064 3066 3075 3053 3042 3048 3065 3070 3085 3084 3083 3093 3095 3100 3098 3096 3097 3092 3091 3096 3065 3053 3060 3051 3057 3049 3058 3070 3063 3085 3067 3071 3068 3072 3059 3048 3049 3025 3021 3019 3005 3010 3016 3012 3010 3019 3010 3021
3003 3006 3004 3009 3012 3005 3005 3007 3011 3016 3053 3043 3058 3059 3059 3060 3074 3069 3069 3066 3054 3062 3070 3070 3080 3090 3083 3097 3101 3090 3112 3096 3095 3093 3090 3092 3074 3085 3077 3064 3056 3069 3058 3092 3077 3084 3083 3081 3081 3079 3070 3055 3025 3013 3010 3002 3020 3009 3015 3011 3021 3020 3023 3022
3008 3006 3000 3001 3005 3013 3003 3002 3016 3013 3026 3040 3050 3055 3049 3076 3091 3087 3080 3081 3087 3093 3084 3073 3092 3085 3089 3086 3096 3103 3093 3104 3107 3105 3105 3096 3097 3086 3080 3082 3085 3079 3093 3088 3096 3094 3092 3082 3091 3089 3074 3047 3021 3015 3009 2997 3016 3018 3040 3012 3013 3026 3022 3014
3002 3011 3013 3007 3007 3004 3000 3006 3004 3014 3016 3035 3059 3068 3063 3072 3094 3095 3087 3089 3091 3099 3087 3086 3087 3108 3094 3096 3098 3114 3093 3097 3099 3104 3114 3104 3096 3097 3076 3084 3089 3087 3085 3085 3104 3089 3099 3088 3099 3082 3082 3040 3023 3007 3011 2995 3009 3011 3009 3013 3023 3026 3022 3029
3018 3012 3018 2995 2993 3002 2998 3008 3017 3016 3009 3026 3067 3074 3082 3083 3098 3099 3099 3090 3081 3088 3085 3082 3090 3100 3091 3087 3109 3103 3102 3087 3108 3089 3106 3098 3108 3095 3101 3098 3084 3088 3100 3102 3090 3083 3099 3093 3089 3095 3056 3040 3025 3008 3016 3027 3015 3005 3013 3013 3012 3005 3017 3023
3019 3024 3016 3001 3021 3011 2997 3007 3013 3013 3012 3032 3062 3069 3078 3078 3088 3101 3082 3082 3090 3097 3092 3083 3095 3092 3097 3088 3092 3102 3105 3102 3090 3100 3099 3102 3112 3111 3100 3094 3087 3097 3093 3093 3094 3093 3098 3093 3096 3081 3069 3052 3020 3008 3024 3026 3017 3000 3020 3018 3009 3012 3018 3018
3015 3023 3023 3024 3018 3022 3010 3016 3015 3030 3033 3047 3058 3079 3080 3082 3089 3097 3091 3088 3103 3098 3099 3098 3084 3093 3088 3097 3099 3099 3104 3093 3094 3097 3092 3103 3114 3108 3111 3107 3103 3106 3097 3101 3091 3084 3093 3076 3089 3077 3061 3027 3034 3028 3031 3030 3025 3023 3016 3038 3012 3011 3024 3024
3015 3016 3010 3018 3024 3024 3012 3016 3012 3017 3026 3044 3065 3064 3064 3086 3083 3088 3097 3087 3103 3102 3096 3093 3086 3079 3091 3087 3095 3090 3098 3093 3097 3088 3116 3103 3102 3101 3097 3096 3097 3110 3099 3093 3095 3096 3074 3082 3095 3087 3073 3059 3036 3015 3012 3033 3045 3030 3021 3015 3019 3011 3010 3026
3000 3002 3007 3010 2999 2998 3008 3010 3005 3016 3007 3038 3075 3085 3085 3089 3087 3084 3101 3088 3092 3097 3088 3087 3084 3084 3086 3090 3098 3096 3105 3095 3097 3101 3101 3097 3100 3094 3105 3101 3108 3110 3100 3095 3089 3089 3098 3089 3102 3093 3070 3056 3040 3013 3028 3013 3008 3004 3007 3006 3006 3017 3004 3018
2994 2991 3004 2988 3006 3014 3022 3004 3020 3017 3021 3041 3071 3079 3073 3092 3086 3087 3079 3092 3096 3087 3098 3096 3084 3093 3083 3086 3111 3094 3101 3109 3086 3109 3107 3095 3097 3098 3097 3094 3100 3104 3099 3087 3101 3091 3087 3089 3100 3088 3068 3057 3028 3016 3010 3017 3005 3019 2999 3009 3012 3006 3022 3034
3006 2989 2991 3006 2997 3012 3004 3009 3007 3015 3019 3027 3059 3075 3073 3083 3077 3070 3078 3097 3085 3080 3093 3090 3091 3096 3094 3084 3098 3102 3081 3095 3096 3101 3095 3105 3109 3100 3105 3094 3106 3099 3092 3110 3105 3087 3086 3102 3097 3085 3068 3038 3025 3003 3023 3014 3008 3009 3010 3014 2999 3008 3005 3008
3022 3004 2995 3010 2999 3009 3002 3013 3017 3013 3025 3036 3058 3067 3073 3086 3086 3081 3093 3087 3071 3089 3099 3092 3091 3086 3106 3090 3098 3100 3084 3092 3106 3111 3110 3102 3095 3100 3095 3093 3104 3088 3100 3108 3098 3094 3097 3097 3085 3085 3057 3046 3021 3007 3005 3017 3010 3002 2997 3010 3004 3012 3014 3007
3000 2998 3000 3002 3003 3010 3006 3003 3000 3015 3014 3032 3043 3064 3076 3061 3093 3100 3087 3088 3082 3082 3101 3095 3091 3089 3088 3098 3105 3089 3098 3103 3109 3113 3107 3094 3093 3106 3105 3107 3094 3103 3095 3098 3096 3092 3092 3085 3095 3075 3051 3027 3020 3016 3021 3015 3018 3003 3011 3015 3001 3010 3010 3011
3002 2994 2999 2999 2995 3007 3002 2998 2999 3008 3012 3016 3023 3056 3072 3074 3088 3093 3077 3087 3078 3083 3086 3106 3096 3093 3090 3099 3104 3090 3099 3094 3115 3105 3112 3110 3099 3110 3094 3109 3108 3106 3086 3093 3090 3087 3093 3099 3086 3078 3046 3024 3017 3011 3020 3013 3010 2999 3004 3014 3009 3006 3010 3009
2989 2998 3013 3002 3000 3007 3004 3006 3008 3012 3013 3024 3023 3037 3064 3073 3085 3086 3083 3075 3077 3082 3098 3094 3088 3098 3101 3113 3113 3095 3098 3097 3099 3115 3096 3102 3096 3093 3095 3097 3104 3092 3086 3096 3085 3086 3087 3092 3078 3080 3047 3027 3014 3005 3024 3003 3003 3002 3012 3032 3017 3016 3010 3007
2998 3021 2992 3011 3003 3005 3000 3014 3006 3008 3013 3009 3016 3034 3049 3059 3085 3080 3083 3074 3075 3077 3095 3089 3097 3101 3104 3104 3106 3089 3100 3090 3111 3112 3113 3112 3107 3105 3098 3097 3093 3099 3096 3094 3095 3095 3090 3074 3082 3071 3044 3000 3015 3016 3010 3002 3020 3021 3013 3025 3008 3002 3020 3016
2994 2994 2999 3007 3001 3004 3008 2997 2990 3003 3008 3011 3026 3023 3052 3067 3074 3081 3074 3077 3084 3083 3084 3085 3083 3082 3106 3093 3103 3095 3094 3093 3095 3101 3117 3103 3104 3099 3097 3076 3096 3090 3096 3087 3097 3104 3072 3070 3080 3066 3043 3024 3019 3019 3017 3011 3004 3012 3020 3020 2998 3020 3028 3008
2997 3002 2997 2994 2992 2993 3005 2985 2984 3007 3005 3006 3001 3031 3034 3055 3074 3088 3082 3071 3082 3093 3089 3080 3089 3088 3101 3091 3086 3094 3088 3092 3097 3099 3105 3103 3101 3085 3093 3099 3096 3093 3095 3085 3104 3101 3067 3070 3081 3069 3041 3017 3023 3014 3026 3020 3001 3011 3010 3005 3018 3011 3019 3016
3008 3003 3008 3001 2993 2996 2999 2990 2981 3007 3002 2999 3017 3028 3043 3057 3058 3080 3079 3083 3080 3078 3084 3073 3088 3091 3087 3096 3087 3101 3100 3100 3088 3098 3110 3106 3096 3095 3097 3093 3094 3094 3105 3084 3107 3095 3086 3090 3067 3069 3043 3030 3030 3013 3012 3010 3015 3006 3003 2992 2998 3007 2996 3018
3009 3001 3002 2991 2985 2989 2999 2983 2986 2981 3007 2997 3005 3018 3045 3035 3056 3079 3077 3085 3078 3071 3083 3084 3089 3091 3105 3093 3106 3094 3090 3097 3098 3105 3113 3099 3096 3095 3103 3096 3098 3097 3104 3096 3090 3082 3083 3074 3064 3058 3033 3021 3022 3000 3021 3000 3007 3007 2998 2991 3004 3004 3019 2996
3007 2993 3002 2996 3005 2993 3004 2998 2994 2997 2996 3004 2999 3007 3013 3031 3054 3061 3075 3063 3078 3079 3078 3071 3093 3086 3102 3097 3100 3099 3102 3101 3104 3098 3104 3107 3086 3089 3094 3097 3086 3090 3102 3102 3100 3085 3088 3078 3058 3051 3034 3022 3008 3013 3000 3005 3004 3013 2996 3007 2987 3006 2999 3010
2995 3009 3016 3002 2993 2994 3000 2989 3002 2989 2991 2996 3002 3015 3009 3030 3043 3057 3071 3069 3073 3087 3076 3088 3090 3092 3109 3102 3093 3100 3112 3090 3103 3101 3113 3099 3090 3079 3092 3082 3090 3094 3107 3117 3097 3088 3080 3079 3045 3043 3024 3011 3013 3008 3008 2997 3001 3000 3002 2994 3000 2997 3000 3008
2986 3002 3003 2998 2997 2993 3005 3004 2993 3006 2999 2983 3001 3006 3015 3015 3023 3041 3063 3071 3078 3077 3085 3081 3092 3088 3096 3106 3100 3095 3096 3103 3100 3105 3105 3107 3101 3097 3100 3095 3093 3085 3100 3109 3092 3090 3087 3080 3051 3039 3023 2997 3011 3000 3008 2997 3000 3003 2999 3009 3001 3012 3006 3014
2994 2987 3009 2990 2987 2989 3007 3005 3022 2995 2997 3007 2991 2999 3018 3018 3030 3036 3057 3079 3094 3092 3075 3079 3103 3108 3107 3110 3108 3105 3090 3096 3092 3105 3094 3084 3103 3101 3092 3100 3101 3104 3091 3115 3089 3087 3078 3062 3050 3020 3026 3007 3019 3010 2999 3006 3015 3008 2995 3014 3004 3003 3013 2996
2999 2987 2995 3000 2998 2995 2991 2990 2992 3006 2999 2999 2995 3008 3004 3001 3014 3035 3042 3059 3088 3101 3081 3097 3095 3087 3085 3087 3099 3103 3107 3096 3099 3091 3094 3108 3082 3087 3089 3076 3098 3092 3104 3087 3090 3087 3071 3044 3043 3032 3015 3017 3011 3000 3016 3018 3017 3017 3006 3017 3024 3005 3013 3017
2999 2993 3004 2998 3000 3014 2995 2988 2976 2989 2993 3004 2990 3000 3013 3020 3022 3026 3033 3060 3084 3081 3092 3078 3100 3088 3098 3103 3100 3108 3080 3100 3079 3081 3090 3094 3090 3086 3087 3086 3095 3098 3086 3110 3093 3073 3054 3046 3040 3035 3033 3029 3018 3014 3017 3025 3008 3007 3007 3026 3023 3024 3015 3023
2992 2992 2999 3009 3013 2998 2991 2994 2984 2976 2998 2999 2990 2992 3010 3004 3013 3017 3033 3050 3077 3078 3070 3075 3087 3091 3105 3089 3097 3092 3097 3105 3091 3084 3095 3101 3096 3094 3092 3090 3095 3081 3107 3089 3077 3073 3046 3029 3030 3035 3021 3026 3028 3026 3015 3015 3003 3006 3016 3019 3036 3027 3019 3009
2995 3005 3008 2998 2991 2992 2996 2982 2996 2987 2996 2992 2987 2999 3007 3014 3002 3009 3031 3046 3072 3068 3062 3091 3091 3098 3096 3092 3091 3107 3106 3092 3085 3067 3109 3112 3092 3093 3092 3099 3098 3095 3078 3090 3075 3055 3041 3027 3025 3019 3020 3017 3022 3031 3010 3004 3010 3029 3030 3031 3028 3019 3029 3006
3018 3017 2997 3001 3002 3011 3003 2992 3010 2992 2993 2999 2996 3017 3013 3021 3010 3021 3025 3051 3075 3087 3091 3095 3094 3102 3097 3107 3111 3088 3100 3100 3092 3099 3106 3097 3090 3090 3099 3099 3106 3090 3091 3080 3069 3057 3042 3029 3015 3002 3010 3026 3023 3029 3023 3023 3018 3019 3027 3021 3023 3016 3022 3026
3018 3014 2996 3010 3007 3008 3008 3011 3004 3007 2984 3007 3008 3005 3010 3020 3033 3035 3020 3044 3081 3081 3094 3088 3088 3094 3090 3106 3108 3099 3109 3107 3097 3095 3102 3102 3105 3100 3101 3107 3105 3085 3097 3072 3058 3041 3058 3026 3019 3012 3002 3020 3029 3034 3019 3018 3017 3014 3020 3049 3029 3022 3023 3020
3016 3016 3012 3013 3004 3000 2998 3017 3013 3010 3013 3014 3010 3026 3008 3015 3014 3023 3020 3046 3082 3102 3091 3084 3098 3093 3088 3091 3108 3107 3104 3104 3098 3105 3094 3103 3095 3092 3107 3096 3098 3080 3094 3080 3064 3061 3040 3028 3025 3026 3034 3010 3021 3014 3024 3005 3014 3009 3028 3022 3034 3030 3014 3028
3014 3012 3008 3004 3007 3000 2997 2997 3019 3007 3005 3006 3016 3016 3014 3015 3023 3025 3023 3041 3084 3089 3096 3096 3086 3088 3091 3084 3095 3102 3108 3108 3105 3095 3080 3101 3091 3100 3095 3076 3112 3098 3085 3076 3065 3055 3051 3034 3038 3033 3017 3029 3028 3020 3003 3009 3002 3016 3010 3037 3037 3040 3013 3040
3026 3023 3000 3005 3015 3000 3012 3009 3001 3016 3019 3017 3016 3017 3020 3021 3019 3024 3028 3061 3079 3086 3099 3095 3102 3093 3089 3082 3091 3109 3115 3106 3110 3112 3093 3113 3114 3107 3097 3097 3101 3104 3090 3074 3055 3046 3042 3021 3036 3026 3029 3025 3034 3015 3002 2992 3008 3011 3017 3032 3024 3012 3036 3037
3000 3005 2997 3011 3028 3020 2994 2999 3010 3012 3024 3032 3020 3013 3027 3027 3020 3022 3018 3048 3072 3103 3080 3090 3097 3093 3091 3088 3103 3102 3097 3103 3107 3091 3106 3101 3095 3095 3081 3099 3114 3101 3089 3072 3058 3041 3042 3028 3044 3032 3027 3019 3021 3014 3004 3002 3000 3014 3007 3006 3016 3019 3019 3029
3003 2999 3012 3001 3012 3004 3000 3001 3017 3015 3016 3023 2999 3031 3033 3041 3040 3041 3052 3052 3085 3089 3089 3101 3098 3085 3092 3092 3094 3086 3114 3106 3095 3098 3099 3110 3098 3095 3098 3087 3103 3091 3097 3082 3065 3036 3032 3028 3036 3034 3031 3025 3019 3025 3024 3005 3021 3024 3022 3014 3018 3027 3040 3032
2986 2991 2996 2991 2985 2997 3015 3003 3030 3019 3029 3024 3006 3029 3048 3040 3042 3049 3069 3076 3093 3079 3089 3094 3090 3099 3095 3089 3105 3082 3095 3093 3095 3106 3104 3098 3106 3112 3098 3096 3084 3100 3081 3089 3075 3062 3059 3057 3054 3050 3036 3031 3033 3029 3036 3028 3038 3037 3043 3029 3023 3024 3041 3033
