3065 3058 3054 3053 3055 3066 3061 3063 3052 3068 3066 3046 3045 3053 3050 3057 3050 3047 3054 3056 3061 3054 3059 3054 3065 3043 3047 3064 3072 3063 3066 3055 3042 3033 3046 3050 3058 3049 3037 3021 3029 3033 3024 3016 3014 3012 3002 3013 3013 3037 3022 3022 3014 3002 2994 3017 3011 2999 3017 3009 3008 3000 3008 3016
3069 3066 3062 3058 3075 3063 3058 3050 3065 3069 3054 3041 3054 3051 3054 3047 3047 3043 3051 3066 3068 3062 3074 3066 3075 3046 3056 3060 3064 3064 3045 3055 3053 3056 3044 3039 3056 3045 3033 3027 3038 3010 3019 3029 3015 3031 3030 3013 3017 3031 3016 3030 3007 3011 3011 3020 3016 3004 3014 3022 3006 3002 3018 3000
3067 3072 3058 3057 3078 3052 3050 3048 3052 3050 3047 3052 3054 3053 3054 3066 3044 3055 3064 3052 3080 3056 3061 3078 3076 3074 3072 3065 3079 3056 3065 3064 3064 3052 3052 3030 3043 3051 3038 3037 3019 3017 3026 3030 3018 3042 3027 3018 3030 3019 3015 3029 3017 3004 3004 3013 3001 3007 3016 3009 3011 3014 3000 2996
3058 3059 3053 3047 3059 3053 3059 3043 3046 3045 3037 3049 3050 3061 3057 3054 3056 3067 3057 3063 3072 3072 3077 3083 3085 3068 3081 3067 3079 3077 3061 3071 3063 3050 3050 3047 3034 3050 3045 3051 3039 3039 3023 3038 3036 3026 3022 3019 3015 3012 3010 3015 3018 3001 2998 3018 3003 3001 3007 3003 2994 3003 3016 3024
3068 3053 3047 3040 3036 3059 3052 3057 3043 3054 3065 3067 3052 3069 3081 3075 3062 3067 3059 3070 3075 3075 3084 3072 3085 3080 3079 3083 3083 3098 3059 3072 3062 3053 3070 3070 3053 3044 3054 3045 3033 3057 3040 3044 3025 3030 3029 3023 3015 3005 3008 3023 3015 3012 3013 3011 3007 3009 3012 3001 3004 2998 3008 3032
3065 3038 3040 3031 3040 3056 3045 3047 3043 3048 3055 3060 3065 3061 3076 3061 3071 3061 3062 3063 3076 3068 3077 3086 3096 3087 3082 3079 3092 3076 3076 3066 3076 3075 3068 3073 3063 3043 3043 3056 3044 3047 3049 3044 3031 3020 3016 3026 3026 3037 3009 3007 2999 3004 3001 3010 3004 3008 3011 3003 3012 3011 3021 3023
3064 3041 3055 3035 3040 3050 3058 3044 3034 3052 3026 3060 3062 3055 3066 3061 3075 3076 3074 3072 3061 3076 3079 3085 3092 3095 3093 3089 3086 3079 3064 3072 3091 3087 3059 3065 3062 3058 3055 3055 3046 3032 3031 3048 3034 3025 3028 3031 3023 3026 3021 2994 3013 3017 3010 3008 3013 3014 3015 3016 3013 2997 3005 3012
3010 3014 3015 3024 3016 3020 3023 3023 3008 3030 3028 3026 3049 3049 3052 3047 3043 3067 3050 3057 3052 3053 3053 3076 3071 3080 3085 3085 3076 3080 3085 3081 3090 3091 3075 3062 3070 3049 3052 3045 3025 3038 3033 3037 3031 3031 3027 3015 3011 3008 3001 3007 2994 3005 3004 2998 3017 3003 3008 3015 3009 3012 3010 3002
2976 2988 2997 2996 2984 2994 2990 2989 2985 2994 3009 3019 3019 3024 3026 3023 3013 3036 3041 3040 3048 3042 3062 3072 3058 3089 3082 3099 3076 3083 3081 3092 3097 3091 3081 3075 3054 3045 3054 3044 3039 3025 3028 3044 3038 3023 3020 3023 3003 2993 3023 3025 3001 2999 3005 3011 2994 2995 2993 2989 2996 2990 3000 3015
2960 2955 2971 2964 2987 2988 2993 2992 2980 2997 3016 3020 3018 3020 3025 3024 3024 3032 3031 3042 3064 3058 3065 3086 3080 3089 3085 3088 3089 3078 3098 3094 3085 3090 3094 3084 3071 3053 3057 3037 3044 3027 3027 3025 3042 3039 3033 3018 3014 2989 3019 3022 3007 3015 3004 3011 2994 2982 2998 2993 2998 3015 3002 3005
2975 2964 2977 2984 2973 2988 2994 3011 3003 3026 3035 3033 3015 3032 3030 3030 3034 3044 3032 3049 3061 3083 3089 3081 3081 3081 3089 3093 3096 3104 3096 3089 3091 3095 3101 3086 3069 3064 3046 3053 3034 3035 3032 3031 3038 3046 3020 3020 3025 3022 3027 3013 3025 3018 3019 3011 2994 2994 3007 2992 3006 3008 3013 2999
2982 2980 2980 2982 2982 2987 2993 3014 3019 3028 3018 3027 3018 3022 3035 3033 3022 3034 3051 3065 3071 3076 3082 3086 3089 3096 3091 3102 3101 3099 3104 3102 3101 3094 3099 3084 3079 3071 3048 3053 3048 3036 3042 3047 3058 3060 3031 3037 3024 3021 3011 3026 3007 3031 3017 3004 3004 2999 3004 2996 3010 3010 3024 3018
2974 2986 2988 2990 2991 2977 2988 3011 3013 3023 3015 3032 3029 3051 3045 3031 3035 3043 3064 3078 3104 3095 3085 3082 3088 3090 3093 3092 3108 3101 3097 3095 3097 3089 3111 3097 3081 3073 3073 3053 3045 3063 3045 3057 3056 3069 3050 3048 3041 3021 3029 3029 3007 3012 3002 3015 3018 3014 3001 2998 3014 2997 3011 3008
2982 2981 2993 2998 3000 2992 3004 3014 3017 3021 3022 3030 3033 3034 3052 3042 3060 3058 3087 3093 3092 3087 3068 3095 3097 3102 3104 3092 3104 3104 3104 3087 3100 3096 3104 3098 3087 3077 3073 3049 3062 3063 3052 3082 3080 3071 3070 3061 3044 3011 3028 3019 3015 3005 3012 3017 3013 3017 3010 3011 3009 3006 3007 3010
2987 2995 2983 2993 2987 3002 2994 3008 3024 3023 3019 3037 3030 3033 3026 3036 3045 3070 3089 3100 3100 3097 3104 3099 3111 3102 3109 3103 3095 3104 3094 3092 3099 3105 3103 3107 3102 3106 3070 3059 3073 3073 3069 3085 3073 3080 3065 3068 3038 3029 3023 3022 3015 3001 3007 2998 3011 3001 2994 3020 3006 3004 3008 3018
2990 2990 2988 2985 3005 3002 3004 3012 3025 3035 3038 3040 3029 3037 3043 3052 3044 3065 3080 3088 3092 3100 3095 3095 3100 3092 3093 3099 3107 3091 3089 3095 3102 3098 3103 3098 3093 3091 3073 3061 3072 3068 3079 3073 3082 3085 3072 3068 3054 3046 3016 3016 3021 3014 3005 3009 3001 2996 3007 3005 3005 2992 2996 3007
2992 3008 3003 3003 3008 2997 3011 3028 3041 3037 3047 3034 3038 3040 3039 3049 3067 3064 3075 3081 3092 3099 3091 3095 3090 3088 3104 3091 3096 3093 3085 3093 3086 3104 3096 3099 3101 3089 3069 3075 3066 3066 3080 3099 3093 3088 3071 3068 3059 3043 3027 3021 3014 3006 3007 3007 2996 2999 2996 2993 2992 2995 3011 3017
3013 3005 3023 3021 3010 3029 3026 3021 3036 3032 3036 3046 3035 3048 3051 3065 3073 3079 3077 3080 3094 3100 3095 3092 3086 3094 3091 3115 3102 3102 3090 3089 3084 3106 3096 3103 3095 3079 3074 3083 3067 3072 3091 3076 3079 3081 3083 3071 3061 3055 3028 3002 3009 3003 3017 3016 3003 2993 2992 2997 2993 2988 3005 3002
3003 3016 3003 3003 3016 3014 3023 3017 3029 3040 3037 3043 3043 3060 3060 3067 3082 3086 3085 3080 3092 3087 3091 3080 3087 3083 3099 3104 3091 3091 3087 3107 3094 3093 3108 3120 3085 3077 3084 3083 3069 3079 3078 3082 3089 3087 3082 3062 3051 3027 3017 3004 3003 3009 3016 3011 2994 3004 2997 3003 3000 2996 3002 3016
3004 3018 3009 3007 3013 3031 3019 3033 3024 3032 3033 3037 3042 3045 3073 3073 3083 3088 3088 3087 3084 3097 3086 3084 3079 3082 3096 3090 3096 3091 3090 3097 3100 3099 3111 3095 3097 3093 3090 3096 3090 3084 3094 3091 3071 3089 3073 3074 3045 3043 3014 3009 3004 3006 3008 3017 3003 3011 2992 3021 3008 3007 2994 3010
2997 3006 3019 3024 3023 3026 3012 3028 3037 3030 3048 3058 3042 3069 3070 3078 3072 3095 3101 3085 3080 3089 3092 3082 3084 3083 3085 3096 3088 3094 3092 3087 3110 3101 3093 3075 3089 3069 3079 3087 3084 3091 3073 3077 3077 3078 3083 3075 3061 3034 3033 3022 3008 3008 3013 3013 3011 3011 3005 3008 3018 3008 2993 3007
3009 3011 3024 3026 3027 3017 3022 3038 3039 3033 3041 3047 3046 3066 3080 3082 3098 3098 3080 3088 3090 3094 3091 3081 3082 3078 3080 3079 3093 3087 3104 3086 3104 3104 3080 3090 3096 3092 3081 3079 3082 3084 3087 3085 3079 3094 3075 3069 3061 3048 3038 3042 3025 3012 3005 3017 3023 3008 3012 3021 3011 3013 3026 3007
3020 3013 3024 3028 3032 3031 3023 3035 3037 3029 3030 3059 3057 3072 3088 3086 3096 3089 3081 3078 3093 3101 3081 3082 3089 3094 3081 3094 3103 3085 3097 3103 3099 3101 3112 3105 3104 3088 3093 3087 3095 3086 3092 3082 3067 3078 3095 3092 3073 3044 3043 3028 3030 3032 3022 3031 3030 3021 3024 3007 3009 3020 3013 3001
3011 3022 3023 3034 3036 3029 3016 3032 3024 3039 3043 3056 3073 3076 3087 3096 3092 3087 3085 3071 3079 3083 3086 3083 3074 3082 3089 3083 3093 3095 3090 3099 3104 3098 3098 3105 3099 3098 3105 3095 3095 3086 3089 3093 3090 3076 3085 3080 3055 3050 3034 3025 3019 3025 3019 3013 3014 3023 3006 3010 3003 3020 3007 3019
3017 3018 3009 3005 3013 3011 3021 3016 3035 3036 3047 3077 3069 3080 3102 3093 3098 3089 3082 3096 3101 3084 3082 3100 3108 3093 3095 3096 3108 3092 3094 3086 3096 3087 3115 3086 3115 3109 3089 3081 3078 3087 3080 3099 3093 3095 3076 3072 3052 3038 3027 3020 3013 3013 3001 3011 3005 3007 3007 3000 3023 3002 3014 3004
3009 3022 2999 3013 3011 3000 3012 3007 3018 3039 3057 3051 3066 3086 3104 3087 3097 3097 3085 3093 3109 3097 3092 3091 3070 3101 3089 3106 3113 3098 3098 3095 3093 3095 3105 3118 3106 3095 3101 3087 3070 3077 3097 3089 3100 3088 3074 3075 3056 3032 3033 3016 3018 3008 3005 3023 3014 3009 3002 2995 3003 3018 3015 2993
3006 3005 3017 3019 2986 3007 2999 3008 3020 3033 3038 3060 3063 3085 3093 3081 3093 3088 3085 3088 3102 3092 3077 3089 3082 3101 3104 3099 3106 3099 3106 3106 3107 3096 3095 3106 3102 3104 3092 3097 3078 3091 3092 3078 3105 3088 3092 3081 3052 3023 3021 3013 3008 3000 3009 3009 3019 2996 2998 2997 3001 3013 3028 3024
3010 3003 3021 3013 3002 2995 2999 3003 3015 3027 3039 3058 3064 3080 3093 3085 3095 3095 3090 3093 3095 3091 3087 3076 3096 3093 3105 3112 3105 3094 3102 3095 3111 3097 3098 3104 3107 3109 3090 3103 3089 3076 3080 3094 3087 3095 3092 3081 3046 3028 3017 3023 3006 2990 3007 3022 3012 3014 3014 3001 3004 3000 3018 3027
3000 3006 3011 3022 3007 2999 2998 3003 3011 3048 3061 3072 3073 3076 3100 3084 3086 3084 3091 3090 3094 3103 3087 3100 3091 3102 3098 3104 3101 3102 3091 3098 3113 3101 3106 3115 3102 3105 3100 3096 3091 3091 3084 3099 3099 3084 3083 3087 3058 3047 3035 3015 3011 3004 3008 3006 3014 3018 3008 3014 3007 3004 3017 3034
3014 3005 2998 3016 3018 3013 3008 3007 3009 3023 3060 3065 3066 3074 3090 3097 3094 3092 3094 3094 3090 3094 3103 3102 3087 3095 3094 3104 3105 3111 3087 3100 3087 3094 3113 3100 3097 3102 3097 3096 3097 3092 3096 3096 3078 3087 3078 3081 3050 3044 3010 3027 3007 2992 3005 3010 3014 3024 3017 3015 3015 2997 3024 3038
3008 2996 3008 3011 3003 3011 3002 3008 3015 3030 3048 3057 3061 3069 3083 3082 3083 3069 3074 3089 3093 3086 3098 3095 3098 3106 3092 3091 3111 3095 3110 3087 3100 3113 3082 3099 3104 3101 3112 3103 3095 3090 3099 3098 3098 3091 3082 3058 3065 3021 3002 3005 3001 2988 3003 3000 3018 3014 3019 3007 3002 3017 3014 3038
3013 2997 2989 2998 3013 3000 2998 3011 3023 3034 3040 3058 3069 3059 3074 3084 3093 3098 3076 3080 3085 3085 3084 3096 3095 3102 3091 3081 3093 3092 3100 3096 3105 3105 3108 3083 3095 3107 3094 3097 3106 3095 3093 3098 3094 3087 3079 3062 3047 3027 3009 2996 2988 3001 3013 3006 3015 3031 3023 3012 3004 3026 3025 3027
3013 2996 3013 3003 3011 3017 3008 3018 2991 3022 3030 3055 3058 3075 3077 3080 3093 3081 3081 3087 3084 3085 3090 3099 3099 3094 3090 3093 3101 3089 3082 3096 3112 3097 3093 3092 3090 3103 3095 3101 3095 3092 3091 3087 3078 3080 3085 3070 3053 3017 3016 2995 3007 3006 3009 3012 3017 3024 3015 2995 3008 3018 3028 3017
3001 3019 3007 3027 3008 3015 3016 2991 3014 3024 3025 3053 3053 3067 3072 3086 3080 3084 3075 3089 3089 3091 3092 3098 3098 3098 3103 3098 3104 3086 3095 3098 3098 3098 3096 3090 3106 3099 3087 3081 3090 3086 3091 3086 3089 3090 3078 3073 3039 3024 3015 2997 3000 3013 3009 3012 3010 3030 3014 2991 3012 3013 3024 3026
3026 3018 3020 3018 3022 3028 3033 3029 3025 3030 3033 3053 3063 3064 3077 3080 3093 3102 3083 3083 3064 3095 3076 3102 3106 3101 3101 3090 3116 3094 3105 3097 3092 3093 3094 3098 3099 3095 3087 3092 3088 3089 3093 3087 3084 3082 3064 3066 3035 3022 3015 3003 3012 3015 3018 3011 3006 3030 3018 2996 3007 3012 3017 3008
3002 3017 3026 3018 3023 3020 3033 3017 3031 3026 3023 3033 3052 3072 3086 3081 3083 3093 3091 3082 3085 3070 3091 3100 3095 3084 3105 3104 3101 3106 3096 3101 3082 3102 3096 3110 3088 3089 3095 3093 3092 3092 3093 3098 3078 3091 3084 3056 3041 3032 3018 2992 3010 3013 3008 2996 3016 3025 3031 3017 3006 3029 3027 3013
3023 3013 2996 2996 3004 3027 3024 3010 3017 3005 3015 3025 3055 3061 3070 3081 3086 3075 3087 3085 3085 3073 3095 3093 3086 3105 3107 3087 3099 3102 3102 3096 3107 3094 3102 3091 3102 3093 3104 3092 3110 3098 3089 3093 3080 3093 3091 3083 3054 3025 3014 3001 3016 3005 3001 2997 3012 3033 3017 3007 3012 3022 3023 3030
3007 3000 2999 2998 2999 3006 3017 3012 3016 2995 3000 3014 3039 3056 3084 3075 3077 3067 3078 3079 3083 3081 3087 3083 3084 3098 3080 3100 3089 3097 3095 3104 3100 3105 3096 3098 3102 3102 3110 3107 3108 3103 3105 3086 3091 3077 3091 3066 3039 3021 3010 2996 3021 3011 3004 3001 3014 3013 3019 3011 3011 3017 3023 3025
3008 3000 3002 3001 3013 3006 2998 3008 2983 2991 2995 3021 3040 3039 3071 3077 3082 3063 3088 3067 3083 3071 3083 3095 3087 3089 3101 3093 3101 3090 3091 3097 3099 3093 3092 3088 3097 3096 3098 3106 3082 3088 3088 3089 3087 3074 3073 3059 3036 3019 3016 3016 3004 3017 3001 2993 3004 3014 2999 2996 3005 3022 3017 3014
3000 3006 3004 3005 3015 3016 3015 3005 2997 2998 3006 3010 3019 3039 3055 3066 3080 3073 3074 3076 3091 3088 3072 3080 3091 3091 3090 3101 3094 3096 3086 3087 3095 3084 3097 3094 3087 3096 3108 3092 3100 3093 3101 3094 3083 3084 3066 3051 3025 3009 3003 3002 3009 3006 3005 3003 2996 3007 2995 2997 3010 3005 3002 3023
3003 3008 3000 3019 3007 3006 3011 3000 3021 3009 3011 3003 3016 3031 3060 3075 3077 3073 3081 3077 3078 3085 3079 3093 3096 3099 3090 3092 3085 3105 3085 3094 3077 3099 3090 3083 3093 3096 3100 3103 3087 3105 3091 3081 3074 3068 3050 3041 3032 3002 3017 3007 3005 3001 3001 3008 2999 3016 3009 3000 3008 2990 2996 3024
3010 3014 3012 3008 3004 3011 2996 3009 3031 3027 3010 3008 3008 3025 3027 3044 3069 3075 3083 3086 3076 3086 3094 3087 3083 3083 3090 3096 3089 3090 3096 3101 3084 3081 3092 3093 3091 3097 3098 3095 3103 3086 3087 3083 3091 3073 3037 3023 3025 3008 3021 3019 3021 2998 2993 2998 3007 3005 3007 2993 3007 2989 3007 3005
3000 3009 3019 3014 3007 3001 3009 3023 3019 3002 3006 3013 3010 3013 3023 3043 3070 3074 3077 3070 3085 3090 3093 3103 3100 3093 3099 3104 3088 3096 3091 3087 3082 3089 3088 3094 3088 3096 3084 3095 3101 3106 3097 3080 3080 3070 3049 3024 3012 3019 3010 3010 3008 3011 3014 3007 3012 3017 3003 2992 3006 3001 2996 3025
2999 2989 3012 3008 2994 2991 3007 3007 3005 3012 3005 3004 3014 3018 3027 3041 3079 3074 3098 3078 3084 3082 3103 3091 3098 3105 3112 3099 3094 3098 3093 3098 3087 3091 3088 3091 3094 3092 3091 3093 3087 3093 3097 3086 3084 3067 3046 3025 3011 3005 2997 3002 3010 3002 3009 3013 3019 3018 2991 3001 3008 3001 3014 3018
3006 2999 3006 3001 2995 2995 3000 2998 2990 3011 2998 3002 3020 3014 3007 3038 3054 3068 3075 3074 3074 3097 3097 3089 3094 3107 3092 3104 3091 3096 3091 3089 3083 3091 3099 3096 3104 3093 3097 3107 3090 3082 3075 3081 3073 3062 3049 3014 3022 2992 3004 3012 3012 3013 3006 2999 3006 3004 3010 3004 3014 3005 3016 3002
2999 3001 3003 2997 2980 3002 2999 2996 2991 2991 2995 3014 3010 3001 2996 3035 3052 3066 3057 3072 3084 3090 3078 3087 3098 3096 3113 3096 3093 3083 3091 3098 3083 3097 3107 3107 3099 3100 3100 3097 3086 3094 3088 3069 3061 3051 3036 3016 3000 3002 3003 3018 3016 3015 3003 3000 3017 3007 3017 3007 3023 3017 3011 2990
2987 2987 3002 2991 3002 2998 3008 3004 3004 3002 2999 2993 3004 3007 3005 3026 3036 3063 3070 3071 3069 3078 3085 3085 3107 3104 3101 3102 3096 3085 3101 3093 3089 3090 3111 3093 3098 3104 3099 3094 3100 3094 3078 3059 3049 3027 3028 3018 3017 3024 3012 3000 3012 3018 3004 3005 3000 3010 3014 3017 3006 3010 2996 3005
2986 2997 2993 3007 3003 3005 3004 3006 3005 3009 2991 2986 2995 2997 3010 3028 3020 3048 3074 3076 3088 3069 3090 3090 3080 3098 3092 3105 3098 3097 3097 3090 3094 3088 3100 3103 3102 3102 3087 3091 3089 3097 3082 3074 3045 3022 3025 3025 3011 2994 3003 3001 3010 3009 3016 3002 2999 2991 3011 3010 2996 2987 3007 2999
2993 3000 2989 2988 3003 3010 3012 3008 3005 3005 2995 3009 2991 2994 3013 3010 3029 3021 3057 3083 3078 3091 3096 3093 3095 3093 3095 3097 3093 3099 3094 3096 3092 3091 3100 3100 3101 3095 3088 3088 3098 3102 3061 3060 3035 3020 3027 3021 3012 3015 3001 3000 3005 3003 3008 2998 3002 3013 3005 2997 3012 3006 3012 3014
3007 2993 3001 2991 2996 2989 2980 3000 2989 2997 2996 2996 3005 3005 3015 3007 3011 3020 3047 3058 3075 3082 3096 3095 3093 3092 3105 3097 3104 3093 3089 3096 3089 3086 3099 3106 3098 3107 3085 3095 3072 3091 3072 3060 3046 3018 3018 3001 3002 3012 2995 2998 2998 3007 3014 3000 3010 2998 3000 3008 3020 3019 3017 3017
2997 3001 2988 2992 3008 2998 2991 3001 3009 2996 3002 3007 3003 2994 3008 3015 2997 3028 3048 3069 3073 3086 3101 3096 3082 3092 3095 3100 3085 3109 3095 3098 3082 3073 3096 3085 3099 3090 3096 3091 3088 3079 3063 3054 3041 3026 3011 3012 3018 3002 2998 2994 3007 2991 2995 3000 3008 3028 3014 3008 3009 3022 3011 3000
2992 2992 2988 2982 2991 3004 3011 2988 2985 3010 2994 3005 3001 2999 3002 3017 3020 3044 3067 3067 3070 3095 3106 3103 3090 3096 3092 3097 3091 3113 3109 3109 3091 3078 3083 3092 3091 3097 3087 3093 3102 3076 3084 3050 3047 3030 3011 2994 3006 3006 2998 2993 2984 2999 2978 3001 3004 3025 3010 2991 3002 3013 3012 3001
3001 2985 2982 2986 2991 2998 3009 3007 2993 3009 2999 3007 2992 2997 2997 2997 3015 3022 3049 3055 3087 3086 3093 3085 3099 3099 3081 3089 3092 3089 3120 3099 3093 3092 3085 3102 3105 3110 3104 3085 3091 3076 3056 3049 3040 3024 3018 3011 3014 3003 3004 3010 2999 3004 2997 2997 3026 3022 3022 2993 3017 3017 3004 3002
3022 3002 2994 2993 2999 2997 3004 2998 3001 2994 2998 3001 3004 3004 2994 2999 2997 3028 3057 3053 3076 3089 3090 3086 3098 3091 3081 3072 3090 3093 3093 3096 3081 3106 3108 3099 3104 3104 3096 3091 3084 3076 3061 3050 3022 2996 3016 3008 3006 3025 3009 3000 3006 2993 3005 3008 3017 3015 3013 3026 3014 3017 3004 3018
3006 3002 2992 2993 3013 2996 3007 2987 2991 2992 2990 2999 3002 3002 2999 3007 3009 3025 3047 3066 3081 3091 3099 3088 3091 3084 3103 3083 3091 3096 3091 3095 3091 3109 3096 3094 3105 3089 3088 3083 3091 3081 3071 3049 3018 3008 3016 3021 3022 3003 3016 3012 3014 3008 3005 3008 3018 3018 3018 3020 3024 3023 3021 3017
3002 3002 2977 2994 3010 3007 2989 2987 2978 2970 2984 2998 2996 3001 2997 3019 3010 3017 3049 3069 3090 3089 3090 3093 3089 3076 3095 3085 3087 3086 3093 3093 3088 3089 3103 3092 3102 3097 3088 3073 3097 3086 3081 3059 3026 3027 3012 3018 3014 3015 3009 3031 3007 3008 3008 3000 3007 3024 3022 3015 3017 3028 3038 3024
3003 2999 2995 3003 3013 3002 3006 2985 2979 2988 2995 2999 3011 3003 3005 3018 3025 3036 3055 3071 3089 3102 3093 3087 3092 3089 3094 3090 3101 3092 3091 3093 3095 3098 3105 3094 3089 3097 3089 3089 3089 3085 3087 3051 3041 3025 3017 3026 3014 3012 3003 3010 3012 3016 3010 3010 3009 3021 3029 3018 3031 3030 3028 3028
3003 3009 3002 2997 3015 3013 3012 3011 2999 3003 3005 3000 3016 3008 3008 3021 3035 3053 3070 3077 3104 3098 3083 3087 3086 3090 3091 3105 3101 3089 3091 3095 3102 3105 3107 3096 3091 3106 3104 3091 3096 3092 3083 3069 3050 3039 3028 3016 3025 3002 2999 3002 3003 3016 3014 3006 3017 3023 3035 3029 3029 3032 3031 3033
3008 3001 3006 2995 3007 3007 3008 3001 3004 3002 3019 3024 3034 3022 3026 3028 3032 3060 3071 3089 3098 3102 3098 3087 3098 3099 3096 3104 3093 3094 3100 3099 3103 3098 3112 3101 3091 3097 3097 3093 3096 3091 3091 3074 3066 3053 3030 3036 3026 3014 3016 3012 3011 3009 3008 3021 3017 3017 3026 3027 3035 3040 3029 3039
2992 3004 3008 3008 2995 2995 2997 3010 3022 3021 3016 3050 3041 3054 3052 3055 3052 3061 3086 3085 3096 3098 3093 3100 3097 3108 3115 3094 3100 3096 3092 3113 3111 3104 3105 3112 3098 3099 3096 3106 3107 3099 3088 3091 3073 3055 3050 3043 3036 3039 3029 3023 3028 3009 3027 3020 3020 3020 3028 3023 3032 3046 3026 3027
3000 3005 2992 3015 3015 3007 3016 3012 3030 3022 3039 3047 3048 3063 3063 3070 3075 3078 3100 3079 3100 3100 3081 3090 3104 3102 3098 3095 3096 3084 3091 3106 3094 3094 3101 3089 3093 3090 3090 3089 3100 3093 3092 3082 3082 3053 3054 3061 3048 3051 3052 3028 3042 3033 3018 3041 3026 3031 3026 3034 3038 3032 3037 3036
2984 2999 2998 3025 3024 3015 3023 3027 3041 3043 3042 3046 3048 3052 3074 3078 3081 3097 3093 3087 3098 3105 3103 3107 3097 3101 3075 3079 3075 3092 3100 3104 3107 3106 3111 3102 3099 3091 3092 3093 3088 3101 3090 3099 3099 3070 3072 3053 3058 3060 3057 3049 3047 3062 3048 3043 3049 3036 3043 3031 3031 3050 3050 3031
3017 3016 3027 3017 3022 3024 3034 3053 3049 3046 3047 3051 3064 3080 3073 3083 3089 3087 3100 3091 3104 3107 3098 3096 3100 3111 3091 3087 3096 3100 3093 3101 3102 3104 3100 3099 3103 3097 3102 3107 3082 3100 3084 3085 3086 3079 3076 3072 3054 3060 3065 3060 3051 3063 3061 3044 3053 3050 3050 3032 3037 3056 3045 3050
3019 3020 3030 3024 3031 3043 3036 3055 3058 3062 3064 3069 3072 3079 3067 3089 3104 3105 3106 3099 3095 3092 3087 3095 3118 3115 3103 3095 3091 3092 3108 3095 3091 3102 3101 3112 3113 3109 3089 3095 3094 3090 3098 3098 3095 3086 3078 3070 3074 3070 3084 3063 3058 3052 3063 3063 3061 3057 3070 3057 3054 3051 3056 3046
