3068 3054 3064 3053 3035 3055 3054 3057 3048 3047 3041 3055 3043 3054 3052 3034 3043 3049 3039 3043 3026 3040 3046 3036 3034 3028 3038 3034 3051 3036 3019 3025 3015 3035 3045 3030 3027 3035 3019 3026 3018 3037 3033 3013 3024 3015 3008 3005 2998 3010 3015 3009 3012 3012 3014 3009 3013 3012 2991 3002 3024 3008 3007 2989
3052 3065 3061 3046 3039 3053 3057 3034 3035 3044 3032 3049 3037 3043 3040 3042 3056 3042 3039 3050 3040 3021 3033 3026 3043 3031 3031 3040 3033 3034 3033 3032 3039 3039 3030 3024 3039 3037 3030 3028 3026 3033 3037 3028 3013 3017 3010 2989 3015 3012 3014 3022 3015 3014 3007 3011 3004 3017 3007 2997 3015 3007 2991 2997
3068 3066 3061 3043 3047 3046 3055 3030 3046 3040 3040 3027 3046 3038 3043 3041 3056 3046 3051 3042 3036 3036 3024 3027 3033 3038 3021 3024 3034 3043 3039 3045 3023 3024 3030 3033 3034 3024 3037 3025 3025 3038 3037 3015 3020 3021 3010 3007 3010 3027 3019 3019 3027 3006 3007 3014 3013 3010 3012 3010 3011 3009 2996 3009
3058 3063 3055 3046 3036 3054 3058 3049 3045 3048 3025 3058 3043 3039 3031 3037 3039 3048 3043 3022 3045 3040 3032 3033 3026 3022 3037 3024 3038 3022 3050 3047 3045 3029 3037 3028 3037 3044 3042 3053 3046 3045 3035 3044 3036 3028 3016 3009 3009 3020 3016 3016 3005 3019 3009 3017 3021 3020 3019 3023 3020 3016 3014 3011
3067 3061 3049 3055 3050 3059 3045 3047 3040 3051 3045 3050 3057 3049 3051 3046 3026 3043 3033 3043 3042 3039 3049 3034 3029 3033 3032 3024 3035 3025 3047 3044 3033 3036 3028 3039 3044 3048 3051 3048 3042 3045 3034 3043 3029 3032 3018 3033 3043 3032 3031 3018 3024 3020 2999 3020 3015 3020 3027 3029 3022 3014 3025 3017
3050 3057 3040 3056 3051 3040 3052 3050 3047 3038 3058 3059 3057 3040 3044 3041 3045 3048 3045 3040 3033 3039 3044 3043 3035 3037 3038 3036 3040 3033 3047 3042 3035 3041 3040 3040 3040 3038 3051 3055 3046 3041 3039 3036 3026 3033 3026 3035 3040 3039 3036 3019 3026 3020 3031 3009 3029 3030 3019 3028 3017 3025 3010 3017
3055 3052 3045 3057 3046 3043 3040 3050 3044 3046 3065 3053 3046 3044 3053 3052 3050 3044 3058 3046 3050 3042 3046 3049 3040 3038 3054 3049 3028 3053 3039 3044 3053 3048 3040 3062 3044 3051 3048 3052 3050 3043 3057 3043 3033 3061 3040 3033 3044 3043 3041 3045 3038 3019 3024 3025 3024 3018 3021 3009 3023 3044 3027 3015
3015 3022 3030 3020 3021 3015 3013 3019 3026 3033 3044 3045 3021 3026 3022 3026 3033 3024 3029 3020 3017 3025 3030 3030 3026 3037 3020 3033 3038 3037 3025 3029 3041 3038 3031 3044 3044 3046 3054 3049 3046 3058 3041 3039 3043 3052 3037 3046 3049 3033 3027 3024 3027 3020 3015 3014 3023 3021 3018 3025 3028 3038 3022 3012
2990 2982 2997 2987 2992 2982 2960 2974 2983 2990 2998 3009 3003 2994 3002 2994 3015 2999 3005 2997 2999 3011 2994 2989 2989 3004 3023 3030 3018 3020 3019 3019 3040 3050 3044 3043 3038 3043 3043 3054 3051 3041 3049 3034 3028 3024 3036 3033 3028 3016 3027 3032 3039 3035 3031 3031 3028 3015 3025 3024 3018 3029 3030 3028
2997 2980 2991 2989 2993 2979 2973 2979 2978 2980 3009 2988 2983 2991 2998 2998 2989 2996 2996 2988 3007 3004 3009 3006 3005 3013 3015 3018 3027 3024 3022 3037 3031 3047 3036 3048 3037 3046 3053 3040 3040 3048 3054 3043 3042 3029 3040 3036 3039 3036 3031 3042 3027 3033 3027 3031 3028 3024 3020 3027 3027 3031 3032 3018
2968 2987 2983 3005 2995 2988 2996 2989 2990 2992 2985 2984 2976 2988 2997 2992 2991 2995 2975 2992 3004 3008 3021 3018 3035 3029 3026 3031 3023 3033 3031 3033 3032 3033 3035 3048 3052 3054 3035 3054 3053 3070 3052 3060 3041 3048 3046 3041 3023 3035 3042 3032 3036 3036 3032 3043 3038 3030 3037 3035 3027 3027 3013 3022
2969 2966 2986 2998 2989 2985 2989 2978 2988 2986 2983 2988 2981 2979 2986 2987 2996 2998 2994 2984 2993 3007 3018 3025 3028 3027 3029 3025 3033 3036 3037 3041 3045 3055 3047 3067 3057 3049 3055 3044 3049 3067 3055 3058 3059 3045 3052 3048 3045 3057 3035 3036 3036 3031 3032 3037 3033 3026 3037 3028 3030 3027 3024 3022
2971 2981 2978 2975 2986 2996 3003 2984 2999 2988 2999 2990 2979 2972 2984 2988 2998 2999 2990 2995 3013 3011 3017 3037 3012 3022 3017 3032 3030 3041 3039 3038 3050 3055 3057 3059 3054 3055 3060 3058 3049 3052 3049 3061 3050 3050 3022 3053 3033 3051 3033 3036 3033 3035 3028 3036 3015 3010 3031 3022 3029 3026 3028 3015
2978 2964 2958 2970 2990 2990 2982 3005 2998 2995 2999 2986 2980 2977 2989 2999 2998 2994 2990 2999 3008 3004 3028 3021 3024 3002 3023 3036 3038 3061 3030 3045 3071 3059 3063 3068 3064 3068 3069 3069 3047 3054 3057 3054 3071 3066 3061 3062 3043 3062 3048 3036 3038 3031 3027 3023 3032 3014 3013 3014 3016 3020 3012 3012
2977 2974 2972 2967 2977 3003 2985 2985 2983 3008 3006 2991 2971 2978 2983 3005 2999 2991 3000 3002 3009 3009 3024 3024 3014 3024 3033 3034 3036 3039 3044 3040 3072 3051 3076 3066 3079 3067 3088 3058 3058 3058 3053 3075 3085 3079 3074 3080 3081 3048 3040 3037 3045 3031 3035 3028 3026 3013 3011 3018 3020 3012 3023 3007
2987 2986 2970 3002 2995 2993 2987 3007 2985 3016 3007 2992 2987 2989 2990 2998 2999 3000 3000 3010 3004 3016 3013 3014 3031 3025 3024 3037 3034 3034 3044 3040 3055 3059 3071 3077 3081 3068 3076 3070 3071 3078 3081 3082 3087 3082 3087 3089 3077 3064 3053 3049 3048 3045 3045 3022 3030 3023 3029 3019 3019 3012 3004 3008
2999 3000 2995 2992 2988 2999 2997 2997 3019 3005 3024 3006 3006 3012 3020 3005 3009 3000 3014 3025 3018 3017 3019 3009 3015 3019 3029 3042 3028 3031 3046 3056 3064 3077 3085 3076 3078 3088 3091 3076 3092 3093 3072 3070 3072 3084 3082 3091 3075 3074 3052 3065 3050 3038 3044 3045 3041 3039 3027 3013 3007 3008 3012 3000
3013 2991 3008 2986 2992 2998 2993 3007 3017 3005 3004 3008 3013 3014 3006 3003 3004 3002 3010 3016 3023 3023 3013 3022 3034 3035 3034 3032 3041 3044 3057 3051 3068 3068 3083 3106 3088 3088 3078 3086 3090 3086 3072 3083 3095 3075 3097 3096 3083 3077 3071 3045 3056 3044 3055 3041 3042 3037 3030 3023 3021 3031 3018 3012
2997 3007 3009 3002 3003 3008 3002 3013 3017 3010 3010 3007 3027 3021 3022 3013 3018 3002 3006 3002 3010 3022 3027 3035 3031 3036 3024 3030 3040 3048 3052 3062 3083 3083 3086 3090 3111 3092 3085 3088 3077 3097 3104 3107 3096 3100 3098 3084 3088 3092 3073 3061 3052 3043 3038 3057 3049 3038 3041 3043 3047 3040 3029 3020
2998 3007 2994 3016 2988 2998 2993 3010 3004 3000 3006 3009 3003 3012 3014 3013 3026 3010 2998 3008 3021 3017 3019 3032 3035 3048 3034 3042 3036 3041 3060 3064 3064 3072 3076 3084 3101 3096 3099 3082 3089 3084 3098 3102 3104 3099 3092 3087 3079 3083 3078 3063 3060 3053 3058 3054 3051 3044 3048 3030 3030 3039 3032 3015
2999 2999 3007 3009 3001 3004 3006 2999 2993 2995 3002 2995 3016 3008 3000 3015 3014 3008 3007 3010 3020 3031 3037 3035 3036 3039 3039 3036 3033 3047 3068 3061 3063 3080 3074 3088 3095 3094 3093 3106 3078 3083 3084 3088 3087 3085 3085 3088 3091 3086 3079 3070 3071 3059 3053 3058 3053 3039 3043 3040 3033 3020 3023 3031
2992 2988 3002 3008 3007 2999 3006 3015 3000 3003 2995 3001 3003 3020 3005 3004 2992 3012 3010 3025 3026 3038 3030 3038 3031 3029 3045 3034 3036 3058 3067 3066 3080 3072 3090 3077 3091 3097 3097 3083 3084 3076 3076 3090 3090 3087 3090 3088 3094 3093 3090 3063 3072 3072 3062 3049 3052 3057 3047 3035 3030 3011 3018 3011
3004 3015 3003 3002 2997 3006 3003 3024 3004 3009 3015 2995 2999 3003 2991 3000 3007 3009 3008 3014 3028 3028 3024 3035 3027 3030 3043 3046 3058 3062 3066 3081 3091 3101 3092 3089 3091 3080 3083 3084 3082 3088 3084 3101 3080 3095 3085 3094 3097 3110 3109 3071 3084 3072 3075 3075 3058 3053 3049 3026 3024 3035 3023 3023
2998 2993 3002 2985 3017 3009 3009 3002 3013 3014 3008 2992 3005 3001 2993 2995 3000 2993 3012 3010 3015 3017 3028 3041 3035 3031 3045 3051 3068 3071 3073 3076 3081 3096 3098 3088 3088 3086 3078 3094 3095 3095 3094 3088 3083 3070 3084 3097 3102 3097 3094 3091 3087 3075 3074 3079 3066 3059 3039 3030 3026 3043 3036 3023
3004 2998 3005 3010 3008 3012 3002 3004 3008 3005 3012 2998 2996 2999 3004 3008 3013 3019 3013 3018 3010 3013 3041 3017 3030 3026 3052 3064 3071 3070 3070 3069 3090 3081 3092 3091 3094 3096 3081 3093 3096 3084 3095 3091 3084 3083 3086 3091 3089 3095 3101 3086 3082 3093 3106 3081 3061 3054 3042 3035 3036 3035 3030 3008
3004 3005 2999 3001 3005 3005 3004 3005 3005 3006 3004 2997 2991 3005 2997 3012 2998 3013 3007 3021 3012 3015 3030 3034 3014 3037 3052 3062 3070 3061 3070 3075 3082 3085 3079 3101 3082 3084 3078 3085 3099 3097 3088 3092 3085 3090 3094 3089 3087 3077 3088 3089 3087 3084 3084 3082 3065 3059 3043 3018 3031 3025 3021 3015
3008 3005 3006 3000 3000 3014 3013 3002 3014 3011 3000 3001 2990 2994 3000 3008 3001 3017 3018 3001 3003 3008 3013 3020 3039 3033 3066 3080 3064 3079 3069 3077 3080 3083 3092 3092 3077 3085 3068 3069 3097 3096 3088 3094 3094 3090 3103 3086 3087 3092 3074 3076 3092 3076 3086 3082 3072 3062 3043 3035 3037 3014 3018 3009
3019 3013 3017 3020 3005 3015 3016 3004 3005 3006 3003 3010 3005 3010 2986 3004 3003 2995 3022 3021 3011 3005 3014 3010 3027 3035 3059 3077 3084 3084 3093 3087 3075 3083 3073 3092 3091 3078 3094 3096 3093 3089 3100 3095 3094 3094 3078 3091 3082 3085 3082 3071 3077 3083 3075 3091 3081 3058 3044 3036 3034 3030 3022 3019
3013 2993 2999 2999 3001 3010 3018 3009 3006 3006 3003 3010 2989 2994 2998 2990 3000 3000 3001 3006 3028 3031 3013 3022 3025 3045 3070 3076 3084 3084 3084 3101 3078 3083 3080 3088 3086 3084 3092 3092 3089 3082 3088 3093 3100 3094 3089 3086 3077 3083 3085 3086 3088 3097 3091 3092 3060 3067 3048 3036 3040 3037 3018 3028
3005 3006 2998 2998 3013 3009 3006 3007 2998 3000 3008 3003 2999 3003 2997 3000 3005 3003 3009 3027 3029 3029 3009 3021 3025 3050 3052 3085 3087 3083 3080 3079 3085 3084 3085 3092 3084 3105 3100 3092 3083 3082 3088 3093 3091 3088 3092 3083 3090 3083 3086 3078 3078 3081 3081 3088 3082 3068 3064 3043 3029 3038 3020 3016
3003 2992 2990 3006 3001 3004 2997 3003 3009 2994 3010 2993 2976 2995 3015 3002 3003 3002 3020 3027 3018 3008 3000 3026 3035 3054 3075 3078 3075 3086 3082 3084 3087 3092 3085 3092 3093 3087 3087 3098 3099 3092 3099 3081 3090 3086 3082 3102 3082 3086 3081 3074 3093 3087 3087 3080 3075 3065 3058 3029 3028 3022 3016 3020
3000 2998 2999 3005 2991 2998 2995 2991 2997 3005 3011 3009 2990 3003 3014 3001 3006 3015 3012 3021 3000 3017 3015 3021 3026 3048 3071 3078 3077 3079 3075 3074 3090 3081 3086 3080 3098 3083 3083 3087 3095 3089 3096 3087 3074 3090 3093 3100 3085 3090 3084 3080 3095 3106 3088 3097 3075 3052 3052 3033 3025 3018 3011 3013
2991 2998 2997 2988 2992 3001 3005 3002 2992 3002 3013 2998 2988 2994 3010 3010 3010 3013 3000 3021 3026 3021 3024 3019 3047 3055 3066 3064 3086 3077 3076 3080 3082 3075 3084 3073 3071 3078 3082 3097 3088 3079 3086 3080 3092 3077 3090 3094 3082 3087 3084 3083 3089 3088 3100 3094 3071 3067 3049 3034 3034 3023 3018 3011
3000 2992 3000 2998 2986 3002 3004 2995 3001 3002 2996 2997 2992 2995 3005 3017 3009 2995 3010 3006 3012 3009 3019 3027 3029 3041 3077 3068 3066 3084 3065 3070 3083 3079 3065 3090 3083 3093 3089 3087 3087 3087 3098 3088 3080 3088 3083 3097 3091 3077 3088 3099 3088 3084 3080 3084 3058 3052 3032 3030 3038 3034 3022 3011
3005 3001 2996 2997 2998 2998 3004 3007 3014 3001 3004 3000 2994 2998 3008 3018 3004 2999 3002 3006 3002 3009 3010 3011 3035 3040 3065 3064 3076 3063 3081 3082 3084 3087 3088 3090 3087 3092 3079 3107 3091 3090 3091 3082 3087 3083 3078 3076 3081 3080 3082 3085 3082 3084 3071 3075 3062 3049 3036 3025 3028 3022 3019 3026
2999 2986 2994 3002 2995 3007 3003 3000 3009 3010 3007 2997 3005 3011 3009 3000 2999 3002 3000 3007 2994 2979 3003 3011 3024 3033 3043 3065 3069 3077 3076 3093 3083 3088 3091 3092 3084 3104 3097 3083 3076 3088 3070 3098 3078 3075 3087 3085 3068 3080 3075 3080 3071 3087 3067 3074 3061 3048 3038 3031 3019 3036 3015 3031
3011 2994 3010 2998 3004 3012 2993 3007 2998 2998 2991 3004 3007 3006 2997 3013 3008 3005 3000 3017 3013 3007 3010 3008 3023 3034 3057 3060 3069 3076 3086 3088 3084 3097 3081 3090 3088 3084 3084 3104 3090 3093 3082 3094 3086 3078 3086 3083 3070 3087 3087 3087 3075 3076 3094 3068 3066 3039 3038 3031 3017 3035 3017 3028
3007 3000 2991 2997 3012 3009 2996 2996 3006 2992 2999 2998 3008 3002 2999 3007 3005 3007 3007 3003 3011 3015 3012 2999 3016 3031 3029 3050 3052 3073 3078 3088 3083 3092 3081 3073 3093 3086 3078 3086 3108 3095 3070 3087 3095 3088 3086 3083 3085 3085 3085 3092 3082 3079 3078 3077 3056 3042 3024 3031 3036 3028 3024 3037
2994 3010 2999 3005 2999 3014 2998 3000 3011 3003 3002 3008 2993 3000 3010 2997 3006 3001 3008 3003 3013 3016 3019 3013 3011 3025 3031 3044 3065 3072 3081 3081 3079 3079 3089 3079 3089 3089 3078 3094 3087 3066 3076 3080 3083 3080 3088 3095 3092 3083 3085 3072 3068 3086 3082 3072 3046 3045 3018 3023 3023 3012 3027 3005
3003 3000 3003 3007 3000 3013 2998 3007 3010 3005 2996 3005 3001 3005 3011 2999 3002 3004 3027 3003 3002 3014 3004 3009 3016 3016 3012 3033 3055 3067 3076 3078 3074 3079 3073 3077 3068 3068 3086 3091 3086 3079 3087 3087 3085 3085 3092 3075 3073 3084 3094 3081 3078 3090 3087 3069 3044 3027 3021 3021 3027 3028 3013 3025
2998 3002 2991 3012 3007 3013 3000 3005 3006 3011 3000 3003 3012 2999 2998 2998 2998 2997 3015 3006 3008 3014 3002 3009 3029 3007 3027 3018 3035 3068 3075 3074 3056 3071 3069 3077 3084 3079 3093 3073 3090 3084 3088 3082 3076 3075 3095 3084 3087 3088 3085 3082 3078 3083 3076 3064 3060 3037 3035 3028 3031 3017 3025 3022
2994 2990 2982 3017 3035 3010 3006 3005 3022 3003 3015 3004 2998 3002 3010 3004 3001 2999 3014 3008 3005 3005 3023 3021 3009 3018 2996 3014 3031 3067 3053 3080 3074 3071 3085 3079 3090 3086 3089 3074 3095 3098 3092 3088 3083 3081 3088 3101 3087 3082 3081 3093 3084 3085 3064 3062 3056 3038 3041 3033 3030 3017 3019 3034
2982 2988 2999 3009 3017 3016 3004 2995 3003 3018 3008 3003 2990 3004 3015 3011 2990 2993 2998 3009 3022 3015 3012 3002 3004 3006 3001 3017 3021 3055 3067 3083 3078 3070 3080 3073 3076 3082 3080 3088 3090 3076 3069 3073 3088 3093 3081 3086 3080 3080 3084 3089 3075 3086 3067 3061 3055 3042 3049 3044 3028 3037 3031 3028
2995 2994 3004 3000 3022 3014 3003 3008 3014 2997 3016 2998 2996 2996 3012 3002 2996 2987 2999 3005 3014 3021 3007 3013 3009 3004 3023 3008 3023 3041 3072 3069 3064 3088 3074 3080 3107 3091 3088 3079 3078 3069 3068 3075 3077 3087 3090 3084 3078 3086 3086 3078 3077 3078 3076 3050 3066 3049 3051 3044 3035 3041 3031 3030
2986 3004 3003 3004 3015 3001 3000 2995 3005 3005 2992 2993 3009 2995 3003 2994 2995 3000 2998 3013 3015 3006 3021 3020 3023 3013 3008 3011 3015 3038 3044 3066 3068 3072 3075 3062 3090 3089 3094 3091 3090 3085 3084 3088 3080 3082 3072 3081 3082 3092 3088 3082 3095 3093 3059 3044 3042 3061 3041 3050 3036 3035 3046 3034
2994 3005 3015 3003 3013 2996 2987 2998 2993 3004 3011 3008 3002 3004 2986 3012 3005 3002 3013 3000 2996 3017 3024 3027 3023 3014 3021 3016 3012 3024 3055 3052 3065 3068 3084 3076 3093 3090 3111 3088 3100 3092 3091 3089 3081 3066 3090 3076 3076 3087 3097 3079 3088 3079 3062 3065 3056 3061 3049 3051 3039 3045 3028 3028
2984 2986 2991 3006 3006 2999 2999 2988 3001 3002 2997 3007 3000 3001 3002 3005 2993 3001 3001 3002 3001 3013 3010 3017 3011 3006 3010 3028 3021 3012 3042 3057 3063 3081 3093 3094 3074 3076 3082 3096 3087 3070 3081 3086 3085 3078 3080 3091 3103 3105 3095 3089 3077 3070 3070 3054 3051 3045 3046 3045 3031 3025 3033 3019
2993 2980 3003 2996 3002 2999 2992 3004 2995 2998 2998 2996 3003 3004 3002 2998 2987 3005 2994 3006 3002 3008 3012 3008 3018 3013 3006 3019 3003 3013 3035 3043 3064 3087 3096 3082 3073 3069 3083 3087 3087 3086 3073 3079 3080 3074 3094 3085 3094 3086 3092 3066 3082 3057 3059 3065 3064 3047 3042 3042 3030 3016 3019 3030
2984 2996 3003 3008 3013 3008 3012 3009 2998 2991 3007 2994 3001 3010 3007 2997 3002 3011 3011 3020 3002 3013 3010 3012 2998 3007 3003 3014 3009 3006 3042 3061 3074 3074 3069 3076 3063 3075 3080 3090 3066 3077 3088 3084 3076 3094 3089 3098 3087 3091 3073 3065 3064 3051 3066 3055 3039 3035 3034 3031 3019 3034 3023 3018
2995 3010 2997 3013 3008 3015 3004 3009 3009 3006 2995 3005 3003 2999 3008 3005 3018 3007 3006 3013 3011 3015 3033 3004 3016 3013 3008 3009 3002 3001 3024 3062 3076 3091 3071 3079 3072 3072 3087 3084 3080 3085 3078 3098 3081 3092 3072 3084 3074 3082 3087 3069 3060 3053 3063 3046 3028 3034 3026 3028 3028 3023 3026 3023
2984 2991 3006 3003 3013 3012 3012 3009 2995 2994 3001 2999 3002 2997 3010 3013 3006 3010 3000 3013 3015 3004 3021 3028 3007 3017 3019 3005 3004 3025 3039 3053 3077 3070 3083 3086 3085 3091 3082 3099 3084 3083 3090 3085 3079 3089 3064 3083 3082 3092 3076 3073 3059 3047 3037 3047 3029 3039 3022 3027 3029 3026 3036 3038
3006 2997 3001 3015 3012 3006 3001 2994 2980 3003 3000 2999 2990 2994 3012 3002 2997 2989 3003 2997 2999 3011 3039 3012 3022 3019 3021 3022 3002 3022 3031 3050 3065 3081 3083 3093 3092 3089 3085 3094 3098 3068 3080 3085 3077 3083 3078 3073 3078 3078 3074 3065 3061 3057 3039 3031 3030 3027 3029 3027 3010 3024 3028 3058
2985 2995 3004 3006 3004 3006 3013 2997 2993 3004 2998 2992 3005 2995 3011 3020 3010 3012 3012 3011 3004 3026 3018 3022 3023 3020 3008 3013 3028 3029 3042 3065 3070 3090 3088 3097 3089 3098 3090 3091 3075 3081 3075 3078 3089 3088 3084 3087 3091 3075 3071 3065 3059 3046 3051 3035 3034 3032 3022 3023 3026 3025 3032 3035
2990 2999 3000 3002 3009 3008 2997 3004 3003 2995 2996 3002 3005 3011 3016 2999 3018 3001 3004 3007 3010 3016 3009 3008 3023 3028 3027 3018 3026 3049 3061 3091 3086 3086 3093 3081 3082 3087 3105 3086 3082 3073 3083 3086 3093 3087 3083 3079 3066 3067 3065 3058 3049 3047 3048 3040 3041 3009 3029 3020 3024 3028 3037 3031
2985 2990 2998 2995 3008 3008 2982 3001 2998 3003 3006 3010 3011 3002 3011 3015 3011 2997 3011 3019 3009 3016 3015 3015 3040 3039 3040 3032 3049 3066 3053 3084 3083 3071 3064 3083 3077 3085 3093 3091 3093 3076 3094 3101 3087 3086 3075 3078 3084 3068 3067 3064 3056 3046 3032 3045 3034 3014 3022 3029 3023 3030 3020 3029
2984 2995 3005 3003 2987 2991 2983 2988 2989 2992 2997 3010 2992 2989 3011 3012 3000 3012 2995 3023 3021 3017 3043 3037 3035 3047 3053 3043 3066 3076 3078 3089 3096 3086 3083 3077 3091 3090 3075 3079 3088 3102 3085 3091 3079 3095 3081 3090 3072 3067 3044 3068 3063 3057 3050 3046 3042 3015 3018 3029 3017 3021 3018 3017
2981 2990 2998 3003 3005 2989 2989 2991 3004 3015 3002 3015 3009 3004 3016 3018 3017 3016 3024 3032 3031 3038 3029 3044 3042 3059 3054 3052 3080 3077 3080 3085 3091 3080 3073 3075 3082 3078 3098 3088 3081 3077 3094 3095 3095 3089 3093 3098 3077 3082 3077 3075 3073 3065 3037 3059 3047 3033 3045 3034 3032 3055 3049 3032
2996 3006 3003 3009 3009 3009 2987 2999 3004 3004 3002 3016 3031 3027 3014 3031 3028 3043 3028 3040 3041 3042 3058 3068 3064 3064 3055 3050 3073 3082 3103 3085 3086 3085 3073 3081 3089 3088 3091 3084 3098 3102 3101 3097 3094 3089 3097 3089 3096 3079 3084 3083 3074 3073 3064 3053 3065 3056 3066 3047 3056 3051 3054 3045
2994 2998 3010 3013 2999 3012 3007 3010 3019 3022 3019 3036 3035 3031 3027 3037 3033 3045 3048 3047 3042 3050 3052 3056 3067 3065 3046 3062 3061 3070 3090 3089 3086 3087 3101 3093 3087 3096 3091 3078 3090 3089 3096 3089 3089 3095 3085 3083 3092 3077 3081 3070 3075 3081 3081 3065 3072 3069 3072 3056 3062 3067 3054 3054
2991 3003 3017 3011 3018 3013 3009 3019 3021 3030 3038 3037 3043 3048 3052 3047 3053 3054 3065 3062 3054 3052 3055 3068 3066 3071 3065 3075 3060 3080 3084 3086 3091 3093 3094 3093 3092 3085 3078 3077 3090 3105 3095 3088 3089 3090 3091 3083 3093 3080 3087 3068 3088 3070 3082 3079 3070 3059 3076 3054 3065 3069 3051 3039
2998 2996 2998 3003 3012 3019 3018 3018 3019 3031 3044 3044 3043 3050 3045 3042 3048 3057 3066 3054 3068 3058 3061 3075 3076 3062 3059 3058 3056 3063 3090 3080 3080 3103 3080 3082 3076 3089 3099 3070 3092 3098 3075 3077 3086 3086 3098 3079 3094 3090 3076 3083 3095 3072 3056 3073 3068 3074 3055 3068 3075 3079 3061 3043
2994 2986 3003 3003 3017 3022 3025 3029 3040 3053 3050 3041 3043 3051 3052 3051 3058 3042 3068 3054 3060 3060 3068 3079 3071 3085 3056 3052 3062 3071 3069 3061 3084 3078 3070 3088 3088 3094 3089 3098 3098 3096 3093 3080 3087 3072 3080 3073 3068 3089 3075 3073 3069 3064 3063 3057 3073 3071 3056 3069 3067 3079 3069 3055
2998 3004 3008 3014 3001 3029 3028 3030 3056 3051 3041 3051 3038 3056 3064 3058 3062 3049 3073 3055 3064 3062 3073 3071 3070 3069 3071 3066 3081 3068 3077 3085 3072 3078 3073 3079 3083 3091 3079 3087 3067 3075 3078 3065 3074 3073 3073 3079 3076 3080 3080 3088 3079 3075 3071 3057 3075 3073 3069 3064 3059 3058 3069 3062
2973 2979 3007 3008 3022 3032 3039 3036 3065 3058 3055 3042 3045 3049 3061 3056 3063 3055 3070 3073 3068 3082 3080 3070 3071 3074 3071 3082 3084 3070 3069 3084 3067 3066 3057 3062 3076 3077 3072 3083 3070 3072 3064 3060 3067 3092 3077 3073 3083 3070 3079 3082 3089 3081 3067 3077 3076 3079 3066 3068 3049 3044 3046 3082
