3068 3063 3073 3060 3059 3073 3059 3065 3056 3069 3067 3067 3059 3048 3060 3054 3063 3043 3055 3043 3025 3046 3043 3061 3054 3047 3034 3040 3044 3046 3037 3060 3052 3050 3061 3063 3072 3056 3062 3072 3046 3059 3032 3036 3031 3028 3018 3029 3014 3018 3025 3027 3018 3007 3016 3023 3005 3012 3027 3003 3016 3019 2998 3000
3073 3063 3061 3072 3079 3065 3056 3055 3052 3060 3056 3054 3044 3049 3074 3056 3044 3054 3048 3038 3035 3033 3046 3059 3049 3048 3045 3052 3051 3036 3050 3062 3063 3066 3068 3073 3069 3069 3053 3045 3035 3037 3038 3032 3046 3030 3025 3024 3015 3027 3021 3035 3032 3038 3023 3007 3006 3009 3013 3003 3005 3006 3009 3014
3068 3063 3054 3047 3064 3052 3055 3049 3048 3056 3053 3059 3055 3047 3059 3053 3050 3049 3047 3051 3056 3051 3042 3050 3048 3055 3068 3054 3057 3048 3063 3060 3057 3065 3074 3066 3056 3053 3053 3055 3050 3049 3039 3039 3022 3029 3027 3023 3019 3027 3031 3026 3032 3032 3010 3002 3014 3013 2995 3005 3019 3020 3030 3024
3047 3059 3056 3056 3065 3048 3060 3053 3047 3050 3047 3048 3054 3048 3049 3036 3042 3044 3045 3049 3055 3056 3044 3047 3045 3050 3045 3068 3061 3059 3072 3066 3069 3065 3057 3047 3057 3060 3058 3052 3059 3045 3044 3044 3029 3037 3040 3033 3028 3038 3025 3031 3035 3026 3017 3021 3021 3023 3010 2999 3008 3015 3029 3029
3030 3044 3060 3047 3050 3046 3045 3047 3061 3039 3061 3061 3049 3028 3043 3039 3036 3045 3042 3058 3055 3045 3053 3051 3038 3035 3043 3056 3061 3067 3077 3069 3059 3060 3057 3056 3063 3061 3054 3047 3059 3058 3049 3035 3069 3052 3043 3026 3035 3032 3013 3024 3022 3043 3031 3020 3044 3026 3026 3010 3025 3025 3022 3011
3038 3045 3062 3042 3059 3043 3042 3024 3037 3046 3038 3041 3042 3040 3037 3048 3048 3053 3058 3057 3054 3049 3048 3041 3049 3037 3039 3055 3054 3072 3067 3074 3081 3069 3062 3054 3049 3061 3053 3057 3049 3063 3067 3045 3046 3042 3035 3032 3041 3031 3021 3016 3040 3023 3020 3038 3029 3035 3023 3025 3016 3037 3022 3027
3032 3045 3064 3045 3051 3048 3030 3038 3036 3030 3051 3047 3038 3051 3040 3046 3047 3043 3056 3052 3055 3039 3049 3047 3053 3043 3047 3058 3055 3059 3072 3075 3087 3078 3065 3055 3059 3063 3066 3057 3058 3049 3054 3053 3038 3033 3042 3049 3038 3025 3024 3028 3037 3030 3030 3022 3026 3014 3026 3009 3034 3033 3024 3018
3008 3013 3037 3019 3028 3018 3013 3018 3020 3026 3012 3026 3018 3023 3022 3038 3029 3032 3038 3020 3040 3045 3029 3047 3046 3036 3047 3039 3036 3057 3072 3076 3071 3077 3060 3061 3055 3064 3053 3063 3064 3040 3032 3042 3044 3051 3036 3047 3045 3036 3031 3026 3024 3038 3023 3013 3019 3019 3012 3021 3016 3011 3029 3013
2983 2985 2978 2988 2984 2982 2978 2996 3009 2995 2987 2994 2979 3003 2993 3010 3005 3021 3028 3007 3024 3024 3022 3031 3040 3032 3033 3036 3039 3049 3056 3066 3065 3064 3075 3050 3062 3056 3054 3047 3060 3042 3047 3049 3045 3042 3048 3030 3035 3033 3018 3027 3023 3036 3016 3011 3012 3016 3010 3007 3006 3000 3011 3019
2977 2979 2974 2981 2991 2982 2991 2993 3004 2992 2986 2982 2996 3004 3003 3011 3019 3021 3024 3027 3006 3030 3028 3031 3042 3055 3036 3039 3030 3043 3053 3071 3064 3070 3081 3077 3073 3077 3061 3060 3065 3071 3058 3068 3053 3046 3047 3048 3027 3040 3042 3012 3021 3024 3015 3020 3021 3019 3020 3011 2989 2995 3009 3009
2989 2995 2982 2981 2980 2975 2985 2994 2993 3003 2986 3008 3001 3009 3022 3030 3011 3012 3015 3016 3019 3036 3035 3031 3040 3043 3037 3033 3031 3045 3057 3065 3075 3092 3098 3101 3085 3082 3080 3072 3082 3082 3075 3061 3064 3060 3047 3043 3054 3045 3024 3022 3030 3031 3019 3003 3011 3021 3010 2986 3010 3000 2988 2996
2981 2983 2992 2992 2995 2982 2986 2994 2994 2998 2989 3004 2995 3014 3013 3023 3030 3017 3023 3018 3016 3023 3035 3035 3028 3034 3022 3044 3041 3049 3075 3068 3090 3091 3098 3097 3097 3101 3079 3089 3090 3088 3094 3085 3088 3068 3049 3045 3046 3043 3034 3031 3032 3026 3041 3019 3029 3023 3022 2997 3007 3014 3018 2990
2981 2999 2985 2999 3005 2995 2998 2999 2983 2997 3000 3002 3002 3010 3003 3017 3019 3019 3026 3030 3046 3030 3025 3021 3018 3039 3041 3058 3056 3077 3085 3088 3095 3105 3105 3090 3089 3083 3107 3104 3116 3103 3092 3087 3080 3075 3048 3025 3046 3044 3054 3038 3033 3051 3038 3028 3027 3028 3003 2995 2993 3010 2993 2995
2996 2990 2997 2995 3003 2995 3003 2985 3003 2998 2996 2998 3003 3010 3014 3021 3024 3041 3034 3035 3014 3035 3037 3039 3036 3042 3060 3066 3080 3080 3085 3086 3108 3102 3107 3094 3092 3088 3098 3115 3085 3103 3093 3091 3081 3080 3067 3042 3045 3054 3061 3065 3044 3040 3031 3027 3019 3005 3011 2991 3013 3012 2998 2997
2993 2999 2988 3000 2997 2983 2982 2988 3001 2995 2990 2979 2989 3001 3009 3027 3010 3023 3039 3034 3041 3034 3042 3049 3049 3054 3062 3079 3092 3083 3082 3086 3094 3093 3101 3100 3096 3093 3105 3096 3103 3109 3099 3094 3078 3085 3064 3052 3042 3048 3070 3062 3061 3036 3044 3028 3022 3018 2998 2991 3004 3015 3006 2993
3008 3003 2999 3007 3002 2996 2977 2988 2987 3003 3004 2994 2994 3018 3031 3021 3023 3024 3029 3031 3027 3040 3037 3055 3052 3072 3069 3087 3086 3085 3083 3093 3094 3095 3094 3104 3085 3091 3121 3104 3092 3094 3103 3100 3090 3095 3083 3070 3053 3066 3071 3072 3071 3056 3036 3030 3033 3013 3020 2996 3026 2996 2982 2993
3019 3025 2999 3009 3006 3003 3006 2985 3011 2992 2998 3018 3012 3027 3040 3052 3033 3039 3040 3030 3040 3042 3058 3051 3065 3072 3093 3110 3079 3098 3102 3100 3097 3101 3094 3103 3101 3093 3096 3098 3088 3096 3109 3095 3107 3092 3092 3080 3066 3065 3070 3069 3066 3057 3052 3023 3013 3022 3002 3011 3007 2990 2986 2996
3014 3007 3011 3009 3000 3009 3010 3004 3001 3004 3014 3011 3010 3029 3033 3055 3040 3026 3022 3037 3032 3047 3047 3074 3081 3086 3096 3111 3105 3103 3099 3112 3105 3095 3101 3105 3099 3100 3091 3106 3087 3092 3111 3109 3105 3101 3086 3088 3080 3068 3074 3097 3075 3075 3045 3024 3029 3021 3009 3000 3005 2998 2997 3003
2999 3000 3012 3011 3018 3018 3014 3011 2999 3004 3003 3001 2993 3004 3021 3032 3037 3050 3021 3022 3034 3045 3076 3077 3097 3090 3105 3106 3101 3096 3092 3105 3093 3099 3099 3089 3098 3117 3088 3101 3083 3098 3093 3091 3093 3095 3096 3090 3074 3088 3085 3091 3074 3057 3045 3015 3022 3017 3011 3012 2991 2993 2999 3007
2987 3006 3009 3021 3009 3025 3019 2988 3005 3007 3009 2992 2999 3018 3035 3037 3051 3033 3040 3045 3051 3062 3069 3080 3090 3091 3109 3092 3095 3099 3093 3092 3098 3105 3101 3110 3095 3099 3103 3092 3095 3087 3099 3101 3091 3087 3095 3102 3087 3080 3092 3077 3077 3064 3038 3017 3020 3023 3019 2998 2997 3002 2996 3003
2988 2989 3002 3008 3027 3007 3001 3005 3019 3018 3003 3004 3009 3032 3034 3041 3053 3043 3031 3047 3055 3068 3077 3104 3092 3105 3106 3106 3101 3097 3090 3102 3098 3102 3100 3123 3091 3109 3109 3089 3088 3092 3099 3103 3091 3095 3094 3085 3088 3098 3087 3093 3078 3077 3040 3029 3013 3023 3007 3022 2998 2993 3003 3000
3007 3012 3019 3011 3026 3016 3004 3010 3023 3005 3017 3014 3011 3021 3043 3033 3033 3032 3049 3040 3072 3063 3084 3089 3096 3101 3089 3099 3088 3085 3088 3095 3083 3092 3092 3096 3092 3096 3106 3102 3094 3100 3094 3099 3089 3093 3097 3095 3089 3086 3080 3083 3086 3067 3045 3025 3025 3020 3018 3006 3009 2994 3007 3005
3018 3030 3019 3021 3026 3025 3014 3037 3016 3014 3025 3021 3031 3032 3031 3041 3036 3039 3049 3063 3075 3065 3084 3092 3100 3096 3086 3092 3099 3083 3086 3097 3096 3091 3094 3102 3095 3095 3103 3089 3105 3094 3103 3093 3085 3097 3104 3097 3079 3079 3093 3103 3084 3060 3046 3046 3027 3025 3031 3028 3026 3005 3005 3002
3015 3034 3024 3031 3037 3025 3033 3009 3014 3014 3030 3023 3020 3036 3019 3038 3041 3060 3056 3073 3065 3069 3082 3087 3099 3085 3085 3085 3095 3088 3072 3099 3073 3086 3104 3102 3092 3093 3085 3098 3098 3110 3092 3093 3106 3097 3092 3092 3087 3081 3094 3090 3084 3071 3070 3050 3031 3024 3029 3012 3020 3023 3010 3009
3018 3015 3013 3008 3012 3013 3010 3005 3002 3011 3012 3000 3007 3001 3002 3026 3023 3056 3055 3078 3080 3080 3084 3096 3093 3093 3089 3089 3083 3092 3079 3086 3095 3100 3104 3094 3092 3087 3089 3099 3101 3107 3104 3104 3095 3103 3088 3100 3098 3094 3092 3088 3076 3059 3064 3036 3017 3021 3022 2999 3022 3019 3023 3023
3005 3019 2999 3009 3008 3017 3007 2995 3003 3002 3009 3000 3004 3002 3023 3034 3035 3055 3046 3073 3068 3097 3093 3095 3093 3095 3091 3091 3082 3086 3094 3086 3096 3088 3105 3092 3088 3083 3100 3084 3097 3109 3116 3115 3099 3094 3097 3092 3091 3083 3093 3099 3063 3052 3039 3021 3023 3021 2991 3007 3009 3015 3017 3006
3014 3014 3003 3013 3018 3013 3005 3002 3006 3012 2995 3001 3002 3009 3022 3021 3024 3050 3047 3066 3084 3091 3101 3081 3096 3100 3093 3084 3075 3090 3083 3106 3108 3101 3105 3098 3102 3107 3102 3092 3100 3093 3096 3110 3099 3105 3088 3091 3089 3089 3084 3091 3077 3040 3041 3013 3014 3006 3012 2998 3005 3014 3034 3015
3011 3002 3008 3002 3019 3008 3002 2999 2990 3015 3008 3006 3000 3007 3017 3021 3033 3041 3054 3075 3086 3089 3073 3089 3090 3102 3100 3097 3085 3086 3084 3100 3101 3102 3109 3112 3095 3108 3095 3101 3097 3098 3090 3098 3102 3105 3096 3093 3096 3087 3081 3088 3076 3068 3038 3021 3019 3011 3014 3015 3014 3010 3012 3014
3021 3007 3003 3008 3018 3004 2999 2983 2988 3000 3022 3011 3001 3010 3019 3017 3023 3049 3053 3074 3080 3094 3074 3084 3103 3089 3101 3095 3110 3086 3086 3081 3090 3096 3097 3104 3102 3099 3107 3092 3095 3082 3099 3092 3100 3091 3088 3084 3095 3079 3084 3089 3082 3064 3051 3025 3017 3011 3012 3016 3012 3014 3023 3018
3016 3007 3005 3004 3031 3006 3008 2993 3007 3005 3006 3003 3006 3010 3006 3012 3016 3046 3069 3070 3064 3078 3073 3071 3091 3099 3094 3093 3096 3099 3095 3098 3083 3088 3096 3091 3098 3122 3111 3101 3106 3108 3094 3101 3098 3101 3091 3094 3089 3082 3089 3092 3074 3063 3047 3024 3015 3033 3019 3027 3028 3018 3011 3021
2991 3002 2997 3011 3016 3007 3004 3011 3000 3001 2994 3008 2991 2999 3012 3014 3028 3044 3061 3087 3080 3080 3084 3097 3082 3082 3093 3088 3094 3096 3102 3098 3099 3084 3098 3094 3094 3097 3104 3106 3094 3090 3104 3085 3093 3101 3097 3102 3097 3105 3093 3093 3084 3063 3052 3026 3022 3029 3023 3021 3017 3031 3027 3025
3001 2998 3000 2998 3003 3004 3011 3014 3022 3016 2992 2993 2983 2986 2997 3011 3025 3049 3065 3074 3082 3082 3089 3073 3074 3075 3082 3099 3087 3093 3080 3089 3087 3088 3091 3097 3087 3089 3093 3118 3099 3094 3110 3084 3109 3102 3084 3108 3094 3108 3092 3104 3090 3076 3051 3036 3021 3017 3025 3020 3008 3022 3015 3015
3009 3013 3007 3002 2993 3005 3007 2998 2992 2995 2999 3007 2979 3001 2999 3007 3017 3031 3049 3066 3070 3074 3086 3077 3078 3088 3087 3073 3095 3091 3080 3096 3087 3086 3095 3099 3093 3091 3086 3100 3100 3104 3091 3100 3117 3101 3094 3097 3094 3103 3093 3096 3079 3077 3035 3021 3027 3037 3016 3014 3019 3010 3020 3016
3013 3010 3004 3013 3014 3000 2997 2995 3001 2993 3004 3013 2998 3008 3001 2998 3008 3024 3055 3075 3062 3073 3069 3085 3093 3070 3079 3090 3089 3099 3092 3096 3077 3081 3090 3109 3102 3108 3103 3091 3110 3102 3119 3114 3106 3102 3107 3094 3101 3088 3096 3091 3080 3059 3037 3030 3020 3022 3025 3022 3023 3005 3012 3012
3021 3012 3010 3009 3014 3024 3028 3025 3007 3010 3014 3014 3014 3004 3007 3016 3024 3029 3030 3060 3067 3077 3099 3091 3096 3090 3086 3084 3092 3090 3088 3082 3100 3095 3102 3088 3083 3089 3119 3107 3096 3099 3106 3100 3104 3106 3091 3099 3088 3094 3085 3097 3072 3071 3055 3044 3031 3034 3037 3024 3020 3010 3003 3029
3009 3007 3005 3023 3014 3028 3022 3009 3018 3024 3028 3013 3022 3018 3027 3011 3014 3020 3034 3056 3077 3082 3090 3099 3096 3091 3062 3084 3098 3100 3081 3092 3091 3090 3087 3094 3085 3095 3108 3096 3102 3093 3092 3090 3107 3087 3102 3099 3101 3079 3087 3088 3055 3051 3049 3037 3045 3027 3037 3026 3019 3011 3021 3036
3003 3002 2997 3009 3003 3005 3010 3014 3022 3016 3006 3005 3021 3015 3007 3006 3007 3016 3031 3047 3063 3087 3090 3094 3083 3078 3087 3078 3091 3090 3082 3094 3102 3103 3096 3086 3078 3088 3102 3105 3092 3101 3094 3099 3110 3088 3103 3095 3087 3088 3093 3071 3077 3058 3041 3026 3021 3032 3013 3025 3017 3014 3008 3022
3010 2996 3007 3001 2995 2993 2991 3005 3013 3008 2994 2998 2995 3017 3006 2996 2997 3005 3038 3040 3063 3077 3073 3092 3095 3079 3078 3088 3081 3080 3077 3093 3085 3090 3091 3098 3086 3078 3085 3087 3102 3108 3100 3085 3105 3097 3091 3106 3093 3074 3076 3066 3062 3052 3038 3024 3028 3024 3016 3015 3027 3011 3005 3016
2995 3000 2991 2998 2997 3002 3010 2993 2993 2994 3003 3005 3002 3002 2995 3006 3005 3010 3017 3035 3052 3062 3077 3080 3072 3070 3073 3064 3067 3081 3088 3088 3089 3097 3102 3103 3098 3091 3110 3106 3093 3107 3083 3102 3091 3089 3099 3115 3099 3089 3081 3063 3061 3036 3030 3019 3025 3019 3021 3006 3018 3012 3015 3010
3003 3011 3004 3003 3008 3018 2997 2996 2997 3010 3014 2997 3001 3002 3011 3007 2987 3007 3006 3032 3020 3049 3082 3075 3082 3078 3074 3073 3085 3079 3082 3085 3094 3099 3096 3104 3090 3102 3106 3104 3106 3118 3107 3115 3107 3107 3097 3101 3102 3111 3080 3073 3046 3029 3025 3021 3009 3012 3010 3014 2999 3009 3020 3012
2994 3008 3008 3016 3011 3006 3004 3003 2997 3016 3000 3000 3008 3004 3008 3001 3017 3016 3002 3001 3027 3031 3070 3060 3060 3071 3078 3069 3070 3087 3090 3098 3100 3094 3104 3102 3099 3105 3102 3090 3115 3094 3095 3103 3107 3092 3101 3088 3096 3093 3084 3063 3042 3032 3008 3002 3012 3018 3006 3012 3025 3024 3002 3008
2999 3007 2994 3000 3014 3017 2994 2998 3011 3010 3005 3009 3011 3005 3009 3013 3006 3009 3006 3017 3020 3035 3060 3071 3062 3081 3080 3072 3074 3079 3082 3084 3088 3092 3102 3094 3107 3104 3103 3093 3102 3113 3091 3084 3088 3074 3099 3100 3095 3096 3080 3081 3042 3039 3011 2997 3013 3017 3004 3006 3014 3017 3009 3005
2996 3007 3002 3007 2996 2995 3012 3009 2995 2994 3001 3003 3011 3004 3004 3010 3008 3010 2998 3016 3019 3038 3049 3074 3069 3074 3100 3075 3077 3080 3075 3088 3093 3094 3092 3098 3096 3103 3098 3095 3099 3102 3083 3096 3081 3097 3097 3087 3091 3092 3070 3075 3046 3025 3006 3006 3011 3020 3022 3010 3015 3035 3017 3008
3003 3000 3012 2986 2990 3005 3000 2998 2997 3004 3003 3003 2998 3007 3012 3006 3020 3003 3009 3002 3014 3031 3054 3059 3071 3079 3077 3088 3076 3080 3076 3092 3110 3095 3085 3098 3090 3093 3095 3097 3092 3089 3087 3081 3090 3089 3090 3102 3093 3084 3076 3062 3033 3022 3024 3020 2999 3016 3014 3017 3019 3019 3018 3003
2995 3006 2997 2997 2990 3002 3010 2997 2999 3008 3002 3003 3008 3001 3002 3002 2998 2994 3007 3000 2998 3026 3025 3054 3056 3075 3090 3087 3072 3083 3091 3083 3100 3097 3097 3100 3101 3094 3077 3085 3085 3089 3094 3104 3099 3105 3102 3083 3091 3076 3059 3037 3037 3024 3024 3001 3002 3016 3016 3014 3005 3015 3016 2997
2994 2989 2996 2996 2984 3007 2999 2996 3017 3006 3001 3001 2980 2999 3005 3001 3001 3005 3009 2998 2987 3007 3022 3022 3069 3080 3081 3089 3080 3078 3074 3086 3104 3092 3098 3092 3093 3080 3094 3091 3081 3097 3093 3112 3082 3095 3104 3093 3084 3064 3040 3039 3035 3017 3008 3005 3018 3011 3009 3003 3006 3000 3002 3002
3001 2992 3009 3000 2992 2998 2999 2998 3009 3005 3011 3008 3005 3000 3007 3001 3002 3005 2989 3003 2996 3003 3019 3035 3073 3076 3079 3079 3061 3083 3081 3091 3098 3089 3093 3102 3106 3109 3096 3099 3105 3111 3098 3117 3097 3099 3095 3089 3088 3060 3050 3032 3023 3009 3016 3001 3009 3004 3015 3012 2997 2997 3000 2987
3000 2995 3001 2998 3007 2994 2985 2992 3001 3002 2996 3005 2998 3001 3002 3000 3014 2992 2994 3003 3009 3016 3010 3025 3055 3076 3078 3081 3083 3076 3077 3080 3098 3097 3097 3100 3102 3119 3110 3108 3105 3112 3106 3110 3101 3106 3099 3100 3072 3068 3036 3043 3021 3024 2997 3011 2990 3007 2998 3001 3001 2979 2991 3001
2997 3003 3006 3007 3008 3009 2994 2998 2988 2995 2998 3003 3012 2988 3003 2997 3017 2993 2986 2987 2996 3008 3009 3013 3054 3067 3067 3081 3072 3089 3079 3088 3099 3107 3093 3099 3118 3113 3098 3081 3090 3110 3096 3108 3101 3105 3085 3099 3056 3023 3029 3036 3025 3011 3007 2993 3001 3001 2999 3009 3003 3003 3007 3008
2998 2998 3018 3011 3008 3003 2998 3011 3000 2999 3001 2998 3009 3009 3005 3005 3013 3002 2993 2991 2992 3000 2987 3012 3046 3061 3065 3103 3080 3080 3096 3100 3100 3089 3111 3122 3111 3105 3108 3103 3104 3093 3101 3098 3091 3102 3094 3076 3053 3034 3037 3019 3033 3016 3000 2990 3002 3002 3012 3003 3008 3010 3005 3009
2993 2998 3005 2993 2995 3008 3004 3001 3003 2989 2978 2991 2992 3004 3000 2994 3002 3000 3006 3004 3016 3004 3006 3019 3040 3051 3081 3087 3093 3089 3093 3090 3093 3102 3108 3099 3093 3100 3098 3094 3090 3098 3090 3110 3110 3084 3091 3077 3054 3020 3025 3020 3018 3011 3005 2998 3011 3006 3010 3000 3015 3002 3005 3013
2989 2990 2998 2992 2982 2992 2981 3006 2999 3000 2981 2998 2992 2992 2998 2993 2984 2993 3006 3005 3013 3017 3000 3026 3033 3050 3067 3092 3074 3083 3090 3092 3103 3098 3104 3093 3095 3090 3090 3095 3096 3106 3103 3098 3096 3089 3082 3078 3049 3031 3021 2992 3014 3006 3004 3014 3016 3011 3009 2993 3010 2997 3018 2995
2993 2987 3000 3003 2995 3013 2999 3003 3006 2989 2985 3000 2998 3001 2997 2996 3005 3000 3001 3005 3003 3011 3006 3028 3041 3051 3073 3078 3095 3084 3082 3085 3102 3088 3097 3088 3092 3092 3093 3090 3087 3099 3097 3112 3093 3099 3086 3066 3049 3024 3011 3006 3012 3020 3016 3011 3021 3010 3007 3001 3015 3009 3007 3014
3000 3013 3015 2996 3011 2983 3001 2988 3010 2982 2985 2980 2995 2980 2987 2999 2993 3010 2995 3002 2988 3008 2999 3015 3033 3049 3084 3086 3093 3083 3104 3099 3092 3096 3091 3096 3111 3097 3104 3106 3094 3102 3089 3104 3107 3085 3084 3074 3044 3038 3011 3011 3009 3032 3031 3025 3016 3027 3020 3016 3027 3029 3018 3013
2998 2998 3010 3005 2999 2981 2989 2992 2996 2997 2987 2981 2988 2991 3001 3009 2998 2995 3003 3007 2998 2997 3007 3023 3052 3048 3077 3086 3092 3090 3095 3090 3088 3093 3095 3083 3092 3082 3097 3092 3089 3091 3095 3093 3087 3081 3074 3074 3048 3022 3010 3010 3017 3023 3018 3021 3017 3031 3035 3017 3011 3010 3019 3020
3017 3008 3004 2997 2982 2991 2979 2983 2993 2996 2993 3002 2997 3002 3006 3010 2995 3005 3008 2994 2999 3012 3003 3026 3048 3068 3088 3093 3099 3099 3090 3087 3086 3088 3087 3098 3075 3079 3089 3088 3094 3099 3106 3086 3078 3086 3084 3080 3051 3024 3014 3008 3011 3021 3007 2989 3022 3021 3013 3034 3014 3011 3009 3017
3001 2993 3006 2998 2998 3002 2996 3010 3009 2997 2995 2992 2995 3003 3010 3005 3007 3003 3005 3000 3013 3011 3021 3041 3056 3076 3096 3107 3089 3104 3111 3109 3098 3092 3093 3104 3100 3096 3101 3112 3096 3095 3108 3096 3097 3099 3092 3083 3059 3037 3020 3026 3017 3011 3003 3019 3005 3013 3017 3022 3021 3026 3013 3021
2991 2991 2999 3014 3011 2992 2985 3004 3015 3008 2995 3003 2998 3013 3020 3011 3014 3009 2996 3023 3025 3029 3033 3048 3080 3091 3095 3085 3096 3108 3098 3104 3089 3103 3101 3101 3107 3096 3117 3115 3094 3098 3113 3113 3107 3094 3106 3092 3058 3046 3048 3029 3030 3018 3022 3028 3017 3039 3009 3017 3024 3041 3021 3010
2987 3004 2996 2994 2985 3006 3008 3021 3026 3010 3018 3013 3009 3015 3015 3005 3020 3017 3023 3035 3049 3055 3059 3073 3090 3094 3110 3096 3094 3100 3096 3095 3090 3108 3106 3106 3104 3099 3104 3102 3094 3099 3105 3100 3111 3106 3095 3087 3088 3054 3041 3040 3028 3021 3040 3043 3042 3035 3025 3030 3035 3047 3037 3030
2987 3000 2994 3001 2988 3009 3007 3010 3019 3026 3001 3029 3022 3015 3026 3011 3020 3020 3033 3051 3060 3068 3095 3090 3098 3110 3099 3112 3098 3094 3093 3096 3106 3106 3107 3117 3108 3108 3109 3089 3101 3112 3107 3103 3108 3121 3102 3093 3097 3078 3047 3036 3031 3047 3046 3055 3054 3037 3038 3039 3043 3037 3035 3045
2998 2993 2992 2997 2997 3005 3004 3019 3015 3024 3033 3025 3031 3031 3027 3036 3036 3052 3052 3054 3074 3081 3094 3080 3096 3100 3095 3105 3102 3096 3091 3099 3107 3102 3104 3102 3105 3112 3107 3100 3095 3103 3103 3092 3089 3094 3096 3096 3090 3078 3072 3054 3056 3049 3063 3060 3061 3045 3044 3047 3045 3056 3043 3053
3027 3003 2987 2990 3001 3005 3014 3016 3030 3028 3037 3038 3034 3023 3042 3061 3052 3048 3065 3074 3077 3083 3084 3091 3107 3103 3098 3086 3091 3098 3087 3087 3089 3097 3093 3113 3108 3092 3107 3089 3101 3108 3102 3095 3094 3109 3101 3106 3092 3108 3089 3068 3064 3059 3053 3076 3081 3072 3066 3059 3058 3052 3063 3068
2985 3018 3003 3012 3011 3017 3012 3032 3034 3037 3043 3058 3053 3065 3053 3061 3063 3058 3063 3062 3060 3084 3082 3090 3092 3091 3096 3092 3100 3109 3096 3095 3096 3091 3101 3096 3092 3099 3106 3098 3105 3102 3105 3087 3091 3096 3102 3094 3099 3095 3076 3071 3084 3075 3073 3075 3067 3077 3075 3056 3061 3074 3053 3078
3008 3021 3034 3034 3027 3041 3028 3039 3049 3037 3064 3065 3060 3075 3073 3068 3058 3067 3064 3060 3061 3074 3086 3093 3089 3095 3099 3101 3107 3099 3094 3097 3100 3090 3078 3095 3097 3102 3104 3101 3108 3095 3091 3103 3104 3112 3097 3107 3106 3094 3092 3076 3080 3084 3065 3084 3076 3074 3075 3071 3065 3080 3079 3092
