3062 3053 3045 3054 3060 3051 3044 3056 3077 3069 3056 3047 3027 3030 3029 3044 3047 3026 3027 3018 3014 3026 3025 3019 3025 3020 3018 3020 3027 3022 3017 3011 3025 3013 3003 3018 3010 3015 3011 3008 3007 3011 3014 3018 3020 3008 3011 3027 3020 3011 3011 3014 2998 2995 3012 3022 2997 3014 3009 3007 2994 2983 2988 3003
3059 3051 3057 3051 3036 3031 3062 3047 3062 3051 3060 3042 3025 3030 3030 3026 3028 3013 3020 3021 3023 3015 3013 3021 3023 3019 3018 3028 3015 3011 3010 3017 3008 2999 3012 3022 3021 3019 3010 3003 3006 3007 3007 3023 3006 3020 3009 3021 3003 3018 3017 3005 3017 3001 3020 3013 3007 3006 3003 3003 3008 2997 3006 2994
3057 3052 3047 3036 3038 3046 3055 3047 3031 3057 3039 3039 3023 3035 3046 3038 3028 3015 3022 3006 3021 3027 3023 3023 3018 3007 3007 3013 3014 3007 3006 3012 3004 3002 3003 3021 3019 3010 3008 3011 3012 3014 3028 3018 3015 3034 3017 3019 3015 3003 3007 3009 3012 3018 3018 3009 3009 2996 2997 3001 3004 3002 3001 2990
3047 3045 3055 3043 3035 3045 3050 3048 3033 3029 3037 3035 3028 3032 3024 3027 3025 3015 3004 3026 3031 3022 3023 3027 3018 3027 3037 3014 3014 3008 3025 3007 3010 2999 3012 3008 3021 3012 3013 3006 3035 3014 3014 3023 3014 3025 3015 3009 3008 3016 3018 3007 3012 3013 3006 3013 3009 3000 3001 2993 2996 3006 2998 3006
3039 3048 3042 3034 3037 3048 3054 3050 3047 3033 3038 3028 3028 3033 3018 3025 3032 3028 3019 3014 3020 3013 3014 3027 3021 3019 3026 3017 3028 3020 3033 3019 3019 3010 3010 3004 3017 3013 3024 3018 3029 3035 3024 3008 3017 3028 3025 3017 3015 3023 3014 3007 3015 3019 3016 3011 3013 3003 3008 3011 3006 2987 2999 3023
3034 3037 3056 3043 3046 3042 3050 3036 3036 3050 3027 3031 3035 3033 3039 3026 3041 3020 3026 3024 3015 3024 3010 3000 3007 3019 3030 3018 3020 3026 3023 3022 3007 3023 3032 3024 3017 3039 3012 3023 3024 3029 3017 3030 3040 3035 3024 3034 3032 3010 3027 3002 3016 3014 3012 3016 3005 3008 3029 3015 3000 2988 3008 3007
3028 3036 3037 3031 3039 3040 3034 3052 3038 3045 3030 3040 3037 3030 3021 3003 3015 3020 3029 3027 3007 3021 3015 3008 3010 3023 3009 3013 3026 3010 3020 3030 3012 3009 3022 3021 3024 3039 3040 3041 3039 3031 3033 3032 3042 3038 3035 3043 3025 3027 3013 3009 3010 3014 3016 3006 3002 3022 3008 3019 3019 3002 3018 3027
3010 3004 3009 3020 3022 2997 3018 3005 3021 3012 3008 3014 3008 3011 3017 3007 3005 3020 3019 3018 3025 3023 3011 3016 3025 3016 3022 3014 3010 3025 3017 3016 3010 3017 3018 3027 3029 3033 3031 3040 3035 3039 3033 3028 3025 3037 3028 3037 3016 3012 3025 3014 3018 3011 3010 3011 3008 3014 3007 3006 3008 3003 3020 3006
2984 2974 2991 2972 2973 2976 2983 2971 2989 3002 2986 2989 2982 3002 3015 3006 2996 3001 3023 3021 3011 2999 3022 3016 3021 3016 3026 3011 3005 3010 3005 3004 3002 3011 3015 3034 3026 3034 3036 3032 3037 3029 3033 3028 3025 3033 3017 3035 3022 3020 3034 3033 3022 3023 3018 3020 3006 3005 3000 2996 2997 3017 2998 3001
2977 2975 2980 2980 2981 2977 2985 2970 2985 2988 2987 2977 2991 2992 3000 2992 2988 3000 2993 3007 2988 3003 3004 3005 3001 3011 3017 3012 3003 3019 3013 2999 3018 3020 3013 3020 3027 3033 3020 3033 3030 3015 3020 3023 3023 3025 3044 3034 3034 3024 3038 3020 3034 3023 3019 3005 3012 3011 3011 3017 3011 3024 3010 2995
2983 2984 2982 2990 2995 2983 2969 2975 2986 3006 2984 2984 2978 2984 2993 2988 2969 2982 2995 2981 2993 2988 2983 2995 2990 3001 3023 3024 3005 3015 3018 3006 3013 3024 3022 3028 3036 3040 3033 3026 3041 3031 3031 3022 3022 3034 3034 3035 3038 3035 3031 3035 3042 3027 3010 3008 3016 3008 3024 3025 3020 3029 3005 2988
2974 2965 2982 2978 2998 2976 2972 2991 2984 2988 2988 2990 2984 2992 2974 2986 2992 2984 2981 2983 2981 2984 2989 2994 2992 2988 3022 3018 3037 3025 3020 3022 3023 3032 3023 3025 3025 3029 3032 3035 3025 3034 3038 3040 3044 3037 3038 3042 3039 3034 3040 3036 3036 3030 3012 3018 3008 3010 3019 3030 3024 3033 3019 2990
2957 2989 2982 2979 2974 2972 2989 2985 2986 2972 2984 2976 2976 2986 2996 2997 3000 2979 2976 2985 2992 3012 2996 2999 2991 3007 3034 3012 3033 3026 3017 3017 3043 3041 3034 3039 3024 3025 3028 3040 3051 3031 3035 3035 3034 3047 3059 3045 3039 3044 3036 3046 3029 3040 3026 3012 3009 2996 3017 3008 3031 3032 3012 3012
2956 2950 2980 2970 2977 3000 2985 2969 2965 2969 2989 2985 2985 2983 2986 2983 2990 2980 2985 2987 2988 2991 2995 2992 3007 3007 3024 3010 3008 3016 3016 3027 3038 3025 3025 3034 3025 3023 3031 3043 3026 3043 3037 3037 3038 3053 3050 3042 3041 3044 3044 3042 3020 3034 3025 3043 3015 3013 3018 3033 3022 3036 3009 3006
2964 2969 2990 2970 2983 2982 2980 2964 2964 2980 2971 2979 2987 2988 2978 2967 2979 2986 2978 2973 2971 2985 2991 2990 3000 3014 3020 3012 3015 3019 3023 3024 3037 3033 3027 3024 3032 3051 3039 3034 3024 3038 3026 3035 3050 3056 3062 3056 3060 3059 3044 3039 3035 3036 3044 3027 3028 3017 3022 3032 3035 3040 3021 3015
2981 2971 2977 2978 2977 2980 2974 2973 2958 2982 2979 2988 2986 2969 2989 2982 2982 2978 2969 2985 2992 2982 2991 2988 3018 3007 3010 3033 3035 3034 3015 3024 3025 3042 3047 3045 3054 3054 3033 3040 3024 3027 3033 3038 3048 3062 3045 3065 3066 3058 3046 3050 3031 3033 3049 3048 3026 3016 3022 3022 3034 3028 3023 3021
2978 2980 2974 2983 2985 2987 2995 2975 2982 2988 2984 3002 3005 2996 3002 2982 2982 2984 2979 2979 2998 2997 2991 3002 2997 3008 3028 3029 3015 3017 3021 3039 3034 3026 3028 3038 3047 3042 3029 3032 3022 3020 3016 3025 3046 3052 3057 3053 3065 3047 3048 3043 3046 3032 3031 3040 3008 3013 3021 3016 3030 3027 3023 3021
2985 2992 2990 2986 2984 2991 2995 2987 2994 2978 2986 2997 3011 3003 3003 2995 2984 2975 2991 2985 2993 2998 2987 3002 3022 3014 3041 3018 3013 3030 3012 3033 3042 3040 3049 3049 3036 3031 3036 3029 3035 3019 3031 3032 3050 3061 3073 3057 3059 3050 3049 3057 3045 3041 3035 3039 3035 3019 3031 3012 3037 3029 3014 3020
2991 2989 2982 2983 2981 2993 2985 2976 2991 2984 2990 2993 3011 2999 3003 3000 2994 2990 3003 3003 3000 2994 3008 3004 3002 3013 3031 3027 3027 3030 3019 3027 3041 3036 3047 3048 3035 3030 3023 3031 3045 3033 3044 3042 3045 3061 3064 3073 3049 3059 3055 3054 3046 3041 3036 3054 3037 3032 3033 3038 3025 3013 3021 3019
2993 2993 2998 2991 2990 2984 3007 2987 2997 2996 2997 2992 3002 3003 3000 2995 2989 2994 2984 2991 2990 2988 2984 3006 2998 3006 3034 3027 3029 3021 3030 3030 3037 3025 3050 3034 3034 3033 3034 3040 3027 3035 3038 3036 3059 3077 3053 3049 3056 3051 3067 3047 3051 3040 3046 3045 3052 3041 3039 3037 3038 3033 3034 3018
2998 3004 3004 2994 2993 2997 3008 3002 2985 3000 2990 3007 3006 3001 2994 3002 2996 2988 2989 2998 3010 2996 2994 2993 2980 3009 3029 3018 3025 3029 3048 3019 3038 3030 3023 3022 3036 3043 3033 3049 3027 3030 3044 3051 3071 3069 3072 3058 3064 3059 3053 3047 3042 3048 3040 3056 3046 3040 3021 3037 3019 3036 3024 3024
2996 3002 2999 2999 3008 3013 3001 2990 2997 2989 2986 2993 2998 3001 3000 2993 2998 2999 2987 2999 2996 2991 2986 2989 2991 3010 3019 3041 3033 3043 3037 3045 3026 3044 3029 3030 3029 3041 3047 3047 3045 3046 3040 3063 3069 3079 3072 3069 3069 3051 3050 3043 3049 3051 3038 3056 3056 3054 3035 3018 3036 3041 3026 3020
3000 3000 3000 2993 3005 2995 2982 2993 3001 2982 2984 2988 2995 2989 2989 2996 2996 2986 2978 2988 2996 2992 2991 2994 2988 2999 3012 3022 3036 3032 3029 3026 3031 3040 3035 3045 3035 3056 3052 3038 3046 3048 3054 3067 3066 3078 3071 3067 3059 3054 3054 3046 3044 3046 3060 3059 3046 3044 3028 3034 3025 3020 3026 3020
2994 2994 2998 2984 2992 2999 2985 2985 2999 2992 2991 2996 3005 2983 3001 2991 2979 2990 3005 2988 2993 3000 2994 2991 3006 2995 3012 3035 3036 3042 3038 3039 3043 3035 3042 3060 3053 3064 3046 3042 3051 3055 3069 3075 3069 3067 3074 3076 3064 3050 3062 3051 3063 3073 3071 3063 3055 3046 3038 3028 3022 3021 3016 3008
2998 2993 2993 2998 3003 2989 2991 2985 3011 3003 2991 2997 3014 2995 3021 3000 2997 3003 2998 2986 2983 2989 2981 3005 2996 3001 3011 3030 3038 3049 3067 3051 3052 3052 3048 3048 3072 3072 3053 3054 3067 3068 3064 3071 3067 3073 3068 3075 3068 3068 3071 3059 3075 3077 3079 3071 3064 3049 3033 3051 3029 3021 3020 3013
3000 3000 2998 3000 3008 2990 2991 2993 2996 3004 2996 3010 3003 3002 3008 2996 2997 3004 2989 2988 3001 2984 2993 2999 2994 3019 3015 3026 3041 3057 3065 3059 3060 3068 3070 3072 3078 3078 3073 3067 3071 3074 3077 3075 3078 3076 3075 3091 3070 3079 3082 3074 3084 3082 3084 3064 3052 3055 3030 3031 3034 3027 3009 3000
3011 2999 2994 3001 3002 3002 2999 2994 3010 2992 2984 2998 2999 2988 2990 3002 2987 2998 2994 2997 2991 2996 3002 3001 3003 3006 3023 3028 3049 3060 3061 3071 3076 3086 3090 3095 3086 3091 3079 3088 3084 3082 3086 3094 3091 3090 3087 3101 3092 3073 3097 3092 3090 3098 3087 3067 3062 3043 3033 3035 3025 3036 3017 3016
3008 3001 3003 2999 3001 3000 2998 2995 3007 2996 2997 3001 2992 2998 2999 2997 3011 3001 2996 2983 2984 2999 2992 2997 3016 3007 3021 3032 3046 3058 3069 3073 3080 3082 3075 3084 3076 3090 3080 3072 3079 3097 3091 3088 3103 3097 3090 3103 3086 3080 3095 3078 3096 3097 3081 3070 3053 3024 3040 3032 3035 3022 3015 3017
3001 2994 3000 2988 3002 3003 3004 2994 2979 3004 3002 2999 2987 3000 3000 2998 3002 2978 2988 2988 2992 2999 2997 2999 3000 3001 3009 3020 3070 3072 3089 3069 3071 3065 3073 3082 3076 3076 3094 3088 3091 3092 3090 3101 3096 3083 3084 3096 3104 3079 3081 3085 3080 3092 3084 3074 3058 3030 3036 3036 3023 3015 3018 3016
3005 2994 2991 2993 2998 2994 3003 3001 2995 2997 2997 2987 2987 2997 2995 3012 2992 3005 2992 2993 2988 3002 2997 3017 3001 3009 3011 3027 3051 3058 3065 3067 3064 3055 3067 3066 3080 3085 3100 3085 3085 3080 3096 3088 3083 3094 3096 3090 3089 3088 3079 3087 3083 3081 3092 3084 3060 3029 3020 3028 3020 3011 2997 3008
2983 2994 2993 2998 3012 2996 2991 2982 3000 3013 2992 2992 3004 3002 3021 3013 3000 2992 2995 3003 2990 2994 2993 2991 3003 3012 3011 3018 3033 3065 3073 3074 3066 3075 3078 3072 3072 3086 3084 3079 3086 3090 3085 3085 3091 3084 3087 3086 3095 3083 3069 3067 3085 3084 3091 3082 3052 3038 3029 3023 3014 3006 3020 3018
3003 2997 3006 3000 3007 2998 3003 2990 3002 3006 2999 3001 3005 3004 2991 3009 3001 2998 2992 3008 3000 2976 2989 3000 2997 3000 3001 3020 3042 3049 3067 3080 3081 3075 3089 3090 3085 3079 3089 3071 3084 3087 3084 3087 3083 3093 3081 3098 3086 3079 3088 3079 3084 3084 3090 3079 3061 3040 3034 3022 3017 3006 3020 3017
2994 3008 3008 3002 3002 3008 2998 2997 3008 3000 3003 2997 2999 3000 3007 3004 2996 2998 3008 3001 2997 2982 3000 2994 3001 2993 3003 3018 3042 3046 3063 3073 3084 3070 3072 3072 3068 3084 3073 3091 3072 3084 3079 3094 3084 3077 3087 3088 3080 3090 3076 3088 3076 3089 3083 3084 3057 3036 3024 3024 3015 3024 3009 3000
3000 3001 3004 3012 3009 3009 3002 3007 2996 2987 3003 2993 2997 2999 2988 3000 2999 3006 2997 3010 2997 2986 3006 2990 2999 2992 2997 3023 3039 3045 3059 3071 3071 3088 3082 3090 3077 3081 3083 3083 3099 3078 3088 3090 3098 3079 3089 3084 3089 3078 3087 3082 3078 3074 3084 3077 3055 3050 3029 3012 3017 3032 3015 3012
2992 3005 3005 3013 3011 3008 2988 2993 2998 2992 2991 2974 2997 3004 2984 3000 3003 3000 3001 2996 2987 2984 3010 3012 2996 3007 3001 3006 3032 3039 3050 3057 3076 3072 3067 3070 3070 3090 3085 3079 3091 3074 3091 3086 3092 3086 3088 3075 3072 3077 3090 3095 3090 3078 3075 3066 3049 3048 3024 3006 3020 3007 3014 2990
2991 2989 2994 2989 2996 3002 2996 2989 2989 2976 2992 2985 2988 3002 2988 2989 2999 3002 2987 3004 3008 2993 2996 3003 3007 3013 3013 3008 3013 3021 3040 3057 3065 3077 3079 3077 3087 3087 3075 3065 3069 3075 3078 3088 3094 3091 3091 3084 3073 3071 3078 3089 3075 3091 3075 3054 3051 3037 3028 3013 3008 3014 3019 3003
2992 2991 3002 3001 2998 3005 2996 2985 2994 3004 2993 2984 3000 2993 2986 2997 3004 2993 2994 2992 3006 2992 3000 2991 2987 3004 2993 3005 2999 3013 3028 3048 3057 3069 3077 3088 3070 3077 3065 3077 3074 3080 3081 3088 3091 3089 3099 3081 3085 3095 3077 3086 3075 3074 3074 3075 3045 3037 3020 3028 3016 3011 3008 3020
3001 3009 3004 3002 3000 2988 2982 2991 2980 2986 2987 2992 3009 3001 2998 2999 2992 2987 2992 2997 2998 2995 2994 3000 2995 2993 3005 2993 3008 3006 3014 3030 3047 3067 3073 3082 3071 3075 3066 3081 3068 3084 3077 3101 3090 3080 3088 3094 3091 3083 3087 3074 3068 3072 3075 3073 3045 3022 3018 3022 3013 3024 3011 3017
3001 2986 2996 2998 2998 2986 2975 2994 2987 3002 2991 2995 3003 3003 3001 3003 2993 3007 2993 2996 2998 3001 3004 3006 3009 2996 3004 3005 2989 2990 2997 3018 3038 3053 3065 3067 3074 3070 3072 3078 3080 3078 3082 3079 3078 3088 3081 3100 3083 3087 3085 3084 3075 3075 3076 3072 3046 3021 3043 3022 3010 3030 3013 3010
2992 3003 3000 3007 3003 2982 2981 2984 2975 2986 3004 2998 2988 2996 2992 2999 3003 2987 2980 2993 2998 2985 3024 3015 3006 3016 3009 3000 2992 2998 3003 3000 3031 3051 3068 3067 3071 3072 3091 3079 3067 3071 3081 3105 3090 3090 3090 3085 3093 3096 3078 3086 3080 3080 3066 3067 3046 3035 3020 3018 3022 3012 3016 3018
3002 2996 3002 2989 2999 2987 2988 2986 2969 2975 2991 2986 3000 2996 2993 2979 3003 3000 3000 3007 3003 3013 3021 3023 3028 3012 3004 3000 2992 2995 3000 3010 3039 3042 3061 3071 3060 3065 3071 3078 3068 3089 3083 3087 3072 3091 3086 3090 3088 3086 3087 3088 3079 3078 3064 3057 3041 3051 3040 3043 3024 3018 3015 3009
2990 2998 3001 3005 3002 2992 2974 2980 2987 2971 2996 2991 2993 2990 2992 2993 2993 3008 2994 3009 3015 3013 3024 3031 3013 3006 2992 2999 2987 2994 3004 2994 3029 3044 3049 3068 3065 3065 3071 3064 3083 3086 3082 3076 3083 3081 3082 3086 3088 3096 3094 3096 3086 3080 3079 3061 3049 3045 3054 3047 3033 3014 3010 3022
2994 2994 2996 2981 2982 3002 2979 2981 2990 2983 2984 2974 2991 2994 2988 2991 2990 3004 2993 3002 3009 3025 3021 3021 3004 3014 3003 2998 3012 3014 3006 3014 3028 3048 3052 3054 3062 3067 3077 3084 3077 3079 3083 3090 3077 3080 3110 3083 3078 3075 3085 3076 3072 3066 3046 3040 3041 3060 3033 3047 3026 3025 3028 3015
2990 3010 3000 2991 2997 2991 2991 2982 2985 2989 2981 2991 2996 2990 2988 2996 2993 2995 2993 3007 3017 3008 3028 3016 3014 3024 3005 3004 3006 3021 3009 3026 3027 3050 3056 3070 3060 3075 3084 3063 3085 3086 3088 3082 3095 3090 3087 3091 3071 3076 3089 3075 3083 3065 3048 3036 3032 3043 3046 3058 3038 3033 3020 3028
2989 2994 2999 2986 2982 2998 2998 2982 2975 3004 2994 2987 3001 2998 2995 2997 3004 3008 2995 3006 3028 3036 3036 3045 3027 3023 3016 3004 3006 3006 3005 3013 3023 3061 3067 3063 3080 3081 3064 3089 3072 3079 3085 3081 3097 3098 3087 3082 3089 3084 3084 3071 3062 3047 3041 3025 3035 3039 3049 3050 3033 3044 3036 3017
2995 3008 2984 2994 2988 2991 2985 2998 2989 2991 2996 3000 3002 2998 2986 3016 3013 3026 3006 3026 3048 3045 3053 3040 3030 3025 3005 2998 3017 3012 3021 3023 3024 3057 3069 3079 3078 3073 3067 3086 3081 3072 3085 3093 3099 3082 3100 3085 3083 3088 3084 3076 3055 3050 3040 3031 3026 3042 3045 3051 3038 3037 3018 3008
2983 2975 2997 2988 2995 2996 2990 2993 2992 2999 3006 3013 3000 2993 3002 2999 3018 3029 3016 3024 3038 3045 3041 3030 3032 3032 3015 3021 3000 3015 3008 3031 3038 3046 3072 3071 3085 3088 3085 3086 3081 3094 3095 3085 3091 3088 3086 3079 3081 3082 3080 3075 3051 3031 3030 3020 3040 3026 3038 3044 3025 3034 3034 3023
2980 2997 2977 2988 2991 2976 2989 2992 2992 2997 2997 2996 3006 3003 3014 3013 3031 3027 3028 3014 3024 3027 3036 3031 3025 3018 3006 3020 3003 3011 3025 3024 3045 3040 3070 3085 3086 3095 3078 3075 3104 3086 3093 3096 3079 3075 3098 3073 3093 3088 3076 3066 3045 3029 3015 3010 3021 3028 3034 3024 3034 3025 3018 3023
2993 2994 3001 3000 3013 3001 2992 2997 3008 3000 3007 2998 3003 3009 3015 3025 3012 3024 3031 3022 3040 3035 3030 3029 3036 3035 3017 3022 3013 3010 3021 3026 3044 3065 3077 3087 3081 3100 3083 3077 3079 3081 3090 3095 3093 3085 3074 3075 3091 3077 3071 3061 3030 3021 3028 3021 3021 3026 3022 3014 3021 3018 3022 3026
2989 2991 2995 3000 3006 3011 2995 3018 3012 3007 2998 3006 3013 3020 3001 3019 3021 3016 3028 3027 3025 3042 3043 3043 3046 3031 3029 3025 3013 3020 3032 3026 3049 3061 3084 3075 3099 3090 3096 3086 3082 3085 3096 3093 3081 3087 3059 3076 3076 3072 3061 3050 3035 3016 3018 3030 3011 3016 3004 3006 3012 3021 3016 3009
2989 3001 2998 3000 2995 3004 2986 2994 2990 3004 2994 3016 3011 3013 3018 3016 2995 2999 3018 3029 3031 3025 3039 3036 3038 3036 3034 3019 3013 3021 3045 3038 3052 3069 3080 3094 3083 3089 3097 3091 3084 3073 3085 3091 3096 3078 3074 3065 3079 3063 3055 3051 3037 3019 3010 3026 3022 3010 3022 3021 3018 3023 3021 3022
2996 2995 2991 3012 3005 3004 2992 2985 2985 2997 3005 2998 3013 3008 3003 3015 2994 3013 3007 3022 3029 3032 3031 3027 3030 3039 3040 3018 3024 3026 3033 3046 3056 3076 3083 3087 3096 3085 3090 3079 3078 3082 3078 3094 3076 3089 3071 3086 3077 3080 3059 3037 3047 3031 3026 3019 3028 3029 3016 3016 3021 3024 3011 3021
3001 3001 2993 3007 3007 3008 2977 2998 3017 3007 2990 3003 3023 3011 3000 3004 3006 2995 3013 3029 3027 3041 3031 3047 3025 3036 3047 3039 3034 3031 3043 3048 3080 3090 3086 3083 3088 3081 3075 3090 3076 3080 3088 3085 3082 3084 3078 3072 3083 3078 3087 3079 3053 3038 3038 3040 3044 3030 3021 3014 3038 3035 3040 3032
2997 2993 3002 2996 3004 3002 2992 3005 3012 3000 3005 3011 3013 3010 3007 3017 2988 3012 3014 3025 3044 3040 3027 3026 3043 3044 3062 3048 3031 3042 3054 3069 3075 3079 3083 3077 3084 3089 3087 3102 3081 3090 3093 3080 3078 3085 3077 3080 3081 3085 3081 3088 3060 3052 3047 3059 3050 3044 3026 3025 3041 3068 3048 3038
2998 3004 2997 3004 3009 3003 3001 2994 2992 3002 2996 2996 3005 3017 2993 3013 3020 3023 3023 3023 3038 3041 3025 3033 3052 3051 3043 3056 3048 3057 3061 3067 3070 3085 3081 3083 3082 3080 3076 3088 3076 3082 3079 3081 3082 3081 3087 3072 3077 3070 3079 3066 3080 3060 3052 3053 3058 3051 3043 3026 3047 3065 3059 3049
3005 3001 2984 2993 2997 2996 2999 2991 2983 2991 3001 3001 3004 3006 3014 3007 3009 3015 3010 3011 3036 3032 3024 3037 3038 3045 3056 3041 3050 3046 3069 3068 3075 3084 3098 3085 3091 3074 3076 3072 3092 3094 3082 3084 3078 3090 3085 3087 3077 3076 3092 3062 3072 3064 3062 3050 3051 3044 3043 3042 3052 3055 3049 3052
3010 3007 2985 3009 2999 2997 2996 2986 2990 2996 3003 2999 3007 3016 3010 3020 3032 3025 3026 3040 3042 3047 3037 3055 3043 3055 3050 3058 3069 3069 3053 3061 3073 3081 3094 3073 3076 3081 3071 3079 3078 3087 3091 3074 3068 3086 3069 3073 3073 3063 3063 3070 3068 3081 3070 3082 3053 3061 3058 3056 3057 3061 3044 3061
3023 3010 3002 2996 3015 3012 2999 3013 3013 3006 2995 2998 3018 3026 3032 3032 3033 3048 3051 3057 3055 3057 3064 3067 3062 3057 3067 3053 3070 3063 3055 3070 3073 3082 3098 3073 3081 3090 3099 3082 3087 3086 3077 3068 3086 3095 3076 3060 3063 3063 3061 3062 3053 3052 3067 3074 3055 3065 3067 3068 3058 3060 3067 3078
2997 3004 2992 3006 3001 2992 2991 3002 3001 3016 3005 3012 3021 3038 3045 3041 3062 3057 3068 3047 3070 3050 3076 3056 3063 3061 3065 3071 3053 3069 3067 3072 3060 3075 3076 3086 3081 3083 3081 3078 3089 3073 3074 3074 3069 3088 3061 3054 3053 3058 3060 3048 3052 3054 3066 3064 3061 3058 3061 3060 3060 3060 3058 3067
2986 2999 3003 2996 3001 2995 3008 2995 2998 3015 3010 3028 3033 3052 3060 3059 3077 3085 3067 3064 3072 3069 3060 3059 3078 3074 3074 3062 3066 3060 3066 3070 3060 3072 3063 3081 3073 3082 3079 3081 3067 3065 3075 3081 3087 3087 3061 3050 3058 3048 3062 3060 3049 3037 3033 3060 3048 3052 3063 3059 3045 3065 3046 3058
2989 2997 2997 3004 3004 3014 3016 3013 3006 3017 3022 3025 3047 3062 3058 3061 3065 3073 3065 3071 3070 3068 3065 3061 3077 3070 3056 3070 3055 3061 3078 3075 3069 3058 3077 3072 3053 3068 3072 3081 3080 3078 3064 3073 3073 3072 3061 3056 3065 3057 3077 3067 3064 3051 3067 3064 3070 3072 3070 3068 3077 3068 3071 3070
2983 2991 2991 3003 2987 3006 3013 3029 3026 3034 3042 3058 3064 3058 3068 3074 3061 3058 3060 3053 3073 3069 3058 3071 3086 3076 3058 3053 3059 3068 3071 3070 3079 3072 3062 3073 3062 3048 3064 3077 3076 3061 3079 3067 3067 3069 3059 3049 3047 3057 3049 3070 3080 3066 3075 3079 3063 3078 3082 3097 3076 3067 3068 3074
3001 2994 2986 2992 3021 3011 3001 3022 3019 3038 3063 3055 3036 3071 3066 3059 3062 3059 3070 3043 3065 3065 3071 3078 3076 3066 3063 3067 3071 3067 3071 3081 3061 3066 3073 3078 3059 3051 3060 3065 3058 3084 3057 3058 3070 3066 3061 3057 3051 3055 3061 3067 3065 3072 3073 3070 3076 3070 3063 3082 3077 3061 3074 3067
2982 2991 2995 3001 3024 3024 3004 3020 3041 3041 3049 3065 3048 3079 3064 3062 3062 3064 3057 3062 3060 3069 3064 3065 3069 3069 3067 3070 3075 3072 3081 3074 3080 3066 3064 3074 3071 3070 3072 3064 3067 3072 3059 3056 3071 3075 3043 3049 3059 3067 3056 3056 3091 3056 3075 3067 3084 3065 3085 3083 3059 3068 3058 3070
