3064 3067 3060 3040 3045 3058 3047 3060 3053 3048 3050 3055 3051 3066 3054 3043 3034 3045 3045 3040 3043 3036 3024 3042 3032 3028 3042 3025 3042 3045 3024 3017 3014 3029 3037 3029 3037 3021 3018 3030 3034 3027 3031 3031 3022 3010 3003 2999 3001 3000 3014 3021 3017 3004 3013 3011 3018 3012 3011 3011 3004 3005 2991 3000
3060 3067 3055 3048 3045 3058 3053 3044 3041 3042 3035 3049 3034 3050 3044 3039 3058 3046 3028 3032 3019 3037 3037 3028 3026 3040 3034 3026 3032 3038 3038 3039 3028 3030 3031 3032 3035 3028 3018 3022 3044 3041 3033 3021 3031 3014 3016 3002 3004 3015 3024 3008 3012 3017 3021 3005 3009 3017 3011 3012 3010 2998 3010 3007
3062 3048 3057 3056 3039 3058 3055 3053 3039 3021 3044 3047 3034 3039 3037 3039 3038 3042 3040 3043 3026 3038 3017 3031 3035 3041 3013 3030 3030 3033 3042 3047 3035 3034 3027 3034 3029 3031 3037 3018 3031 3021 3031 3024 3028 3024 3000 3012 3020 3036 3006 3022 3008 3019 3014 3003 3001 3009 3010 3026 3013 3018 3001 3008
3067 3068 3045 3044 3036 3057 3048 3057 3035 3046 3049 3038 3048 3037 3024 3038 3034 3038 3047 3038 3032 3037 3030 3045 3037 3037 3029 3023 3037 3026 3044 3048 3047 3032 3037 3039 3036 3046 3055 3040 3033 3039 3041 3035 3020 3028 3014 3022 3020 3026 3021 3010 3022 3010 3008 3017 3012 3009 3014 3016 3008 3007 3014 3012
3072 3067 3043 3049 3043 3044 3052 3058 3049 3044 3055 3050 3060 3043 3035 3037 3037 3052 3043 3033 3046 3034 3043 3038 3020 3033 3033 3033 3022 3030 3044 3035 3045 3031 3032 3027 3037 3039 3039 3047 3051 3047 3040 3027 3030 3027 3031 3021 3032 3036 3024 3029 3022 2995 3016 3021 3023 3028 3016 3015 3006 3009 3024 3016
3056 3048 3043 3057 3049 3047 3045 3056 3047 3049 3066 3046 3060 3056 3044 3048 3055 3050 3047 3046 3033 3047 3046 3032 3032 3038 3037 3032 3035 3024 3039 3045 3049 3031 3046 3052 3046 3058 3044 3036 3049 3042 3039 3036 3049 3040 3037 3028 3050 3037 3023 3033 3022 3029 3029 3017 3027 3037 3031 3021 3017 3023 3010 3023
3044 3057 3036 3053 3051 3057 3041 3061 3037 3046 3051 3053 3046 3045 3035 3064 3057 3049 3054 3043 3046 3049 3046 3048 3046 3040 3037 3039 3051 3043 3036 3042 3044 3054 3048 3049 3053 3056 3051 3055 3040 3049 3042 3033 3044 3042 3048 3045 3043 3038 3041 3056 3031 3038 3020 3003 3009 3014 3028 3028 3028 3015 3016 3007
3012 3007 3035 3024 3022 3015 3017 3014 3015 3031 3031 3026 3020 3024 3024 3029 3024 3040 3031 3038 3016 3021 3026 3015 3025 3029 3027 3040 3045 3030 3035 3022 3033 3043 3050 3045 3056 3047 3034 3060 3038 3052 3041 3037 3053 3049 3042 3032 3035 3023 3040 3039 3040 3028 3021 3010 3015 3031 3015 3032 3027 3024 3039 3018
2988 2981 3004 2981 2988 2998 2983 2967 2977 2994 2999 2997 2991 3009 2996 2994 2996 2996 2989 3004 3010 2997 2991 2992 2986 3009 3012 3018 3015 3012 3012 3029 3033 3032 3052 3034 3038 3031 3049 3038 3032 3048 3045 3038 3029 3043 3030 3033 3031 3032 3026 3032 3038 3042 3033 3022 3030 3025 3022 3028 3030 3026 3034 3030
2977 2981 2997 2991 2972 2969 2983 2979 2987 2985 2999 2996 3000 2987 2992 2993 3004 2988 2976 2996 3006 3003 3009 3012 3014 3020 3016 3019 3007 3026 3021 3030 3036 3046 3046 3037 3045 3043 3065 3045 3062 3047 3051 3042 3029 3033 3030 3036 3021 3034 3031 3029 3036 3030 3029 3024 3033 3030 3028 3010 3039 3035 3035 3028
2964 2978 2996 2989 2987 2983 2995 2998 2989 2986 2982 2972 2998 2970 2996 2988 2991 2991 2989 2992 3006 3018 3015 3030 3021 3015 3029 3030 3020 3013 3033 3019 3039 3043 3060 3065 3057 3057 3054 3049 3052 3060 3054 3043 3045 3047 3044 3036 3053 3041 3031 3035 3033 3027 3041 3040 3026 3031 3041 3022 3021 3006 3017 3013
2955 2974 2972 2984 2984 2993 2987 2990 2982 2986 2972 2983 2983 2982 2988 2994 2988 2999 2988 3002 3013 3020 3020 3020 3030 3020 3028 3022 3027 3031 3030 3037 3041 3050 3045 3061 3058 3059 3048 3060 3039 3058 3058 3047 3053 3047 3034 3037 3041 3035 3038 3036 3032 3033 3033 3035 3024 3028 3027 3028 3023 3019 3022 3029
2954 2969 2969 2987 2984 2980 2999 2987 2983 2990 2978 3001 2987 2981 2980 2985 2994 2988 2998 3002 3006 3017 3031 3029 3009 3010 3034 3030 3039 3068 3051 3049 3051 3063 3052 3060 3056 3049 3061 3055 3048 3053 3041 3060 3052 3058 3049 3046 3043 3037 3048 3022 3027 3044 3030 3024 3027 3020 3022 3022 3022 3038 3021 3019
2980 2976 2979 2968 2977 2982 2994 2997 2994 3016 3005 2994 2976 2975 2977 2984 2991 2990 2996 3001 3005 3013 3029 3018 3017 3021 3035 3017 3045 3035 3054 3039 3068 3048 3071 3067 3059 3066 3065 3059 3051 3044 3049 3068 3080 3063 3055 3065 3056 3043 3041 3036 3033 3049 3029 3025 3020 3012 3017 3017 3024 3011 3014 3014
2983 2979 2966 2973 2967 2985 2992 2994 2992 3014 2998 3001 2979 2985 2978 2994 2998 3002 3001 2997 3010 3020 3034 3033 3018 3035 3031 3029 3041 3043 3042 3049 3051 3061 3068 3078 3082 3076 3067 3062 3061 3052 3073 3075 3087 3089 3079 3072 3078 3046 3057 3036 3022 3050 3038 3033 3036 3021 3024 3024 3007 3007 3017 3000
2984 2989 2977 2987 2990 2996 2997 3006 3006 3014 3004 3001 2996 2997 2989 2999 3005 3007 2993 3010 3008 3015 3023 3020 3027 3027 3024 3036 3034 3050 3029 3044 3056 3059 3076 3098 3085 3084 3079 3083 3077 3068 3068 3072 3072 3084 3090 3095 3071 3053 3064 3034 3060 3055 3038 3028 3028 3022 3027 3021 3015 3020 3023 3013
3001 2991 2990 2987 2986 2999 2993 2995 3013 3008 3014 2997 3010 2997 3010 3009 3018 3008 3005 3024 3031 3026 3014 3018 3019 3031 3022 3024 3031 3051 3048 3046 3059 3073 3091 3101 3087 3086 3078 3087 3091 3089 3078 3075 3065 3086 3089 3080 3071 3073 3072 3055 3049 3039 3039 3045 3033 3040 3028 3017 3029 3007 3018 3013
3002 2996 2995 3007 2996 2988 3003 2997 3015 3010 3009 3010 3005 3025 3009 3017 3007 3007 3017 3021 3020 3028 3019 3020 3016 3019 3022 3040 3030 3048 3046 3053 3073 3084 3081 3073 3088 3100 3092 3089 3081 3088 3081 3070 3083 3086 3082 3079 3080 3089 3077 3067 3041 3040 3049 3054 3038 3041 3036 3043 3020 3026 3024 3013
3011 3014 3016 2998 2990 2997 3005 3003 3018 3011 3006 3007 3019 3007 3013 3002 3012 3014 2999 3009 3026 3015 3022 3027 3031 3036 3040 3028 3037 3052 3057 3084 3074 3081 3090 3089 3089 3099 3081 3089 3091 3093 3095 3089 3108 3090 3093 3091 3089 3094 3062 3057 3047 3045 3053 3056 3049 3042 3047 3046 3040 3027 3032 3014
3007 3003 3002 3011 3003 2991 3006 3005 3007 3005 2996 3009 3014 3022 3000 3006 3022 3002 3003 3001 3013 3012 3021 3029 3037 3033 3029 3038 3040 3035 3048 3071 3074 3075 3090 3088 3109 3091 3085 3088 3080 3090 3089 3100 3091 3100 3085 3096 3091 3090 3077 3068 3059 3043 3049 3042 3058 3045 3048 3043 3040 3035 3036 3025
3006 2984 3009 2992 2999 3001 3006 2988 2997 2996 2988 2997 3006 3001 3008 3000 3015 3006 2998 3015 3019 3024 3033 3028 3026 3033 3033 3042 3044 3046 3065 3071 3068 3074 3082 3087 3094 3093 3093 3093 3079 3081 3080 3089 3090 3103 3088 3085 3083 3083 3077 3063 3051 3051 3052 3063 3049 3058 3039 3042 3034 3023 3030 3022
2988 2995 3004 2997 3006 3006 3005 2994 3004 3006 3010 3009 3003 3004 2994 3010 3000 3003 3008 3010 3025 3020 3027 3039 3038 3037 3043 3045 3051 3050 3066 3067 3077 3077 3086 3087 3090 3092 3098 3097 3094 3071 3080 3090 3092 3088 3087 3102 3091 3099 3071 3081 3077 3070 3073 3053 3053 3047 3056 3039 3022 3027 3013 3017
2997 3011 2995 3003 3007 3008 3012 3006 3022 3002 3013 3001 2999 3012 2999 3001 3000 3003 3020 3016 3026 3025 3031 3036 3020 3038 3037 3058 3044 3068 3076 3078 3096 3082 3095 3107 3072 3081 3091 3085 3092 3103 3100 3104 3084 3094 3102 3091 3113 3095 3087 3081 3083 3084 3063 3076 3055 3054 3050 3033 3039 3020 3020 3036
3010 3004 3004 3001 3018 3012 3001 3011 3000 3013 3007 2999 3001 3004 2994 2999 2991 3002 3007 3019 3022 3026 3031 3027 3034 3041 3048 3048 3050 3055 3067 3087 3084 3088 3086 3097 3092 3077 3093 3088 3096 3090 3088 3096 3091 3077 3089 3097 3087 3096 3095 3093 3084 3084 3078 3068 3056 3062 3050 3028 3036 3034 3021 3012
3007 2996 2983 3008 3012 3014 3000 3009 3010 3002 3002 3001 2999 3000 3007 3004 3018 3007 2995 3020 3011 3013 3020 3028 3028 3048 3043 3051 3059 3079 3079 3090 3083 3094 3094 3094 3081 3090 3097 3084 3096 3105 3094 3084 3074 3084 3084 3087 3093 3093 3090 3082 3088 3078 3073 3086 3074 3057 3036 3047 3041 3031 3018 3015
2999 3000 2991 3000 2999 2997 2996 2996 3006 3006 2998 2996 2992 3001 3006 3019 3008 3002 3011 3004 3004 3012 3019 3022 3033 3042 3050 3058 3068 3072 3068 3086 3080 3073 3088 3089 3093 3083 3082 3083 3090 3095 3094 3085 3090 3090 3085 3094 3075 3076 3075 3089 3088 3080 3079 3097 3067 3066 3051 3035 3023 3029 3018 3022
3007 3018 3004 2997 2990 3009 3011 3005 3011 3000 2997 2991 3007 2998 3000 3008 3009 3007 3005 3015 2996 3011 3009 3022 3035 3041 3058 3060 3076 3084 3074 3075 3067 3081 3076 3094 3073 3086 3084 3091 3095 3089 3094 3084 3090 3097 3088 3088 3093 3092 3078 3095 3084 3085 3085 3083 3066 3073 3038 3033 3020 3037 3026 3004
2994 3004 3004 3002 3001 3007 3012 3005 3002 3005 3013 3002 2990 3001 2994 3006 3010 3002 2999 3019 2998 3017 3014 3014 3037 3045 3057 3073 3080 3079 3080 3075 3086 3086 3077 3088 3083 3079 3083 3085 3092 3085 3084 3094 3086 3093 3083 3086 3083 3101 3086 3085 3081 3068 3074 3076 3077 3059 3048 3031 3031 3024 3014 3008
2996 3009 3004 3001 2996 3003 3043 3012 3012 2996 3006 3013 3009 3012 2995 2997 2985 3007 3002 3015 3025 3019 3016 3020 3031 3062 3063 3074 3084 3080 3075 3072 3083 3094 3076 3089 3076 3102 3093 3078 3086 3093 3092 3093 3106 3106 3097 3084 3088 3099 3081 3091 3069 3085 3084 3076 3067 3068 3056 3043 3038 3020 3016 3035
3005 2998 2997 2991 2991 2999 3008 3017 2988 3010 3004 3002 2998 3000 2994 3000 3007 3001 3012 3020 3011 3017 3017 3020 3039 3049 3065 3083 3079 3082 3072 3091 3087 3072 3082 3096 3089 3101 3090 3089 3087 3089 3083 3096 3081 3081 3083 3081 3088 3091 3089 3087 3096 3071 3087 3098 3058 3054 3059 3028 3043 3027 3032 3014
3009 3012 3000 2978 3018 3010 3001 3004 3004 2999 3016 2998 2992 3000 3004 2998 2994 3009 3009 3019 3011 3011 3011 3026 3046 3057 3079 3077 3080 3085 3066 3090 3086 3087 3085 3086 3089 3096 3092 3075 3092 3085 3093 3084 3097 3094 3074 3099 3088 3091 3086 3080 3078 3095 3095 3084 3086 3065 3038 3039 3031 3027 3018 3007
3010 3000 3002 2983 2997 3008 2991 2999 2992 3001 3012 3006 3000 3002 3009 3008 3011 3012 3015 3013 3014 3015 3015 3017 3039 3068 3075 3086 3077 3080 3086 3080 3087 3092 3082 3081 3076 3087 3091 3091 3092 3095 3096 3091 3084 3080 3087 3109 3079 3087 3077 3077 3096 3105 3090 3081 3064 3064 3049 3028 3024 3025 3018 3009
2988 2993 2998 2989 2999 2995 2997 2998 3005 2998 2998 2995 2985 3001 3009 3008 3019 3003 3018 3027 3016 3006 3024 3030 3037 3043 3056 3082 3074 3076 3068 3084 3082 3075 3078 3077 3069 3084 3097 3098 3091 3090 3088 3080 3096 3098 3081 3096 3098 3075 3081 3093 3086 3091 3083 3086 3073 3056 3030 3025 3020 3026 3014 2992
2990 2994 2993 2999 2991 2994 3013 3010 2994 3002 3014 3007 3004 3004 3009 3009 3005 3013 3012 3010 3008 3020 3018 3034 3031 3045 3049 3071 3070 3082 3078 3076 3087 3086 3082 3077 3079 3076 3093 3107 3099 3084 3078 3077 3079 3095 3095 3082 3071 3079 3082 3090 3091 3076 3083 3088 3068 3065 3041 3019 3022 3017 3011 3000
2996 2998 2992 3002 2999 2999 3018 3001 3018 3018 2994 2996 3021 3008 3020 2999 3008 3009 3006 3021 3008 2996 3011 3015 3026 3032 3047 3078 3077 3078 3088 3086 3079 3102 3079 3084 3093 3084 3086 3095 3101 3097 3082 3086 3090 3081 3084 3071 3073 3079 3099 3089 3078 3071 3077 3081 3062 3062 3039 3026 3007 3027 3023 3013
2998 2990 2997 3008 2998 2998 3003 3001 3008 2996 3015 3008 2997 3011 3018 3004 2999 3005 3011 3017 3011 2995 2991 3011 3014 3031 3054 3068 3072 3082 3089 3084 3082 3102 3074 3075 3092 3094 3092 3090 3090 3095 3091 3097 3077 3085 3082 3084 3083 3079 3079 3088 3084 3088 3075 3073 3058 3055 3044 3025 3032 3032 3014 3025
2988 3005 2995 3005 3000 3008 2997 3005 3007 2994 3003 2992 3000 3006 3007 3011 2997 2995 2997 3012 3010 3012 2998 3015 3015 3021 3045 3058 3060 3077 3076 3094 3089 3088 3077 3074 3074 3098 3101 3089 3085 3077 3076 3084 3076 3081 3071 3085 3083 3074 3085 3086 3078 3083 3069 3070 3060 3050 3051 3046 3022 3024 3026 3033
3001 3002 2996 2990 2992 2994 3004 3004 3008 3003 3002 3001 2995 3004 3002 2998 3009 3000 2998 3012 3011 3018 3011 3007 3008 3026 3038 3044 3069 3061 3077 3082 3091 3080 3079 3094 3076 3083 3101 3082 3084 3092 3084 3085 3081 3076 3078 3091 3090 3088 3089 3079 3075 3084 3077 3071 3058 3031 3039 3031 3025 3029 3014 3036
3002 3014 3001 3004 3002 3006 3007 3001 2997 3009 2996 3003 3021 2998 2999 3002 3018 2992 3005 3003 3010 3006 3011 3008 3008 3022 3033 3043 3054 3067 3073 3096 3083 3080 3085 3089 3071 3075 3089 3090 3093 3098 3083 3085 3079 3095 3092 3089 3092 3095 3088 3075 3094 3081 3074 3068 3059 3035 3018 3015 3027 3027 3030 3022
2992 3001 2995 2999 2998 3003 3007 3002 2996 3000 2989 3005 3007 3004 3002 2993 3008 3003 3009 3017 3014 3013 3015 3009 3018 3030 3020 3032 3048 3067 3088 3073 3083 3089 3070 3071 3075 3076 3089 3095 3074 3086 3087 3075 3089 3089 3081 3082 3087 3072 3081 3087 3084 3076 3081 3068 3066 3038 3032 3018 3027 3016 3007 3012
2990 2987 2997 3008 3020 3003 2999 2997 2998 3005 2998 3008 2998 3015 3013 3001 3004 2995 3009 3014 3003 3007 3001 3021 3014 3013 3006 3019 3041 3055 3076 3076 3073 3073 3075 3083 3074 3077 3085 3073 3094 3091 3073 3082 3085 3080 3084 3081 3094 3087 3086 3086 3079 3084 3076 3075 3050 3036 3032 3026 3034 3012 3018 3013
2989 2995 2993 3015 3015 3014 3000 3003 3006 3013 3006 3019 3003 3010 2988 3003 2999 2989 2999 3014 3016 3010 3020 3013 3012 3007 3002 3009 3022 3057 3070 3081 3079 3073 3073 3087 3084 3083 3074 3081 3100 3096 3090 3078 3077 3087 3094 3088 3080 3081 3100 3093 3098 3083 3069 3063 3044 3040 3041 3047 3040 3027 3036 3018
2984 3005 2990 2995 3019 3019 3010 3009 3008 3009 3003 3006 2990 3000 3005 3007 2991 3001 2992 3014 3016 3003 3004 3001 3005 2996 3006 3023 3026 3056 3063 3080 3084 3081 3068 3080 3084 3092 3083 3093 3079 3079 3077 3090 3088 3087 3076 3079 3089 3080 3093 3075 3091 3090 3072 3050 3046 3030 3044 3051 3041 3024 3027 3035
2970 2987 3000 3015 3023 3019 3009 2993 3007 2996 2999 3003 2996 2994 3016 2995 2997 2991 2989 3001 3015 3036 3013 3019 3012 3021 3009 3013 3028 3047 3060 3079 3090 3078 3072 3076 3087 3086 3095 3083 3081 3080 3088 3082 3074 3089 3090 3099 3086 3083 3080 3072 3078 3076 3084 3055 3057 3053 3048 3049 3048 3039 3028 3040
2990 3001 3007 3014 3014 3011 2998 3009 3006 3000 3000 2997 2994 2998 3004 3005 2986 2994 2985 3006 3016 3017 3027 3024 3021 3017 3019 3010 3013 3033 3052 3055 3082 3093 3072 3073 3086 3092 3079 3101 3088 3082 3098 3100 3085 3082 3090 3071 3084 3082 3096 3100 3088 3075 3065 3049 3048 3059 3056 3060 3043 3027 3036 3036
2993 2997 3012 3000 2998 2988 2982 2998 3004 2991 2996 3004 3000 2993 2996 2997 3005 2991 2988 3003 3006 3005 3021 3029 3030 3017 2999 3015 3013 3011 3041 3060 3072 3068 3076 3084 3077 3080 3090 3102 3083 3101 3089 3077 3075 3080 3068 3083 3083 3092 3083 3092 3081 3074 3072 3035 3046 3062 3045 3041 3045 3023 3023 3038
2993 3001 3000 3003 3013 2990 2993 2996 3012 3010 2995 3003 3006 3007 3006 3018 3003 2999 3018 3019 3007 3020 3020 3021 3021 3018 3017 3015 2997 3031 3025 3058 3056 3072 3087 3083 3071 3070 3083 3089 3075 3082 3088 3092 3088 3077 3092 3104 3099 3095 3086 3070 3080 3076 3062 3066 3058 3056 3045 3048 3036 3031 3036 3029
2992 2992 2988 3002 3011 3003 2998 3003 2994 3003 3002 3008 2998 3016 3009 3008 2993 3013 3011 3008 3005 3011 3002 3008 3009 3018 3003 3020 3010 3014 3031 3048 3058 3081 3076 3100 3069 3075 3084 3089 3076 3077 3076 3069 3079 3085 3102 3099 3103 3105 3097 3081 3081 3047 3061 3063 3051 3038 3044 3041 3043 3028 3021 3030
2987 2993 3004 3004 3008 3002 2998 2996 3004 2995 3002 2994 3004 3016 3020 2996 2992 3002 3008 3002 3002 3009 3018 3022 3000 3009 3014 3002 3003 3018 3024 3052 3066 3090 3077 3083 3070 3082 3069 3077 3092 3091 3072 3079 3090 3088 3098 3084 3093 3084 3082 3079 3072 3049 3065 3049 3035 3028 3026 3039 3027 3023 3011 3016
2997 3002 3009 3001 3017 3023 3001 3007 3002 2998 2990 2990 3002 3007 3012 2998 3018 3008 2999 2997 3005 3006 3011 3028 3012 3005 3006 3011 3004 3000 3034 3046 3066 3095 3074 3081 3071 3086 3073 3074 3073 3086 3084 3083 3092 3089 3090 3087 3086 3085 3087 3057 3068 3060 3041 3036 3027 3023 3023 3028 3035 3020 3021 3018
2996 3004 3006 3017 3017 3002 3006 2996 2991 3007 3003 3000 2990 3005 3007 3018 3015 3000 3009 3016 3008 3010 3017 3021 3016 3012 3007 3006 3002 3015 3029 3035 3064 3074 3084 3079 3091 3094 3084 3076 3099 3094 3084 3077 3090 3092 3084 3084 3073 3079 3087 3066 3059 3050 3027 3023 3028 3026 3030 3020 3019 3032 3024 3035
2995 3009 3011 3006 3008 3012 3005 3002 2997 2994 3007 2999 2991 2999 3005 3006 3020 2991 3008 3013 3013 3012 3026 3031 3022 3015 3016 3008 3018 3029 3048 3051 3064 3080 3085 3091 3090 3100 3105 3080 3088 3085 3084 3078 3075 3082 3084 3086 3082 3076 3073 3078 3072 3053 3043 3047 3031 3034 3015 3013 3011 3029 3026 3031
2982 3002 3004 3014 3014 3009 3011 2986 3005 3002 2996 2999 2998 3002 3009 3006 3021 3008 3025 3019 3014 3013 3015 3018 3016 3013 3012 3017 3026 3030 3051 3059 3079 3085 3087 3088 3089 3078 3090 3096 3086 3101 3086 3082 3083 3096 3082 3068 3077 3068 3089 3062 3054 3039 3043 3045 3034 3024 3009 3020 3028 3022 3029 3049
2989 2999 2998 3006 3007 3007 2998 3004 3002 3009 2999 3005 2998 3019 3015 3019 3012 2997 3019 3017 3014 3014 3017 3015 3022 3026 3026 3031 3032 3045 3064 3070 3085 3082 3077 3090 3094 3087 3088 3072 3086 3097 3080 3085 3090 3092 3085 3072 3084 3070 3053 3071 3044 3039 3035 3042 3028 3025 3026 3032 3026 3035 3026 3017
2972 2990 2990 2998 3003 2999 2992 3002 2985 3002 3010 3014 3002 3002 3018 3017 3006 3005 3005 3003 3014 3004 3021 3025 3031 3027 3047 3051 3053 3042 3062 3082 3087 3087 3072 3073 3091 3084 3080 3094 3074 3082 3090 3091 3085 3083 3093 3080 3074 3057 3081 3066 3042 3055 3038 3039 3027 3022 3032 3027 3038 3033 3039 3026
2989 2985 3004 2985 2991 2991 2983 2998 3006 3006 3008 2997 2996 3001 3013 3008 3009 2992 3015 2994 3023 3016 3025 3045 3035 3049 3055 3050 3068 3070 3081 3073 3084 3085 3075 3083 3082 3086 3082 3085 3093 3080 3092 3097 3078 3084 3095 3094 3078 3060 3069 3073 3066 3047 3056 3051 3033 3030 3027 3024 3022 3026 3028 3029
2987 2985 3005 2996 3010 3000 2999 2990 3003 3004 3011 3005 3018 3021 3026 3020 3031 3025 3015 3036 3019 3027 3036 3046 3052 3055 3047 3047 3062 3090 3079 3080 3089 3073 3076 3084 3081 3092 3079 3078 3094 3100 3087 3093 3096 3085 3090 3088 3079 3073 3077 3077 3070 3061 3044 3064 3038 3049 3042 3039 3047 3045 3029 3031
3000 2996 3000 3020 2998 3008 3010 3006 2998 3017 2991 3006 3035 3034 3023 3032 3030 3025 3041 3042 3032 3036 3048 3053 3058 3062 3052 3048 3073 3081 3093 3111 3098 3094 3086 3094 3081 3097 3087 3091 3081 3092 3100 3106 3098 3085 3095 3090 3083 3083 3085 3077 3078 3064 3059 3049 3055 3069 3064 3055 3056 3065 3054 3031
3004 3006 3012 3011 3004 2998 3015 2994 3013 3035 3028 3020 3043 3040 3029 3035 3045 3041 3036 3047 3054 3048 3050 3060 3073 3068 3072 3066 3071 3080 3085 3080 3090 3087 3084 3101 3092 3084 3077 3071 3086 3093 3090 3092 3098 3085 3090 3083 3093 3085 3090 3074 3080 3081 3074 3064 3068 3073 3061 3066 3065 3059 3055 3043
2994 3000 3016 3013 3022 3022 3013 3020 3011 3028 3042 3043 3041 3050 3051 3034 3045 3059 3062 3053 3055 3044 3062 3057 3070 3075 3057 3066 3075 3078 3072 3099 3099 3103 3100 3094 3090 3094 3076 3084 3078 3087 3090 3097 3086 3091 3082 3085 3083 3089 3083 3058 3075 3082 3077 3082 3075 3067 3068 3055 3058 3066 3069 3050
2992 3006 3003 3003 3000 3012 3008 3023 3022 3036 3043 3042 3046 3039 3050 3042 3053 3063 3050 3063 3066 3065 3056 3074 3066 3054 3060 3073 3064 3076 3072 3075 3093 3091 3086 3083 3097 3091 3088 3088 3082 3079 3083 3088 3075 3089 3083 3081 3085 3081 3076 3067 3074 3085 3077 3059 3070 3072 3066 3069 3061 3081 3060 3058
3001 3022 3007 3003 3017 3028 3004 3030 3042 3047 3044 3046 3041 3044 3062 3053 3042 3059 3065 3063 3070 3066 3076 3078 3068 3056 3062 3050 3064 3063 3081 3079 3074 3075 3065 3075 3088 3096 3087 3079 3083 3104 3083 3077 3078 3074 3073 3078 3070 3074 3085 3069 3072 3079 3064 3060 3059 3068 3060 3074 3073 3071 3069 3056
2974 2982 3014 3021 3017 3027 3012 3036 3052 3048 3051 3044 3056 3050 3067 3058 3058 3061 3065 3067 3074 3079 3065 3074 3088 3068 3068 3066 3065 3080 3072 3077 3075 3070 3073 3073 3071 3092 3080 3080 3080 3088 3062 3076 3075 3072 3078 3079 3071 3071 3084 3082 3073 3073 3077 3070 3079 3073 3064 3074 3065 3063 3067 3067
2987 2987 2998 3021 3027 3030 3041 3049 3054 3061 3045 3053 3045 3051 3060 3071 3059 3063 3061 3073 3076 3074 3072 3072 3068 3086 3077 3068 3075 3065 3084 3064 3073 3070 3064 3072 3071 3069 3071 3080 3068 3051 3064 3063 3077 3068 3085 3076 3064 3057 3070 3069 3081 3088 3075 3076 3074 3070 3058 3054 3057 3036 3049 3073
