3072 3061 3070 3068 3083 3082 3051 3053 3071 3046 3079 3067 3055 3058 3059 3053 3045 3064 3043 3055 3049 3045 3047 3059 3039 3042 3059 3056 3053 3040 3040 3031 3023 3038 3025 3029 3034 3036 3040 3026 3020 3020 3028 3019 3035 3028 3023 3027 3031 3028 3027 3032 3027 3015 3029 3029 3021 3021 3012 3017 3026 3031 3022 3017
3057 3053 3069 3068 3056 3062 3047 3062 3049 3050 3058 3053 3063 3047 3051 3052 3049 3046 3046 3053 3043 3040 3046 3069 3040 3047 3049 3048 3052 3039 3039 3044 3037 3044 3033 3040 3040 3038 3041 3019 3020 3035 3024 3025 3037 3017 3028 3017 3027 3032 3029 3038 3020 3033 3034 3026 3016 3018 3028 3012 3010 3017 3006 3005
3058 3059 3056 3057 3052 3056 3050 3065 3042 3063 3065 3055 3044 3049 3043 3049 3047 3042 3036 3030 3039 3039 3042 3047 3058 3058 3050 3035 3038 3056 3062 3046 3055 3035 3039 3047 3030 3044 3031 3035 3004 3021 3027 3015 3020 3024 3015 3012 3022 3021 3032 3026 3039 3031 3025 3020 3029 3031 3006 2995 3008 3014 3004 3002
3059 3054 3048 3048 3058 3057 3057 3056 3046 3052 3047 3058 3041 3034 3032 3032 3033 3038 3027 3036 3031 3029 3038 3051 3046 3041 3054 3050 3039 3043 3051 3050 3048 3067 3027 3030 3040 3035 3038 3035 3032 3025 3016 3026 3032 3035 3028 3032 3036 3014 3016 3011 3030 3041 3030 3024 3021 3025 3008 3005 3015 3005 3010 3008
3063 3058 3052 3046 3064 3050 3053 3044 3034 3052 3049 3039 3024 3034 3020 3022 3029 3019 3028 3023 3037 3037 3043 3048 3040 3043 3059 3058 3055 3047 3047 3063 3054 3065 3047 3035 3026 3027 3040 3021 3029 3024 3017 3021 3025 3018 3019 3032 3036 3017 3023 3029 3018 3027 3028 3026 3025 3011 3015 3025 3017 3021 3015 3006
3051 3057 3063 3055 3058 3042 3033 3030 3030 3045 3041 3032 3029 3031 3023 3029 3034 3031 3037 3025 3030 3036 3042 3045 3042 3047 3055 3067 3049 3060 3049 3055 3056 3057 3057 3040 3036 3032 3038 3026 3022 3019 3033 3029 3016 3023 3027 3036 3024 3033 3020 3021 3024 3027 3025 3031 3019 3013 3004 3021 3014 3014 3005 3022
3045 3046 3062 3045 3048 3038 3037 3019 3018 3043 3033 3046 3029 3045 3028 3032 3045 3051 3042 3037 3044 3045 3048 3039 3055 3046 3044 3065 3079 3063 3057 3051 3052 3053 3058 3041 3038 3042 3032 3038 3016 3015 3019 3025 3016 3032 3027 3030 3017 3035 3041 3054 3026 3030 3026 3029 3018 3005 3016 3021 3021 3019 3018 3022
3001 3018 3030 3010 3010 3004 3009 3001 3015 3016 3019 3022 3016 3026 3019 3024 3025 3029 3028 3015 3027 3026 3045 3037 3038 3038 3048 3058 3050 3046 3047 3050 3066 3060 3034 3041 3043 3038 3042 3016 3024 3021 3012 3019 3012 3026 3029 3023 3017 3025 3027 3013 3020 3033 3017 3024 3013 3017 3022 3020 3029 3009 3023 3003
2959 2967 2985 2985 2988 2977 2980 2976 2984 2982 2985 3011 2997 2997 3015 2995 3002 3010 3013 3007 3022 3007 3026 3019 3017 3029 3030 3033 3034 3028 3038 3050 3054 3055 3035 3040 3048 3041 3030 3022 3018 3024 3003 3007 3024 3016 3014 3022 3031 3025 3015 3020 3027 3032 3030 3012 3027 3025 3009 3020 3019 3021 3020 3005
2967 2976 2975 2975 2979 2976 2984 2972 2983 2985 3007 3003 3012 2994 3008 3004 2997 3004 3003 3014 3014 3003 3022 3022 3032 3034 3035 3041 3037 3044 3057 3066 3051 3057 3054 3048 3066 3056 3049 3050 3027 3035 3004 3015 3017 3013 3020 3011 3021 3029 3027 3031 3011 3024 3026 3010 3011 3021 3025 3021 3017 3008 3007 3004
2986 2981 2973 2975 2970 2988 2993 2995 2989 2986 3013 2999 3007 3006 3000 3011 2999 3025 3014 3013 3009 3012 3032 3027 3025 3039 3050 3056 3061 3068 3063 3057 3048 3055 3065 3080 3088 3086 3083 3054 3048 3031 3024 3022 3027 3024 3020 3018 3022 3029 3016 3035 3036 3032 3024 3025 3022 3026 3020 3017 3017 3012 3015 3001
2994 2968 2966 2977 2984 2981 2992 2994 2985 3000 3004 3004 2996 3002 3012 2997 3010 3001 3009 3020 3007 3024 3033 3033 3048 3057 3056 3064 3068 3067 3069 3062 3066 3072 3074 3099 3086 3077 3093 3071 3050 3046 3030 3036 3016 3018 3017 3021 3024 3018 3034 3048 3034 3036 3033 3039 3024 3032 3020 3026 3022 3021 3018 3008
2993 2970 2974 2986 2992 2985 3003 2987 2991 2992 3005 2998 2991 3002 3006 3001 3010 3001 3016 3000 3024 3025 3038 3044 3061 3055 3063 3079 3085 3075 3089 3073 3079 3087 3088 3084 3081 3092 3086 3078 3061 3060 3046 3034 3039 3039 3028 3034 3028 3031 3021 3036 3038 3044 3029 3032 3017 3031 3016 3018 3014 3018 3024 3008
2976 2974 2976 2980 2989 2974 2992 2998 2982 2998 2988 2982 3008 2998 2994 2999 2997 3013 3006 3018 3017 3037 3051 3048 3071 3057 3078 3069 3096 3080 3072 3085 3079 3088 3088 3090 3068 3096 3083 3094 3079 3072 3058 3050 3039 3042 3049 3045 3050 3046 3029 3051 3043 3053 3054 3032 3026 3018 3021 3022 3019 3010 3017 3014
2960 2979 2982 2985 2969 2974 2988 2994 2992 3001 2990 2997 2995 3000 2991 3000 2994 3002 3011 3010 3010 3028 3044 3056 3060 3071 3078 3068 3086 3091 3075 3075 3089 3083 3090 3081 3084 3096 3097 3079 3086 3083 3069 3067 3064 3068 3048 3064 3059 3059 3060 3061 3057 3057 3046 3044 3029 3015 3033 3019 3010 2991 3002 3027
2984 3000 2996 2984 2975 3001 2992 2990 2983 2985 2992 2999 3004 2986 3005 2997 3001 3008 3002 3033 3029 3026 3052 3068 3049 3073 3072 3070 3099 3081 3093 3082 3093 3102 3080 3078 3094 3096 3087 3085 3075 3079 3068 3067 3062 3074 3062 3075 3073 3074 3075 3057 3060 3066 3052 3034 3029 3026 3012 3013 3001 2997 3001 3015
3001 3007 3010 3006 2995 3001 2990 3007 2989 2990 2990 3008 3002 3016 2994 3007 3005 3004 3020 3024 3014 3030 3064 3062 3065 3076 3076 3070 3085 3084 3087 3094 3099 3090 3096 3082 3091 3101 3101 3084 3092 3082 3088 3077 3073 3069 3068 3085 3085 3089 3088 3080 3082 3066 3060 3041 3029 3011 3021 3011 3007 2998 2996 3012
3009 3000 3016 3002 3009 3012 2993 3000 2992 2993 2992 3002 2998 2994 2995 2997 3012 3027 3018 3011 3023 3032 3058 3068 3070 3077 3085 3081 3086 3095 3096 3089 3086 3090 3088 3095 3086 3098 3098 3095 3091 3082 3096 3090 3065 3073 3078 3082 3075 3085 3086 3088 3078 3066 3062 3055 3041 3029 3014 2999 3001 3011 3010 3010
2998 2999 3016 3010 3015 2998 3002 2983 2993 2997 2991 2999 3016 2996 2998 2997 3009 2995 3029 3024 3024 3030 3073 3064 3079 3079 3082 3084 3087 3096 3093 3083 3095 3084 3092 3093 3092 3108 3099 3105 3115 3090 3078 3078 3079 3078 3073 3077 3097 3078 3085 3085 3080 3065 3072 3055 3046 3048 3026 3008 3018 3023 3003 3013
3001 2998 3003 3003 3017 3020 3010 3007 2997 2993 2994 2994 2994 2997 3004 2994 3012 3021 3030 3014 3022 3042 3068 3083 3068 3071 3066 3072 3082 3084 3092 3093 3088 3096 3094 3085 3090 3094 3090 3090 3095 3081 3096 3088 3084 3088 3077 3078 3096 3086 3089 3085 3088 3079 3072 3065 3042 3035 3033 3026 3013 3016 3014 3013
2982 2985 3009 3008 3015 3006 3011 3009 2994 2995 2997 2991 3000 2997 3009 2997 3018 3022 3040 3015 3020 3052 3055 3068 3060 3069 3077 3083 3093 3087 3096 3093 3096 3093 3088 3099 3097 3095 3087 3084 3084 3089 3089 3080 3086 3080 3076 3081 3094 3105 3090 3086 3087 3087 3080 3063 3043 3035 3027 3032 3021 3004 3003 3006
2988 2990 3005 3004 3010 3007 3010 3005 2999 3003 2982 2983 2996 2988 3014 3010 3004 3003 3027 3031 3014 3041 3045 3053 3064 3071 3075 3083 3089 3088 3080 3084 3092 3075 3093 3088 3096 3102 3102 3083 3078 3075 3080 3084 3085 3093 3084 3082 3093 3089 3087 3065 3086 3085 3059 3062 3050 3017 3021 3033 3010 3008 3004 3010
3008 2997 3001 2996 3013 3006 3011 3004 3006 2998 2994 2988 2996 2997 3013 3014 3017 3022 3009 3010 3024 3030 3028 3050 3059 3086 3078 3079 3085 3087 3078 3093 3084 3086 3081 3088 3084 3092 3103 3086 3072 3075 3075 3087 3081 3077 3080 3078 3091 3076 3095 3085 3079 3095 3065 3061 3060 3038 3032 3017 3018 3019 3009 3008
3003 2996 2998 3002 2997 2995 3007 2998 3001 2994 2992 2995 2992 3001 3007 3017 3011 3007 3019 2997 3022 3020 3042 3075 3074 3085 3075 3080 3091 3089 3073 3088 3079 3090 3094 3088 3084 3090 3095 3098 3078 3088 3063 3090 3091 3088 3092 3069 3076 3084 3095 3087 3070 3088 3067 3072 3044 3030 3023 3022 3017 3008 3009 3003
3004 2994 3010 3012 3001 3000 2997 2997 2988 2995 3000 2994 2997 3004 3002 3010 3005 2990 3016 3014 3018 3036 3043 3071 3083 3082 3076 3088 3088 3095 3088 3083 3090 3087 3076 3086 3097 3104 3099 3101 3099 3086 3077 3089 3079 3077 3085 3084 3086 3091 3088 3085 3080 3075 3073 3070 3039 3020 3018 3003 3019 3002 2992 2996
2988 3005 3003 2998 2996 3010 2996 2998 3005 3000 3000 3003 2998 2988 3008 2998 3004 3013 3002 3018 3011 3031 3049 3066 3079 3071 3089 3083 3102 3083 3090 3086 3097 3084 3095 3079 3094 3094 3096 3095 3092 3084 3089 3090 3084 3084 3067 3084 3094 3079 3086 3085 3079 3086 3084 3074 3034 3022 3028 3010 3025 3009 3012 3006
3008 2990 3001 2995 2996 3006 3002 3011 2992 3004 3004 2994 3022 2985 3013 3001 3005 3004 3006 3015 3020 3041 3044 3065 3065 3077 3080 3089 3089 3085 3097 3098 3083 3091 3103 3089 3085 3096 3098 3097 3095 3085 3084 3090 3074 3071 3069 3071 3075 3081 3088 3071 3096 3082 3076 3057 3038 3038 3031 3014 3017 3016 3021 3010
2999 3006 3016 3013 3013 3015 3025 3015 2998 3007 3013 3004 3015 3009 2996 2998 2990 3009 3005 3000 3029 3036 3053 3048 3065 3078 3071 3081 3076 3081 3087 3098 3095 3093 3096 3096 3082 3089 3081 3087 3086 3090 3090 3083 3074 3082 3079 3083 3092 3084 3079 3082 3090 3081 3073 3058 3051 3030 3020 3018 3021 3020 3014 3012
3012 2998 3011 2992 3001 3003 3016 3015 3000 3004 3019 3002 3022 3003 2994 2992 2985 2986 2995 3015 3009 3028 3046 3056 3071 3071 3078 3077 3089 3082 3073 3083 3082 3094 3090 3090 3097 3088 3078 3086 3074 3082 3083 3097 3089 3097 3087 3087 3088 3098 3084 3066 3077 3094 3076 3079 3052 3032 3007 3013 3004 3009 3017 3019
2996 3002 3005 3008 3004 3000 3000 3013 2994 3001 3003 3012 3010 3015 3010 2997 2992 3003 3000 3014 3006 3018 3033 3055 3068 3076 3079 3081 3075 3075 3087 3097 3091 3079 3087 3083 3085 3083 3082 3075 3073 3078 3082 3088 3099 3094 3084 3099 3095 3083 3086 3075 3076 3092 3069 3053 3041 3018 3017 3016 3005 3011 3013 3021
2999 3011 3005 3005 3004 3007 3002 3000 2997 2999 3004 3000 2999 3006 3000 3002 2993 3004 3011 3004 3006 3026 3039 3061 3066 3084 3073 3079 3089 3088 3086 3084 3061 3076 3081 3077 3080 3069 3077 3068 3062 3077 3074 3084 3080 3085 3082 3084 3094 3094 3092 3092 3083 3081 3074 3056 3043 3021 3020 3021 3020 3010 3015 3008
3010 3000 3014 3009 2997 3001 3006 3001 3013 3005 3000 3002 2993 2999 3009 2999 2995 3001 2996 2995 3007 3011 3024 3040 3059 3077 3084 3094 3106 3087 3083 3084 3079 3081 3084 3093 3082 3077 3063 3067 3077 3072 3077 3076 3081 3075 3080 3071 3090 3088 3087 3087 3085 3088 3054 3032 3040 3029 3026 3015 3028 3012 3025 3000
3012 3002 3004 3016 3002 3009 2990 3000 2995 2998 3002 2994 2983 3003 2989 3000 2990 2998 2986 3004 2996 3009 3016 3032 3039 3058 3064 3074 3091 3081 3089 3084 3091 3082 3074 3095 3088 3096 3078 3069 3071 3064 3065 3067 3070 3071 3078 3064 3085 3083 3080 3069 3079 3074 3046 3026 3035 3029 3031 3018 3034 3021 3019 3019
3010 3000 3002 3003 2990 2988 2990 2991 3020 2996 3001 2995 3000 2988 3007 2992 2991 2989 3016 2991 3001 2992 3004 3012 3030 3054 3066 3075 3084 3069 3086 3084 3070 3080 3093 3098 3092 3082 3085 3070 3071 3059 3063 3077 3071 3087 3082 3081 3070 3075 3066 3061 3082 3077 3044 3031 3022 3019 3020 3020 3023 3013 3010 3006
2998 2999 2996 2995 3005 3002 3014 3008 3010 3003 3010 3007 2998 3010 3001 2998 2997 2976 2991 3010 3012 3000 3009 3014 3034 3053 3059 3081 3078 3077 3079 3075 3081 3091 3088 3080 3096 3088 3084 3073 3072 3078 3071 3075 3089 3082 3080 3078 3080 3073 3072 3089 3071 3072 3057 3034 3028 3013 3009 3012 3016 3011 3010 2994
3002 2994 3001 2995 3014 3003 2997 3004 2993 3001 2998 3006 3004 3004 3005 2994 2998 2989 2996 2986 2996 3008 3004 3029 3032 3043 3073 3067 3077 3073 3070 3083 3081 3090 3078 3081 3095 3081 3081 3063 3098 3082 3069 3065 3093 3085 3102 3095 3080 3079 3071 3075 3076 3077 3053 3029 3029 3023 3020 3016 3012 3006 3008 3011
2996 3007 2996 2993 2993 3006 3012 3008 3003 2998 2994 3008 3009 3015 3008 3005 2994 2991 2983 3004 3002 3011 3010 3022 3032 3046 3064 3080 3076 3060 3086 3070 3082 3087 3077 3063 3072 3076 3080 3080 3087 3067 3076 3081 3081 3087 3084 3079 3102 3071 3078 3067 3067 3082 3053 3030 3023 3031 3020 3012 3018 3005 3014 3022
3006 3006 3008 3000 2991 2997 3010 2997 3014 3011 3008 3003 3001 3000 3005 3010 2991 3002 2990 2999 3001 2995 3000 3016 3032 3034 3071 3054 3054 3084 3072 3084 3077 3087 3074 3076 3080 3073 3077 3077 3093 3090 3067 3072 3081 3092 3086 3086 3076 3075 3069 3067 3059 3070 3050 3027 3036 3030 3022 3020 3013 3009 3017 3027
2992 3001 3014 3013 3002 2999 3005 3006 2996 3004 3013 3012 3001 2995 3004 3009 3008 2995 2992 3005 2994 2996 2988 3013 3001 3028 3039 3046 3073 3073 3067 3067 3092 3086 3095 3086 3090 3073 3083 3084 3097 3092 3091 3083 3090 3094 3075 3078 3085 3096 3085 3072 3074 3053 3046 3030 3035 3027 3030 3022 3016 3001 3014 3029
2997 3004 3009 3001 3007 2988 2992 3011 3008 3009 2993 3007 2993 3000 3000 3005 3002 2987 2990 2993 3001 3010 3007 3011 3006 3021 3044 3047 3060 3084 3064 3083 3088 3083 3098 3091 3079 3077 3087 3089 3088 3079 3076 3090 3088 3078 3088 3092 3091 3086 3075 3069 3066 3057 3041 3025 3036 3028 3029 3023 3022 3014 3002 3027
2984 3000 2998 3005 3003 2999 3007 3003 3004 2995 3009 3010 3010 2997 2994 2984 3002 3001 2991 3002 2994 2992 3003 2989 3004 2996 3005 3039 3052 3071 3059 3060 3091 3091 3079 3073 3075 3066 3080 3082 3079 3075 3090 3074 3087 3086 3076 3078 3081 3079 3085 3063 3059 3045 3040 3017 3029 3021 3019 3016 3006 3005 3008 3010
2984 2998 2999 2997 3005 3007 3000 3006 3006 2991 3003 3004 3015 3025 2997 2987 3004 3007 3002 3006 3005 3012 3000 2993 2994 2995 3015 3026 3057 3077 3071 3079 3076 3082 3091 3078 3076 3087 3066 3076 3087 3077 3075 3070 3077 3089 3091 3077 3070 3083 3085 3086 3067 3043 3025 3016 3027 3028 3011 3002 3007 3007 3012 3025
2986 2984 2992 3010 2989 2984 3005 2991 2987 3008 3003 3001 3021 3000 2995 2980 2992 3004 3002 3006 3002 3015 3007 3014 3002 3007 3004 3023 3047 3063 3062 3074 3081 3070 3075 3087 3083 3079 3084 3098 3079 3075 3081 3073 3083 3095 3094 3070 3068 3077 3093 3085 3073 3049 3043 3028 3024 3013 3016 3004 3014 3001 2999 3018
2984 2992 2988 2996 2990 3002 3004 3006 2981 3002 3008 3001 3012 3003 2994 2988 3000 2996 2996 3003 3009 3019 2999 2996 3002 2998 3007 3036 3037 3047 3075 3077 3077 3080 3079 3086 3077 3081 3093 3084 3095 3077 3091 3087 3103 3092 3080 3080 3081 3070 3081 3070 3080 3056 3050 3040 3028 3029 3021 3010 3018 2999 3026 3005
2986 2988 2999 2998 3004 2995 2980 2995 2983 2986 2993 3006 2995 2994 3001 3003 3005 2999 2999 3007 3010 3005 3009 3004 3011 3003 3011 3020 3012 3036 3052 3066 3062 3077 3067 3065 3084 3082 3087 3103 3076 3082 3085 3101 3098 3093 3093 3082 3081 3082 3071 3083 3078 3080 3072 3040 3047 3034 3036 3031 3019 3021 3028 3019
3008 3002 2993 2988 2998 2996 2989 2998 3000 3005 3003 3012 2994 3002 2994 3001 3008 3019 2996 2998 2994 3011 3012 2988 3007 3004 3018 2999 3021 3024 3034 3053 3059 3074 3058 3071 3072 3084 3094 3090 3092 3086 3087 3092 3093 3092 3101 3086 3082 3074 3085 3079 3073 3087 3066 3055 3054 3052 3057 3039 3055 3041 3030 3039
3003 3017 2997 3000 3002 3000 2993 3006 2984 3005 3007 3008 3005 3001 3010 3004 2998 2999 3013 3009 3012 3014 3004 3013 3007 3006 3029 3017 3027 3012 3036 3050 3061 3069 3078 3067 3074 3092 3089 3087 3072 3072 3091 3087 3098 3084 3096 3071 3069 3079 3083 3074 3078 3081 3065 3060 3055 3062 3057 3064 3045 3058 3053 3039
2999 2984 3004 2990 2995 2985 2997 2997 3003 2991 3000 2999 3003 3008 2997 3007 2985 3005 2996 3000 3004 3006 3002 3014 3020 3008 3012 3015 3019 3026 3037 3045 3057 3060 3057 3082 3094 3096 3087 3084 3074 3080 3077 3082 3087 3088 3075 3078 3084 3085 3083 3068 3079 3078 3084 3090 3072 3056 3055 3056 3072 3058 3067 3062
2999 3002 2994 3003 2996 3005 2996 3002 3005 3000 2997 3007 2995 2993 2993 3005 3012 3006 2996 3007 2999 3004 3000 3008 3010 3011 3011 3017 3013 3042 3048 3037 3071 3069 3078 3088 3095 3098 3107 3087 3074 3075 3079 3085 3071 3094 3075 3076 3089 3084 3077 3066 3071 3081 3074 3078 3071 3062 3061 3058 3053 3056 3073 3076
2978 2982 2986 2997 3007 3006 2991 3000 2995 2997 3008 2989 2998 2995 2991 3009 3019 3005 2996 3005 3008 3009 2986 3002 3013 3008 3016 3027 3025 3049 3052 3046 3068 3075 3085 3081 3091 3100 3097 3083 3071 3081 3080 3071 3078 3090 3088 3082 3096 3091 3070 3068 3076 3087 3075 3061 3071 3064 3064 3064 3054 3051 3063 3073
2991 2991 2997 2986 3000 2990 3012 3002 3001 2991 2984 3006 2998 2995 2999 2992 3010 3015 3002 3008 3015 3017 3008 2990 3011 3017 3035 3046 3034 3045 3061 3047 3059 3053 3069 3075 3088 3094 3097 3098 3072 3080 3096 3086 3086 3095 3090 3086 3090 3080 3062 3072 3085 3081 3072 3069 3067 3055 3073 3081 3050 3066 3055 3084
2999 2987 2991 2998 2997 3003 3008 2994 3005 3000 2986 3000 2999 2995 2990 2998 2992 3006 3005 3000 3006 3003 3007 3017 3035 3028 3032 3039 3051 3048 3057 3055 3052 3044 3059 3079 3082 3091 3102 3101 3063 3080 3072 3083 3092 3090 3090 3082 3080 3079 3065 3077 3076 3093 3077 3064 3067 3059 3065 3067 3060 3058 3073 3068
3006 2999 2987 3001 2993 3016 3000 3011 2992 2996 2988 3000 2991 3000 3012 3004 3008 3009 3014 2996 3004 3009 3020 3041 3047 3051 3058 3060 3044 3046 3042 3051 3052 3054 3065 3074 3072 3063 3074 3066 3069 3074 3077 3078 3083 3075 3097 3084 3077 3070 3091 3071 3077 3091 3083 3062 3065 3063 3053 3062 3062 3064 3074 3059
2999 2994 3004 2996 3003 3000 3012 3005 3000 3005 2996 2988 2990 3017 3021 3004 2995 3008 3005 3011 3022 3030 3025 3044 3056 3062 3058 3057 3059 3059 3056 3069 3049 3054 3063 3060 3061 3058 3059 3059 3067 3076 3071 3078 3075 3078 3083 3078 3077 3071 3068 3074 3074 3075 3066 3060 3064 3054 3063 3051 3062 3057 3064 3075
3012 2996 2994 2995 2986 3002 3015 2995 2993 2998 2999 2990 2987 2997 3005 2999 3016 3004 3023 3036 3022 3049 3053 3056 3069 3068 3077 3069 3051 3062 3063 3055 3059 3043 3063 3056 3052 3054 3059 3058 3068 3065 3055 3066 3067 3066 3058 3070 3072 3051 3050 3065 3060 3060 3063 3066 3061 3050 3043 3048 3039 3057 3061 3065
2999 2996 2991 2988 3002 3006 3003 3017 2999 2995 2998 2990 3008 2993 3007 3001 3000 3008 3045 3044 3054 3056 3049 3064 3065 3056 3064 3067 3055 3074 3056 3066 3055 3051 3069 3048 3057 3059 3059 3072 3061 3054 3050 3061 3052 3051 3049 3050 3028 3043 3047 3057 3048 3039 3056 3050 3059 3063 3059 3036 3052 3067 3045 3062
3003 2999 2983 2996 3008 3003 3009 2999 3005 3006 3000 3011 3002 3012 3029 3026 3014 3030 3067 3058 3051 3059 3067 3079 3063 3073 3067 3057 3064 3064 3054 3072 3067 3068 3057 3059 3073 3062 3069 3057 3052 3044 3056 3060 3062 3064 3052 3053 3047 3047 3042 3045 3055 3060 3059 3053 3059 3066 3055 3050 3062 3061 3056 3063
3001 3002 2998 2988 3009 3008 2994 3015 3012 3003 3000 3014 3009 3020 3026 3040 3051 3047 3052 3072 3055 3056 3076 3066 3065 3067 3075 3083 3050 3070 3078 3076 3077 3088 3058 3072 3058 3047 3072 3053 3054 3055 3062 3059 3068 3052 3068 3058 3064 3065 3057 3046 3050 3067 3055 3051 3070 3086 3064 3057 3062 3068 3062 3062
2997 3001 2990 2994 3010 2994 2996 3014 3010 3027 3014 3012 3017 3031 3042 3060 3059 3052 3058 3072 3071 3077 3073 3087 3064 3087 3076 3076 3069 3068 3064 3065 3073 3072 3077 3074 3064 3060 3054 3053 3055 3031 3056 3054 3065 3058 3042 3074 3068 3070 3063 3066 3044 3053 3064 3059 3064 3065 3056 3065 3074 3057 3067 3083
3002 3001 3003 3008 3006 3006 3005 3005 3002 3023 3013 3021 3027 3045 3053 3066 3068 3059 3049 3057 3090 3081 3087 3084 3066 3081 3080 3066 3073 3069 3066 3053 3072 3082 3094 3074 3077 3061 3055 3049 3050 3059 3061 3059 3052 3066 3056 3059 3056 3052 3060 3050 3051 3064 3057 3061 3050 3054 3063 3069 3083 3065 3067 3075
3017 3005 2995 2999 3014 3005 3004 2999 3014 3012 3022 3034 3035 3045 3045 3079 3071 3067 3067 3067 3083 3089 3099 3087 3072 3071 3067 3080 3070 3068 3067 3058 3071 3067 3077 3068 3072 3064 3050 3058 3077 3069 3061 3048 3076 3059 3065 3065 3050 3066 3052 3056 3045 3045 3051 3050 3070 3063 3058 3069 3064 3061 3079 3077
2999 3013 3004 3010 3018 3021 2995 3000 3022 3016 3030 3043 3045 3065 3070 3068 3093 3072 3071 3083 3086 3084 3068 3084 3068 3069 3067 3071 3066 3069 3073 3071 3068 3077 3060 3056 3065 3074 3062 3074 3093 3087 3064 3068 3074 3067 3070 3058 3070 3054 3042 3035 3052 3048 3046 3060 3059 3049 3079 3074 3075 3056 3052 3073
3005 3002 3017 2995 3012 3007 3007 2989 3012 3015 3037 3052 3061 3060 3059 3074 3076 3076 3058 3088 3086 3098 3078 3073 3054 3074 3070 3075 3070 3073 3067 3076 3076 3076 3066 3063 3057 3076 3071 3082 3082 3076 3077 3064 3071 3076 3072 3060 3059 3071 3058 3047 3052 3047 3060 3054 3065 3064 3064 3072 3071 3075 3063 3075
3000 3005 3008 3014 3007 3005 3005 2985 2985 3004 3030 3056 3055 3066 3061 3077 3089 3069 3060 3064 3088 3086 3089 3080 3061 3071 3068 3061 3083 3084 3083 3076 3065 3064 3062 3067 3041 3066 3087 3081 3074 3071 3057 3073 3070 3062 3071 3071 3059 3068 3068 3066 3057 3071 3057 3062 3067 3073 3057 3075 3079 3057 3065 3085
