3089 3078 3058 3074 3073 3071 3055 3048 3070 3059 3061 3046 3060 3058 3051 3050 3056 3050 3035 3051 3049 3033 3033 3038 3052 3054 3052 3050 3039 3042 3030 3042 3036 3048 3031 3025 3029 3041 3033 3025 3032 3022 3022 3014 2999 3021 3032 3029 3016 3023 3036 3012 3008 2999 3018 3032 3027 3041 3029 3041 3020 3015 3001 3014
3080 3075 3061 3069 3066 3070 3052 3058 3061 3064 3064 3038 3050 3051 3044 3050 3049 3051 3047 3042 3035 3036 3038 3037 3040 3031 3039 3045 3047 3053 3036 3031 3031 3048 3034 3034 3040 3035 3027 3039 3024 3031 3010 3006 3019 3018 3019 3025 3038 3018 3012 3029 3014 3004 3011 3022 3032 3028 3020 3023 3039 3028 3008 3001
3051 3053 3058 3060 3053 3048 3050 3043 3032 3059 3053 3053 3047 3043 3039 3044 3044 3036 3046 3042 3045 3049 3032 3033 3031 3035 3031 3044 3043 3039 3045 3040 3037 3047 3051 3045 3019 3029 3034 3038 3031 3033 3035 3017 3017 2998 3017 3019 3032 3017 3026 3013 3012 2999 3029 3014 3022 3022 3018 3014 3014 3027 3019 3009
3050 3065 3053 3056 3048 3061 3048 3050 3036 3042 3042 3046 3049 3042 3036 3035 3036 3029 3045 3039 3026 3037 3053 3041 3025 3037 3035 3033 3038 3055 3049 3066 3054 3059 3050 3045 3028 3033 3023 3038 3032 3030 3042 3035 3022 3026 3005 3012 3010 3029 3012 3012 3005 3011 3010 3029 3013 3026 3012 3010 3003 3026 3003 3001
3063 3053 3058 3044 3056 3067 3073 3059 3045 3054 3035 3038 3038 3037 3030 3040 3024 3034 3049 3022 3032 3031 3035 3045 3032 3035 3032 3048 3037 3044 3054 3063 3055 3040 3045 3048 3040 3031 3039 3047 3036 3020 3024 3012 3020 3042 3015 3015 3011 3023 3005 3023 3019 3006 3015 3010 3013 3015 3017 3023 3003 3015 3012 3014
3054 3047 3054 3072 3049 3064 3063 3047 3045 3044 3045 3037 3047 3039 3026 3022 3039 3030 3035 3035 3025 3047 3035 3046 3040 3045 3041 3044 3031 3065 3071 3065 3066 3053 3043 3051 3046 3035 3041 3051 3041 3034 3033 3018 3026 3029 3007 3022 3027 3026 3010 3014 3010 3017 3012 3008 3025 3022 3019 3034 3018 2998 3007 3010
3043 3042 3049 3034 3040 3043 3042 3037 3052 3051 3051 3056 3052 3042 3046 3034 3039 3026 3029 3042 3027 3037 3052 3043 3038 3024 3036 3041 3046 3061 3068 3070 3065 3052 3040 3046 3050 3053 3040 3045 3039 3041 3023 3032 3029 3034 3019 3019 3024 3018 3014 3014 3014 3021 2997 3009 3011 3036 3019 3023 3016 2994 3010 3012
3022 3020 3030 3012 3016 3004 3011 3021 3019 3019 3028 3015 3028 3018 3004 3007 3019 3009 3017 3016 3033 3027 3025 3044 3020 3029 3022 3038 3036 3038 3058 3057 3050 3039 3041 3041 3056 3042 3053 3025 3028 3030 3029 3017 3027 3022 3023 3017 3029 3020 3024 3020 3007 3013 3004 3009 3011 3019 3019 3020 3009 2986 3012 3018
2970 2988 3006 3001 2983 2984 2975 2995 2996 3000 3013 2983 2974 2983 2979 2994 3006 3014 2994 2999 3006 3011 3012 3017 3026 3020 3021 3014 3032 3047 3047 3060 3065 3051 3035 3044 3057 3054 3040 3037 3039 3032 3021 3032 3025 3019 3024 3020 3014 3026 3012 3022 3014 3006 3004 3003 3010 3013 3021 3007 3014 2984 3005 3014
2962 2976 2998 2986 2987 2981 2968 2977 2993 2988 2991 2979 2978 2985 2995 3006 2998 3007 2998 2998 3009 3005 3006 3020 3023 3013 3010 3030 3044 3049 3056 3048 3053 3045 3044 3034 3056 3048 3052 3042 3038 3042 3043 3040 3022 3028 3039 3019 3014 3016 3022 3031 3018 3015 3018 3008 3009 3014 3015 3018 2997 2998 3006 3023
2963 2973 2977 2982 2980 2972 2971 2978 3000 3005 3000 2998 2989 3001 3011 3009 2993 2999 2991 3020 3011 3012 3013 3021 3031 3032 3026 3034 3049 3053 3060 3071 3060 3053 3047 3044 3064 3052 3053 3053 3039 3055 3057 3052 3053 3037 3032 3024 3020 3023 3032 3017 3018 3007 3022 3027 3013 3010 3016 3012 3023 3010 3018 3015
2977 2983 2981 2990 2985 2966 2981 2999 3006 3006 2998 2997 2984 3005 2995 2996 3008 2999 3004 3016 3008 3027 3003 3031 3034 3019 3024 3025 3035 3056 3064 3068 3068 3052 3059 3070 3067 3070 3054 3061 3059 3062 3064 3072 3054 3038 3035 3032 3028 3030 3015 3016 3011 3012 3014 3020 3007 3011 3025 3016 3013 3009 3022 3016
2973 2986 2983 2990 2994 3014 2996 3003 3014 3004 3010 2998 2994 3000 2996 3007 3010 2994 3013 3012 3007 3016 3015 3023 3032 3039 3029 3045 3054 3061 3068 3075 3069 3064 3071 3083 3093 3078 3082 3078 3083 3081 3076 3084 3067 3057 3041 3030 3043 3029 3026 3014 3011 3010 3003 3009 3010 3010 3003 3006 2997 2999 2997 3007
2994 2981 2992 2987 3005 2994 3008 3000 3001 2995 2992 3008 2983 2992 3000 2999 3006 3012 3017 3022 3021 3013 3013 3026 3023 3040 3029 3054 3049 3060 3073 3075 3076 3086 3082 3090 3083 3080 3079 3080 3071 3068 3084 3087 3065 3065 3051 3046 3046 3039 3035 3028 3011 3015 3010 3020 3020 3007 3011 3019 3007 3005 3008 3012
2980 2981 3000 2991 2999 2999 2999 3000 2992 2999 3002 2994 3001 2986 2993 3012 3000 3018 3016 3019 3009 3026 3023 3037 3028 3028 3049 3054 3068 3078 3075 3088 3094 3090 3081 3087 3088 3081 3089 3089 3091 3079 3089 3089 3087 3070 3059 3039 3043 3043 3033 3029 3021 3012 3021 3008 3026 3027 3011 3023 3006 2999 2998 2994
2978 2991 2993 2997 2996 3000 2997 2999 2993 2989 3002 2998 3005 3008 2995 2994 3000 2995 3020 3023 3016 3012 3026 3025 3036 3027 3044 3061 3070 3079 3094 3093 3096 3098 3085 3085 3080 3084 3075 3078 3081 3084 3079 3089 3090 3086 3068 3063 3046 3063 3034 3027 3016 3014 3014 3014 3021 3014 3009 3015 3006 3003 3011 2997
2998 3003 3011 2989 3002 2993 3006 3005 2991 2997 3006 3001 3009 3014 2997 3010 3010 3002 3014 3012 3016 3032 3007 3004 3033 3030 3053 3061 3082 3084 3087 3093 3081 3087 3074 3081 3086 3085 3073 3093 3073 3073 3091 3095 3091 3091 3078 3086 3057 3056 3041 3031 3038 3024 3010 3003 3006 3012 3003 3010 3013 3000 3013 2992
2992 3004 3009 3003 3003 3002 2996 3001 3023 2994 3006 3007 3004 2998 3010 2998 3012 2997 3013 3019 3024 3018 3012 3032 3036 3033 3067 3063 3080 3083 3081 3084 3102 3091 3090 3078 3083 3073 3083 3077 3075 3081 3082 3078 3091 3082 3084 3072 3065 3040 3032 3021 3014 3006 3004 2994 2998 3006 3012 3000 3009 3012 2997 2997
2995 3008 2999 3010 2985 2993 2991 2996 3012 3003 3004 3011 3002 3004 3017 3002 3012 3009 3003 3007 3024 3017 3018 3038 3037 3051 3051 3075 3094 3089 3083 3086 3086 3085 3087 3091 3082 3092 3078 3085 3075 3096 3086 3069 3096 3088 3091 3088 3058 3065 3029 3024 3027 3018 3007 3010 3015 3004 3007 3014 3002 3004 3013 3015
3007 3001 3010 3014 2999 3003 2978 2995 3006 2994 2996 2985 2994 3000 3009 3006 3002 3006 2999 3006 3026 3028 3032 3040 3044 3064 3075 3081 3077 3089 3085 3072 3080 3087 3097 3094 3090 3087 3082 3097 3073 3088 3083 3089 3094 3088 3088 3080 3073 3067 3049 3023 3009 3007 3003 3004 3014 3011 2999 3004 3005 3006 3018 3015
2992 3004 2997 3018 3004 3004 2990 2995 2994 2993 3007 3007 2995 3006 3016 3010 2999 2999 3023 3021 3040 3038 3032 3059 3057 3065 3078 3083 3085 3085 3075 3080 3084 3090 3084 3086 3081 3086 3096 3094 3084 3088 3085 3094 3085 3083 3092 3083 3074 3070 3046 3030 3023 3018 3004 3000 2999 3004 3019 3000 3008 3015 3011 3010
2996 2998 3002 3013 3010 3011 3005 3004 2997 2990 2983 3010 3006 3003 3019 3010 3003 3005 3015 3014 3040 3041 3044 3058 3067 3072 3075 3075 3073 3081 3085 3080 3083 3085 3084 3073 3086 3085 3086 3096 3090 3098 3079 3078 3082 3089 3086 3096 3080 3069 3049 3032 3022 3020 3011 3007 2999 3004 3020 3012 3009 3000 3000 2999
3000 3011 3008 2999 3012 3019 3004 3006 2994 3003 3006 3001 3005 3011 3007 3011 3007 3007 3005 3013 3023 3048 3063 3060 3078 3090 3096 3072 3078 3086 3082 3088 3096 3085 3091 3099 3101 3085 3080 3079 3093 3098 3085 3077 3073 3071 3082 3089 3087 3064 3031 3015 3015 3016 3005 3003 3017 3010 3006 3017 3007 3000 3008 2992
3012 3002 3008 3007 3009 3022 3013 3006 3005 3010 3007 3013 3001 3003 3005 3014 3018 3002 3004 3018 3025 3037 3058 3073 3088 3077 3079 3056 3087 3079 3086 3088 3095 3090 3084 3090 3096 3088 3084 3098 3087 3084 3083 3087 3085 3083 3093 3094 3074 3062 3042 3022 3018 3006 3017 3013 3011 3024 3020 3014 3007 3003 3010 3018
3002 3003 3007 3010 3018 3014 2995 2992 3001 3012 3010 3006 3004 3004 2997 3009 3001 3002 3007 3011 3024 3048 3063 3070 3086 3073 3071 3079 3069 3068 3073 3078 3069 3080 3075 3082 3085 3082 3095 3085 3085 3083 3084 3082 3070 3077 3064 3075 3073 3062 3047 3028 3015 3027 3007 3018 3010 3016 3014 3006 3008 3010 3015 3017
3007 3000 3011 3018 3005 2998 2995 3007 3008 3012 3002 3005 2995 2996 3009 2997 2990 3015 3011 3017 3029 3049 3062 3082 3088 3087 3083 3068 3081 3079 3082 3091 3081 3074 3090 3092 3079 3084 3102 3093 3092 3093 3079 3070 3075 3087 3080 3082 3069 3047 3049 3023 3026 3012 3021 3029 3005 3010 2997 3013 3013 3004 3005 3018
2983 2999 3016 3001 3014 2993 2998 3003 3003 2997 2989 3006 3001 2998 3018 3008 3012 3001 2994 3012 3020 3041 3068 3079 3070 3074 3075 3070 3086 3080 3068 3085 3085 3085 3090 3088 3086 3088 3092 3095 3091 3068 3087 3082 3087 3078 3085 3076 3083 3070 3057 3026 3008 3003 3013 3023 3019 3007 3012 3027 3001 3003 3009 3001
2991 3003 3002 3004 2989 2993 3007 3010 3008 3009 3005 3007 3001 3004 3011 3013 3006 3001 3001 3011 3026 3050 3053 3068 3073 3082 3067 3067 3082 3072 3074 3087 3085 3088 3093 3086 3100 3089 3093 3085 3085 3093 3083 3082 3078 3080 3079 3073 3081 3074 3042 3019 3018 3003 3009 3018 3018 3018 3004 3026 3012 2999 3011 3013
3006 2999 2992 3004 2996 3004 3005 3003 3005 3002 3006 3004 3015 3004 2999 3009 3002 3020 3014 3008 3030 3044 3048 3075 3066 3066 3066 3074 3087 3079 3089 3069 3080 3087 3075 3089 3091 3096 3086 3090 3079 3096 3078 3082 3087 3082 3081 3074 3071 3061 3042 3023 3008 3007 3003 3005 3016 2999 3010 3024 3012 3007 2999 3003
3011 2999 3002 3012 3008 3004 3014 3011 3002 3007 3006 3000 3008 3016 3001 3007 3010 3010 3013 3016 3003 3026 3055 3073 3087 3065 3083 3080 3086 3089 3080 3067 3082 3076 3077 3097 3099 3096 3095 3094 3094 3094 3099 3084 3070 3087 3075 3064 3077 3064 3052 3018 3005 3016 3005 3013 3017 3017 3017 3016 3021 3006 3021 3005
3012 2995 2988 3005 3017 3015 3008 3008 3013 2994 3010 3008 3010 3009 3009 3002 2997 3009 3015 3006 3004 3028 3048 3061 3068 3091 3064 3094 3070 3079 3071 3073 3081 3091 3078 3099 3099 3106 3082 3092 3090 3081 3093 3083 3074 3093 3076 3075 3061 3050 3042 3016 3003 3004 3011 3004 3007 3004 3010 3024 3014 3018 3006 3007
3011 3008 3003 2999 3004 3007 3022 3004 3005 3011 2998 3004 2999 3009 3005 3007 3001 3002 2998 3003 3001 3022 3039 3049 3065 3068 3075 3087 3080 3074 3085 3074 3091 3084 3091 3097 3095 3098 3098 3101 3082 3086 3091 3091 3093 3096 3075 3077 3065 3058 3041 3024 3016 3001 3015 3010 3009 3001 3022 3028 3026 3006 3010 2993
3011 3007 3008 2998 3011 3005 3017 3012 3002 3005 3009 2998 2989 3010 3007 3015 3015 3007 2998 2999 3003 3003 3034 3048 3052 3059 3066 3069 3089 3078 3071 3084 3097 3084 3086 3092 3085 3089 3091 3080 3089 3091 3093 3081 3086 3074 3068 3060 3045 3052 3037 3016 3018 3018 3012 2997 3005 3006 3012 3028 3012 3019 2998 3020
3014 3003 3002 3001 3011 3016 2993 3013 3000 3001 3007 2988 2990 2998 2991 2998 3001 3012 3006 3009 2993 3005 3025 3023 3049 3052 3077 3073 3071 3090 3076 3081 3080 3084 3090 3086 3091 3091 3075 3093 3085 3082 3091 3101 3082 3085 3063 3046 3046 3041 3022 3037 3019 3029 3011 3025 2992 3011 3028 3030 3020 3012 3001 3004
3009 3009 3013 3019 3003 3019 3004 3012 3015 2998 3004 2996 3004 3005 2998 3011 3003 2999 3015 3002 3001 3019 3013 3026 3050 3051 3067 3070 3078 3083 3077 3070 3084 3088 3088 3087 3088 3088 3083 3075 3086 3098 3096 3078 3078 3077 3073 3063 3044 3036 3036 3024 3029 3019 3025 3014 3013 3019 3026 3020 3008 3015 3004 2995
3014 3013 3015 3002 2998 3010 3006 3003 3012 3002 3001 3006 3017 3013 2992 2998 2996 3011 3010 2997 3007 3017 3007 3013 3030 3046 3083 3073 3077 3074 3083 3085 3088 3085 3098 3087 3084 3081 3093 3087 3094 3088 3100 3087 3082 3083 3069 3057 3043 3027 3032 3032 3030 3032 3028 3012 3017 3025 2998 3015 3008 2994 3012 3004
3000 3004 3000 3005 3005 3014 3007 3004 2993 3010 3000 3002 3007 3000 2996 2992 3008 3006 3016 3016 2991 3022 3004 3016 3025 3041 3057 3067 3078 3073 3077 3093 3088 3094 3091 3082 3089 3093 3091 3092 3093 3092 3094 3075 3088 3063 3061 3057 3051 3020 3038 3030 3029 3023 3021 3023 3020 3010 3009 3004 3003 3002 2988 2980
3008 3004 2996 3007 3003 3005 3030 3001 3007 3022 3005 3000 3012 2988 3002 2987 3011 3009 3008 2998 3018 2999 2994 3001 3012 3045 3060 3065 3085 3065 3068 3083 3093 3097 3081 3080 3092 3099 3084 3084 3090 3078 3079 3085 3078 3084 3073 3051 3032 3026 3027 3022 3033 3031 3024 3037 3019 3014 3017 3021 2999 3004 2998 3002
2999 3000 3001 3009 3002 3003 2990 3016 2992 3001 2990 3017 3005 2998 3001 3010 3004 2999 2990 3011 3011 2990 2993 3006 3016 3020 3042 3059 3066 3067 3078 3093 3086 3086 3080 3090 3091 3082 3090 3093 3100 3082 3095 3081 3090 3086 3066 3056 3036 3037 3035 3020 3020 3013 3040 3048 3020 3010 3004 2998 3003 3015 3008 3009
2999 3001 3003 2999 2991 2999 2992 2995 3005 2991 2986 3005 2999 3013 2999 3001 2987 2986 3007 3009 2988 2995 2990 2992 3002 3027 3052 3050 3072 3070 3082 3088 3095 3087 3090 3086 3090 3103 3078 3095 3091 3094 3087 3086 3086 3081 3067 3039 3041 3036 3028 3028 3028 3019 3033 3038 3028 3021 3017 2997 3009 3019 2997 3003
2989 3002 2997 3012 3004 3008 3013 2989 2986 2993 2993 3000 2986 2991 3004 3001 2999 3013 3005 3011 2994 2999 3004 2994 3009 3008 3027 3037 3063 3076 3079 3078 3074 3088 3088 3090 3109 3093 3088 3082 3084 3081 3088 3083 3075 3073 3061 3039 3053 3040 3010 3036 3023 3029 3035 3020 3023 3027 3009 3009 3013 3024 3006 2998
2998 3010 3015 3002 3007 3018 3005 3000 2982 2991 2997 2997 2997 3004 3001 3001 2995 2989 3001 2993 3000 2996 2996 3004 3000 3008 3027 3048 3062 3060 3076 3077 3082 3085 3081 3102 3101 3090 3088 3084 3074 3085 3090 3090 3074 3071 3051 3051 3045 3033 3029 3012 3033 3033 3028 3022 3021 3019 3006 3019 3024 3001 2992 3002
3010 3004 3007 2995 3010 3000 3006 3002 3009 3001 2988 3003 2997 3007 2994 3002 3006 3013 2997 3002 2999 3006 2999 2992 2995 3007 3028 3030 3056 3074 3070 3074 3075 3090 3089 3085 3085 3092 3078 3089 3087 3084 3081 3080 3080 3064 3047 3037 3032 3020 3017 3029 3016 3010 3008 3004 3015 3013 3019 3008 3015 3011 2996 2998
3014 2995 2993 2992 2999 3008 3001 3004 3011 3009 3003 3012 2995 3010 2997 3005 3016 2998 2988 3003 3004 3011 3015 3012 2995 3000 3016 3048 3068 3080 3076 3090 3087 3088 3079 3079 3086 3065 3084 3080 3077 3066 3086 3073 3066 3063 3040 3026 3010 2996 3009 3011 3004 3007 3016 3011 3014 3001 3012 3008 3002 3008 2985 2987
3009 3000 2986 2983 3007 3013 3007 3006 3010 3012 3009 3008 2988 3006 3012 3009 2986 3000 2996 2999 3002 3000 2997 2997 3019 3001 3029 3053 3064 3066 3087 3097 3083 3081 3098 3085 3096 3079 3082 3081 3079 3072 3073 3085 3054 3066 3052 3018 3014 3023 3008 3007 3003 3011 3016 2998 3005 3009 3012 3013 3013 2992 2992 2993
3014 2999 2985 2982 2987 3004 2991 2999 3004 3010 3001 3004 3001 3011 3011 3002 3000 3006 3006 2989 3004 2995 2996 3015 3008 3027 3041 3078 3059 3075 3072 3078 3091 3094 3067 3082 3073 3081 3086 3080 3096 3087 3078 3079 3069 3066 3044 3050 3028 3019 3010 3007 2998 3002 2996 3000 2997 3016 3015 3017 3011 2997 3005 3003
3008 3006 2995 2993 2988 3011 3003 3010 3003 2997 3003 2992 3000 3002 3010 3005 3006 2997 3007 3002 3008 3018 3013 3022 3037 3036 3058 3072 3076 3074 3077 3075 3082 3078 3074 3077 3080 3066 3080 3088 3076 3082 3086 3083 3068 3074 3064 3055 3028 3030 3023 3037 3024 3030 3019 3007 3014 3021 3029 3024 3033 3037 3018 3009
3017 3015 3001 2992 3004 2998 2992 3006 2987 2989 2985 2991 2999 3008 2996 2999 3009 3015 3012 2999 3004 3012 3012 3032 3046 3066 3054 3078 3068 3081 3075 3077 3083 3090 3097 3090 3068 3085 3078 3079 3080 3085 3088 3084 3072 3065 3067 3071 3045 3034 3033 3037 3016 3041 3031 3027 3026 3033 3050 3033 3036 3028 3035 3036
2989 2999 3012 3007 2996 3001 3007 3010 3008 3007 3005 2987 3003 3003 3000 3011 3018 3020 3014 3022 3015 3027 3032 3050 3054 3065 3075 3084 3084 3077 3084 3076 3090 3092 3093 3091 3080 3070 3089 3080 3087 3085 3095 3091 3083 3076 3060 3065 3053 3040 3040 3049 3052 3057 3040 3050 3041 3039 3041 3039 3042 3041 3050 3032
3017 3011 3006 3007 3009 3004 2989 3009 3012 3007 3000 3004 2996 3003 3023 3016 3014 3033 3024 3034 3050 3055 3041 3043 3059 3066 3090 3092 3081 3085 3083 3068 3088 3082 3092 3079 3074 3086 3084 3084 3082 3076 3086 3077 3083 3078 3069 3058 3069 3057 3068 3050 3066 3070 3063 3062 3056 3069 3043 3048 3054 3040 3045 3033
2993 3002 3011 3012 3012 2999 3015 2996 3012 3008 3016 3004 3026 3028 3018 3013 3014 3030 3035 3043 3052 3057 3059 3058 3057 3065 3093 3086 3065 3086 3075 3086 3077 3075 3070 3078 3070 3086 3084 3080 3079 3088 3076 3076 3080 3084 3069 3070 3058 3077 3069 3070 3060 3073 3055 3060 3061 3055 3054 3060 3042 3041 3043 3055
2993 2989 3006 3003 2998 3003 3004 3010 3036 3023 3012 3031 3036 3039 3028 3030 3053 3055 3051 3052 3060 3062 3048 3044 3056 3060 3087 3090 3079 3083 3078 3065 3077 3068 3066 3081 3083 3085 3074 3076 3076 3073 3079 3079 3081 3073 3081 3073 3067 3074 3071 3072 3071 3064 3057 3048 3072 3062 3064 3040 3051 3053 3058 3048
2995 2987 2998 2987 3004 3006 3012 3020 3029 3027 3034 3044 3035 3053 3038 3042 3048 3047 3057 3060 3057 3062 3058 3076 3073 3062 3072 3085 3077 3077 3075 3072 3092 3076 3073 3078 3092 3086 3080 3080 3064 3079 3084 3083 3066 3053 3076 3075 3071 3076 3066 3059 3072 3068 3059 3055 3066 3056 3062 3064 3066 3060 3056 3062
3001 2988 2985 2997 3009 3031 3026 3040 3052 3046 3042 3042 3069 3051 3053 3049 3042 3055 3063 3063 3055 3070 3060 3063 3050 3072 3061 3060 3080 3078 3076 3075 3072 3094 3076 3075 3086 3084 3083 3078 3086 3089 3084 3079 3064 3071 3064 3061 3062 3065 3057 3049 3066 3053 3065 3057 3070 3072 3078 3073 3070 3061 3059 3060
2998 2990 2984 3002 3004 3024 3027 3029 3060 3049 3049 3047 3061 3052 3047 3048 3056 3051 3078 3057 3055 3061 3059 3072 3063 3082 3064 3056 3076 3072 3069 3063 3073 3068 3074 3076 3076 3090 3081 3092 3075 3084 3086 3091 3064 3071 3070 3089 3072 3056 3065 3062 3055 3062 3054 3053 3061 3065 3067 3061 3058 3067 3059 3056
3007 3000 2992 3003 3032 3018 3047 3039 3051 3053 3055 3066 3068 3054 3047 3062 3057 3056 3081 3082 3056 3056 3061 3078 3084 3062 3059 3051 3058 3059 3064 3076 3085 3078 3070 3079 3070 3085 3073 3088 3070 3089 3094 3094 3066 3077 3073 3074 3070 3077 3064 3049 3057 3044 3059 3057 3060 3066 3056 3071 3063 3063 3054 3044
3014 3033 3026 3031 3032 3042 3051 3042 3046 3052 3064 3064 3055 3058 3057 3062 3059 3063 3062 3071 3054 3065 3069 3070 3056 3060 3063 3058 3048 3060 3057 3069 3077 3076 3070 3067 3086 3071 3068 3076 3071 3076 3083 3085 3070 3068 3064 3082 3075 3063 3078 3059 3062 3062 3063 3057 3064 3044 3048 3059 3057 3058 3059 3063
3022 3043 3040 3037 3048 3056 3052 3053 3067 3063 3064 3064 3065 3052 3063 3057 3056 3070 3064 3055 3064 3056 3059 3064 3065 3062 3059 3067 3048 3054 3051 3061 3072 3066 3072 3083 3068 3064 3052 3077 3075 3079 3073 3084 3075 3073 3070 3068 3058 3084 3076 3073 3062 3064 3062 3075 3061 3055 3059 3051 3056 3068 3056 3070
3025 3038 3043 3049 3056 3058 3052 3035 3060 3042 3050 3051 3061 3056 3054 3059 3069 3066 3056 3060 3065 3063 3058 3061 3062 3069 3053 3054 3062 3060 3049 3060 3057 3073 3081 3089 3071 3071 3066 3066 3056 3074 3083 3080 3072 3065 3065 3061 3065 3071 3067 3072 3065 3073 3073 3060 3051 3053 3044 3039 3057 3063 3069 3078
3039 3050 3043 3051 3069 3058 3043 3053 3049 3048 3063 3064 3065 3057 3061 3082 3070 3058 3052 3064 3064 3054 3063 3053 3076 3056 3064 3052 3068 3062 3057 3064 3062 3058 3071 3072 3062 3057 3048 3059 3072 3072 3084 3066 3058 3064 3070 3061 3073 3077 3064 3071 3060 3081 3075 3070 3059 3041 3053 3055 3047 3068 3067 3063
3029 3046 3042 3044 3055 3050 3057 3053 3052 3055 3060 3076 3054 3061 3062 3061 3076 3079 3067 3055 3065 3061 3052 3055 3071 3049 3050 3038 3053 3059 3066 3068 3071 3077 3068 3079 3051 3066 3055 3071 3069 3072 3062 3060 3059 3082 3058 3058 3062 3055 3062 3051 3065 3053 3073 3070 3058 3057 3048 3043 3061 3069 3057 3057
3049 3049 3031 3042 3058 3064 3053 3048 3042 3059 3074 3071 3062 3061 3063 3070 3075 3062 3066 3049 3060 3061 3054 3059 3052 3061 3058 3061 3060 3067 3073 3068 3065 3071 3063 3060 3061 3064 3062 3046 3063 3072 3065 3051 3060 3075 3066 3070 3069 3059 3059 3053 3058 3063 3060 3067 3064 3048 3049 3054 3056 3060 3057 3046
3045 3040 3045 3065 3060 3062 3061 3063 3050 3061 3064 3071 3067 3057 3062 3060 3060 3067 3049 3060 3047 3054 3060 3057 3064 3065 3040 3055 3041 3057 3052 3069 3072 3065 3060 3056 3055 3057 3051 3063 3059 3071 3054 3060 3060 3043 3064 3064 3065 3060 3062 3066 3046 3047 3064 3066 3072 3055 3049 3052 3063 3065 3060 3043
3037 3040 3058 3056 3074 3083 3055 3066 3058 3059 3061 3063 3058 3061 3039 3050 3058 3060 3051 3065 3053 3063 3053 3065 3066 3053 3060 3053 3070 3053 3062 3047 3046 3065 3057 3062 3067 3054 3052 3071 3063 3065 3047 3066 3050 3059 3071 3080 3073 3060 3056 3066 3060 3050 3053 3066 3062 3063 3058 3053 3055 3072 3069 3056
