3061 3042 3055 3051 3062 3056 3076 3074 3067 3058 3044 3046 3057 3051 3050 3058 3054 3031 3059 3053 3048 3052 3053 3064 3076 3081 3069 3062 3055 3042 3060 3064 3044 3051 3055 3052 3050 3042 3033 3039 3033 3017 3023 3024 3013 3024 3012 2996 3010 3007 3025 3031 3015 2998 3010 3015 3003 2998 3004 2996 3006 3003 2990 2989
3057 3053 3041 3046 3050 3050 3065 3045 3049 3054 3041 3049 3066 3052 3055 3063 3052 3034 3062 3059 3051 3057 3063 3064 3078 3069 3060 3052 3060 3045 3062 3058 3053 3048 3040 3048 3036 3031 3036 3026 3043 3036 3021 3020 3026 3015 3020 3011 3008 3020 3012 3020 2998 3004 3007 3010 3020 2992 2996 3011 3010 3006 2993 3004
3047 3047 3047 3053 3036 3032 3028 3036 3044 3048 3055 3059 3062 3066 3050 3057 3067 3047 3051 3051 3072 3063 3063 3063 3061 3060 3054 3061 3056 3062 3051 3059 3041 3055 3052 3046 3042 3027 3033 3022 3038 3030 3027 3022 3016 3019 3016 3004 3024 3011 3013 3017 3003 2999 3013 3022 3001 3000 2998 2996 3007 3000 3001 2994
3058 3035 3033 3033 3045 3033 3056 3057 3055 3072 3060 3056 3052 3057 3049 3054 3048 3059 3049 3055 3073 3065 3064 3060 3066 3065 3046 3064 3069 3059 3047 3043 3039 3051 3036 3045 3044 3031 3050 3038 3033 3043 3034 3027 3018 3019 3013 3010 3024 3013 3007 3003 2995 2988 3001 3011 2999 3004 2989 3000 3001 3004 3002 2977
3035 3030 3047 3040 3039 3041 3060 3058 3062 3057 3056 3051 3057 3039 3042 3052 3058 3054 3043 3055 3070 3059 3066 3061 3058 3073 3066 3067 3080 3072 3062 3055 3042 3039 3032 3027 3027 3041 3044 3045 3047 3030 3034 3030 3037 3023 3023 3020 3014 3016 3008 2992 2988 3002 3007 3002 2994 3007 3001 3001 2995 3007 3005 2998
3048 3043 3032 3035 3041 3045 3049 3053 3052 3051 3046 3042 3057 3050 3045 3054 3062 3056 3047 3049 3069 3059 3072 3060 3062 3075 3069 3092 3085 3075 3068 3064 3048 3057 3062 3051 3039 3035 3039 3044 3050 3028 3040 3044 3032 3023 3025 3019 3015 3025 2996 3003 2998 3003 2994 3012 2996 3007 2999 2990 3011 2995 2988 2995
3047 3037 3047 3048 3050 3045 3046 3042 3056 3057 3055 3057 3057 3050 3047 3054 3066 3058 3051 3057 3069 3058 3079 3095 3085 3077 3085 3083 3085 3079 3066 3073 3061 3071 3073 3059 3051 3039 3033 3044 3031 3039 3031 3023 3039 3037 3032 3021 3023 2994 3011 3001 3008 3003 3000 2997 3000 3004 3007 2985 2996 2993 3000 3000
3011 3008 3014 3020 3009 3003 3018 3026 3030 3015 3033 3036 3028 3015 3046 3035 3024 3041 3033 3035 3050 3050 3060 3065 3071 3071 3074 3072 3077 3076 3056 3071 3069 3068 3061 3051 3053 3037 3027 3040 3037 3020 3027 3029 3043 3042 3014 3023 3019 2997 2993 3000 3006 2996 2989 2986 2991 3000 3019 2992 2994 2991 2989 3001
2972 2982 2997 2977 2954 2966 2996 2989 2999 2996 3003 3001 3001 3010 3014 3027 3000 3011 3016 3013 3045 3038 3050 3055 3057 3067 3077 3085 3067 3072 3065 3075 3087 3060 3062 3041 3040 3050 3042 3027 3039 3023 3026 3041 3032 3039 3038 3021 3021 3024 3022 3008 3012 3008 2995 2978 2986 2990 2993 2992 2993 3003 3001 2995
2958 2979 2978 2986 2967 2967 2991 2989 2994 2997 3011 2996 3001 2996 3005 2982 3012 3008 3011 3027 3039 3047 3053 3036 3060 3069 3084 3090 3073 3073 3077 3079 3076 3073 3071 3056 3050 3043 3036 3026 3033 3025 3030 3039 3028 3035 3033 3029 3026 3032 3014 3002 3004 3013 3001 3007 3001 3007 3004 2995 2990 2990 2991 2999
2960 2970 2984 2976 2980 2990 3009 2998 3004 3001 3010 3016 3012 2999 2993 2995 3014 3012 3029 3043 3042 3048 3064 3076 3055 3080 3081 3096 3080 3088 3082 3081 3072 3069 3071 3062 3063 3053 3049 3025 3033 3022 3044 3042 3031 3026 3038 3019 3036 3033 3027 3022 3010 3000 3014 3015 3010 3006 2980 2994 2996 2997 3001 2994
2967 2970 2976 2985 2978 2994 3005 3001 3003 2995 3018 3011 3018 3005 3004 2995 3012 3018 3033 3053 3041 3068 3066 3085 3084 3080 3082 3078 3085 3072 3090 3075 3073 3077 3067 3068 3066 3051 3039 3029 3034 3036 3051 3039 3033 3057 3043 3044 3040 3049 3041 3016 3022 2999 3006 3017 3013 3011 3003 2994 2987 2982 3005 2987
2974 2973 2981 2976 2991 2977 3009 3004 3009 3000 3019 3011 3025 3007 3002 3025 3023 3046 3058 3048 3076 3072 3086 3069 3082 3070 3093 3089 3077 3082 3093 3083 3089 3084 3080 3078 3062 3053 3039 3033 3049 3046 3045 3040 3045 3056 3057 3058 3058 3048 3046 3032 3030 3015 3015 2994 3011 3004 2995 2999 2996 2977 3001 2994
2974 2976 2975 2998 2995 2986 3003 2998 3006 3014 3022 3010 3022 3018 3014 3040 3035 3046 3070 3065 3081 3080 3081 3077 3077 3089 3086 3077 3070 3081 3087 3087 3091 3082 3079 3099 3073 3069 3045 3036 3044 3047 3040 3044 3054 3055 3058 3058 3067 3063 3045 3029 3027 3020 3006 2995 3013 3003 2996 2985 2988 2982 2990 2992
2977 2993 2990 3003 2988 2994 2996 2989 3007 3021 3006 3015 3001 3005 3012 3035 3052 3065 3054 3068 3069 3082 3085 3087 3078 3067 3088 3086 3097 3076 3083 3072 3079 3087 3084 3089 3090 3081 3066 3035 3046 3030 3051 3056 3066 3059 3066 3069 3069 3073 3046 3048 3030 3015 3013 3015 3000 2996 2996 2992 2993 2978 2991 3000
2984 2979 2983 2988 2990 2991 3002 3015 3010 3008 3023 3010 3010 3013 3034 3045 3051 3065 3068 3070 3072 3091 3082 3085 3086 3089 3079 3073 3085 3088 3096 3078 3082 3079 3081 3087 3100 3082 3063 3058 3043 3039 3048 3066 3061 3076 3065 3070 3066 3052 3053 3054 3030 3009 2998 3016 2999 2994 2998 2989 2993 2986 2983 2990
2984 2989 2993 2992 2994 3008 3019 3016 3023 3016 3014 3019 3020 3033 3051 3061 3055 3076 3085 3071 3082 3072 3071 3074 3099 3089 3068 3082 3070 3085 3092 3089 3088 3089 3100 3082 3083 3075 3065 3055 3056 3048 3037 3049 3070 3086 3073 3065 3074 3065 3062 3043 3036 3009 3007 2989 2997 2986 2993 2980 2989 2999 2999 2995
2993 3003 2981 2986 2993 3016 3016 3024 3017 3022 3015 3024 3024 3036 3051 3066 3061 3071 3068 3084 3077 3080 3068 3084 3082 3090 3087 3079 3079 3085 3095 3088 3088 3088 3094 3084 3073 3083 3070 3055 3046 3062 3054 3051 3076 3088 3085 3086 3075 3070 3064 3057 3023 3014 3004 3001 2989 2996 2994 2986 2992 2986 3002 3000
3007 3008 2991 2998 3015 3007 3011 3023 3029 3021 3018 3023 3036 3037 3070 3074 3082 3089 3076 3072 3081 3086 3064 3079 3079 3080 3093 3085 3075 3092 3083 3096 3092 3081 3080 3087 3079 3072 3066 3071 3057 3059 3057 3048 3084 3092 3076 3078 3078 3074 3059 3050 3034 3013 3009 3011 2990 2989 2995 2995 2990 2991 2997 2986
3000 3008 3003 3003 3010 3016 3027 3024 3024 3040 3023 3020 3039 3059 3068 3070 3083 3081 3078 3075 3086 3089 3068 3069 3084 3087 3087 3091 3080 3079 3095 3087 3071 3078 3079 3082 3079 3082 3086 3088 3065 3048 3060 3051 3059 3092 3082 3083 3078 3071 3059 3054 3026 3004 3013 3003 3005 2988 3006 2991 2985 2978 2976 2999
3017 3005 3001 3011 3022 3017 3004 3030 3029 3023 3037 3039 3046 3077 3080 3082 3086 3079 3075 3081 3086 3092 3096 3090 3092 3090 3085 3090 3081 3083 3091 3094 3076 3077 3074 3071 3088 3070 3075 3082 3081 3059 3055 3063 3067 3086 3090 3084 3082 3076 3064 3052 3031 3019 2999 3003 2995 2993 2996 3003 2998 2988 2998 2998
2999 3010 2988 3005 3004 3013 3021 3018 3028 3034 3048 3042 3054 3057 3069 3074 3075 3071 3078 3075 3085 3086 3076 3070 3077 3074 3082 3082 3076 3090 3090 3094 3094 3078 3066 3079 3082 3063 3082 3071 3080 3070 3055 3063 3063 3096 3079 3081 3078 3072 3061 3046 3036 3012 2999 3015 3009 3003 2992 3003 2982 2980 2996 3001
3006 3006 3014 3027 3027 3025 3026 3020 3026 3039 3047 3050 3048 3062 3072 3070 3074 3075 3073 3072 3068 3079 3067 3094 3075 3079 3070 3073 3094 3069 3072 3092 3089 3088 3086 3086 3082 3089 3090 3090 3084 3072 3065 3064 3063 3077 3076 3078 3075 3080 3066 3060 3029 3015 3018 3016 3007 2998 3013 3023 3003 2983 3003 3013
2999 3019 2998 3013 3027 3015 3023 3032 3020 3030 3041 3047 3059 3065 3073 3078 3066 3074 3082 3073 3083 3074 3073 3079 3072 3081 3081 3094 3091 3097 3092 3088 3083 3086 3092 3078 3073 3073 3079 3087 3068 3076 3080 3065 3066 3077 3082 3073 3069 3079 3059 3044 3033 3029 3021 3010 3007 3008 3001 2994 3003 2996 3012 3012
3012 3004 2999 3000 3020 3023 3021 3024 3031 3037 3049 3065 3069 3072 3078 3086 3059 3071 3088 3065 3078 3075 3072 3083 3090 3077 3089 3087 3083 3075 3091 3077 3086 3094 3098 3084 3080 3095 3081 3081 3075 3077 3058 3062 3081 3088 3077 3084 3082 3079 3062 3047 3026 3018 3017 2995 3000 2997 3008 2989 3007 2998 3020 3022
3002 2989 2999 3000 2991 3005 3001 3026 3029 3051 3051 3054 3076 3094 3087 3079 3076 3072 3085 3076 3067 3073 3065 3078 3086 3087 3080 3094 3081 3080 3103 3078 3085 3096 3085 3094 3089 3083 3092 3081 3084 3064 3073 3068 3082 3077 3083 3078 3075 3077 3060 3060 3021 3012 3008 3001 2997 2993 3006 2986 2993 2997 3007 3008
2988 2993 3002 2990 2998 2999 3011 3019 3026 3053 3067 3085 3087 3092 3084 3070 3079 3079 3077 3074 3077 3074 3068 3080 3078 3084 3083 3065 3086 3099 3090 3090 3089 3093 3083 3093 3083 3081 3085 3065 3087 3088 3091 3083 3082 3081 3083 3090 3084 3077 3065 3046 3034 3019 3007 3015 3006 3002 2992 2988 2987 3003 2999 3011
2999 3000 2995 3010 2996 2995 3000 3001 3039 3045 3063 3075 3090 3087 3067 3080 3087 3075 3078 3084 3084 3078 3067 3088 3086 3087 3073 3081 3084 3077 3089 3102 3101 3096 3100 3104 3092 3088 3076 3084 3084 3077 3093 3073 3084 3080 3091 3084 3081 3082 3064 3054 3038 3007 3008 3000 2994 3001 2986 2998 2992 2994 3005 3003
3006 2990 3002 2986 3005 2993 2988 2997 3019 3046 3054 3072 3081 3086 3079 3072 3087 3083 3082 3078 3078 3077 3066 3093 3085 3085 3090 3090 3095 3101 3101 3094 3098 3114 3110 3095 3089 3081 3084 3087 3078 3081 3077 3081 3088 3098 3085 3088 3085 3097 3064 3056 3011 3002 3002 2987 2994 3001 2996 3012 2999 3012 3012 3017
2999 3002 2991 2997 3011 3000 3006 3001 3036 3055 3074 3070 3083 3078 3074 3075 3081 3087 3081 3090 3077 3074 3072 3076 3094 3091 3086 3093 3083 3081 3090 3092 3090 3085 3099 3094 3091 3086 3078 3088 3078 3083 3083 3081 3079 3087 3074 3086 3089 3088 3066 3041 3027 3006 3002 2985 3000 3004 2994 2997 2999 3001 3021 3024
2994 2992 3016 2991 3006 2999 3011 3012 3030 3050 3069 3071 3070 3076 3071 3067 3077 3089 3086 3097 3079 3089 3092 3088 3093 3086 3079 3080 3093 3096 3087 3086 3082 3081 3090 3080 3085 3069 3078 3086 3075 3078 3076 3084 3078 3075 3085 3078 3090 3086 3052 3044 3015 3017 2999 2992 3004 2997 3009 2992 3010 2991 3004 3022
2990 3005 2997 3003 2992 3009 3009 3023 3042 3065 3054 3088 3073 3078 3074 3069 3076 3095 3080 3091 3080 3076 3080 3090 3080 3082 3086 3090 3082 3087 3085 3080 3066 3076 3094 3078 3076 3071 3080 3080 3085 3089 3087 3088 3084 3080 3090 3090 3079 3076 3057 3035 3029 3011 3006 2996 3005 3006 3004 3006 3005 3010 3007 3001
3005 3001 3006 2989 2993 3008 3010 3021 3041 3047 3059 3065 3069 3064 3074 3074 3083 3077 3075 3077 3074 3070 3070 3090 3091 3098 3087 3102 3079 3083 3072 3088 3077 3081 3080 3085 3090 3085 3092 3085 3087 3087 3079 3075 3082 3094 3095 3079 3080 3076 3044 3035 3015 3015 2995 2991 2988 2996 3005 3009 3011 3004 3022 2994
2998 2998 2997 3003 3006 3008 3023 3019 3029 3054 3059 3066 3074 3075 3074 3078 3080 3079 3083 3078 3072 3075 3082 3072 3082 3093 3083 3085 3075 3081 3080 3088 3066 3072 3078 3083 3080 3087 3082 3091 3083 3090 3093 3085 3084 3078 3090 3076 3080 3065 3045 3028 3025 3001 3006 2991 3001 3011 2996 3013 3014 3001 3019 3016
3016 3010 3018 3024 3014 3008 3025 3022 3022 3050 3050 3076 3076 3080 3081 3080 3072 3070 3077 3091 3093 3079 3083 3086 3089 3092 3086 3096 3084 3093 3091 3082 3084 3072 3081 3080 3084 3089 3094 3089 3083 3078 3076 3073 3076 3087 3075 3072 3083 3055 3051 3024 3001 2997 2989 3011 3003 3017 3006 3010 3012 3019 3023 3018
3017 3010 3016 3026 3019 3025 3024 3011 3024 3039 3044 3054 3066 3076 3085 3086 3068 3076 3070 3081 3076 3082 3084 3081 3102 3091 3073 3084 3089 3104 3087 3077 3087 3081 3083 3084 3088 3090 3090 3086 3084 3096 3075 3086 3081 3078 3074 3072 3070 3059 3053 3038 3011 2994 3003 2997 3005 3023 3016 3004 3017 3014 3019 3030
2998 3009 3022 3017 3022 3008 3018 3017 3022 3029 3043 3066 3072 3064 3076 3065 3064 3082 3070 3070 3083 3088 3074 3098 3090 3091 3087 3082 3099 3084 3097 3085 3094 3083 3075 3078 3087 3065 3082 3081 3095 3083 3084 3103 3086 3080 3075 3062 3062 3059 3042 3024 3012 3003 3004 3015 3011 3012 3000 3010 3004 3000 3017 3013
3001 3003 3003 3024 3016 3018 3013 3027 3043 3038 3054 3063 3066 3062 3076 3067 3087 3068 3079 3072 3086 3082 3087 3094 3087 3091 3084 3067 3073 3093 3091 3104 3077 3086 3086 3073 3084 3092 3081 3076 3082 3091 3082 3084 3083 3074 3088 3064 3063 3063 3035 3019 3027 2999 2992 3008 3002 2995 3011 3005 3007 2999 3007 3013
2995 2993 3005 3017 3020 3016 3026 3029 3040 3054 3052 3080 3062 3069 3077 3077 3070 3076 3070 3077 3091 3085 3084 3090 3098 3086 3082 3089 3087 3091 3094 3093 3087 3080 3078 3092 3087 3081 3071 3085 3079 3075 3081 3075 3089 3096 3080 3075 3073 3061 3043 3036 3017 3012 3005 2992 3012 3002 3007 2989 2993 3004 2996 3004
3010 3015 2995 3018 3020 3024 3038 3037 3037 3047 3063 3064 3051 3056 3074 3069 3084 3069 3067 3069 3085 3079 3069 3078 3091 3081 3089 3083 3094 3089 3090 3089 3086 3076 3084 3086 3087 3079 3079 3078 3079 3085 3081 3077 3071 3070 3075 3073 3061 3066 3031 3014 3022 3007 2994 3002 3004 3011 3009 2998 2988 2987 2996 2995
3007 3012 3007 3010 3032 3041 3057 3053 3043 3058 3065 3060 3056 3060 3060 3063 3075 3076 3061 3073 3072 3078 3077 3085 3082 3097 3097 3091 3082 3076 3080 3087 3095 3087 3089 3081 3083 3071 3086 3087 3082 3068 3084 3084 3078 3056 3067 3072 3075 3058 3039 3009 3007 2997 2988 2994 3001 2996 3003 2993 2981 2999 3003 3006
3016 3004 3019 3031 3036 3037 3061 3062 3045 3041 3055 3044 3055 3061 3078 3061 3062 3072 3060 3074 3077 3081 3075 3077 3087 3087 3093 3084 3082 3079 3090 3098 3101 3095 3089 3087 3087 3076 3085 3068 3082 3079 3070 3082 3069 3053 3060 3061 3062 3068 3031 3004 3001 3001 2996 2983 2998 2996 2999 2988 2991 3000 3009 3021
3008 3015 3019 3028 3060 3053 3066 3062 3058 3050 3038 3036 3040 3059 3051 3060 3063 3077 3065 3067 3067 3071 3081 3085 3075 3084 3082 3094 3103 3092 3095 3087 3101 3088 3098 3092 3083 3074 3073 3094 3092 3082 3086 3081 3079 3069 3066 3068 3066 3054 3031 3012 2995 3000 2985 2990 3000 3007 3002 2998 2993 3004 3002 3018
3002 3022 3016 3044 3042 3056 3060 3050 3053 3043 3041 3034 3026 3045 3060 3076 3077 3079 3072 3088 3070 3066 3079 3083 3083 3086 3082 3096 3106 3094 3097 3094 3091 3079 3096 3093 3086 3092 3082 3097 3073 3084 3101 3093 3086 3078 3075 3068 3059 3045 3029 3023 3007 3005 2991 2975 2999 2998 3000 3002 2996 2986 3002 2992
3017 3008 3012 3030 3046 3045 3057 3038 3043 3036 3033 3021 3007 3032 3059 3073 3065 3072 3086 3085 3072 3087 3072 3069 3060 3075 3081 3089 3106 3104 3090 3088 3098 3097 3085 3070 3078 3083 3089 3087 3082 3086 3082 3085 3086 3074 3082 3075 3051 3052 3031 3012 3006 3000 3002 2978 2988 3011 3009 2999 2992 2992 2983 3000
3025 3030 3006 3036 3032 3061 3049 3042 3026 3025 3016 3009 2983 3019 3062 3069 3070 3069 3067 3086 3076 3078 3087 3067 3073 3072 3093 3082 3084 3087 3080 3095 3079 3087 3092 3085 3075 3070 3077 3081 3078 3076 3081 3081 3077 3081 3091 3079 3058 3034 3013 3002 2994 3012 2999 2997 2999 3006 3009 2985 3002 2992 3004 2989
3019 3023 3017 3040 3021 3022 3046 3019 3013 3016 3011 2998 2998 3012 3047 3064 3057 3073 3072 3080 3087 3069 3080 3087 3084 3070 3086 3085 3081 3087 3092 3078 3084 3077 3096 3082 3079 3090 3075 3064 3077 3086 3077 3091 3077 3082 3080 3074 3042 3040 3007 2985 2991 2993 2992 2983 2988 2986 3006 2991 3004 3001 2988 3000
3021 3028 3031 3031 3028 3027 3030 3013 3006 3001 3002 3001 2999 3017 3031 3048 3067 3073 3069 3071 3071 3069 3069 3087 3084 3080 3083 3085 3080 3081 3080 3089 3087 3083 3090 3073 3081 3069 3077 3075 3078 3090 3094 3089 3087 3059 3053 3072 3036 3016 2993 2983 2988 2996 2993 2984 2990 3000 2991 2993 2986 2997 2992 2996
3017 3025 3039 3032 3018 3019 3033 3024 2996 2995 3001 2997 3000 3012 3021 3045 3062 3060 3074 3060 3073 3077 3081 3086 3086 3082 3068 3085 3068 3085 3083 3090 3083 3083 3088 3085 3082 3089 3101 3093 3079 3092 3106 3092 3082 3080 3062 3040 3047 3005 3006 2999 3005 2997 2987 3004 2984 2983 2995 2994 2992 2986 3007 2991
3023 3026 3025 3017 3006 3008 3031 3018 3009 2999 2995 2992 2989 2996 3015 3028 3058 3061 3069 3056 3081 3084 3081 3080 3087 3081 3083 3092 3081 3077 3094 3087 3072 3092 3095 3091 3081 3090 3100 3087 3103 3092 3084 3085 3080 3070 3069 3045 3032 3008 3012 3007 3002 2999 3005 3003 3008 2990 2993 3002 3004 2992 2999 2992
3002 3015 3024 3004 2999 3014 3002 3013 2986 2995 2993 3004 3007 3009 3008 3033 3059 3051 3080 3076 3073 3085 3078 3085 3099 3102 3093 3092 3085 3078 3082 3073 3086 3073 3071 3083 3088 3094 3081 3084 3096 3101 3085 3073 3073 3069 3046 3039 3024 3017 3022 3000 2991 3014 3000 2994 3002 3003 2987 3007 2995 2991 2989 2986
3021 3014 3017 3025 3003 3000 2987 2994 3010 2994 2996 3001 2991 3006 3015 3022 3043 3051 3063 3077 3082 3088 3075 3097 3091 3100 3097 3110 3094 3087 3083 3076 3067 3069 3070 3088 3097 3095 3088 3092 3091 3101 3083 3068 3064 3063 3036 3027 3022 3020 3018 2997 2988 2978 3003 3001 2992 2999 3007 2995 2993 2991 2992 2986
3016 3016 3018 3012 3009 3013 3002 3008 2992 3000 3001 2986 3005 3008 3010 3024 3018 3034 3051 3070 3070 3083 3085 3093 3073 3092 3100 3090 3087 3087 3080 3088 3085 3082 3088 3083 3076 3088 3085 3082 3091 3086 3086 3069 3065 3042 3022 3003 3018 3009 3004 2997 2999 3001 2990 2991 2997 3008 2995 3002 2997 2991 3011 3007
3023 3013 3014 3018 3009 2988 3000 3006 2999 3001 3009 2990 3004 2993 3004 2991 3000 3026 3064 3068 3090 3084 3078 3082 3084 3093 3088 3093 3084 3099 3084 3089 3089 3081 3085 3087 3080 3085 3082 3074 3081 3096 3093 3076 3046 3038 3018 3004 3001 3005 3008 2987 2996 2991 3002 2991 2990 2988 3006 2999 3003 3004 3016 3013
3022 3013 3014 3010 3005 3007 3013 3008 3011 2995 2991 3000 2990 3000 2988 3009 3015 3040 3053 3074 3078 3076 3078 3076 3089 3083 3081 3090 3092 3094 3084 3081 3108 3091 3084 3089 3086 3080 3087 3058 3086 3078 3082 3076 3042 3036 3021 2998 2996 3001 3007 3008 3009 2998 2984 2989 2998 2997 2995 3007 3001 2991 3007 3001
3013 3010 3002 3009 2998 3009 3005 2994 3021 3015 3006 2997 2994 3008 2994 3003 3024 3048 3056 3068 3075 3086 3069 3081 3081 3086 3081 3084 3079 3084 3088 3086 3099 3084 3087 3079 3069 3090 3083 3081 3078 3091 3075 3065 3046 3025 3024 3022 2986 2997 3000 3016 3005 2998 2998 3000 3005 2985 3010 3004 3005 3007 3001 2993
3004 3002 2997 2995 3004 2991 2992 2994 3009 3008 2999 2999 2993 2995 3010 3005 3016 3029 3063 3068 3075 3076 3092 3100 3084 3096 3086 3091 3092 3092 3090 3081 3094 3100 3096 3082 3095 3092 3080 3082 3094 3081 3082 3072 3049 3023 3029 3000 3001 3005 3004 3011 2997 3007 2981 2994 2991 3013 3002 3023 3020 3019 3016 3004
2994 2997 3010 3003 3007 2987 2980 3000 3003 3001 2993 3000 2997 3001 3014 3020 3009 3022 3046 3074 3078 3088 3094 3098 3113 3095 3088 3087 3097 3096 3092 3091 3087 3095 3088 3101 3095 3090 3090 3073 3076 3085 3059 3061 3042 3026 3009 3015 3006 3015 2999 3004 3005 2999 3002 2997 3008 3016 3033 3025 3023 3029 3017 3016
2985 2994 3005 2990 2996 3000 2996 2994 3006 3000 3016 3014 3022 3014 3023 3032 3043 3056 3078 3074 3071 3084 3084 3099 3106 3090 3104 3092 3095 3106 3079 3086 3089 3085 3093 3100 3095 3098 3076 3096 3077 3080 3078 3076 3050 3042 3017 3020 3007 3014 3003 3010 3003 3008 3005 3014 3008 3011 3019 3038 3023 3031 3022 3019
2983 2984 2998 3005 3008 3000 3011 3010 3009 3011 3020 3022 3035 3041 3023 3051 3067 3080 3082 3083 3088 3074 3085 3086 3106 3092 3096 3098 3101 3089 3094 3092 3091 3083 3107 3101 3104 3100 3090 3075 3085 3088 3084 3086 3065 3032 3040 3013 3007 3008 3002 2995 2997 3001 2992 3011 3003 3006 3028 3031 3022 3025 3020 3015
3000 3002 2990 2996 2996 3015 3010 3019 3010 3018 3020 3033 3027 3046 3041 3055 3072 3071 3092 3086 3091 3086 3093 3097 3101 3089 3082 3092 3096 3085 3090 3091 3079 3085 3087 3094 3083 3093 3082 3091 3082 3089 3090 3086 3071 3060 3043 3039 3032 3031 3025 3007 3006 3011 3011 3018 3008 3004 3027 3031 3014 3035 3008 3024
3026 3015 2999 3017 3022 3022 3019 3018 3024 3025 3027 3038 3045 3042 3052 3059 3079 3088 3088 3093 3094 3089 3098 3085 3081 3094 3081 3094 3087 3078 3080 3077 3077 3085 3089 3083 3091 3096 3084 3076 3076 3076 3089 3082 3083 3077 3049 3042 3041 3052 3033 3024 3018 3015 3013 3020 3019 3028 3030 3047 3025 3021 3024 3026
3007 3017 3011 3025 3039 3037 3029 3040 3033 3036 3034 3046 3043 3054 3067 3072 3069 3078 3091 3087 3072 3081 3087 3088 3075 3089 3071 3098 3078 3082 3080 3090 3086 3084 3093 3094 3096 3096 3102 3079 3077 3080 3078 3080 3083 3080 3054 3049 3057 3053 3031 3029 3031 3031 3028 3021 3025 3027 3032 3027 3032 3028 3023 3042
3015 3019 3013 3026 3046 3035 3040 3034 3019 3037 3041 3034 3049 3056 3070 3053 3087 3072 3082 3087 3091 3096 3075 3088 3096 3101 3095 3099 3085 3085 3092 3081 3101 3086 3089 3084 3098 3088 3087 3087 3088 3087 3078 3084 3088 3108 3081 3056 3048 3052 3056 3047 3040 3052 3031 3027 3022 3027 3034 3013 3022 3029 3035 3036
