3064 3066 3073 3074 3075 3055 3050 3056 3054 3070 3065 3056 3053 3053 3067 3050 3056 3053 3056 3025 3034 3041 3054 3062 3048 3045 3032 3027 3034 3044 3057 3044 3056 3055 3057 3074 3069 3066 3042 3032 3048 3034 3029 3041 3045 3030 3021 3020 3020 3021 3017 3031 3021 3011 3031 3011 3010 3022 3023 3010 3005 3016 3016 3004
3064 3060 3063 3071 3066 3064 3050 3051 3056 3060 3055 3061 3054 3042 3054 3060 3051 3059 3058 3046 3035 3051 3055 3039 3055 3043 3057 3057 3040 3047 3051 3055 3055 3067 3072 3064 3055 3055 3057 3044 3041 3042 3036 3037 3045 3046 3019 3023 3017 3020 3033 3015 3019 3020 3007 2998 3017 3025 3005 3006 3018 3007 3015 3016
3059 3056 3044 3049 3070 3067 3054 3067 3045 3045 3058 3048 3058 3045 3054 3065 3045 3045 3052 3041 3056 3059 3043 3040 3055 3058 3059 3062 3055 3044 3053 3063 3060 3072 3070 3062 3067 3064 3049 3055 3046 3044 3039 3042 3025 3032 3030 3037 3030 3035 3029 3031 3032 3037 3007 3003 3014 3022 3007 2989 3008 3019 3025 3027
3052 3053 3051 3052 3043 3053 3050 3046 3056 3056 3046 3053 3049 3057 3047 3045 3046 3037 3035 3044 3047 3057 3032 3049 3040 3060 3069 3057 3063 3050 3077 3064 3069 3060 3050 3046 3055 3061 3044 3055 3046 3044 3048 3037 3043 3048 3030 3047 3045 3027 3032 3041 3018 3037 3018 3028 3023 3025 3014 2995 3018 3021 3018 3015
3032 3039 3059 3041 3048 3044 3039 3044 3044 3063 3057 3030 3056 3035 3036 3038 3044 3047 3045 3045 3060 3061 3053 3047 3039 3041 3052 3054 3052 3067 3075 3071 3072 3055 3073 3044 3059 3060 3057 3046 3041 3050 3044 3039 3039 3043 3032 3027 3020 3033 3027 3026 3020 3022 3033 3021 3035 3029 3009 3002 3020 3026 3013 3016
3028 3033 3049 3045 3046 3047 3038 3034 3045 3033 3043 3058 3058 3043 3046 3033 3052 3043 3055 3041 3052 3047 3046 3048 3040 3044 3055 3066 3058 3066 3066 3080 3068 3061 3060 3060 3056 3073 3051 3047 3060 3051 3052 3063 3044 3058 3043 3041 3019 3034 3031 3021 3019 3017 3022 3025 3022 3032 3011 3003 3019 3032 3024 3012
3039 3059 3063 3053 3026 3045 3042 3028 3034 3036 3041 3036 3046 3049 3039 3054 3052 3051 3037 3056 3049 3049 3039 3053 3063 3053 3042 3048 3057 3061 3078 3083 3078 3067 3066 3076 3058 3059 3058 3063 3060 3057 3042 3051 3055 3041 3043 3036 3037 3028 3034 3030 3030 3026 3032 3017 3031 3026 3026 3006 3021 3044 3028 3006
3004 3019 3027 3009 3013 3016 3003 3012 3012 3023 3011 3019 3027 3028 3020 3031 3028 3036 3025 3042 3031 3043 3034 3030 3048 3056 3043 3042 3035 3047 3060 3089 3069 3076 3076 3058 3052 3060 3075 3050 3054 3055 3051 3041 3052 3044 3043 3046 3050 3034 3033 3025 3030 3034 3018 3023 3015 3028 3014 3017 3026 3021 3017 3008
2981 2978 2969 2980 2984 2991 3003 2983 2995 3008 2999 2971 2985 2998 3009 3004 3014 3010 3016 3025 3015 3012 3035 3023 3042 3043 3027 3030 3026 3041 3062 3091 3062 3079 3067 3072 3070 3058 3068 3044 3048 3049 3053 3046 3047 3041 3064 3053 3041 3037 3026 3029 3010 3028 3028 3030 3020 3007 3006 3010 2994 3005 3007 3006
2978 2981 2985 2982 2989 2999 2985 2998 2998 3000 2994 2997 2984 3008 3015 3017 3012 3003 3004 3015 3019 3025 3031 3033 3046 3048 3047 3028 3034 3045 3057 3072 3066 3080 3075 3085 3078 3070 3074 3068 3061 3061 3058 3061 3067 3039 3049 3036 3034 3027 3032 3023 3028 3018 3029 3028 3006 3021 3015 3016 3002 2992 3003 3007
2982 2989 2982 2981 2975 2977 2991 3003 2998 2990 3003 2996 3010 3017 3035 3034 3022 3012 3010 3003 3025 3027 3024 3027 3059 3033 3037 3041 3033 3056 3059 3058 3071 3083 3095 3093 3090 3078 3074 3073 3080 3078 3082 3085 3068 3060 3048 3039 3033 3018 3037 3038 3032 3030 3007 3019 3013 3015 3017 3012 2999 3014 2997 2991
2981 2985 2992 2987 3003 2993 2993 2999 2985 2995 2996 3009 2997 3015 3017 3020 3019 3022 3019 3039 3025 3043 3036 3028 3032 3042 3041 3044 3040 3058 3063 3077 3094 3091 3095 3102 3100 3098 3100 3080 3088 3092 3087 3082 3076 3059 3057 3038 3038 3040 3037 3035 3034 3025 3027 3030 3016 3023 3009 2990 2999 3007 2995 2997
2974 2996 2989 2991 3007 3000 2995 2987 2978 2994 2999 2999 3012 2997 3021 3003 3018 3026 3035 3038 3041 3038 3034 3026 3017 3029 3022 3050 3065 3072 3078 3081 3093 3101 3108 3107 3091 3094 3103 3093 3107 3092 3100 3093 3089 3065 3051 3038 3049 3051 3040 3054 3040 3036 3036 3032 3027 3013 2982 2989 3005 3011 3001 2983
2986 2990 2986 3002 3008 3000 2987 2987 2996 2997 2986 2996 2996 3004 3009 3016 3018 3023 3032 3039 3041 3036 3043 3032 3046 3048 3059 3067 3083 3094 3084 3087 3089 3111 3091 3100 3091 3102 3110 3100 3098 3097 3112 3091 3082 3065 3062 3045 3043 3051 3051 3057 3042 3047 3023 3028 3023 3007 3025 3004 3014 3004 3005 2985
2985 2996 2998 2996 2993 2983 2972 2991 2994 2990 2986 2998 2992 3002 3017 3016 3021 3027 3031 3040 3031 3029 3028 3038 3051 3049 3080 3058 3082 3089 3086 3092 3098 3096 3103 3102 3093 3103 3096 3100 3109 3101 3107 3099 3093 3078 3067 3067 3064 3042 3067 3074 3055 3041 3029 3023 3029 3016 3006 2993 3003 2999 3005 2992
3002 2999 3001 2998 2994 2999 2993 3002 2991 2991 2998 2997 2999 3018 3028 3014 3027 3017 3034 3035 3027 3032 3042 3052 3064 3072 3085 3094 3091 3094 3104 3096 3109 3107 3104 3099 3096 3101 3108 3105 3109 3097 3104 3107 3092 3075 3076 3065 3057 3073 3075 3069 3064 3052 3031 3037 3023 3019 3010 3010 3002 3008 3009 2987
3015 3022 3008 3015 3010 2996 3003 3001 2999 2995 2999 3010 3006 3022 3042 3035 3029 3041 3028 3025 3034 3042 3060 3055 3063 3070 3099 3099 3102 3101 3091 3097 3100 3101 3109 3099 3089 3099 3100 3109 3091 3099 3097 3102 3107 3103 3098 3088 3059 3080 3066 3076 3069 3045 3044 3021 3027 3004 3010 3018 2997 2989 2992 3003
3007 3017 3018 3008 3001 3004 3012 3004 3000 2993 2996 3008 3019 3019 3038 3048 3038 3033 3038 3033 3048 3045 3059 3061 3082 3092 3094 3104 3107 3100 3093 3101 3101 3098 3094 3107 3100 3098 3101 3093 3102 3098 3104 3096 3094 3087 3087 3090 3076 3065 3079 3088 3075 3070 3045 3029 3013 3002 3014 3006 3000 2985 3009 3003
2987 3005 3015 3016 3009 3008 3015 2998 2990 2998 2990 2993 3002 3013 3044 3045 3045 3041 3042 3037 3035 3053 3050 3079 3094 3097 3100 3107 3101 3083 3091 3089 3093 3082 3123 3115 3112 3096 3108 3100 3100 3091 3094 3106 3087 3090 3093 3087 3087 3069 3091 3090 3075 3059 3051 3034 3022 3023 3005 3014 3000 2998 2993 3005
2996 2999 3014 3007 3008 3012 3005 2994 3013 3012 3010 3002 2998 3008 3023 3038 3040 3036 3019 3028 3045 3073 3066 3075 3100 3103 3090 3100 3104 3101 3088 3097 3106 3110 3113 3110 3120 3103 3106 3086 3086 3095 3097 3096 3091 3093 3089 3089 3088 3092 3090 3078 3075 3070 3037 3021 3024 3012 3005 3013 2999 2986 2992 3020
2982 2990 3009 3010 3012 3029 2994 3001 3014 3018 3015 3022 3011 3014 3021 3035 3046 3042 3039 3037 3043 3062 3065 3098 3111 3090 3100 3099 3098 3099 3087 3107 3099 3107 3111 3101 3090 3097 3096 3087 3105 3095 3091 3097 3103 3095 3093 3100 3095 3091 3085 3082 3084 3069 3036 3031 3014 3010 3013 3021 3005 2997 3008 3014
2999 3005 3027 3020 3014 3023 3010 3024 3027 3026 3020 3024 3025 3031 3039 3041 3043 3030 3045 3054 3067 3070 3086 3092 3097 3095 3083 3094 3107 3094 3094 3103 3092 3100 3102 3110 3092 3099 3103 3106 3102 3098 3095 3092 3103 3089 3115 3092 3087 3086 3085 3096 3078 3072 3052 3037 3035 3004 3013 3008 3007 3001 3018 3022
3020 3022 3018 3017 3046 3020 3026 3039 3029 3031 3029 3026 3032 3021 3033 3036 3034 3048 3051 3061 3072 3068 3091 3085 3093 3092 3091 3089 3093 3082 3091 3080 3091 3103 3101 3100 3086 3091 3104 3095 3102 3090 3094 3088 3097 3108 3096 3104 3082 3090 3090 3088 3085 3073 3057 3038 3026 3031 3029 3040 3027 3025 3010 3003
3030 3039 3020 3029 3019 3019 3026 3016 3019 3022 3021 3020 3024 3017 3031 3028 3038 3053 3048 3064 3074 3082 3095 3103 3101 3084 3097 3095 3094 3083 3079 3077 3089 3096 3098 3093 3093 3090 3106 3104 3099 3084 3106 3098 3104 3090 3097 3107 3090 3072 3096 3097 3088 3058 3050 3049 3031 3025 3026 3033 3020 3012 3010 3010
3017 3024 3012 3022 3019 3016 3012 3010 3001 3005 3015 3002 3008 3011 3016 3027 3037 3042 3070 3078 3078 3097 3106 3093 3093 3081 3081 3091 3081 3092 3079 3080 3086 3090 3083 3086 3092 3085 3092 3096 3099 3105 3101 3101 3102 3111 3108 3113 3094 3091 3089 3084 3080 3056 3051 3039 3033 3017 3010 3006 3012 3015 3009 3017
3019 3005 3011 3013 3005 3005 3018 3014 2996 3007 3001 2997 3003 3003 3013 3025 3036 3045 3057 3070 3087 3088 3098 3100 3083 3087 3096 3082 3097 3089 3089 3106 3096 3101 3099 3098 3112 3107 3097 3094 3102 3108 3117 3108 3126 3097 3088 3090 3093 3090 3109 3089 3076 3056 3039 3036 3016 3018 3018 3011 3004 3013 3019 3013
3000 3019 3007 3012 3024 3006 3003 2997 2998 2995 2997 3003 3012 3004 3020 3030 3035 3037 3039 3082 3085 3079 3097 3093 3101 3083 3091 3080 3087 3084 3083 3086 3104 3098 3106 3095 3094 3099 3095 3112 3106 3102 3099 3120 3101 3103 3097 3098 3092 3091 3074 3096 3075 3051 3051 3018 3001 3010 3010 3004 3011 3026 3019 3021
3009 3010 3000 3015 3007 3010 3007 2999 2996 2995 3006 2995 3001 3011 3018 3017 3033 3052 3066 3067 3076 3081 3089 3095 3088 3108 3096 3084 3071 3086 3103 3085 3101 3103 3102 3098 3100 3093 3100 3098 3085 3115 3097 3107 3081 3101 3089 3093 3085 3085 3084 3097 3080 3059 3031 3046 3012 3013 3014 3007 3014 3027 3015 3019
3000 3009 3011 3021 3024 3014 2982 2986 3008 3009 3010 3002 2996 3002 3007 3018 3034 3051 3059 3064 3087 3086 3088 3076 3091 3091 3096 3108 3088 3101 3098 3086 3098 3103 3099 3097 3112 3109 3097 3106 3098 3095 3097 3095 3108 3100 3095 3103 3081 3085 3088 3090 3081 3068 3050 3031 3022 3001 3013 3021 3026 3020 3006 3011
3010 3012 3012 3009 3017 3023 2987 2997 2998 3001 3016 2993 3010 3010 3014 3024 3028 3043 3064 3074 3095 3096 3078 3094 3077 3092 3113 3105 3101 3105 3083 3092 3090 3099 3090 3093 3106 3102 3101 3098 3097 3103 3099 3105 3104 3112 3095 3091 3081 3093 3090 3071 3080 3062 3047 3029 3031 3024 3020 3023 3005 3004 3019 3008
3004 3001 3000 3013 3011 3009 3006 3016 3008 3008 3003 3000 2991 2994 3005 3015 3029 3044 3077 3086 3081 3065 3073 3085 3091 3090 3105 3100 3101 3094 3096 3095 3097 3092 3102 3101 3101 3099 3107 3106 3092 3099 3097 3098 3104 3105 3098 3098 3107 3090 3092 3086 3078 3077 3049 3020 3040 3021 3023 3013 3011 3015 3023 3020
3026 2992 2991 3007 3004 3018 3008 3008 3011 2998 3005 2999 2987 3000 2993 3019 3015 3032 3069 3066 3073 3080 3085 3096 3079 3099 3082 3088 3090 3090 3095 3102 3086 3092 3105 3094 3108 3099 3107 3105 3104 3108 3104 3106 3108 3112 3103 3111 3109 3087 3098 3104 3090 3062 3036 3026 3037 3029 3031 3027 3022 3009 3022 3024
3004 3010 3010 2997 3017 2992 3007 3007 2997 2997 2999 3003 3004 2994 2989 3011 3004 3042 3060 3066 3076 3079 3086 3081 3070 3083 3081 3084 3080 3101 3108 3094 3089 3092 3090 3105 3111 3106 3100 3113 3101 3108 3106 3099 3104 3090 3107 3100 3101 3088 3106 3094 3084 3076 3035 3009 3016 3027 3022 3010 3012 2998 3009 3023
3009 3011 3013 3007 3009 3003 3012 3022 3012 3002 3008 3006 3010 2993 2988 3000 3018 3028 3046 3065 3078 3068 3087 3102 3093 3081 3082 3087 3084 3093 3095 3089 3095 3091 3094 3109 3107 3105 3089 3089 3103 3106 3115 3104 3103 3111 3096 3101 3093 3094 3087 3083 3070 3065 3043 3017 3024 3026 3026 3021 3004 2999 3008 3012
3013 3019 3021 3018 3006 3011 3023 3009 3008 3014 3013 3008 3026 3017 3017 3014 3024 3029 3045 3054 3083 3080 3084 3088 3087 3088 3086 3081 3087 3092 3097 3098 3094 3097 3096 3104 3104 3108 3105 3111 3101 3086 3089 3106 3098 3090 3102 3087 3094 3090 3087 3090 3056 3049 3040 3034 3032 3034 3025 3016 3023 3016 3015 3016
3014 3011 3005 3011 3010 3011 3028 3028 3000 3023 3030 3033 3029 3018 3025 3019 3013 3036 3033 3057 3085 3074 3082 3096 3097 3073 3086 3086 3095 3099 3102 3090 3094 3093 3095 3092 3084 3094 3105 3101 3095 3109 3097 3097 3100 3087 3099 3107 3096 3099 3092 3074 3065 3049 3061 3027 3040 3024 3025 3020 3015 3013 3025 3023
3008 3017 2998 3006 3010 3017 3020 3005 3015 2993 3008 3010 3022 3014 3007 3001 3000 3021 3030 3050 3069 3081 3081 3088 3082 3094 3073 3084 3075 3085 3088 3089 3092 3104 3071 3091 3090 3103 3089 3092 3103 3102 3081 3085 3094 3099 3095 3098 3095 3086 3073 3080 3060 3054 3037 3038 3033 3021 3024 3028 3019 3023 3015 3008
3007 3016 2989 3005 3003 2996 2995 3001 2994 3005 2998 3005 3010 3009 3024 3006 2991 3005 3019 3038 3052 3071 3079 3090 3088 3082 3071 3082 3072 3080 3086 3094 3095 3084 3087 3088 3089 3094 3094 3104 3106 3111 3100 3089 3095 3095 3101 3096 3091 3081 3082 3072 3049 3041 3028 3010 3022 3026 3015 3029 3021 3013 3010 3017
3002 2998 3000 3003 2996 2996 3013 3004 2995 2996 3002 2995 3004 3005 3014 3016 3007 3008 3010 3038 3057 3060 3078 3072 3077 3077 3082 3070 3081 3091 3083 3097 3091 3101 3091 3107 3088 3079 3099 3093 3102 3108 3096 3098 3082 3103 3088 3114 3101 3092 3090 3082 3049 3040 3023 3028 3003 3018 3006 3014 3009 3015 3022 3025
2992 2992 3010 3013 3003 3010 2997 2994 2999 3011 2997 2998 3005 3000 2996 3007 3002 3012 2998 3023 3041 3044 3062 3074 3084 3076 3075 3074 3071 3092 3095 3095 3078 3093 3106 3098 3102 3094 3110 3100 3106 3103 3103 3095 3092 3099 3102 3114 3100 3101 3095 3074 3044 3029 3026 3014 3007 3016 3008 3010 3005 3020 3016 3016
3006 3018 3004 3023 3025 3010 3008 3004 3010 3000 3012 3004 2990 3013 3009 3008 3007 3008 3011 3008 3019 3039 3066 3074 3077 3072 3085 3081 3060 3075 3083 3087 3093 3097 3095 3098 3102 3098 3102 3104 3100 3097 3095 3111 3087 3081 3096 3112 3093 3092 3081 3077 3039 3029 3018 3003 3012 3017 3003 3006 3004 3002 3018 3012
2989 3010 3004 3018 3022 2995 2996 3011 3006 3008 3009 3015 3003 3004 3010 2988 3005 2997 3006 3007 3012 3029 3055 3049 3068 3080 3077 3078 3089 3091 3096 3092 3087 3087 3088 3097 3095 3093 3090 3096 3112 3104 3094 3093 3097 3093 3092 3079 3090 3103 3077 3064 3042 3020 3023 3004 3012 3016 3002 3012 3016 3001 3009 3015
2994 3007 2999 3005 2998 3003 2996 3002 2996 3005 3009 3010 2986 2998 3006 2995 3007 3007 2998 2990 3009 3034 3035 3058 3071 3075 3074 3085 3079 3088 3079 3091 3094 3088 3100 3094 3100 3103 3096 3098 3091 3107 3095 3084 3093 3101 3092 3094 3097 3088 3072 3076 3044 3031 3011 3022 3013 3010 3007 3010 3024 3007 3026 3014
2997 3003 3004 2998 2989 3005 3012 3006 3003 3012 3006 3017 2993 2994 3005 3013 3004 3013 2988 2994 3004 3015 3043 3056 3068 3086 3080 3081 3084 3081 3084 3084 3090 3105 3097 3089 3079 3092 3088 3099 3096 3094 3095 3103 3086 3101 3096 3104 3093 3088 3079 3056 3037 3034 3013 3013 3019 3009 3005 3022 3018 3014 3020 3020
3005 2994 2994 3005 2992 2986 3010 2993 3007 2993 3002 3004 2990 3012 3014 3009 3005 3012 2996 3005 3011 3026 3026 3062 3067 3071 3086 3079 3082 3087 3075 3088 3092 3110 3103 3102 3098 3085 3100 3091 3099 3089 3089 3090 3083 3089 3088 3101 3089 3092 3063 3045 3040 3013 3017 3000 3008 3010 3010 3012 3009 3011 3004 3001
3003 2998 3003 2993 3007 3006 3001 3003 3011 3004 3007 3005 3002 3015 3015 3005 3009 3001 3004 3016 2993 3018 3005 3036 3073 3064 3084 3068 3082 3075 3075 3074 3102 3089 3104 3099 3103 3088 3098 3089 3092 3102 3090 3093 3096 3094 3095 3085 3084 3074 3042 3033 3031 3040 3004 3011 3019 3025 3005 2999 3010 2998 2998 3013
2998 2995 2996 2993 3009 3003 2999 3008 3016 3005 2999 3002 3005 2992 2998 2999 3000 3007 2996 3002 3005 3007 3018 3034 3061 3076 3067 3069 3071 3086 3084 3093 3094 3104 3098 3104 3102 3114 3098 3091 3101 3114 3098 3106 3082 3103 3102 3101 3075 3061 3044 3029 3017 3018 3005 3010 3006 3021 3008 3005 3003 3000 3000 2999
3005 2997 2994 2999 2995 2998 2986 3002 3002 3003 3013 2998 2993 3004 2999 2999 3010 2994 2991 3005 3003 3000 3006 3023 3063 3081 3073 3081 3085 3084 3078 3091 3097 3089 3098 3112 3109 3112 3108 3107 3104 3103 3104 3108 3110 3104 3103 3095 3078 3052 3047 3033 3018 2998 2999 2999 3016 3014 3005 3010 3007 3004 3002 3010
3016 3005 3003 3005 2997 3011 3006 2999 2996 3007 3009 2992 3002 3007 3004 2996 3011 3001 2989 2999 2990 2993 2993 3018 3048 3067 3090 3087 3083 3090 3095 3095 3089 3092 3092 3088 3117 3122 3104 3098 3110 3103 3104 3109 3096 3100 3107 3086 3064 3048 3024 3024 3032 3001 3006 2988 3000 3007 3006 3010 3005 3013 3010 3009
2992 2999 3007 2999 3012 2995 3011 2998 3008 2993 3003 3011 2999 2990 2998 3015 3002 2999 3000 3001 2988 2989 2984 3014 3041 3063 3068 3086 3088 3096 3084 3101 3096 3107 3109 3119 3107 3113 3098 3090 3080 3082 3096 3082 3102 3096 3093 3080 3048 3021 3030 3023 3025 3010 3014 3002 3000 3016 3019 3006 3013 3015 3020 3009
2997 3004 3014 3004 2998 2997 3002 2992 3015 3002 2976 2995 3007 2998 2996 2984 2999 3007 3003 3008 3015 3007 3013 3027 3038 3055 3076 3092 3083 3088 3079 3092 3091 3111 3112 3102 3100 3099 3089 3095 3106 3102 3102 3091 3094 3087 3085 3077 3058 3025 3024 3019 3009 3006 3010 2999 2998 3003 3014 3006 3005 3023 3006 2996
2979 3001 3010 2995 2987 3001 2995 2997 3003 2987 2986 2980 3001 2992 2997 2987 2992 2998 3003 3016 3008 3008 3014 3023 3040 3043 3070 3093 3094 3087 3084 3086 3093 3107 3099 3102 3096 3087 3101 3093 3097 3101 3104 3092 3094 3093 3088 3054 3050 3026 3009 3020 3013 3007 3014 3008 3010 3025 3011 3002 3011 3004 3009 3008
2992 2993 3006 3004 2999 2995 2981 3001 3005 2988 2982 2987 3001 2996 3003 3001 2997 2999 3004 3018 3010 3006 3001 3015 3035 3048 3062 3083 3075 3091 3086 3089 3100 3092 3102 3095 3095 3102 3111 3092 3096 3103 3101 3093 3095 3093 3078 3070 3054 3036 3022 3011 3005 3026 3024 3011 3022 3015 3029 3021 3013 3032 3011 3011
2991 3000 3010 3000 2998 3005 2997 2986 3007 3003 2993 2993 2999 3005 2997 2991 3003 2997 3002 2996 2993 3000 3004 3026 3042 3069 3074 3083 3083 3091 3087 3096 3093 3096 3081 3096 3110 3092 3101 3093 3099 3089 3102 3098 3096 3093 3084 3068 3053 3023 3016 3004 3014 3026 3021 3019 3025 3021 3019 3026 3022 3019 3019 3008
2997 2996 3010 3012 2985 2996 2981 2995 2997 3008 2995 2991 2988 2995 3003 2998 3004 3003 3002 2993 2994 3005 3004 3018 3038 3057 3083 3087 3104 3098 3094 3099 3094 3111 3088 3099 3093 3086 3093 3095 3093 3099 3088 3100 3092 3088 3094 3060 3050 3030 3015 3010 3014 3015 3006 3000 3022 3016 3025 3027 3012 3017 3024 3012
2990 2994 2999 2997 2976 2983 2982 2988 3007 2993 2996 2990 2985 2998 3011 3006 2993 3003 3007 3000 2994 2986 2997 3017 3045 3071 3089 3084 3090 3082 3091 3086 3087 3104 3090 3104 3090 3069 3090 3091 3107 3096 3093 3092 3089 3086 3073 3084 3036 3018 3011 3015 3021 3019 3013 2996 3003 3008 3025 3022 3016 3001 3016 3015
2988 2999 3007 3006 2997 2998 2987 3000 3008 3004 2993 2982 3005 2991 3001 3015 3006 3011 3004 3004 3012 3026 3012 3035 3062 3083 3082 3099 3089 3094 3104 3102 3090 3094 3086 3115 3083 3096 3100 3106 3103 3096 3100 3106 3100 3097 3086 3079 3053 3022 3032 3018 3025 3019 3019 3016 3015 3018 3027 3029 3015 3034 3013 3019
2992 3012 3003 3012 3013 2997 2995 3013 3026 3005 3007 3005 3001 3002 3021 3002 3011 3003 2999 3014 3033 3027 3024 3051 3072 3094 3100 3095 3100 3107 3104 3107 3080 3092 3095 3100 3106 3099 3111 3098 3111 3092 3104 3107 3103 3103 3099 3088 3054 3042 3030 3033 3025 3027 3015 3029 3021 3012 3024 3030 3032 3036 3025 3005
2990 2989 2999 3006 2989 2993 3002 3010 3018 3004 3013 3012 3019 3005 3015 3010 3006 3022 3025 3023 3035 3051 3045 3069 3089 3097 3105 3106 3088 3099 3092 3101 3105 3105 3098 3095 3112 3120 3109 3109 3095 3096 3104 3112 3095 3111 3100 3095 3068 3069 3046 3035 3037 3040 3036 3039 3019 3021 3037 3028 3035 3045 3033 3030
2996 2989 2987 2986 2993 3013 3006 2998 3022 3014 3031 3015 3021 3031 3006 3008 3015 3025 3038 3041 3063 3074 3088 3093 3090 3103 3106 3098 3098 3088 3085 3088 3108 3107 3109 3108 3106 3100 3095 3100 3108 3102 3093 3107 3105 3096 3099 3105 3089 3071 3067 3036 3033 3039 3051 3055 3047 3034 3046 3032 3039 3043 3058 3045
3001 3009 2985 3006 3001 3003 3023 3000 3024 3012 3031 3023 3028 3031 3016 3030 3034 3047 3042 3057 3075 3086 3092 3102 3112 3101 3103 3108 3102 3093 3091 3080 3092 3110 3109 3100 3114 3104 3110 3106 3098 3117 3100 3105 3110 3099 3101 3089 3097 3084 3063 3058 3062 3056 3055 3056 3065 3063 3048 3047 3057 3052 3053 3058
3012 3002 3000 2998 3016 3007 3013 3012 3022 3022 3036 3045 3038 3038 3041 3052 3044 3064 3043 3053 3059 3077 3089 3085 3111 3091 3092 3099 3104 3097 3097 3095 3098 3091 3099 3101 3101 3106 3098 3088 3100 3104 3096 3093 3110 3102 3093 3103 3090 3087 3081 3076 3067 3059 3069 3063 3067 3067 3060 3062 3058 3057 3059 3063
2995 3008 3012 3017 3013 3022 3019 3036 3031 3043 3029 3058 3052 3053 3057 3057 3057 3051 3060 3061 3066 3071 3078 3079 3092 3092 3093 3093 3108 3111 3104 3089 3085 3085 3092 3088 3101 3100 3099 3099 3096 3102 3096 3102 3113 3094 3096 3084 3095 3083 3081 3076 3070 3081 3080 3068 3064 3068 3060 3062 3056 3067 3077 3066
3005 3019 3017 3037 3032 3034 3039 3041 3041 3048 3053 3053 3065 3079 3072 3060 3066 3050 3057 3061 3068 3067 3090 3085 3091 3081 3088 3099 3097 3102 3100 3110 3088 3090 3095 3094 3083 3091 3108 3102 3103 3090 3097 3105 3098 3098 3098 3097 3100 3094 3084 3073 3078 3080 3060 3084 3080 3076 3077 3072 3061 3068 3076 3073
