3080 3070 3062 3065 3074 3069 3051 3067 3076 3059 3057 3049 3057 3053 3050 3052 3051 3035 3053 3045 3037 3040 3040 3035 3042 3047 3036 3057 3036 3043 3036 3045 3047 3036 3026 3028 3041 3038 3034 3024 3026 3030 3019 3015 3010 3018 3013 3034 3025 3013 3026 3010 3013 2999 3016 3015 3029 3025 3046 3043 3033 3025 3023 2999
3078 3069 3050 3061 3068 3059 3045 3053 3062 3067 3047 3060 3055 3048 3045 3043 3048 3044 3039 3027 3056 3039 3042 3031 3027 3045 3027 3045 3045 3043 3035 3036 3046 3037 3034 3030 3043 3035 3036 3033 3031 3036 3011 3011 3019 3008 3015 3027 3024 3015 3023 3005 3008 3008 3021 3023 3017 3022 3026 3027 3029 3027 3016 3012
3069 3066 3062 3057 3055 3053 3044 3040 3041 3053 3053 3056 3046 3059 3049 3040 3041 3047 3041 3044 3032 3046 3045 3038 3030 3039 3035 3036 3039 3046 3044 3030 3040 3047 3043 3026 3045 3036 3037 3031 3029 3030 3021 3021 3009 2999 3011 3017 3036 3025 3028 3019 3015 3009 3011 3020 3031 3021 2999 3014 3025 3026 3012 3012
3057 3066 3065 3057 3061 3056 3052 3051 3044 3049 3047 3051 3047 3043 3039 3046 3045 3039 3044 3042 3030 3033 3033 3043 3032 3025 3031 3047 3045 3045 3051 3063 3047 3048 3052 3040 3033 3036 3047 3025 3033 3023 3034 3026 3023 3010 3012 3011 3022 3011 3008 3018 3015 3020 3019 3019 3028 3017 3027 3014 3022 3016 3009 3006
3053 3062 3059 3048 3047 3054 3060 3063 3032 3040 3030 3035 3037 3034 3035 3026 3029 3029 3040 3027 3015 3022 3040 3034 3051 3016 3038 3039 3035 3042 3065 3060 3053 3053 3051 3041 3020 3037 3029 3034 3027 3025 3023 3026 3018 3029 3008 3011 3022 3026 3015 3003 3021 3015 3019 3010 3009 3016 3018 3020 3012 3019 3016 3024
3049 3051 3034 3043 3055 3055 3064 3046 3043 3043 3050 3045 3034 3029 3037 3036 3030 3047 3037 3035 3027 3041 3036 3059 3038 3031 3033 3036 3044 3046 3068 3073 3054 3066 3050 3046 3051 3048 3045 3030 3026 3040 3027 3030 3029 3029 3020 3020 3005 3028 3009 3002 3006 3002 3015 3009 3004 3013 3020 3014 3015 3005 2997 3006
3043 3058 3042 3052 3042 3055 3070 3044 3041 3045 3049 3055 3057 3046 3039 3040 3037 3036 3029 3040 3038 3052 3053 3031 3046 3040 3041 3049 3050 3070 3067 3075 3065 3055 3038 3051 3051 3054 3044 3038 3040 3048 3025 3023 3026 3035 3023 3004 3023 3032 3024 3016 3008 3010 3015 3010 3016 3022 3033 3027 3023 3005 3006 2989
3011 3016 3030 3025 3011 3024 2999 3025 3012 3026 3010 3023 3017 3010 3011 3014 3015 3008 3011 3027 3026 3029 3029 3035 3032 3016 3034 3022 3046 3053 3047 3056 3050 3049 3034 3027 3055 3053 3036 3026 3026 3034 3026 3030 3020 3015 3020 3011 3020 3020 3025 3019 3010 3014 3010 3000 3000 3019 3017 3022 2999 2987 2994 3022
2979 2982 3007 3003 2981 2979 2981 2972 2994 2995 2993 2987 2980 2976 2988 2988 2997 3016 3006 2992 3014 3006 3013 3016 3014 3019 3015 3026 3024 3050 3043 3053 3051 3046 3039 3040 3043 3056 3039 3034 3025 3026 3021 3023 3023 3022 3008 3023 3022 3028 3023 3031 3029 3007 3010 2996 3007 3006 3017 3014 2991 2989 3006 3010
2970 2976 2990 2980 2971 2980 2960 2978 3003 2990 2991 2997 2988 2990 2985 2998 2997 2996 3006 3000 3024 3006 3023 3008 3018 3027 3010 3029 3031 3045 3059 3058 3054 3046 3045 3055 3056 3044 3045 3039 3024 3041 3039 3021 3018 3028 3017 3021 3017 3021 3038 3023 3028 3002 3017 3016 3010 3023 3013 3016 3007 2991 2995 3025
2966 2970 2987 2978 2988 2973 2972 2984 3004 2989 3001 2994 2995 2986 3011 3001 2998 2988 3007 3011 3006 3015 3021 3028 3016 3018 3026 3033 3061 3055 3050 3063 3063 3058 3043 3045 3048 3052 3038 3048 3050 3047 3063 3053 3049 3019 3021 3043 3032 3035 3022 3023 3004 3011 3020 3010 3011 3009 3008 3026 3015 3018 3020 3006
2984 2976 2996 2985 2993 2982 2982 2986 3000 2998 2996 2995 2990 2992 3006 2995 2996 2992 3005 3006 3009 2998 3022 3019 3025 3033 3021 3035 3046 3057 3064 3071 3072 3075 3071 3054 3055 3075 3068 3058 3062 3066 3062 3063 3068 3035 3033 3030 3022 3037 3005 3014 3010 3007 3023 3012 3017 3011 3015 3009 3011 3002 3032 3012
2976 2974 2987 2981 2997 2991 3000 3009 3003 3015 3005 2999 3004 2996 2991 3006 3018 3000 3011 3006 3002 3009 3027 3028 3035 3022 3035 3042 3044 3068 3066 3062 3079 3076 3072 3078 3089 3084 3076 3083 3090 3076 3076 3076 3054 3056 3029 3038 3025 3023 3028 3022 3018 3008 3008 3012 3009 3008 3009 2998 3006 3013 3006 3001
2987 2984 2994 2986 2982 3010 3004 3002 3013 2992 3003 3000 3007 2997 2992 2992 3002 3009 3003 3005 3010 3013 3025 3023 3024 3033 3025 3041 3055 3065 3072 3073 3085 3084 3087 3088 3084 3086 3073 3078 3078 3082 3068 3081 3073 3068 3046 3046 3033 3026 3031 3028 3022 3004 3009 3011 3016 3018 3002 3024 3006 2998 3000 3009
2974 2987 3001 2990 2989 2996 3001 3004 2991 3009 3007 3005 2992 2998 2999 3003 3009 3018 3020 3014 3009 3005 3025 3031 3016 3038 3036 3064 3056 3068 3083 3080 3098 3087 3090 3085 3099 3086 3085 3082 3081 3078 3087 3092 3081 3068 3053 3050 3040 3049 3035 3028 3025 3015 3010 3012 2999 3014 3012 3008 3013 3011 3002 2997
2988 2999 2987 3004 2993 3002 3003 3002 2997 3000 3006 2989 3001 2997 2997 3010 2997 3006 2999 3009 3019 3029 3016 3021 3027 3034 3046 3066 3073 3088 3075 3084 3086 3086 3090 3089 3081 3074 3076 3086 3083 3083 3083 3072 3084 3094 3075 3042 3044 3055 3042 3033 3034 3006 3011 3009 3017 3017 3011 3010 3019 3011 3016 2991
2975 2994 2996 3001 2991 2990 3003 2991 3002 3005 3005 3005 3011 3003 3005 3004 2997 3003 3024 3015 3007 3019 3014 3023 3022 3023 3048 3070 3079 3073 3075 3091 3093 3102 3086 3098 3066 3081 3075 3086 3087 3075 3090 3087 3085 3085 3070 3069 3065 3050 3044 3027 3010 3020 3016 3004 3005 3006 3011 3011 3009 3019 2992 2994
2998 2999 3011 3002 2979 2990 2993 2996 3005 2993 2996 2993 3002 3006 2991 3008 3011 3006 3011 3011 3037 3020 3017 3040 3026 3052 3055 3083 3083 3071 3083 3090 3082 3093 3089 3082 3081 3077 3090 3073 3086 3084 3089 3088 3083 3086 3089 3077 3060 3053 3044 3022 3025 3016 3013 3005 3016 3003 3008 3007 3011 3007 2993 3007
3010 2995 3015 2987 3005 2998 2997 3008 3007 3002 2994 2995 2994 3014 3002 3003 3000 2991 3002 3017 3014 3023 3023 3037 3037 3055 3060 3079 3086 3100 3085 3080 3089 3087 3091 3083 3083 3081 3082 3089 3093 3088 3092 3117 3076 3077 3091 3077 3076 3064 3045 3020 3016 3008 3014 3014 3005 3025 3021 3006 3008 3004 3005 3013
2989 2998 3010 3006 3017 3002 2992 2992 3010 3003 3004 3006 3007 3006 3011 2991 3004 3010 3007 3013 3031 3034 3030 3041 3058 3050 3072 3077 3080 3090 3073 3079 3091 3085 3088 3087 3089 3086 3076 3086 3083 3091 3081 3093 3077 3087 3084 3096 3071 3063 3050 3025 3007 3022 3017 3013 3007 3019 3021 3014 3014 2996 2999 3026
2991 3004 3011 3014 3013 3009 2985 2988 3002 2997 3002 2994 3001 3002 3014 3009 3006 3009 3010 3015 3039 3034 3052 3046 3059 3076 3064 3077 3082 3082 3071 3080 3095 3095 3089 3087 3093 3090 3101 3095 3092 3076 3096 3084 3077 3082 3084 3082 3080 3058 3046 3031 3024 3018 3005 3008 3009 3003 3010 3006 3000 2999 3006 3014
3004 2998 3004 3017 3021 3008 3011 3011 2993 3006 2987 3009 2992 3003 2995 3003 3009 3008 3004 3026 3020 3045 3052 3055 3076 3068 3078 3083 3080 3087 3085 3082 3096 3086 3090 3096 3088 3087 3091 3089 3082 3087 3091 3089 3094 3086 3087 3088 3074 3068 3039 3018 3005 3015 3002 2996 2997 3016 3005 3015 3006 3012 2997 3006
2999 2996 3019 3016 3008 3015 3008 3014 3002 3025 3001 3005 3008 3005 3017 3012 3003 2992 3006 3008 3017 3038 3046 3069 3079 3070 3087 3084 3075 3080 3095 3080 3091 3088 3076 3087 3089 3074 3091 3084 3100 3088 3086 3083 3080 3104 3080 3079 3070 3060 3047 3017 3024 3014 3005 3001 3003 3017 3020 3021 3020 3003 2994 3002
2997 3004 2995 3012 3009 3015 3008 3019 2998 3005 3004 3015 3010 3016 2999 3002 3006 3006 2998 3013 3012 3033 3060 3072 3085 3087 3076 3071 3079 3073 3077 3083 3081 3089 3079 3089 3086 3085 3100 3101 3081 3092 3085 3077 3077 3089 3080 3089 3084 3070 3046 3019 3006 3018 3005 3015 3017 3016 3025 3010 3009 3007 3009 3014
2988 3014 3008 3005 3010 2994 3016 2999 3006 3008 3007 3013 3000 3008 2993 3007 3002 3014 3004 3017 3039 3043 3068 3067 3074 3089 3090 3081 3070 3070 3080 3079 3068 3077 3088 3079 3085 3085 3095 3105 3092 3079 3077 3079 3062 3075 3073 3085 3068 3066 3038 3038 3019 3016 3004 3013 3022 3026 3016 3009 3006 3003 3016 3020
3001 2989 3014 3019 3011 3000 2990 3006 3002 3017 3001 3005 3009 2998 2995 3002 3013 3007 2993 3008 3027 3037 3049 3068 3064 3073 3062 3077 3078 3077 3074 3085 3081 3084 3083 3092 3073 3068 3097 3092 3082 3077 3078 3077 3079 3070 3079 3092 3072 3058 3049 3028 3020 3015 3010 3021 3012 3012 3010 3010 3004 3011 3011 3020
2995 3009 3004 3005 3007 3001 2990 2996 3016 3010 3008 2999 3001 3002 3016 3019 3014 3011 3007 3011 3026 3036 3065 3057 3070 3080 3075 3096 3077 3078 3084 3076 3083 3095 3087 3094 3087 3106 3097 3094 3087 3087 3083 3090 3094 3079 3091 3077 3092 3065 3046 3015 3017 3013 3009 3019 3017 3010 3009 3012 3003 2997 3014 3004
2995 3002 3000 2994 3024 2995 3016 3002 2996 2995 3001 2995 3013 3008 3014 3009 3016 3009 3007 3018 3025 3044 3055 3068 3075 3073 3075 3073 3090 3087 3084 3076 3073 3072 3084 3091 3090 3099 3094 3083 3085 3084 3079 3084 3076 3088 3085 3079 3067 3072 3050 3027 3008 3006 3026 3021 3021 3022 3009 3019 3011 2999 3001 3003
3023 3008 3001 3004 3003 3013 3008 3013 3004 3007 3002 2998 2997 3001 3020 3010 3006 3012 3012 3018 3023 3032 3063 3082 3082 3066 3066 3066 3078 3082 3077 3081 3074 3078 3092 3094 3088 3106 3092 3095 3093 3094 3098 3084 3092 3085 3085 3100 3077 3058 3039 3019 3009 3002 3002 2993 3015 3016 3003 3013 3017 3001 3008 3013
3006 2986 2987 2999 3014 3013 3003 3009 3006 2997 3006 3006 2997 3010 3007 3012 3012 3014 3017 3019 3008 3037 3053 3060 3058 3080 3080 3078 3087 3087 3083 3073 3078 3092 3093 3087 3099 3092 3091 3082 3085 3081 3084 3083 3085 3082 3072 3085 3069 3060 3036 3006 3017 3006 3010 3012 3009 3015 3022 3019 3014 3007 3021 3002
2998 3006 3007 2998 3019 3020 3004 3006 2998 3003 3016 3004 3011 3021 3024 3007 2998 2998 2996 3014 3016 3023 3055 3058 3076 3074 3078 3067 3085 3071 3075 3078 3083 3087 3088 3084 3082 3096 3089 3091 3086 3080 3080 3090 3090 3085 3080 3080 3071 3056 3046 3027 3006 3010 2997 3010 3010 3014 3015 3022 3021 3016 3007 2997
3016 3006 2998 3008 3005 3007 3007 3005 3010 3008 2998 3012 3017 3004 3000 3009 2993 3000 3007 2995 3002 3024 3039 3061 3074 3077 3061 3074 3082 3082 3063 3077 3078 3080 3085 3096 3087 3088 3081 3081 3090 3086 3088 3097 3079 3081 3092 3078 3075 3059 3046 3022 3016 2996 3007 3001 3002 2999 3008 3033 3013 3023 3003 3010
2999 3001 3001 3009 3009 3004 3016 3003 3016 3009 3001 2998 2989 3010 3009 3002 3010 3008 3009 2993 2995 3013 3020 3045 3063 3071 3068 3069 3070 3078 3079 3079 3086 3082 3081 3085 3078 3091 3090 3088 3092 3071 3086 3087 3083 3082 3060 3077 3057 3052 3029 3023 3017 3005 3019 3001 3007 3000 3017 3035 3020 3011 3008 3005
3012 3008 3007 3009 3012 3010 2998 3008 3013 3003 3016 2990 2997 3005 3000 3018 3012 3002 3000 3007 2985 3003 3019 3031 3060 3057 3063 3057 3061 3079 3084 3076 3084 3086 3077 3089 3089 3081 3093 3092 3082 3084 3096 3082 3092 3061 3060 3055 3043 3055 3028 3035 3035 3022 3020 3005 3006 3005 3028 3012 3013 2993 3008 2998
3011 3003 3019 3016 2991 3004 3012 3001 3019 3009 2988 2994 3000 3002 3011 3020 3014 3009 3006 3012 3010 3013 3022 3027 3050 3049 3073 3074 3087 3076 3072 3078 3092 3084 3089 3076 3099 3084 3072 3089 3090 3083 3083 3076 3083 3079 3062 3074 3041 3025 3044 3026 3026 3034 3029 3009 3020 3019 3027 3014 3005 3009 3003 2994
3014 3007 3008 3005 2976 3007 3016 3007 3009 3011 3002 3000 3012 2992 2997 2998 3013 3009 3006 2999 3006 3013 2997 3034 3037 3055 3066 3068 3073 3070 3078 3078 3084 3094 3085 3085 3098 3092 3092 3091 3094 3094 3084 3083 3083 3071 3076 3062 3039 3023 3036 3011 3021 3028 3021 3032 3021 3012 3024 3022 3007 3003 3003 2993
2998 3001 3008 3002 3010 3016 3012 2993 2998 3001 2998 3004 2998 3002 3001 3017 3009 2994 3007 3003 3016 3005 3012 3006 3027 3043 3064 3076 3067 3077 3073 3082 3095 3097 3077 3096 3089 3097 3091 3078 3089 3086 3077 3087 3083 3074 3060 3062 3040 3030 3030 3033 3034 3019 3026 3026 3023 3011 3011 3013 3000 2992 2997 2979
3003 3008 3004 3008 3010 3010 3015 3005 2991 3004 3002 3012 3001 2997 2994 2996 2999 3018 3007 3000 3013 3014 2995 3004 3014 3037 3055 3064 3063 3071 3096 3093 3105 3104 3092 3086 3095 3101 3091 3094 3082 3084 3088 3085 3079 3078 3071 3072 3058 3032 3031 3027 3020 3032 3045 3050 3019 3012 3004 3016 3008 3008 3001 2992
2998 3001 2998 2998 2998 2988 3003 3001 3000 3011 2998 2999 3000 3001 3005 2994 3003 3000 2996 3011 3000 2997 2990 3013 3019 3035 3041 3058 3063 3071 3080 3085 3093 3098 3087 3086 3090 3087 3084 3077 3083 3077 3074 3081 3078 3085 3056 3052 3042 3039 3032 3028 3019 3014 3034 3050 3024 3021 3007 3005 3007 2999 2998 3002
3009 3019 2993 2997 3006 2994 3007 3003 2998 2995 2998 3004 3008 2997 3008 3003 2999 3000 2996 3003 2995 2998 2997 2995 3007 3028 3036 3049 3068 3067 3074 3073 3081 3082 3080 3087 3089 3100 3087 3098 3088 3086 3079 3091 3086 3073 3073 3045 3047 3039 3037 3021 3020 3013 3035 3039 3024 3025 3012 3015 3002 3005 3022 3012
3011 3006 3007 2997 2991 2999 3005 3000 2981 2997 2982 2996 2998 3005 3003 3005 2988 2998 2997 2997 2988 3003 2995 2991 2999 3031 3022 3053 3057 3071 3075 3086 3071 3090 3085 3091 3101 3094 3085 3075 3086 3081 3084 3090 3085 3079 3055 3060 3049 3033 3031 3034 3027 3015 3018 3022 3026 3020 3007 3021 3017 3019 3007 3004
3016 3001 2993 3010 3000 2998 3007 2989 2992 2989 2991 2995 3007 3007 2998 3004 3008 3000 2990 3006 3008 3004 2999 2985 3011 3004 3011 3045 3057 3057 3073 3069 3077 3092 3084 3090 3089 3087 3082 3085 3080 3080 3084 3090 3086 3082 3054 3035 3037 3033 3039 3038 3029 3011 3029 3033 3018 3013 3020 3018 3021 3010 3004 3002
3012 3004 2993 3003 3019 3011 3010 3007 3003 2996 3007 3000 3001 3006 3001 3004 3007 3007 3002 3002 3000 2998 3002 3003 2998 2999 3014 3020 3057 3082 3078 3078 3090 3093 3092 3091 3082 3088 3078 3089 3070 3076 3083 3083 3082 3070 3043 3024 3014 3025 3021 3007 3030 3024 3015 3016 3017 3011 3014 3011 3004 3003 3011 2985
3013 2997 3004 3001 2995 3012 2998 2998 3004 3010 3017 3007 2995 3001 3003 2995 3007 3008 2990 2996 2994 2995 3007 3009 2992 3007 3016 3046 3062 3081 3075 3087 3075 3078 3074 3088 3086 3067 3078 3081 3072 3077 3073 3079 3063 3060 3029 3018 3011 3005 3008 3010 3030 3015 3004 3001 3010 3020 3018 3010 3006 2991 2998 2987
3010 2992 2986 2982 3000 3017 3017 3004 3009 3005 3016 2998 2997 2996 3007 3009 3003 2987 2988 2996 2999 3008 3006 3004 3003 3028 3037 3054 3060 3083 3079 3089 3084 3066 3072 3084 3084 3081 3084 3080 3074 3078 3073 3065 3063 3064 3030 3031 3023 3008 3012 3009 3009 3002 3006 3010 2996 2996 3013 3009 2998 2993 2998 2991
3000 3000 2988 2993 2999 3001 3002 2987 3003 3000 3003 3003 3002 3001 3023 3011 3009 3001 3009 3006 3014 3008 3008 2992 3007 3019 3034 3063 3071 3079 3075 3069 3072 3085 3082 3079 3079 3079 3088 3081 3088 3080 3070 3071 3069 3064 3045 3054 3024 3014 3006 3009 3002 3016 3010 3001 3004 2982 3012 3019 3012 3000 3011 3003
3007 3002 2987 3003 2995 2987 3004 2998 3005 2992 2997 2996 2999 3009 3008 3007 3002 3020 2991 2997 3003 2997 3016 3013 3023 3049 3053 3074 3074 3075 3088 3074 3080 3086 3077 3087 3062 3074 3082 3088 3093 3087 3075 3070 3072 3065 3074 3040 3032 3033 3028 3018 3023 3027 3026 3014 3008 3017 3031 3030 3019 3020 3018 3031
2996 3000 3000 3003 2993 3005 3009 2995 3001 2988 2997 2995 2998 3006 3011 2998 3008 3019 3002 3006 3004 3008 3021 3036 3046 3049 3074 3083 3082 3071 3068 3070 3072 3086 3076 3078 3077 3082 3087 3087 3081 3079 3099 3081 3081 3077 3071 3067 3047 3040 3028 3034 3044 3035 3029 3034 3036 3035 3038 3027 3040 3035 3035 3030
3016 2998 2999 3004 3005 2994 3003 2994 3009 3003 2988 2992 2995 2996 3002 3019 3011 3021 3021 3026 3026 3020 3030 3052 3057 3070 3080 3081 3084 3078 3083 3083 3091 3086 3084 3078 3078 3069 3084 3104 3080 3075 3080 3095 3069 3060 3058 3064 3048 3049 3053 3052 3044 3053 3047 3040 3036 3032 3044 3042 3050 3038 3037 3033
2993 2996 3016 3002 3003 3007 3001 2993 2999 3005 3007 3011 3006 3007 3015 3010 3014 3033 3019 3036 3034 3052 3060 3058 3065 3072 3082 3087 3084 3092 3074 3084 3082 3063 3097 3081 3081 3085 3076 3084 3072 3086 3081 3092 3091 3068 3076 3055 3062 3057 3067 3058 3064 3056 3060 3049 3044 3058 3050 3056 3059 3050 3040 3037
2993 2988 3000 3005 3013 2998 3000 3011 3013 3009 3004 3012 3012 3016 3012 3014 3023 3048 3045 3043 3051 3050 3056 3049 3050 3076 3075 3090 3081 3083 3080 3075 3081 3080 3085 3075 3080 3090 3075 3078 3074 3089 3075 3080 3084 3075 3074 3080 3066 3063 3061 3068 3067 3066 3062 3056 3066 3065 3062 3043 3046 3051 3050 3049
2982 2999 2995 3008 2998 3004 3010 3010 3023 3024 3017 3035 3043 3041 3023 3038 3051 3049 3058 3052 3062 3073 3052 3046 3056 3065 3076 3084 3085 3075 3083 3078 3075 3087 3075 3093 3084 3082 3074 3081 3076 3071 3083 3074 3072 3073 3075 3075 3078 3068 3081 3070 3068 3057 3056 3051 3058 3065 3044 3034 3045 3053 3047 3055
3001 2983 2989 2999 3004 3009 3011 3016 3033 3037 3028 3041 3050 3054 3037 3048 3058 3062 3060 3062 3074 3062 3062 3066 3059 3060 3074 3078 3077 3081 3083 3069 3079 3067 3074 3084 3084 3083 3071 3072 3071 3093 3074 3073 3070 3072 3075 3062 3077 3073 3077 3066 3064 3074 3065 3055 3064 3066 3059 3061 3054 3053 3066 3059
3006 2988 2995 3000 2995 2999 3014 3036 3041 3041 3029 3041 3071 3057 3047 3052 3050 3050 3077 3057 3056 3061 3069 3068 3068 3069 3066 3061 3068 3065 3090 3083 3067 3077 3083 3071 3084 3077 3086 3079 3084 3074 3092 3069 3085 3075 3074 3065 3066 3056 3062 3061 3073 3062 3057 3043 3070 3077 3078 3064 3063 3072 3063 3059
3001 3010 2975 3000 3021 3014 3029 3037 3046 3032 3056 3041 3061 3049 3055 3052 3057 3058 3061 3063 3061 3057 3056 3066 3070 3072 3056 3067 3077 3077 3076 3070 3071 3078 3066 3075 3090 3087 3079 3078 3082 3083 3084 3069 3070 3075 3075 3069 3070 3067 3065 3041 3060 3053 3063 3066 3070 3054 3066 3069 3068 3065 3061 3051
3007 2993 3004 3009 3024 3043 3026 3040 3035 3039 3042 3047 3051 3051 3040 3062 3045 3068 3080 3079 3065 3070 3074 3054 3069 3069 3069 3071 3068 3067 3063 3061 3068 3075 3093 3077 3077 3074 3075 3076 3085 3074 3089 3085 3073 3047 3077 3064 3073 3070 3056 3051 3054 3056 3054 3058 3060 3062 3057 3072 3066 3058 3056 3040
3018 3008 3027 3042 3036 3045 3044 3053 3057 3048 3052 3056 3059 3046 3062 3062 3059 3065 3076 3058 3066 3062 3072 3058 3069 3064 3060 3063 3059 3053 3057 3066 3075 3072 3084 3070 3067 3083 3062 3068 3074 3085 3070 3074 3076 3074 3069 3076 3072 3074 3071 3050 3053 3052 3054 3071 3056 3054 3053 3056 3062 3071 3063 3060
3032 3034 3044 3057 3058 3064 3059 3058 3061 3062 3065 3064 3050 3068 3053 3072 3058 3064 3068 3067 3061 3059 3062 3077 3043 3062 3059 3051 3055 3049 3046 3049 3059 3082 3072 3064 3066 3059 3068 3062 3077 3073 3077 3074 3073 3079 3059 3063 3072 3086 3064 3063 3065 3048 3063 3056 3056 3047 3059 3043 3057 3073 3077 3070
3040 3036 3042 3042 3048 3063 3055 3044 3056 3061 3063 3058 3053 3065 3059 3082 3069 3068 3065 3063 3052 3061 3063 3061 3056 3064 3048 3050 3059 3053 3048 3054 3057 3063 3070 3078 3067 3063 3058 3066 3066 3076 3065 3081 3084 3065 3047 3064 3074 3074 3063 3066 3061 3065 3058 3057 3055 3052 3050 3043 3057 3062 3066 3070
3039 3054 3043 3043 3041 3051 3056 3042 3050 3049 3066 3046 3052 3070 3067 3064 3078 3067 3067 3058 3068 3066 3062 3068 3067 3069 3060 3047 3059 3076 3070 3049 3067 3064 3079 3073 3062 3049 3062 3065 3074 3075 3077 3087 3067 3075 3066 3067 3061 3064 3076 3070 3071 3068 3065 3068 3055 3064 3053 3042 3062 3059 3067 3067
3036 3045 3050 3035 3067 3052 3063 3054 3053 3067 3063 3057 3063 3068 3063 3054 3068 3069 3058 3058 3057 3060 3041 3052 3055 3058 3044 3061 3055 3069 3062 3051 3065 3064 3057 3063 3072 3065 3067 3045 3062 3068 3064 3059 3069 3056 3060 3065 3068 3056 3059 3073 3068 3078 3070 3055 3053 3062 3056 3053 3064 3066 3057 3060
3044 3055 3056 3047 3045 3043 3067 3056 3058 3049 3066 3060 3061 3063 3074 3067 3060 3073 3075 3058 3050 3056 3049 3055 3050 3055 3050 3058 3058 3058 3067 3070 3060 3064 3053 3058 3049 3063 3058 3059 3065 3059 3076 3054 3053 3062 3063 3074 3071 3072 3059 3060 3057 3052 3053 3070 3061 3049 3061 3043 3064 3049 3053 3043
3033 3046 3056 3053 3060 3060 3058 3054 3050 3071 3055 3063 3057 3070 3058 3056 3062 3069 3063 3036 3055 3047 3047 3048 3064 3052 3041 3047 3069 3060 3068 3064 3062 3062 3055 3066 3060 3057 3071 3065 3067 3057 3051 3055 3043 3051 3068 3092 3060 3057 3052 3058 3056 3060 3062 3077 3058 3071 3058 3048 3060 3068 3049 3058
3034 3054 3063 3067 3063 3073 3059 3062 3057 3053 3060 3061 3070 3050 3052 3059 3071 3063 3062 3062 3048 3065 3066 3055 3064 3074 3039 3054 3078 3075 3062 3058 3067 3059 3065 3060 3057 3075 3052 3052 3050 3054 3042 3044 3053 3055 3084 3086 3065 3064 3055 3061 3061 3051 3071 3083 3078 3061 3070 3063 3062 3068 3067 3058
