3042 3051 3052 3046 3055 3062 3051 3049 3060 3047 3046 3025 3027 3023 3031 3026 3025 3047 3037 3031 3038 3046 3027 3014 3029 3035 3038 3027 3028 3025 3027 3032 3041 3013 3023 3015 3026 3042 3035 3032 3048 3042 3042 3039 3034 3037 3037 3026 3031 3023 3022 3022 3035 3018 3017 3014 3020 3022 3022 2995 2992 3004 3005 2988
3029 3043 3053 3053 3058 3043 3048 3049 3037 3041 3027 3032 3024 3032 3034 3038 3039 3028 3033 3021 3035 3032 3039 3028 3039 3034 3028 3035 3023 3025 3047 3033 3041 3036 3040 3040 3058 3048 3045 3047 3053 3048 3045 3049 3043 3034 3040 3045 3026 3023 3017 3025 3006 3018 3009 3005 3003 3023 3009 3009 3002 3008 2999 3002
3040 3041 3047 3042 3027 3046 3041 3045 3043 3042 3022 3028 3022 3035 3023 3028 3027 3021 3025 3016 3030 3030 3039 3033 3039 3036 3039 3047 3040 3048 3028 3044 3041 3027 3057 3059 3058 3072 3051 3047 3041 3052 3028 3052 3038 3035 3043 3042 3043 3029 3020 3006 3018 3012 3025 3009 3014 2999 3017 2999 3010 3003 3018 3005
3024 3037 3050 3046 3055 3048 3045 3034 3043 3030 3024 3032 3032 3035 3032 3027 3027 3011 3018 3021 3036 3038 3027 3041 3033 3024 3029 3044 3048 3035 3052 3028 3049 3027 3059 3065 3065 3060 3048 3056 3056 3042 3033 3042 3042 3049 3037 3050 3046 3038 3034 3002 3036 3019 3026 3025 3020 3022 3008 3015 3009 2997 3014 3005
3022 3029 3050 3051 3049 3043 3057 3035 3041 3034 3025 3034 3025 3040 3025 3022 3018 3018 3022 3024 3023 3025 3031 3026 3019 3030 3029 3026 3038 3036 3044 3046 3063 3043 3058 3060 3053 3057 3054 3064 3066 3061 3051 3043 3040 3042 3040 3044 3045 3037 3037 3015 3032 3027 3025 3032 3038 3029 3014 3006 3000 3009 3005 3003
3027 3027 3035 3036 3042 3030 3031 3024 3034 3033 3042 3018 3032 3034 3010 3031 3020 3008 3020 3023 3028 3032 3026 3017 3026 3029 3028 3049 3049 3049 3039 3046 3052 3047 3065 3064 3068 3064 3057 3071 3072 3058 3044 3060 3061 3041 3031 3032 3036 3041 3025 3020 3025 3018 3022 3027 3030 3014 3021 3008 3006 2991 3007 2999
3018 3021 3022 3028 3033 3034 3024 3030 3025 3032 3031 3024 3023 3012 3015 3022 3005 3021 3024 3030 3029 3029 3028 3033 3044 3034 3044 3037 3044 3036 3036 3040 3051 3046 3069 3063 3075 3075 3064 3067 3059 3060 3051 3060 3054 3058 3047 3038 3039 3054 3039 3036 3032 3025 3020 3017 3023 3018 3024 3036 3019 2997 3006 3017
3000 3002 2986 3001 2993 3011 2988 3011 3003 3004 3008 3005 2996 2991 3008 3001 2998 3010 2998 3004 3005 3013 3012 3014 3024 3031 3030 3028 3026 3033 3034 3026 3023 3035 3047 3049 3061 3065 3069 3065 3049 3062 3069 3056 3066 3067 3065 3054 3051 3052 3055 3045 3033 3029 3034 3013 3028 3041 3023 3034 3004 3000 3005 3005
2959 2967 2985 2974 2976 2981 2990 2976 2973 2974 2974 2969 2980 2979 2980 2970 2969 2964 2993 2993 2997 2995 2995 3001 3005 3007 3025 3021 3009 3004 3015 3025 3023 3023 3026 3048 3050 3061 3065 3056 3075 3070 3067 3061 3072 3077 3064 3062 3072 3054 3056 3059 3046 3029 3035 3026 3028 3029 3031 3009 3008 3010 3004 2993
2975 2990 2970 2972 2972 2972 2975 2973 2975 2972 2959 2975 2967 2967 2974 2974 2982 2978 2980 3002 2996 3005 3004 3008 3015 3014 3024 3025 3013 3009 3019 3024 3024 3028 3045 3054 3044 3062 3064 3077 3076 3080 3066 3080 3082 3073 3078 3075 3077 3056 3056 3040 3047 3030 3031 3039 3035 3029 3020 3017 3015 3000 3005 3004
2973 2978 2973 2980 2976 2976 2989 2991 2969 2973 2959 2974 2978 2982 2982 2984 2995 2982 3002 2993 2996 2997 3015 3017 3002 3022 3020 3027 3023 3030 3037 3019 3021 3043 3058 3073 3062 3058 3063 3075 3079 3082 3094 3089 3088 3070 3080 3082 3095 3083 3067 3049 3057 3049 3053 3037 3040 3027 3031 3019 3020 3000 3010 3004
2974 2967 2982 2987 2975 2978 2978 2966 2970 2983 2976 2990 2972 2975 2992 2996 2986 2975 2985 3000 3005 2996 3015 3003 3012 3016 3024 3025 3025 3012 3043 3025 3044 3035 3057 3076 3078 3079 3077 3085 3098 3078 3094 3100 3082 3104 3086 3103 3084 3087 3072 3060 3050 3052 3047 3041 3045 3041 3032 3018 3013 3017 3011 3002
2954 2973 2982 2992 2974 2984 2970 2980 2987 2979 2992 2987 2993 2989 2983 2992 2988 2996 2995 3001 3010 3007 3004 3012 3020 3013 3024 3026 3030 3025 3021 3018 3049 3040 3075 3090 3089 3080 3094 3099 3093 3091 3090 3107 3101 3088 3099 3095 3089 3086 3065 3073 3055 3052 3055 3050 3043 3032 3020 3019 3011 3010 2997 3002
2964 2975 2986 2981 2983 2983 2970 2986 2983 2974 2989 2994 2994 2981 2985 2966 2985 2990 2998 3008 2993 2994 3014 3010 3004 3005 3012 3017 3009 3021 3032 3046 3060 3071 3090 3076 3081 3097 3083 3090 3096 3087 3093 3091 3084 3100 3089 3088 3110 3088 3081 3069 3067 3051 3056 3037 3053 3053 3030 3018 3030 3013 3017 3011
2957 2966 2981 2975 2972 2973 2979 2964 2971 2982 2975 2974 2977 2993 2987 2996 2990 3004 2993 2991 3008 3004 3008 3022 3015 3012 3020 3010 3016 3014 3050 3057 3080 3073 3086 3076 3091 3088 3089 3097 3088 3090 3094 3095 3091 3092 3090 3098 3090 3093 3102 3084 3081 3046 3047 3057 3050 3047 3044 3031 3036 3035 3027 3022
2983 2987 2996 2991 2971 2982 2990 2979 2987 2971 2984 2988 2994 2985 2983 2991 2989 3000 3004 2997 2999 3015 3010 3026 3000 3008 3013 3014 3027 3018 3050 3066 3083 3083 3077 3089 3085 3082 3085 3086 3095 3103 3094 3082 3087 3102 3096 3099 3098 3090 3088 3082 3069 3047 3039 3060 3045 3058 3053 3041 3028 3022 3028 3015
2979 2991 3000 3004 2993 2993 2990 3008 2984 2996 2994 2988 2990 2985 2981 2995 2985 2992 3009 3009 3025 3011 3017 3026 3009 3009 3010 3027 3024 3042 3077 3086 3077 3083 3080 3080 3086 3099 3079 3089 3080 3086 3090 3082 3084 3091 3079 3076 3090 3091 3076 3068 3062 3048 3055 3056 3061 3072 3057 3043 3022 3013 3018 3029
2984 2982 2996 3001 2996 2984 3010 2992 3000 2992 2994 2994 2991 2981 2984 2999 2986 2995 3005 3026 3009 3014 3017 3021 3005 3011 3018 3018 3052 3059 3067 3093 3084 3076 3081 3076 3083 3085 3078 3088 3075 3083 3073 3094 3087 3089 3091 3092 3092 3080 3079 3089 3076 3074 3052 3070 3082 3087 3075 3045 3040 3037 3016 3008
3006 3011 2996 2993 2981 2976 3002 3001 2999 3005 3000 2986 2993 2987 2996 2981 2987 2993 3019 3027 3007 3021 3018 3010 3011 3019 3029 3037 3060 3068 3079 3082 3086 3083 3083 3084 3081 3088 3081 3079 3074 3087 3093 3089 3089 3098 3098 3100 3093 3096 3095 3096 3090 3069 3073 3079 3075 3091 3069 3067 3049 3027 3020 3019
3009 3000 2988 2994 2983 2980 3006 2999 2995 2991 3000 2999 2993 2988 3002 2984 2992 3002 3002 3031 3013 3034 3021 3026 3011 3015 3037 3051 3060 3066 3096 3081 3087 3091 3082 3080 3081 3077 3073 3079 3091 3085 3091 3090 3090 3084 3090 3083 3084 3099 3088 3082 3082 3076 3070 3075 3080 3092 3066 3070 3040 3034 3031 3014
2986 2985 2987 2990 3004 2993 3003 2989 2973 2998 3005 3012 2996 2991 2998 2993 2995 3000 3010 3008 3014 3023 3034 3029 3024 3051 3046 3052 3074 3080 3083 3087 3084 3087 3092 3074 3078 3079 3082 3088 3078 3086 3100 3088 3084 3082 3091 3090 3091 3090 3093 3093 3076 3080 3071 3080 3076 3075 3071 3074 3046 3029 3025 3015
2980 2995 3000 2996 3012 3015 3021 3004 2988 2993 3018 3005 3008 3018 3002 3004 2987 2998 3018 3013 3028 3014 3023 3034 3058 3039 3063 3057 3081 3072 3091 3086 3087 3088 3084 3074 3087 3080 3085 3072 3086 3085 3087 3091 3091 3089 3096 3092 3095 3094 3106 3098 3087 3080 3080 3086 3074 3069 3058 3058 3041 3010 3001 3019
3005 3007 3022 3011 3024 3006 3013 3014 3015 3013 3018 3026 3008 3018 3009 3011 3014 3020 3014 3015 3023 3022 3030 3045 3052 3042 3064 3065 3089 3080 3089 3095 3079 3067 3063 3083 3069 3076 3075 3083 3088 3097 3083 3085 3084 3097 3088 3086 3088 3108 3083 3088 3082 3092 3088 3100 3080 3071 3064 3055 3046 3027 3033 3008
3007 3013 3036 3012 3009 3013 3018 3003 3004 3010 3028 3019 3008 3024 3007 3007 3013 3010 3022 3018 3018 3024 3041 3034 3050 3067 3085 3069 3064 3073 3082 3081 3073 3075 3073 3068 3071 3081 3083 3081 3094 3085 3092 3097 3083 3094 3095 3092 3093 3092 3093 3080 3088 3082 3091 3088 3085 3062 3053 3045 3025 3030 3023 3024
2990 3000 2999 2998 3021 3006 2996 2999 2998 2994 3009 2989 2999 2994 3005 2995 3015 3013 3009 3021 3030 3038 3039 3047 3051 3064 3075 3088 3082 3069 3083 3063 3077 3076 3069 3072 3077 3078 3083 3083 3091 3097 3076 3080 3088 3094 3103 3102 3087 3096 3089 3086 3087 3086 3084 3087 3077 3058 3055 3049 3036 3024 3029 3015
3013 3003 2995 2997 3003 3003 2995 2990 2998 2993 2991 2994 2997 2993 2998 2987 3007 2994 3006 3005 3011 3033 3046 3045 3060 3056 3084 3079 3078 3084 3078 3075 3085 3076 3087 3080 3063 3073 3092 3085 3087 3088 3075 3087 3073 3102 3104 3094 3082 3084 3087 3092 3080 3063 3083 3090 3086 3076 3065 3058 3045 3037 3026 3023
2997 3001 2995 3010 2998 2992 2996 2992 2989 2996 2995 2984 3002 2990 2984 2984 2979 3002 2998 3004 3007 3027 3040 3056 3059 3050 3069 3082 3077 3073 3078 3090 3087 3076 3098 3084 3091 3080 3086 3086 3079 3085 3086 3099 3088 3102 3098 3098 3082 3085 3094 3091 3068 3068 3069 3073 3091 3077 3073 3063 3041 3034 3019 3039
3002 2986 2994 2996 2984 2994 3002 2993 2997 2990 2993 3002 3010 2994 2986 2993 2993 3010 2989 2990 3008 3027 3064 3047 3056 3059 3082 3079 3081 3075 3082 3085 3087 3096 3092 3083 3081 3084 3080 3084 3084 3086 3092 3093 3089 3098 3092 3098 3093 3089 3093 3084 3084 3070 3083 3089 3091 3076 3057 3060 3048 3030 3025 3055
2999 2987 2990 2998 2989 2989 2990 2985 2988 2998 2982 2990 2997 2997 3003 3005 2992 2994 2989 3005 3009 3026 3066 3065 3045 3067 3054 3064 3082 3079 3087 3092 3071 3085 3086 3097 3074 3077 3077 3087 3075 3089 3091 3098 3089 3099 3096 3089 3082 3100 3108 3102 3079 3082 3088 3085 3087 3078 3066 3061 3046 3039 3033 3033
2996 2999 3002 2992 3000 2990 2988 2991 2978 2995 2997 2981 2999 2986 2993 2994 2982 2984 2974 2978 3005 3021 3052 3065 3063 3068 3066 3084 3073 3070 3071 3063 3084 3089 3071 3080 3077 3083 3087 3073 3094 3088 3084 3096 3089 3081 3097 3088 3101 3093 3090 3088 3095 3075 3087 3087 3090 3076 3063 3078 3039 3033 3026 3026
2975 2998 2996 3006 2985 2996 2989 2994 2982 2995 2990 2984 2996 2992 2989 2987 2983 2983 2994 2985 3003 3028 3031 3067 3055 3057 3074 3070 3064 3079 3070 3077 3080 3078 3079 3080 3094 3108 3104 3089 3094 3101 3096 3095 3092 3092 3090 3090 3103 3095 3094 3085 3087 3072 3087 3100 3085 3078 3077 3068 3052 3044 3021 3030
2986 2995 2984 2999 2993 2991 2996 2989 2988 2995 2982 2984 2988 2984 2996 2993 2978 2984 2993 3004 3003 3023 3049 3060 3054 3053 3061 3056 3086 3076 3068 3068 3076 3073 3071 3084 3089 3092 3087 3089 3090 3089 3096 3092 3100 3089 3087 3092 3093 3084 3087 3074 3081 3077 3078 3079 3093 3084 3070 3067 3052 3036 3026 3020
2980 2998 2987 2983 2987 3000 2981 2984 2985 2987 2996 2991 2985 2986 2991 2989 2989 2994 2988 3001 3010 3015 3030 3062 3051 3057 3047 3069 3077 3082 3083 3070 3085 3081 3088 3084 3088 3091 3078 3078 3105 3098 3093 3104 3089 3100 3095 3086 3093 3097 3091 3090 3084 3090 3092 3075 3080 3072 3061 3047 3039 3031 3016 3015
2996 3005 2999 3007 3006 2995 3000 3007 2993 2985 2993 2991 2993 2993 2980 2994 3001 3005 3003 3001 3002 3015 3039 3047 3061 3071 3065 3078 3087 3079 3070 3055 3069 3078 3082 3089 3077 3085 3090 3085 3086 3082 3094 3091 3086 3092 3085 3099 3091 3089 3103 3080 3084 3092 3089 3093 3084 3073 3062 3041 3037 3030 3026 3020
3010 3013 3004 3004 3012 3022 3007 3012 3003 3006 3001 2999 3012 3002 2999 3006 2994 3008 3000 2996 2997 3010 3034 3041 3065 3065 3071 3074 3081 3068 3068 3069 3074 3082 3084 3106 3085 3089 3083 3097 3084 3081 3082 3088 3082 3087 3075 3097 3089 3098 3094 3093 3090 3082 3093 3095 3090 3085 3062 3049 3026 3026 3022 3019
3013 3017 2999 3021 3023 3020 3016 3017 3000 3001 2997 3013 3018 3002 3010 3001 3000 3000 3002 2999 2994 3017 3044 3054 3066 3059 3068 3067 3074 3070 3073 3066 3083 3075 3092 3082 3089 3087 3095 3100 3096 3092 3089 3083 3093 3083 3091 3099 3089 3076 3082 3085 3076 3081 3092 3085 3090 3067 3072 3047 3035 3022 3025 3037
3018 3013 2997 3009 3002 2996 3012 3006 2987 2992 3011 2999 3005 2997 2991 2983 2989 2993 2977 2983 2980 3000 2999 3034 3057 3068 3069 3065 3062 3071 3074 3072 3070 3088 3080 3086 3079 3084 3083 3091 3106 3096 3078 3088 3091 3086 3100 3100 3093 3075 3090 3093 3118 3088 3090 3074 3089 3072 3063 3047 3032 3025 3003 3022
3002 2980 2993 2981 2995 2993 2988 2984 2998 2994 2983 2986 2998 2993 2983 2980 2985 2987 2992 2973 2975 2979 2993 3025 3056 3063 3059 3066 3069 3060 3061 3071 3073 3073 3086 3075 3080 3067 3076 3095 3088 3100 3098 3096 3093 3085 3099 3093 3086 3081 3083 3090 3105 3096 3092 3072 3076 3073 3062 3041 3038 3009 3006 3010
2986 2985 2996 2992 3000 2993 2995 2995 3001 3000 2989 2991 2986 2993 3010 2997 2988 2987 2994 2993 2990 3004 3006 3024 3043 3046 3065 3063 3072 3086 3062 3085 3073 3083 3082 3080 3085 3088 3082 3105 3090 3095 3104 3103 3080 3088 3092 3103 3098 3074 3095 3103 3095 3100 3091 3079 3069 3071 3069 3039 3030 3014 3014 3024
2991 3002 2992 3005 2989 2987 2999 2981 3000 2993 2990 2984 2981 2991 3000 3000 2997 2992 3001 2992 2997 2989 2998 3012 3025 3045 3052 3061 3064 3079 3081 3088 3084 3077 3088 3081 3073 3092 3100 3092 3099 3101 3095 3096 3096 3086 3095 3099 3083 3089 3097 3103 3098 3082 3084 3075 3084 3072 3052 3025 3026 3017 3017 3024
2969 2986 2993 2995 3003 2985 2980 3002 3002 2996 2989 2990 2992 2995 2998 2991 2984 2985 3003 2996 2982 2995 3004 3012 3004 3011 3053 3050 3078 3071 3072 3072 3059 3077 3073 3069 3089 3077 3087 3078 3103 3096 3091 3098 3105 3091 3093 3088 3089 3086 3081 3086 3086 3079 3071 3082 3060 3065 3057 3032 3023 3020 3011 3028
2990 2994 2989 2992 2998 2990 3015 3005 3016 2995 2994 2982 2985 2992 2995 2984 2990 2984 3007 2996 2985 2970 2998 2991 2999 3007 3027 3050 3074 3063 3076 3072 3059 3072 3060 3081 3076 3086 3098 3099 3096 3090 3086 3094 3070 3092 3073 3083 3082 3080 3084 3096 3080 3084 3083 3068 3074 3057 3049 3020 3028 3015 3023 3027
2994 2996 2987 2992 2991 3003 2981 2994 3001 3011 2994 2996 2979 2986 2986 2986 2999 2985 2996 2998 2997 3002 2999 2989 2999 3009 3021 3053 3056 3053 3082 3059 3068 3071 3073 3089 3085 3087 3073 3087 3104 3101 3085 3087 3073 3091 3079 3078 3083 3070 3079 3090 3087 3084 3074 3083 3075 3068 3050 3021 3024 3016 3014 3018
2981 2998 2985 2995 2985 2999 2988 2978 3000 3006 3003 3002 2993 3000 3000 2991 2988 2992 2984 3000 2988 3015 2994 3003 3001 3013 3023 3026 3057 3064 3062 3075 3065 3062 3071 3077 3086 3084 3072 3075 3096 3086 3087 3079 3072 3083 3093 3091 3087 3084 3095 3089 3089 3077 3099 3108 3076 3063 3034 3018 3019 3015 2995 3009
2976 3006 2994 3001 2989 3000 2985 2990 3006 3003 2985 3004 2986 2989 2985 3010 3012 2994 2980 2991 2986 2979 2999 2995 3005 2991 3006 3023 3050 3080 3076 3077 3070 3071 3083 3070 3084 3081 3089 3101 3091 3079 3078 3080 3085 3079 3094 3097 3088 3077 3081 3105 3086 3094 3085 3083 3072 3050 3035 3025 3007 3014 3002 3008
2999 2998 3002 3012 3005 2995 2984 2982 2993 2988 3004 2982 2996 3000 3002 2999 2997 2991 2992 2980 2977 2999 3004 2989 2994 2992 3020 3022 3050 3071 3068 3072 3070 3064 3078 3069 3073 3082 3085 3074 3082 3086 3093 3083 3083 3089 3097 3093 3092 3084 3107 3086 3095 3083 3098 3074 3046 3033 3037 3012 3028 3007 3002 3005
2985 2994 2997 3003 2995 3004 3001 2989 2999 2999 2995 3000 3013 2994 2989 2991 3001 2997 2998 2991 2977 2987 2990 2979 2996 2990 2993 3026 3044 3059 3071 3073 3074 3084 3071 3075 3070 3077 3077 3081 3102 3087 3080 3085 3079 3088 3080 3103 3093 3099 3094 3105 3098 3075 3075 3055 3043 3031 3011 3015 3006 2996 3006 2998
2986 2996 3007 2994 2993 2997 2982 3001 2996 2993 2996 2990 2989 2980 2986 3004 2997 2996 2992 2997 2984 2981 2964 2977 2989 2986 3008 3020 3042 3048 3055 3063 3063 3081 3077 3080 3075 3079 3076 3103 3078 3082 3077 3087 3095 3096 3103 3102 3087 3084 3086 3107 3091 3079 3060 3053 3039 3014 3015 3013 3013 3006 3003 2991
2994 3002 3002 2996 2991 2988 2981 2990 2990 2998 2983 2996 2997 2978 2996 2993 3010 2991 2997 2983 2984 2978 2996 2984 2996 2992 2991 3010 3032 3057 3064 3072 3071 3078 3072 3088 3065 3064 3081 3072 3081 3088 3089 3097 3097 3105 3096 3093 3084 3082 3088 3092 3080 3068 3061 3029 3015 3022 3014 3019 3005 2995 3006 3005
3002 2995 2975 2986 2994 2996 2996 2989 2995 2990 2987 2983 2976 2980 2983 2989 2992 3000 2987 2990 2996 2985 2996 3004 2994 3012 2990 3005 3031 3051 3066 3078 3073 3086 3087 3087 3084 3089 3078 3083 3098 3085 3085 3098 3109 3092 3091 3087 3071 3072 3089 3092 3076 3053 3032 3021 3025 3013 3007 2995 3009 2998 2998 3000
3001 2996 2990 2988 2990 2994 3000 2990 2983 2991 2976 2994 2981 2984 2989 2999 2992 2986 2980 2977 2990 2986 3000 2999 2995 2987 2990 2993 3015 3052 3062 3078 3076 3087 3089 3080 3086 3082 3082 3086 3086 3091 3093 3084 3089 3099 3084 3075 3085 3074 3089 3083 3064 3060 3038 3016 3028 3011 3017 3017 3009 3010 3007 2983
3006 2989 2988 2979 2983 3002 2989 3001 2988 2980 2994 2993 2979 2991 2978 2992 2984 2997 2989 2982 2994 2988 3004 2989 3009 2995 3002 3013 3028 3039 3071 3084 3086 3082 3070 3082 3087 3097 3095 3084 3101 3084 3091 3080 3093 3101 3099 3084 3069 3088 3076 3083 3047 3034 3039 3041 3014 3025 3025 3030 3001 3016 3004 2995
2982 2993 2991 2992 3002 2994 2983 2981 2973 2986 2977 2985 2987 2983 2983 2983 2983 2994 2991 2985 2988 2998 3007 2997 2984 3002 3008 3006 3024 3039 3055 3076 3062 3072 3091 3095 3082 3084 3085 3082 3087 3069 3093 3075 3087 3086 3084 3099 3095 3082 3087 3090 3072 3060 3043 3026 3024 3015 3020 3009 3021 3008 3007 3020
2989 2979 2978 2984 2984 2988 2993 2983 2987 2980 2997 2990 2986 2974 2986 2985 2986 2990 3001 2984 2987 2991 3006 3013 2988 3007 2991 2999 3015 3024 3057 3067 3071 3077 3085 3079 3099 3092 3084 3074 3078 3074 3078 3086 3084 3086 3093 3109 3099 3081 3068 3085 3067 3038 3044 3036 3031 3026 3023 3016 3020 3030 3023 3016
2968 2980 2989 2996 2985 3003 2988 3000 2992 2990 2987 2988 2972 2996 2990 2990 2990 2987 2998 2995 2996 2983 2996 2998 2990 2986 3001 3003 3019 3045 3055 3063 3071 3075 3086 3087 3093 3092 3073 3079 3084 3099 3106 3087 3083 3075 3080 3088 3105 3082 3102 3082 3065 3037 3040 3016 3022 3019 3020 3019 3021 3007 3020 3009
2978 2982 2993 2983 2983 2980 2983 2988 2997 2982 2989 2985 2984 2994 2994 2983 2982 2997 2988 2990 2991 2990 2995 2995 2975 2983 2997 3003 3019 3037 3055 3065 3071 3073 3097 3095 3092 3080 3082 3092 3094 3082 3086 3073 3079 3073 3069 3094 3095 3097 3095 3078 3062 3034 3028 3016 3024 3013 3014 3031 3031 3015 3014 3002
2986 2994 3010 2992 2996 2996 2993 2994 2995 3001 2992 2989 2998 3000 3003 2987 2989 2997 3005 2980 2991 2997 3000 2986 2990 3001 2985 3021 3038 3051 3058 3074 3081 3085 3086 3087 3090 3084 3090 3089 3085 3088 3088 3093 3104 3087 3092 3093 3109 3101 3087 3082 3059 3043 3035 3033 3043 3019 3022 3025 3030 3024 3025 3008
2997 2999 3019 3004 3003 2991 2994 3002 2991 3002 3007 3002 2984 3001 3000 3005 2995 3012 3002 3003 2996 3005 3008 3010 2996 3005 3011 3014 3048 3073 3087 3087 3095 3089 3097 3091 3074 3084 3091 3093 3082 3074 3080 3087 3096 3100 3101 3094 3095 3089 3090 3081 3058 3045 3043 3045 3026 3014 3019 3029 3044 3038 3028 3028
2987 2999 2997 3002 2981 3004 2997 3000 2995 2990 2997 3014 2999 2992 3016 3005 2997 3007 3001 3006 2994 3004 3008 3020 3015 3018 3008 3036 3063 3064 3073 3089 3077 3091 3084 3097 3090 3092 3081 3086 3090 3099 3095 3091 3107 3099 3097 3097 3084 3086 3085 3087 3069 3069 3056 3058 3037 3023 3023 3045 3055 3041 3037 3023
2996 2995 3009 2993 2999 2989 3017 2999 3011 3007 3004 3002 2998 3015 3005 3003 3005 3008 3003 2999 3007 3004 3015 3022 3027 3031 3052 3056 3053 3073 3083 3099 3090 3078 3089 3087 3096 3096 3079 3081 3096 3105 3099 3105 3098 3096 3081 3087 3074 3086 3091 3083 3068 3076 3070 3047 3054 3034 3052 3058 3045 3056 3050 3040
3001 2998 3005 3008 2994 3002 2990 2996 2998 2990 2986 2999 2999 3002 3020 3010 3011 3008 3025 3028 3027 3021 3036 3044 3034 3063 3065 3065 3069 3079 3086 3086 3091 3088 3088 3092 3092 3088 3079 3084 3088 3088 3105 3108 3091 3097 3093 3080 3092 3081 3095 3075 3096 3079 3067 3062 3050 3050 3045 3039 3051 3049 3042 3047
3007 3018 3005 2996 2982 2980 2988 2998 2996 3005 3000 2989 2990 2988 3009 3024 2998 3022 3029 3018 3022 3038 3064 3064 3065 3076 3060 3081 3091 3078 3081 3097 3086 3088 3088 3098 3098 3089 3078 3072 3086 3101 3093 3090 3105 3091 3085 3093 3099 3090 3087 3070 3081 3087 3069 3056 3055 3077 3054 3050 3050 3043 3044 3049
2998 3001 3001 3007 2993 2985 3000 3000 2996 2993 3008 3009 3006 3012 3019 3018 3019 3031 3037 3032 3030 3041 3046 3061 3055 3066 3080 3078 3092 3082 3081 3081 3094 3082 3089 3088 3091 3094 3093 3077 3071 3093 3116 3102 3090 3089 3087 3089 3094 3086 3084 3076 3086 3089 3071 3061 3058 3058 3056 3065 3057 3042 3047 3046
3003 2983 2973 2983 2994 3011 3005 3002 3000 3003 3004 3016 3007 3023 3031 3035 3034 3039 3036 3062 3047 3049 3056 3054 3067 3062 3071 3086 3072 3074 3087 3068 3087 3085 3077 3085 3085 3097 3110 3087 3086 3096 3098 3097 3089 3075 3081 3101 3101 3094 3087 3078 3087 3088 3090 3088 3074 3067 3074 3082 3065 3050 3064 3085
