3064 3069 3059 3058 3061 3066 3073 3061 3065 3055 3056 3057 3041 3053 3052 3061 3060 3047 3048 3061 3071 3063 3062 3053 3063 3069 3065 3052 3063 3074 3070 3061 3043 3050 3054 3050 3053 3059 3025 3020 3029 3034 3009 3022 3019 3007 3015 3006 3007 3024 3024 3036 3015 3001 3007 3012 3000 3005 3012 3027 3012 3019 3012 3025
3068 3054 3058 3059 3065 3059 3058 3056 3064 3061 3056 3055 3056 3050 3056 3047 3062 3050 3068 3056 3061 3061 3054 3071 3070 3064 3055 3068 3071 3065 3058 3062 3046 3054 3052 3038 3046 3054 3043 3036 3034 3027 3022 3031 3027 3028 3015 3014 3007 3033 3022 3026 3023 2992 3008 3009 3007 3011 3008 3020 3017 3006 3009 3021
3059 3047 3038 3051 3068 3069 3060 3059 3058 3054 3047 3059 3046 3045 3051 3039 3054 3050 3063 3054 3071 3073 3071 3057 3082 3079 3057 3064 3060 3077 3081 3067 3066 3053 3042 3041 3041 3056 3046 3037 3025 3024 3030 3028 3034 3042 3022 3017 3019 3021 3020 3019 3015 3003 3022 3005 3007 3013 3007 3018 3013 3010 3006 2998
3056 3052 3041 3046 3042 3044 3052 3048 3043 3056 3041 3047 3047 3045 3064 3061 3053 3063 3058 3064 3059 3074 3068 3071 3079 3085 3080 3067 3076 3060 3068 3053 3053 3047 3046 3050 3038 3049 3055 3055 3035 3027 3027 3033 3035 3032 3025 3023 3022 3003 3027 3017 3009 3009 3014 3013 3015 3006 3007 3000 3001 3001 3012 3015
3063 3046 3039 3038 3044 3043 3050 3047 3035 3050 3057 3054 3051 3052 3071 3071 3066 3064 3060 3061 3068 3081 3085 3100 3091 3090 3079 3081 3088 3093 3063 3054 3060 3052 3057 3046 3048 3053 3044 3056 3043 3036 3039 3040 3035 3026 3019 3027 3027 3020 3020 3023 3020 3004 3012 3009 3006 3013 3005 2994 3005 3002 3012 3021
3059 3057 3044 3034 3042 3037 3044 3045 3047 3054 3059 3064 3046 3054 3066 3078 3064 3073 3062 3051 3077 3066 3079 3086 3084 3081 3088 3086 3084 3074 3069 3069 3075 3070 3061 3058 3063 3049 3043 3046 3040 3039 3041 3045 3043 3031 3037 3034 3023 3034 3020 3003 3014 3001 3009 3012 3007 3012 3015 3014 3012 3006 3010 3025
3062 3044 3047 3052 3029 3038 3043 3042 3045 3042 3053 3052 3058 3064 3048 3087 3072 3072 3065 3066 3054 3066 3078 3079 3089 3096 3083 3094 3080 3064 3079 3068 3075 3091 3058 3057 3066 3058 3057 3057 3041 3051 3053 3041 3037 3028 3011 3026 3027 3017 3010 3007 3005 3008 3014 3017 3017 3031 3015 3004 3011 2987 3001 3022
3013 3023 3011 3021 3016 3010 3020 3015 3025 3019 3023 3029 3044 3042 3040 3046 3057 3047 3048 3048 3050 3056 3075 3079 3081 3091 3100 3086 3084 3075 3074 3080 3087 3093 3090 3069 3059 3052 3049 3048 3032 3040 3033 3042 3049 3022 3028 3017 3029 3013 3011 3007 2997 3007 3009 2999 3001 3011 3005 3011 3008 2998 3007 3005
2978 2979 2980 2975 2992 2997 2980 2991 2989 2996 3012 3025 3007 3013 3031 3026 3024 3041 3032 3046 3053 3055 3062 3047 3066 3080 3083 3082 3080 3087 3091 3089 3089 3078 3083 3075 3061 3047 3052 3043 3035 3022 3036 3030 3027 3029 3022 3002 2996 2998 2991 3019 2997 2995 2999 3011 3005 2992 2994 2994 2992 3004 2999 3000
2962 2997 2973 2990 2988 2992 2991 2990 2996 3000 3009 3005 3006 3019 3035 3022 3015 3026 3043 3041 3054 3067 3068 3071 3086 3094 3088 3090 3084 3097 3102 3095 3094 3085 3091 3082 3069 3071 3059 3032 3038 3042 3034 3032 3043 3044 3029 3017 3015 3011 3007 3025 3002 3008 3001 3013 2995 2996 3000 2994 3003 3004 2999 3009
2979 2966 2984 2976 2987 2998 2995 2999 3006 3015 3029 3021 3016 3018 3032 3022 3025 3027 3039 3048 3072 3087 3085 3083 3089 3083 3090 3097 3102 3097 3093 3091 3097 3103 3096 3078 3089 3081 3053 3031 3037 3026 3037 3025 3029 3042 3023 3025 3012 3016 3010 3012 3017 3024 3011 3016 2996 2994 2988 2990 3002 3016 3014 3016
2971 2979 2984 2979 2988 2991 2983 3009 3016 3013 3021 3021 3023 3020 3041 3017 3038 3033 3046 3063 3080 3080 3079 3095 3101 3100 3084 3102 3099 3105 3099 3112 3088 3091 3099 3094 3089 3074 3056 3035 3051 3056 3041 3051 3041 3049 3045 3039 3026 3033 3027 3010 3014 3033 3013 3012 3003 3008 2999 2989 3000 3004 3023 2998
2964 2977 2982 2984 3000 2991 2995 3005 3014 3016 3023 3022 3025 3022 3035 3043 3038 3044 3069 3083 3093 3073 3086 3084 3083 3097 3101 3084 3107 3110 3101 3102 3093 3100 3105 3103 3090 3075 3060 3050 3058 3050 3058 3056 3066 3059 3071 3054 3047 3027 3012 3026 3018 3007 3013 3001 3005 2995 3000 2991 3002 3013 3004 3012
2983 2988 2995 2996 2999 2993 2997 2997 3019 3019 3016 3028 3045 3036 3037 3037 3049 3056 3085 3098 3084 3086 3092 3083 3098 3096 3098 3110 3106 3112 3103 3091 3097 3094 3101 3109 3090 3081 3054 3051 3052 3069 3067 3071 3062 3071 3061 3071 3038 3027 3009 3016 3014 2997 3001 3017 3009 3009 3009 3008 3001 3010 2991 3019
2982 2997 2982 2987 2997 3000 3005 3005 3027 3032 3025 3036 3036 3045 3042 3035 3049 3070 3090 3087 3107 3096 3078 3093 3104 3106 3101 3091 3106 3092 3104 3091 3094 3098 3110 3098 3108 3098 3071 3052 3054 3063 3073 3087 3077 3077 3077 3058 3053 3023 3030 3019 3015 2990 3006 3008 3003 2987 3012 3007 3014 3001 3009 3004
2984 2990 2986 2996 2995 3005 3007 2999 3021 3030 3026 3043 3046 3040 3032 3045 3058 3071 3085 3091 3091 3089 3100 3096 3108 3100 3091 3108 3091 3095 3099 3105 3101 3106 3090 3102 3099 3083 3083 3074 3068 3062 3085 3079 3082 3097 3065 3080 3053 3039 3018 3020 3005 3007 3008 2997 3012 3009 3006 2989 3008 3003 2996 2999
2995 3002 3017 3010 3013 3007 3019 3028 3034 3034 3040 3048 3053 3040 3045 3061 3066 3085 3085 3080 3102 3104 3089 3103 3083 3095 3090 3098 3079 3095 3087 3085 3090 3086 3103 3089 3092 3086 3083 3079 3066 3070 3081 3099 3094 3083 3073 3070 3049 3044 3025 3016 3019 3017 3018 3006 3005 2995 2988 2983 2984 3002 3012 3002
3009 3010 3015 3016 3013 3020 3019 3014 3037 3045 3042 3039 3043 3040 3050 3061 3076 3094 3085 3106 3090 3089 3093 3086 3090 3093 3103 3111 3088 3076 3087 3098 3085 3098 3110 3094 3091 3080 3089 3085 3068 3067 3074 3087 3090 3092 3076 3052 3056 3032 3033 3008 3000 3027 3006 3010 3002 3005 2998 2991 2988 2987 3001 2997
3019 3007 3006 3006 3010 3017 3001 3026 3020 3032 3032 3043 3038 3047 3068 3075 3096 3089 3080 3088 3098 3101 3090 3082 3087 3096 3100 3100 3098 3088 3086 3093 3098 3109 3098 3109 3085 3090 3091 3077 3067 3071 3086 3099 3092 3088 3081 3076 3040 3030 3020 3012 3010 3000 2999 3007 3000 2990 2999 2989 3006 3009 3015 3016
3021 3015 3010 3016 3021 3023 3017 3016 3032 3032 3055 3034 3041 3058 3084 3083 3093 3094 3081 3070 3088 3091 3078 3077 3078 3090 3098 3094 3083 3097 3090 3090 3102 3110 3109 3104 3092 3097 3094 3088 3071 3088 3078 3100 3096 3081 3080 3077 3057 3046 3016 3017 3008 2989 2994 3016 3004 2996 3012 3010 3002 2995 3000 3012
3015 3014 3014 3017 3023 3036 3029 3022 3038 3039 3036 3058 3053 3064 3074 3083 3098 3097 3095 3092 3095 3089 3070 3073 3078 3087 3078 3088 3086 3092 3100 3104 3101 3088 3096 3091 3090 3079 3076 3073 3084 3095 3078 3082 3074 3092 3075 3066 3072 3041 3035 3024 3000 3000 3025 3005 2991 3011 3014 3029 3014 3018 3001 3019
2999 3016 3031 3014 3030 3028 3039 3037 3030 3040 3050 3058 3053 3072 3078 3084 3093 3087 3093 3088 3086 3088 3072 3081 3092 3081 3090 3088 3088 3087 3097 3094 3090 3100 3085 3091 3089 3103 3081 3090 3088 3086 3085 3090 3082 3094 3086 3088 3069 3046 3037 3026 3016 3021 3017 3028 3023 3014 3016 3000 3030 3001 3016 3026
3013 3015 3010 3026 3029 3031 3040 3048 3038 3045 3043 3058 3056 3068 3100 3087 3081 3097 3083 3088 3090 3086 3081 3084 3077 3078 3088 3083 3084 3090 3098 3103 3098 3103 3097 3097 3092 3089 3089 3103 3088 3086 3086 3085 3085 3083 3088 3087 3065 3065 3040 3034 3030 3032 3018 3040 3024 3034 3016 3009 3007 3003 3016 3003
3004 3016 3023 3020 3028 3021 3021 3022 3026 3035 3029 3050 3065 3082 3079 3103 3089 3089 3082 3088 3083 3083 3087 3089 3086 3096 3089 3071 3097 3091 3101 3085 3098 3097 3099 3110 3105 3107 3099 3084 3078 3088 3086 3100 3084 3087 3085 3084 3059 3047 3034 3022 3028 3039 3010 3024 3025 3009 3022 3012 3011 3020 3013 3011
3010 3003 2999 3019 3009 3012 3005 3021 3030 3051 3051 3075 3078 3072 3087 3095 3088 3077 3088 3095 3084 3091 3080 3092 3095 3093 3086 3091 3104 3092 3099 3089 3098 3099 3099 3102 3115 3102 3090 3078 3086 3078 3108 3098 3091 3087 3088 3078 3053 3038 3035 3035 3019 3025 3010 3000 3000 3000 3008 2993 3006 3008 3013 3010
3003 3010 2995 2994 3010 2988 2999 3019 3031 3042 3052 3053 3059 3077 3085 3101 3102 3093 3089 3088 3089 3101 3098 3092 3092 3100 3112 3103 3094 3102 3096 3098 3099 3104 3091 3110 3099 3103 3095 3081 3077 3076 3077 3093 3091 3093 3084 3075 3051 3038 3019 3021 3013 3002 2992 3006 3002 3003 2999 3003 3006 3023 3012 3017
2999 3003 3010 3001 3007 2998 2984 3011 3013 3028 3042 3053 3064 3074 3072 3087 3099 3083 3081 3089 3096 3077 3079 3089 3091 3103 3107 3099 3098 3107 3104 3106 3089 3099 3106 3112 3108 3100 3095 3082 3074 3084 3086 3110 3096 3083 3088 3077 3049 3031 3026 3012 3016 3007 3003 3012 3008 3001 2998 3009 2996 2995 3023 3018
2999 3004 3012 3010 2997 3009 2999 3006 3012 3034 3046 3057 3072 3073 3095 3087 3092 3086 3087 3085 3097 3083 3085 3088 3079 3098 3095 3109 3098 3107 3105 3119 3100 3109 3114 3096 3109 3097 3102 3097 3091 3074 3093 3107 3086 3091 3085 3085 3053 3027 3016 3019 3007 3000 3014 3003 3007 3011 3004 3008 3006 2999 3016 3029
3001 3006 3017 3011 3014 3000 2990 3014 3008 3025 3066 3063 3069 3090 3092 3091 3089 3090 3092 3081 3102 3094 3087 3093 3085 3098 3120 3104 3106 3101 3100 3094 3103 3101 3099 3104 3101 3097 3102 3098 3094 3092 3093 3087 3094 3090 3090 3073 3054 3034 3018 3005 3001 3009 3003 3016 2996 3011 3021 3006 3014 3024 3019 3040
3007 2994 3004 3017 3032 3019 3012 3012 3017 3036 3051 3065 3059 3083 3084 3092 3091 3090 3084 3087 3096 3087 3097 3097 3092 3102 3098 3105 3101 3097 3107 3096 3101 3100 3104 3104 3111 3109 3096 3100 3108 3104 3097 3091 3089 3085 3092 3075 3050 3031 3015 3003 3002 3000 3013 3000 2997 3014 3017 3016 3011 3008 3018 3032
3016 2999 3005 2999 3008 2995 3002 3000 3006 3019 3046 3058 3067 3063 3084 3078 3094 3101 3072 3100 3090 3088 3091 3086 3098 3091 3095 3100 3102 3094 3101 3108 3104 3095 3100 3105 3105 3113 3115 3103 3093 3094 3095 3094 3092 3081 3081 3072 3056 3040 3007 3001 3000 2998 3002 3012 3013 3023 3023 3009 3019 3015 3022 3026
3001 2994 3003 2994 3009 3010 3016 3002 3006 3014 3042 3064 3063 3073 3090 3086 3097 3088 3087 3085 3085 3086 3087 3102 3094 3090 3091 3092 3102 3107 3101 3104 3091 3101 3086 3098 3100 3096 3105 3110 3099 3093 3097 3094 3086 3079 3076 3077 3044 3022 3001 2988 2983 3003 3002 3016 3010 3024 3023 3004 3012 3026 3021 3028
2999 2994 2997 2984 3020 3007 3001 2998 3007 3024 3030 3053 3065 3079 3078 3072 3091 3075 3081 3086 3090 3075 3089 3090 3096 3098 3089 3093 3106 3093 3106 3105 3088 3095 3090 3091 3088 3103 3099 3112 3094 3081 3088 3091 3095 3087 3084 3067 3055 3024 3006 2999 3004 3001 3009 3015 3022 3019 3009 3002 3011 3021 3025 3025
3013 3014 3011 3016 3030 3008 3029 3025 3018 3031 3040 3036 3067 3061 3082 3075 3088 3079 3075 3086 3080 3091 3095 3099 3097 3094 3090 3092 3095 3101 3098 3110 3094 3098 3094 3094 3094 3090 3085 3084 3079 3084 3081 3094 3090 3079 3075 3082 3038 3035 3008 2988 3000 3013 3017 3006 3013 3030 3012 2997 3010 3016 3013 3018
3020 3026 3031 3018 3027 3021 3029 3036 3028 3024 3036 3038 3055 3068 3083 3087 3078 3090 3072 3087 3086 3074 3086 3102 3094 3110 3088 3099 3095 3111 3106 3103 3091 3099 3085 3090 3090 3100 3098 3085 3097 3095 3093 3098 3091 3082 3087 3069 3045 3029 3013 2996 3008 3010 2994 3007 3024 3038 3027 3004 3015 3017 3017 3002
3015 3015 3022 3032 3023 3024 3031 3032 3027 3020 3019 3037 3065 3065 3090 3078 3092 3090 3086 3089 3079 3094 3089 3094 3092 3106 3109 3111 3097 3103 3110 3098 3097 3093 3081 3103 3100 3101 3096 3080 3094 3086 3098 3083 3088 3076 3068 3067 3038 3031 3014 3003 3006 3008 2998 3002 3016 3026 3014 3003 3005 3015 3008 3000
2999 3009 3008 3013 3013 3029 3016 3017 3016 3013 3018 3031 3040 3070 3082 3087 3084 3072 3080 3076 3088 3097 3097 3090 3076 3084 3091 3096 3089 3091 3099 3096 3096 3096 3098 3095 3104 3088 3104 3098 3093 3106 3098 3090 3095 3071 3088 3070 3059 3025 3020 3007 3009 3015 3011 2998 3020 3031 3018 3014 3009 3018 3015 3028
3008 2994 2993 3016 3001 3002 3016 3007 3001 3002 3009 3016 3047 3066 3083 3069 3085 3088 3087 3088 3094 3093 3093 3091 3078 3086 3087 3093 3091 3086 3099 3096 3096 3091 3085 3099 3095 3093 3103 3120 3097 3097 3099 3090 3082 3085 3080 3080 3039 3011 3023 3004 3006 3024 3002 3004 3010 3012 3000 3003 3006 3020 3043 3018
3003 3003 2993 3012 3016 3004 3008 3010 2999 2999 3010 3013 3035 3047 3074 3078 3081 3078 3070 3081 3080 3078 3080 3077 3082 3095 3103 3097 3104 3089 3083 3097 3089 3091 3109 3087 3084 3090 3101 3106 3099 3096 3093 3102 3089 3068 3072 3060 3031 3011 3005 3009 3004 3015 3011 3009 3016 3011 3013 2985 3014 3018 3021 3026
3006 3000 3001 3007 3009 3011 3012 3006 3001 3007 3008 3006 3017 3041 3065 3079 3082 3076 3079 3085 3079 3079 3081 3075 3087 3092 3097 3080 3087 3095 3112 3090 3093 3084 3088 3093 3089 3084 3106 3103 3096 3076 3089 3086 3096 3076 3079 3056 3030 3004 3010 3013 3015 3009 2999 2997 3002 3009 2998 2998 3006 3013 3004 3011
3004 3005 3002 3001 3006 3016 3003 3004 3022 3015 3014 3005 3015 3041 3053 3077 3081 3075 3073 3080 3077 3094 3086 3090 3091 3082 3086 3082 3101 3081 3100 3087 3093 3079 3096 3093 3096 3094 3092 3113 3099 3098 3081 3081 3075 3075 3056 3032 3023 3020 3010 3011 3006 2999 3002 3000 3008 3009 2994 2994 2998 3002 3006 3006
3005 3006 3008 3009 3022 3010 3003 3007 3015 3024 3016 3010 3018 3032 3031 3045 3066 3072 3070 3079 3080 3088 3089 3099 3087 3093 3074 3088 3090 3092 3092 3092 3087 3093 3085 3091 3086 3088 3099 3104 3093 3080 3074 3075 3076 3063 3060 3035 3020 3011 3013 3019 3002 2991 3000 3007 3001 3007 3008 2995 3002 2995 3002 3013
2995 3007 3007 3010 3000 2995 3001 3006 3020 2997 3003 3003 3018 3011 3024 3049 3074 3086 3082 3084 3080 3089 3099 3097 3082 3092 3111 3102 3088 3082 3090 3104 3088 3084 3085 3089 3098 3085 3089 3097 3094 3108 3080 3070 3091 3063 3042 3024 3016 3014 3016 3010 3006 3006 3002 2998 3011 3004 3010 3002 3000 3015 3015 3017
2997 2994 3014 3009 3005 3000 3006 3004 3012 3005 2995 3018 3018 3016 3018 3044 3077 3082 3081 3067 3091 3086 3079 3097 3096 3095 3091 3110 3081 3084 3084 3102 3088 3078 3088 3096 3101 3088 3103 3099 3103 3101 3085 3075 3088 3067 3036 3034 3005 3004 3008 3022 3008 3005 3005 3006 2998 3003 3009 3005 3007 3015 3018 3009
3003 2992 3009 3004 3001 2974 3000 2999 2998 2995 3000 3009 3007 3013 3022 3041 3059 3064 3073 3068 3072 3073 3093 3097 3096 3100 3100 3101 3103 3093 3099 3094 3087 3083 3102 3102 3093 3099 3102 3109 3095 3087 3082 3097 3073 3067 3044 3020 3017 3008 3002 3009 3014 3012 3019 3012 3007 3004 3006 3007 3014 3002 3006 2998
3000 2988 3004 2997 2988 2989 2989 3007 3003 3001 2999 3004 3011 2996 3003 3022 3040 3044 3077 3073 3088 3084 3073 3085 3078 3087 3103 3095 3084 3089 3103 3096 3101 3089 3102 3114 3110 3097 3097 3096 3093 3083 3087 3068 3079 3055 3028 3005 3003 3001 3012 3016 3020 3008 3006 3005 3007 2995 2999 3006 3002 3001 2998 3003
2996 2991 2991 2995 3007 3006 2999 3005 3005 2994 2995 3000 2997 2995 3008 3023 3039 3046 3083 3074 3068 3085 3085 3097 3093 3097 3097 3106 3095 3086 3095 3093 3089 3097 3110 3114 3096 3104 3097 3103 3094 3087 3096 3065 3043 3027 3033 3008 3018 2999 2999 3018 3015 3017 3001 3000 3010 3008 3006 3006 3001 2995 2990 3008
2981 2997 2989 2998 2998 3012 2997 3004 3009 3018 2993 3000 2994 2994 2996 3011 3022 3046 3065 3077 3073 3089 3095 3085 3089 3099 3106 3110 3096 3104 3082 3093 3085 3102 3093 3098 3086 3098 3098 3104 3092 3088 3078 3078 3045 3010 3013 3023 3003 3000 3001 3002 3005 3017 3005 3000 2998 2987 3015 3005 3010 3000 2994 3002
3007 2988 2990 2996 3006 3009 3002 2999 3002 3005 2994 2999 2993 3005 3005 2999 3026 3037 3058 3062 3072 3087 3088 3087 3096 3098 3085 3108 3103 3107 3088 3096 3086 3088 3096 3098 3103 3093 3100 3088 3097 3087 3069 3061 3041 3023 3012 3010 2995 3008 2996 3001 3008 3004 2998 3006 3005 2993 2999 3008 3013 3002 2993 3009
3000 2997 2988 2999 3002 2998 3000 2996 3006 3002 3006 2994 2988 2998 3007 3007 3023 3029 3052 3064 3086 3090 3088 3096 3107 3096 3122 3108 3103 3115 3103 3095 3090 3078 3085 3090 3097 3091 3095 3101 3088 3068 3070 3064 3036 3026 3016 3011 3007 2985 3009 2991 3016 3016 3008 3001 2996 3004 2995 2997 2997 3017 3007 3012
3007 3010 2992 2994 2996 2989 2997 2992 3000 2997 2998 2992 3000 3009 3005 2993 3011 3040 3059 3062 3086 3086 3089 3091 3096 3090 3097 3093 3102 3109 3093 3088 3086 3086 3089 3085 3088 3092 3097 3090 3087 3080 3070 3070 3036 3028 3014 3005 3002 3005 3004 2993 3009 2995 3010 2999 3008 3023 3006 3004 3004 3014 2998 3008
3001 2998 2993 3001 2999 3001 2997 2992 2994 2989 3007 2994 3006 3009 2986 3008 3010 3027 3048 3064 3083 3086 3093 3108 3087 3096 3094 3086 3093 3092 3096 3099 3086 3080 3082 3090 3100 3106 3089 3089 3089 3071 3073 3056 3037 3029 3016 3008 3012 3017 3014 2998 3007 2996 2997 2988 3009 3028 3019 3005 3003 3003 3007 2993
3000 3004 2995 2986 3005 3010 3008 2991 2990 2998 3009 2995 2988 3004 3001 3000 3011 3023 3046 3065 3082 3086 3086 3096 3086 3083 3091 3095 3089 3089 3090 3100 3102 3089 3084 3104 3091 3098 3083 3090 3083 3083 3068 3054 3029 3021 3006 3014 3003 3003 3005 3010 3001 3005 2999 2999 3011 3026 3020 2992 3010 3008 3005 3002
3011 2999 2993 2988 3018 3005 3000 3005 3002 3002 2989 3002 2996 2990 3001 3009 3020 3034 3035 3061 3068 3082 3083 3092 3096 3084 3084 3084 3085 3097 3092 3107 3100 3080 3092 3097 3096 3107 3099 3086 3083 3071 3066 3047 3028 3006 3019 3005 3002 3008 3009 3006 3000 2998 3008 3007 3020 3018 3022 3024 3009 3015 3004 3014
3020 2996 2979 2990 2992 3001 3004 2995 2991 2989 2994 2998 2994 2994 3014 2999 3004 3013 3041 3060 3076 3080 3098 3086 3082 3085 3078 3093 3088 3099 3091 3094 3096 3096 3092 3104 3102 3099 3087 3089 3080 3079 3059 3048 3027 3008 3017 3018 3011 3004 3005 3012 3015 3011 3009 3016 3005 3020 3023 3032 3023 3024 3018 3021
3010 2995 3000 3003 3004 2993 2983 2984 2983 2968 2995 2986 3010 3014 3026 2997 3003 3022 3049 3069 3092 3098 3086 3100 3085 3079 3086 3084 3089 3078 3081 3093 3095 3091 3090 3091 3093 3090 3082 3082 3089 3085 3074 3060 3037 3014 3026 3020 3010 3004 3013 3009 3011 3028 3014 2994 3009 3020 3006 3031 3030 3018 3028 3022
3015 2993 3002 3000 2991 3015 2998 2995 2983 2991 2988 3004 3008 2999 3005 3011 3021 3028 3063 3078 3098 3101 3089 3089 3087 3087 3087 3095 3094 3078 3087 3098 3115 3098 3103 3088 3085 3105 3089 3091 3087 3090 3082 3073 3047 3021 3027 3023 3009 3015 3014 2996 3012 3009 3011 3008 3008 3022 3027 3036 3038 3044 3029 3039
3001 3004 3011 3006 3001 3013 3014 3011 3013 3005 3016 3019 3016 3008 3022 3020 3034 3049 3072 3088 3103 3099 3092 3095 3100 3103 3106 3098 3089 3097 3095 3102 3115 3095 3098 3106 3092 3105 3092 3100 3094 3086 3082 3072 3053 3032 3028 3031 3007 3007 3007 3012 3015 3004 3008 3004 3015 3016 3021 3037 3037 3034 3030 3027
3011 3006 3005 2999 3000 3006 3017 3005 3001 3012 3009 3032 3030 3031 3041 3042 3031 3064 3066 3093 3104 3088 3091 3096 3099 3095 3104 3111 3094 3097 3102 3113 3104 3096 3102 3102 3106 3100 3089 3106 3090 3095 3082 3086 3055 3032 3036 3028 3024 3029 3011 3009 3011 3015 3025 3024 3020 3018 3027 3028 3032 3037 3039 3028
3004 3005 3009 3002 2991 2993 2999 3007 3019 3032 3028 3036 3027 3049 3050 3055 3048 3051 3082 3099 3103 3090 3079 3091 3078 3113 3106 3097 3100 3107 3102 3100 3096 3087 3105 3093 3100 3095 3101 3091 3097 3110 3095 3078 3066 3056 3042 3049 3041 3029 3011 3032 3036 3021 3027 3016 3035 3010 3013 3025 3029 3022 3038 3024
2992 2995 2999 3013 3006 3004 3002 3003 3027 3029 3038 3047 3065 3047 3056 3064 3075 3087 3090 3090 3103 3101 3097 3087 3099 3098 3113 3093 3094 3079 3097 3104 3091 3098 3105 3108 3095 3106 3091 3107 3111 3084 3096 3091 3062 3071 3058 3053 3054 3053 3037 3038 3045 3044 3027 3033 3032 3034 3024 3030 3032 3045 3052 3048
3003 3013 3010 3022 3021 3026 3019 3029 3038 3031 3043 3051 3065 3058 3071 3081 3098 3108 3098 3099 3108 3107 3096 3098 3099 3093 3099 3081 3101 3089 3094 3102 3099 3100 3088 3101 3089 3079 3097 3097 3092 3104 3081 3075 3074 3074 3057 3044 3053 3057 3062 3059 3052 3054 3046 3045 3033 3033 3026 3042 3032 3050 3040 3042
3006 3018 3029 3042 3024 3036 3022 3042 3047 3053 3062 3053 3049 3060 3069 3088 3090 3105 3103 3100 3095 3088 3084 3100 3097 3104 3094 3092 3078 3105 3107 3097 3090 3116 3104 3094 3098 3099 3096 3093 3076 3101 3085 3090 3100 3069 3061 3069 3079 3066 3064 3049 3057 3054 3057 3062 3053 3055 3054 3051 3053 3058 3056 3056
3020 3031 3040 3039 3047 3042 3042 3049 3064 3089 3058 3062 3073 3068 3088 3095 3093 3114 3099 3092 3100 3087 3095 3112 3109 3116 3105 3094 3105 3106 3104 3095 3092 3088 3094 3100 3107 3109 3100 3082 3095 3104 3103 3098 3098 3090 3080 3077 3074 3080 3068 3065 3060 3061 3061 3065 3063 3063 3065 3049 3054 3047 3049 3058
