3077 3073 3067 3070 3064 3063 3075 3060 3053 3068 3062 3063 3067 3045 3059 3045 3059 3059 3061 3040 3044 3047 3055 3053 3047 3043 3057 3046 3055 3047 3034 3014 3033 3020 3033 3030 3029 3032 3028 3041 3036 3027 3027 3016 3026 3030 3031 3022 3022 3029 3038 3041 3017 3020 3022 3029 3024 3018 3012 3017 3022 3032 3016 3005
3067 3074 3048 3071 3065 3060 3056 3050 3050 3062 3055 3061 3063 3057 3049 3050 3058 3042 3044 3036 3043 3031 3056 3061 3042 3059 3041 3046 3045 3045 3043 3028 3041 3038 3033 3044 3024 3034 3034 3018 3018 3022 3024 3019 3030 3019 3013 3030 3024 3024 3033 3036 3023 3025 3027 3025 3036 3011 3021 3006 3013 3018 3015 3007
3059 3062 3055 3058 3070 3049 3059 3051 3059 3055 3055 3053 3045 3046 3046 3043 3031 3049 3044 3032 3037 3044 3042 3031 3056 3057 3045 3051 3033 3053 3052 3052 3053 3042 3033 3035 3038 3025 3031 3023 3023 3025 3023 3015 3022 3025 3029 3025 3006 3019 3028 3020 3036 3034 3035 3032 3025 3031 3011 2996 3000 3002 3008 2996
3046 3061 3060 3062 3060 3053 3060 3044 3047 3054 3048 3044 3038 3039 3024 3031 3031 3030 3032 3035 3036 3043 3043 3040 3060 3049 3053 3053 3050 3051 3048 3056 3051 3042 3042 3023 3028 3032 3035 3013 3031 3018 3027 3017 3017 3029 3021 3031 3017 3021 3017 3013 3018 3036 3015 3022 3030 3012 3013 3014 3011 3016 3011 3013
3060 3069 3051 3060 3064 3054 3052 3039 3036 3037 3063 3039 3021 3026 3016 3021 3028 3014 3028 3033 3035 3042 3036 3043 3039 3049 3057 3060 3059 3050 3037 3042 3060 3065 3035 3049 3034 3029 3028 3029 3034 3023 3018 3023 3020 3037 3033 3022 3017 3012 3029 3021 3029 3022 3035 3013 3020 3021 3015 3020 3020 3006 3007 3004
3053 3054 3065 3058 3052 3047 3038 3030 3043 3048 3056 3042 3038 3027 3028 3038 3033 3029 3038 3041 3048 3060 3047 3044 3048 3045 3054 3057 3059 3059 3056 3059 3057 3051 3063 3045 3031 3030 3030 3026 3025 3018 3020 3034 3025 3020 3017 3021 3022 3026 3032 3022 3031 3023 3034 3020 3013 3009 3015 3018 3022 3019 3024 3027
3034 3057 3069 3054 3057 3034 3032 3033 3024 3037 3048 3038 3019 3037 3025 3041 3058 3033 3038 3033 3041 3043 3050 3048 3037 3051 3060 3059 3062 3069 3049 3055 3066 3068 3050 3038 3058 3037 3032 3029 3024 3015 3018 3012 3001 3014 3035 3029 3026 3035 3036 3035 3029 3042 3037 3022 3019 3006 3013 3026 3018 3021 3009 3030
3010 3010 3018 3006 3018 3013 3012 2994 3022 3020 3010 3019 3035 3018 3019 3014 3004 3023 3033 3038 3014 3038 3038 3039 3046 3050 3045 3037 3048 3062 3054 3055 3076 3056 3047 3036 3053 3039 3015 3038 3028 3020 3012 3013 3021 3017 3020 3035 3022 3027 3036 3034 3024 3035 3028 3015 3011 3022 3005 3011 3013 3017 3016 3022
2968 2965 2987 2982 2979 2970 2967 2974 2984 2980 2990 2985 2999 2994 2986 3000 3000 2999 3012 3009 3014 3016 3023 3020 3034 3034 3036 3038 3023 3055 3043 3047 3040 3050 3038 3037 3040 3034 3034 3026 3024 3016 3003 3000 3017 3010 3018 3025 3016 3023 3019 3028 3023 3034 3028 3018 3020 3015 3023 3015 3019 3016 3013 3006
2971 2976 2980 2982 2973 2979 2974 2987 2993 2998 3003 2988 2996 2999 3009 3009 3012 3003 3016 2996 3014 3013 3018 3031 3008 3033 3043 3040 3041 3033 3051 3058 3056 3041 3051 3052 3066 3063 3055 3030 3033 3015 3031 3020 3018 3008 3014 3018 3030 3024 3017 3020 3027 3023 3021 3012 3018 3016 3024 3027 3029 3001 3009 3006
2992 2983 2973 2980 2973 2994 2985 2992 2975 2997 3016 3015 2996 2997 3001 3006 3010 3005 3014 3019 3015 3015 3030 3040 3036 3038 3040 3051 3059 3048 3054 3065 3057 3058 3076 3070 3075 3083 3065 3055 3033 3028 3032 3007 3030 3024 3014 3013 3019 3018 3014 3029 3018 3036 3028 3021 3014 3027 3011 3018 3017 3036 3010 2993
2981 2975 2968 2970 2980 2981 2995 2993 2997 3000 3002 3001 3005 2992 3006 3012 3003 3014 3009 3011 3022 3019 3032 3042 3037 3044 3053 3057 3052 3076 3068 3059 3057 3069 3087 3083 3085 3075 3088 3074 3057 3045 3040 3031 3025 3033 3024 3031 3016 3031 3037 3041 3038 3022 3029 3032 3028 3020 3027 3020 3042 3025 3016 3011
2987 2985 2976 2994 2983 2996 3007 2999 2987 2996 3005 2994 2992 2992 2999 3008 3007 3017 3012 3008 3019 3023 3038 3056 3058 3061 3067 3077 3074 3065 3077 3084 3075 3089 3086 3088 3081 3078 3074 3084 3076 3057 3053 3038 3029 3031 3025 3029 3031 3032 3033 3029 3038 3036 3028 3033 3009 3019 3027 3016 3022 3028 3017 3031
2986 2983 2977 2988 2978 2979 3002 2980 2984 2993 2995 3006 2995 2999 3010 3010 3006 3010 3010 3023 3022 3033 3036 3062 3073 3066 3069 3068 3089 3084 3088 3097 3077 3098 3086 3089 3091 3091 3085 3096 3082 3069 3061 3043 3042 3060 3048 3033 3041 3053 3035 3048 3051 3044 3044 3039 3025 3031 3014 3018 3017 3019 3019 3012
2962 2983 2984 2989 2978 2983 2985 2984 2992 2992 2996 2989 2998 2992 2999 3001 3002 3010 3023 3007 3012 3030 3043 3058 3063 3061 3063 3077 3091 3097 3079 3092 3081 3087 3081 3086 3086 3090 3079 3091 3088 3074 3070 3062 3063 3069 3050 3055 3058 3064 3048 3057 3052 3052 3041 3043 3024 3015 3027 3023 3014 3003 3020 3014
2985 2998 2997 2993 2995 2979 2988 2981 2991 2986 2989 2992 2990 2989 3010 3004 2991 3004 3018 3020 3014 3036 3052 3059 3068 3069 3075 3078 3092 3103 3097 3077 3089 3093 3075 3093 3088 3089 3090 3089 3103 3076 3076 3067 3068 3078 3072 3073 3067 3078 3068 3077 3051 3053 3039 3056 3027 3010 3016 3008 3010 2997 3009 3011
2992 2998 3010 2994 2999 2993 2996 3015 2993 2997 3001 3003 3011 3001 3002 3009 3001 3009 3024 3011 3022 3038 3060 3070 3074 3082 3084 3079 3083 3098 3095 3103 3083 3091 3089 3091 3093 3083 3099 3089 3085 3083 3091 3066 3064 3069 3081 3074 3081 3107 3080 3084 3076 3060 3060 3029 3029 3016 3008 3009 2991 2989 3005 3015
3003 3004 3006 3013 3009 3023 2996 2987 2992 3003 3002 2999 3006 2994 3010 3010 3019 3013 3023 3023 3020 3031 3053 3066 3066 3082 3074 3074 3085 3090 3091 3098 3084 3089 3084 3087 3106 3101 3095 3088 3083 3078 3082 3085 3072 3069 3076 3078 3075 3106 3095 3090 3075 3056 3054 3053 3042 3026 3017 3009 3008 3015 3013 3012
2995 3008 3008 3014 3005 3023 3006 2999 2987 3008 2998 2988 2999 3002 2997 2999 3009 3016 3015 3018 3007 3038 3055 3072 3074 3070 3084 3075 3086 3093 3087 3082 3097 3086 3089 3079 3097 3090 3093 3100 3096 3083 3083 3083 3071 3082 3071 3075 3071 3080 3087 3088 3074 3085 3068 3060 3047 3050 3023 3010 3005 3009 3023 3019
3001 2996 3000 3007 3018 3010 3003 2997 2988 2995 3006 2992 2995 2999 2991 2994 3012 3008 3021 3019 3012 3030 3065 3063 3074 3082 3081 3085 3098 3089 3093 3099 3091 3081 3089 3085 3091 3094 3080 3105 3091 3082 3078 3088 3076 3074 3070 3084 3071 3096 3087 3079 3075 3076 3069 3069 3060 3041 3023 3021 3013 3017 3014 3012
2984 2995 2998 3002 3007 3000 3008 3010 2989 2980 3004 3010 3003 2999 3011 2998 2995 3012 3024 3031 3028 3042 3050 3058 3064 3060 3077 3085 3078 3093 3087 3098 3093 3078 3078 3078 3097 3105 3095 3088 3079 3080 3092 3083 3081 3093 3075 3073 3089 3102 3086 3073 3076 3075 3072 3058 3035 3017 3023 3015 3021 3018 3014 2990
2991 3007 3005 3007 3014 3008 3012 3010 2997 2990 3003 2998 3008 3008 3010 3003 3009 3008 3023 3025 3023 3032 3055 3051 3073 3077 3083 3072 3102 3081 3075 3077 3091 3092 3094 3074 3089 3093 3090 3093 3086 3085 3082 3083 3093 3090 3074 3075 3093 3102 3089 3080 3078 3071 3060 3067 3046 3028 3030 3015 3019 3010 3013 3014
3008 3001 3005 3002 3007 3002 2992 3002 3002 3013 3000 2992 2995 3001 2997 3005 3025 3010 3022 3020 3032 3026 3022 3045 3068 3060 3078 3083 3080 3094 3088 3085 3082 3094 3092 3096 3099 3089 3092 3079 3106 3082 3075 3077 3094 3089 3061 3073 3091 3099 3097 3090 3081 3075 3066 3054 3044 3044 3020 3030 3013 3004 3002 3003
3008 3001 3004 2995 3006 3003 3010 3009 3000 2989 2993 2982 2994 3004 3003 3016 3015 3021 3014 3023 3020 3037 3042 3048 3076 3087 3068 3070 3087 3085 3070 3079 3086 3090 3089 3088 3086 3084 3101 3094 3096 3077 3086 3090 3084 3086 3079 3082 3079 3086 3067 3086 3086 3087 3072 3053 3045 3019 3017 3013 3020 3001 2995 3001
3002 3004 3011 2997 3001 3002 3009 2988 2994 3003 2999 2993 2981 3001 3000 3008 3007 3021 3007 3027 3029 3032 3045 3064 3082 3090 3073 3093 3095 3085 3069 3077 3086 3085 3089 3074 3107 3110 3106 3106 3090 3085 3078 3085 3097 3074 3077 3078 3091 3081 3095 3083 3079 3084 3079 3066 3040 3029 3020 3005 3011 3013 3000 3003
3007 2993 3017 2995 3003 3003 3012 3003 2994 2996 3002 3003 2991 3001 3012 2992 3006 3014 3012 3002 3014 3033 3045 3058 3077 3075 3084 3083 3094 3089 3090 3100 3092 3093 3086 3087 3077 3100 3088 3092 3100 3088 3088 3085 3081 3082 3071 3079 3073 3087 3080 3089 3090 3081 3066 3074 3050 3039 3024 3016 3021 3008 3001 3000
3001 2991 3001 3005 2990 3006 3002 3022 2990 2980 3005 2992 2993 2997 3006 3005 3016 3003 3003 3013 3022 3031 3052 3060 3079 3084 3074 3074 3088 3075 3082 3082 3092 3083 3096 3084 3092 3084 3095 3096 3096 3086 3092 3086 3078 3077 3077 3080 3081 3081 3084 3073 3085 3080 3077 3056 3050 3027 3024 3031 3021 3010 3013 3012
3000 2998 3002 2997 3007 3006 3011 3014 2989 3010 3004 3008 3016 2998 3002 2985 2996 3006 3005 3003 3015 3037 3049 3062 3062 3069 3065 3081 3076 3079 3091 3098 3085 3097 3091 3095 3087 3085 3086 3087 3083 3091 3082 3076 3067 3072 3076 3080 3092 3091 3079 3072 3084 3084 3077 3064 3051 3031 3020 3031 3017 3024 3028 3022
3002 3001 2985 3004 3004 3010 3001 3011 2993 3006 3009 3018 3011 3000 2998 2995 3010 2993 3000 3001 3002 3036 3056 3060 3071 3082 3075 3069 3063 3092 3078 3086 3096 3090 3105 3090 3093 3079 3088 3085 3087 3080 3084 3087 3070 3079 3074 3087 3090 3093 3072 3068 3069 3083 3089 3071 3054 3044 3025 3015 3014 3017 3016 3017
3006 3000 2999 3013 2997 3014 3015 3017 3011 3009 2995 3005 3010 3010 3000 2987 2991 2999 3008 3007 3017 3020 3040 3065 3069 3070 3081 3081 3079 3072 3084 3087 3091 3087 3083 3084 3084 3072 3066 3081 3078 3089 3089 3089 3092 3097 3076 3098 3098 3083 3084 3081 3075 3085 3072 3067 3044 3032 3019 3017 3009 3004 3016 3020
3007 2995 2985 3018 3000 3003 3014 3013 2997 3004 2990 3005 2988 3006 3012 3000 2994 2997 3003 3000 3003 3014 3042 3059 3068 3077 3069 3078 3082 3084 3068 3078 3075 3084 3098 3079 3081 3074 3059 3061 3059 3081 3077 3073 3082 3069 3090 3093 3089 3099 3081 3088 3082 3081 3066 3064 3031 3023 3022 3025 3018 3015 3019 3015
3011 3010 3002 3002 3006 3013 3014 2999 2998 2989 2989 3002 2997 3001 3009 2997 2995 3000 2993 2996 3005 3013 3021 3037 3061 3068 3078 3081 3084 3092 3074 3087 3075 3086 3080 3086 3094 3086 3078 3066 3072 3070 3080 3084 3074 3084 3068 3069 3097 3090 3089 3078 3088 3076 3065 3047 3049 3021 3028 3033 3015 3028 3009 3009
3010 3005 3009 3001 2996 2991 3003 3006 3011 2996 3002 2999 2993 2995 3018 2995 2986 2994 3010 2992 2999 2994 3022 3029 3040 3068 3073 3077 3072 3084 3085 3068 3083 3085 3090 3097 3096 3083 3076 3072 3079 3069 3067 3072 3075 3070 3064 3080 3069 3078 3087 3068 3076 3065 3065 3039 3035 3033 3019 3027 3017 3011 2999 3019
3009 2992 3003 3007 2989 2994 2994 3002 3000 3005 2993 2995 3001 2994 2999 3003 2987 2986 2989 2993 3003 2999 3000 3019 3035 3056 3075 3061 3083 3083 3083 3085 3083 3078 3095 3091 3081 3086 3073 3074 3077 3084 3067 3080 3081 3073 3076 3077 3077 3073 3074 3062 3065 3070 3048 3038 3036 3017 3037 3017 3021 3009 3004 3008
3003 2988 2995 3007 3007 3012 3011 3002 3006 3007 2990 2997 3004 3013 2999 2989 2985 2990 3000 3009 3006 3006 3004 3022 3036 3046 3065 3078 3072 3077 3084 3088 3079 3084 3103 3104 3085 3073 3083 3076 3076 3073 3079 3077 3091 3088 3085 3077 3085 3071 3077 3075 3074 3083 3058 3033 3018 3024 3018 3006 3006 3011 3018 3015
3006 3014 2986 3001 3003 3010 3003 3008 3011 3007 2992 3009 3020 3003 2990 3013 2990 2994 3003 3016 3004 3002 3009 3016 3017 3046 3047 3075 3072 3081 3077 3089 3086 3091 3083 3092 3103 3078 3075 3086 3092 3086 3085 3080 3090 3091 3095 3088 3086 3089 3079 3075 3073 3065 3053 3030 3030 3021 3022 3014 3013 3016 3010 3021
3007 3012 3009 2997 2991 3007 3014 2996 3004 2995 3009 3008 3009 3007 3000 3000 2989 2997 2999 3005 2987 3005 3010 3003 3024 3040 3061 3066 3080 3064 3076 3075 3092 3075 3087 3079 3076 3080 3075 3072 3088 3079 3077 3068 3097 3098 3093 3083 3087 3082 3065 3065 3071 3070 3052 3030 3028 3047 3020 3007 3014 3005 3019 3025
3015 3017 3016 3009 2998 3004 2996 3017 3005 3011 3007 3002 3009 3004 3005 3012 2994 3001 2987 3001 2992 3002 3004 3001 3027 3033 3058 3067 3068 3067 3089 3087 3095 3079 3089 3075 3083 3077 3077 3065 3091 3088 3068 3068 3081 3091 3087 3076 3095 3075 3080 3064 3073 3071 3056 3025 3025 3031 3036 3024 3023 3019 3020 3025
3010 3013 3005 3002 2999 2997 2994 3008 3011 2997 3002 3010 2998 2994 3006 3009 2998 3003 2987 3000 2984 3003 3007 3004 3011 3032 3050 3044 3053 3063 3078 3071 3088 3085 3102 3087 3086 3075 3084 3085 3090 3079 3085 3082 3085 3093 3077 3076 3080 3085 3078 3079 3063 3054 3042 3040 3024 3042 3020 3015 3005 2999 3014 3019
2996 2994 3001 3001 2988 3002 3006 3000 3012 3009 3014 3013 3006 2998 3001 3014 3006 3011 2992 2991 2992 2996 2998 3002 2999 3025 3030 3045 3057 3067 3077 3076 3078 3079 3093 3092 3082 3069 3087 3088 3081 3079 3072 3089 3103 3089 3089 3063 3075 3083 3091 3075 3058 3063 3047 3025 3021 3037 3023 3017 3011 3007 3006 3005
2978 2999 3003 2992 2992 3009 3003 3007 3014 3003 2999 3006 3014 3011 2992 3001 3002 3003 2992 3008 3006 3021 3005 2998 2996 3016 3015 3043 3072 3077 3066 3077 3095 3086 3085 3080 3075 3081 3078 3060 3081 3081 3068 3071 3081 3089 3084 3077 3084 3093 3064 3092 3064 3058 3028 3021 3034 3030 3014 3002 3014 3011 3011 3030
2987 2996 2993 2992 2993 2985 3007 3004 3005 2997 3015 3002 3012 3003 2992 2998 2989 3011 3015 2995 3004 3002 2996 2983 2995 3019 3018 3031 3048 3068 3067 3085 3070 3088 3086 3079 3079 3071 3060 3077 3079 3081 3065 3082 3085 3075 3078 3083 3091 3080 3071 3072 3056 3044 3029 3008 3029 3025 3009 2994 3001 3008 3003 3013
2979 2990 2990 3004 2999 3008 3013 3011 2981 3009 3006 3022 3019 3023 2989 2989 3000 2988 2990 3000 3013 3007 3010 3000 3010 3002 3019 3030 3053 3060 3071 3080 3075 3090 3091 3083 3080 3086 3082 3083 3088 3100 3085 3069 3100 3088 3089 3094 3074 3075 3077 3076 3049 3050 3027 3024 3024 3012 3019 3016 3020 3000 3016 3014
2983 2995 2994 2986 2992 2998 3003 3007 2973 2995 3021 3009 3017 3004 2998 2992 2990 2997 3007 3003 3009 3019 3011 3019 2991 3001 3009 3017 3035 3051 3058 3077 3084 3083 3080 3072 3073 3073 3094 3097 3081 3081 3078 3081 3088 3087 3079 3086 3077 3085 3090 3084 3074 3059 3050 3029 3038 3020 3024 3021 3011 3014 3015 3022
2993 2998 3006 3000 2997 2997 2994 2992 2987 2997 3006 3010 2987 2997 2993 3000 3010 3006 3006 2999 3008 3016 2997 3010 3010 3001 3001 3022 3020 3029 3046 3067 3058 3077 3069 3074 3086 3078 3097 3087 3081 3084 3083 3083 3081 3090 3072 3107 3077 3093 3083 3096 3075 3076 3063 3047 3037 3038 3042 3025 3031 3028 3031 3019
2993 2996 3001 3013 3001 2990 2987 2995 2997 2996 3013 2996 2982 3000 3007 3010 3012 3014 3008 2999 3001 3006 3010 3017 3015 3022 3015 3013 3021 3036 3033 3056 3063 3080 3068 3085 3094 3099 3092 3091 3092 3072 3084 3085 3096 3096 3092 3084 3079 3077 3089 3084 3082 3098 3066 3045 3058 3059 3051 3046 3037 3044 3034 3033
3009 3001 3000 2992 2991 3000 2995 2992 2985 2999 3006 3007 3005 3008 3011 2994 2997 3008 2992 2998 3012 3001 3005 3025 3010 3033 3015 3017 3016 3024 3037 3056 3063 3071 3069 3077 3078 3079 3091 3087 3094 3076 3090 3076 3093 3084 3085 3080 3074 3081 3073 3077 3085 3083 3076 3065 3072 3062 3060 3069 3065 3057 3042 3050
3001 2992 3007 3006 2990 2996 3003 2997 3000 2999 3012 3000 3000 2995 3005 2995 3002 3004 3008 3017 3014 3018 3000 3015 3024 3011 3014 3027 3010 3004 3025 3044 3058 3071 3073 3078 3076 3085 3092 3086 3087 3087 3083 3092 3088 3081 3083 3073 3061 3086 3067 3076 3080 3089 3084 3073 3082 3077 3067 3060 3064 3081 3072 3075
3005 2990 3003 3003 2993 3004 3002 2992 2998 2999 3010 3007 2990 3003 2994 3012 3009 2997 2995 2995 3008 3008 3007 2996 3010 3006 3017 3011 3024 3032 3035 3050 3059 3072 3067 3081 3090 3091 3101 3099 3089 3075 3073 3084 3083 3078 3082 3083 3077 3080 3082 3079 3083 3071 3079 3075 3069 3073 3050 3061 3051 3059 3066 3078
3001 2991 2983 3004 3011 3007 2997 3011 3006 3003 3001 3003 3008 2996 3001 3000 3016 2999 2998 3001 3001 3004 2991 2990 3015 3009 3008 3025 3046 3025 3040 3051 3067 3075 3073 3087 3093 3084 3098 3093 3081 3085 3086 3084 3098 3093 3087 3081 3073 3076 3077 3066 3085 3086 3076 3072 3079 3073 3061 3064 3062 3053 3058 3079
2990 2999 2986 2996 3010 2993 2998 3023 3004 3010 3001 2998 3000 2992 2990 2999 2998 3008 2997 3004 3018 3016 3005 2996 3014 3015 3034 3032 3041 3047 3049 3055 3067 3057 3075 3080 3084 3086 3091 3088 3081 3081 3083 3073 3076 3092 3086 3086 3082 3084 3077 3077 3083 3081 3086 3063 3070 3070 3069 3058 3061 3049 3063 3073
3001 2981 2983 2997 2983 3000 3011 2995 3000 2985 2993 2995 2994 2999 2995 3002 3007 3006 3003 3009 3020 3006 3017 3022 3029 3031 3038 3039 3046 3070 3049 3059 3043 3039 3066 3074 3072 3082 3084 3097 3093 3083 3079 3088 3082 3100 3080 3096 3078 3080 3074 3075 3094 3096 3089 3073 3062 3062 3073 3073 3069 3064 3068 3074
2999 2994 2994 3001 2987 3005 3007 2991 2995 3005 2991 3000 3003 3009 3009 2999 3021 2998 3008 3003 3012 3009 3021 3022 3048 3052 3061 3059 3053 3060 3066 3056 3051 3051 3068 3079 3069 3067 3075 3070 3062 3073 3080 3077 3092 3078 3076 3079 3088 3066 3063 3069 3077 3075 3067 3053 3059 3046 3058 3066 3057 3061 3066 3072
3010 2997 3001 2999 2986 3008 3014 3003 3002 2998 2992 2982 2985 3017 3019 3008 3008 3005 3001 3009 3012 3028 3024 3049 3064 3067 3064 3066 3057 3058 3050 3061 3064 3052 3057 3055 3065 3069 3055 3065 3075 3072 3077 3090 3073 3072 3079 3079 3075 3074 3078 3084 3073 3067 3070 3058 3053 3065 3048 3049 3048 3054 3058 3063
3002 3009 3001 2994 2992 3002 3008 2995 3002 2992 2997 2997 2994 2989 3003 3002 3011 3009 3026 3036 3046 3047 3040 3048 3072 3060 3056 3054 3059 3052 3064 3055 3064 3052 3056 3061 3077 3060 3064 3056 3066 3066 3061 3064 3058 3063 3069 3069 3056 3053 3064 3064 3059 3060 3061 3062 3047 3060 3061 3052 3054 3061 3069 3055
3003 2991 2984 2986 3005 3012 3006 3015 2995 3018 3009 3012 2987 2993 2988 2994 3002 3026 3035 3033 3060 3067 3066 3065 3076 3075 3066 3071 3067 3068 3062 3059 3059 3059 3050 3057 3061 3060 3062 3062 3073 3058 3060 3071 3057 3048 3049 3049 3041 3029 3050 3062 3045 3060 3057 3066 3059 3050 3042 3054 3065 3063 3059 3060
3006 2993 2996 2993 3013 2995 3003 3002 3002 3011 3001 2999 2997 3006 3012 3024 3028 3022 3046 3050 3051 3055 3072 3064 3059 3078 3083 3064 3075 3069 3064 3072 3067 3073 3079 3063 3063 3057 3064 3061 3054 3044 3061 3065 3061 3059 3052 3059 3037 3056 3051 3052 3041 3054 3043 3061 3074 3077 3071 3052 3057 3047 3071 3063
2995 2995 2999 3004 3007 2999 3008 2999 3007 3008 3010 3002 3001 3017 3019 3045 3048 3046 3055 3055 3045 3053 3085 3066 3077 3061 3079 3074 3068 3061 3078 3078 3075 3074 3071 3066 3058 3059 3066 3055 3038 3058 3051 3058 3069 3056 3070 3079 3065 3068 3053 3040 3055 3066 3069 3060 3081 3073 3073 3061 3055 3050 3070 3059
3003 2994 3005 3002 3002 3001 3006 3003 3006 3010 2997 3010 3015 3029 3042 3053 3054 3054 3064 3059 3064 3070 3077 3075 3063 3077 3074 3077 3068 3062 3073 3071 3079 3084 3076 3073 3065 3067 3064 3062 3055 3048 3051 3057 3053 3058 3045 3066 3048 3063 3073 3054 3064 3069 3053 3057 3050 3081 3063 3062 3060 3058 3057 3071
2994 3012 3006 3006 3013 2998 3009 2998 3003 3016 3015 3024 3024 3039 3060 3064 3052 3055 3057 3074 3077 3088 3080 3087 3068 3080 3084 3068 3064 3066 3070 3056 3074 3092 3077 3066 3065 3048 3064 3044 3059 3056 3055 3056 3053 3053 3062 3058 3061 3051 3060 3057 3056 3054 3056 3067 3042 3056 3064 3072 3053 3057 3078 3086
3001 2998 3006 2994 3008 3001 3009 3007 3013 3016 3007 3025 3041 3050 3059 3064 3065 3070 3069 3073 3091 3087 3080 3095 3076 3074 3065 3074 3061 3078 3061 3068 3068 3066 3087 3069 3079 3060 3058 3064 3082 3060 3076 3067 3057 3075 3063 3059 3054 3052 3055 3047 3058 3045 3058 3040 3059 3048 3064 3071 3062 3069 3068 3079
3013 3010 3006 3006 3028 3010 2991 3003 3016 3012 3021 3033 3062 3056 3053 3072 3079 3062 3064 3079 3095 3087 3084 3076 3067 3063 3065 3079 3060 3064 3062 3066 3080 3068 3064 3068 3061 3070 3062 3066 3100 3096 3072 3067 3067 3062 3065 3065 3070 3055 3061 3045 3044 3048 3046 3060 3059 3073 3079 3075 3063 3055 3057 3083
3011 3010 2996 3010 3011 3011 2997 3013 2999 3018 3038 3047 3061 3059 3061 3073 3083 3081 3061 3073 3081 3073 3082 3086 3069 3070 3070 3084 3075 3069 3069 3070 3066 3069 3054 3071 3061 3062 3075 3084 3076 3082 3065 3062 3073 3075 3077 3052 3068 3066 3054 3058 3063 3064 3070 3047 3066 3072 3062 3072 3072 3053 3065 3079
3006 3001 3011 3018 3014 3014 3009 2992 2985 3004 3049 3053 3050 3069 3075 3080 3078 3092 3065 3072 3079 3096 3076 3082 3064 3071 3070 3069 3071 3069 3074 3079 3076 3071 3060 3046 3062 3071 3084 3080 3073 3059 3070 3068 3076 3065 3051 3062 3068 3069 3066 3066 3065 3060 3072 3052 3062 3074 3065 3084 3068 3063 3084 3070
