3040 3045 3051 3041 3030 3035 3040 3044 3048 3039 3029 3029 3031 3029 3026 3029 3035 3030 3022 3020 3020 3022 3024 3024 3023 3026 3032 3031 3025 3020 3014 3010 3009 3009 3012 3012 3009 3008 3012 3011 3004 3001 3007 3011 3012 3010 3002 2999 3011 3020 3014 3009 3010 3011 3013 3014 3014 3014 3009 3003 2996 2988 2997 3006
3040 3041 3041 3037 3034 3038 3042 3043 3044 3041 3038 3035 3032 3031 3030 3031 3031 3029 3025 3024 3022 3022 3022 3022 3022 3024 3028 3027 3024 3023 3023 3022 3019 3018 3016 3014 3012 3013 3015 3016 3012 3009 3008 3009 3012 3012 3007 3004 3008 3010 3009 3007 3005 3003 3005 3007 3011 3014 3006 2999 2999 2999 3003 3007
3040 3036 3031 3034 3038 3041 3044 3042 3039 3043 3047 3041 3033 3033 3034 3032 3028 3028 3029 3027 3025 3022 3020 3020 3021 3022 3024 3024 3023 3026 3032 3033 3030 3026 3020 3017 3016 3017 3019 3020 3020 3017 3009 3006 3012 3015 3013 3009 3004 3000 3003 3005 2999 2995 2997 2999 3008 3015 3004 2995 3002 3010 3009 3008
3044 3039 3035 3038 3042 3040 3038 3039 3039 3041 3043 3039 3034 3032 3031 3030 3029 3028 3027 3026 3025 3025 3025 3025 3026 3027 3029 3029 3027 3030 3036 3037 3036 3033 3029 3025 3022 3020 3020 3021 3023 3022 3014 3010 3013 3016 3018 3016 3006 2999 3001 3003 3003 3003 3001 2999 3007 3013 3006 2999 3003 3006 3007 3008
3048 3043 3039 3043 3046 3040 3033 3036 3039 3039 3038 3036 3035 3031 3027 3028 3030 3028 3024 3024 3026 3027 3030 3031 3031 3032 3035 3034 3032 3034 3039 3041 3041 3040 3038 3034 3028 3023 3021 3022 3027 3027 3019 3014 3015 3017 3023 3024 3009 2998 2999 3001 3008 3012 3005 3000 3006 3011 3007 3004 3003 3002 3006 3009
3042 3036 3031 3036 3040 3032 3022 3027 3033 3032 3031 3030 3030 3028 3026 3028 3031 3031 3030 3030 3030 3031 3033 3033 3033 3032 3032 3032 3033 3036 3039 3041 3041 3040 3038 3035 3032 3029 3025 3024 3028 3028 3022 3016 3013 3013 3018 3020 3011 3003 3003 3004 3006 3008 3001 2997 3002 3007 3005 3004 3007 3010 3007 3003
3035 3029 3023 3028 3033 3022 3010 3017 3026 3025 3024 3024 3025 3025 3024 3028 3033 3035 3036 3036 3035 3035 3036 3036 3035 3032 3028 3029 3034 3038 3039 3041 3041 3040 3036 3035 3037 3036 3030 3027 3029 3029 3024 3019 3012 3009 3013 3015 3012 3009 3008 3007 3005 3002 2997 2994 2999 3003 3003 3004 3011 3018 3008 2998
2991 2994 2997 3002 3007 2998 2987 2993 3000 3002 3002 3003 3003 3005 3007 3010 3012 3018 3024 3024 3023 3024 3026 3026 3026 3025 3023 3027 3034 3038 3039 3040 3040 3038 3034 3032 3033 3031 3027 3024 3021 3020 3019 3016 3010 3005 3005 3005 3007 3008 3006 3004 2997 2992 2989 2987 2992 2996 2997 2998 3001 3003 2999 2996
2944 2957 2970 2975 2979 2972 2963 2967 2973 2976 2979 2979 2979 2984 2989 2990 2990 2998 3009 3011 3009 3010 3013 3015 3016 3017 3018 3024 3034 3038 3039 3039 3038 3036 3032 3029 3028 3026 3024 3020 3013 3009 3013 3013 3007 3002 2997 2995 3001 3006 3003 3000 2990 2981 2981 2980 2984 2987 2990 2992 2989 2986 2990 2994
2944 2957 2971 2971 2970 2965 2959 2965 2971 2975 2979 2980 2981 2987 2994 2994 2993 2999 3008 3011 3010 3012 3014 3016 3017 3020 3023 3029 3036 3041 3044 3045 3045 3040 3032 3028 3029 3027 3021 3017 3015 3014 3015 3014 3011 3007 3000 2997 3001 3004 3001 2997 2992 2987 2988 2988 2988 2987 2988 2989 2992 2994 2992 2990
2951 2963 2976 2970 2964 2961 2958 2965 2974 2979 2984 2985 2987 2994 3002 3002 3000 3003 3009 3012 3015 3016 3017 3019 3021 3025 3030 3035 3038 3043 3050 3053 3052 3046 3033 3028 3031 3029 3018 3014 3019 3021 3018 3015 3015 3013 3006 3001 3002 3002 2998 2995 2995 2995 2997 2999 2993 2989 2987 2985 2996 3006 2995 2985
2956 2963 2971 2970 2970 2970 2971 2974 2976 2982 2988 2991 2993 2997 3003 3003 3002 3006 3012 3016 3020 3021 3019 3020 3023 3027 3032 3036 3039 3044 3051 3054 3053 3048 3040 3034 3033 3030 3025 3023 3026 3027 3024 3021 3020 3017 3011 3007 3007 3006 3001 2997 2996 2996 3000 3004 2999 2993 2991 2989 2992 2995 2991 2987
2960 2962 2964 2971 2977 2982 2987 2983 2979 2985 2993 2996 2999 3001 3002 3003 3003 3008 3015 3021 3027 3026 3021 3022 3025 3028 3032 3036 3039 3044 3051 3054 3053 3050 3047 3042 3034 3031 3033 3034 3033 3032 3031 3029 3025 3020 3017 3014 3014 3011 3005 3000 2996 2995 3002 3008 3003 2999 2997 2994 2987 2979 2985 2991
2965 2968 2971 2975 2979 2981 2982 2980 2978 2983 2990 2994 2998 3000 3002 3005 3009 3013 3016 3019 3023 3024 3022 3024 3027 3029 3030 3036 3046 3052 3056 3058 3057 3057 3055 3052 3047 3043 3042 3041 3040 3037 3032 3029 3027 3025 3021 3019 3018 3015 3009 3004 2999 2996 3000 3003 3001 2999 2999 2999 2992 2985 2986 2987
2970 2976 2981 2981 2980 2976 2973 2974 2976 2981 2985 2990 2996 2999 3002 3009 3016 3017 3016 3017 3017 3020 3023 3026 3029 3029 3028 3037 3054 3062 3063 3064 3064 3064 3064 3063 3062 3059 3051 3046 3046 3043 3033 3027 3029 3030 3025 3022 3021 3019 3013 3008 3003 2998 2996 2994 2996 2998 3001 3004 3000 2995 2988 2980
2982 2985 2987 2986 2985 2983 2980 2980 2980 2983 2987 2994 3002 3005 3007 3012 3017 3017 3016 3015 3015 3018 3023 3028 3033 3035 3035 3042 3055 3063 3069 3072 3072 3073 3075 3075 3073 3070 3064 3060 3057 3051 3037 3028 3029 3028 3025 3023 3024 3023 3017 3012 3006 3000 2998 2997 3001 3004 3002 3001 2998 2995 2989 2982
2996 2994 2992 2992 2992 2992 2993 2989 2985 2988 2991 3000 3011 3013 3013 3015 3016 3016 3015 3014 3014 3018 3023 3029 3036 3041 3045 3049 3053 3062 3075 3082 3082 3083 3087 3087 3083 3079 3078 3075 3070 3060 3043 3030 3028 3025 3024 3023 3026 3027 3021 3015 3008 3003 3003 3004 3009 3012 3003 2995 2994 2992 2989 2986
2997 2997 2997 2994 2992 2993 2994 2993 2992 2995 2998 3005 3012 3012 3010 3012 3014 3016 3016 3016 3016 3018 3020 3028 3039 3048 3055 3060 3063 3071 3082 3087 3086 3086 3088 3088 3087 3086 3086 3083 3077 3068 3052 3038 3029 3024 3025 3027 3030 3031 3026 3020 3013 3007 3007 3007 3008 3009 3002 2995 2996 2998 2993 2989
2994 2998 3001 2996 2989 2991 2992 2995 2998 3002 3006 3008 3010 3007 3003 3006 3012 3016 3019 3020 3019 3018 3017 3027 3042 3055 3065 3072 3076 3082 3090 3092 3089 3087 3085 3086 3090 3092 3090 3088 3083 3075 3062 3048 3032 3022 3028 3033 3034 3034 3031 3027 3019 3013 3011 3010 3006 3002 2999 2996 3002 3007 3000 2992
2994 2998 3001 2994 2987 2990 2994 2998 3003 3006 3009 3011 3014 3011 3008 3011 3017 3019 3020 3021 3023 3025 3025 3036 3053 3065 3073 3078 3081 3085 3092 3094 3090 3088 3088 3089 3091 3092 3090 3088 3085 3080 3069 3056 3038 3027 3033 3038 3039 3038 3036 3033 3025 3017 3014 3011 3008 3005 3001 2998 3003 3007 3002 2996
2996 2997 2998 2992 2986 2991 2996 3002 3007 3009 3010 3014 3019 3019 3017 3020 3024 3022 3019 3022 3028 3033 3039 3051 3066 3075 3081 3083 3082 3085 3092 3094 3091 3090 3094 3094 3091 3089 3088 3087 3086 3082 3074 3063 3045 3034 3040 3044 3043 3043 3042 3040 3030 3020 3016 3013 3013 3013 3006 3000 3002 3004 3002 3000
3000 3002 3003 3000 2997 3000 3004 3008 3013 3013 3011 3014 3018 3019 3019 3020 3022 3019 3015 3020 3028 3039 3050 3062 3074 3081 3085 3086 3085 3088 3093 3094 3091 3091 3092 3091 3088 3087 3087 3087 3087 3085 3076 3065 3048 3038 3044 3049 3048 3048 3049 3047 3035 3024 3021 3019 3019 3018 3009 3001 3001 3001 3001 3001
3005 3009 3012 3013 3015 3014 3013 3017 3021 3017 3012 3013 3014 3015 3016 3016 3016 3012 3008 3015 3028 3043 3059 3071 3080 3085 3087 3088 3090 3091 3093 3094 3092 3090 3087 3084 3084 3084 3086 3088 3089 3086 3076 3064 3049 3041 3048 3053 3053 3054 3056 3054 3040 3029 3028 3028 3025 3022 3011 3001 2999 2998 3000 3002
3009 3009 3009 3013 3017 3013 3009 3014 3019 3016 3012 3013 3015 3018 3020 3019 3017 3015 3013 3024 3041 3056 3069 3079 3085 3088 3087 3089 3093 3094 3093 3092 3092 3090 3088 3086 3085 3085 3086 3088 3088 3086 3077 3068 3056 3049 3055 3060 3062 3063 3061 3057 3043 3031 3028 3026 3023 3020 3008 2998 3000 3002 3004 3006
3013 3006 2999 3004 3010 3004 2998 3005 3013 3012 3010 3013 3018 3023 3028 3026 3022 3023 3024 3040 3062 3073 3080 3086 3090 3090 3086 3089 3095 3096 3091 3089 3090 3091 3093 3092 3089 3088 3088 3087 3086 3084 3080 3075 3065 3059 3065 3070 3073 3074 3066 3057 3044 3031 3024 3018 3017 3015 3003 2993 3001 3010 3011 3012
3004 3001 2997 3001 3004 3001 2997 3002 3009 3010 3012 3016 3021 3026 3031 3031 3029 3032 3036 3051 3070 3080 3086 3089 3091 3090 3087 3089 3094 3094 3091 3090 3091 3093 3096 3096 3092 3090 3088 3086 3086 3085 3083 3079 3071 3066 3070 3075 3080 3081 3071 3060 3045 3031 3023 3015 3012 3009 3001 2994 3003 3012 3015 3019
2988 2994 3000 3000 2999 3000 3002 3004 3005 3010 3015 3020 3024 3028 3032 3034 3036 3041 3048 3058 3071 3080 3087 3089 3089 3089 3089 3089 3089 3091 3092 3093 3094 3095 3098 3098 3095 3091 3087 3085 3087 3088 3087 3083 3074 3069 3073 3077 3083 3085 3076 3065 3046 3029 3023 3016 3009 3002 3001 3000 3005 3011 3018 3026
2983 2992 3001 2999 2996 2999 3003 3003 3002 3006 3011 3018 3027 3030 3031 3036 3042 3049 3056 3065 3076 3083 3088 3087 3083 3084 3088 3089 3088 3089 3093 3095 3095 3096 3096 3095 3091 3088 3086 3086 3089 3090 3086 3081 3077 3074 3076 3078 3082 3084 3078 3069 3047 3027 3020 3013 3006 3000 3001 3001 3004 3007 3018 3029
2986 2993 3000 2998 2995 2998 3001 2999 2997 2998 3000 3013 3029 3031 3029 3037 3046 3054 3061 3072 3084 3088 3087 3083 3076 3078 3086 3090 3089 3090 3094 3096 3096 3095 3092 3088 3082 3081 3086 3089 3092 3090 3081 3076 3078 3079 3078 3077 3078 3079 3078 3072 3047 3024 3016 3008 3005 3002 3001 3000 3000 3000 3015 3029
2988 2992 2996 2997 2997 2996 2995 2994 2993 2994 2995 3011 3029 3032 3032 3041 3054 3063 3070 3078 3087 3088 3085 3080 3074 3077 3086 3089 3088 3089 3091 3092 3093 3093 3090 3087 3082 3081 3086 3089 3090 3088 3081 3077 3081 3083 3081 3078 3078 3077 3077 3071 3045 3022 3013 3006 3006 3006 3004 3001 2998 2995 3009 3024
2990 2990 2990 2995 2999 2993 2985 2987 2989 2993 2996 3010 3026 3032 3037 3050 3065 3074 3082 3085 3086 3084 3081 3079 3078 3081 3087 3088 3087 3085 3084 3084 3087 3090 3092 3092 3089 3087 3086 3085 3086 3085 3083 3082 3085 3087 3084 3081 3080 3078 3074 3066 3041 3018 3013 3008 3010 3011 3009 3006 2997 2989 3002 3015
2990 2989 2988 2994 2999 2991 2982 2984 2988 2992 2995 3006 3018 3029 3041 3054 3069 3078 3085 3086 3085 3082 3079 3079 3080 3082 3085 3085 3083 3082 3081 3083 3087 3091 3094 3095 3093 3090 3088 3086 3085 3085 3084 3084 3085 3085 3084 3083 3083 3081 3075 3065 3039 3017 3013 3009 3011 3013 3011 3010 2999 2989 3002 3015
2988 2989 2991 2994 2997 2990 2983 2985 2989 2991 2993 2999 3006 3023 3044 3056 3066 3074 3081 3082 3082 3081 3079 3079 3080 3080 3081 3079 3077 3078 3082 3086 3091 3095 3098 3098 3094 3092 3090 3089 3089 3087 3085 3083 3081 3080 3082 3084 3086 3085 3077 3066 3040 3018 3014 3010 3010 3010 3012 3012 3003 2995 3009 3024
2995 2996 2996 2999 3002 2996 2990 2992 2995 2996 2997 3001 3005 3025 3049 3059 3065 3071 3076 3079 3082 3082 3082 3082 3083 3082 3081 3078 3076 3078 3084 3089 3093 3096 3098 3098 3095 3093 3092 3091 3089 3087 3087 3085 3081 3079 3081 3083 3086 3087 3078 3066 3040 3018 3016 3015 3014 3013 3014 3015 3007 3001 3014 3028
3010 3008 3006 3011 3015 3009 3003 3004 3007 3007 3007 3012 3018 3035 3055 3062 3065 3069 3072 3077 3084 3087 3088 3089 3089 3088 3085 3082 3079 3081 3087 3090 3092 3093 3094 3095 3093 3092 3093 3091 3085 3083 3088 3090 3086 3083 3080 3079 3084 3086 3077 3064 3037 3016 3021 3025 3023 3021 3019 3017 3012 3008 3017 3027
3016 3013 3009 3013 3017 3011 3004 3005 3006 3008 3009 3016 3024 3039 3055 3062 3065 3067 3069 3076 3085 3089 3090 3091 3092 3089 3085 3082 3080 3082 3088 3090 3090 3091 3093 3094 3092 3092 3093 3092 3085 3083 3089 3092 3090 3087 3082 3079 3085 3087 3077 3064 3037 3015 3018 3022 3022 3022 3020 3018 3014 3010 3016 3022
3010 3008 3005 3004 3004 2997 2990 2990 2990 2996 3003 3013 3023 3035 3048 3056 3063 3066 3067 3074 3085 3088 3088 3089 3090 3086 3079 3078 3079 3082 3086 3088 3089 3091 3094 3095 3093 3092 3093 3093 3090 3089 3090 3092 3093 3092 3086 3083 3087 3089 3078 3065 3038 3015 3008 3002 3008 3013 3015 3017 3012 3006 3010 3013
3005 3003 3001 2999 2996 2991 2985 2984 2983 2990 2998 3008 3018 3031 3045 3055 3063 3066 3067 3073 3082 3085 3086 3087 3087 3084 3079 3079 3081 3084 3087 3089 3089 3091 3096 3097 3094 3092 3093 3094 3093 3091 3090 3089 3091 3092 3088 3086 3089 3088 3076 3061 3035 3011 3001 2993 2999 3005 3009 3013 3008 3003 3004 3006
3001 3000 2999 2997 2996 2994 2991 2991 2990 2992 2995 3002 3009 3028 3050 3059 3064 3067 3069 3072 3076 3079 3082 3084 3085 3085 3086 3087 3088 3090 3092 3093 3091 3093 3097 3098 3095 3093 3094 3094 3093 3091 3087 3084 3084 3085 3087 3089 3088 3083 3069 3052 3025 3003 3001 2999 2998 2998 3001 3004 3003 3001 3000 3000
2998 2997 2996 2996 2996 2996 2996 2995 2995 2994 2995 2998 3003 3024 3050 3060 3066 3069 3071 3071 3071 3074 3078 3080 3080 3084 3090 3092 3091 3092 3093 3093 3093 3094 3096 3096 3094 3093 3094 3094 3092 3089 3086 3083 3080 3080 3086 3089 3086 3080 3064 3047 3020 2999 3001 3003 3000 2997 2997 2998 2999 3000 3000 3000
2997 2994 2992 2994 2996 2998 3000 2998 2996 2997 2998 2999 2999 3020 3045 3058 3068 3071 3072 3071 3070 3070 3072 3073 3074 3080 3090 3092 3089 3088 3087 3089 3093 3093 3091 3089 3089 3091 3095 3095 3090 3087 3087 3086 3082 3080 3083 3085 3083 3079 3063 3047 3022 3001 3002 3003 3005 3006 3000 2995 2998 3001 3005 3009
2996 2993 2991 2994 2996 2998 3000 2997 2994 2997 3000 3000 2999 3016 3038 3053 3066 3070 3072 3071 3070 3070 3070 3071 3072 3078 3088 3091 3088 3086 3084 3086 3091 3092 3087 3085 3086 3089 3095 3096 3089 3085 3089 3090 3085 3081 3081 3080 3079 3076 3061 3044 3022 3004 3003 3003 3006 3009 3001 2993 2996 2999 3007 3014
2995 2995 2994 2996 2997 2997 2996 2992 2988 2993 3000 3002 3002 3014 3028 3043 3058 3065 3069 3072 3075 3076 3077 3077 3077 3080 3085 3088 3090 3090 3089 3088 3088 3088 3087 3086 3085 3088 3095 3096 3088 3085 3092 3094 3088 3083 3078 3075 3074 3070 3055 3039 3021 3005 3003 3000 3000 2999 2996 2992 2993 2994 3003 3012
2995 2995 2995 2996 2998 2996 2995 2991 2986 2991 2998 3001 3003 3011 3020 3034 3050 3060 3067 3072 3077 3079 3080 3080 3079 3080 3083 3086 3091 3092 3091 3089 3086 3086 3088 3088 3087 3088 3094 3095 3087 3085 3093 3096 3091 3085 3077 3072 3071 3067 3050 3034 3019 3006 3001 2996 2996 2995 2994 2993 2992 2992 3001 3010
2995 2993 2990 2993 2996 2998 2999 2997 2994 2992 2991 2995 2998 3005 3013 3028 3045 3057 3068 3072 3074 3074 3074 3075 3077 3080 3083 3086 3089 3090 3088 3086 3084 3085 3090 3093 3091 3092 3094 3093 3087 3085 3090 3093 3091 3087 3078 3072 3074 3070 3049 3029 3018 3007 2997 2989 2995 3000 2999 2997 2997 2997 3003 3009
2993 2989 2985 2991 2996 2999 3002 3001 2999 2994 2989 2991 2995 3001 3007 3020 3036 3051 3066 3071 3071 3070 3069 3071 3076 3080 3082 3085 3089 3089 3087 3085 3084 3087 3093 3096 3094 3093 3093 3092 3088 3087 3090 3091 3090 3087 3078 3072 3075 3072 3047 3025 3017 3008 2996 2987 2997 3005 3002 3000 3000 3001 3004 3007
2987 2983 2980 2989 2998 3000 3001 2999 2996 2995 2994 2994 2993 2997 3002 3010 3019 3037 3058 3066 3070 3068 3065 3069 3076 3079 3079 3084 3091 3093 3091 3090 3091 3094 3098 3098 3093 3090 3091 3091 3091 3091 3093 3093 3088 3082 3074 3068 3072 3069 3044 3022 3017 3011 3003 2997 3003 3008 3004 2999 3000 3000 3000 3000
2983 2980 2978 2988 2998 2999 2999 2997 2994 2995 2997 2995 2993 2995 2999 3002 3006 3026 3051 3062 3067 3067 3065 3068 3076 3078 3078 3083 3092 3095 3093 3094 3096 3098 3100 3098 3092 3088 3089 3090 3092 3093 3095 3093 3087 3081 3073 3068 3069 3065 3041 3020 3016 3012 3007 3003 3007 3010 3004 2999 2998 2997 2997 2996
2981 2985 2988 2991 2994 2994 2994 2994 2995 2992 2988 2992 2996 2997 2997 3000 3003 3024 3050 3061 3064 3069 3073 3074 3073 3075 3079 3083 3088 3092 3094 3095 3092 3091 3091 3091 3089 3089 3089 3089 3089 3089 3089 3089 3089 3088 3081 3075 3069 3060 3038 3019 3014 3009 3002 2997 3003 3008 3003 2998 2995 2992 2996 3001
2980 2988 2996 2994 2991 2991 2991 2993 2994 2989 2982 2989 2998 2998 2995 2998 3002 3021 3045 3056 3062 3070 3079 3078 3072 3074 3080 3083 3085 3089 3094 3094 3089 3086 3086 3086 3088 3089 3089 3088 3087 3086 3086 3087 3091 3093 3087 3079 3067 3053 3035 3019 3012 3006 2999 2994 3000 3005 3002 2999 2994 2989 2995 3002
2979 2989 2999 2996 2992 2994 2996 2994 2991 2987 2983 2988 2994 2992 2989 2995 3004 3016 3029 3045 3061 3071 3077 3078 3075 3077 3082 3085 3086 3088 3090 3090 3087 3087 3089 3090 3091 3091 3089 3088 3086 3086 3089 3092 3092 3090 3083 3073 3055 3040 3029 3019 3012 3006 3003 3000 2998 2997 3000 3004 2999 2995 2994 2993
2980 2990 2999 2996 2992 2995 2999 2994 2988 2986 2985 2987 2990 2988 2984 2993 3005 3011 3014 3034 3060 3071 3076 3077 3078 3080 3083 3085 3086 3087 3086 3086 3085 3087 3091 3093 3093 3092 3089 3087 3086 3087 3093 3096 3092 3087 3077 3065 3045 3028 3023 3017 3011 3006 3007 3006 2998 2991 3000 3008 3004 3001 2994 2987
2986 2987 2988 2990 2991 2991 2990 2988 2986 2987 2988 2988 2988 2986 2985 2992 3000 3004 3007 3028 3057 3070 3076 3078 3078 3079 3079 3080 3081 3082 3084 3085 3086 3086 3085 3085 3087 3087 3087 3088 3089 3091 3094 3094 3089 3081 3065 3050 3035 3021 3012 3005 3006 3007 3007 3006 3003 2999 3003 3006 3008 3009 3002 2996
2990 2984 2978 2984 2990 2986 2982 2983 2984 2987 2991 2989 2985 2985 2986 2990 2996 2998 3000 3023 3054 3069 3075 3078 3079 3078 3077 3076 3077 3079 3082 3085 3086 3085 3081 3080 3082 3084 3086 3088 3092 3094 3093 3091 3085 3074 3054 3036 3026 3016 3005 2996 3002 3007 3007 3006 3006 3006 3006 3007 3011 3015 3010 3005
2984 2978 2973 2979 2985 2984 2982 2983 2985 2987 2989 2985 2980 2982 2986 2989 2992 2994 2997 3019 3049 3064 3072 3076 3079 3079 3078 3079 3083 3085 3084 3084 3083 3083 3084 3085 3086 3088 3091 3092 3090 3088 3086 3082 3075 3064 3043 3026 3022 3018 3010 3003 3005 3006 3004 3002 3004 3006 3012 3018 3018 3019 3015 3012
2979 2974 2970 2976 2982 2982 2982 2984 2986 2987 2988 2983 2977 2981 2987 2989 2989 2992 2996 3017 3046 3061 3069 3075 3079 3080 3079 3083 3089 3090 3086 3084 3082 3084 3088 3090 3090 3092 3096 3096 3088 3082 3080 3076 3067 3054 3033 3018 3019 3019 3014 3010 3008 3006 3002 2999 3002 3007 3017 3027 3025 3022 3020 3018
2985 2983 2981 2986 2991 2988 2985 2988 2991 2993 2994 2988 2980 2984 2989 2995 3000 3004 3006 3026 3052 3065 3071 3077 3081 3084 3085 3088 3091 3092 3089 3089 3091 3092 3093 3092 3090 3090 3093 3093 3086 3082 3082 3077 3064 3050 3033 3020 3019 3017 3014 3012 3013 3012 3006 3001 3006 3011 3022 3031 3026 3020 3020 3019
2991 2991 2992 2995 2999 2993 2988 2991 2996 2998 3000 2993 2984 2987 2992 3001 3010 3014 3015 3033 3057 3068 3074 3078 3082 3086 3090 3093 3094 3093 3091 3093 3098 3100 3096 3093 3089 3088 3091 3090 3085 3082 3083 3078 3061 3045 3033 3023 3019 3016 3014 3013 3016 3018 3010 3003 3009 3014 3025 3034 3027 3020 3020 3020
2990 2990 2991 2993 2996 2993 2988 2994 3001 3001 3001 2997 2993 2993 2995 3001 3009 3012 3013 3030 3054 3069 3081 3083 3079 3081 3087 3092 3095 3094 3089 3088 3091 3092 3090 3090 3090 3090 3092 3091 3087 3084 3081 3074 3056 3041 3034 3027 3022 3017 3011 3008 3013 3015 3006 2999 3003 3007 3020 3033 3029 3025 3025 3025
2989 2990 2990 2992 2994 2992 2989 2996 3004 3004 3002 3001 3001 2999 2998 3002 3009 3011 3011 3028 3051 3070 3088 3087 3076 3077 3085 3091 3096 3095 3087 3084 3084 3084 3085 3087 3090 3092 3093 3092 3089 3085 3080 3070 3052 3039 3035 3031 3025 3018 3009 3003 3010 3014 3004 2996 2998 3001 3017 3031 3030 3030 3030 3029
2989 2991 2994 2996 2999 2996 2992 2995 2998 2998 2998 3002 3008 3006 3002 3006 3012 3016 3019 3038 3063 3077 3086 3087 3083 3083 3085 3088 3090 3093 3094 3093 3088 3088 3091 3091 3089 3088 3091 3091 3088 3084 3081 3074 3059 3047 3041 3036 3030 3023 3010 3001 3011 3018 3012 3007 3010 3012 3022 3031 3031 3031 3032 3034
2989 2993 2997 3000 3003 2999 2995 2993 2991 2992 2994 3004 3015 3012 3007 3010 3016 3022 3028 3048 3074 3083 3085 3087 3090 3089 3086 3084 3085 3091 3101 3101 3092 3091 3096 3096 3088 3085 3089 3090 3087 3084 3083 3078 3066 3055 3048 3041 3035 3028 3011 3000 3013 3023 3020 3019 3021 3023 3027 3031 3031 3031 3035 3038
2993 2994 2996 2997 2997 2995 2993 2991 2989 2993 2997 3007 3018 3020 3018 3024 3030 3039 3049 3063 3080 3085 3086 3090 3096 3095 3090 3088 3087 3092 3101 3099 3089 3087 3097 3098 3090 3086 3088 3090 3091 3091 3087 3082 3071 3061 3054 3048 3045 3039 3029 3021 3025 3028 3028 3028 3025 3022 3025 3027 3033 3038 3033 3028
2996 2996 2995 2994 2992 2991 2990 2989 2987 2993 3001 3011 3022 3027 3030 3037 3045 3057 3070 3079 3086 3088 3087 3093 3102 3102 3095 3091 3090 3093 3100 3097 3085 3084 3098 3101 3093 3088 3087 3089 3096 3098 3092 3085 3076 3067 3061 3055 3054 3051 3047 3042 3037 3033 3036 3037 3029 3021 3022 3024 3035 3046 3032 3018
