3057 3068 3051 3061 3052 3056 3082 3072 3048 3067 3059 3059 3049 3051 3059 3039 3042 3038 3050 3048 3039 3040 3040 3041 3038 3051 3030 3019 3032 3038 3041 3045 3019 3024 3021 3024 3023 3019 3014 3006 3027 3027 3013 3015 3010 2997 3018 3024 3024 3028 3019 3017 3012 3022 3019 3014 3005 3002 3023 3018 3012 3002 3001 3013
3059 3066 3051 3060 3055 3052 3053 3044 3053 3057 3049 3053 3042 3052 3047 3042 3050 3040 3045 3039 3025 3028 3027 3045 3047 3043 3032 3037 3022 3029 3025 3041 3011 3022 3028 3040 3025 3022 3020 3016 3030 3022 3014 3020 3015 3019 3012 3020 3021 3027 3014 3031 3021 3010 3007 3006 3009 3011 3007 3013 2997 3011 3020 3005
3060 3066 3072 3060 3065 3045 3026 3052 3045 3054 3059 3042 3035 3027 3058 3043 3051 3046 3049 3045 3026 3037 3028 3024 3050 3045 3041 3032 3027 3030 3027 3027 3024 3024 3033 3045 3034 3022 3026 3037 3014 3030 3034 3016 3020 3029 3025 3014 3019 3024 3021 3035 3004 3015 3011 3004 3018 3022 3001 3009 3005 3000 2995 3021
3054 3060 3079 3068 3058 3061 3058 3052 3047 3061 3059 3052 3046 3043 3037 3029 3051 3043 3042 3030 3020 3030 3039 3040 3037 3044 3054 3029 3034 3040 3038 3034 3042 3035 3029 3033 3024 3033 3029 3026 3027 3023 3030 3023 3019 3012 3022 3010 2998 3015 3016 3019 3020 3014 3004 3012 2999 3014 3017 3013 2992 2985 3002 3024
3050 3054 3062 3059 3047 3052 3045 3050 3051 3065 3061 3057 3036 3038 3043 3050 3048 3038 3033 3034 3030 3033 3033 3040 3035 3031 3041 3043 3030 3037 3049 3041 3033 3037 3020 3024 3021 3026 3012 3038 3016 3020 3037 3032 3029 3001 3021 3030 3026 3026 3013 3019 3013 3019 3018 3000 3001 3000 3005 3016 3003 2982 3001 3014
3049 3049 3068 3055 3050 3038 3040 3061 3045 3064 3054 3047 3057 3044 3048 3038 3053 3037 3036 3028 3024 3023 3042 3039 3043 3036 3043 3047 3044 3049 3040 3047 3053 3049 3034 3039 3016 3011 3023 3036 3013 3013 3030 3017 3024 3012 3012 3025 3021 3022 3036 3021 3008 3007 3005 2998 3013 3000 3032 3016 3015 3007 3013 3012
3059 3064 3053 3048 3054 3035 3055 3047 3045 3046 3035 3046 3038 3043 3041 3051 3046 3056 3040 3040 3038 3036 3042 3050 3047 3063 3062 3048 3057 3055 3045 3045 3035 3045 3031 3027 3025 3028 3029 3011 3006 3018 3025 3022 3012 3015 3015 3002 3009 3015 3013 3003 3018 3012 3010 2993 3009 3019 3007 3029 3019 3016 3022 3011
3019 3018 3026 3018 3025 3021 3023 3027 3016 3015 3005 3025 3015 3037 3042 3036 3041 3027 3025 3037 3033 3037 3048 3043 3051 3055 3057 3040 3061 3051 3053 3052 3048 3039 3024 3022 3028 3025 3031 3015 3014 3014 3021 3030 3022 3019 3020 3011 3015 3016 3018 3015 3013 3021 3005 3009 3019 3012 3010 3022 3020 3016 3018 3024
2991 2983 2977 2984 2988 2996 2989 2985 2994 3002 2997 2999 3020 3000 3014 3022 3015 3008 3026 3026 3016 3025 3032 3024 3046 3059 3046 3047 3040 3034 3046 3046 3042 3035 3031 3020 3024 3026 3027 3036 3021 3024 3027 3026 3017 3019 3023 3025 3010 3024 3013 3019 3013 3022 3030 3031 3013 3002 3013 3021 3015 3022 3019 3033
2995 2988 3000 2978 2996 2983 2985 3002 2981 2996 2993 3008 3018 3008 3002 3013 3017 3012 3028 3026 3032 3024 3023 3030 3042 3045 3058 3048 3054 3045 3047 3046 3038 3050 3034 3026 3033 3027 3029 3025 3027 3014 3022 3021 3017 3022 3027 3032 3005 3020 3016 3021 3025 3027 3018 3017 3020 3010 3003 3009 3018 3007 3017 3030
3000 2993 2993 2990 2994 3001 2992 2982 2986 2995 3016 3013 2993 3017 3003 3009 3017 3030 3031 3026 3028 3039 3032 3039 3057 3055 3059 3057 3061 3049 3040 3057 3047 3054 3052 3036 3031 3032 3022 3009 3014 3023 3005 3015 3013 3018 3013 3011 3019 3010 3011 3010 3016 3018 3005 3020 3009 3013 3016 3025 3026 3013 3015 3029
2991 2975 2974 3005 2996 2999 2985 2995 2989 3007 3010 3014 3001 3010 3020 3028 3026 3034 3020 3034 3042 3029 3033 3055 3061 3064 3055 3047 3048 3055 3044 3047 3055 3039 3045 3045 3029 3035 3029 3028 3026 3025 3018 3009 3015 2997 3011 3017 3003 3008 3001 3009 3014 3021 3002 3007 3010 3018 3025 3031 3031 3031 3031 3029
2976 2969 2973 2981 2980 2979 2979 2998 2999 3003 3004 3019 3016 3032 3020 3032 3040 3019 3025 3036 3036 3044 3053 3066 3075 3075 3081 3074 3055 3057 3048 3057 3050 3045 3051 3047 3034 3031 3030 3024 3037 3026 3014 3017 3007 3017 3021 3026 3018 3011 3013 3007 3008 3020 3004 2993 2999 2998 3027 3037 3039 3044 3022 3036
2994 2977 2984 2981 2997 2991 2982 2991 3000 2995 3005 3020 3009 3024 3018 3030 3031 3028 3035 3044 3032 3043 3051 3051 3060 3057 3061 3056 3062 3057 3053 3070 3052 3060 3061 3066 3045 3042 3046 3030 3032 3033 3016 3026 3011 2999 3009 3015 3003 3014 3000 3017 3006 2998 3015 3002 3008 3012 3035 3032 3036 3026 3035 3018
3003 2991 2980 2977 3000 2996 2995 2999 2980 2998 3003 3000 3000 3009 3001 3031 3018 3035 3043 3044 3047 3042 3042 3048 3054 3059 3053 3067 3058 3061 3054 3049 3060 3065 3058 3059 3049 3045 3025 3033 3041 3041 3036 3016 3017 3000 2996 3003 3003 3015 3018 3003 3002 3008 3008 3009 3000 3014 3024 3036 3038 3033 3032 3023
2999 3001 2975 3007 2997 3007 2996 2995 2997 3004 3028 3026 3005 3018 3023 3017 3022 3034 3037 3043 3055 3048 3053 3063 3044 3062 3051 3054 3067 3067 3057 3065 3077 3075 3081 3069 3067 3054 3038 3037 3033 3030 3026 3044 3010 3009 3012 3002 3007 3002 3013 3012 3007 3019 3000 3021 3017 3016 3020 3029 3031 3040 3017 3028
3008 2997 2985 3001 3013 3011 3009 3019 3003 3004 3012 3020 3015 3030 3028 3031 3027 3040 3029 3046 3062 3063 3059 3055 3049 3068 3068 3058 3076 3081 3088 3080 3095 3094 3097 3096 3091 3077 3050 3026 3020 3038 3031 3033 3000 3002 3010 3011 3003 3001 3001 2999 3011 3021 3010 3017 3026 3012 3003 3024 3028 3036 3023 3019
2997 3007 2995 3009 3002 3009 3007 3017 3016 3021 3019 3026 3023 3031 3030 3028 3038 3038 3045 3048 3066 3061 3049 3049 3066 3074 3077 3097 3070 3075 3075 3094 3089 3093 3099 3098 3095 3088 3048 3037 3019 3031 3036 3030 3025 2999 3006 2997 2997 2998 2988 3015 3013 3019 3015 3023 3005 3019 3020 3017 3034 3041 3034 3025
3009 3002 2991 3008 3003 2992 3007 3012 3019 3021 3033 3019 3023 3026 3025 3044 3033 3048 3051 3055 3057 3046 3054 3063 3058 3066 3070 3071 3079 3075 3090 3091 3105 3092 3100 3086 3092 3086 3057 3037 3041 3041 3047 3041 3034 3020 3027 3014 2998 2995 3011 2996 3004 3025 3021 3023 3023 2999 3010 3013 3032 3026 3024 3021
3010 3007 3014 3021 3007 3014 3007 3016 3008 3027 3030 3037 3033 3020 3043 3029 3044 3038 3057 3056 3057 3049 3053 3053 3055 3059 3078 3080 3078 3085 3103 3086 3098 3112 3107 3096 3105 3082 3059 3058 3058 3040 3053 3044 3020 3023 3016 3001 3008 2999 2996 3013 3021 3010 3023 3028 3016 3002 3019 3037 3028 3028 3024 3043
3019 3016 3022 3026 3028 3023 3025 3028 3029 3021 3017 3029 3044 3035 3038 3058 3059 3054 3051 3042 3050 3043 3048 3054 3069 3077 3079 3091 3095 3089 3095 3108 3103 3106 3101 3102 3094 3082 3074 3052 3057 3049 3045 3060 3047 3029 3005 2998 2997 3001 3003 3002 3015 3030 3030 3016 3017 3014 3013 3039 3018 3030 3019 3046
3009 3014 3023 3014 3018 3020 3019 3022 3024 3011 3031 3026 3038 3041 3035 3041 3056 3047 3043 3038 3047 3061 3056 3061 3059 3075 3080 3077 3091 3094 3104 3096 3100 3084 3098 3105 3092 3094 3079 3058 3069 3050 3065 3051 3037 3031 3012 2992 3005 3006 3010 3005 3015 3007 3023 3029 3015 2998 3013 3025 3013 3016 3022 3027
3006 3015 3011 3001 3000 3024 3019 3028 3026 3021 3014 3035 3027 3032 3040 3037 3061 3035 3033 3057 3040 3055 3064 3065 3074 3071 3083 3083 3085 3105 3106 3104 3110 3098 3103 3096 3097 3097 3081 3070 3072 3048 3056 3064 3042 3033 3028 3005 3002 3011 3014 3030 3011 3015 3015 3035 3002 2997 2999 3029 3019 3008 3015 3012
3017 3001 3004 3005 2990 3005 3009 3022 3036 3037 3039 3026 3038 3033 3038 3050 3050 3053 3032 3052 3056 3071 3072 3069 3081 3071 3078 3100 3098 3090 3105 3109 3111 3102 3096 3101 3103 3092 3072 3074 3064 3070 3059 3053 3044 3034 3016 3008 2998 3000 2997 3026 3001 2999 3003 3014 3013 3008 3019 3013 3012 3014 3013 3019
3016 3022 3007 3000 2993 3007 3016 3023 3033 3028 3047 3034 3036 3042 3042 3057 3060 3045 3049 3047 3071 3065 3082 3074 3086 3096 3097 3095 3097 3100 3095 3105 3100 3096 3100 3096 3094 3089 3087 3085 3077 3080 3074 3065 3053 3025 3018 3014 3024 3002 3005 3014 3027 3016 3008 3019 3015 3022 3021 3002 3020 3012 3019 3025
3009 3003 3013 3000 3009 2999 3019 3023 3038 3041 3044 3042 3054 3044 3065 3058 3054 3058 3055 3060 3102 3078 3085 3088 3101 3104 3089 3094 3097 3098 3104 3099 3107 3104 3105 3093 3096 3095 3089 3107 3082 3076 3078 3067 3052 3032 3010 3024 3017 3015 3020 3010 3021 3003 3014 3005 3017 3017 3023 3013 3000 3005 3014 3017
3004 3012 3013 3015 3011 3028 3012 3029 3038 3037 3051 3041 3037 3056 3063 3071 3067 3082 3074 3072 3071 3083 3091 3090 3117 3102 3112 3113 3102 3095 3114 3112 3118 3099 3095 3103 3100 3099 3090 3096 3082 3087 3072 3057 3028 3024 3021 3024 3013 3001 3009 3015 3020 3008 3006 2998 3015 3020 3014 3017 3011 3020 3014 3008
3004 3019 3026 3004 3022 3014 3017 3019 3025 3045 3055 3052 3062 3064 3086 3086 3084 3090 3084 3081 3087 3084 3084 3085 3102 3107 3117 3101 3105 3097 3112 3100 3114 3105 3098 3102 3102 3098 3099 3099 3097 3076 3060 3055 3038 3006 3020 3030 3008 3005 3016 3007 3022 3016 3011 3009 3013 3025 3008 3006 3003 3006 3010 3004
3017 3019 3006 3008 3010 3014 3005 3017 3019 3024 3041 3057 3061 3079 3100 3090 3086 3092 3078 3086 3079 3085 3077 3095 3093 3110 3111 3112 3102 3097 3098 3105 3103 3101 3115 3105 3099 3090 3084 3083 3084 3093 3080 3062 3044 3020 3025 3013 3007 3009 3010 3010 3025 3002 3012 3018 3013 3021 3009 3019 3013 3008 2999 3001
3026 3021 3009 3000 3023 3018 3000 3005 3010 3029 3059 3048 3059 3082 3096 3111 3093 3093 3097 3095 3083 3090 3099 3093 3088 3097 3105 3106 3107 3091 3106 3093 3102 3117 3110 3123 3100 3091 3096 3081 3090 3079 3089 3074 3056 3016 3018 3019 3000 3023 3006 2999 3004 2998 3008 3026 3015 3004 3017 3022 3016 2999 3017 3001
3028 3025 3006 3001 3006 3014 3019 3018 3019 3021 3050 3055 3064 3072 3099 3099 3111 3092 3090 3097 3082 3095 3090 3105 3080 3098 3096 3090 3091 3090 3108 3098 3105 3102 3110 3103 3090 3097 3100 3095 3078 3092 3071 3058 3035 3019 3007 3023 3005 3016 3007 3005 3017 3008 3017 3030 3024 3009 3010 3019 3008 3018 3017 3016
3026 3006 3003 3020 3001 3027 3017 3014 3020 3029 3049 3065 3068 3084 3092 3104 3112 3084 3105 3093 3096 3119 3106 3103 3089 3093 3097 3092 3089 3095 3091 3102 3112 3098 3092 3096 3092 3089 3094 3087 3088 3085 3077 3051 3035 3020 3014 3014 3011 3017 3012 2997 3004 3009 3025 3035 3011 3006 3006 3020 3005 3020 3014 3013
3013 3009 3020 3018 3012 3002 3029 3032 3002 3034 3044 3066 3072 3068 3077 3086 3097 3086 3093 3092 3091 3111 3097 3112 3088 3106 3094 3100 3105 3107 3100 3094 3090 3096 3100 3103 3089 3104 3098 3109 3103 3100 3077 3060 3045 3015 3008 3004 3007 3020 3013 3000 3016 3011 3021 3027 3018 3012 3010 3013 3000 3009 3010 3019
3015 3004 3025 3021 3005 3009 3020 3023 3025 3024 3036 3062 3072 3083 3086 3090 3071 3091 3080 3088 3098 3093 3092 3099 3112 3086 3097 3098 3098 3095 3092 3098 3099 3100 3120 3087 3102 3098 3098 3100 3099 3099 3091 3064 3029 3007 3004 3009 3013 3012 3014 3001 3004 3008 3022 3027 3014 3010 3016 3002 3005 3000 3016 3026
2985 3018 3014 3008 3000 3004 3019 3012 3015 3023 3022 3056 3073 3078 3087 3084 3086 3084 3086 3093 3097 3100 3091 3089 3097 3114 3085 3095 3088 3082 3090 3088 3094 3092 3096 3102 3089 3108 3085 3099 3099 3096 3083 3057 3033 3026 3022 3011 3016 3011 3001 3020 3004 3002 3013 3026 3011 3010 3018 3020 3020 3012 3031 3015
2991 3011 3022 3025 3019 3011 3017 3004 3016 3020 3021 3040 3069 3082 3086 3093 3097 3092 3068 3079 3089 3098 3099 3096 3100 3098 3095 3089 3094 3096 3088 3107 3093 3100 3100 3106 3102 3093 3091 3092 3094 3090 3074 3049 3036 3019 3022 3012 3017 3001 3021 3019 3013 2993 3012 3008 3003 2999 3010 3024 3030 3022 3026 3029
3002 3018 3009 2995 3008 3001 3009 3004 3006 3011 3006 3047 3053 3077 3090 3076 3081 3087 3089 3080 3088 3094 3101 3095 3094 3096 3114 3113 3092 3104 3097 3107 3103 3098 3103 3094 3089 3088 3093 3085 3076 3086 3063 3054 3035 3020 3016 3023 3007 3011 3022 3030 3017 3005 3035 3016 3020 3009 3017 3012 3019 3038 3027 3016
3002 3008 2999 3012 3006 2992 3002 3009 3016 3023 3011 3030 3048 3069 3094 3096 3094 3080 3082 3100 3087 3094 3090 3088 3098 3102 3110 3101 3099 3098 3102 3094 3089 3088 3101 3094 3094 3086 3092 3083 3081 3081 3064 3043 3017 3013 3025 3019 3004 3005 3023 3038 3033 3026 3024 3019 3022 3011 3014 3016 3025 3037 3026 3020
2996 2995 3005 2997 2998 3008 3005 3005 3013 3018 3031 3026 3056 3083 3066 3070 3083 3084 3100 3079 3089 3095 3098 3107 3093 3099 3112 3083 3077 3080 3094 3094 3102 3097 3111 3097 3098 3097 3089 3070 3092 3068 3060 3034 3026 3015 3017 3015 3009 3028 3009 3014 3022 3021 3016 3028 3024 3021 3024 3039 3013 3021 3027 3031
2986 2993 2980 2998 3000 2999 2993 2996 3005 3001 3012 3031 3063 3065 3076 3071 3083 3085 3077 3091 3091 3098 3106 3100 3112 3103 3095 3100 3089 3088 3083 3090 3085 3095 3099 3118 3096 3106 3081 3075 3089 3070 3064 3038 3016 3019 3022 3014 3017 3017 3013 3021 3023 3007 3015 3026 3028 3024 3018 3014 3016 3011 3024 3032
3000 3002 2990 2999 2993 3002 2989 2992 3009 3007 2999 3039 3030 3051 3071 3072 3087 3096 3078 3086 3087 3097 3094 3092 3087 3095 3098 3094 3098 3100 3086 3086 3096 3100 3111 3109 3108 3091 3102 3071 3066 3069 3053 3038 3022 3015 3012 3025 3022 3019 3009 3012 3012 3022 3028 3025 3029 3047 3041 3040 3032 3019 3018 3013
3015 3000 2998 2991 2997 2995 2982 2990 3002 3010 2999 3003 3012 3031 3073 3073 3079 3084 3076 3071 3085 3089 3083 3084 3088 3100 3102 3101 3103 3091 3084 3088 3083 3092 3097 3098 3102 3093 3093 3076 3078 3075 3041 3037 3031 3011 3003 3014 3033 3019 3005 3010 3011 3013 3009 3015 3036 3043 3060 3037 3035 3018 3017 3028
2995 3013 2999 3001 3000 2990 2982 2991 2994 2995 2993 2991 3014 3025 3039 3069 3073 3071 3067 3089 3085 3098 3091 3094 3102 3094 3093 3097 3103 3087 3102 3092 3093 3088 3090 3092 3104 3098 3081 3088 3074 3067 3051 3038 3026 3015 3019 3010 3015 3021 3019 3007 3019 3011 3013 3024 3036 3034 3048 3040 3047 3028 3033 3036
3001 3001 3009 3002 2988 2998 2986 2998 3005 3008 2995 3000 3009 3012 3035 3047 3078 3080 3080 3075 3088 3086 3084 3094 3103 3096 3090 3095 3093 3102 3094 3092 3086 3087 3088 3101 3089 3098 3095 3070 3080 3067 3050 3030 3030 3025 3027 3021 3019 3012 3035 3018 3014 3014 3022 3015 3016 3033 3044 3036 3044 3037 3033 3028
2999 3009 3010 2987 2981 2987 3005 3018 3027 3009 3003 3019 3019 3032 3031 3057 3069 3079 3085 3067 3084 3096 3096 3101 3097 3100 3111 3108 3104 3108 3098 3113 3099 3100 3093 3096 3090 3089 3090 3073 3057 3055 3045 3038 3039 3016 3011 3015 3031 3011 3009 3015 3022 3026 3033 3023 3035 3041 3039 3050 3040 3051 3039 3028
3001 2996 3003 3003 2982 2991 3007 3012 3037 3012 3008 3016 3021 3030 3031 3042 3057 3075 3086 3079 3084 3094 3107 3108 3100 3084 3095 3095 3099 3086 3106 3093 3107 3092 3103 3093 3106 3082 3101 3090 3063 3058 3030 3045 3026 3019 3022 3019 3018 3007 3004 3020 3019 3011 3016 3011 3019 3037 3042 3057 3036 3027 3049 3019
3006 3008 2998 2997 2999 2999 2990 3014 3026 3030 3025 3017 3007 3023 3011 3046 3044 3057 3080 3079 3084 3085 3107 3097 3088 3093 3108 3099 3095 3102 3099 3095 3086 3100 3091 3095 3095 3084 3097 3068 3058 3042 3029 3027 3018 3018 3019 3018 3005 3017 3006 3009 3014 3014 3019 3014 3020 3031 3036 3042 3029 3018 3028 3024
3020 3011 3011 3011 3012 3003 3004 3004 3015 3022 3014 3006 3011 2998 3007 3035 3041 3053 3079 3081 3072 3082 3091 3091 3091 3101 3098 3106 3092 3084 3093 3082 3084 3092 3109 3099 3084 3086 3087 3064 3047 3036 3031 3017 3026 3028 3026 3025 3018 3013 3013 3002 3013 3014 3009 3011 3023 3028 3036 3033 3027 3013 3029 3029
3003 3008 3009 3014 3003 3008 3000 3014 3024 3013 3014 3012 3006 3018 3021 3023 3020 3049 3057 3072 3099 3105 3094 3094 3087 3098 3101 3105 3094 3085 3099 3099 3105 3091 3096 3091 3088 3082 3082 3070 3051 3040 3035 3022 3013 3028 3016 3023 3018 3030 3018 3011 3016 2999 3009 2998 3011 3031 3028 3024 3019 3013 3022 3032
2988 2994 3001 3009 3015 3024 3008 3012 3005 3013 3015 3018 3028 3016 3030 3013 3023 3036 3074 3068 3101 3105 3097 3085 3087 3099 3103 3105 3087 3084 3091 3099 3097 3091 3085 3087 3095 3091 3074 3054 3044 3027 3029 3026 3025 3038 3023 3022 3025 3008 3019 3002 3017 3012 3001 3011 3007 3015 3013 3017 3023 3025 3012 3005
2997 3014 3009 3006 3012 2995 3018 3018 3006 3005 3011 3014 3001 3019 3013 3020 3033 3051 3070 3081 3100 3100 3087 3108 3092 3097 3088 3092 3099 3092 3097 3091 3088 3094 3082 3083 3099 3083 3063 3048 3046 3045 3030 3023 3024 3029 3012 3019 3018 3007 3015 3004 3015 3020 3007 2998 3010 3020 3008 3012 3011 3023 3026 3019
3004 3001 3006 3007 3010 3007 3021 3026 3009 3009 3004 3009 3013 3011 3007 3005 3033 3044 3088 3099 3096 3092 3093 3097 3108 3096 3083 3096 3100 3100 3089 3087 3091 3099 3087 3082 3088 3078 3069 3047 3036 3044 3020 3026 3023 3039 3021 3018 3017 3003 3021 3016 3003 3001 3007 3012 3013 3017 3012 3001 3024 3023 3026 3030
3004 3002 2995 2997 3001 3009 3004 3005 3001 3017 3006 3000 3008 3011 3026 3024 3017 3044 3069 3088 3109 3093 3109 3093 3089 3096 3099 3096 3086 3092 3091 3096 3095 3096 3086 3092 3086 3080 3073 3051 3046 3029 3031 3025 3037 3001 3013 3005 3008 3010 3018 3011 3021 3009 3004 3017 3017 3008 3008 3007 3010 3011 3022 3027
3021 3005 3010 3007 3017 3008 3014 3019 3019 3012 3000 3011 2997 2999 3014 3016 3025 3040 3049 3068 3085 3091 3095 3099 3101 3105 3097 3103 3099 3105 3089 3098 3090 3089 3087 3095 3090 3078 3072 3067 3049 3035 3028 3037 3028 3009 3016 3012 3002 3007 3017 3019 3012 3012 3023 3029 3020 3038 3010 2999 3020 3011 3013 3027
2998 3015 3015 3016 3005 3003 3005 3006 3018 3007 3011 3010 3007 3019 3033 3036 3024 3052 3067 3080 3095 3096 3103 3103 3098 3090 3103 3096 3090 3085 3105 3095 3090 3104 3097 3091 3089 3096 3085 3065 3067 3060 3045 3042 3038 3030 3026 3031 3027 3033 3024 3031 3043 3035 3036 3039 3041 3038 3033 3013 3028 3014 3026 3036
3003 3008 3010 3020 3016 3004 2995 2999 3005 3010 3012 3011 3028 3020 3018 3037 3039 3061 3065 3089 3104 3102 3111 3100 3101 3102 3094 3082 3087 3088 3093 3096 3108 3090 3088 3085 3088 3092 3080 3064 3082 3077 3063 3056 3057 3047 3038 3041 3039 3047 3042 3038 3041 3045 3051 3054 3051 3059 3050 3038 3041 3051 3043 3042
3012 3015 3023 3012 3017 3013 3008 3026 3020 3006 3013 3004 3015 3032 3028 3050 3052 3069 3082 3093 3102 3098 3103 3110 3117 3109 3102 3102 3093 3105 3087 3097 3103 3115 3094 3095 3088 3106 3082 3081 3107 3084 3070 3064 3064 3057 3056 3058 3053 3045 3046 3046 3064 3046 3067 3051 3053 3065 3053 3050 3069 3051 3062 3060
3025 3011 3012 3022 3013 3000 3016 3019 3017 3019 3026 3021 3025 3035 3033 3047 3061 3077 3106 3108 3106 3093 3103 3106 3114 3113 3111 3112 3107 3101 3100 3089 3097 3109 3099 3111 3090 3087 3097 3088 3100 3095 3081 3073 3072 3058 3057 3065 3055 3061 3057 3066 3069 3072 3063 3064 3064 3076 3072 3075 3071 3067 3059 3068
3008 3022 3023 3027 3024 3028 3013 3028 3029 3033 3021 3038 3044 3027 3048 3048 3074 3075 3083 3100 3097 3104 3102 3112 3107 3118 3108 3111 3103 3119 3105 3097 3106 3100 3092 3099 3109 3094 3112 3108 3113 3091 3090 3076 3082 3069 3063 3061 3060 3059 3062 3057 3065 3062 3075 3062 3061 3068 3063 3067 3072 3073 3077 3065
3007 3019 3029 3029 3027 3026 3037 3040 3022 3032 3039 3040 3063 3057 3060 3055 3069 3081 3076 3090 3111 3106 3115 3104 3103 3098 3113 3105 3116 3114 3108 3104 3105 3104 3084 3096 3098 3110 3103 3110 3105 3111 3090 3083 3074 3092 3089 3074 3080 3072 3079 3059 3059 3055 3055 3065 3070 3070 3069 3071 3076 3070 3074 3087
3028 3036 3040 3033 3036 3041 3040 3039 3052 3053 3052 3074 3068 3061 3073 3071 3084 3072 3076 3085 3076 3102 3103 3114 3113 3096 3086 3100 3095 3102 3109 3102 3098 3097 3078 3079 3112 3096 3109 3103 3103 3092 3094 3082 3087 3069 3067 3063 3078 3070 3073 3074 3071 3072 3072 3089 3085 3065 3062 3069 3079 3086 3094 3076
3045 3027 3022 3026 3050 3046 3068 3068 3049 3049 3045 3053 3079 3076 3083 3080 3090 3069 3082 3084 3091 3091 3079 3102 3086 3096 3083 3096 3101 3095 3109 3094 3106 3096 3084 3079 3104 3112 3100 3110 3100 3087 3083 3080 3088 3072 3082 3072 3082 3075 3078 3080 3079 3073 3089 3084 3070 3082 3077 3075 3095 3105 3086 3085
3040 3045 3032 3040 3065 3067 3067 3057 3057 3058 3063 3061 3075 3085 3076 3096 3088 3078 3078 3086 3089 3094 3086 3087 3093 3098 3078 3088 3100 3088 3106 3097 3099 3095 3095 3101 3097 3102 3107 3099 3100 3095 3099 3083 3068 3072 3069 3080 3078 3079 3089 3091 3069 3078 3069 3072 3077 3061 3067 3077 3088 3085 3083 3081
3038 3045 3047 3065 3067 3055 3061 3061 3069 3064 3044 3068 3071 3090 3073 3094 3081 3090 3087 3092 3085 3082 3088 3085 3081 3080 3088 3093 3093 3080 3108 3104 3087 3095 3107 3094 3104 3096 3113 3103 3101 3097 3090 3083 3077 3054 3074 3071 3083 3075 3085 3100 3081 3078 3082 3074 3064 3065 3076 3088 3088 3101 3080 3073
