3039 3042 3056 3035 3035 3035 3036 3035 3052 3041 3024 3038 3036 3032 3028 3026 3032 3030 3026 3024 3022 3025 3028 3018 3025 3016 3034 3021 3027 3017 3008 3005 3008 3010 3014 3016 3009 3007 3006 3018 2996 3004 3007 3007 3018 3020 3009 2983 3011 3014 3011 3015 3008 3017 3018 3000 3005 3010 3014 2989 2996 2985 3004 3006
3045 3035 3050 3040 3035 3039 3047 3047 3033 3046 3042 3052 3025 3035 3029 3028 3028 3027 3025 3013 3025 3019 3018 3013 3034 3013 3031 3027 3023 3022 3018 3018 3021 3019 3008 3008 3007 3022 3004 3004 3011 3013 2995 3012 3026 3019 3001 2996 3015 3013 3007 3004 3006 3000 3020 3006 3007 3012 3010 2993 2997 3004 3005 3016
3039 3035 3038 3016 3037 3050 3043 3036 3037 3038 3046 3044 3035 3028 3039 3037 3021 3040 3026 3024 3023 3009 3009 3023 3027 3014 3019 3023 3011 3031 3034 3026 3031 3021 3025 3015 3018 3010 3014 3028 3029 3008 2999 3005 3019 3025 3023 3012 3009 2987 3010 3006 2998 2987 2990 3002 3002 3003 3005 2991 3010 3011 3004 3006
3040 3044 3027 3041 3037 3040 3034 3035 3047 3043 3023 3037 3035 3026 3034 3028 3029 3026 3022 3023 3026 3025 3033 3021 3028 3018 3022 3024 3021 3029 3043 3041 3031 3031 3033 3019 3010 3015 3022 3019 3027 3013 3028 2996 3022 3029 3028 3015 3006 3003 3011 2993 2996 2998 3007 3003 3007 3011 3001 3000 2997 3008 3007 3014
3053 3047 3032 3026 3053 3035 3036 3025 3024 3033 3035 3035 3037 3031 3012 3032 3026 3017 3028 3029 3040 3019 3031 3033 3036 3026 3048 3042 3022 3034 3035 3036 3029 3040 3027 3034 3025 3016 3017 3017 3032 3020 3006 3000 3014 3010 3015 3012 3012 2994 2997 3000 3007 3014 2997 2989 3011 3005 2993 2997 3008 3002 3003 3013
3043 3048 3022 3046 3028 3031 3020 3028 3024 3036 3033 3031 3032 3032 3014 3035 3038 3031 3029 3035 3033 3038 3025 3028 3019 3025 3031 3028 3041 3038 3031 3042 3050 3041 3044 3031 3025 3028 3015 3028 3033 3032 3015 3018 3014 3018 3021 3024 3007 3000 3000 3001 3005 3006 2992 2998 3003 3003 2999 2999 3003 3018 3010 2997
3032 3025 3027 3033 3035 3020 3009 3014 3012 3030 3017 3031 3040 3037 3018 3026 3030 3036 3023 3043 3047 3034 3036 3030 3032 3025 3037 3027 3032 3024 3047 3050 3029 3047 3041 3042 3029 3042 3032 3025 3031 3024 3031 3018 3001 3004 3013 3009 3016 3006 2992 3007 3011 2991 3000 2997 2998 3004 2988 3011 3018 3019 3009 2998
2989 2995 2999 3014 2995 2989 2981 2998 3009 3003 2990 2995 2997 2996 2997 3019 3009 3025 3035 3018 3015 3033 3023 3033 3033 3017 3024 3027 3030 3035 3029 3033 3035 3041 3024 3027 3033 3026 3024 3020 3021 3007 3020 3019 3000 3005 2999 2997 3006 3004 3001 3004 2993 2990 2988 2989 2986 2990 2995 2997 3007 3010 2999 2997
2937 2951 2976 2965 2972 2975 2967 2957 2973 2965 2986 2966 2969 2981 2998 2989 2992 2989 3005 3013 3009 3013 3017 3024 3018 3024 3027 3016 3034 3048 3028 3030 3044 3038 3017 3033 3024 3031 3030 3019 3009 3007 3019 3016 2991 2995 2991 2992 3016 3019 3001 3011 2980 2978 2973 2980 2974 2980 2983 2993 2988 2985 3004 2997
2942 2964 2981 2967 2974 2966 2965 2970 2964 2979 2990 2972 2976 2976 2996 2986 2982 2992 3017 3003 3018 3023 3003 3017 3015 3026 3026 3028 3040 3045 3043 3049 3047 3036 3029 3028 3032 3038 3020 3027 3020 3017 3014 3021 3017 2997 2992 2997 3001 3001 2997 2997 3001 2976 2988 2984 2981 2995 2982 2998 2976 2994 2987 2984
2953 2963 2968 2975 2966 2960 2971 2955 2970 2982 3009 2977 2973 3006 2994 3006 3008 3005 3015 3000 3021 3011 3022 3018 3012 3030 3028 3032 3025 3042 3042 3063 3041 3050 3018 3040 3023 3026 3014 3018 3013 3034 3005 3007 3010 3013 3010 3008 3002 3001 2993 2998 3009 2996 2992 2995 2993 2982 2984 2985 2988 3000 3000 2976
2947 2955 2963 2989 2963 2961 2980 2971 2990 2965 2985 2989 2995 2994 3011 3000 2996 3004 3010 3012 3016 3035 3015 3021 3016 3035 3036 3036 3040 3044 3066 3047 3056 3047 3037 3044 3033 3034 3038 3016 3022 3038 3022 3018 3021 3011 3012 3012 3010 3010 2991 2997 2996 2997 2998 2996 2992 3000 2984 2993 2991 2990 2987 2998
2961 2962 2958 2978 2990 2969 2984 2986 2980 2982 2989 2989 2994 2993 2996 3007 3005 2998 3006 3018 3032 3014 3017 3005 3019 3028 3030 3032 3044 3036 3056 3052 3053 3038 3046 3050 3036 3033 3033 3031 3044 3024 3042 3033 3027 3029 3017 3016 3021 3003 3006 2998 2997 2995 2999 3002 2997 3008 2992 3010 2987 2969 2981 2992
2955 2961 2975 2975 2978 2992 2973 2989 2975 2975 2984 3012 2995 2997 3010 3003 3010 3020 3015 3017 3013 3020 3025 3026 3026 3025 3028 3031 3047 3043 3055 3057 3049 3064 3061 3048 3045 3034 3032 3053 3051 3031 3043 3043 3036 3020 3025 3017 3015 3014 3016 3006 2994 2995 2993 2996 3006 2997 2998 3009 2994 2983 2984 2988
2971 2980 2985 2977 2990 2969 2978 2985 2973 2991 2992 2992 3002 3000 2999 3009 3014 3013 3004 3024 3003 3020 3027 3037 3033 3032 3033 3035 3054 3052 3061 3062 3062 3049 3063 3069 3078 3061 3049 3057 3055 3049 3032 3018 3026 3032 3029 3026 3027 3026 3022 3021 3006 3003 2990 2996 2994 2990 3011 3004 2998 2985 2993 2979
2978 2985 2987 2976 2995 2988 2983 2986 2981 2986 2988 2996 3004 3017 2999 3019 3018 3022 3018 3024 3008 3015 3020 3028 3033 3028 3031 3037 3051 3055 3065 3071 3078 3076 3087 3084 3070 3068 3056 3054 3059 3058 3043 3032 3025 3020 3040 3022 3017 3030 3014 3019 3004 2993 2989 3002 3004 2999 3005 3008 2992 2983 2991 2986
2993 2999 3000 2992 2981 2997 2986 2998 2978 2998 2981 2990 3006 3005 3026 3012 3012 3012 3014 3018 3008 3025 3023 3025 3031 3024 3031 3042 3062 3071 3066 3087 3082 3077 3079 3097 3081 3089 3066 3082 3063 3064 3053 3033 3023 3014 3015 3030 3019 3030 3026 3026 3010 2998 3004 2995 3002 3012 2990 2998 3002 3000 2983 2985
3003 2989 2990 2993 2996 2986 2986 2994 2989 2998 2998 3011 3022 3019 3010 2998 3020 3006 3026 2998 3016 3007 3017 3032 3040 3040 3059 3057 3066 3079 3079 3089 3082 3089 3093 3091 3088 3085 3081 3083 3070 3075 3051 3031 3024 3029 3026 3031 3024 3024 3031 3027 3017 3001 3000 3021 2996 3022 3003 3000 3000 2996 2999 2983
2999 2999 3005 2994 3001 2987 2991 2990 3000 3014 2998 3004 3018 3011 2996 3008 3004 3016 3019 3024 3019 3015 3008 3019 3052 3053 3061 3058 3074 3068 3090 3099 3094 3076 3092 3084 3100 3085 3088 3094 3077 3074 3057 3049 3029 3029 3031 3044 3037 3037 3048 3030 3018 3005 3023 3014 3012 3005 2988 2998 2993 3018 3002 3002
2992 3004 3005 2993 2985 2992 2990 2998 2989 3010 2997 3012 3014 3009 3004 3019 3023 3022 3022 3030 3022 3033 3031 3030 3057 3062 3072 3080 3085 3083 3099 3100 3104 3082 3101 3100 3090 3102 3095 3089 3082 3078 3065 3051 3032 3031 3039 3032 3037 3036 3043 3034 3026 3023 3014 3019 3008 3010 3002 2992 3002 3007 2995 2994
2993 2996 3008 3001 3001 2991 3001 3004 3001 2999 3003 3021 3027 3020 3020 3017 3012 3013 3018 3022 3041 3038 3040 3058 3061 3068 3078 3078 3087 3083 3087 3077 3084 3097 3085 3093 3091 3086 3086 3079 3084 3088 3086 3062 3038 3028 3043 3051 3037 3045 3028 3039 3023 3016 3018 3016 3003 3006 3013 3000 3000 2999 2997 2990
3008 2997 2999 2991 2987 3001 3008 3017 3015 3010 3009 3007 3017 3008 3013 3017 3019 3014 3019 3020 3029 3034 3042 3058 3075 3087 3083 3090 3087 3096 3081 3092 3089 3092 3106 3099 3091 3083 3078 3079 3089 3081 3078 3075 3044 3031 3050 3047 3044 3052 3033 3047 3043 3023 3019 3018 3030 3022 3016 2988 3013 3000 2993 2999
3005 3008 3009 3009 3015 3019 3015 3024 3017 3004 3012 3009 3014 3016 3012 3024 3019 3000 3003 3017 3029 3032 3056 3074 3082 3081 3087 3089 3103 3093 3095 3096 3090 3088 3097 3091 3086 3086 3082 3089 3098 3092 3074 3059 3040 3040 3057 3057 3058 3055 3053 3049 3028 3036 3041 3021 3035 3024 3009 3006 2987 3000 3008 3014
3017 3000 3023 3018 3027 3011 3017 3013 3023 3031 3018 3002 3017 3021 3021 3014 3020 3019 3010 3021 3036 3050 3071 3067 3084 3090 3103 3094 3091 3107 3088 3096 3088 3091 3085 3087 3095 3081 3089 3094 3079 3085 3066 3057 3052 3056 3060 3055 3062 3059 3061 3048 3048 3029 3017 3018 3026 3017 3004 2999 2997 3006 2998 3016
3009 3007 2994 3003 3017 3005 2985 3004 3007 3017 3023 3021 3029 3029 3031 3020 3027 3014 3027 3040 3058 3078 3082 3088 3089 3095 3085 3088 3101 3096 3080 3084 3098 3089 3086 3079 3086 3088 3087 3091 3086 3085 3078 3088 3052 3067 3066 3069 3065 3072 3065 3049 3050 3040 3027 3012 3007 3025 3008 2993 2999 3008 3016 3007
3008 3000 3002 2996 3006 3004 3000 2993 3001 3013 3009 3027 3024 3039 3037 3029 3049 3030 3028 3061 3067 3088 3089 3079 3094 3094 3089 3096 3092 3103 3092 3094 3089 3093 3096 3093 3089 3094 3084 3083 3091 3093 3079 3071 3066 3051 3070 3082 3078 3077 3078 3054 3037 3026 3020 3010 3018 3006 3000 2990 3005 3009 3011 3026
2995 2991 3002 2991 3001 3011 3011 2990 3006 3018 3007 3014 3010 3030 3041 3031 3038 3045 3051 3056 3066 3073 3089 3087 3101 3093 3098 3085 3086 3087 3091 3083 3103 3099 3097 3100 3102 3091 3096 3085 3102 3083 3091 3085 3069 3064 3071 3070 3087 3078 3073 3058 3048 3031 3021 3009 3016 3005 2996 3000 3002 3016 3013 3028
2990 2994 3000 3003 3004 2988 3006 3021 3011 3023 3013 3009 3027 3038 3031 3037 3038 3050 3059 3063 3084 3097 3084 3095 3098 3088 3087 3088 3080 3092 3088 3082 3104 3096 3101 3086 3100 3087 3093 3081 3087 3082 3084 3078 3071 3072 3069 3075 3085 3076 3069 3074 3059 3025 3022 3004 3013 2995 2995 3000 2995 3021 3010 3033
2991 2989 3000 2988 2982 2997 2999 3003 3001 3004 2996 3012 3034 3035 3035 3034 3062 3051 3061 3068 3089 3078 3095 3085 3078 3086 3103 3089 3089 3092 3092 3104 3096 3098 3087 3097 3082 3090 3091 3091 3084 3087 3090 3091 3067 3081 3076 3083 3072 3078 3076 3076 3046 3024 3023 3015 3010 3000 3002 3003 3006 2998 3014 3035
3002 2993 3007 2992 2994 2997 2992 2989 3002 2991 2990 3016 3037 3030 3033 3029 3054 3060 3081 3078 3078 3095 3076 3077 3078 3079 3086 3093 3085 3082 3085 3079 3089 3090 3094 3090 3074 3078 3086 3085 3084 3091 3091 3080 3090 3080 3078 3070 3080 3081 3065 3079 3046 3030 3020 3007 3009 3000 3004 2991 2982 2987 3011 3020
2987 2976 2991 2992 3005 2996 2967 2983 2990 3001 2995 3015 3029 3021 3038 3048 3059 3086 3074 3079 3085 3084 3083 3064 3075 3086 3092 3096 3081 3086 3083 3087 3084 3087 3086 3092 3092 3088 3092 3080 3083 3079 3085 3085 3086 3085 3073 3083 3073 3072 3069 3063 3034 3017 3009 3010 3005 3007 3001 3000 2988 2998 2992 3012
2994 2997 2992 3004 3007 2989 2974 2982 2989 2994 3001 3016 3022 3025 3054 3050 3053 3074 3085 3089 3076 3091 3082 3079 3059 3081 3085 3085 3088 3089 3083 3089 3085 3096 3096 3101 3096 3086 3086 3081 3090 3083 3093 3075 3088 3080 3078 3079 3092 3077 3076 3053 3042 3015 3015 2999 3017 3017 3007 3019 3011 2998 2997 3009
2993 2987 2986 2997 3005 2991 2978 2982 2992 2996 3009 3007 3010 3016 3049 3054 3059 3059 3086 3081 3082 3073 3083 3085 3075 3087 3079 3075 3074 3072 3080 3092 3098 3100 3108 3090 3090 3077 3093 3092 3098 3097 3081 3081 3068 3087 3081 3086 3073 3090 3084 3061 3033 3019 3017 3005 3004 3013 3003 3011 2993 2986 3011 3021
3001 3004 2999 2989 3005 2988 2989 2996 3001 2985 2996 3008 3011 3029 3050 3059 3061 3064 3068 3075 3099 3088 3078 3076 3081 3076 3075 3078 3070 3091 3084 3091 3101 3093 3103 3102 3090 3091 3099 3079 3081 3089 3075 3078 3065 3079 3078 3083 3086 3087 3087 3060 3052 3034 3005 3009 3011 3006 3011 3005 3010 3006 3018 3022
3006 3004 2992 3008 3013 3007 3000 2999 3000 3010 2995 3008 3011 3044 3050 3066 3052 3071 3083 3072 3082 3087 3081 3086 3078 3069 3092 3087 3086 3079 3080 3085 3089 3096 3096 3098 3090 3092 3090 3087 3089 3084 3081 3088 3086 3082 3087 3080 3088 3084 3075 3065 3029 3029 3020 3026 3017 3021 3022 3017 3003 3006 3001 3033
3022 3001 3013 3011 3021 3011 3015 3004 3013 3002 3000 3018 3024 3030 3050 3053 3072 3070 3068 3069 3085 3082 3089 3085 3089 3079 3089 3085 3080 3079 3084 3096 3085 3082 3092 3087 3111 3093 3101 3093 3079 3077 3090 3096 3093 3082 3079 3080 3088 3080 3073 3069 3039 3014 3015 3022 3036 3026 3022 3012 3016 3009 3005 3021
3020 2998 3001 3001 2995 2997 2992 2979 2992 2998 3000 3016 3018 3029 3052 3051 3062 3067 3069 3073 3086 3088 3082 3090 3097 3088 3081 3076 3077 3080 3084 3091 3079 3099 3102 3095 3083 3089 3090 3095 3099 3094 3084 3091 3087 3100 3074 3084 3092 3093 3081 3057 3030 3009 3004 2989 3013 3021 3021 3015 3020 3018 3011 3006
2993 3004 3010 3009 3003 2992 2980 2985 2982 2998 2991 3017 3024 3026 3040 3049 3065 3070 3065 3069 3092 3085 3095 3073 3081 3080 3069 3081 3092 3074 3085 3095 3082 3090 3102 3104 3086 3098 3087 3095 3093 3102 3089 3090 3095 3089 3082 3081 3089 3076 3081 3059 3038 3014 3006 2993 3002 3008 3015 3027 3016 3024 3005 3000
2996 3000 2997 2996 3004 3001 2996 2993 2987 2991 2992 3003 3023 3018 3041 3067 3057 3076 3061 3073 3079 3080 3076 3090 3087 3095 3088 3076 3083 3095 3084 3080 3091 3081 3100 3100 3085 3085 3094 3096 3092 3098 3083 3083 3074 3079 3079 3106 3094 3089 3072 3052 3027 2997 2995 2982 2993 2991 3004 3004 3008 2996 2993 3011
2986 2997 3002 2994 2994 2991 2992 2998 2994 2994 2984 2994 2987 3026 3047 3054 3067 3063 3061 3080 3082 3065 3066 3083 3076 3083 3096 3094 3085 3091 3090 3097 3089 3090 3103 3098 3092 3085 3093 3093 3086 3076 3088 3086 3084 3072 3083 3088 3100 3083 3057 3059 3014 2997 2991 3015 2995 2991 3006 2999 2997 2999 2992 2995
3005 2996 2987 2980 2987 3003 3003 3002 3004 2986 2994 2993 2991 3018 3048 3051 3067 3063 3066 3062 3074 3075 3070 3065 3059 3083 3088 3097 3085 3075 3088 3080 3102 3082 3090 3087 3093 3078 3099 3103 3102 3085 3096 3090 3078 3077 3082 3069 3094 3082 3050 3044 3026 2995 3006 2998 2994 3003 2999 2981 2996 3000 2996 3008
3002 3002 2998 2995 2983 2990 2999 2996 2993 3005 3003 2998 2990 3014 3025 3055 3069 3070 3078 3078 3075 3079 3065 3074 3076 3067 3084 3098 3090 3092 3091 3095 3089 3101 3080 3095 3090 3088 3098 3096 3094 3087 3085 3092 3092 3078 3081 3087 3078 3074 3061 3044 3028 3008 2992 3006 3013 3011 2994 2990 2988 2991 3000 3020
2996 2994 2995 2992 2992 2996 2993 2996 2974 2991 3000 3010 3000 3012 3026 3043 3057 3065 3068 3070 3080 3069 3083 3083 3074 3076 3094 3092 3086 3104 3082 3088 3096 3086 3090 3085 3078 3090 3076 3100 3091 3088 3094 3092 3099 3078 3078 3079 3070 3057 3058 3037 3007 3002 2992 3001 3000 2995 2992 2992 2991 2989 3000 3005
2993 2992 2976 2990 2991 2991 2994 2993 2975 2997 3012 2991 3005 3002 3011 3027 3045 3066 3056 3069 3077 3075 3080 3083 3081 3082 3077 3083 3096 3096 3096 3097 3082 3088 3084 3090 3099 3084 3096 3088 3103 3085 3098 3105 3090 3088 3092 3072 3063 3057 3048 3040 3013 3001 2998 3002 2998 2998 2996 3001 2987 2993 3003 3000
2987 2990 2986 3003 2983 3005 2995 3000 2984 2984 2994 2995 3000 3012 3023 3032 3051 3058 3073 3063 3074 3077 3072 3068 3074 3090 3091 3071 3089 3094 3071 3087 3085 3084 3088 3094 3094 3087 3084 3095 3093 3094 3073 3087 3099 3096 3069 3082 3074 3063 3057 3029 3019 3005 2999 2984 2991 2991 2988 2996 2978 2996 3010 3002
2982 2992 2979 2998 2997 2997 3001 3002 2998 2992 2993 2976 2986 3005 3007 3030 3037 3045 3055 3062 3062 3071 3063 3072 3078 3079 3083 3079 3091 3096 3085 3082 3096 3092 3099 3083 3103 3105 3091 3090 3100 3087 3092 3101 3091 3076 3085 3071 3076 3072 3042 3022 3020 3007 3002 2988 3000 3004 3010 2995 3010 3004 3006 3003
2982 2986 2979 2991 2998 3003 2997 3020 2999 2986 2994 2978 2985 3001 2994 3007 3023 3039 3062 3082 3081 3070 3054 3059 3078 3076 3076 3076 3086 3096 3095 3086 3093 3096 3108 3101 3103 3091 3081 3089 3082 3095 3094 3096 3083 3084 3065 3066 3066 3067 3043 3016 3007 3011 3001 2997 3006 3010 3003 2991 3007 2996 2995 2996
2987 2973 2973 2989 2989 3000 3012 2998 2994 2990 2988 2997 2990 2997 3012 3001 3008 3034 3061 3065 3053 3065 3075 3066 3080 3086 3078 3075 3076 3103 3091 3092 3096 3101 3103 3085 3094 3086 3083 3103 3098 3100 3112 3095 3076 3089 3053 3060 3056 3049 3042 3027 3014 3020 3016 2996 3014 3018 2996 3004 2999 3000 2995 2995
2996 2998 2982 2994 2991 2995 2985 2999 2979 2987 2984 2990 2999 2993 2994 2999 3012 3014 3049 3074 3055 3076 3076 3060 3069 3060 3077 3074 3077 3090 3089 3089 3086 3079 3092 3092 3088 3091 3093 3076 3092 3095 3091 3075 3085 3085 3085 3067 3068 3065 3035 3020 3002 3004 2999 3013 3001 3010 2997 3000 2999 2994 2995 3001
2975 2988 2985 2986 2986 2992 2997 3005 2995 2985 2978 2974 3008 2997 2999 3002 3008 3030 3045 3056 3070 3062 3075 3086 3058 3071 3078 3092 3086 3085 3088 3095 3076 3082 3083 3091 3089 3088 3087 3087 3094 3087 3097 3086 3095 3104 3085 3080 3068 3054 3035 3010 3012 2998 2987 3001 3008 3004 2989 3012 2987 2996 3004 3005
2982 2984 2996 3006 2983 2983 2995 2995 2991 2986 2978 2991 3000 2998 2978 2996 3021 3010 3026 3045 3059 3067 3077 3074 3066 3081 3086 3080 3085 3088 3086 3091 3077 3081 3088 3095 3093 3091 3089 3089 3092 3084 3091 3095 3097 3093 3072 3079 3059 3038 3027 3015 3014 2989 3011 2995 2999 2994 2998 3001 3014 2991 2987 2995
2986 2995 2998 2996 2988 2987 3001 2991 2972 2979 2993 2975 2991 2982 2979 2991 3012 3011 3016 3038 3064 3075 3071 3071 3074 3076 3077 3091 3084 3094 3075 3095 3081 3098 3085 3100 3094 3093 3095 3077 3089 3086 3092 3086 3079 3088 3076 3078 3041 3030 3018 3020 3023 3001 3008 3003 2995 3008 2997 2998 3006 2997 3001 2993
3001 2991 2993 2994 2995 2987 2989 2994 2986 2994 2999 2987 2981 2977 2985 2996 2995 3006 3015 3023 3053 3065 3080 3087 3068 3081 3091 3075 3079 3088 3072 3080 3089 3093 3072 3092 3074 3081 3087 3087 3080 3082 3083 3093 3097 3080 3059 3050 3030 3015 3000 3011 3009 2998 3007 2990 3009 3000 3003 3009 3005 3006 3005 3004
2985 2986 2981 2975 2976 2980 2980 2986 2983 2978 2994 2974 2987 2985 2982 2989 2991 2999 2993 3024 3046 3067 3076 3077 3081 3081 3072 3066 3080 3088 3078 3081 3084 3091 3090 3061 3076 3083 3075 3084 3084 3100 3091 3084 3083 3075 3055 3039 3020 3028 3008 2999 2999 3024 3005 3009 3005 3006 3003 3014 3001 3002 3014 3000
2980 2979 2981 2981 2977 2996 2978 2970 2974 2985 2982 2992 2977 2973 2975 2993 2998 2990 2992 3024 3044 3067 3075 3063 3078 3075 3075 3080 3092 3089 3088 3075 3087 3089 3084 3089 3080 3091 3091 3093 3088 3094 3093 3087 3067 3059 3043 3017 3031 3012 3014 2997 3006 3006 2991 3008 3007 2993 3019 3030 3018 3021 3008 3000
2983 2960 2973 2975 2974 2975 2983 2989 2999 2983 3002 2989 2983 3005 2979 2994 2990 2990 2990 3020 3046 3062 3080 3074 3081 3075 3085 3069 3081 3086 3096 3081 3072 3080 3095 3093 3088 3081 3089 3097 3092 3070 3079 3071 3069 3064 3028 3014 3018 3014 3008 3008 3011 3002 3003 3001 3002 3004 3016 3025 3030 3011 3028 3020
2987 2970 2986 2978 3003 2997 2984 2984 3002 2982 2998 3000 2977 2978 2979 2987 3006 3001 3006 3028 3039 3055 3066 3078 3089 3086 3084 3093 3089 3084 3075 3098 3103 3089 3100 3090 3094 3083 3090 3098 3084 3087 3086 3078 3061 3046 3027 3022 3024 3020 3006 3001 3018 3016 3017 2998 2994 3007 3017 3023 3037 3023 3023 3029
2997 2993 2980 2975 2999 2989 2977 2987 3004 3008 2993 2987 2983 2984 2985 3002 3018 3019 3020 3020 3070 3063 3079 3074 3079 3088 3085 3091 3092 3083 3092 3088 3088 3093 3107 3093 3095 3085 3086 3098 3076 3082 3083 3082 3057 3044 3054 3018 3033 3016 3020 3020 3020 3008 3003 3013 3002 3018 3029 3029 3028 3022 3012 3023
2987 2988 2996 3002 2996 2994 2975 2990 3002 3001 3002 2998 2996 2999 2990 3010 2998 3007 3027 3032 3052 3067 3078 3073 3097 3089 3081 3097 3101 3081 3087 3081 3089 3103 3091 3091 3095 3091 3095 3091 3075 3077 3081 3072 3056 3035 3028 3031 3024 3010 3019 2997 3004 3006 3001 3002 2994 3014 3030 3032 3028 3028 3027 3014
2984 2986 2983 2992 2998 2987 2979 2994 3007 2998 3002 3002 2986 2992 2998 2995 3001 3005 3013 3028 3054 3069 3084 3092 3074 3078 3084 3093 3095 3083 3086 3090 3075 3088 3087 3083 3092 3101 3092 3085 3076 3075 3089 3076 3052 3039 3032 3040 3020 3014 3018 2998 3008 3001 3000 2994 3002 3008 3012 3026 3037 3039 3016 3024
2996 2991 2995 2989 2992 2986 2996 2999 2999 3009 2998 2985 3009 3009 2994 2998 3013 3020 3022 3034 3064 3068 3077 3086 3099 3073 3093 3088 3091 3088 3098 3091 3099 3095 3087 3083 3090 3076 3095 3080 3079 3087 3085 3077 3066 3055 3046 3028 3024 3029 3007 2999 3015 3008 3010 3011 3008 3011 3025 3033 3026 3017 3030 3034
2990 2988 2998 3004 2996 2989 2992 2994 2976 3001 2998 2997 3028 3020 3009 3024 3015 3034 3028 3054 3070 3074 3080 3082 3094 3082 3073 3085 3077 3087 3106 3096 3103 3089 3101 3100 3094 3076 3090 3095 3082 3090 3091 3078 3070 3063 3049 3049 3036 3038 3005 3004 2998 3023 3007 3016 3025 3010 3031 3031 3037 3040 3034 3044
2983 3002 3003 3005 2994 2995 3004 2990 2989 2991 2983 3009 3021 3016 3005 3017 3034 3033 3051 3058 3076 3093 3090 3088 3095 3093 3077 3093 3083 3091 3110 3091 3085 3084 3094 3090 3081 3096 3084 3101 3093 3099 3085 3088 3064 3071 3058 3049 3048 3037 3025 3020 3021 3033 3034 3021 3026 3018 3024 3016 3023 3035 3024 3025
2993 2992 2991 2994 2993 2994 2985 2989 2979 3000 2994 3021 3019 3024 3027 3048 3057 3060 3070 3088 3087 3079 3090 3090 3106 3108 3096 3090 3094 3095 3097 3089 3086 3088 3097 3093 3082 3097 3091 3090 3098 3104 3084 3082 3082 3073 3066 3054 3045 3051 3041 3034 3041 3036 3042 3040 3033 3016 3017 3020 3031 3042 3030 3018
