3060 3059 3065 3062 3051 3057 3061 3052 3058 3052 3053 3052 3044 3042 3048 3042 3041 3040 3037 3052 3029 3044 3023 3035 3032 3038 3029 3033 3029 3029 3017 3029 3025 3021 3030 3030 3023 3027 3021 3013 3017 3003 3016 3027 3016 3017 3007 3028 3023 3021 3014 3015 3014 2995 3010 3004 3005 3001 3012 3019 3012 3002 3009 2994
3060 3062 3072 3066 3048 3059 3055 3059 3051 3070 3058 3048 3032 3038 3044 3032 3034 3049 3046 3057 3038 3028 3033 3027 3042 3027 3031 3030 3052 3025 3045 3026 3036 3021 3019 3041 3022 3036 3025 3016 3020 3008 3005 3012 3015 3019 3010 3029 3030 3018 3011 3007 3011 3007 3014 3014 3012 3019 3015 3019 3014 3020 3004 3002
3065 3064 3047 3057 3052 3055 3047 3049 3051 3054 3037 3047 3041 3039 3052 3031 3034 3042 3052 3046 3042 3034 3031 3051 3042 3039 3041 3036 3046 3047 3042 3035 3034 3028 3031 3021 3031 3027 3017 3027 3019 3008 3015 3023 3017 3018 3019 3021 3012 3021 3027 3020 3014 3010 3004 3015 3013 3033 3027 3010 3019 3027 3024 3013
3055 3045 3046 3047 3055 3056 3043 3039 3042 3036 3038 3036 3042 3037 3049 3036 3034 3048 3039 3046 3038 3043 3049 3027 3030 3033 3040 3036 3043 3043 3034 3024 3046 3049 3048 3033 3031 3022 3031 3029 3038 3011 3022 3017 3026 3015 3025 3024 3015 3015 3011 3016 3020 3010 3010 3026 3027 3005 3011 3010 3007 3008 3017 3021
3041 3039 3036 3051 3054 3061 3034 3040 3049 3039 3026 3031 3040 3033 3038 3048 3037 3043 3039 3030 3038 3036 3033 3031 3018 3024 3045 3045 3045 3038 3035 3046 3046 3052 3063 3057 3050 3029 3039 3028 3014 3028 3007 3002 3021 3027 3031 3037 3026 3021 3020 3013 3013 3014 3017 3020 3011 2999 3010 2998 2996 3006 3018 3016
3029 3035 3037 3044 3043 3048 3043 3043 3032 3037 3030 3027 3034 3032 3024 3035 3035 3046 3023 3032 3034 3026 3032 3031 3027 3040 3066 3049 3057 3042 3048 3051 3045 3042 3061 3051 3057 3038 3040 3038 3018 3020 3011 3020 3022 3026 3032 3013 3030 3029 3021 3006 3010 3020 3013 3013 3013 3013 3014 3014 3011 3013 3002 3001
3049 3057 3042 3038 3027 3038 3043 3035 3026 3032 3042 3027 3022 3036 3035 3043 3039 3046 3054 3024 3030 3041 3032 3036 3044 3038 3042 3044 3050 3046 3051 3052 3052 3050 3054 3048 3061 3046 3061 3036 3035 3007 3027 3022 3016 3013 3014 3021 3018 3019 3011 3027 3018 3001 3020 3015 3021 3023 3013 2993 3027 3018 3015 3012
3004 3018 3010 3015 3021 3021 3018 3019 3018 3010 3014 3010 3012 3029 3022 3009 3027 3029 3033 3036 3036 3025 3025 3032 3048 3040 3029 3035 3035 3042 3029 3046 3044 3030 3050 3065 3040 3039 3054 3050 3044 3031 3036 3010 3015 3022 3004 3015 3014 3023 3009 3006 3002 3003 3002 3009 3018 3034 3015 3007 2992 3008 2994 3004
2971 2971 2993 2985 2992 2991 3004 2990 2990 2996 2992 3003 3014 3017 2993 3015 3023 3017 3024 3022 3026 3012 3034 3027 3041 3029 3026 3014 3015 3032 3026 3041 3030 3048 3046 3036 3022 3034 3038 3035 3022 3023 3021 3050 3030 3006 3005 3000 3016 3004 3028 3017 3007 3002 2988 2986 2999 3018 3005 3003 2992 2984 2993 2989
2975 2979 2979 2983 2986 2978 2993 2995 2993 2997 2987 3007 3005 3014 3005 3008 3009 3023 3022 3017 3027 3017 3026 3035 3026 3027 3027 3018 3028 3038 3037 3031 3044 3056 3046 3042 3031 3031 3040 3028 3025 3032 3047 3042 3036 3032 3019 3024 3014 3024 3009 3012 3024 3008 3003 3008 2989 2994 3005 3004 2989 2982 2996 3003
2979 2978 2982 2969 2987 2983 2978 2987 3025 3008 3002 3006 3017 3012 3013 3016 3009 3030 3020 3015 3023 3026 3021 3031 3030 3030 3023 3020 3036 3036 3036 3052 3053 3057 3043 3037 3031 3033 3045 3030 3044 3032 3037 3033 3029 3037 3021 3028 3024 3027 3012 3015 3017 3009 2997 3007 3006 2991 2998 2987 3004 3012 2988 3009
2976 2969 2986 2979 2977 2983 2989 2983 3012 3001 2997 3000 3019 3013 3021 3028 3005 3018 3006 3013 3032 3025 3025 3017 3025 3038 3026 3033 3035 3044 3059 3053 3057 3051 3049 3041 3033 3037 3036 3043 3046 3047 3041 3037 3042 3052 3040 3043 3039 3019 3029 3007 3021 3022 3011 3001 3000 3000 2990 2992 3004 2995 3005 3001
2966 2975 2977 2992 2982 2991 2999 2997 3006 2992 2994 2993 3018 3025 3016 3023 3034 3024 3015 3013 3020 3022 3017 3023 3012 3021 3033 3040 3040 3047 3057 3046 3043 3059 3051 3044 3032 3040 3032 3026 3040 3039 3022 3041 3032 3053 3060 3052 3042 3041 3013 3007 3027 3013 3011 3005 3011 3004 3013 3012 3008 2983 2988 3006
2979 2985 2977 2983 2984 2995 3001 2991 3000 2997 2990 3005 3014 3025 3026 3033 3025 3041 3031 3030 3026 3027 3024 3029 3041 3039 3037 3041 3037 3049 3065 3053 3053 3059 3054 3053 3023 3026 3034 3032 3046 3040 3033 3041 3038 3048 3049 3051 3056 3047 3029 3012 3031 3012 3012 3009 3016 3010 3019 3004 3006 2993 3000 2983
2988 2988 2980 2981 2997 2983 2992 3003 3001 3015 3020 3015 3013 3019 3022 3028 3026 3047 3041 3052 3030 3036 3038 3021 3028 3049 3046 3044 3052 3050 3051 3053 3060 3046 3058 3060 3034 3038 3027 3038 3033 3034 3034 3052 3052 3059 3051 3059 3051 3054 3046 3038 3027 3026 3016 2996 3020 3010 3000 3008 3008 3014 3001 2995
3001 3002 3004 2992 2991 2998 2987 3000 3002 2997 3025 3019 3024 3024 3027 3036 3021 3033 3044 3050 3036 3036 3010 3035 3026 3042 3043 3046 3050 3071 3061 3071 3059 3064 3072 3049 3043 3039 3038 3047 3024 3043 3040 3033 3038 3031 3040 3042 3051 3046 3048 3031 3033 3025 3017 2997 3016 3015 3010 2999 3016 3006 3006 2997
3025 2996 3009 3011 3007 3010 3010 3014 3020 3019 3026 3023 3031 3031 3023 3039 3033 3041 3029 3009 3029 3024 3021 3034 3021 3027 3034 3061 3057 3070 3066 3061 3073 3079 3070 3060 3053 3049 3040 3035 3034 3035 3042 3034 3033 3042 3033 3050 3036 3042 3042 3032 3035 3017 3007 3011 3005 3008 3017 3009 2989 3007 3010 3023
3015 3008 3020 3010 3012 2999 3009 3024 3024 3028 3029 3034 3035 3034 3044 3038 3039 3034 3025 3023 3018 3033 3036 3036 3034 3036 3036 3048 3063 3063 3067 3075 3064 3062 3064 3065 3047 3046 3047 3036 3022 3027 3031 3034 3037 3033 3042 3038 3044 3053 3045 3031 3025 3013 3024 3031 3019 3008 3004 3002 2992 2997 3006 3013
3004 3010 3019 3016 3017 3019 3007 3023 3030 3030 3027 3032 3040 3053 3054 3049 3044 3036 3021 3029 3034 3036 3047 3040 3026 3052 3045 3048 3062 3075 3081 3079 3086 3081 3056 3050 3069 3049 3039 3035 3029 3036 3038 3035 3040 3050 3050 3049 3041 3043 3048 3038 3038 3027 3025 3022 3015 3006 3017 3002 2996 3003 2999 3018
3003 3011 3020 3032 3021 3027 3016 3021 3034 3033 3027 3033 3038 3032 3046 3054 3050 3027 3027 3027 3035 3043 3032 3028 3037 3032 3054 3053 3066 3089 3094 3073 3085 3064 3070 3059 3043 3044 3037 3029 3033 3031 3037 3032 3042 3051 3037 3035 3062 3037 3048 3049 3035 3026 3028 3013 3009 3011 2997 2993 3003 3011 3009 3006
3003 3004 3006 3009 3029 3018 3021 3014 3040 3035 3025 3031 3034 3050 3040 3037 3036 3036 3031 3035 3032 3026 3032 3030 3037 3039 3044 3056 3069 3064 3076 3088 3076 3085 3071 3058 3054 3039 3050 3042 3049 3035 3035 3034 3042 3049 3054 3056 3039 3040 3053 3045 3027 3026 3015 3019 3006 3016 3020 3002 3014 3023 3006 3013
3018 3016 3022 3016 3025 3021 3031 3034 3024 3035 3040 3026 3034 3037 3045 3036 3046 3038 3026 3049 3038 3040 3038 3034 3029 3033 3051 3067 3091 3090 3076 3082 3076 3083 3078 3084 3066 3053 3044 3058 3045 3050 3030 3042 3031 3041 3049 3047 3044 3050 3045 3044 3037 3034 3023 3026 3032 3042 3014 2999 3007 3017 3014 3017
3018 3020 3030 3031 3030 3034 3033 3033 3037 3055 3050 3038 3041 3023 3039 3045 3031 3030 3033 3042 3044 3047 3047 3033 3038 3042 3067 3091 3082 3104 3083 3072 3067 3092 3088 3070 3051 3043 3045 3046 3053 3040 3038 3043 3054 3043 3057 3057 3050 3062 3051 3051 3041 3059 3049 3036 3048 3032 3041 3029 3021 3030 3035 3033
3004 3020 3026 3025 3021 3035 3041 3026 3050 3029 3038 3040 3045 3030 3044 3044 3039 3039 3032 3037 3047 3047 3034 3044 3043 3068 3074 3090 3088 3100 3075 3078 3093 3084 3087 3071 3070 3059 3054 3040 3045 3041 3041 3050 3049 3038 3031 3040 3057 3060 3070 3053 3050 3046 3041 3046 3030 3036 3025 3005 3023 3005 3031 3035
3001 2999 3006 3018 3025 3021 3020 3022 3029 3023 3024 3037 3042 3047 3036 3044 3042 3029 3027 3041 3050 3040 3049 3040 3056 3070 3084 3098 3090 3090 3085 3087 3072 3092 3089 3083 3087 3061 3051 3047 3049 3037 3053 3044 3064 3064 3044 3044 3052 3063 3058 3063 3056 3044 3040 3042 3029 3017 3032 3002 3002 3000 3022 3023
3005 3004 3004 3008 3023 3022 3025 3021 3027 3033 3031 3035 3057 3047 3045 3051 3053 3048 3035 3037 3047 3047 3047 3052 3064 3079 3086 3094 3085 3094 3089 3077 3089 3078 3098 3097 3078 3060 3056 3049 3047 3050 3047 3049 3060 3065 3050 3050 3070 3067 3059 3061 3048 3041 3033 3028 3027 3010 2996 2991 3005 3001 3010 3021
3004 3016 2996 3010 3017 3013 3001 3012 3029 3041 3035 3052 3048 3045 3049 3040 3053 3050 3046 3045 3058 3043 3030 3050 3064 3083 3102 3103 3109 3092 3099 3087 3080 3104 3089 3079 3075 3068 3058 3054 3056 3048 3055 3060 3061 3075 3064 3058 3079 3080 3076 3064 3043 3041 3022 3014 3019 3019 3000 3004 3004 3015 3016 3039
3021 2999 3011 3003 3012 3012 3004 3008 3014 3028 3052 3057 3049 3053 3054 3051 3055 3053 3055 3050 3049 3057 3049 3054 3077 3082 3097 3108 3096 3090 3097 3097 3100 3090 3093 3096 3079 3065 3056 3049 3044 3052 3064 3065 3081 3072 3074 3057 3080 3076 3058 3046 3039 3037 3016 3000 3013 3017 3003 2993 2996 3020 3014 3030
3013 3013 3010 3008 3016 3001 3004 3003 3026 3035 3037 3043 3052 3069 3046 3047 3072 3059 3074 3051 3060 3044 3056 3065 3085 3084 3094 3103 3086 3085 3087 3093 3101 3088 3086 3071 3067 3079 3058 3069 3053 3042 3071 3083 3072 3080 3071 3069 3074 3073 3072 3036 3036 3016 3013 3009 3022 3017 3007 3004 3023 3031 3011 3014
3003 3013 3002 3013 3004 3009 2999 3007 3010 3019 3026 3055 3054 3055 3049 3064 3073 3076 3073 3054 3073 3066 3062 3080 3080 3081 3097 3098 3092 3093 3098 3092 3115 3118 3097 3085 3074 3067 3060 3070 3055 3069 3068 3077 3080 3096 3090 3089 3083 3091 3059 3049 3034 3027 3016 3011 3015 3021 3023 3012 3004 3025 3018 3008
3007 3008 3004 3006 3005 3005 3006 3004 3013 3016 3023 3037 3057 3065 3059 3065 3088 3086 3083 3080 3082 3085 3088 3080 3087 3078 3098 3082 3098 3101 3101 3095 3096 3113 3091 3108 3085 3084 3086 3079 3081 3072 3082 3089 3088 3089 3088 3099 3096 3094 3070 3043 3024 3014 3018 2997 3010 3011 3020 3012 3021 3019 3020 3021
2999 3018 2993 3012 3003 3006 3001 3007 3010 3015 3017 3036 3067 3068 3060 3077 3085 3092 3078 3082 3103 3082 3076 3088 3079 3090 3083 3095 3097 3101 3104 3107 3102 3113 3080 3102 3113 3100 3099 3087 3086 3096 3091 3101 3080 3087 3091 3093 3093 3082 3061 3037 3031 3018 2996 3002 3011 3019 3011 3016 3018 3018 3009 3015
3022 3011 2993 3024 3002 3011 3015 2994 3014 3003 3003 3026 3056 3060 3068 3094 3100 3093 3095 3076 3081 3084 3084 3082 3088 3086 3095 3094 3100 3108 3091 3099 3095 3115 3111 3105 3102 3093 3102 3092 3082 3086 3093 3112 3096 3091 3088 3089 3088 3098 3063 3028 3016 3004 3009 3014 3007 3020 3008 3005 3011 3009 3014 3025
3018 3019 3004 3001 3019 3001 3006 2997 3016 3016 3010 3035 3046 3062 3087 3097 3098 3086 3094 3089 3097 3087 3083 3100 3082 3095 3077 3094 3080 3100 3100 3107 3101 3110 3104 3100 3094 3105 3113 3100 3093 3089 3088 3095 3083 3089 3096 3087 3087 3083 3051 3031 3025 3013 3012 3023 3005 3014 3010 3005 3009 3005 3013 3023
3025 3035 3013 3015 3022 3021 3026 3017 3008 3020 3017 3041 3064 3075 3069 3086 3090 3092 3095 3100 3102 3094 3082 3083 3091 3083 3092 3101 3091 3092 3103 3092 3100 3095 3114 3109 3102 3107 3110 3107 3099 3095 3102 3089 3081 3092 3082 3095 3089 3081 3057 3045 3040 3030 3027 3024 3011 3031 3024 3017 3013 3013 3027 3025
3033 3015 2998 3020 3018 3009 3010 3016 3023 3026 3034 3051 3061 3065 3085 3088 3087 3094 3098 3089 3094 3092 3090 3095 3089 3079 3093 3095 3102 3098 3094 3101 3105 3093 3112 3109 3110 3104 3099 3094 3113 3108 3097 3101 3095 3068 3093 3078 3090 3085 3064 3040 3031 3021 3030 3023 3023 3015 3025 3020 3013 3003 3027 3023
3005 3007 3010 3006 3000 3004 3019 3003 3023 3011 3009 3041 3061 3074 3083 3081 3077 3082 3084 3084 3083 3090 3086 3088 3082 3083 3085 3085 3095 3111 3106 3092 3113 3102 3106 3096 3107 3097 3104 3100 3096 3102 3096 3095 3084 3084 3090 3092 3095 3089 3073 3058 3040 3015 3014 3020 3012 3026 3023 3001 3018 3010 3015 3043
2989 2993 3005 3000 3003 2996 3008 3015 3014 3016 3003 3035 3074 3078 3088 3076 3072 3071 3085 3088 3084 3086 3100 3101 3081 3077 3092 3080 3095 3095 3092 3104 3107 3100 3095 3116 3092 3105 3094 3097 3094 3110 3080 3086 3101 3099 3102 3088 3090 3095 3060 3031 3039 3022 3013 3022 3015 3023 3021 3002 3004 3017 3025 3019
3003 3005 3006 2998 3011 3016 3003 3005 3013 3005 3019 3032 3051 3092 3081 3082 3074 3072 3075 3082 3079 3097 3101 3097 3089 3092 3092 3089 3093 3098 3083 3095 3098 3100 3102 3100 3099 3090 3097 3100 3106 3097 3101 3090 3099 3094 3083 3080 3075 3080 3057 3033 3029 3009 3012 3009 3015 3008 3015 3000 3010 3016 3000 3002
3013 3011 3001 3005 3007 3006 2991 3009 3012 3018 3019 3034 3054 3067 3073 3081 3072 3070 3087 3079 3095 3091 3099 3090 3093 3099 3095 3095 3092 3093 3082 3085 3102 3117 3111 3089 3087 3109 3096 3091 3099 3105 3088 3092 3089 3097 3093 3090 3092 3088 3055 3027 3019 3015 3017 3015 3005 3014 3013 3010 3008 3013 2999 3011
2999 2996 2986 2990 3002 3006 3001 3005 3004 3004 3012 3022 3041 3057 3076 3083 3088 3088 3083 3086 3076 3088 3084 3094 3080 3090 3092 3090 3103 3101 3100 3108 3115 3100 3117 3085 3106 3079 3099 3115 3101 3105 3102 3105 3100 3087 3094 3079 3095 3078 3052 3040 3017 3024 3010 3018 3005 3009 3008 3005 2997 3011 3015 3013
3001 2994 3005 2989 2995 3000 3014 3007 3024 3011 3001 3021 3023 3044 3061 3071 3098 3087 3078 3083 3080 3084 3111 3093 3091 3099 3096 3100 3103 3088 3086 3095 3115 3111 3094 3106 3109 3109 3098 3108 3083 3099 3104 3089 3100 3096 3091 3077 3083 3070 3036 3026 3023 3023 3018 3019 3022 3021 3019 3016 3017 2989 3012 3021
3009 3001 3016 2998 2995 3007 3008 3005 2996 3020 3002 3008 3024 3044 3052 3081 3078 3081 3085 3081 3077 3083 3086 3086 3103 3094 3103 3099 3102 3109 3098 3097 3094 3105 3106 3093 3108 3097 3089 3090 3102 3107 3099 3101 3095 3092 3093 3083 3070 3076 3056 3023 3013 3021 3012 2990 3007 3009 3017 3018 3004 2994 3011 3012
2998 3002 3011 3009 3006 3008 3017 3003 2993 2997 3007 3018 3025 3031 3045 3073 3078 3069 3078 3073 3078 3084 3095 3090 3098 3090 3089 3101 3102 3092 3089 3097 3115 3110 3102 3109 3099 3093 3091 3093 3094 3094 3089 3104 3098 3084 3085 3067 3094 3072 3042 3030 3016 3026 3005 2992 3002 3006 3016 3021 3027 3021 3010 3028
2998 3002 3001 2992 3004 3003 3019 3011 3000 3002 3012 3011 3013 3031 3050 3051 3078 3063 3076 3078 3089 3082 3093 3095 3087 3094 3098 3095 3105 3106 3099 3092 3103 3104 3106 3103 3102 3097 3106 3099 3098 3110 3090 3090 3088 3103 3088 3083 3061 3082 3042 3016 3033 3018 3021 3015 3011 3014 3019 3008 3028 3019 3017 3009
3003 2992 3001 2981 3000 3008 2996 3002 2986 2999 3010 3006 3008 3030 3042 3063 3065 3079 3079 3084 3079 3076 3085 3077 3079 3098 3092 3092 3095 3102 3091 3084 3103 3096 3104 3106 3104 3102 3088 3099 3111 3097 3090 3085 3108 3090 3086 3078 3078 3079 3044 3021 3024 3011 3008 3015 3001 3011 3003 2995 2993 3021 3022 3013
3016 3001 3012 3001 2993 2993 2989 2992 2976 2995 2993 3001 3009 3014 3040 3060 3072 3070 3068 3073 3071 3093 3081 3096 3087 3092 3099 3093 3101 3100 3089 3096 3100 3110 3101 3099 3101 3088 3085 3099 3102 3087 3095 3094 3096 3091 3092 3079 3077 3063 3043 3030 3015 3017 3000 3016 3005 3012 3008 2997 2997 3005 3011 3009
3006 3008 2993 2998 2983 2979 3003 3000 2995 3005 3009 3000 3003 3030 3033 3047 3055 3082 3081 3078 3086 3076 3086 3097 3075 3094 3109 3093 3099 3106 3104 3099 3117 3105 3112 3100 3097 3090 3089 3096 3098 3099 3094 3105 3102 3092 3076 3078 3074 3056 3039 3026 3022 3007 2994 2999 3013 3022 2998 2989 3002 3007 3001 3013
2998 3015 3014 2991 3000 3007 2995 2986 2992 2997 2993 2999 2992 3005 3021 3036 3045 3059 3070 3082 3079 3066 3075 3091 3088 3090 3105 3104 3091 3095 3097 3097 3102 3115 3110 3096 3097 3099 3082 3093 3096 3073 3113 3106 3101 3081 3079 3085 3070 3053 3038 3031 3009 3006 3014 3005 3007 3002 3004 3008 2994 2995 3010 3004
2983 3008 3004 3001 3001 2990 3007 3001 2997 2995 2996 2989 2996 3015 3014 3026 3047 3057 3072 3082 3085 3090 3081 3078 3088 3097 3103 3107 3089 3099 3097 3091 3099 3107 3099 3081 3090 3088 3087 3091 3089 3091 3093 3114 3091 3087 3081 3061 3057 3039 3021 3021 3015 3010 3005 2999 2997 3001 3001 3010 3005 2987 3004 3022
3001 3002 2997 2995 3000 2999 3006 3015 3001 2998 2997 2983 3008 3004 3014 3027 3024 3041 3072 3088 3082 3093 3078 3079 3079 3091 3112 3118 3105 3097 3092 3087 3099 3104 3107 3092 3099 3091 3101 3090 3093 3089 3091 3099 3094 3102 3077 3078 3044 3031 3036 3017 3015 3003 3009 2992 2996 3010 2999 3014 3013 3013 3005 3015
2977 2999 2995 2988 2992 3006 3003 2997 2997 3006 2999 3003 3018 3005 3011 3014 3023 3037 3055 3079 3080 3089 3084 3086 3096 3091 3099 3107 3110 3101 3095 3091 3096 3096 3099 3113 3095 3093 3093 3108 3104 3084 3109 3090 3098 3095 3074 3062 3052 3020 3008 3009 3010 3006 2999 3009 3003 3010 3001 3012 3016 3013 3003 3016
2998 2999 3002 3009 3009 2992 2996 2987 2970 2990 2991 2995 2994 3017 3006 3011 3007 3027 3055 3062 3078 3095 3089 3100 3087 3099 3093 3097 3096 3107 3099 3088 3093 3097 3099 3096 3100 3095 3088 3089 3097 3092 3105 3105 3101 3090 3077 3061 3037 3026 3017 3017 3016 3009 3010 3007 3011 3017 3035 3018 3015 3017 3020 3008
2999 2987 2997 3009 3007 3002 2997 2983 2984 2987 2998 2993 2985 3001 2999 3000 3021 3018 3031 3074 3069 3078 3089 3104 3092 3091 3094 3091 3102 3109 3111 3095 3079 3090 3101 3091 3094 3079 3092 3085 3094 3092 3101 3112 3102 3073 3054 3049 3034 3028 3014 3026 3029 3024 3016 3019 3011 3024 3012 3006 3024 3019 3019 3029
2997 3001 3001 3012 3007 3000 2999 2992 2980 2984 2999 3009 2991 2990 3007 3010 3013 3011 3024 3050 3064 3067 3093 3082 3083 3096 3085 3099 3097 3100 3088 3102 3091 3094 3093 3110 3097 3084 3099 3094 3095 3098 3102 3095 3088 3072 3059 3038 3030 3025 3029 3027 3023 3006 3008 3015 3008 3015 3019 3012 3016 3017 3038 3023
2989 2988 3003 3006 2998 2993 2992 2990 2991 2995 2991 2994 2988 2992 3024 3002 3002 3024 3016 3048 3067 3068 3077 3082 3103 3091 3082 3096 3098 3100 3102 3086 3095 3097 3100 3101 3092 3089 3100 3102 3095 3112 3092 3078 3069 3063 3035 3017 3025 3019 3023 3022 3024 3032 3016 3009 3001 3010 3029 3029 3024 3027 3018 3014
3005 3000 2994 3002 3012 3004 3004 2989 2993 3006 2989 2999 3012 3000 3018 3015 3011 3022 3016 3047 3070 3083 3079 3092 3101 3091 3101 3102 3100 3103 3100 3113 3085 3099 3101 3095 3101 3100 3106 3097 3101 3108 3085 3077 3078 3061 3038 3033 3025 3006 3012 3027 3022 3020 3035 3012 3008 3021 3028 3030 3039 3025 3035 3031
3019 3013 3017 3015 3009 3004 3013 3010 3015 2993 2975 3001 3006 3017 3016 3022 3024 3017 3039 3048 3080 3081 3100 3076 3094 3104 3104 3107 3106 3102 3113 3099 3109 3104 3106 3088 3109 3098 3109 3107 3097 3088 3090 3079 3072 3038 3052 3042 3023 3013 3012 3016 3022 3041 3018 3011 3020 3013 3036 3047 3040 3024 3021 3033
3015 3013 3014 3012 3009 2998 2994 3008 3011 3000 3006 3014 3013 3015 3025 3021 3016 3016 3039 3056 3083 3103 3091 3097 3094 3094 3098 3094 3098 3111 3114 3095 3092 3095 3101 3104 3111 3097 3101 3102 3088 3084 3092 3085 3059 3056 3045 3035 3014 3022 3024 3023 3017 3018 3009 3006 3010 3011 3030 3040 3032 3026 3028 3032
3011 3014 3016 3018 3003 2994 2990 3004 3011 3012 3006 3014 3012 3022 3011 3016 3016 3020 3025 3053 3076 3088 3103 3089 3098 3093 3071 3091 3100 3101 3115 3094 3104 3106 3104 3097 3098 3097 3107 3086 3089 3087 3086 3088 3045 3053 3034 3028 3041 3028 3029 3018 3023 3018 3018 2998 2998 3004 3017 3029 3038 3028 3031 3028
3014 3006 3007 3010 3019 3003 3008 3010 3001 3004 3015 3023 3008 3017 3023 3025 3026 3015 3017 3044 3085 3100 3086 3089 3096 3091 3095 3094 3097 3105 3112 3109 3104 3105 3100 3099 3096 3089 3097 3094 3115 3114 3091 3079 3058 3036 3043 3036 3020 3026 3018 3003 3024 3017 3014 3003 3008 3006 3017 3019 3014 3011 3024 3023
3001 3003 2990 3001 3019 3009 3005 3007 3011 3012 3021 3022 3022 3023 3026 3022 3020 3028 3037 3049 3076 3090 3092 3099 3098 3089 3075 3095 3095 3097 3104 3114 3099 3083 3107 3096 3104 3113 3102 3100 3106 3097 3092 3070 3065 3043 3036 3027 3038 3035 3032 3017 3010 3004 3006 3013 3003 3008 3016 3014 3016 3038 3029 3018
3009 3006 3003 2999 3009 3004 2990 2994 3009 3019 3021 3016 3016 3029 3038 3036 3043 3046 3042 3060 3091 3092 3088 3099 3087 3109 3093 3100 3103 3100 3099 3105 3106 3099 3109 3099 3103 3088 3094 3099 3108 3106 3088 3081 3075 3050 3053 3045 3032 3041 3029 3031 3015 3020 3019 3018 3022 3029 3032 3029 3032 3015 3016 3032
3001 2993 2992 2989 2988 2998 3002 3016 3034 3024 3024 3008 3010 3022 3044 3041 3035 3049 3084 3079 3091 3098 3101 3088 3100 3093 3093 3099 3089 3089 3099 3104 3096 3113 3102 3094 3097 3110 3088 3089 3094 3092 3089 3081 3085 3061 3062 3046 3053 3051 3047 3041 3029 3037 3053 3041 3038 3043 3029 3039 3043 3021 3030 3032
