3046 3055 3065 3057 3050 3048 3047 3051 3055 3048 3039 3044 3052 3050 3047 3039 3030 3024 3019 3025 3036 3033 3023 3024 3030 3029 3025 3020 3014 3014 3020 3022 3022 3021 3022 3024 3026 3027 3027 3026 3022 3023 3033 3035 3024 3017 3019 3022 3027 3032 3030 3026 3019 3012 3010 3007 2997 2989 3000 3009 2994 2981 3002 3023
3046 3051 3056 3051 3044 3044 3044 3047 3049 3043 3036 3039 3044 3043 3041 3034 3024 3021 3021 3025 3031 3029 3022 3022 3025 3024 3021 3020 3020 3022 3026 3028 3027 3027 3029 3029 3029 3031 3034 3034 3031 3031 3035 3036 3032 3029 3029 3029 3030 3030 3028 3024 3019 3014 3011 3008 3004 3000 3004 3007 3001 2995 3005 3015
3045 3047 3048 3044 3039 3040 3041 3042 3043 3038 3033 3034 3037 3036 3035 3028 3019 3019 3023 3025 3027 3025 3021 3020 3020 3019 3018 3020 3026 3030 3032 3033 3033 3034 3035 3035 3033 3034 3040 3043 3040 3038 3037 3037 3040 3041 3039 3037 3033 3029 3026 3022 3019 3015 3012 3009 3010 3011 3008 3005 3007 3009 3008 3006
3047 3043 3039 3040 3041 3040 3039 3039 3039 3040 3040 3039 3036 3035 3033 3028 3022 3020 3019 3021 3024 3023 3019 3020 3024 3025 3024 3028 3035 3037 3034 3035 3039 3040 3037 3035 3035 3038 3043 3046 3047 3047 3046 3044 3042 3040 3039 3037 3036 3035 3033 3031 3026 3021 3016 3013 3014 3015 3013 3010 3007 3004 3006 3008
3050 3039 3029 3035 3042 3040 3037 3036 3034 3041 3048 3044 3036 3033 3031 3028 3025 3020 3014 3016 3022 3021 3017 3020 3028 3032 3032 3036 3045 3044 3036 3036 3045 3046 3038 3035 3037 3041 3045 3049 3053 3055 3055 3052 3045 3039 3038 3037 3039 3041 3041 3040 3033 3026 3021 3017 3018 3019 3017 3015 3007 2999 3004 3010
3051 3040 3028 3033 3038 3038 3037 3033 3029 3036 3045 3043 3039 3035 3030 3026 3022 3021 3021 3022 3024 3020 3014 3019 3031 3034 3032 3036 3043 3042 3033 3032 3039 3040 3037 3038 3046 3050 3050 3051 3052 3052 3050 3048 3046 3044 3044 3044 3043 3042 3043 3042 3036 3030 3023 3018 3015 3013 3013 3013 3008 3005 3007 3010
3053 3041 3028 3031 3033 3035 3037 3031 3024 3031 3040 3042 3043 3036 3029 3023 3019 3022 3029 3029 3026 3019 3010 3018 3033 3037 3033 3035 3041 3039 3030 3027 3032 3034 3035 3042 3055 3061 3056 3052 3050 3048 3045 3044 3046 3049 3051 3052 3046 3042 3044 3044 3039 3033 3026 3018 3012 3007 3008 3009 3010 3011 3011 3010
3014 3007 2999 3003 3007 3011 3015 3008 3000 3009 3020 3023 3026 3020 3013 3010 3007 3010 3016 3017 3017 3013 3008 3013 3023 3027 3028 3030 3033 3032 3027 3026 3029 3032 3035 3041 3049 3052 3050 3047 3041 3037 3036 3035 3037 3039 3041 3043 3041 3041 3044 3046 3041 3035 3028 3020 3013 3007 3007 3007 3009 3011 3008 3006
2971 2969 2967 2972 2977 2984 2991 2984 2975 2985 2998 3003 3007 3003 2997 2995 2995 2997 3000 3003 3006 3007 3005 3008 3011 3017 3023 3025 3024 3024 3025 3025 3026 3029 3035 3039 3040 3042 3044 3041 3032 3026 3026 3026 3026 3027 3029 3032 3035 3040 3045 3049 3043 3037 3030 3023 3015 3008 3006 3005 3007 3009 3005 3001
2971 2967 2963 2968 2974 2980 2986 2982 2978 2982 2988 2993 2998 2995 2990 2988 2988 2987 2987 2992 2998 3001 3002 3005 3009 3015 3021 3023 3021 3022 3026 3029 3031 3032 3034 3036 3039 3041 3041 3038 3032 3027 3027 3027 3028 3028 3029 3032 3037 3042 3045 3047 3043 3038 3030 3023 3020 3017 3014 3012 3014 3015 3011 3006
2977 2970 2962 2968 2974 2978 2983 2984 2986 2983 2979 2984 2991 2989 2986 2983 2981 2979 2975 2981 2990 2995 2998 3002 3008 3014 3020 3022 3019 3021 3028 3033 3036 3036 3033 3034 3039 3041 3038 3036 3033 3031 3030 3029 3030 3031 3032 3033 3040 3045 3046 3046 3043 3039 3031 3023 3026 3028 3024 3020 3021 3022 3018 3014
2975 2972 2969 2972 2975 2977 2979 2980 2982 2979 2974 2980 2987 2986 2984 2985 2987 2983 2978 2980 2986 2991 2996 3003 3012 3018 3021 3024 3024 3026 3029 3033 3036 3037 3035 3035 3037 3037 3035 3034 3035 3033 3029 3027 3029 3034 3043 3050 3050 3050 3048 3046 3046 3044 3036 3029 3029 3029 3029 3029 3026 3024 3021 3017
2972 2974 2976 2977 2978 2976 2974 2975 2977 2974 2970 2976 2983 2984 2983 2988 2994 2990 2983 2982 2983 2987 2994 3004 3017 3022 3023 3026 3032 3033 3030 3031 3035 3037 3038 3037 3034 3032 3032 3034 3036 3035 3027 3023 3027 3036 3057 3070 3062 3056 3050 3046 3049 3050 3042 3035 3031 3028 3033 3038 3032 3026 3023 3020
2968 2969 2970 2971 2972 2973 2974 2976 2978 2976 2973 2975 2977 2977 2977 2980 2984 2984 2981 2983 2986 2991 2998 3006 3015 3021 3025 3029 3033 3033 3029 3029 3033 3036 3037 3036 3032 3031 3032 3034 3035 3035 3029 3026 3030 3039 3061 3074 3065 3057 3052 3048 3050 3050 3042 3034 3033 3032 3032 3032 3030 3027 3021 3014
2965 2963 2961 2963 2965 2970 2975 2978 2980 2979 2978 2975 2971 2970 2970 2970 2971 2974 2978 2984 2991 2997 3003 3008 3011 3018 3026 3031 3033 3031 3027 3027 3031 3034 3034 3034 3031 3031 3033 3034 3034 3033 3031 3030 3034 3043 3063 3075 3066 3057 3053 3051 3051 3050 3040 3032 3035 3037 3029 3022 3026 3029 3017 3006
2969 2969 2968 2969 2970 2976 2983 2986 2989 2985 2979 2978 2977 2975 2974 2974 2973 2976 2981 2986 2991 2996 3001 3007 3014 3020 3025 3030 3034 3033 3029 3029 3031 3034 3037 3037 3033 3031 3032 3033 3032 3033 3035 3039 3046 3055 3070 3079 3070 3062 3057 3052 3047 3042 3040 3038 3036 3034 3028 3023 3026 3029 3020 3011
2976 2978 2980 2979 2979 2986 2993 2996 2999 2990 2980 2982 2986 2985 2983 2981 2979 2982 2986 2988 2989 2993 2997 3006 3018 3023 3024 3028 3036 3037 3034 3032 3032 3035 3041 3042 3035 3032 3032 3032 3031 3033 3040 3048 3059 3069 3078 3083 3075 3068 3061 3054 3042 3033 3040 3046 3037 3028 3028 3027 3028 3029 3025 3021
2985 2985 2986 2984 2982 2989 2998 2999 3000 2993 2983 2986 2991 2989 2985 2984 2984 2985 2986 2988 2990 2992 2994 3005 3021 3028 3029 3033 3039 3041 3040 3038 3037 3040 3047 3047 3040 3035 3034 3034 3033 3037 3049 3060 3068 3075 3079 3080 3073 3067 3060 3052 3042 3035 3041 3046 3039 3033 3033 3034 3032 3030 3026 3023
2995 2992 2989 2986 2983 2992 3001 3000 2999 2994 2988 2991 2994 2991 2985 2986 2989 2988 2985 2987 2990 2991 2991 3004 3024 3034 3037 3040 3043 3045 3046 3046 3044 3046 3053 3053 3045 3039 3037 3036 3036 3042 3059 3071 3075 3078 3076 3074 3069 3063 3056 3049 3045 3041 3043 3044 3042 3040 3041 3042 3036 3031 3027 3023
2997 2997 2997 2993 2988 2996 3006 3005 3002 2999 2996 2997 2999 2995 2990 2991 2994 2991 2985 2986 2989 2991 2992 3004 3022 3034 3042 3046 3047 3050 3053 3055 3056 3058 3063 3063 3055 3051 3050 3049 3048 3053 3067 3077 3078 3079 3077 3075 3070 3064 3057 3050 3046 3042 3045 3048 3047 3046 3045 3044 3038 3032 3029 3025
2996 3002 3007 3001 2994 3002 3011 3010 3008 3007 3006 3005 3004 3000 2996 2996 2998 2993 2985 2985 2988 2991 2994 3004 3017 3031 3046 3052 3051 3054 3061 3066 3069 3072 3075 3074 3068 3065 3066 3065 3064 3066 3074 3079 3080 3080 3079 3078 3074 3069 3061 3053 3046 3042 3049 3055 3053 3052 3048 3044 3039 3033 3031 3029
2991 2997 3003 2998 2992 2998 3004 3002 3000 3001 3004 3003 3001 2997 2993 2992 2992 2990 2987 2988 2991 2993 2995 3004 3015 3031 3049 3056 3055 3059 3067 3073 3076 3078 3077 3077 3076 3075 3074 3072 3070 3070 3075 3078 3080 3082 3083 3082 3079 3074 3065 3057 3054 3052 3059 3065 3058 3052 3044 3036 3032 3028 3027 3026
2983 2988 2993 2990 2988 2989 2990 2988 2985 2990 2996 2996 2994 2990 2986 2983 2981 2984 2990 2993 2995 2996 2996 3003 3015 3031 3051 3059 3058 3063 3073 3078 3080 3079 3076 3077 3081 3082 3079 3075 3072 3070 3073 3076 3081 3085 3087 3087 3084 3080 3070 3062 3064 3067 3073 3077 3063 3049 3036 3025 3022 3020 3020 3019
2987 2988 2990 2990 2991 2990 2990 2988 2985 2988 2991 2993 2994 2992 2989 2985 2980 2986 2996 2998 2996 2997 2998 3007 3019 3036 3055 3064 3065 3068 3074 3078 3079 3079 3076 3076 3081 3083 3081 3078 3077 3077 3077 3079 3084 3088 3090 3091 3090 3088 3079 3073 3077 3080 3084 3084 3063 3042 3032 3023 3017 3012 3014 3016
2999 2995 2991 2994 2998 2997 2996 2995 2993 2990 2987 2992 2998 2998 2998 2992 2986 2992 3004 3002 2995 2996 3001 3012 3027 3043 3061 3070 3073 3074 3072 3074 3077 3078 3076 3076 3079 3081 3081 3082 3084 3086 3085 3085 3088 3090 3093 3096 3097 3097 3092 3088 3089 3091 3092 3090 3060 3033 3030 3026 3014 3003 3009 3015
3006 3000 2995 2997 2999 3000 3001 2999 2997 2994 2991 2994 2998 2999 2999 2997 2993 2998 3004 3002 2996 2995 2996 3008 3027 3044 3060 3069 3074 3075 3073 3074 3077 3078 3076 3076 3079 3081 3082 3083 3086 3087 3086 3086 3088 3089 3092 3095 3097 3097 3096 3094 3092 3090 3091 3087 3058 3032 3030 3028 3015 3002 3007 3013
3010 3006 3001 2999 2996 3000 3005 3002 2997 2999 3001 2999 2997 2996 2996 2999 3003 3002 3001 3000 2999 2994 2987 2999 3022 3040 3056 3065 3070 3072 3074 3076 3078 3078 3075 3075 3080 3083 3083 3083 3083 3083 3084 3085 3086 3087 3089 3091 3091 3091 3094 3095 3088 3082 3082 3079 3056 3035 3033 3030 3018 3006 3007 3009
3007 3005 3004 3001 2997 3000 3003 3001 2998 3000 3002 3000 2996 2995 2995 3000 3007 3003 2996 2995 2996 2993 2987 2998 3017 3036 3053 3063 3067 3071 3075 3078 3079 3079 3076 3076 3081 3084 3086 3087 3085 3084 3085 3086 3088 3089 3088 3087 3087 3088 3091 3093 3087 3082 3079 3074 3052 3033 3031 3028 3018 3008 3009 3010
2997 3001 3004 3003 3001 2999 2996 2998 3000 2999 2998 2997 2997 2996 2996 3001 3007 3001 2990 2989 2991 2993 2995 3003 3014 3031 3053 3064 3066 3070 3075 3079 3082 3081 3078 3078 3082 3086 3091 3093 3089 3087 3088 3089 3093 3094 3088 3084 3084 3085 3087 3088 3088 3087 3079 3069 3048 3028 3026 3023 3016 3010 3013 3016
2993 2999 3004 3005 3007 3001 2995 2997 3000 2999 2998 2999 3000 2999 2998 3001 3004 2997 2986 2986 2989 2994 2998 3004 3009 3026 3051 3063 3067 3071 3076 3079 3080 3079 3077 3077 3080 3084 3088 3089 3088 3088 3086 3088 3094 3097 3091 3087 3085 3084 3085 3086 3089 3090 3081 3070 3048 3028 3026 3023 3018 3013 3015 3017
2994 2999 3004 3009 3013 3006 2998 2998 2999 3000 3001 3003 3004 3003 3001 3000 2999 2993 2984 2986 2991 2995 2999 3002 3004 3021 3047 3062 3070 3075 3079 3079 3076 3074 3072 3073 3077 3079 3077 3078 3083 3085 3082 3083 3092 3098 3097 3095 3089 3085 3084 3085 3089 3091 3084 3075 3053 3033 3030 3027 3021 3016 3015 3015
2995 2998 3002 3009 3015 3008 3001 2999 2997 2998 3000 3001 3003 3002 3001 2998 2994 2990 2986 2988 2992 2995 2999 3000 3001 3014 3035 3052 3065 3074 3079 3080 3076 3073 3071 3071 3076 3078 3075 3076 3082 3085 3081 3081 3088 3094 3095 3095 3089 3085 3083 3083 3088 3091 3086 3078 3055 3033 3028 3024 3019 3014 3014 3015
2996 2997 2999 3005 3012 3008 3003 3000 2996 2995 2994 2995 2996 2997 2999 2995 2989 2990 2993 2992 2991 2993 2998 2999 2999 3006 3017 3033 3052 3066 3077 3082 3082 3079 3072 3071 3077 3081 3080 3081 3085 3087 3085 3083 3084 3085 3086 3087 3086 3085 3082 3082 3085 3088 3086 3081 3054 3028 3021 3014 3011 3007 3012 3017
2996 2996 2995 3001 3007 3005 3002 2999 2996 2993 2990 2991 2993 2996 2998 2994 2988 2990 2995 2994 2990 2992 2997 2999 2999 3002 3007 3021 3043 3060 3074 3081 3082 3079 3072 3071 3077 3081 3082 3084 3085 3086 3086 3085 3084 3083 3083 3084 3085 3086 3083 3081 3084 3086 3083 3078 3051 3026 3018 3011 3009 3007 3011 3014
2994 2993 2991 2996 3001 3000 2998 2997 2997 2992 2987 2991 2997 2997 2996 2994 2991 2991 2993 2992 2989 2992 2997 2999 3000 3003 3005 3018 3037 3055 3070 3077 3075 3074 3073 3073 3076 3078 3082 3083 3081 3081 3085 3088 3089 3089 3086 3085 3087 3088 3084 3082 3084 3084 3077 3068 3046 3026 3020 3014 3013 3012 3010 3007
2992 2991 2990 2992 2994 2994 2993 2994 2994 2991 2987 2992 2999 2997 2993 2993 2993 2993 2993 2992 2992 2993 2996 2998 3001 3002 3001 3012 3031 3049 3067 3075 3073 3072 3072 3073 3075 3077 3079 3080 3079 3080 3086 3090 3092 3093 3090 3088 3088 3088 3084 3081 3084 3084 3073 3061 3042 3024 3019 3015 3015 3014 3010 3005
2989 2991 2992 2989 2987 2987 2987 2988 2989 2990 2990 2994 3000 2995 2989 2990 2993 2994 2994 2996 2999 2998 2994 2995 2999 2998 2995 3004 3023 3043 3065 3076 3077 3076 3071 3071 3076 3078 3075 3076 3080 3084 3088 3091 3093 3094 3094 3093 3089 3085 3081 3079 3084 3086 3073 3058 3038 3019 3016 3013 3013 3013 3011 3009
2993 2993 2993 2988 2982 2983 2984 2986 2986 2989 2992 2995 2998 2994 2989 2990 2994 2995 2995 2997 3000 2999 2994 2995 2998 2997 2994 3003 3020 3041 3063 3076 3078 3077 3072 3072 3076 3078 3075 3076 3083 3088 3089 3090 3093 3095 3095 3094 3088 3082 3079 3077 3083 3084 3068 3051 3033 3016 3014 3013 3013 3012 3012 3011
3006 3000 2995 2988 2982 2984 2986 2987 2988 2991 2994 2994 2993 2994 2995 2995 2995 2995 2996 2995 2994 2994 2996 2996 2996 2997 3000 3010 3027 3044 3062 3072 3074 3076 3076 3076 3076 3077 3079 3083 3089 3092 3089 3088 3091 3093 3092 3090 3084 3079 3078 3077 3079 3077 3057 3037 3026 3017 3016 3015 3014 3013 3011 3009
3010 3002 2993 2987 2981 2984 2987 2987 2986 2989 2993 2993 2993 2995 2998 2997 2994 2994 2995 2993 2990 2992 2996 2996 2994 2997 3002 3014 3030 3047 3063 3072 3073 3075 3078 3078 3075 3075 3080 3085 3090 3092 3088 3086 3088 3089 3088 3087 3082 3079 3079 3078 3075 3069 3048 3030 3025 3021 3022 3022 3017 3013 3010 3008
3001 2993 2986 2983 2981 2984 2987 2984 2979 2983 2987 2993 2999 2999 2997 2993 2989 2990 2994 2994 2992 2991 2991 2991 2991 2994 2999 3011 3029 3048 3069 3079 3077 3077 3077 3076 3073 3073 3076 3079 3083 3086 3086 3086 3084 3083 3085 3086 3085 3084 3083 3080 3071 3061 3045 3031 3032 3032 3033 3034 3022 3010 3009 3009
2996 2990 2983 2983 2983 2985 2988 2983 2977 2979 2983 2990 2999 2998 2994 2990 2985 2987 2992 2993 2993 2992 2990 2990 2991 2994 2999 3012 3031 3051 3073 3082 3078 3077 3078 3078 3075 3074 3075 3076 3079 3082 3085 3086 3082 3080 3083 3086 3087 3087 3083 3078 3063 3048 3038 3030 3034 3038 3040 3041 3025 3009 3010 3010
2999 2994 2989 2988 2987 2989 2990 2987 2983 2981 2979 2983 2988 2988 2987 2986 2985 2986 2987 2989 2993 2994 2995 2996 2996 3000 3006 3020 3040 3057 3073 3078 3073 3074 3082 3086 3085 3083 3080 3078 3080 3083 3087 3088 3085 3084 3085 3086 3088 3088 3079 3067 3047 3030 3026 3023 3029 3035 3037 3038 3025 3013 3012 3012
3001 2996 2991 2990 2989 2990 2991 2990 2989 2985 2981 2982 2984 2985 2985 2985 2986 2986 2986 2988 2992 2994 2996 2998 3000 3004 3011 3025 3046 3062 3074 3077 3073 3075 3084 3089 3089 3087 3083 3080 3081 3083 3086 3089 3087 3086 3086 3086 3087 3084 3069 3053 3033 3016 3016 3017 3025 3034 3035 3036 3027 3018 3017 3016
3000 2993 2987 2986 2985 2986 2987 2990 2993 2994 2996 2996 2995 2994 2993 2991 2989 2991 2993 2992 2990 2990 2991 2996 3001 3007 3013 3027 3048 3064 3077 3083 3082 3082 3082 3082 3081 3081 3082 3082 3081 3081 3084 3086 3086 3086 3088 3089 3083 3073 3050 3030 3020 3012 3011 3012 3024 3035 3037 3039 3033 3027 3024 3021
2999 2993 2986 2985 2984 2986 2987 2992 2996 3001 3005 3004 3002 3001 3000 2996 2992 2994 2999 2997 2993 2992 2992 2996 3003 3009 3015 3031 3053 3069 3081 3086 3087 3085 3081 3079 3077 3078 3083 3084 3080 3079 3082 3084 3084 3085 3089 3088 3075 3059 3034 3014 3012 3011 3009 3009 3022 3034 3036 3037 3035 3032 3027 3022
2999 2996 2994 2991 2988 2991 2995 2998 3000 3001 3002 3001 2999 3000 3002 2999 2995 2997 3001 3004 3006 3007 3006 3006 3005 3011 3020 3040 3067 3081 3083 3083 3080 3080 3083 3084 3083 3083 3087 3087 3081 3079 3083 3085 3083 3082 3084 3080 3060 3041 3026 3014 3015 3015 3012 3011 3019 3026 3025 3024 3026 3027 3020 3013
2998 2998 2998 2994 2990 2995 3000 3002 3003 3002 3001 2999 2996 2998 3001 3000 2997 2999 3003 3010 3018 3019 3017 3014 3010 3016 3028 3049 3077 3087 3083 3079 3076 3077 3084 3087 3086 3086 3088 3087 3081 3079 3083 3085 3082 3079 3078 3071 3047 3026 3020 3015 3015 3016 3013 3011 3015 3018 3016 3014 3017 3021 3014 3007
2995 2995 2995 2992 2990 2995 3000 3001 3001 3003 3005 3000 2995 2992 2991 2993 2996 3001 3008 3016 3024 3024 3019 3019 3022 3031 3045 3059 3074 3080 3079 3079 3078 3079 3082 3084 3084 3084 3085 3083 3079 3078 3081 3083 3079 3075 3069 3060 3040 3023 3019 3015 3012 3009 3008 3007 3008 3010 3011 3012 3013 3013 3013 3012
2993 2993 2993 2992 2990 2994 2999 2999 2999 3002 3006 3001 2994 2989 2984 2989 2997 3006 3015 3024 3032 3031 3026 3028 3035 3046 3060 3068 3072 3075 3077 3078 3080 3081 3082 3083 3084 3084 3083 3081 3079 3078 3080 3081 3078 3073 3062 3050 3033 3019 3017 3013 3008 3004 3003 3003 3003 3004 3007 3009 3008 3007 3011 3015
2992 2995 2997 2994 2991 2994 2997 2996 2995 2997 3000 2998 2995 2992 2989 2995 3003 3016 3030 3038 3044 3046 3045 3048 3054 3061 3070 3075 3077 3079 3080 3081 3082 3084 3086 3088 3089 3089 3087 3085 3083 3082 3081 3081 3081 3077 3062 3046 3029 3014 3008 3003 3003 3002 3001 3001 3003 3005 3004 3003 3004 3005 3009 3012
2992 2995 2998 2995 2991 2992 2994 2993 2991 2994 2997 2997 2996 2996 2995 3002 3010 3025 3042 3050 3053 3057 3062 3066 3070 3074 3078 3081 3082 3082 3081 3082 3083 3085 3088 3090 3092 3091 3088 3087 3087 3086 3082 3080 3082 3079 3062 3045 3028 3013 3005 2999 3002 3003 3002 3001 3005 3008 3003 2998 3001 3004 3008 3011
2992 2991 2990 2989 2989 2987 2986 2989 2992 2998 3004 3002 2999 3003 3008 3014 3020 3031 3044 3049 3050 3057 3065 3071 3075 3077 3079 3080 3081 3080 3078 3075 3074 3075 3078 3080 3080 3080 3080 3080 3084 3085 3082 3078 3074 3069 3063 3054 3039 3027 3026 3024 3021 3017 3015 3013 3017 3020 3012 3004 3007 3009 3014 3018
2993 2989 2984 2986 2988 2985 2981 2988 2995 3003 3012 3009 3004 3012 3022 3027 3029 3036 3045 3048 3048 3056 3067 3074 3079 3080 3079 3080 3081 3080 3075 3071 3068 3068 3071 3073 3071 3071 3072 3075 3081 3084 3081 3077 3068 3062 3064 3062 3050 3041 3045 3046 3037 3030 3027 3025 3029 3032 3021 3011 3013 3015 3021 3027
2997 2994 2992 2994 2997 2995 2993 3002 3012 3018 3024 3025 3024 3030 3039 3041 3041 3040 3040 3044 3050 3056 3060 3068 3078 3080 3077 3078 3082 3082 3080 3078 3077 3076 3075 3074 3074 3074 3072 3075 3083 3087 3084 3080 3074 3069 3069 3066 3057 3051 3053 3053 3044 3036 3035 3034 3038 3041 3033 3026 3025 3025 3035 3045
3002 3000 2999 3003 3006 3006 3006 3016 3028 3033 3037 3040 3042 3048 3054 3054 3053 3046 3037 3042 3053 3056 3055 3063 3077 3080 3076 3078 3083 3085 3085 3085 3086 3084 3079 3076 3078 3077 3073 3074 3084 3090 3087 3084 3080 3077 3073 3069 3064 3061 3061 3060 3051 3044 3044 3044 3047 3049 3044 3039 3037 3035 3048 3060
3006 3006 3006 3012 3018 3022 3026 3034 3041 3047 3052 3053 3053 3056 3061 3062 3062 3057 3051 3053 3060 3063 3064 3070 3079 3081 3080 3083 3090 3091 3087 3088 3093 3092 3085 3080 3080 3079 3075 3076 3082 3087 3088 3088 3084 3081 3077 3074 3069 3065 3066 3065 3062 3059 3057 3054 3052 3050 3049 3048 3044 3040 3048 3056
3010 3012 3013 3021 3029 3038 3046 3050 3054 3060 3066 3065 3062 3064 3066 3068 3069 3067 3063 3064 3067 3069 3072 3076 3080 3082 3083 3088 3096 3096 3089 3090 3098 3098 3090 3084 3083 3081 3078 3078 3081 3085 3089 3090 3087 3084 3081 3077 3073 3069 3070 3070 3072 3073 3068 3063 3057 3052 3055 3057 3051 3045 3049 3052
3008 3018 3027 3033 3040 3045 3049 3054 3059 3064 3068 3065 3062 3061 3062 3064 3067 3067 3067 3068 3071 3072 3073 3075 3078 3080 3081 3084 3090 3088 3081 3081 3089 3091 3086 3084 3084 3084 3082 3082 3084 3085 3084 3083 3081 3079 3076 3073 3073 3072 3071 3070 3070 3070 3067 3064 3062 3060 3064 3068 3063 3058 3054 3049
3008 3024 3039 3045 3049 3051 3053 3058 3064 3067 3069 3066 3061 3060 3059 3062 3065 3068 3070 3072 3074 3074 3073 3074 3076 3077 3078 3080 3084 3081 3074 3074 3081 3084 3082 3083 3085 3086 3085 3085 3086 3085 3080 3077 3076 3074 3071 3069 3072 3074 3072 3070 3069 3068 3066 3065 3066 3067 3073 3078 3074 3070 3059 3048
3019 3029 3039 3042 3044 3051 3058 3061 3063 3065 3067 3066 3065 3067 3070 3069 3068 3070 3073 3075 3077 3076 3075 3073 3071 3070 3072 3072 3073 3072 3071 3072 3076 3077 3076 3075 3076 3077 3076 3076 3077 3077 3075 3072 3068 3066 3068 3069 3067 3067 3069 3071 3069 3067 3069 3070 3067 3065 3069 3073 3067 3060 3059 3058
3029 3034 3039 3039 3039 3051 3063 3063 3061 3062 3064 3066 3069 3074 3080 3077 3071 3072 3076 3078 3079 3078 3077 3073 3066 3064 3066 3065 3062 3064 3068 3071 3072 3071 3069 3068 3068 3068 3067 3067 3068 3069 3070 3067 3060 3057 3065 3068 3063 3060 3066 3071 3069 3067 3072 3075 3068 3062 3066 3070 3060 3051 3059 3068
3036 3039 3042 3044 3046 3055 3065 3065 3064 3065 3067 3069 3071 3073 3075 3075 3074 3074 3074 3078 3083 3081 3077 3074 3071 3072 3073 3072 3069 3068 3070 3073 3075 3076 3077 3077 3076 3075 3074 3073 3074 3072 3066 3062 3061 3061 3064 3066 3063 3062 3067 3072 3075 3077 3073 3069 3066 3064 3071 3077 3068 3058 3059 3060
3043 3044 3046 3049 3052 3059 3067 3068 3067 3068 3070 3071 3073 3071 3069 3073 3078 3076 3073 3078 3086 3084 3076 3075 3077 3079 3081 3079 3075 3073 3073 3075 3078 3081 3084 3085 3084 3082 3080 3079 3080 3075 3063 3056 3062 3066 3064 3063 3063 3064 3067 3072 3082 3088 3074 3062 3064 3066 3076 3085 3076 3066 3059 3053
