3043 3052 3055 3051 3060 3054 3050 3054 3056 3047 3049 3041 3053 3051 3031 3045 3029 3032 3029 3023 3040 3033 3023 3018 3034 3030 3029 3027 3006 3017 3026 3020 3028 3014 3029 3020 3028 3040 3028 3035 3021 3026 3033 3026 3014 3021 3012 3021 3034 3031 3027 3028 3021 3018 2995 3010 2995 2994 2999 3015 2997 2972 2996 3021
3051 3043 3062 3053 3042 3055 3044 3045 3057 3042 3035 3037 3043 3039 3044 3033 3025 3007 3023 3024 3031 3022 3027 3027 3020 3027 3017 3008 3007 3020 3027 3035 3034 3021 3027 3035 3029 3022 3034 3022 3017 3032 3035 3037 3029 3031 3028 3026 3031 3035 3013 3034 3021 3007 3009 3001 3004 2991 2998 3017 3002 2991 2997 3013
3041 3044 3047 3049 3043 3044 3035 3048 3040 3035 3036 3037 3035 3047 3028 3021 3033 3027 3026 3023 3021 3023 3023 3021 3020 3024 3020 3030 3035 3020 3029 3040 3043 3034 3043 3036 3034 3020 3042 3044 3038 3032 3040 3047 3028 3042 3038 3043 3035 3040 3027 3017 3023 3013 3009 3015 3012 3007 3004 3006 3008 3018 3006 3003
3046 3035 3042 3043 3039 3037 3037 3041 3041 3044 3026 3048 3041 3028 3028 3015 3017 3018 3016 3021 3020 3018 3025 3014 3009 3026 3017 3033 3032 3037 3029 3036 3039 3056 3038 3023 3038 3042 3026 3051 3046 3055 3041 3044 3038 3040 3049 3033 3044 3030 3033 3026 3031 3022 3013 3013 3016 3018 3024 3004 3014 3016 3016 3000
3048 3040 3027 3024 3042 3040 3047 3042 3039 3040 3047 3042 3036 3025 3031 3031 3017 3010 3013 3016 3024 3019 3015 3023 3031 3028 3032 3037 3045 3038 3043 3025 3044 3045 3034 3027 3032 3042 3045 3055 3054 3052 3054 3057 3047 3032 3036 3040 3037 3042 3044 3042 3037 3022 3026 3020 3010 3012 3019 3028 3012 2993 3012 3004
3041 3036 3032 3040 3035 3038 3034 3028 3031 3035 3046 3054 3043 3036 3023 3024 3014 3023 3022 3028 3016 3016 3014 3022 3010 3030 3018 3041 3039 3038 3037 3022 3042 3042 3031 3046 3052 3045 3053 3052 3047 3046 3053 3038 3043 3036 3038 3034 3040 3042 3043 3038 3044 3031 3024 3028 3005 3011 3008 3019 2996 3007 3011 3017
3056 3049 3023 3027 3038 3039 3039 3027 3028 3037 3035 3038 3052 3022 3028 3032 3016 3037 3030 3039 3025 3014 3001 3022 3032 3048 3041 3038 3045 3050 3028 3021 3042 3033 3027 3039 3054 3051 3056 3055 3059 3044 3043 3039 3049 3054 3043 3050 3049 3044 3022 3041 3034 3035 3014 3017 3022 3008 3006 3005 3004 3015 3019 3006
3028 3008 2992 3004 3003 3015 3011 3006 2991 2996 3016 3025 3030 3027 3015 3012 3009 3008 3018 3027 3015 3019 3015 3006 3029 3026 3036 3027 3035 3030 3027 3018 3028 3028 3037 3026 3049 3048 3051 3051 3044 3036 3038 3035 3035 3032 3036 3037 3044 3051 3052 3033 3045 3036 3024 3023 3015 3014 3019 2998 3007 3008 3001 2996
2970 2957 2963 2975 2975 2989 2989 2983 2982 2978 2996 3016 3007 3000 2998 2991 2983 2981 3006 3000 3007 2998 3010 3003 3015 3013 3029 3037 3018 3022 3024 3012 3027 3024 3032 3037 3045 3035 3049 3036 3024 3022 3029 3035 3022 3033 3033 3034 3040 3028 3042 3062 3042 3035 3042 3024 3014 3009 2989 2996 3002 3008 3016 2995
2962 2975 2971 2972 2965 2987 2968 2979 2966 2985 2988 2996 3016 2993 2991 2979 2981 2984 2988 2993 2987 3006 3007 3001 3006 2998 3025 3031 3021 3018 3027 3029 3029 3030 3037 3039 3044 3036 3040 3037 3032 3029 3025 3025 3026 3029 3023 3033 3029 3034 3037 3046 3044 3034 3023 3010 3015 3023 3021 3012 3022 3018 3025 3011
2964 2970 2966 2971 2981 2973 2978 2975 2983 2987 2981 2982 2979 2976 2989 2983 2986 2980 2984 2993 2992 2991 3002 3000 3002 3023 3030 3023 3024 3023 3033 3035 3037 3048 3036 3040 3050 3030 3043 3036 3034 3024 3028 3032 3045 3027 3039 3038 3040 3039 3044 3034 3037 3051 3033 3031 3011 3037 3024 3030 3029 3019 3019 3011
2964 2969 2974 2965 2969 2986 2985 2978 2985 2965 2973 2974 2990 2998 2987 2977 2998 2981 2978 2975 2975 2986 2996 3000 3008 3010 3019 3025 3028 3014 3018 3033 3030 3033 3025 3044 3046 3045 3032 3027 3027 3031 3034 3023 3029 3035 3036 3051 3044 3051 3050 3039 3063 3045 3039 3030 3027 3032 3023 3022 3025 3014 3026 3008
2972 2977 2974 2976 2972 2984 2963 2966 2983 2978 2962 2979 2992 2989 2978 2986 2989 2993 2977 2979 2983 2990 3011 2999 3014 3010 3032 3029 3032 3030 3034 3028 3042 3032 3040 3038 3039 3034 3034 3026 3037 3027 3032 3024 3029 3033 3061 3065 3083 3055 3049 3039 3061 3060 3039 3022 3029 3019 3031 3033 3035 3022 3020 3026
2977 2966 2973 2976 2964 2977 2967 2966 2983 2970 2978 2974 2980 2986 2972 2980 2972 2987 2979 2985 2981 2989 2986 3001 3015 3023 3016 3036 3036 3032 3037 3032 3029 3032 3040 3031 3024 3031 3034 3041 3039 3033 3033 3015 3037 3040 3050 3076 3058 3056 3054 3055 3049 3060 3041 3029 3018 3033 3027 3031 3024 3021 3019 3019
2957 2952 2958 2958 2964 2982 2971 2978 2977 2984 2987 2980 2978 2975 2965 2970 2969 2968 2973 2986 2998 3008 3006 3002 3008 3020 3025 3030 3026 3034 3027 3022 3024 3031 3037 3036 3023 3032 3031 3030 3036 3026 3027 3043 3035 3048 3051 3076 3065 3053 3062 3042 3049 3052 3049 3028 3041 3039 3023 3028 3024 3029 3009 3007
2962 2976 2960 2962 2964 2981 2972 2991 2992 2986 2978 2983 2977 2988 2973 2973 2968 2975 2973 2989 2988 2999 3003 3008 3020 3015 3022 3012 3028 3023 3032 3021 3040 3031 3033 3036 3037 3027 3023 3032 3028 3031 3037 3029 3042 3060 3077 3086 3075 3057 3064 3051 3046 3043 3046 3035 3039 3035 3028 3019 3026 3039 3025 3013
2975 2978 2980 2979 2986 2990 2992 2986 2996 2988 2980 2963 2983 2977 2989 2984 2983 2978 2997 2988 2995 2996 3002 3017 3012 3030 3019 3022 3034 3042 3035 3028 3037 3034 3039 3044 3036 3031 3025 3041 3036 3021 3031 3044 3063 3069 3089 3073 3085 3064 3068 3058 3042 3022 3041 3040 3035 3030 3027 3026 3022 3027 3013 3021
2981 2990 2990 2978 2980 2984 3008 2999 3019 2994 2992 2993 2981 2990 2981 2984 2993 2984 2983 2991 3005 2998 2990 2995 3023 3027 3017 3039 3053 3058 3040 3032 3030 3040 3048 3052 3036 3036 3040 3033 3035 3033 3050 3060 3058 3072 3087 3094 3067 3061 3056 3049 3050 3032 3043 3045 3037 3038 3028 3035 3032 3026 3024 3019
2998 2988 2988 2985 2976 2981 2993 2985 2991 2978 2995 2987 2992 2989 2987 2990 3006 2987 2983 2982 2985 2987 2992 3016 3018 3032 3040 3044 3044 3038 3041 3043 3040 3052 3046 3044 3039 3037 3023 3039 3036 3039 3068 3069 3081 3084 3068 3075 3073 3066 3041 3050 3042 3044 3044 3044 3045 3037 3031 3037 3022 3044 3033 3021
2993 3000 3006 2994 2986 2988 3012 3002 2993 2993 2993 3000 3004 3000 2992 2985 2989 3005 2979 2980 2990 2987 2987 3007 3016 3043 3033 3043 3042 3055 3055 3062 3042 3065 3058 3059 3059 3057 3050 3049 3071 3056 3071 3087 3080 3084 3080 3064 3069 3061 3057 3053 3058 3030 3035 3050 3044 3058 3058 3045 3055 3035 3030 3027
2989 3005 3000 2995 2997 2995 3008 3017 3008 3025 3004 3006 3001 3003 2996 2997 3003 2995 2982 2982 2992 2999 2986 3008 3017 3032 3053 3046 3062 3052 3049 3067 3076 3066 3073 3072 3068 3063 3075 3062 3061 3063 3076 3060 3072 3076 3089 3082 3070 3058 3071 3049 3048 3038 3039 3050 3062 3043 3042 3043 3043 3037 3020 3024
3000 2981 3005 3002 2980 2991 3007 3000 3003 2997 3000 3001 2991 2998 2978 2990 2986 2985 2984 2993 3000 2970 2995 3001 3016 3027 3055 3056 3058 3048 3075 3073 3084 3075 3076 3072 3089 3068 3077 3065 3065 3058 3070 3074 3082 3080 3074 3087 3082 3072 3057 3052 3056 3059 3058 3068 3058 3061 3049 3042 3032 3022 3028 3025
2979 2975 2996 2989 2985 2994 3003 2992 2977 2993 3010 2994 3003 2995 2996 2981 2982 2995 2987 3003 3005 2996 3001 3007 3016 3027 3047 3062 3064 3051 3079 3080 3072 3079 3073 3071 3086 3074 3082 3081 3085 3064 3083 3085 3083 3092 3090 3084 3070 3081 3067 3061 3067 3073 3059 3062 3054 3049 3027 3012 3021 3019 3035 3023
2992 2988 2987 2996 2999 2982 2991 2990 2983 2990 2990 2991 2991 2988 3003 2978 2971 2986 2995 3001 2992 2995 2994 2999 3006 3027 3049 3059 3062 3062 3070 3063 3078 3067 3077 3073 3077 3096 3071 3081 3082 3086 3084 3074 3085 3083 3096 3096 3080 3080 3081 3074 3077 3080 3078 3085 3068 3041 3037 3027 3020 3010 3012 3010
3004 2978 2994 2991 3000 2992 3001 2990 2986 2988 2989 2981 2997 2991 2995 2998 2983 2984 3012 2998 2993 2998 3004 3018 3020 3046 3067 3058 3069 3069 3080 3074 3069 3080 3072 3070 3081 3087 3093 3076 3084 3083 3092 3082 3094 3090 3087 3094 3093 3103 3101 3087 3086 3087 3098 3091 3058 3044 3034 3032 3003 2979 3013 3015
3004 2995 2997 2996 2983 3003 2988 2998 3001 2983 2984 2996 2997 2994 2993 2988 2988 2995 3008 3004 2990 2991 3003 3008 3032 3042 3059 3069 3079 3067 3066 3066 3066 3087 3076 3088 3066 3086 3075 3090 3089 3084 3095 3091 3091 3086 3099 3088 3097 3097 3101 3099 3089 3088 3089 3088 3060 3034 3020 3034 3016 2993 3010 3006
3014 3000 2996 2997 2995 2993 2999 3001 2999 2991 3010 2997 2996 3005 2992 3002 3008 2998 2998 2989 2999 2992 2984 2998 3022 3031 3057 3063 3070 3067 3068 3069 3082 3089 3074 3065 3082 3081 3092 3080 3086 3075 3077 3083 3084 3081 3078 3091 3083 3088 3084 3105 3079 3075 3075 3080 3065 3029 3042 3026 3015 2998 3001 3005
3013 3002 3012 2997 3003 3003 2997 2999 3003 3005 3005 3007 2988 2991 3003 3004 3008 3002 3000 2994 3008 2989 2978 2993 3018 3032 3058 3060 3056 3078 3071 3070 3079 3075 3063 3085 3086 3080 3089 3085 3085 3097 3079 3076 3090 3090 3097 3070 3080 3076 3093 3095 3084 3086 3068 3067 3050 3031 3026 3020 3018 3010 2996 3014
3003 2993 3006 2999 3001 3006 2991 2999 2995 2999 2995 2993 2987 2994 2987 2999 3012 2990 2984 2995 2992 3003 2990 2996 3020 3032 3047 3076 3067 3071 3076 3074 3081 3083 3071 3074 3087 3087 3084 3103 3083 3084 3103 3092 3095 3100 3078 3078 3089 3076 3093 3089 3080 3097 3075 3067 3037 3015 3024 3027 3007 3005 3013 3009
2994 2993 3005 3000 2998 2989 2999 2993 2999 2999 2997 2994 2999 3004 2998 3000 3008 2999 2986 2985 2995 2998 3002 2994 3001 3035 3053 3071 3073 3070 3092 3079 3085 3085 3076 3080 3075 3087 3078 3089 3085 3086 3088 3086 3094 3090 3084 3078 3084 3075 3088 3096 3088 3091 3069 3063 3040 3027 3030 3017 3006 3009 3010 3015
2984 3005 3008 3013 3005 3004 2989 3004 3003 2992 3003 3003 3005 3010 2997 3001 3006 2997 2991 2993 2993 2993 2991 3001 3003 3006 3055 3075 3070 3072 3075 3092 3071 3082 3065 3084 3073 3084 3087 3088 3079 3081 3078 3081 3089 3109 3095 3102 3086 3083 3095 3085 3090 3101 3091 3073 3046 3035 3029 3035 3021 3019 3022 3012
2987 3006 3005 3013 3004 3010 2993 2999 2994 2997 3005 3005 3005 2995 2999 3002 2987 3002 2976 2980 2996 2995 3001 2995 3005 3003 3039 3052 3058 3087 3067 3079 3081 3079 3074 3066 3079 3092 3079 3079 3076 3087 3073 3097 3101 3097 3102 3091 3095 3096 3081 3084 3091 3093 3087 3082 3059 3030 3025 3029 3012 3022 3017 3009
2991 3006 2994 3000 3018 3015 3008 2993 3013 3006 2993 2997 3002 3012 3001 2995 2991 2984 2999 2996 2988 2995 2998 2991 3000 2989 3011 3033 3060 3068 3082 3065 3078 3073 3070 3069 3079 3079 3088 3077 3082 3099 3099 3079 3093 3090 3085 3090 3075 3081 3073 3084 3097 3096 3093 3076 3047 3030 3018 3016 3014 3014 3017 3023
2999 3005 2992 2996 3009 2997 3010 3001 2987 2992 3003 2989 3001 3006 2998 3000 2987 2983 2994 2984 2991 2986 3000 3003 2995 3001 3016 3016 3028 3063 3079 3086 3079 3088 3064 3078 3073 3070 3074 3079 3082 3094 3082 3090 3092 3084 3086 3081 3086 3077 3083 3076 3086 3075 3081 3077 3056 3021 3029 3008 3008 2997 3009 3005
3002 2992 2985 2986 2999 2998 2998 3003 3001 2988 2970 2989 2987 2998 3003 2991 2989 2992 2981 2991 2990 3004 2990 3002 3001 2997 3010 3014 3032 3060 3061 3076 3080 3068 3073 3074 3071 3075 3091 3082 3071 3089 3074 3089 3098 3089 3089 3095 3094 3077 3087 3078 3081 3083 3086 3071 3045 3026 3014 3011 3010 3014 3004 2994
2997 2992 2990 2997 2992 2986 3001 2997 2991 2981 2997 2986 2992 2993 2997 2988 3005 2981 2983 2981 2990 2995 2985 3007 2994 2994 2999 3014 3044 3044 3060 3069 3068 3072 3071 3077 3082 3064 3080 3082 3084 3082 3082 3096 3081 3087 3102 3085 3082 3087 3081 3077 3085 3080 3079 3058 3030 3020 3011 3009 3022 3006 3018 3010
2983 2984 2990 2978 2990 2971 2991 2987 2992 2994 2978 2996 2997 3003 2989 2995 2991 2993 3003 2993 3003 2996 3000 2997 2991 2997 2999 2984 3028 3047 3063 3074 3074 3069 3082 3072 3069 3089 3074 3077 3076 3077 3086 3086 3098 3107 3089 3087 3089 3089 3064 3084 3092 3087 3072 3064 3037 3029 3014 3012 3004 3017 3016 3009
2986 2996 2985 2983 2989 2973 2987 2984 2996 2988 2996 2993 2985 3002 2984 2994 3006 2982 2991 2986 2995 2996 2992 2996 2990 2986 2987 3006 3008 3030 3057 3089 3072 3083 3074 3076 3088 3085 3076 3086 3079 3093 3090 3081 3088 3103 3106 3098 3086 3074 3081 3078 3088 3075 3073 3043 3028 3021 3003 3005 3011 3006 3004 3008
3010 3013 2992 2993 2991 2992 2979 2980 2999 3000 3000 2995 2990 2990 2990 3006 3008 2996 2997 2995 3000 2982 3018 2989 3008 2993 2996 3009 3028 3047 3059 3068 3083 3081 3067 3079 3068 3076 3076 3070 3094 3099 3094 3089 3092 3099 3097 3088 3085 3081 3065 3077 3068 3077 3057 3039 3023 3013 3019 3012 3022 3010 3009 3015
3015 2992 2998 2984 2979 2977 2993 2980 2991 2981 3005 3001 3006 2990 3002 3006 2994 2990 2988 2995 2989 2985 3005 2989 3003 2995 2997 3025 3031 3043 3067 3069 3071 3088 3072 3089 3068 3074 3078 3078 3086 3108 3076 3076 3096 3077 3088 3089 3089 3067 3082 3077 3078 3072 3057 3033 3032 3016 3011 3012 3012 3010 3007 2993
2995 2990 2972 2991 2966 2981 2971 2978 2977 2968 2991 2998 2989 3004 2999 2990 2981 2986 2991 3003 2979 2998 2995 2987 2989 2987 2992 3001 3014 3050 3058 3067 3075 3078 3081 3085 3077 3061 3069 3090 3086 3079 3086 3084 3088 3092 3080 3074 3078 3077 3083 3088 3078 3078 3038 3029 3037 3033 3036 3024 3023 3005 3007 3006
2992 2989 2979 2970 2995 2991 2983 2991 2982 2974 2980 2991 2998 3000 2987 2991 2994 2984 2994 2993 2998 3001 2979 2985 2976 2980 2988 3011 3029 3055 3071 3075 3081 3075 3076 3078 3074 3063 3080 3074 3081 3082 3100 3069 3089 3078 3074 3079 3077 3086 3080 3072 3063 3050 3036 3024 3034 3035 3043 3049 3023 3020 3009 2998
3004 2999 2989 2985 2991 2991 2993 2978 2990 2981 2983 2981 2979 2983 2984 2984 2979 2979 2990 2994 2995 3004 3001 3000 3004 3003 2993 3022 3045 3055 3055 3086 3074 3072 3069 3083 3086 3082 3077 3080 3083 3087 3084 3084 3089 3084 3072 3070 3092 3088 3067 3075 3042 3016 3025 3023 3030 3035 3050 3046 3033 3011 3002 3005
3009 2990 2984 2988 2989 3001 2991 2988 2990 2984 2975 2976 2978 2979 2994 2991 2978 2989 2982 2984 2989 2991 2993 3009 3005 3004 3015 3024 3048 3049 3078 3079 3077 3071 3082 3085 3097 3092 3086 3073 3074 3078 3079 3079 3092 3086 3091 3075 3084 3082 3056 3058 3031 3018 3002 3017 3024 3035 3031 3032 3033 3019 3022 3014
2983 3002 2987 2994 2984 2990 2979 2989 2988 2995 2990 3007 2984 2995 2992 2997 2979 2996 2980 2988 2992 2992 2985 3003 3001 3007 3015 3025 3050 3068 3072 3081 3075 3072 3082 3082 3082 3083 3077 3083 3078 3067 3087 3079 3079 3088 3093 3080 3084 3071 3051 3047 3017 3015 2997 2992 3021 3042 3038 3046 3048 3026 3017 3019
3009 2984 2964 2987 2982 2991 2987 2992 2992 2995 3002 3010 2994 2999 2997 3001 2987 2995 2988 2994 3000 3004 2982 2991 3010 3006 3018 3023 3053 3068 3087 3085 3094 3091 3075 3080 3072 3068 3070 3081 3066 3072 3079 3087 3080 3094 3094 3096 3082 3063 3040 3011 3019 3015 3005 3004 3014 3034 3025 3036 3044 3014 3040 3032
2995 2990 2997 2979 2982 2992 2999 3007 3008 3003 3007 3000 2992 2992 2993 2993 2994 2997 2982 3002 3002 2992 3012 2999 2998 3016 3017 3043 3073 3093 3090 3089 3072 3083 3079 3084 3085 3090 3089 3093 3086 3071 3095 3093 3095 3074 3086 3072 3059 3029 3022 3020 3026 3005 3027 3016 3017 3018 3023 3018 3023 3037 3014 3013
3005 2998 3000 2985 2990 2989 3005 3006 3000 3004 2996 3004 2984 2998 2998 2998 3009 3003 2995 3017 3021 3009 3019 3017 3012 3009 3016 3041 3084 3090 3084 3080 3076 3081 3083 3079 3082 3087 3081 3076 3080 3073 3081 3083 3080 3090 3070 3070 3058 3021 3013 3013 3023 3017 3009 3011 3019 3016 3020 3015 3008 3023 3014 3008
2985 2983 3003 2985 2987 2993 3011 2995 2998 3003 3000 3010 3001 2990 2991 2984 2997 2991 3016 3014 3023 3020 3022 3011 3031 3026 3045 3060 3074 3081 3080 3093 3074 3082 3084 3072 3076 3093 3082 3089 3070 3082 3081 3093 3068 3076 3080 3060 3046 3022 3018 3015 3006 3005 3008 3007 3006 3012 3002 3016 3016 3014 3016 3016
2999 2985 2993 2996 2988 2994 3003 3000 2994 2999 3011 3001 2991 2993 2985 2984 2996 3011 2999 3031 3035 3033 3028 3033 3035 3047 3050 3064 3069 3074 3081 3074 3075 3080 3086 3085 3084 3070 3084 3081 3078 3075 3083 3080 3082 3071 3056 3041 3036 3024 3020 3012 3013 2994 3009 3014 3001 2992 3009 3004 3005 2996 3008 3009
2988 2978 2999 2998 2991 2996 2998 3006 2984 2988 3005 3000 2982 2980 2979 2997 3012 3010 3018 3044 3039 3052 3037 3054 3040 3054 3061 3073 3075 3070 3085 3085 3079 3078 3080 3088 3091 3086 3089 3083 3088 3085 3100 3088 3074 3085 3050 3042 3038 3013 3008 2994 3006 3002 2995 2990 3002 3003 3009 3014 3000 3002 3022 3007
2987 2990 3005 2996 2990 2984 2999 2985 3005 3001 2999 3000 3000 2992 2995 2996 3007 3024 3045 3049 3058 3056 3068 3064 3056 3069 3090 3075 3081 3075 3080 3083 3076 3080 3091 3092 3082 3097 3080 3088 3088 3088 3065 3081 3082 3082 3075 3037 3032 3021 2991 3008 3005 2999 3004 3006 2995 2993 3010 3000 3003 3006 3007 3012
2997 2998 2993 2998 2994 2997 2982 2976 3001 2986 3007 2997 2998 2999 2998 3009 3014 3031 3042 3045 3050 3055 3054 3068 3068 3077 3075 3079 3091 3074 3066 3079 3074 3070 3064 3084 3083 3081 3081 3070 3070 3082 3079 3077 3076 3065 3065 3063 3052 3026 3024 3022 3015 3019 3012 3016 3017 3019 3011 2992 3000 3016 3013 3013
3000 2981 2984 2982 2995 2989 2990 2984 2991 2996 3020 3015 3007 3001 3030 3035 3036 3031 3048 3048 3037 3055 3068 3082 3084 3065 3087 3081 3084 3071 3072 3070 3065 3068 3066 3059 3075 3073 3062 3072 3084 3078 3076 3066 3065 3068 3051 3063 3033 3035 3054 3056 3030 3038 3032 3026 3047 3021 3015 3017 3010 3008 3020 3020
3005 2991 2987 2990 2999 2999 2987 2998 3010 3022 3032 3031 3029 3027 3038 3041 3041 3039 3041 3034 3049 3060 3057 3066 3076 3085 3082 3082 3085 3071 3091 3076 3090 3076 3071 3085 3070 3077 3067 3080 3084 3081 3082 3082 3084 3064 3076 3063 3056 3058 3063 3055 3035 3024 3030 3035 3037 3045 3042 3014 3020 3028 3033 3045
3010 3001 3000 3002 2996 3007 3015 3026 3024 3022 3034 3040 3044 3042 3054 3051 3054 3048 3033 3039 3058 3052 3049 3072 3075 3075 3073 3079 3085 3083 3082 3091 3086 3089 3068 3061 3077 3072 3076 3068 3072 3086 3079 3090 3068 3068 3071 3053 3074 3049 3052 3071 3053 3035 3033 3037 3040 3041 3040 3031 3033 3033 3046 3051
3015 3002 3000 3028 3022 3021 3033 3042 3042 3039 3046 3050 3055 3067 3051 3057 3056 3071 3044 3047 3058 3059 3069 3066 3082 3077 3075 3087 3081 3086 3094 3093 3089 3103 3085 3069 3074 3079 3080 3071 3076 3084 3092 3080 3091 3081 3076 3076 3062 3067 3063 3065 3068 3071 3052 3046 3051 3058 3044 3061 3055 3028 3041 3056
3006 3008 3006 3021 3034 3038 3053 3046 3059 3047 3062 3058 3060 3063 3073 3081 3062 3074 3059 3060 3061 3076 3082 3073 3077 3090 3071 3089 3091 3090 3087 3090 3093 3092 3100 3082 3095 3086 3073 3076 3070 3083 3100 3088 3090 3090 3093 3086 3072 3073 3074 3079 3069 3088 3060 3060 3050 3055 3047 3064 3052 3052 3051 3061
3000 3024 3020 3032 3042 3046 3051 3053 3067 3062 3078 3071 3065 3068 3050 3058 3068 3072 3069 3063 3073 3069 3078 3075 3075 3092 3076 3081 3102 3088 3077 3069 3095 3087 3072 3080 3080 3072 3074 3088 3091 3086 3081 3092 3083 3075 3082 3074 3070 3083 3073 3074 3062 3067 3072 3070 3063 3067 3058 3072 3065 3046 3061 3039
2994 3028 3038 3052 3051 3061 3057 3048 3066 3070 3065 3058 3062 3069 3060 3066 3068 3064 3065 3079 3067 3082 3068 3088 3075 3086 3087 3070 3079 3080 3075 3064 3080 3083 3074 3087 3082 3090 3087 3086 3080 3082 3085 3071 3079 3084 3067 3070 3069 3074 3063 3077 3069 3061 3071 3060 3063 3068 3071 3077 3073 3063 3046 3050
3024 3031 3037 3036 3039 3069 3054 3063 3064 3057 3062 3073 3063 3071 3065 3064 3059 3065 3076 3068 3083 3071 3074 3064 3083 3068 3073 3066 3074 3066 3078 3081 3079 3066 3073 3083 3081 3077 3085 3069 3086 3080 3079 3071 3077 3066 3053 3076 3071 3067 3065 3073 3075 3058 3080 3065 3065 3060 3073 3078 3076 3055 3050 3061
3041 3037 3037 3035 3042 3061 3059 3073 3054 3053 3069 3061 3058 3062 3095 3074 3067 3075 3081 3075 3087 3086 3069 3079 3061 3066 3072 3060 3065 3064 3067 3075 3069 3070 3076 3065 3071 3074 3074 3066 3058 3054 3064 3058 3058 3064 3055 3064 3062 3067 3067 3073 3083 3059 3077 3066 3070 3065 3070 3061 3071 3047 3061 3060
3028 3038 3035 3044 3057 3067 3065 3061 3068 3067 3066 3072 3075 3060 3072 3060 3082 3076 3067 3072 3080 3083 3076 3075 3066 3074 3063 3072 3080 3064 3058 3067 3083 3069 3081 3072 3062 3061 3064 3075 3067 3059 3054 3050 3064 3063 3069 3066 3061 3066 3066 3074 3072 3069 3073 3084 3067 3065 3076 3067 3069 3066 3046 3062
3031 3042 3049 3047 3045 3070 3062 3072 3069 3061 3066 3080 3081 3073 3066 3074 3083 3076 3070 3066 3088 3086 3076 3071 3091 3086 3090 3080 3061 3075 3067 3073 3083 3070 3093 3080 3088 3080 3071 3078 3079 3071 3052 3052 3069 3069 3066 3056 3061 3063 3063 3074 3079 3086 3073 3070 3055 3064 3077 3099 3071 3073 3056 3056
