3060 3060 3059 3055 3052 3049 3049 3057 3042 3051 3033 3050 3052 3060 3055 3042 3040 3049 3036 3044 3040 3032 3034 3029 3035 3020 3030 3037 3032 3041 3026 3014 3025 3029 3033 3048 3036 3024 3023 3023 3023 3028 3015 3017 3008 3012 3001 3012 3004 2997 3011 3002 3013 3013 2998 3015 3004 3025 3014 3004 3010 3020 3000 2982
3068 3061 3059 3057 3034 3052 3066 3040 3032 3039 3048 3041 3051 3050 3044 3052 3044 3045 3031 3043 3044 3036 3044 3033 3027 3027 3034 3024 3035 3040 3039 3042 3030 3020 3031 3035 3030 3036 3026 3027 3018 3038 3031 3025 3015 3019 3003 3011 3012 3006 3014 3016 3010 3014 3007 3019 3012 3004 3018 3023 3007 3012 3008 2991
3053 3056 3067 3046 3049 3054 3047 3058 3036 3027 3037 3043 3029 3034 3021 3040 3026 3052 3045 3041 3035 3041 3029 3050 3033 3036 3031 3038 3034 3045 3041 3053 3021 3028 3031 3030 3028 3042 3031 3032 3038 3040 3038 3036 3017 3020 3020 3008 3017 3010 3017 3010 3007 3016 2998 3011 3007 3017 3013 3033 3011 3013 2998 3001
3068 3063 3051 3048 3059 3037 3045 3043 3036 3050 3039 3046 3026 3037 3024 3034 3046 3038 3031 3039 3035 3035 3042 3042 3020 3021 3037 3025 3033 3041 3037 3031 3028 3029 3032 3021 3037 3047 3041 3043 3027 3036 3036 3032 3042 3023 3009 3020 3022 3030 3028 3023 3013 3011 3013 3005 3011 3016 3013 3020 3018 3005 3010 3006
3084 3043 3040 3032 3047 3058 3047 3052 3043 3049 3043 3046 3053 3044 3044 3045 3035 3026 3025 3041 3046 3061 3033 3039 3036 3037 3039 3031 3028 3027 3032 3039 3045 3028 3048 3046 3034 3060 3060 3047 3035 3039 3031 3033 3026 3027 3025 3024 3012 3035 3028 3024 3017 3028 3018 3008 3019 3027 3026 3027 3020 3022 3024 3009
3063 3054 3053 3055 3048 3040 3046 3052 3047 3051 3045 3043 3048 3065 3046 3041 3048 3049 3042 3046 3049 3035 3050 3040 3038 3038 3030 3035 3040 3039 3042 3042 3022 3043 3046 3047 3042 3041 3048 3045 3042 3032 3050 3038 3037 3044 3031 3029 3026 3035 3022 3029 3036 3027 3015 3013 3020 3019 3021 3015 3016 3027 3024 2997
3046 3057 3056 3054 3053 3041 3043 3043 3041 3051 3060 3061 3044 3052 3052 3054 3048 3058 3062 3058 3043 3038 3048 3049 3033 3040 3056 3049 3050 3048 3047 3055 3043 3038 3062 3050 3045 3029 3055 3058 3061 3042 3051 3042 3048 3060 3047 3042 3041 3035 3037 3031 3030 3035 3021 3014 3028 3022 3016 3022 3035 3026 3014 3012
3021 3020 3021 3028 3012 3008 3016 3018 3018 3023 3038 3035 3023 3019 3025 3032 3034 3033 3018 3027 3025 3027 3016 3014 3014 3015 3038 3027 3043 3038 3048 3027 3044 3055 3054 3043 3057 3047 3049 3055 3058 3037 3037 3042 3041 3055 3038 3039 3036 3041 3028 3037 3032 3021 3021 3021 3036 3027 3027 3023 3032 3035 3027 3016
2984 2990 2991 2994 2989 2975 2959 2975 2992 2999 2989 2996 2985 3005 2997 3003 3013 3009 2991 2992 3012 2988 2998 2995 3006 3003 3016 3006 3023 3023 3023 3031 3043 3038 3041 3037 3031 3038 3048 3041 3040 3047 3039 3023 3046 3045 3045 3027 3031 3029 3031 3035 3038 3032 3033 3032 3018 3032 3028 3036 3016 3038 3029 3033
2970 2974 2990 2973 2979 2978 2983 2995 2994 2983 2987 2986 2987 2987 3002 2994 2993 2996 2982 3003 3013 2999 2994 2999 2997 3014 3033 3020 3019 3018 3026 3039 3043 3049 3043 3058 3047 3053 3044 3046 3047 3038 3058 3048 3036 3038 3038 3027 3033 3026 3030 3034 3026 3030 3025 3032 3025 3032 3020 3012 3030 3029 3029 3039
2980 2982 2996 2981 2990 2984 2988 2991 2990 2997 2982 2996 2986 3007 2995 2995 2998 2988 2986 2996 3005 3028 3023 3018 3011 3023 3024 3022 3016 3019 3032 3030 3030 3033 3044 3047 3054 3051 3050 3042 3051 3061 3052 3062 3043 3045 3043 3033 3044 3025 3030 3041 3040 3031 3030 3038 3034 3033 3027 3039 3025 3027 3020 3015
2966 2991 2987 2991 2975 2978 2991 2993 2996 2992 2994 2987 2991 2982 2986 2985 2985 3006 2986 2984 3019 3027 3020 3032 3015 3023 3010 3027 3026 3032 3036 3034 3033 3058 3051 3051 3054 3043 3048 3053 3066 3060 3056 3066 3047 3032 3053 3046 3037 3037 3043 3048 3030 3039 3041 3035 3024 3029 3022 3031 3020 3008 3013 3014
2958 2964 2962 2976 2976 2988 3003 2997 2983 2999 2999 2996 2979 2976 2971 2980 2999 2989 2984 2996 3003 3014 3018 3028 3005 3009 3013 3040 3039 3037 3052 3057 3047 3069 3064 3044 3056 3056 3071 3062 3051 3048 3047 3040 3051 3039 3051 3044 3055 3045 3033 3043 3033 3039 3038 3033 3026 3012 3009 3015 3027 3031 3013 3023
2961 2980 2965 2972 2973 2981 3004 2996 2996 3002 2998 2993 2988 2986 2978 2996 2999 2993 2994 2997 3010 3020 3014 3025 3007 3021 3028 3044 3043 3050 3044 3057 3045 3065 3073 3072 3068 3066 3051 3057 3054 3051 3061 3072 3065 3065 3065 3065 3047 3049 3038 3043 3030 3029 3024 3043 3028 3019 3017 3017 3021 3020 3015 3025
2976 2968 2953 2973 2980 2982 2990 2995 2992 3014 3007 2989 2983 2982 2986 2990 3006 2997 3003 2998 3015 3017 3026 3011 3028 3038 3033 3029 3033 3040 3042 3057 3064 3067 3061 3070 3076 3063 3068 3070 3048 3054 3062 3075 3072 3081 3077 3091 3077 3055 3054 3024 3048 3037 3028 3049 3016 3032 3020 3015 3021 3018 3021 3011
2988 2984 2980 2975 2984 2984 2985 3007 3019 3008 3000 2996 2987 2998 2998 2993 2996 2995 3006 3008 3016 3020 3021 3024 3013 3040 3028 3035 3050 3040 3049 3049 3063 3073 3086 3073 3092 3076 3080 3071 3067 3080 3075 3079 3073 3084 3084 3089 3081 3063 3063 3039 3031 3046 3050 3043 3024 3016 3030 3020 3020 3010 3003 3011
2986 3004 3003 2996 2988 2994 3008 2999 3008 3008 3004 3001 3001 3009 3019 3009 3008 3006 3014 3024 3019 3024 3025 3021 3020 3026 3030 3025 3036 3040 3038 3049 3057 3081 3077 3082 3093 3090 3081 3089 3092 3087 3081 3072 3073 3088 3084 3087 3088 3074 3053 3050 3048 3036 3054 3044 3042 3036 3030 3013 3019 3008 3015 3016
2993 2996 3008 2994 2990 2986 3008 3004 3011 3014 3016 2998 3006 3013 3015 3019 3011 3016 3013 3021 3022 3032 3013 3028 3021 3024 3013 3025 3037 3035 3043 3042 3065 3086 3071 3087 3083 3085 3084 3082 3098 3085 3094 3075 3086 3081 3099 3108 3082 3070 3059 3068 3059 3051 3050 3053 3050 3036 3038 3023 3018 3027 3009 3016
3005 3003 3020 3000 2993 2994 3000 3020 3016 3015 3014 3004 3014 3009 3025 3013 3019 3007 2992 2996 3014 3031 3027 3024 3040 3039 3039 3047 3038 3036 3049 3062 3084 3083 3071 3090 3084 3101 3080 3079 3097 3086 3086 3098 3098 3088 3082 3097 3082 3087 3076 3047 3040 3043 3047 3055 3052 3043 3037 3043 3046 3037 3023 3013
2999 3002 3012 3003 2998 2994 3006 2988 3013 3003 3007 3004 3019 3003 3010 3016 3007 3025 2999 3009 3029 3024 3022 3024 3037 3036 3044 3043 3043 3043 3057 3068 3071 3085 3076 3090 3099 3093 3102 3096 3084 3087 3088 3090 3089 3097 3087 3092 3090 3090 3079 3057 3059 3061 3058 3042 3053 3054 3057 3036 3045 3026 3030 3008
2981 3003 3002 3012 3002 2993 3010 2990 2990 2994 3003 2999 3004 2996 3012 3001 3021 3011 3009 3008 3029 3022 3021 3027 3032 3034 3031 3032 3040 3055 3051 3059 3069 3076 3077 3088 3102 3101 3114 3094 3083 3079 3086 3090 3089 3078 3076 3097 3091 3090 3089 3075 3061 3065 3069 3051 3058 3060 3046 3041 3026 3017 3017 3026
2991 2999 3014 3005 2992 3008 3007 2993 3005 3002 2994 2995 3001 2996 2998 3013 3013 2999 3008 3012 3021 3018 3030 3025 3030 3036 3024 3053 3040 3046 3054 3064 3070 3074 3095 3087 3087 3082 3095 3088 3080 3075 3088 3108 3091 3072 3086 3094 3098 3095 3077 3077 3081 3068 3064 3054 3053 3051 3044 3048 3035 3018 3021 3021
3006 2996 3011 3012 3005 2994 3021 3005 3004 3007 3000 3010 3000 2993 3009 3001 3003 2996 3003 3012 3023 3027 3030 3040 3028 3026 3047 3054 3049 3049 3067 3080 3096 3093 3085 3106 3094 3094 3086 3094 3083 3086 3098 3097 3079 3083 3085 3092 3093 3101 3093 3090 3066 3076 3070 3065 3068 3052 3046 3038 3043 3031 3020 3014
3002 3000 3009 3010 3007 2995 3005 3002 2995 3003 3015 3011 3005 3000 3013 3008 2999 2995 3008 3020 3025 3027 3031 3033 3030 3031 3047 3053 3040 3049 3082 3080 3092 3087 3097 3102 3084 3088 3088 3083 3094 3100 3080 3091 3084 3091 3109 3098 3083 3096 3088 3084 3087 3094 3081 3089 3062 3040 3046 3040 3035 3028 3025 3022
3005 2999 2993 3009 3019 3004 2993 3009 3017 3010 3009 2992 2993 3002 3002 3007 3007 3003 3011 3014 3025 3009 3032 3025 3034 3036 3046 3048 3072 3073 3069 3075 3086 3080 3100 3094 3087 3097 3095 3095 3097 3102 3086 3081 3088 3068 3085 3085 3092 3098 3093 3078 3089 3101 3089 3085 3080 3049 3053 3040 3045 3030 3029 3015
3005 2998 3012 3008 2997 3004 3010 2997 3001 2998 2999 2996 3004 3008 2991 3009 3009 3010 3012 3017 3019 3013 3029 3021 3030 3047 3058 3069 3060 3068 3068 3070 3085 3093 3090 3093 3087 3091 3085 3084 3106 3098 3091 3094 3082 3086 3080 3079 3083 3093 3084 3074 3076 3072 3091 3091 3066 3066 3043 3029 3030 3027 3019 2999
3000 3015 3006 3003 2999 3003 3004 3011 2996 3008 3016 3007 2999 3003 3010 3007 3008 3004 3025 3004 2994 3011 3011 3020 3027 3051 3056 3058 3077 3080 3079 3079 3084 3078 3083 3086 3082 3082 3096 3087 3082 3082 3099 3087 3096 3086 3074 3085 3070 3092 3083 3079 3082 3093 3085 3085 3065 3062 3044 3035 3026 3014 3013 3008
3009 3009 3006 3000 3000 2992 3029 2996 3008 3010 3003 2996 3006 3003 2979 2993 3004 3005 3009 3010 3008 3008 3020 3024 3027 3042 3054 3080 3084 3070 3091 3074 3089 3083 3076 3079 3084 3084 3095 3087 3086 3090 3099 3101 3089 3092 3088 3073 3085 3081 3076 3074 3076 3084 3083 3088 3080 3065 3048 3031 3025 3020 3024 3021
3008 3008 2998 2998 2999 3010 3012 3008 2992 2991 3011 3004 3002 2996 3000 2988 2997 3005 3008 3015 3010 3022 3004 3021 3027 3049 3044 3077 3085 3083 3090 3079 3073 3081 3075 3085 3098 3094 3079 3087 3080 3088 3091 3088 3091 3081 3086 3083 3088 3092 3073 3074 3082 3087 3086 3090 3072 3069 3046 3041 3039 3032 3020 3027
3003 2991 2987 3000 3003 3011 3013 3015 3001 2996 2988 3007 3001 3003 3002 3005 2993 3019 3008 3019 3022 3026 3017 3015 3035 3042 3054 3078 3073 3090 3090 3073 3078 3072 3078 3081 3089 3092 3093 3094 3087 3093 3089 3092 3085 3092 3088 3085 3094 3101 3083 3091 3081 3089 3088 3098 3068 3054 3041 3039 3031 3039 3031 3024
3003 2993 2998 2996 2998 3002 3004 3015 3004 2996 3016 2997 2992 2997 3005 2997 3006 3012 3003 3018 3000 3015 3022 3020 3043 3054 3065 3086 3080 3076 3091 3073 3098 3083 3091 3081 3103 3089 3077 3081 3094 3088 3092 3084 3092 3085 3087 3088 3093 3085 3078 3078 3089 3100 3089 3093 3066 3055 3047 3034 3029 3021 3016 3008
3015 3002 2992 3002 2998 2989 2997 3016 2999 2996 3008 2995 2985 2980 3008 3008 3011 3019 3011 3016 3005 3020 3005 3031 3038 3055 3071 3082 3072 3067 3087 3075 3092 3092 3091 3071 3077 3085 3099 3089 3093 3089 3107 3088 3087 3079 3095 3081 3089 3069 3082 3090 3106 3092 3092 3088 3061 3059 3050 3037 3023 3034 3006 3014
3018 2998 3000 2996 2991 2994 3005 3002 3006 3007 3006 3000 2994 3003 3006 3010 3005 3006 3013 3010 3017 3022 3022 3024 3027 3051 3072 3067 3089 3068 3080 3092 3076 3088 3085 3083 3077 3091 3097 3092 3092 3094 3081 3094 3085 3091 3090 3097 3085 3083 3077 3089 3091 3084 3102 3090 3062 3055 3038 3038 3024 3018 3007 3010
3006 2989 3002 2989 2994 3003 2996 3003 3003 3009 3007 3001 2992 3006 3014 3019 3014 3003 2999 3007 3012 3014 3010 3013 3015 3042 3062 3065 3073 3079 3076 3087 3076 3076 3080 3080 3079 3090 3092 3093 3091 3104 3100 3090 3099 3076 3096 3094 3076 3080 3080 3086 3077 3084 3090 3077 3064 3049 3042 3026 3027 3021 3007 3004
2989 3000 3002 2993 2999 3006 2999 3006 3018 3012 3008 2986 3003 3002 3011 3016 2998 3013 2997 3008 3005 2992 3012 3015 3029 3042 3060 3064 3060 3081 3084 3079 3077 3081 3081 3074 3089 3094 3096 3094 3084 3091 3092 3078 3078 3086 3095 3079 3080 3074 3075 3090 3090 3085 3086 3083 3069 3051 3043 3020 3023 3016 3004 3019
2985 2990 3005 3000 3004 2988 3001 3005 3007 3011 3006 3005 3014 3008 3016 3008 3002 2995 3010 3003 3003 3000 3010 3002 3026 3025 3058 3062 3064 3069 3077 3084 3091 3092 3088 3080 3084 3094 3090 3088 3100 3081 3089 3101 3090 3097 3083 3084 3078 3073 3076 3077 3079 3076 3080 3077 3051 3054 3040 3039 3036 3032 3028 3012
3004 2997 2989 2988 3006 2996 2998 2999 3005 3001 2990 2997 2994 3008 3007 3021 3000 2995 3007 3001 3010 3011 3007 3007 3025 3022 3056 3066 3057 3069 3088 3087 3096 3086 3088 3090 3083 3091 3100 3098 3094 3105 3089 3075 3078 3090 3084 3086 3076 3078 3096 3074 3090 3077 3073 3072 3062 3055 3039 3033 3036 3034 3013 3032
2996 3005 3004 3006 3008 3004 2997 3003 3002 2985 3000 3007 3008 3001 3003 3012 3023 3013 3002 3014 3015 3012 3011 3005 3008 3024 3042 3037 3064 3075 3087 3088 3077 3099 3085 3086 3090 3082 3098 3095 3084 3088 3078 3074 3087 3086 3083 3071 3079 3079 3089 3085 3081 3090 3083 3087 3057 3036 3035 3038 3036 3022 3018 3027
2997 3001 3009 3013 3000 3013 3006 3015 2991 3001 3006 3002 3002 3002 3009 3003 3003 3011 3007 3011 3006 3011 3025 3004 3026 3024 3032 3047 3049 3069 3067 3089 3085 3090 3081 3089 3085 3086 3087 3094 3092 3078 3077 3091 3092 3085 3086 3084 3084 3085 3084 3079 3089 3073 3084 3066 3060 3058 3028 3026 3028 3017 3012 3010
3007 2991 3009 3013 3011 3009 3004 2999 2996 3004 3009 3008 3008 3002 3008 3004 3003 3011 3004 3014 3010 3009 3012 3011 3014 3016 3013 3034 3054 3049 3082 3090 3072 3065 3076 3080 3074 3079 3088 3092 3080 3074 3092 3080 3069 3082 3094 3085 3088 3079 3086 3086 3076 3085 3074 3066 3048 3028 3021 3009 3019 3025 3000 3014
2996 2980 2988 3007 3021 3018 3007 3005 3002 2996 3003 3005 3001 3005 2996 2985 2999 3013 2995 3014 3015 3011 3018 3021 3006 3008 3011 3020 3036 3065 3075 3079 3073 3075 3074 3095 3079 3087 3078 3078 3075 3098 3085 3070 3087 3106 3083 3092 3083 3089 3081 3099 3081 3081 3070 3069 3048 3039 3035 3031 3028 3024 3029 3011
2996 2990 2998 3003 3021 3006 3005 3001 3006 3015 3010 3010 2995 2998 3005 3007 3000 2998 3007 3011 3010 3008 3005 3018 3014 3004 3011 3004 3034 3057 3072 3071 3076 3079 3075 3062 3078 3093 3091 3081 3076 3105 3085 3080 3091 3084 3083 3099 3073 3086 3093 3085 3090 3084 3073 3065 3047 3037 3032 3049 3042 3028 3028 3026
2982 2982 2998 3014 3021 3010 3001 3007 3003 3007 3004 2997 2993 3002 3004 2995 2981 2991 3008 3006 3012 2994 3008 3009 3008 2998 3012 3015 3023 3054 3073 3078 3064 3084 3065 3070 3089 3102 3076 3089 3086 3081 3079 3088 3084 3087 3078 3087 3092 3069 3077 3078 3075 3089 3075 3060 3057 3039 3046 3046 3035 3030 3027 3030
2982 3004 3001 3016 3021 3010 3009 3002 3005 3003 3007 2993 2992 2998 3015 3005 2994 2987 2998 3007 3006 3029 3025 3012 2995 3002 3011 3008 3039 3035 3056 3070 3076 3065 3067 3077 3073 3083 3091 3088 3077 3075 3089 3085 3086 3074 3094 3070 3067 3094 3078 3093 3072 3094 3071 3054 3053 3040 3057 3064 3044 3028 3027 3011
3003 2994 3007 3001 3021 2998 2982 2999 2993 2998 2991 3004 2995 3007 3018 3000 2995 2992 3002 2995 3026 3010 3014 3017 3013 3007 3012 3022 3030 3038 3049 3065 3061 3072 3077 3076 3085 3091 3098 3090 3088 3089 3090 3088 3097 3076 3083 3076 3080 3099 3090 3081 3083 3068 3057 3062 3047 3055 3046 3042 3045 3029 3033 3034
3003 3004 3007 3002 3003 2998 2984 2991 2991 3005 3007 2988 2994 2989 2996 2999 3000 2997 2995 3003 3008 3006 3016 3028 3007 3017 3014 3010 3012 3026 3047 3058 3055 3082 3078 3083 3079 3093 3092 3090 3085 3082 3102 3100 3086 3086 3078 3077 3083 3093 3078 3094 3089 3093 3062 3036 3050 3045 3053 3048 3039 3035 3026 3020
2980 2989 3003 3003 3009 2990 2983 2982 3009 3000 3013 2996 3010 3007 2998 3004 3015 3008 3003 2989 3014 2999 3027 2995 3010 3014 3008 3015 3009 3033 3037 3050 3067 3076 3093 3093 3081 3073 3091 3084 3091 3084 3089 3074 3090 3071 3082 3081 3089 3094 3089 3084 3082 3064 3065 3057 3054 3052 3041 3038 3036 3044 3030 3021
2984 2991 3005 3013 3010 3009 2996 2999 3007 3000 2997 3004 2998 2998 3014 3015 3003 3007 2992 3011 3005 3001 3011 3012 3001 2998 3023 3011 3002 3018 3027 3043 3060 3071 3077 3088 3082 3071 3080 3086 3085 3088 3075 3076 3085 3085 3094 3087 3092 3105 3100 3087 3074 3061 3059 3062 3055 3048 3036 3038 3034 3026 3029 3023
2982 2993 2998 3013 3001 3005 3003 2993 2997 3002 2996 2999 3005 3020 3007 3007 3010 3002 3003 3006 3012 3011 3014 3016 3007 3011 3011 3006 3007 3015 3030 3054 3063 3082 3080 3075 3079 3064 3076 3080 3079 3078 3077 3084 3080 3087 3087 3095 3104 3098 3090 3072 3066 3049 3061 3048 3037 3040 3038 3043 3044 3030 3022 3023
2990 3001 3009 3014 3004 3009 3003 2994 2997 3000 2989 2982 2998 2994 3012 3012 3008 3015 3001 2992 3011 3016 3026 3031 3011 3019 2999 2995 3001 3000 3034 3046 3078 3072 3074 3089 3070 3082 3072 3088 3081 3089 3089 3083 3091 3085 3094 3084 3083 3075 3069 3068 3068 3071 3037 3041 3027 3016 3024 3033 3025 3019 3020 3017
2996 3003 3003 3004 3005 3012 3000 3012 3000 3005 2992 2996 3000 2991 3019 3011 3006 3003 3000 3009 3023 3007 3032 3008 3010 3004 3005 3013 3016 3023 3029 3054 3055 3085 3079 3087 3084 3086 3086 3079 3100 3081 3088 3077 3090 3081 3084 3077 3071 3095 3082 3071 3062 3061 3052 3035 3031 3025 3019 3023 3026 3022 3031 3039
2983 3006 2993 3008 3005 3007 3006 3006 2993 2994 2996 3005 2983 3005 3006 3014 3004 3005 3004 3012 3014 3014 3027 3019 3014 3007 3021 3014 3019 3018 3037 3042 3055 3088 3085 3093 3094 3085 3087 3076 3097 3082 3091 3083 3090 3088 3074 3067 3077 3080 3074 3067 3060 3048 3042 3039 3027 3032 3029 3029 3019 3033 3045 3034
3004 3004 3006 3015 3017 3011 3000 2997 2997 3000 3006 3008 2991 3004 2996 3004 3013 3003 3020 3013 3017 3013 3026 3026 3015 3032 3022 3033 3025 3045 3046 3066 3069 3074 3089 3086 3094 3079 3079 3078 3087 3091 3091 3085 3085 3081 3087 3090 3076 3083 3071 3075 3060 3037 3041 3040 3019 3025 3030 3024 3030 3031 3033 3038
3004 2998 3009 3007 3010 3007 3000 2999 3001 3001 3011 3000 3018 3008 3021 3001 2998 3003 3007 3009 3009 3014 3015 3017 3014 3016 3030 3038 3029 3045 3071 3073 3077 3093 3079 3085 3074 3083 3082 3084 3078 3081 3092 3095 3091 3092 3102 3074 3081 3068 3071 3067 3051 3039 3028 3041 3041 3015 3026 3016 3036 3027 3031 3041
2978 2995 2998 3000 2993 3004 2993 2989 2986 3000 3010 3004 2996 3017 3010 3009 2997 3006 3006 3016 3020 3017 3020 3026 3024 3030 3035 3055 3050 3058 3074 3075 3086 3084 3083 3077 3084 3086 3081 3093 3083 3082 3091 3088 3074 3092 3089 3076 3080 3070 3070 3062 3062 3053 3069 3052 3041 3023 3029 3026 3030 3030 3034 3028
2986 2991 2991 2996 2984 2992 2996 2991 3004 2998 3012 2994 3008 3012 3027 3006 3001 3004 3014 3019 3021 3017 3035 3040 3039 3036 3049 3067 3060 3076 3071 3083 3090 3079 3083 3077 3076 3083 3098 3088 3085 3087 3085 3091 3084 3085 3089 3089 3074 3069 3070 3079 3055 3050 3044 3043 3041 3027 3022 3028 3028 3028 3040 3018
2990 2999 2998 2985 2989 3001 2987 2998 3009 3006 2996 3020 3020 3016 3016 3015 3023 3028 3034 3025 3028 3038 3043 3037 3057 3060 3060 3055 3061 3081 3086 3083 3087 3086 3079 3085 3095 3091 3087 3078 3082 3097 3092 3095 3094 3082 3084 3084 3096 3081 3078 3078 3065 3070 3041 3050 3041 3036 3033 3041 3038 3050 3048 3032
3002 2991 2998 3003 3003 3015 2991 3012 3017 3019 2982 3022 3023 3039 3030 3021 3033 3030 3042 3039 3033 3040 3039 3056 3051 3068 3054 3056 3058 3084 3096 3108 3092 3087 3081 3087 3087 3094 3098 3085 3088 3096 3090 3108 3091 3093 3082 3102 3095 3086 3096 3078 3072 3076 3063 3059 3059 3054 3050 3067 3036 3059 3055 3038
3000 3004 3003 3018 3008 3009 3005 3012 3016 3006 3020 3032 3053 3039 3024 3032 3049 3057 3055 3048 3052 3049 3046 3069 3063 3063 3059 3063 3067 3075 3085 3099 3095 3093 3084 3101 3081 3092 3083 3088 3095 3088 3096 3092 3093 3085 3094 3083 3094 3086 3077 3076 3079 3079 3069 3054 3065 3078 3056 3065 3063 3061 3047 3043
2998 2999 3016 3018 3014 3003 3001 3017 3022 3028 3027 3036 3047 3051 3034 3052 3049 3039 3064 3060 3057 3053 3051 3051 3071 3061 3064 3073 3067 3074 3088 3104 3090 3103 3100 3092 3096 3081 3081 3082 3092 3098 3094 3089 3088 3080 3076 3092 3085 3078 3081 3069 3084 3086 3075 3073 3079 3078 3077 3062 3060 3060 3057 3055
3002 3005 3008 3013 3003 3010 3014 3024 3042 3034 3050 3038 3055 3045 3045 3057 3055 3055 3060 3059 3065 3067 3071 3058 3067 3070 3062 3064 3071 3071 3076 3082 3083 3084 3076 3081 3090 3082 3098 3079 3095 3096 3080 3082 3090 3083 3078 3081 3078 3095 3069 3082 3085 3086 3079 3071 3077 3074 3079 3069 3065 3066 3059 3064
2996 3001 2993 3005 3020 3005 3015 3025 3041 3044 3032 3041 3059 3050 3034 3057 3050 3050 3059 3064 3062 3064 3067 3073 3073 3047 3063 3067 3071 3082 3074 3075 3079 3077 3072 3075 3088 3090 3073 3077 3079 3083 3089 3079 3090 3075 3077 3071 3080 3076 3088 3069 3083 3071 3069 3062 3069 3071 3057 3048 3059 3084 3062 3051
3003 2991 3003 3012 3018 3016 3041 3029 3055 3032 3048 3043 3044 3051 3048 3067 3059 3069 3070 3065 3075 3070 3076 3064 3072 3075 3063 3064 3082 3074 3077 3075 3081 3077 3066 3077 3078 3088 3073 3093 3088 3070 3068 3064 3083 3080 3074 3076 3074 3072 3078 3078 3080 3074 3074 3073 3060 3070 3070 3046 3065 3059 3061 3058
2979 2988 3005 3007 3018 3021 3041 3039 3060 3054 3048 3048 3039 3059 3059 3055 3055 3054 3072 3070 3075 3079 3065 3065 3077 3079 3069 3080 3082 3073 3074 3066 3067 3062 3065 3065 3067 3078 3086 3069 3074 3057 3072 3066 3077 3065 3073 3073 3069 3074 3082 3077 3062 3078 3080 3080 3075 3078 3072 3071 3058 3056 3060 3082
