3052 3046 3045 3050 3055 3052 3049 3051 3045 3044 3043 3042 3017 3039 3024 3036 3034 3030 3032 3036 3030 3030 3012 3014 3024 3034 3045 3020 3023 3015 3028 3030 3028 3034 3023 3023 3044 3050 3035 3046 3037 3051 3036 3042 3043 3029 3045 3026 3030 3010 3009 3022 3010 3009 3011 3019 3012 3019 3008 2999 3003 3003 2987 2992
3038 3049 3048 3053 3050 3034 3043 3045 3048 3045 3026 3021 3011 3029 3023 3032 3033 3027 3024 3025 3033 3036 3038 3028 3038 3041 3035 3030 3032 3025 3039 3048 3025 3032 3040 3040 3052 3052 3049 3032 3037 3048 3044 3045 3042 3042 3020 3037 3035 3020 3026 3025 3019 3002 3014 3009 2997 3017 3007 2997 3013 3004 3003 3003
3043 3039 3046 3036 3039 3029 3039 3038 3040 3023 3021 3008 3023 3026 3027 3029 3016 3012 3032 3043 3031 3036 3031 3049 3040 3045 3035 3045 3036 3044 3047 3046 3037 3042 3044 3057 3070 3067 3061 3047 3043 3036 3045 3043 3040 3023 3031 3041 3029 3033 3029 3010 3007 2999 3006 3005 3018 3015 3006 3016 3006 2996 3012 3013
3028 3048 3041 3033 3050 3050 3037 3039 3036 3015 3030 3038 3029 3030 3033 3023 3021 3017 3010 3011 3034 3041 3019 3017 3028 3024 3038 3041 3037 3039 3043 3052 3044 3049 3051 3057 3061 3064 3049 3059 3049 3049 3047 3040 3046 3033 3027 3040 3053 3034 3018 3019 3020 3016 3017 3008 3014 3013 3007 3010 2996 3009 3012 3010
3027 3031 3039 3037 3049 3033 3035 3038 3027 3040 3041 3033 3032 3030 3029 3012 3019 3008 3018 3014 3029 3026 3018 3029 3033 3032 3021 3028 3043 3049 3045 3042 3039 3049 3060 3050 3056 3052 3066 3062 3049 3056 3047 3042 3056 3039 3046 3038 3043 3044 3031 3020 3017 3030 3034 3041 3033 3016 3014 3013 2996 3017 3005 2998
3030 3039 3029 3035 3034 3036 3032 3039 3033 3021 3033 3023 3024 3034 3021 3026 3031 3010 3019 3012 3024 3039 3043 3028 3024 3041 3040 3034 3042 3046 3043 3044 3054 3057 3058 3068 3070 3072 3064 3061 3052 3051 3048 3057 3050 3040 3051 3045 3049 3049 3040 3036 3023 3028 3025 3028 3031 3029 3018 3024 3009 3001 2992 3018
3029 3016 3009 3025 3029 3038 3025 3023 3017 3025 3027 3015 3020 3020 3002 3019 3022 3022 3017 3021 3016 3017 3024 3033 3014 3030 3029 3046 3044 3052 3053 3047 3049 3057 3055 3054 3066 3064 3066 3068 3063 3066 3061 3044 3058 3051 3047 3043 3050 3036 3032 3030 3013 3011 3024 3024 3017 3004 3022 3023 3016 3005 2995 3004
2999 2993 2992 3003 3008 3011 3004 3003 2989 3006 3000 3004 3008 3007 2997 2991 3004 3000 3010 2998 3009 3011 3017 3016 3022 3025 3034 3037 3032 3022 3032 3039 3023 3034 3042 3046 3075 3068 3066 3058 3067 3072 3056 3050 3053 3073 3065 3050 3046 3042 3048 3047 3032 3026 3017 3012 3027 3022 3022 3032 3023 2988 3002 3004
2975 2980 2961 2988 2973 2978 2982 2975 2979 2978 2975 2983 2968 2970 2984 2981 2973 2980 2977 2998 2992 2996 2998 3004 3009 3014 3026 3025 3007 2999 3024 3022 3006 3013 3034 3030 3058 3064 3059 3059 3059 3084 3069 3071 3069 3070 3058 3061 3056 3057 3051 3049 3045 3025 3035 3024 3018 3029 3023 3029 3025 3008 3015 3004
2970 2975 2980 2962 2966 2969 2981 2972 2969 2971 2967 2965 2977 2984 2986 2987 2988 2978 2989 2988 2991 2998 3009 2995 3017 3017 3023 3023 3015 3020 3026 3029 3021 3028 3034 3056 3055 3058 3072 3068 3084 3080 3080 3091 3082 3088 3073 3071 3067 3067 3058 3057 3051 3039 3029 3033 3037 3033 3023 3019 3009 3012 3009 2996
2969 2968 2990 2977 2977 2971 2981 2983 2980 2976 2982 2970 2975 2994 2988 2997 2984 2974 2989 2996 3007 2998 3027 3005 3019 3017 3021 3032 3021 3021 3024 3034 3032 3045 3058 3059 3074 3061 3073 3070 3079 3096 3090 3092 3090 3070 3091 3084 3081 3081 3065 3050 3059 3045 3044 3042 3037 3028 3034 3024 3015 3026 3002 3010
2961 2989 2974 2979 2972 2980 2982 2976 2967 2977 2966 2976 2982 2992 2992 2992 2989 2992 2995 2997 3004 3017 3009 3013 3018 3011 3026 3018 3022 3027 3027 3030 3037 3044 3061 3076 3069 3068 3081 3088 3094 3093 3105 3088 3076 3079 3112 3093 3072 3070 3067 3060 3053 3048 3042 3044 3038 3035 3027 3008 3008 3012 3017 3010
2959 2968 2976 2974 2983 2991 2965 2986 2972 2987 2976 2993 2979 2996 2985 2986 2985 2989 2978 2992 2999 3020 3020 3000 3007 3012 3018 3032 3025 3015 3028 3033 3044 3051 3063 3072 3081 3092 3096 3092 3096 3099 3086 3101 3111 3094 3093 3095 3092 3093 3074 3061 3057 3055 3056 3047 3032 3032 3030 3018 3022 3010 3004 3002
2961 2974 2979 2985 2979 2986 2970 2973 2968 2986 2985 2988 2990 2979 2978 2988 2980 2983 2992 2986 3017 2998 3013 3006 3006 3012 3028 3022 3026 3024 3026 3043 3067 3070 3081 3081 3095 3086 3090 3095 3090 3089 3095 3104 3089 3093 3109 3084 3104 3089 3079 3067 3059 3062 3051 3049 3043 3039 3029 3022 3020 3029 3025 3008
2972 2980 2981 2976 2969 2973 2960 2982 2998 2990 2986 2981 2976 2977 2983 2991 2976 2986 2982 3000 2990 3005 3011 3015 3015 3014 3020 3025 3014 3021 3042 3054 3077 3086 3083 3083 3086 3077 3089 3090 3085 3084 3087 3072 3093 3105 3092 3096 3088 3093 3094 3066 3063 3054 3054 3049 3051 3047 3047 3034 3032 3024 3017 3002
2970 2977 2983 2972 2981 2998 2985 2979 2986 2995 2989 2989 2981 2990 2982 2998 2997 3001 2997 3006 3005 3003 3012 3011 3022 3007 3009 3020 3015 3039 3055 3085 3077 3075 3087 3082 3084 3089 3095 3094 3084 3090 3081 3095 3082 3086 3101 3096 3087 3092 3086 3089 3064 3044 3053 3061 3062 3072 3058 3028 3033 3021 3018 3020
2976 2975 3002 2992 2990 2981 3009 3013 2976 2979 2982 2985 2993 2994 2982 2991 2983 2997 2998 3016 3004 3018 3024 3025 3014 3018 3011 3033 3022 3041 3073 3083 3085 3083 3083 3088 3102 3081 3073 3076 3081 3084 3083 3082 3086 3098 3077 3085 3093 3090 3086 3082 3068 3042 3054 3065 3072 3087 3056 3048 3047 3019 3018 3027
2985 2992 2997 2994 2972 2992 2993 3012 2985 2985 2998 2990 2999 2993 2993 2993 2986 2993 3009 3023 3002 3017 3012 3021 3021 3022 3013 3027 3040 3058 3077 3075 3087 3079 3078 3084 3093 3085 3084 3075 3086 3086 3084 3093 3081 3082 3077 3093 3092 3095 3078 3088 3071 3063 3065 3076 3072 3088 3074 3053 3039 3040 3021 3016
3002 3000 2997 2999 2976 2979 2999 2986 2990 3000 3003 2989 2990 2990 2984 2990 2984 3000 3018 3017 3016 3023 3033 3018 3016 3021 3015 3036 3046 3064 3079 3080 3076 3070 3081 3079 3086 3095 3086 3081 3079 3087 3084 3086 3081 3087 3086 3100 3096 3106 3092 3087 3081 3070 3080 3079 3079 3084 3071 3062 3056 3028 3017 3016
2995 2993 3006 2996 2991 2987 2998 3001 2983 2990 3010 3006 2991 2987 2996 3001 2997 2998 3004 3014 3020 3018 3026 3025 3034 3026 3039 3038 3068 3080 3080 3077 3080 3073 3087 3087 3075 3079 3082 3079 3098 3083 3099 3081 3076 3083 3089 3092 3092 3091 3088 3081 3088 3080 3078 3070 3080 3090 3087 3075 3050 3038 3012 3024
2985 2987 2985 3005 3007 2992 2998 2992 2996 2983 2995 2994 3001 2992 3000 3005 2995 3007 2998 3013 3022 3023 3033 3034 3020 3032 3048 3058 3067 3088 3084 3089 3089 3082 3076 3080 3075 3087 3079 3088 3087 3103 3090 3084 3081 3081 3075 3076 3082 3097 3082 3091 3083 3083 3080 3092 3074 3077 3071 3053 3035 3025 3027 3018
2995 2998 2995 3001 3011 3003 2986 3005 2993 2997 3022 3021 3006 3001 2997 3003 3003 3003 3004 3012 3022 3027 3018 3040 3030 3056 3049 3060 3085 3088 3095 3080 3091 3079 3092 3086 3074 3087 3090 3078 3088 3098 3072 3094 3084 3080 3101 3093 3087 3092 3090 3089 3084 3090 3082 3086 3069 3076 3070 3061 3037 3030 3029 3024
3004 3011 3023 3025 3004 3009 3017 3024 3016 3015 3025 3025 3022 3016 3014 3009 3015 3017 3018 3005 3015 3019 3033 3035 3043 3063 3055 3065 3072 3075 3088 3080 3068 3078 3063 3069 3070 3099 3080 3073 3097 3073 3090 3097 3091 3092 3096 3078 3100 3102 3083 3074 3091 3077 3084 3085 3080 3082 3073 3056 3049 3041 3022 3014
3018 3007 3024 3021 3018 3014 3006 3012 3004 3016 3005 3023 3011 3017 3013 3006 3014 3019 3018 3015 3021 3025 3038 3042 3046 3061 3071 3068 3081 3074 3072 3083 3072 3068 3067 3068 3081 3066 3087 3084 3084 3094 3085 3084 3086 3093 3093 3093 3100 3108 3096 3085 3093 3084 3077 3091 3079 3074 3048 3047 3039 3032 3026 3024
3013 3001 3006 3004 3008 3012 3007 3001 2994 3003 2996 2998 2997 2990 2986 3016 3008 3010 3018 3018 3015 3029 3035 3049 3051 3066 3070 3072 3078 3065 3081 3076 3080 3057 3071 3059 3065 3071 3086 3089 3091 3106 3093 3087 3087 3106 3099 3090 3094 3088 3093 3093 3075 3071 3080 3089 3078 3084 3058 3058 3035 3045 3018 3020
3012 3001 2994 3004 3006 3001 2993 2998 3006 2995 2986 3003 3001 2993 2983 3001 2992 3006 3001 3003 3024 3025 3047 3057 3056 3060 3075 3076 3081 3088 3071 3076 3079 3081 3090 3090 3078 3071 3089 3092 3079 3089 3088 3091 3089 3098 3103 3099 3085 3089 3104 3102 3087 3065 3065 3091 3079 3075 3071 3039 3052 3030 3028 3029
3008 2998 2985 2992 3002 3010 3007 2994 2972 2981 2984 3008 3010 3005 2986 2982 2996 3003 2999 3007 2995 3025 3043 3044 3058 3064 3075 3086 3069 3072 3072 3082 3083 3085 3103 3081 3088 3081 3082 3092 3092 3080 3089 3104 3092 3100 3105 3089 3086 3094 3100 3105 3087 3065 3077 3072 3089 3072 3070 3059 3046 3034 3025 3038
2991 2984 2987 2994 3002 2988 2998 2995 2991 2979 2998 2997 3009 2991 2988 2999 2983 2990 2986 2997 3012 3021 3046 3050 3063 3061 3070 3075 3074 3072 3089 3085 3087 3099 3096 3084 3075 3082 3087 3093 3084 3082 3089 3092 3100 3100 3086 3110 3092 3102 3098 3083 3085 3066 3078 3086 3080 3087 3070 3064 3040 3026 3033 3027
2995 2993 2999 2992 3001 2989 2997 2979 2985 2987 2991 2989 2990 2986 2982 2998 2986 2998 2990 3002 2998 3048 3040 3053 3059 3065 3057 3070 3078 3068 3073 3087 3079 3082 3087 3098 3083 3087 3083 3075 3083 3082 3091 3094 3086 3095 3094 3092 3102 3094 3085 3093 3087 3074 3080 3082 3093 3077 3074 3070 3047 3028 3040 3027
2988 3001 2991 2994 3009 3007 2985 2993 2982 2983 2996 2998 2994 2992 3003 2989 2989 2987 2988 3002 3009 3028 3055 3061 3066 3072 3062 3063 3086 3085 3079 3075 3076 3080 3085 3081 3092 3092 3078 3073 3090 3075 3084 3094 3096 3081 3079 3093 3090 3095 3078 3079 3090 3089 3082 3098 3093 3070 3071 3056 3042 3031 3037 3037
2989 2995 2993 2999 2995 3002 2996 2993 2994 2993 2987 2986 2989 2986 2983 2994 2981 2985 2991 2994 3006 3038 3041 3053 3077 3061 3061 3053 3082 3081 3070 3064 3076 3078 3100 3095 3092 3087 3086 3085 3092 3089 3093 3091 3090 3091 3097 3080 3089 3078 3088 3094 3088 3073 3082 3091 3081 3069 3068 3046 3030 3037 3026 3010
3003 2982 2988 2988 2996 2991 3015 3001 2987 2997 2976 2987 2982 2976 2995 2985 2975 2991 2982 2993 3005 3013 3051 3065 3067 3056 3062 3064 3063 3078 3080 3071 3061 3082 3082 3092 3083 3093 3085 3082 3083 3093 3085 3107 3083 3095 3087 3110 3101 3073 3086 3072 3096 3082 3092 3090 3078 3077 3070 3042 3055 3028 3025 3018
2983 3000 2984 2994 2989 2985 2992 2984 2988 2984 2989 2992 2987 2995 2982 2981 2986 2999 2979 3002 3005 3018 3040 3058 3044 3061 3060 3068 3088 3077 3082 3063 3064 3078 3077 3068 3088 3095 3086 3086 3080 3083 3087 3101 3088 3088 3096 3095 3093 3089 3089 3096 3095 3092 3086 3085 3087 3088 3067 3055 3044 3025 3014 3017
2989 2998 2998 3003 3004 2992 2988 2996 2991 2989 2997 2993 2997 2985 2989 2987 2998 2994 2985 3008 3003 3029 3027 3037 3064 3059 3057 3073 3085 3084 3072 3069 3081 3087 3084 3089 3092 3090 3090 3099 3082 3083 3086 3096 3092 3100 3094 3085 3092 3094 3083 3091 3087 3091 3092 3075 3090 3085 3057 3047 3027 3010 3013 3014
3011 3012 3013 3002 3007 3025 3014 3010 3014 3003 2990 3005 3010 3009 2994 2995 3002 3009 2999 3003 3016 3016 3038 3049 3057 3075 3061 3070 3069 3073 3073 3072 3071 3073 3077 3105 3095 3097 3086 3082 3087 3092 3080 3080 3085 3085 3091 3103 3085 3094 3083 3087 3078 3082 3085 3095 3079 3077 3069 3058 3040 3027 3015 3042
3006 3011 3017 3026 3027 3016 3011 3023 3019 2998 3006 3005 3005 2996 3007 2996 2997 2996 2999 2999 3006 3015 3032 3031 3060 3080 3075 3067 3073 3069 3073 3069 3066 3074 3088 3096 3089 3074 3092 3088 3088 3092 3084 3089 3070 3087 3084 3107 3090 3078 3092 3085 3093 3077 3093 3090 3079 3077 3071 3054 3035 3018 3027 3036
3009 3000 2998 3000 2988 3011 3006 3013 3003 3011 2990 3012 3007 2989 2989 2991 3002 2982 2998 2999 2997 2997 3008 3032 3071 3081 3081 3082 3068 3054 3074 3053 3077 3087 3080 3082 3078 3089 3090 3093 3089 3084 3102 3095 3086 3090 3088 3080 3082 3072 3084 3092 3088 3088 3085 3093 3069 3078 3053 3037 3034 3009 3016 3015
2996 2994 2994 2982 2998 2993 2997 3002 2995 3000 2997 2998 2995 2992 2990 2986 2999 2992 2973 2973 2983 2993 2999 3019 3039 3059 3076 3068 3069 3063 3072 3069 3068 3086 3078 3082 3078 3089 3080 3100 3091 3086 3082 3093 3090 3100 3097 3090 3095 3084 3088 3098 3102 3095 3087 3072 3075 3068 3059 3050 3015 3007 3015 3017
2984 2977 2976 2990 3001 2995 2985 2990 2997 2991 2982 2988 2979 2986 3001 2995 2977 2996 2985 2991 2984 2995 3001 3012 3041 3049 3045 3068 3067 3069 3080 3081 3079 3084 3080 3084 3080 3092 3098 3105 3104 3099 3109 3084 3101 3087 3098 3095 3094 3090 3093 3094 3103 3095 3084 3077 3080 3085 3051 3042 3031 3007 3018 3012
2977 3001 2993 2996 3001 2998 2992 2994 2999 2995 2974 2965 2990 2986 3005 2996 2991 2989 3001 2999 2988 2991 2989 3010 3019 3041 3055 3069 3065 3078 3078 3077 3074 3076 3071 3088 3091 3081 3100 3089 3089 3085 3100 3106 3087 3098 3095 3099 3091 3085 3094 3101 3091 3097 3085 3084 3090 3075 3063 3035 3024 3028 3020 3028
2989 2987 2999 2998 2998 2993 2993 2983 3005 3008 2986 2994 3002 2994 2994 2991 2989 2995 3001 3007 2983 2999 2978 3001 3019 3015 3043 3056 3074 3074 3074 3073 3067 3081 3072 3063 3075 3090 3088 3086 3097 3094 3083 3084 3079 3103 3089 3097 3096 3085 3086 3101 3098 3095 3068 3066 3065 3069 3052 3034 3022 3017 3019 3016
2985 2991 2992 2997 2993 3002 2983 2990 3006 2997 2991 2982 2995 2996 2994 2978 2995 2992 3010 2996 2991 2999 3000 2996 2998 3005 3037 3042 3061 3066 3066 3059 3082 3063 3061 3073 3082 3081 3089 3087 3095 3105 3079 3084 3106 3106 3082 3080 3087 3089 3092 3096 3102 3096 3071 3068 3071 3069 3047 3033 3022 3021 3021 3035
2981 2990 2987 2999 2993 2978 3001 2998 3007 3008 3010 2996 2990 2981 2983 2997 2993 2991 2994 2996 3010 2998 2991 3001 2982 3013 3039 3036 3051 3065 3069 3055 3077 3062 3069 3075 3079 3084 3090 3092 3100 3096 3094 3086 3093 3083 3081 3088 3084 3080 3101 3083 3090 3096 3064 3074 3071 3075 3056 3032 3021 3006 3009 3006
2981 2976 2986 2982 2996 3003 2999 2998 2993 2988 2994 2999 2997 2991 2987 2991 2990 2984 2983 2996 2998 3003 2995 2987 2980 2999 3019 3046 3047 3050 3062 3072 3057 3072 3073 3089 3081 3074 3083 3092 3088 3088 3093 3092 3089 3087 3078 3091 3081 3076 3073 3088 3089 3093 3095 3079 3070 3072 3045 3028 3005 3011 3009 3003
2991 2999 2997 2991 2998 2987 2985 2995 2987 2998 3007 3007 2996 2987 2983 2994 3005 2988 2979 2985 2997 2983 3017 2994 2986 3000 3008 3028 3068 3069 3076 3070 3082 3075 3074 3074 3083 3084 3092 3078 3088 3097 3080 3092 3090 3094 3079 3093 3094 3083 3096 3092 3095 3085 3082 3079 3076 3048 3031 3026 3019 2999 3012 3007
2991 2998 3007 3009 2989 3001 2997 2984 2989 2993 3001 3004 2995 2982 2995 3004 2997 3001 2993 2982 2975 2986 2997 3000 2988 2994 2992 3028 3047 3077 3061 3062 3064 3066 3070 3077 3082 3086 3079 3083 3083 3085 3072 3077 3082 3085 3085 3094 3092 3088 3103 3103 3095 3083 3079 3069 3051 3041 3034 3029 3025 3014 3005 2987
2990 2998 3014 3001 2984 2990 2991 2995 2991 2992 3004 2995 2993 2994 2989 2993 2990 3004 2979 2997 2984 2988 2996 2987 2994 2994 2999 3022 3050 3059 3067 3061 3070 3085 3074 3067 3092 3087 3090 3086 3094 3099 3087 3091 3095 3083 3090 3089 3087 3094 3106 3102 3091 3087 3073 3063 3040 3016 3018 3019 3009 3014 3013 3010
2988 3001 3013 2996 2989 2990 2989 2990 2994 2992 2993 2998 2995 2991 2994 3007 2998 3002 2993 2985 2985 2979 2987 2977 2985 2999 2990 3015 3037 3048 3064 3058 3077 3065 3063 3075 3075 3066 3083 3081 3090 3084 3100 3102 3100 3089 3104 3090 3104 3082 3095 3098 3097 3077 3062 3047 3043 3017 3006 3020 3013 3004 3005 2994
2989 2997 2995 2998 2987 2984 2995 2996 2989 2994 2988 2989 2984 2985 2978 2996 2993 2988 2985 2994 2986 2981 2989 2986 2995 2993 3006 3007 3035 3048 3066 3072 3068 3080 3073 3085 3084 3067 3088 3083 3100 3077 3086 3095 3098 3099 3092 3082 3089 3079 3088 3096 3090 3078 3051 3036 3024 3027 3016 2996 3013 3004 2997 2997
2997 3005 2982 2992 2992 2999 2989 2988 2991 2976 2979 2990 2979 2982 2999 2984 2998 2980 3002 2987 2994 2998 2992 2999 2994 2994 2999 3003 3021 3057 3083 3079 3086 3083 3073 3088 3086 3082 3081 3086 3086 3083 3083 3094 3090 3094 3096 3084 3077 3076 3083 3093 3081 3061 3030 3024 3015 3008 3005 2990 3003 3010 3005 3016
2995 2997 2994 3004 3002 3001 2990 2997 2988 2988 2983 2981 2987 2982 2983 2990 2989 2984 2991 2993 2999 2987 3001 2993 2996 2992 2996 3003 3010 3049 3079 3085 3080 3079 3087 3087 3074 3085 3073 3090 3093 3095 3076 3080 3081 3095 3078 3089 3084 3072 3085 3080 3073 3062 3038 3028 3018 3014 3028 3016 3003 2989 3015 3005
3001 2997 2982 2975 2982 2993 2991 2991 2989 2993 2979 2974 2985 2975 2991 2980 2981 2990 2996 2984 2997 2977 3001 3003 2997 2994 3005 3009 3024 3040 3063 3084 3078 3069 3099 3086 3096 3099 3095 3087 3086 3093 3074 3082 3084 3104 3083 3070 3071 3079 3075 3072 3054 3050 3044 3030 3034 3027 3010 3007 2993 3006 3011 3005
3005 2992 2992 2983 2982 2995 2983 2987 2979 2989 2988 2980 2992 2994 2988 2979 2985 3001 2982 2980 2990 2990 2999 2993 2996 2990 2992 3002 3015 3041 3070 3077 3078 3085 3081 3068 3095 3092 3078 3079 3077 3079 3091 3090 3087 3081 3096 3088 3093 3088 3071 3073 3066 3060 3043 3041 3032 3016 3024 3015 3011 3012 3012 3006
2992 2982 2987 2995 2982 2979 2991 2991 2978 2985 2989 2982 2976 2975 2991 2981 2991 2988 2992 2994 3000 2993 2996 3003 2981 2996 2987 3006 3020 3041 3064 3071 3086 3079 3076 3082 3090 3097 3075 3071 3076 3087 3080 3089 3080 3091 3090 3101 3090 3090 3087 3092 3063 3055 3033 3037 3045 3029 3033 3008 3020 3027 3024 3027
2985 2974 2978 2979 2983 2985 2995 2990 2992 2995 2978 2976 2984 2991 2984 2977 2983 2982 2996 2990 2990 2989 3005 2980 2983 2982 2979 2991 3008 3024 3061 3077 3073 3087 3092 3101 3091 3104 3079 3080 3085 3082 3097 3093 3081 3074 3074 3095 3100 3085 3086 3089 3065 3038 3032 3026 3015 3026 3026 3013 3019 3010 3012 3021
2974 2967 2990 2977 2988 2976 2985 2992 2994 2985 2969 2986 2994 2984 2990 2991 2985 2989 2987 2991 2991 2988 2994 2992 2983 2984 2984 2997 3012 3040 3044 3057 3073 3081 3093 3095 3082 3090 3085 3085 3095 3110 3089 3077 3072 3069 3088 3097 3099 3093 3090 3076 3061 3053 3017 3016 3011 3021 3020 3028 3017 3017 3015 3012
2995 2989 2990 3000 2988 2987 2992 2991 2988 2987 3001 2993 3007 2986 3003 2998 2990 2993 2989 2989 3005 3002 2997 3000 2993 3007 3000 3005 3029 3044 3078 3077 3084 3081 3090 3085 3087 3093 3081 3066 3086 3085 3088 3093 3097 3082 3090 3087 3095 3089 3094 3093 3072 3029 3043 3016 3032 3014 3017 3022 3034 3015 3019 3019
2994 2998 3009 3001 2987 2982 2997 2978 2993 2996 3006 3003 3004 3000 2995 3001 2989 2988 2988 3003 3003 2998 3008 2998 3018 3004 3004 3018 3051 3074 3079 3093 3073 3080 3086 3085 3078 3070 3087 3080 3077 3083 3088 3096 3102 3124 3093 3081 3093 3097 3091 3082 3058 3041 3055 3042 3016 3029 3035 3030 3036 3042 3025 3021
2975 2991 3003 2998 2998 2994 3015 2990 3007 2999 3013 3008 2991 3004 3005 2993 2994 2996 3009 2998 2994 3004 3002 3017 3011 3016 3019 3050 3051 3060 3089 3098 3079 3081 3093 3093 3077 3087 3086 3077 3089 3095 3088 3099 3106 3094 3090 3092 3090 3090 3091 3092 3070 3045 3052 3047 3044 3026 3027 3029 3046 3044 3042 3033
2976 2994 3011 3005 2992 3003 3014 3004 3004 3012 3001 3010 2993 3010 3005 3016 3003 2995 2990 2988 3006 3014 3012 3006 3026 3031 3055 3048 3064 3075 3077 3106 3079 3094 3085 3096 3091 3080 3081 3080 3089 3115 3096 3101 3092 3094 3093 3088 3090 3098 3083 3083 3078 3062 3075 3053 3041 3029 3049 3047 3048 3039 3053 3030
2993 2991 3006 3006 2988 2996 3004 2996 3001 2993 2996 2995 3009 3006 3009 3005 3014 3018 3012 3017 3014 3020 3038 3049 3041 3058 3056 3070 3076 3066 3089 3080 3085 3090 3096 3092 3086 3088 3088 3074 3089 3108 3112 3098 3105 3095 3079 3079 3099 3089 3088 3085 3087 3073 3056 3055 3048 3053 3046 3047 3043 3042 3044 3036
3003 3010 3007 2988 2984 2991 2991 3010 2995 2986 2997 2983 2985 3008 3010 3002 2999 3012 3025 3023 3017 3041 3071 3077 3069 3068 3082 3090 3079 3073 3079 3088 3093 3088 3095 3097 3083 3090 3076 3069 3085 3094 3099 3099 3100 3103 3100 3077 3091 3088 3087 3065 3072 3077 3064 3059 3074 3068 3056 3048 3041 3035 3041 3042
2997 3000 2983 2988 2997 2999 3007 2999 2992 2989 3006 2994 2992 3005 3023 3010 3011 3021 3031 3052 3044 3043 3051 3050 3062 3074 3068 3086 3091 3084 3077 3084 3082 3084 3093 3082 3086 3093 3088 3072 3100 3107 3108 3098 3085 3083 3089 3099 3101 3103 3096 3078 3066 3084 3074 3067 3071 3051 3061 3070 3051 3039 3053 3062
3002 3003 2989 2991 3001 2995 2999 2997 2995 3001 3000 3002 3005 3022 3032 3027 3037 3033 3054 3033 3056 3053 3041 3054 3069 3058 3084 3080 3088 3084 3089 3084 3075 3082 3076 3088 3096 3089 3101 3095 3099 3105 3093 3088 3077 3080 3098 3093 3086 3103 3086 3085 3075 3082 3083 3094 3063 3060 3080 3084 3055 3051 3070 3075
