3044 3045 3046 3051 3056 3053 3050 3049 3047 3044 3041 3034 3026 3027 3029 3031 3032 3032 3030 3033 3038 3035 3028 3027 3031 3034 3037 3034 3027 3026 3031 3032 3032 3028 3023 3026 3038 3043 3037 3037 3046 3050 3045 3042 3044 3043 3035 3028 3021 3017 3019 3020 3017 3014 3015 3016 3017 3017 3010 3004 3005 3006 2997 2989
3042 3044 3045 3046 3046 3046 3045 3045 3045 3038 3031 3028 3027 3027 3029 3029 3028 3027 3025 3028 3034 3034 3033 3033 3035 3037 3039 3038 3035 3034 3035 3037 3038 3038 3037 3041 3051 3054 3047 3044 3046 3047 3047 3045 3042 3040 3038 3036 3031 3026 3021 3016 3016 3015 3014 3013 3014 3015 3010 3005 3005 3005 3003 3002
3040 3043 3045 3041 3037 3038 3040 3041 3042 3032 3021 3023 3027 3028 3029 3027 3024 3022 3021 3024 3029 3034 3037 3039 3039 3040 3042 3043 3043 3042 3040 3041 3044 3047 3051 3056 3064 3065 3058 3051 3046 3044 3048 3048 3041 3037 3041 3044 3041 3036 3023 3013 3014 3015 3012 3009 3011 3012 3009 3006 3005 3004 3009 3015
3033 3040 3046 3044 3043 3041 3039 3038 3037 3032 3026 3028 3032 3030 3028 3025 3021 3019 3017 3022 3029 3032 3032 3033 3032 3033 3036 3039 3041 3042 3042 3043 3045 3049 3054 3058 3062 3063 3059 3055 3051 3048 3049 3048 3043 3040 3042 3044 3042 3038 3027 3019 3021 3022 3021 3019 3017 3015 3012 3009 3006 3004 3006 3009
3026 3037 3047 3048 3049 3044 3039 3035 3032 3031 3031 3033 3036 3033 3027 3023 3018 3016 3014 3019 3028 3029 3027 3026 3025 3027 3030 3034 3039 3042 3045 3046 3047 3050 3057 3060 3060 3059 3060 3059 3056 3053 3050 3047 3045 3043 3044 3044 3043 3041 3032 3025 3027 3029 3030 3030 3024 3018 3015 3012 3008 3004 3003 3002
3026 3029 3032 3036 3041 3036 3032 3029 3027 3029 3032 3031 3031 3026 3020 3019 3018 3017 3015 3020 3026 3028 3027 3027 3028 3031 3035 3039 3042 3044 3043 3045 3047 3052 3057 3062 3065 3067 3065 3063 3059 3055 3052 3051 3051 3050 3045 3042 3044 3044 3037 3030 3027 3025 3025 3025 3023 3021 3020 3018 3010 3001 3004 3007
3026 3021 3016 3023 3030 3028 3024 3023 3023 3027 3032 3029 3025 3019 3012 3014 3019 3019 3017 3020 3024 3026 3027 3029 3031 3035 3042 3045 3046 3045 3042 3043 3048 3053 3058 3064 3072 3075 3071 3066 3061 3056 3054 3054 3058 3058 3047 3040 3045 3047 3042 3036 3027 3020 3020 3020 3022 3024 3025 3025 3012 2998 3005 3012
3002 2998 2994 3000 3005 3006 3006 3003 2999 3002 3007 3004 3001 2998 2995 2997 2999 3001 3003 3007 3012 3014 3015 3018 3023 3028 3033 3033 3030 3030 3031 3032 3033 3037 3044 3052 3063 3068 3065 3064 3064 3064 3061 3061 3066 3067 3057 3050 3052 3052 3047 3042 3036 3031 3026 3022 3024 3026 3025 3024 3013 3001 3005 3009
2976 2974 2972 2975 2978 2983 2987 2981 2973 2975 2978 2977 2976 2976 2978 2978 2977 2981 2987 2993 2998 3000 3001 3006 3013 3018 3022 3019 3012 3013 3020 3021 3017 3019 3029 3040 3053 3060 3059 3061 3068 3072 3068 3067 3074 3077 3068 3062 3059 3056 3052 3048 3046 3043 3033 3025 3026 3028 3025 3023 3013 3005 3005 3006
2973 2972 2971 2973 2974 2978 2983 2979 2974 2973 2972 2973 2974 2977 2981 2980 2978 2983 2990 2994 2997 3001 3006 3009 3012 3017 3021 3021 3016 3016 3021 3023 3023 3029 3041 3051 3058 3062 3064 3067 3075 3080 3079 3078 3080 3081 3078 3074 3072 3067 3058 3050 3049 3046 3037 3030 3029 3029 3025 3022 3016 3010 3007 3005
2972 2973 2974 2973 2973 2977 2981 2980 2978 2974 2968 2971 2976 2981 2988 2986 2982 2987 2996 2998 2999 3004 3013 3015 3013 3016 3022 3024 3024 3024 3024 3027 3032 3042 3058 3066 3064 3066 3070 3076 3083 3088 3090 3090 3086 3084 3086 3087 3085 3079 3064 3051 3050 3048 3041 3035 3032 3029 3026 3022 3018 3015 3009 3003
2966 2972 2978 2979 2980 2979 2979 2979 2980 2979 2978 2979 2981 2983 2986 2986 2985 2988 2994 2998 3003 3007 3012 3013 3013 3016 3022 3025 3025 3025 3024 3029 3039 3052 3067 3075 3074 3076 3079 3084 3089 3093 3094 3094 3091 3090 3091 3092 3089 3083 3069 3057 3055 3053 3048 3043 3038 3033 3026 3019 3017 3015 3009 3004
2958 2971 2984 2986 2987 2982 2976 2978 2980 2985 2989 2988 2986 2985 2983 2985 2988 2989 2990 2998 3008 3010 3009 3010 3012 3016 3022 3024 3025 3024 3023 3030 3045 3060 3075 3083 3085 3087 3090 3092 3095 3097 3097 3096 3096 3096 3096 3095 3091 3086 3073 3063 3061 3059 3056 3051 3044 3036 3026 3016 3015 3014 3009 3005
2961 2972 2982 2983 2983 2978 2973 2977 2982 2985 2988 2986 2983 2983 2984 2987 2990 2991 2990 2996 3005 3009 3011 3012 3012 3016 3020 3022 3022 3026 3033 3043 3058 3070 3078 3084 3085 3088 3090 3093 3095 3095 3094 3094 3094 3094 3095 3096 3094 3090 3080 3071 3062 3055 3053 3051 3048 3044 3033 3022 3021 3020 3014 3009
2967 2973 2979 2977 2975 2972 2969 2976 2984 2985 2985 2981 2977 2981 2987 2990 2992 2992 2991 2995 3000 3006 3013 3015 3013 3015 3019 3020 3018 3027 3045 3059 3072 3079 3081 3083 3084 3086 3089 3091 3092 3092 3090 3089 3090 3092 3094 3096 3097 3095 3088 3079 3063 3048 3048 3048 3052 3054 3041 3029 3028 3027 3021 3014
2974 2980 2987 2984 2980 2982 2983 2985 2986 2986 2987 2985 2982 2984 2987 2990 2992 2995 2998 3001 3005 3009 3014 3015 3014 3015 3018 3020 3022 3034 3055 3070 3078 3082 3081 3082 3085 3086 3087 3088 3088 3089 3090 3090 3089 3089 3090 3092 3093 3093 3089 3082 3064 3049 3051 3054 3060 3064 3050 3036 3031 3026 3022 3017
2981 2989 2997 2994 2990 2996 3003 2996 2988 2989 2991 2991 2991 2989 2987 2988 2991 2998 3007 3011 3013 3014 3014 3015 3015 3016 3018 3021 3027 3042 3065 3078 3081 3082 3081 3082 3086 3087 3085 3083 3084 3086 3090 3092 3088 3086 3086 3087 3088 3088 3087 3083 3065 3051 3056 3061 3070 3076 3059 3043 3033 3023 3021 3019
2990 2994 2998 2994 2989 2996 3005 2999 2992 2993 2997 2994 2990 2990 2989 2990 2990 3000 3012 3016 3015 3016 3017 3017 3016 3018 3021 3028 3038 3053 3072 3082 3083 3083 3082 3083 3086 3087 3082 3080 3082 3085 3089 3091 3088 3087 3087 3088 3090 3091 3089 3085 3070 3059 3063 3068 3075 3081 3068 3055 3040 3026 3022 3018
3000 2998 2996 2990 2985 2992 3000 2998 2996 2999 3002 2995 2987 2989 2993 2992 2991 3001 3016 3018 3015 3017 3020 3020 3017 3020 3026 3037 3052 3066 3079 3084 3084 3083 3083 3084 3086 3085 3080 3078 3082 3085 3087 3088 3088 3089 3090 3091 3095 3097 3093 3088 3077 3069 3071 3075 3080 3084 3076 3068 3049 3030 3023 3016
2997 2996 2994 2991 2989 2993 2999 2996 2993 2998 3003 2998 2990 2992 2997 2995 2991 2999 3012 3016 3017 3019 3023 3024 3023 3027 3035 3047 3062 3074 3083 3087 3085 3084 3083 3082 3083 3082 3080 3080 3084 3087 3087 3087 3087 3087 3090 3093 3094 3094 3093 3089 3082 3075 3076 3077 3080 3082 3075 3068 3048 3029 3021 3014
2989 2991 2992 2994 2996 2998 2999 2994 2988 2994 3003 3000 2996 2998 3002 2998 2992 2996 3004 3011 3018 3023 3025 3028 3031 3037 3046 3058 3071 3080 3086 3089 3088 3085 3082 3079 3078 3078 3080 3083 3087 3090 3089 3087 3085 3085 3091 3094 3091 3089 3090 3090 3085 3080 3079 3079 3079 3079 3071 3063 3044 3025 3018 3012
2994 2999 3003 3004 3005 3005 3006 3002 2997 3002 3010 3009 3008 3008 3008 3005 3002 3003 3006 3012 3019 3024 3027 3033 3039 3047 3055 3064 3075 3082 3087 3088 3084 3081 3078 3076 3076 3078 3081 3084 3088 3090 3088 3087 3086 3086 3090 3093 3093 3092 3090 3088 3086 3084 3083 3083 3081 3078 3068 3058 3041 3024 3019 3014
3006 3013 3020 3017 3014 3015 3015 3014 3013 3016 3020 3021 3022 3019 3015 3015 3016 3015 3013 3016 3020 3024 3029 3038 3048 3055 3062 3069 3076 3082 3087 3085 3077 3073 3072 3073 3076 3079 3080 3083 3086 3088 3088 3088 3089 3090 3089 3090 3096 3099 3091 3085 3086 3087 3088 3088 3083 3078 3066 3054 3039 3026 3022 3018
3009 3013 3016 3015 3013 3012 3011 3012 3013 3014 3015 3015 3016 3013 3009 3011 3016 3016 3013 3017 3022 3028 3034 3042 3051 3060 3069 3074 3078 3080 3083 3081 3075 3072 3071 3072 3076 3079 3081 3083 3087 3089 3087 3087 3091 3093 3092 3092 3096 3097 3092 3088 3085 3084 3086 3088 3083 3076 3063 3050 3039 3027 3023 3018
3007 3004 3002 3004 3007 3004 3000 3002 3004 3003 3001 2999 2998 2996 2995 3001 3009 3010 3009 3016 3026 3034 3041 3047 3053 3063 3075 3080 3078 3077 3077 3076 3075 3074 3072 3073 3075 3077 3081 3085 3089 3090 3086 3086 3092 3097 3097 3096 3093 3091 3093 3093 3084 3077 3081 3085 3080 3074 3061 3048 3038 3029 3023 3017
3005 3000 2995 2999 3003 3001 2998 2998 2999 2996 2993 2994 2996 2993 2989 2994 3002 3003 3003 3010 3021 3032 3044 3050 3054 3063 3077 3080 3077 3076 3078 3080 3081 3081 3080 3079 3078 3079 3083 3086 3088 3089 3087 3088 3094 3098 3098 3097 3093 3091 3095 3096 3081 3070 3078 3085 3082 3078 3064 3050 3040 3030 3026 3022
3003 2998 2993 2996 2999 3001 3003 2999 2995 2992 2990 2996 3004 2998 2988 2990 2996 2997 2996 3002 3011 3026 3046 3053 3054 3062 3075 3078 3075 3077 3083 3088 3090 3091 3092 3090 3085 3083 3086 3087 3087 3087 3089 3092 3096 3098 3097 3096 3095 3095 3097 3096 3077 3064 3077 3088 3087 3085 3071 3056 3043 3032 3031 3030
3000 2996 2993 2995 2997 2999 3000 2996 2990 2989 2989 2996 3003 2999 2991 2991 2993 2993 2992 2998 3008 3026 3049 3056 3056 3062 3072 3075 3075 3077 3083 3087 3091 3093 3093 3091 3086 3083 3084 3085 3085 3086 3089 3093 3096 3097 3096 3096 3097 3098 3097 3094 3079 3068 3079 3089 3088 3086 3073 3060 3046 3031 3033 3034
2997 2995 2994 2995 2996 2995 2993 2989 2984 2987 2991 2993 2996 2996 2996 2995 2994 2992 2989 2997 3010 3029 3053 3061 3060 3063 3068 3073 3076 3078 3078 3081 3086 3088 3088 3086 3083 3081 3080 3080 3083 3085 3089 3092 3094 3095 3094 3095 3098 3100 3096 3091 3085 3081 3085 3089 3086 3083 3073 3063 3047 3031 3033 3035
2991 2993 2995 2996 2998 2995 2992 2989 2986 2988 2990 2990 2989 2991 2995 2994 2991 2989 2987 2995 3009 3029 3052 3061 3063 3064 3066 3070 3076 3078 3076 3077 3081 3084 3084 3084 3084 3083 3081 3081 3085 3088 3089 3091 3092 3093 3093 3093 3096 3097 3092 3089 3086 3085 3088 3089 3085 3080 3072 3064 3048 3033 3033 3033
2985 2990 2994 2997 3000 2998 2996 2995 2994 2992 2989 2986 2983 2985 2988 2987 2985 2985 2984 2993 3006 3025 3047 3059 3065 3066 3064 3067 3074 3076 3075 3075 3078 3080 3082 3084 3087 3088 3086 3086 3090 3092 3091 3090 3091 3092 3092 3091 3090 3088 3088 3086 3084 3083 3087 3091 3084 3078 3070 3062 3050 3037 3033 3028
2987 2989 2992 2996 3000 2998 2996 2996 2995 2992 2988 2986 2984 2984 2986 2986 2985 2985 2985 2993 3004 3022 3042 3055 3063 3065 3063 3067 3075 3077 3075 3075 3077 3079 3082 3085 3088 3090 3088 3088 3091 3093 3092 3092 3092 3092 3091 3091 3089 3088 3088 3087 3086 3085 3088 3089 3084 3078 3067 3057 3046 3034 3029 3023
2996 2993 2989 2992 2996 2994 2992 2991 2991 2989 2988 2988 2989 2989 2987 2989 2991 2990 2988 2995 3005 3020 3036 3048 3058 3063 3064 3070 3078 3079 3075 3074 3078 3081 3085 3087 3087 3087 3087 3087 3088 3090 3093 3094 3094 3093 3092 3091 3093 3094 3093 3091 3091 3090 3088 3086 3082 3078 3064 3049 3037 3024 3021 3018
3005 3000 2995 2998 3001 3000 2998 2996 2993 2992 2991 2995 2999 2996 2992 2994 2996 2996 2994 3000 3007 3019 3033 3046 3058 3064 3066 3071 3078 3079 3074 3074 3077 3081 3086 3088 3087 3086 3087 3087 3088 3089 3091 3093 3091 3091 3092 3093 3094 3095 3093 3091 3090 3090 3087 3085 3083 3079 3062 3045 3033 3021 3020 3020
3013 3012 3011 3013 3016 3015 3015 3009 3003 3002 3000 3005 3012 3008 3002 3001 3001 3003 3004 3007 3011 3021 3035 3048 3061 3068 3070 3072 3074 3074 3073 3073 3074 3079 3087 3090 3089 3088 3087 3088 3089 3090 3088 3086 3084 3085 3090 3094 3091 3089 3088 3086 3084 3083 3086 3088 3085 3081 3062 3044 3034 3025 3027 3030
3013 3013 3013 3015 3017 3018 3019 3013 3007 3004 3002 3007 3013 3009 3002 3001 3000 3002 3003 3004 3004 3014 3029 3045 3062 3070 3071 3071 3071 3071 3071 3072 3073 3077 3086 3090 3088 3087 3087 3089 3092 3092 3087 3084 3083 3084 3091 3095 3089 3085 3086 3087 3085 3083 3085 3086 3083 3079 3062 3044 3033 3023 3026 3029
3003 3001 2999 2999 3000 3004 3007 3005 3001 2999 2996 2998 3001 2998 2993 2992 2992 2991 2991 2989 2987 2997 3015 3036 3059 3069 3070 3070 3070 3070 3070 3071 3072 3077 3084 3086 3083 3083 3087 3091 3095 3095 3090 3087 3088 3090 3093 3094 3086 3082 3089 3094 3093 3092 3085 3078 3076 3073 3060 3046 3029 3013 3015 3017
2995 2993 2990 2991 2992 2995 2998 2998 2998 2994 2990 2991 2992 2991 2991 2990 2989 2988 2986 2983 2979 2989 3006 3028 3052 3064 3067 3070 3071 3071 3072 3072 3074 3077 3081 3083 3081 3082 3088 3093 3097 3098 3093 3091 3092 3093 3095 3094 3086 3083 3092 3099 3098 3095 3085 3076 3074 3071 3059 3046 3027 3009 3010 3012
2989 2990 2991 2992 2993 2993 2993 2995 2997 2992 2985 2985 2987 2992 2998 2997 2993 2992 2993 2990 2985 2992 3005 3021 3039 3053 3064 3071 3074 3077 3078 3078 3079 3079 3079 3080 3084 3087 3089 3093 3097 3100 3098 3096 3093 3092 3094 3095 3090 3088 3096 3101 3096 3091 3087 3083 3080 3077 3058 3040 3026 3012 3014 3017
2987 2990 2993 2994 2995 2994 2992 2994 2997 2991 2984 2984 2985 2992 3000 2999 2994 2996 2999 2995 2988 2993 3002 3014 3025 3040 3057 3068 3074 3078 3079 3079 3079 3078 3076 3078 3086 3090 3091 3092 3097 3099 3098 3096 3093 3091 3093 3093 3091 3090 3097 3100 3094 3088 3085 3083 3081 3077 3057 3037 3026 3016 3019 3022
2989 2993 2996 2997 2998 2998 2999 2999 3000 2995 2989 2988 2987 2990 2994 2994 2992 2996 3002 2997 2986 2989 2997 3005 3012 3025 3044 3057 3068 3072 3073 3072 3071 3070 3071 3076 3087 3093 3091 3091 3094 3095 3091 3090 3091 3092 3090 3089 3088 3088 3092 3095 3092 3088 3079 3072 3071 3070 3053 3037 3028 3020 3023 3025
2991 2993 2995 2997 3000 3000 3000 3000 3000 2997 2994 2991 2989 2989 2990 2990 2990 2995 3002 2998 2989 2990 2995 2999 3001 3013 3033 3049 3061 3068 3069 3068 3065 3066 3069 3076 3086 3091 3089 3089 3092 3092 3088 3086 3089 3091 3088 3086 3085 3085 3088 3090 3090 3088 3078 3069 3068 3066 3050 3035 3027 3019 3022 3025
2991 2989 2987 2993 3000 2996 2993 2995 2999 2998 2997 2995 2991 2990 2989 2989 2991 2993 2994 2997 2999 2999 2998 2997 2995 3007 3028 3044 3057 3064 3067 3068 3065 3067 3074 3079 3081 3083 3083 3085 3089 3091 3089 3087 3087 3087 3087 3086 3083 3082 3085 3088 3089 3089 3085 3082 3075 3068 3048 3029 3021 3012 3014 3016
2991 2988 2985 2992 2999 2994 2988 2991 2996 2998 3000 2997 2993 2991 2989 2991 2993 2992 2989 2994 3002 3003 3001 2996 2991 3001 3021 3038 3053 3063 3067 3068 3066 3069 3076 3080 3078 3078 3080 3083 3087 3090 3089 3088 3085 3084 3086 3087 3083 3081 3085 3089 3089 3089 3089 3087 3077 3065 3044 3025 3016 3008 3008 3008
2993 2994 2996 2997 2999 2994 2988 2990 2993 2997 3000 2998 2995 2994 2994 2996 2999 2995 2989 2988 2987 2993 3003 3000 2990 2997 3013 3032 3054 3065 3068 3069 3070 3072 3075 3077 3078 3080 3083 3086 3089 3090 3088 3086 3083 3083 3088 3091 3087 3085 3090 3094 3090 3087 3084 3080 3064 3049 3036 3023 3018 3012 3008 3003
2992 2997 3003 3001 2998 2994 2989 2990 2991 2995 2999 2998 2996 2996 2997 2999 3003 2998 2989 2984 2979 2987 3000 2999 2990 2994 3006 3026 3052 3065 3067 3069 3072 3073 3074 3075 3079 3082 3084 3087 3089 3090 3088 3086 3083 3084 3090 3094 3090 3089 3094 3097 3092 3086 3079 3071 3053 3035 3028 3021 3017 3014 3007 3000
2985 2994 3003 3000 2996 2993 2989 2991 2993 2994 2995 2994 2994 2994 2993 2996 3001 2997 2989 2987 2987 2988 2988 2989 2989 2994 3002 3020 3045 3059 3063 3067 3069 3072 3076 3078 3078 3079 3082 3084 3087 3089 3090 3090 3090 3090 3093 3094 3091 3090 3095 3098 3092 3086 3073 3060 3042 3026 3021 3017 3014 3012 3006 3000
2982 2992 3002 2998 2994 2992 2990 2992 2994 2993 2991 2991 2991 2991 2990 2994 2999 2996 2990 2990 2993 2989 2981 2983 2990 2994 2998 3014 3039 3054 3061 3066 3069 3073 3078 3080 3078 3078 3080 3083 3087 3090 3091 3093 3094 3094 3094 3093 3091 3090 3095 3098 3091 3082 3065 3048 3033 3018 3016 3013 3011 3009 3005 3001
2992 2995 2997 2994 2991 2991 2991 2991 2991 2991 2990 2988 2984 2986 2989 2992 2995 2994 2992 2992 2993 2992 2990 2991 2993 2994 2994 3009 3033 3051 3065 3072 3075 3078 3082 3083 3080 3080 3083 3086 3091 3093 3090 3089 3094 3096 3091 3088 3085 3085 3091 3094 3083 3071 3052 3035 3026 3017 3014 3010 3008 3006 3004 3002
2998 2996 2993 2991 2989 2991 2994 2991 2989 2989 2989 2985 2980 2983 2988 2991 2992 2993 2994 2993 2992 2993 2996 2997 2996 2995 2993 3005 3028 3049 3068 3078 3080 3082 3085 3085 3082 3082 3085 3089 3094 3095 3088 3086 3093 3096 3089 3083 3080 3080 3087 3090 3076 3061 3042 3025 3021 3017 3012 3008 3006 3004 3004 3003
2996 2993 2990 2989 2988 2992 2997 2992 2986 2985 2984 2983 2983 2984 2986 2988 2991 2992 2993 2991 2989 2991 2996 2997 2996 2996 2996 3007 3025 3047 3070 3081 3079 3080 3082 3084 3084 3085 3088 3090 3092 3092 3088 3086 3092 3094 3088 3083 3078 3076 3082 3084 3067 3051 3039 3028 3022 3017 3014 3011 3011 3010 3005 3000
2994 2991 2988 2988 2988 2993 2998 2992 2984 2982 2980 2982 2986 2985 2983 2986 2989 2991 2992 2990 2987 2990 2997 2998 2996 2996 2998 3008 3023 3044 3072 3083 3079 3078 3080 3083 3086 3088 3090 3090 3090 3089 3087 3087 3090 3091 3088 3084 3077 3074 3079 3080 3062 3045 3037 3030 3024 3018 3016 3014 3014 3015 3008 3000
2996 2991 2986 2986 2985 2989 2993 2989 2985 2984 2983 2983 2983 2983 2982 2985 2989 2991 2992 2991 2991 2994 2998 2998 2995 2995 2996 3005 3019 3040 3066 3078 3076 3078 3082 3086 3089 3090 3086 3083 3081 3081 3086 3088 3086 3086 3090 3091 3085 3081 3084 3084 3066 3050 3039 3030 3028 3025 3020 3016 3016 3016 3014 3012
2995 2990 2985 2984 2983 2985 2988 2987 2987 2986 2985 2983 2982 2982 2982 2985 2989 2990 2991 2992 2994 2996 2999 2997 2993 2992 2993 3002 3016 3036 3061 3074 3075 3078 3084 3088 3092 3091 3083 3077 3075 3077 3085 3088 3082 3081 3091 3097 3092 3088 3089 3087 3069 3053 3040 3029 3029 3029 3024 3018 3017 3016 3018 3020
2982 2984 2986 2985 2984 2986 2988 2990 2992 2988 2983 2984 2985 2986 2987 2987 2987 2989 2992 2993 2992 2994 2997 2994 2987 2987 2990 3000 3014 3035 3061 3074 3075 3079 3087 3091 3089 3087 3083 3082 3085 3088 3090 3089 3080 3077 3086 3093 3093 3092 3091 3086 3066 3046 3033 3022 3022 3021 3021 3021 3019 3016 3014 3012
2972 2980 2988 2986 2985 2986 2988 2992 2996 2991 2984 2985 2988 2990 2992 2990 2987 2989 2994 2994 2991 2993 2996 2991 2983 2983 2988 3000 3016 3037 3062 3075 3076 3080 3090 3092 3087 3084 3084 3087 3093 3096 3094 3089 3079 3075 3083 3089 3094 3096 3093 3086 3063 3041 3029 3017 3016 3015 3020 3024 3021 3017 3012 3006
2983 2993 3002 2996 2989 2989 2990 2991 2992 2993 2994 2994 2994 2995 2998 2996 2994 2995 2997 2996 2995 2997 3000 2998 2993 2992 2994 3009 3033 3054 3071 3080 3082 3085 3090 3091 3087 3084 3085 3086 3087 3087 3088 3088 3090 3091 3091 3092 3094 3095 3093 3087 3065 3046 3037 3029 3022 3016 3022 3028 3028 3027 3020 3013
2993 3004 3015 3005 2994 2993 2992 2991 2990 2996 3004 3002 2999 3000 3003 3002 3000 3000 2999 2999 2998 3001 3004 3004 3002 3001 3001 3018 3049 3069 3079 3086 3088 3089 3090 3090 3086 3085 3086 3085 3082 3080 3083 3088 3099 3105 3098 3094 3094 3094 3093 3088 3068 3051 3046 3040 3028 3018 3025 3032 3035 3038 3029 3021
2990 3001 3012 3005 2997 2997 2997 2997 2996 3000 3004 3003 3000 3002 3006 3004 3000 2998 2996 2997 3000 3005 3011 3013 3013 3016 3022 3036 3055 3070 3084 3089 3087 3088 3090 3090 3088 3086 3084 3085 3090 3093 3093 3094 3098 3099 3094 3090 3087 3086 3089 3089 3074 3060 3055 3049 3037 3027 3035 3041 3045 3047 3038 3029
2988 2998 3009 3004 3000 3001 3002 3002 3002 3003 3005 3003 3000 3004 3010 3007 3001 2997 2995 2997 3002 3010 3018 3022 3024 3032 3044 3053 3060 3072 3088 3093 3087 3086 3090 3091 3089 3086 3082 3084 3097 3104 3102 3100 3096 3093 3090 3087 3082 3079 3086 3089 3079 3069 3063 3057 3046 3037 3044 3050 3053 3056 3047 3037
2992 2999 3007 3000 2993 2996 2999 2998 2998 3000 3003 3000 2997 3002 3010 3009 3006 3007 3009 3012 3016 3026 3039 3044 3044 3050 3060 3067 3071 3078 3086 3089 3087 3087 3090 3091 3090 3087 3080 3080 3091 3098 3099 3099 3096 3094 3092 3090 3087 3084 3084 3083 3079 3074 3065 3057 3053 3050 3051 3051 3049 3047 3044 3041
2995 3000 3006 2996 2987 2991 2996 2995 2994 2998 3001 2998 2993 3000 3010 3012 3011 3016 3024 3027 3029 3041 3059 3064 3063 3068 3076 3080 3082 3083 3084 3085 3087 3089 3090 3091 3091 3087 3077 3075 3085 3093 3096 3098 3096 3095 3094 3094 3092 3089 3082 3077 3079 3079 3068 3058 3061 3062 3057 3052 3046 3039 3042 3045
2997 2997 2997 2995 2994 2997 3001 2999 2996 3000 3004 3003 3001 3009 3020 3022 3022 3027 3035 3037 3038 3044 3053 3059 3063 3069 3077 3081 3083 3084 3085 3085 3085 3084 3084 3085 3088 3089 3087 3087 3092 3096 3097 3096 3091 3089 3092 3095 3095 3093 3085 3079 3081 3081 3076 3070 3066 3062 3065 3066 3056 3046 3053 3060
2999 2994 2988 2994 3001 3003 3006 3002 2999 3002 3007 3008 3008 3018 3029 3032 3033 3038 3045 3047 3048 3048 3047 3053 3062 3071 3078 3082 3083 3085 3086 3085 3083 3080 3077 3079 3085 3091 3096 3099 3100 3099 3097 3094 3086 3083 3090 3095 3097 3096 3088 3082 3083 3083 3084 3083 3071 3062 3072 3080 3066 3052 3064 3076
