3079 3081 3082 3082 3066 3072 3063 3072 3080 3065 3065 3068 3063 3061 3057 3049 3040 3035 3038 3033 3052 3058 3042 3044 3049 3032 3028 3050 3035 3047 3058 3035 3046 3044 3030 3035 3024 3038 3028 3030 3030 3036 3028 3013 3026 3026 3032 3036 3028 3034 3030 3030 3031 3040 3019 3025 3021 3024 3034 3017 3009 3015 3013 3017
3074 3071 3078 3070 3057 3054 3069 3060 3074 3066 3063 3064 3058 3055 3063 3061 3058 3043 3050 3049 3051 3049 3047 3042 3039 3044 3047 3034 3026 3033 3038 3044 3028 3037 3029 3024 3033 3017 3027 3021 3033 3029 3015 3018 3007 3010 3027 3026 3030 3023 3023 3019 3029 3044 3022 3015 3019 3017 3017 3015 3021 3032 3022 3025
3053 3055 3067 3066 3051 3054 3070 3067 3064 3066 3054 3061 3065 3060 3055 3059 3068 3055 3042 3043 3043 3032 3019 3041 3046 3034 3045 3041 3028 3021 3037 3031 3049 3030 3036 3021 3016 3014 3021 3022 3024 3026 3019 3019 3014 3020 3027 3028 3033 3029 3028 3038 3027 3034 3022 3027 3014 3023 3021 3015 3035 3036 3029 3017
3053 3056 3062 3064 3047 3060 3061 3053 3060 3054 3063 3056 3053 3048 3053 3048 3057 3060 3037 3040 3055 3047 3030 3033 3024 3024 3030 3039 3022 3022 3032 3023 3040 3042 3017 3006 3015 3013 3030 3033 3030 3031 3020 3032 3011 3014 3032 3032 3034 3035 3019 3025 3021 3022 3021 3010 3013 3024 3023 3016 3022 3031 3022 3011
3057 3041 3062 3052 3062 3057 3052 3067 3049 3049 3049 3034 3050 3050 3037 3050 3061 3048 3048 3037 3059 3037 3038 3030 3018 3033 3023 3034 3011 3025 3021 3029 3042 3036 3013 2996 3015 3017 3027 3025 3025 3027 3033 3034 3037 3018 3005 3036 3033 3032 3030 3010 3012 3007 3013 3023 3027 3049 3029 3039 3025 3020 3011 3019
3061 3060 3059 3052 3044 3033 3053 3050 3051 3048 3044 3033 3041 3032 3036 3042 3037 3042 3044 3036 3046 3040 3044 3053 3026 3030 3010 3010 3026 3029 3029 3019 3026 3037 3027 3019 3023 3026 3019 3024 3034 3027 3032 3030 3010 3040 3016 3018 3040 3024 3029 3026 3016 3010 3022 3022 3005 3023 3025 3027 3027 3022 3025 3029
3067 3063 3052 3046 3027 3044 3053 3048 3058 3053 3033 3038 3044 3037 3042 3043 3048 3033 3048 3042 3046 3035 3058 3044 3037 3031 3021 3015 3030 3024 3014 3034 3011 3019 3030 3019 3030 3021 3018 3033 3019 3019 3024 3014 3018 3032 3026 3036 3026 3032 3039 3041 3021 3017 3025 3021 3018 3027 3020 3031 3017 3016 3018 3022
3030 3026 3027 3020 3004 3021 3029 3033 3038 3026 3021 3025 3025 3027 3031 3037 3021 3022 3019 3018 3021 3027 3021 3025 3035 3013 3013 3024 3019 3025 3029 3038 3046 3042 3028 3023 3031 3020 3023 3021 3031 3034 3019 3024 3025 3025 3011 3019 3020 3020 3037 3033 3035 3024 3011 3019 3028 3023 3019 3029 3013 3006 3020 3033
2975 2981 2998 2989 2969 2998 3009 2997 2996 2995 2998 2993 2989 2996 3009 3018 3020 2993 3012 3005 3002 3013 3019 3020 3009 2998 2999 3012 3020 3024 3018 3030 3044 3057 3027 3037 3021 3039 3041 3058 3046 3032 3033 3014 3026 3023 3034 3012 3019 3020 3023 3032 3013 3019 3003 3010 3019 3020 3030 3015 3013 3007 3020 3016
2978 2982 2990 2983 2990 2990 2992 2994 2996 3014 2998 2992 2999 2994 3003 3007 3000 3000 2995 2997 2999 3016 3020 3006 3016 3009 3009 3014 3017 3026 3014 3039 3043 3041 3030 3021 3031 3042 3045 3041 3034 3023 3031 3029 3033 3021 3019 3018 3021 3030 3026 3033 3029 3026 3022 3019 3015 3021 3016 3014 3002 3000 3008 3028
2974 2975 3004 2997 3004 2989 2997 2997 3020 3009 3007 3004 2989 2994 2999 3003 3016 3008 3004 3007 3021 3010 3022 3031 3026 3022 3030 3030 3025 3045 3045 3038 3042 3024 3040 3029 3047 3038 3041 3040 3029 3026 3023 3033 3033 3029 3047 3016 3016 3036 3030 3028 3031 3042 3032 3006 3023 3025 3014 3015 3023 3003 3027 3026
2976 2979 2994 2989 2996 2998 3004 3001 3009 3007 3010 3007 3011 3007 3009 3016 3010 3001 3016 3019 3011 3020 3028 3031 3030 3025 3023 3040 3046 3040 3036 3053 3042 3034 3043 3037 3039 3037 3049 3045 3040 3031 3027 3026 3034 3037 3023 3029 3022 3024 3016 3019 3029 3023 3027 3018 3024 3017 3015 3010 3004 3019 3015 3026
2981 2998 2993 2994 2989 2998 3007 3012 2994 3012 3010 3020 3017 3023 3033 3014 3023 3012 3015 3004 3011 3027 3016 3013 3029 3015 3025 3022 3050 3048 3056 3054 3047 3041 3055 3049 3050 3046 3055 3060 3051 3037 3039 3020 3034 3032 3013 3017 3038 3028 3044 3024 3021 3004 3005 3007 3020 3017 3021 3002 2996 3003 3015 3034
2991 2993 2998 2994 2979 2998 3008 3002 2992 3004 3019 3015 3010 3000 3017 3007 3010 3018 3024 3011 3018 3030 3020 3019 3045 3009 3020 3031 3048 3056 3060 3062 3054 3051 3058 3061 3058 3068 3063 3054 3055 3061 3042 3049 3047 3032 3032 3025 3022 3023 3024 3023 3014 3007 2998 3015 3012 3023 3018 3012 3014 3007 3010 3037
3016 3005 3002 2992 2998 2996 2999 3002 2989 3002 3011 2991 3000 3002 2998 3008 3024 3035 3022 3013 3017 3034 3049 3023 3016 3041 3035 3034 3043 3049 3058 3069 3057 3057 3060 3055 3059 3054 3059 3057 3062 3074 3059 3041 3037 3041 3049 3019 3016 3018 3007 3015 3006 3006 3000 3004 3003 3015 3009 3008 3006 3014 3008 3011
2996 2998 3004 3003 3003 2994 3003 2993 3008 3008 3004 3012 2992 2997 3001 3011 3005 3012 3025 3019 3022 3032 3034 3048 3030 3033 3033 3039 3045 3050 3069 3075 3070 3071 3075 3068 3077 3078 3083 3077 3074 3076 3065 3061 3052 3037 3039 3023 3027 3031 3018 3027 3009 3016 3007 3015 3016 3013 3024 3009 3005 3000 3015 3018
3018 3022 3027 3020 3005 3003 3014 3011 3027 3008 3010 3005 3015 3014 3018 3010 3006 3007 3018 3021 3043 3041 3033 3028 3047 3035 3034 3045 3062 3065 3074 3085 3090 3091 3086 3081 3078 3092 3085 3092 3095 3087 3087 3070 3066 3045 3053 3041 3028 3027 3032 3009 3012 3007 3011 3022 3007 3005 3013 3011 3015 3016 3015 3012
3010 3019 3022 3013 3014 3004 3015 3010 3025 3010 3006 3009 3009 3004 3013 3013 3011 3008 2999 3021 3032 3035 3033 3033 3026 3042 3038 3045 3063 3079 3099 3086 3097 3081 3101 3079 3085 3093 3095 3099 3091 3093 3085 3077 3073 3047 3043 3042 3031 3027 3017 3020 3009 3003 3018 3015 3018 3022 3002 3018 3016 3012 3029 3025
3004 3008 3016 3017 3021 3008 3000 3010 3004 3013 3022 3018 3019 3001 3008 3015 3029 3017 3025 3026 3054 3045 3034 3028 3022 3036 3038 3055 3063 3082 3092 3098 3095 3076 3085 3090 3090 3097 3106 3102 3103 3099 3101 3105 3080 3067 3051 3040 3029 3029 3014 3021 3016 3010 3008 3021 3011 3013 3001 3007 3015 3026 3029 3030
3014 3013 3008 3017 3015 3018 2993 3006 3013 3015 3020 3017 3002 3005 3016 3015 3008 3015 3025 3035 3034 3041 3036 3046 3042 3046 3055 3061 3068 3085 3091 3092 3084 3094 3087 3105 3084 3099 3101 3102 3105 3097 3095 3094 3083 3063 3047 3040 3032 3018 3021 3006 3010 3018 3004 3023 3025 3008 3017 3018 3020 3019 3023 3021
2995 3018 3024 3011 3011 3014 2996 3000 3013 2999 3010 3005 3007 3017 3000 2995 3018 3024 3018 3033 3045 3046 3027 3042 3047 3050 3053 3054 3079 3079 3097 3085 3085 3089 3106 3109 3097 3101 3110 3107 3086 3095 3089 3086 3089 3070 3065 3062 3049 3036 3025 3007 3012 3002 3009 3007 3012 3007 3012 3016 3019 3012 3038 3020
3004 3001 3025 3010 3012 3012 3003 3013 3004 3014 3001 3006 2995 3010 3001 3010 3012 3012 3023 3029 3055 3036 3041 3043 3067 3068 3074 3073 3076 3092 3080 3088 3088 3091 3088 3099 3096 3101 3108 3093 3098 3095 3091 3086 3077 3094 3078 3061 3045 3031 3029 3024 3008 3022 3019 3014 3019 3015 3018 3030 3021 3021 3016 3018
3027 3021 3013 2998 3015 3020 3013 3010 3008 3013 3002 3013 3016 3014 3002 3009 2996 3022 3026 3029 3050 3049 3042 3041 3064 3068 3084 3075 3086 3093 3083 3092 3078 3102 3098 3092 3090 3103 3084 3097 3081 3075 3092 3081 3076 3083 3068 3059 3040 3044 3021 3021 3024 3010 3015 3019 3024 3021 3032 3032 3012 3019 3005 3015
3009 3028 3026 3011 3017 3011 3010 3007 3017 3006 3014 3003 3030 3011 3006 3004 3015 3006 3013 3017 3044 3065 3044 3058 3075 3079 3075 3085 3081 3085 3080 3094 3077 3093 3091 3098 3092 3090 3091 3089 3091 3079 3094 3075 3075 3076 3090 3076 3051 3022 3027 3024 3015 3013 3018 3027 3025 3018 3034 3027 3006 3014 3015 3010
3037 3022 3027 3031 3019 3027 3013 3012 3007 3018 3015 3002 3007 3002 3003 3011 3020 3024 3016 3034 3033 3044 3050 3071 3070 3069 3081 3094 3078 3082 3082 3084 3078 3097 3097 3095 3099 3101 3093 3091 3080 3087 3085 3088 3080 3080 3074 3059 3049 3010 3020 3019 3016 3014 3015 3019 3034 3017 3021 3028 3018 3010 3005 3013
3031 3042 3024 3021 3023 3017 3017 3007 3008 3010 3000 3020 3012 3012 3006 3009 3024 3023 3016 3012 3029 3053 3073 3079 3080 3091 3070 3082 3087 3084 3086 3091 3090 3097 3093 3105 3102 3090 3088 3097 3090 3093 3088 3083 3104 3083 3076 3069 3047 3022 3019 3008 3015 3029 3025 3022 3025 3013 3037 3033 3027 3020 3015 3021
3024 3025 3008 3027 3024 3021 3010 3020 3006 3010 3016 3033 3022 3026 3025 3012 3000 3017 3016 3010 3027 3040 3064 3061 3078 3091 3090 3087 3086 3085 3076 3087 3095 3102 3096 3096 3100 3098 3094 3095 3089 3083 3090 3095 3083 3081 3066 3066 3049 3041 3016 3017 3006 3033 3007 3027 3018 3035 3029 3014 3015 2999 3024 3008
3022 3012 3022 3016 3033 3018 3009 3016 3024 3016 3029 3013 3020 3019 3016 3013 3005 3009 3000 3002 3022 3035 3070 3090 3087 3086 3090 3094 3081 3093 3090 3082 3091 3094 3105 3100 3096 3087 3099 3086 3073 3070 3074 3082 3099 3096 3066 3064 3042 3022 3044 3015 3014 3023 3004 3033 3014 3014 3018 3014 3014 3003 3016 3018
3019 3008 3020 3029 3018 3009 3003 2998 3015 3006 3019 3017 3018 3001 3011 3010 3008 3008 3001 3035 3031 3050 3064 3088 3080 3079 3095 3087 3087 3079 3097 3102 3097 3094 3102 3093 3100 3092 3104 3106 3081 3082 3088 3100 3093 3089 3061 3044 3031 3012 3018 3015 3015 3016 3021 3018 3021 3038 3011 3013 3014 3005 3027 3014
3016 3019 3011 3018 3008 3011 3013 3008 3016 3017 3012 3006 3009 3011 3015 3023 3030 3014 3014 3022 3028 3046 3065 3080 3084 3090 3094 3081 3079 3075 3089 3096 3088 3090 3100 3099 3085 3084 3087 3094 3088 3078 3091 3089 3085 3089 3057 3057 3034 3010 3021 3032 3015 3021 3015 3000 3020 3008 3013 3016 3021 3019 3020 3013
3020 3016 3015 3025 3021 3038 3016 3013 3028 3014 3011 3004 2999 3018 3015 3030 3019 3022 3014 3028 3026 3055 3072 3077 3084 3098 3090 3090 3075 3085 3089 3090 3106 3095 3097 3108 3093 3095 3098 3074 3096 3097 3077 3072 3079 3076 3065 3049 3034 3026 3017 3032 3015 3006 3015 3013 3007 3010 3009 3009 3015 3022 3016 3018
3022 3010 3007 3020 3034 3022 3032 3018 3026 3012 3006 2992 3021 3020 3021 3024 3023 3022 3020 3009 3011 3031 3075 3069 3070 3077 3100 3084 3070 3084 3089 3086 3094 3097 3094 3092 3102 3092 3096 3105 3087 3094 3086 3089 3075 3072 3058 3053 3036 3025 3031 3023 3046 3017 3022 3018 3005 3007 3013 3001 3015 3021 3025 3014
3011 3021 3008 3003 3009 3013 3025 3004 3002 2996 2999 3014 3008 3022 2997 3022 3020 3022 3015 3015 3016 3031 3048 3065 3070 3081 3084 3074 3082 3085 3080 3077 3091 3104 3089 3101 3097 3076 3084 3094 3091 3092 3087 3093 3083 3079 3055 3046 3034 3028 3021 3015 3026 3025 3021 3025 3021 3004 3031 3022 3025 3023 3024 3005
3012 3010 3006 3011 3006 3020 3015 3019 3009 3002 2994 3016 3037 3015 3002 3013 3013 3016 3023 3027 3020 3023 3049 3057 3059 3073 3077 3089 3091 3091 3086 3086 3082 3102 3105 3094 3090 3094 3089 3106 3107 3102 3105 3099 3089 3080 3071 3038 3035 3022 3022 3029 3021 3043 3020 3016 3027 3009 3026 3034 3018 3026 3021 3036
2999 3008 3015 3008 3001 3014 3023 3015 3014 3011 3010 3021 3014 3020 3027 3015 3021 3011 3039 3033 3036 3014 3030 3056 3057 3076 3083 3077 3088 3090 3096 3078 3098 3094 3095 3103 3105 3091 3088 3110 3114 3109 3092 3096 3082 3079 3056 3032 3041 3038 3026 3018 3031 3032 3028 3027 3025 3027 3021 3004 3012 3028 3021 3034
3004 3008 3017 3008 3005 3011 3018 3014 3010 3009 3015 3002 3005 3014 3022 3022 3017 3014 3020 3021 3020 3027 3024 3047 3054 3073 3071 3086 3091 3083 3084 3093 3103 3098 3095 3090 3097 3092 3095 3102 3104 3104 3096 3087 3074 3083 3055 3052 3038 3034 3041 3025 3035 3037 3032 3019 3026 3033 3022 3015 3010 3022 3022 3026
3008 3001 2990 3009 3020 3007 3006 3014 3027 3011 3022 3004 3003 3011 3021 3017 3007 3009 3023 3020 3015 3014 3014 3031 3034 3056 3077 3085 3084 3089 3083 3097 3104 3083 3093 3099 3096 3094 3097 3110 3093 3086 3095 3080 3071 3078 3064 3047 3052 3037 3036 3036 3027 3031 3032 3028 3032 3039 3029 3010 3020 3024 3020 3018
3010 2998 3001 3005 3008 3008 3006 2997 3005 3012 3010 2996 3006 3015 3008 3014 3022 3008 3021 3001 3021 3018 3014 3013 3019 3046 3073 3088 3065 3081 3085 3080 3096 3101 3090 3093 3087 3100 3100 3101 3086 3092 3099 3088 3080 3063 3062 3056 3053 3035 3033 3042 3024 3042 3042 3036 3041 3025 3019 3014 3017 3026 3017 3024
3027 2994 3001 2996 3012 3027 3000 3006 3006 3007 3009 3007 3006 3015 3029 3018 3006 3010 3019 3012 3013 3021 3024 3033 3021 3037 3051 3073 3073 3095 3084 3092 3079 3098 3102 3097 3100 3098 3088 3095 3084 3098 3082 3096 3082 3072 3047 3040 3046 3047 3039 3043 3037 3034 3054 3034 3035 3019 3019 3018 3035 3034 3019 3004
3015 3004 3000 3010 3015 3015 3004 2999 3018 2997 3015 3016 3012 3015 3017 3013 3018 3004 3015 3013 3027 3014 3009 3020 3026 3024 3050 3071 3073 3082 3086 3086 3092 3113 3111 3096 3106 3112 3102 3089 3096 3109 3087 3081 3086 3074 3054 3047 3052 3044 3044 3052 3043 3030 3042 3038 3037 3030 3025 3015 3025 3019 3028 3003
3011 3008 3012 3008 3003 3000 3014 3009 2998 2998 2995 3001 3023 3022 3020 3017 3007 3019 3021 3016 3010 3011 3002 3018 3016 3011 3044 3055 3076 3069 3086 3091 3101 3100 3104 3111 3102 3098 3095 3096 3102 3098 3085 3078 3071 3053 3037 3053 3039 3053 3040 3052 3045 3038 3039 3029 3020 3023 3013 3011 3006 3008 3020 3019
3010 3014 3001 3006 3006 2993 3013 3010 3003 3001 2986 3014 3024 3013 3023 3006 3016 3020 3016 3018 3020 3001 3005 3012 3014 3036 3050 3044 3064 3088 3097 3095 3097 3095 3106 3087 3091 3090 3083 3089 3100 3084 3077 3092 3058 3039 3041 3035 3039 3051 3045 3046 3050 3033 3011 3021 3018 3014 3026 3017 3025 3012 3027 3017
3005 3002 3006 3012 2994 2996 3013 3014 3008 2985 2992 2992 3017 3009 3017 3007 3023 3015 3007 3012 3001 2997 3003 3011 3013 3017 3055 3052 3072 3096 3088 3092 3091 3102 3104 3094 3092 3096 3075 3084 3092 3075 3082 3072 3048 3029 3036 3030 3023 3009 3024 3041 3031 3020 3025 3018 3022 3019 3026 3014 3014 3019 3014 3015
2990 2996 2996 3010 3002 2998 3008 3014 3016 2986 3007 3007 3008 3009 3010 3016 2994 3009 3000 2994 3007 2995 3008 3014 3012 3033 3038 3056 3083 3102 3088 3079 3094 3096 3099 3095 3088 3093 3082 3085 3088 3083 3076 3072 3054 3034 3021 3017 3014 3023 3021 3010 3013 3010 3023 3014 3021 3025 3015 3020 3019 3015 3021 3010
2999 2989 3007 3002 3004 3007 3013 3005 3007 2984 3008 3008 3030 3012 2995 3004 3000 2997 2982 3005 2998 2994 3003 3017 3023 3022 3031 3062 3084 3096 3082 3085 3091 3113 3088 3078 3103 3094 3102 3094 3092 3082 3082 3068 3053 3040 3037 3013 3017 3014 3008 3022 3020 3012 3011 3016 3014 3010 3017 3024 3018 3008 3029 3022
2999 3009 3020 3001 2998 3008 3001 2998 3020 3002 3007 3008 3021 3005 3010 3001 3012 3008 2999 3016 3007 3006 3017 3016 3013 3035 3037 3050 3083 3088 3081 3091 3094 3099 3098 3102 3089 3086 3102 3099 3096 3095 3091 3071 3054 3033 3023 3017 3025 3025 3014 3024 3020 2999 3014 3007 3009 3017 3025 3017 3024 3013 3022 3022
3018 3024 3007 3012 2997 3002 2999 3012 2998 2991 3002 3020 2998 3004 3006 3018 3004 3017 3020 3024 3014 3011 3008 3011 3017 3013 3031 3050 3070 3078 3081 3087 3092 3086 3093 3087 3103 3086 3106 3105 3100 3089 3087 3076 3061 3052 3033 3022 3025 3029 3024 3034 3031 3012 3015 3012 3009 3024 3024 3016 3024 3032 3015 3024
3010 3013 3001 3015 3004 3003 2999 3001 3001 2998 3001 3018 3009 3012 2997 3006 3022 3022 3025 3014 2995 3015 3008 3016 3018 3024 3032 3060 3078 3072 3103 3076 3089 3076 3092 3096 3099 3095 3103 3096 3105 3095 3084 3078 3076 3064 3042 3048 3047 3036 3048 3032 3041 3041 3027 3042 3029 3031 3033 3022 3032 3030 3045 3049
2996 3012 3019 3012 3019 2992 3015 3000 2998 3003 3008 3007 3024 3006 3005 3018 3023 3005 3031 3011 3007 3006 3010 3015 3021 3029 3057 3087 3088 3077 3081 3094 3083 3083 3089 3093 3112 3091 3115 3081 3100 3086 3076 3085 3073 3076 3056 3056 3063 3063 3053 3048 3060 3067 3053 3043 3054 3040 3048 3033 3050 3037 3050 3057
2989 2999 3002 3013 3014 3016 3015 2997 3010 3003 3009 3028 3017 3025 3021 3025 3014 3008 3035 3015 3020 3017 3022 3024 3037 3058 3084 3101 3085 3091 3093 3086 3091 3097 3081 3101 3083 3101 3088 3075 3086 3087 3091 3088 3075 3088 3068 3060 3064 3072 3077 3057 3063 3070 3064 3046 3053 3054 3066 3053 3044 3061 3062 3062
2993 2995 3005 3017 3000 3008 2998 3008 2986 3021 3004 3015 3030 3017 3023 3036 3028 3024 3028 3034 3030 3025 3040 3053 3060 3072 3103 3090 3103 3092 3092 3090 3085 3090 3082 3095 3085 3109 3090 3079 3081 3094 3093 3087 3070 3072 3070 3073 3057 3073 3070 3064 3069 3068 3069 3067 3067 3045 3060 3067 3064 3049 3052 3066
2993 2992 2998 3000 2998 3014 3013 3019 3006 3008 3021 3019 3034 3032 3039 3032 3023 3046 3040 3046 3044 3049 3051 3057 3079 3075 3090 3104 3091 3095 3100 3092 3081 3085 3104 3086 3076 3094 3085 3078 3097 3095 3084 3086 3076 3057 3054 3057 3064 3062 3079 3064 3067 3066 3072 3056 3088 3067 3060 3058 3073 3066 3051 3065
2998 2994 2996 3021 3013 3008 2988 2992 3001 3026 3048 3032 3049 3039 3034 3047 3044 3051 3049 3051 3047 3045 3059 3064 3077 3069 3078 3076 3071 3094 3104 3097 3086 3090 3087 3094 3091 3093 3082 3076 3082 3083 3090 3090 3075 3071 3063 3080 3063 3060 3062 3078 3074 3062 3081 3072 3073 3071 3066 3076 3070 3073 3067 3064
3016 3003 2986 3007 3031 3005 3000 3004 3012 3024 3039 3054 3035 3044 3048 3050 3045 3053 3055 3067 3045 3061 3063 3046 3072 3066 3080 3071 3065 3081 3084 3083 3071 3081 3097 3089 3087 3091 3084 3085 3073 3068 3087 3073 3086 3066 3068 3064 3076 3055 3077 3078 3070 3067 3064 3072 3065 3083 3051 3059 3052 3070 3070 3058
3003 3001 3001 3007 3016 3010 3002 3021 3037 3035 3047 3044 3060 3062 3055 3069 3062 3070 3059 3074 3074 3073 3066 3071 3082 3073 3087 3092 3060 3075 3078 3079 3071 3071 3063 3071 3066 3081 3070 3079 3073 3069 3064 3077 3070 3070 3062 3064 3067 3068 3070 3070 3067 3052 3076 3064 3075 3071 3053 3056 3067 3068 3063 3066
3002 3012 3002 3001 3015 3011 3007 3014 3034 3048 3035 3045 3043 3063 3066 3066 3077 3072 3071 3073 3063 3071 3065 3080 3074 3088 3079 3071 3069 3083 3082 3077 3062 3077 3060 3065 3065 3059 3077 3077 3084 3068 3066 3067 3070 3067 3070 3084 3072 3056 3057 3067 3074 3058 3061 3066 3068 3059 3055 3049 3067 3062 3055 3075
3002 3011 3014 3017 3026 3032 3019 3030 3049 3058 3058 3053 3068 3060 3058 3063 3067 3078 3082 3073 3077 3087 3076 3060 3072 3069 3075 3076 3072 3074 3079 3075 3072 3071 3073 3082 3066 3067 3068 3069 3075 3072 3087 3080 3074 3070 3078 3084 3078 3066 3071 3069 3064 3066 3067 3066 3067 3059 3050 3055 3066 3062 3075 3073
2996 3010 3013 3035 3046 3037 3034 3044 3050 3058 3060 3066 3072 3070 3059 3058 3061 3076 3065 3074 3075 3072 3075 3077 3075 3081 3066 3077 3068 3074 3065 3070 3082 3089 3072 3072 3080 3070 3067 3062 3076 3081 3096 3069 3069 3077 3069 3075 3067 3085 3066 3073 3071 3063 3068 3055 3053 3044 3059 3066 3063 3062 3085 3083
3014 3022 3018 3030 3034 3037 3050 3057 3051 3061 3072 3067 3071 3064 3067 3078 3067 3065 3068 3057 3075 3071 3065 3073 3071 3072 3065 3072 3077 3073 3080 3076 3080 3083 3076 3062 3070 3067 3067 3083 3072 3086 3085 3079 3093 3092 3072 3069 3076 3065 3066 3073 3061 3076 3068 3061 3055 3060 3065 3061 3054 3061 3068 3078
3021 3024 3035 3029 3026 3041 3046 3058 3063 3055 3075 3080 3060 3075 3080 3069 3069 3073 3063 3064 3075 3067 3069 3087 3078 3059 3070 3071 3063 3075 3073 3079 3091 3070 3060 3079 3066 3082 3075 3070 3057 3060 3068 3078 3083 3084 3079 3064 3065 3079 3076 3070 3053 3067 3064 3067 3073 3080 3068 3050 3061 3065 3055 3067
3007 3023 3016 3017 3033 3039 3049 3049 3058 3063 3068 3076 3065 3067 3066 3070 3071 3071 3071 3066 3073 3071 3063 3058 3083 3063 3052 3061 3074 3076 3074 3065 3081 3074 3080 3066 3057 3068 3072 3062 3070 3063 3078 3075 3075 3068 3084 3079 3069 3064 3075 3077 3088 3063 3068 3064 3059 3072 3065 3075 3062 3056 3068 3078
3029 3026 3024 3034 3031 3039 3058 3068 3056 3061 3070 3070 3064 3068 3067 3052 3046 3063 3067 3066 3070 3069 3056 3075 3066 3053 3051 3051 3061 3057 3068 3084 3071 3075 3068 3069 3055 3062 3067 3063 3069 3066 3080 3092 3088 3083 3077 3073 3066 3071 3076 3064 3066 3063 3069 3055 3057 3072 3062 3073 3079 3066 3083 3080
3029 3016 3013 3025 3043 3039 3058 3049 3053 3060 3064 3062 3057 3050 3069 3054 3052 3064 3058 3064 3060 3079 3079 3071 3067 3059 3059 3061 3039 3055 3083 3065 3080 3073 3073 3070 3052 3053 3060 3064 3056 3069 3062 3068 3076 3082 3092 3081 3077 3075 3067 3069 3087 3083 3081 3063 3065 3067 3067 3063 3063 3067 3065 3080
3028 3029 3025 3023 3043 3051 3063 3054 3060 3072 3064 3072 3056 3062 3050 3057 3068 3066 3074 3067 3066 3084 3068 3067 3069 3072 3075 3074 3071 3062 3069 3071 3051 3052 3060 3062 3063 3052 3071 3066 3067 3055 3069 3067 3072 3081 3084 3084 3082 3078 3078 3071 3077 3086 3083 3071 3067 3078 3078 3047 3056 3048 3076 3071
