3060 3053 3057 3049 3044 3059 3071 3076 3061 3046 3050 3052 3061 3057 3056 3054 3040 3060 3059 3059 3045 3054 3064 3064 3082 3073 3058 3059 3061 3059 3070 3057 3052 3041 3052 3057 3023 3040 3017 3027 3034 3037 3023 3023 3022 3014 3013 2999 3021 3009 3022 3018 3004 3011 3020 3027 3008 2999 2993 2994 3000 3001 2988 3001
3060 3042 3045 3051 3047 3046 3058 3057 3057 3059 3048 3058 3053 3055 3050 3046 3052 3052 3057 3057 3049 3060 3071 3056 3073 3065 3072 3059 3051 3057 3062 3056 3059 3052 3037 3045 3050 3049 3027 3038 3048 3023 3022 3028 3018 3019 3009 2992 3013 3013 3020 3010 3016 3002 3003 3019 3003 2991 2990 3010 3001 2997 2996 2999
3051 3044 3052 3033 3048 3042 3038 3034 3049 3055 3064 3057 3068 3063 3053 3060 3051 3054 3062 3054 3056 3062 3051 3064 3052 3060 3052 3063 3054 3043 3061 3052 3035 3036 3042 3041 3036 3054 3040 3030 3044 3041 3025 3034 3014 3022 3017 3015 3013 3019 3012 3016 3001 3014 3002 3022 3005 2982 3004 3001 2996 3008 2989 2992
3037 3020 3033 3042 3029 3030 3036 3048 3060 3051 3056 3056 3061 3053 3056 3046 3052 3051 3054 3051 3072 3068 3064 3058 3065 3068 3063 3061 3065 3064 3068 3054 3049 3045 3050 3028 3042 3039 3032 3034 3041 3040 3030 3028 3023 3020 3013 3012 3020 3008 3009 3013 3017 2994 2993 3020 3016 3005 2996 3003 2999 2996 3009 3001
3045 3036 3049 3030 3027 3046 3049 3061 3059 3065 3067 3066 3061 3044 3061 3060 3063 3056 3040 3057 3079 3078 3078 3071 3061 3063 3051 3081 3072 3080 3070 3062 3047 3043 3046 3046 3026 3043 3047 3046 3044 3034 3041 3033 3021 3022 3026 3020 3014 3029 3004 2988 2988 2993 3017 3013 3017 3007 3006 3010 3006 3004 3006 2994
3048 3042 3029 3039 3036 3050 3047 3059 3052 3056 3045 3058 3060 3053 3056 3057 3064 3051 3056 3051 3071 3078 3069 3065 3063 3072 3072 3064 3089 3073 3069 3058 3054 3050 3042 3042 3027 3046 3033 3032 3038 3029 3032 3036 3033 3037 3032 3014 3018 3000 3007 2996 3002 2993 3001 3005 3012 3006 3000 2989 3005 2998 2996 2993
3049 3043 3046 3043 3051 3030 3045 3051 3043 3051 3052 3060 3065 3053 3046 3043 3063 3056 3046 3053 3064 3070 3085 3075 3072 3076 3079 3093 3084 3089 3074 3056 3064 3056 3057 3061 3043 3031 3039 3032 3040 3029 3029 3031 3037 3039 3025 3018 3012 3016 3025 3005 3012 2999 2996 2994 2996 3007 3000 3005 2993 2992 3001 2993
3017 3017 3018 3005 3009 3002 3014 3029 3019 3039 3035 3035 3030 3027 3029 3037 3032 3032 3031 3034 3046 3044 3071 3075 3077 3080 3086 3083 3087 3070 3072 3074 3078 3061 3048 3057 3048 3044 3035 3038 3035 3032 3037 3039 3043 3038 3033 3015 3031 3012 3004 2997 3003 2991 2996 2984 2991 3008 2991 2993 2994 3006 2995 3000
2977 2979 2996 2974 2957 2976 2991 2993 2994 2991 3010 2987 2999 3015 3014 3001 3010 3012 3025 3021 3030 3030 3035 3040 3044 3080 3073 3075 3075 3071 3071 3069 3077 3072 3055 3057 3051 3040 3036 3025 3033 3023 3020 3036 3036 3046 3026 3025 3016 3022 3005 3010 3016 2999 3004 2992 2990 2999 2995 2999 2995 3006 2999 3017
2968 2984 2983 2987 2970 2972 2989 2990 2988 2999 2992 2998 3002 3005 3004 2997 3007 3017 3022 3028 3024 3044 3055 3054 3067 3073 3086 3081 3070 3072 3071 3074 3093 3068 3064 3050 3059 3045 3042 3028 3024 3027 3022 3033 3027 3025 3039 3040 3035 3025 3009 2998 3013 3000 3012 3009 3000 3005 3003 2998 2975 2991 2983 2999
2949 2967 2981 2968 2975 2996 2986 2995 3001 3004 3014 3004 3006 2997 2995 2991 3000 3022 3031 3037 3051 3051 3061 3065 3076 3081 3072 3077 3081 3098 3081 3073 3077 3068 3072 3074 3058 3042 3037 3037 3024 3018 3036 3037 3033 3043 3032 3032 3034 3022 3032 3017 3013 3021 3020 3016 3013 2996 3002 2995 2980 2988 2988 2990
2953 2972 2980 2982 2982 2981 2998 3008 3004 2998 3003 3011 3010 3007 3003 3005 3024 3014 3041 3050 3051 3053 3074 3084 3066 3090 3090 3075 3089 3073 3079 3093 3067 3086 3074 3077 3077 3059 3033 3023 3027 3030 3033 3040 3045 3050 3045 3054 3040 3037 3031 3019 3025 3016 3021 3016 3007 3003 2997 2986 2986 2980 2993 2991
2973 2987 2989 2972 2992 2993 2996 3000 3000 2994 3007 3002 3027 3009 2995 3023 3022 3038 3071 3062 3085 3079 3073 3078 3086 3079 3087 3090 3069 3065 3080 3085 3093 3096 3082 3080 3071 3047 3048 3028 3043 3045 3047 3046 3044 3052 3059 3044 3048 3047 3036 3020 3020 3002 3004 3006 3015 3015 3005 2990 2994 2993 2991 2988
2967 2994 2980 2984 2979 2999 2998 3007 3013 3008 3023 3019 3020 3018 3008 3027 3039 3049 3058 3077 3067 3090 3073 3072 3077 3080 3097 3081 3080 3082 3084 3092 3084 3097 3076 3095 3086 3069 3045 3052 3042 3039 3055 3037 3056 3052 3064 3049 3052 3061 3057 3034 3019 3017 3012 2996 3005 3013 2993 2998 2980 2982 2993 2986
2979 2985 2994 2983 2988 2993 3001 2994 2998 3001 3009 3006 3011 3024 3024 3028 3029 3054 3064 3078 3072 3070 3087 3086 3079 3086 3071 3079 3087 3086 3087 3083 3089 3092 3092 3093 3092 3089 3070 3050 3032 3025 3047 3036 3069 3073 3068 3068 3069 3055 3051 3043 3034 3011 3015 3008 3006 2993 2996 2998 2988 2989 2976 2982
2975 2969 2989 2992 3002 2994 3018 3008 3011 3020 3013 3016 3000 3018 3027 3029 3061 3075 3062 3071 3057 3077 3087 3078 3083 3081 3078 3090 3085 3098 3094 3083 3101 3092 3099 3088 3090 3079 3076 3059 3044 3027 3046 3033 3074 3071 3074 3065 3075 3057 3060 3047 3028 3018 2999 2997 2995 2997 2998 2987 2987 2981 2989 2990
2978 2993 2998 3001 2982 2998 3010 3013 3016 3017 3018 3020 3022 3032 3049 3053 3050 3078 3075 3076 3081 3078 3072 3081 3097 3089 3075 3073 3096 3087 3084 3087 3083 3087 3097 3098 3096 3070 3073 3054 3044 3037 3043 3047 3069 3069 3084 3067 3072 3068 3058 3042 3030 3020 2995 2997 2989 2992 3010 2992 2989 2993 2991 2999
2997 2990 2993 2992 2996 3010 3011 3019 3019 3019 3014 3028 3022 3040 3055 3067 3071 3079 3073 3082 3066 3076 3075 3077 3096 3092 3080 3070 3088 3087 3084 3085 3080 3086 3082 3089 3102 3069 3079 3066 3050 3040 3050 3045 3068 3087 3080 3078 3070 3080 3055 3050 3029 3011 3009 3004 3002 2993 2996 2986 2988 2987 3004 2990
2995 3006 3011 3008 2997 3005 3013 3033 3039 3041 3026 3033 3030 3042 3073 3067 3083 3059 3073 3074 3078 3081 3091 3097 3074 3084 3081 3098 3085 3092 3086 3089 3087 3087 3091 3073 3082 3074 3084 3076 3070 3058 3054 3057 3084 3097 3091 3063 3092 3075 3070 3052 3034 3003 3004 3012 2995 2994 2999 2995 2995 3000 2988 2990
3018 3002 3000 3005 2994 3011 3007 3016 3021 3017 3023 3027 3046 3055 3064 3083 3078 3084 3068 3088 3069 3081 3076 3077 3091 3079 3078 3092 3082 3083 3090 3091 3092 3075 3078 3082 3083 3088 3081 3081 3086 3053 3059 3049 3075 3078 3071 3088 3083 3072 3057 3044 3030 3018 3008 3011 2995 2981 3002 2994 2994 2982 2995 2982
3007 2986 3001 3005 3009 3003 3015 3013 3013 3020 3023 3033 3057 3058 3068 3063 3079 3084 3081 3075 3092 3088 3086 3089 3090 3087 3088 3083 3083 3080 3096 3086 3087 3071 3067 3065 3088 3080 3090 3079 3065 3070 3055 3060 3068 3079 3066 3088 3082 3080 3062 3043 3029 3005 3006 3012 2991 2993 3005 3002 2975 2989 2991 2981
3003 2999 2999 3012 3019 3012 3019 3019 3036 3033 3033 3048 3049 3072 3077 3072 3073 3084 3073 3081 3084 3078 3079 3085 3074 3085 3088 3085 3097 3094 3090 3085 3086 3083 3074 3080 3078 3079 3090 3076 3085 3069 3068 3060 3070 3072 3076 3089 3087 3087 3074 3060 3023 3015 3010 3000 2994 2992 3002 3008 3003 2998 2990 2995
3014 3014 3014 3024 3027 3029 3031 3026 3020 3038 3045 3053 3051 3059 3068 3065 3072 3073 3074 3077 3077 3070 3056 3076 3084 3072 3072 3085 3075 3078 3086 3077 3092 3089 3091 3083 3084 3091 3095 3076 3075 3074 3052 3068 3069 3080 3081 3078 3085 3072 3071 3056 3023 3025 3011 3009 3004 3001 3011 2998 2996 2987 2992 3014
2993 3005 3018 3019 3024 3019 3029 3026 3032 3038 3042 3054 3050 3068 3080 3069 3075 3074 3081 3074 3079 3062 3075 3070 3084 3079 3084 3082 3081 3078 3085 3084 3087 3101 3078 3073 3081 3079 3074 3087 3079 3069 3072 3060 3078 3075 3074 3079 3066 3063 3069 3057 3027 3023 3009 3003 3014 3001 3013 3004 3012 2994 3002 3006
3009 3003 3002 3004 3010 3004 3027 3023 3040 3038 3048 3060 3064 3087 3079 3079 3080 3072 3081 3080 3086 3075 3065 3085 3082 3079 3086 3080 3075 3080 3077 3086 3089 3084 3093 3092 3078 3070 3071 3096 3062 3065 3074 3079 3080 3077 3070 3072 3069 3079 3062 3050 3031 3005 3007 2999 2991 3004 2992 2992 3000 3003 3003 3009
3002 2990 2997 2996 3001 3004 3024 3027 3040 3045 3050 3070 3080 3085 3085 3083 3065 3077 3073 3066 3092 3071 3077 3086 3079 3083 3086 3073 3088 3081 3078 3093 3091 3091 3085 3086 3097 3081 3079 3082 3074 3070 3070 3067 3074 3096 3094 3075 3071 3069 3062 3060 3032 3012 3014 3000 2992 3004 2994 2985 2983 3016 3002 3000
2996 2987 2999 2987 3011 2999 3010 3021 3025 3050 3073 3069 3081 3087 3083 3074 3080 3069 3071 3079 3086 3073 3073 3079 3074 3083 3077 3094 3079 3083 3081 3081 3082 3087 3086 3101 3092 3082 3077 3092 3083 3079 3078 3075 3074 3097 3085 3071 3086 3064 3069 3056 3025 3020 3007 3002 2998 3015 2992 2979 2988 3016 3001 3013
3005 3007 2993 2998 2999 3004 2999 3005 3026 3043 3055 3073 3079 3089 3067 3075 3075 3077 3065 3079 3087 3078 3085 3075 3080 3088 3080 3083 3076 3089 3079 3084 3090 3101 3087 3090 3081 3088 3086 3084 3077 3081 3082 3069 3083 3087 3089 3082 3075 3077 3057 3049 3026 3012 3011 3003 2997 3000 2993 3001 2995 3001 3017 3015
2996 2997 2990 2990 2978 2992 2996 3008 3027 3052 3070 3079 3085 3077 3075 3065 3082 3079 3079 3076 3091 3088 3084 3074 3085 3091 3083 3080 3085 3092 3090 3086 3098 3095 3099 3099 3094 3079 3084 3091 3079 3073 3081 3078 3089 3083 3097 3094 3092 3080 3064 3046 3028 3001 3002 2987 2990 2992 3004 3011 3000 3006 3018 3021
2990 2995 2989 3003 2995 2997 2991 3014 3015 3045 3071 3069 3074 3070 3083 3080 3093 3082 3079 3076 3075 3089 3081 3084 3091 3099 3081 3082 3091 3087 3090 3091 3096 3098 3094 3099 3084 3076 3080 3101 3081 3087 3077 3090 3087 3077 3090 3082 3091 3093 3067 3045 3024 3008 2995 2991 2994 2991 3007 3012 2997 2994 3010 3025
2994 3006 2989 2995 2996 2999 3001 3024 3036 3050 3056 3076 3077 3087 3064 3076 3074 3077 3086 3086 3085 3087 3075 3082 3091 3074 3077 3079 3095 3086 3081 3077 3076 3084 3106 3079 3091 3084 3086 3084 3073 3072 3075 3080 3091 3076 3082 3086 3095 3082 3054 3047 3020 3011 2998 2992 2996 3012 3013 2992 2996 3002 2998 3019
3008 2991 2985 3010 3005 3000 3010 3007 3043 3062 3069 3072 3074 3088 3082 3083 3069 3083 3088 3082 3075 3074 3069 3084 3084 3086 3084 3074 3080 3082 3089 3079 3072 3076 3093 3081 3093 3062 3074 3084 3083 3084 3079 3076 3079 3076 3086 3088 3096 3082 3060 3030 3020 3010 2998 2984 3011 3004 2997 3003 2991 3009 3010 3022
3003 2997 3000 3010 2997 3012 3013 3031 3042 3062 3060 3069 3071 3071 3069 3069 3074 3076 3090 3071 3073 3077 3083 3082 3100 3082 3077 3075 3093 3084 3088 3079 3085 3080 3098 3097 3087 3069 3087 3083 3089 3090 3086 3082 3082 3085 3085 3082 3086 3067 3054 3027 3028 3007 2999 3012 2997 3006 3020 3017 3005 3008 3001 3001
2993 3010 3022 3004 3001 3016 3025 3019 3036 3036 3065 3047 3083 3073 3070 3077 3083 3090 3079 3085 3086 3081 3070 3079 3079 3093 3083 3088 3066 3096 3079 3082 3070 3067 3083 3073 3085 3092 3097 3081 3097 3080 3079 3079 3073 3081 3079 3092 3078 3064 3036 3026 3016 3001 3005 3002 2996 3007 3018 3002 3016 3012 3017 3013
3011 3009 3037 3016 3020 3009 3010 3024 3018 3036 3050 3058 3077 3076 3081 3070 3077 3078 3078 3074 3080 3085 3083 3087 3080 3095 3090 3093 3097 3084 3076 3088 3071 3072 3080 3077 3083 3103 3093 3079 3086 3078 3079 3073 3094 3076 3076 3077 3067 3067 3055 3031 3019 2986 2992 2999 3006 3012 3012 3007 3004 3009 3016 3020
3006 3013 3026 3023 3013 3023 3024 3017 3013 3045 3054 3070 3080 3085 3087 3075 3073 3082 3066 3087 3085 3071 3080 3076 3096 3107 3093 3088 3079 3093 3088 3097 3092 3085 3088 3074 3095 3091 3088 3094 3073 3090 3099 3076 3074 3077 3074 3071 3064 3062 3046 3023 3013 2984 2996 3008 3010 3023 3009 3001 3015 3027 3015 3025
2986 3005 3018 3020 3020 3017 3019 3033 3019 3034 3056 3059 3069 3061 3074 3066 3066 3079 3070 3084 3093 3097 3069 3081 3089 3085 3093 3082 3093 3081 3082 3098 3090 3080 3096 3083 3086 3080 3068 3079 3074 3079 3085 3089 3080 3085 3073 3073 3081 3065 3051 3022 3019 3004 3019 3010 3004 3003 3013 3010 3013 3005 3009 3017
2996 3011 3010 3026 3012 3017 3016 3022 3034 3048 3049 3045 3067 3065 3086 3062 3074 3065 3077 3082 3084 3088 3087 3073 3087 3085 3084 3084 3072 3089 3092 3098 3092 3093 3087 3085 3086 3090 3088 3075 3085 3091 3090 3079 3088 3080 3080 3084 3064 3057 3047 3025 3023 3009 3009 2995 2992 3002 3001 3008 3003 2995 3001 3006
2996 3011 3019 3015 3023 3013 3020 3030 3027 3047 3052 3053 3068 3065 3059 3063 3064 3071 3066 3075 3091 3086 3096 3087 3088 3088 3088 3079 3092 3091 3102 3082 3078 3083 3094 3090 3085 3089 3088 3089 3094 3078 3083 3079 3088 3091 3072 3078 3084 3060 3029 3020 3010 3001 2997 2996 2999 3009 3013 2994 2998 2998 2993 2992
3016 2999 3006 3024 3015 3028 3026 3028 3026 3052 3058 3068 3049 3070 3070 3066 3067 3063 3065 3076 3100 3071 3080 3092 3084 3099 3084 3079 3094 3077 3087 3099 3089 3081 3074 3095 3082 3098 3075 3077 3081 3077 3086 3086 3078 3067 3082 3085 3069 3057 3036 3023 3013 3004 2995 3003 3000 3009 3013 2991 2988 2981 2992 2993
3008 2999 3010 3038 3037 3041 3061 3048 3043 3049 3056 3061 3054 3065 3063 3062 3066 3072 3060 3067 3080 3083 3083 3067 3096 3089 3089 3095 3088 3082 3088 3089 3101 3099 3084 3086 3081 3077 3071 3073 3068 3079 3087 3083 3075 3071 3072 3062 3073 3062 3038 3010 2991 3000 2992 2978 2992 3006 2992 2998 3001 2996 3002 3013
3009 3018 3018 3026 3044 3048 3065 3058 3052 3042 3051 3068 3039 3054 3072 3069 3054 3068 3070 3069 3085 3084 3077 3079 3085 3083 3095 3096 3079 3092 3089 3078 3089 3092 3086 3091 3072 3069 3076 3068 3066 3075 3077 3086 3066 3065 3068 3066 3076 3050 3038 3008 3001 3001 2999 2992 3009 3007 3003 2996 2999 2993 3019 3010
3012 3003 3019 3044 3042 3060 3063 3068 3047 3044 3043 3050 3040 3041 3060 3062 3053 3066 3071 3079 3063 3082 3084 3087 3099 3076 3097 3088 3098 3084 3098 3089 3092 3091 3082 3090 3083 3086 3081 3083 3081 3088 3081 3089 3078 3068 3077 3059 3071 3054 3028 3017 3009 3005 2985 2980 2995 3006 2998 2995 3011 2984 3002 3019
3018 3021 3023 3043 3049 3064 3048 3054 3049 3041 3013 3029 3037 3041 3054 3069 3063 3072 3067 3080 3069 3067 3089 3085 3084 3099 3097 3091 3106 3110 3091 3082 3089 3083 3085 3084 3088 3085 3095 3083 3097 3086 3094 3089 3089 3074 3078 3076 3076 3046 3037 3024 3006 3011 2999 2980 2988 3008 3004 3004 2986 2986 3004 2995
3033 3010 3011 3024 3043 3050 3062 3051 3048 3038 3026 3025 3012 3045 3046 3060 3073 3061 3071 3082 3073 3068 3067 3084 3074 3073 3088 3103 3096 3108 3097 3089 3092 3095 3089 3090 3090 3071 3077 3088 3073 3076 3086 3089 3070 3074 3083 3078 3065 3039 3014 3009 3009 3003 2989 2986 3004 3009 3000 3006 2999 2999 2997 2993
3024 3019 3009 3030 3043 3053 3041 3043 3030 3024 3009 3008 3001 3017 3040 3065 3062 3064 3078 3076 3073 3071 3074 3076 3067 3076 3108 3087 3084 3093 3095 3096 3087 3082 3074 3080 3063 3081 3065 3079 3084 3083 3079 3087 3082 3078 3097 3078 3052 3052 3011 2998 2990 3000 2989 2996 2998 3003 2997 3002 3011 2983 2992 3002
3021 3012 3024 3024 3034 3041 3050 3024 3017 3005 2999 3015 3002 3018 3051 3065 3074 3066 3078 3076 3082 3073 3087 3076 3073 3079 3087 3084 3081 3085 3092 3087 3087 3071 3084 3078 3077 3076 3069 3072 3072 3081 3089 3079 3087 3064 3081 3067 3059 3033 3009 2984 2992 2985 2991 3003 2997 2987 2998 2992 2998 2990 2992 2988
3015 3013 3025 3018 3024 3037 3023 3022 2997 2994 2996 3003 3008 3019 3046 3043 3081 3063 3072 3084 3076 3075 3081 3074 3086 3078 3092 3071 3085 3084 3084 3085 3092 3088 3077 3075 3077 3078 3074 3078 3086 3097 3099 3080 3079 3071 3063 3056 3042 3010 3006 2989 2978 2986 2990 2989 2990 2992 2993 2996 2994 3004 3000 2986
3021 3025 3034 3015 3022 3014 3021 3020 3016 3000 2997 3000 2994 3011 3015 3032 3061 3074 3063 3060 3062 3069 3084 3077 3082 3084 3078 3074 3077 3088 3075 3082 3087 3093 3091 3076 3086 3097 3083 3087 3096 3078 3091 3084 3085 3082 3068 3053 3043 3025 3005 2994 2994 3006 2993 3000 2991 2996 2993 2992 2984 3008 2989 2999
3023 3042 3040 3026 3003 3028 3023 3017 3000 3011 2998 2988 2991 3000 3008 3041 3054 3067 3058 3067 3082 3073 3092 3078 3096 3089 3090 3085 3085 3077 3082 3092 3086 3089 3089 3097 3091 3085 3088 3094 3099 3096 3092 3089 3072 3069 3056 3059 3034 3016 2999 3008 3019 2998 2984 2997 2992 2997 3002 3004 2999 2994 3000 2980
3008 3021 3039 3014 3013 2995 3009 3008 3013 2992 2998 3010 2991 3005 3012 3030 3038 3059 3066 3084 3078 3086 3075 3079 3084 3073 3100 3087 3085 3076 3080 3084 3086 3074 3093 3085 3087 3097 3085 3087 3082 3090 3083 3084 3079 3063 3045 3048 3025 3024 3006 3004 2996 2995 2984 3000 2993 2991 3000 2995 2998 3002 2994 2989
3027 3032 3018 3021 2999 3009 2996 2992 2990 3007 2991 2997 2988 3000 3019 3034 3046 3055 3077 3078 3087 3078 3083 3082 3085 3090 3106 3099 3079 3087 3071 3079 3075 3072 3079 3077 3093 3082 3085 3087 3093 3086 3077 3063 3063 3059 3045 3038 3029 3028 3002 2994 2990 2999 2997 3002 2998 2993 2999 2997 2990 3002 2991 2975
3013 3014 3005 3008 3011 3011 3009 2992 3008 3004 3007 2994 2990 3006 3011 3017 3025 3043 3052 3070 3077 3085 3092 3077 3087 3098 3104 3094 3090 3096 3083 3083 3077 3081 3087 3098 3095 3088 3079 3090 3090 3092 3080 3073 3063 3040 3022 3012 3022 3005 3003 2986 2992 2995 2991 2992 2995 3020 2990 3000 3002 2992 2997 2998
3024 3005 3011 3008 3013 3007 3014 2991 3006 2991 2998 2977 2992 3005 3000 3006 3008 3031 3049 3075 3067 3079 3082 3085 3092 3095 3093 3097 3093 3092 3094 3082 3092 3101 3081 3082 3088 3083 3086 3094 3078 3078 3087 3069 3055 3019 3015 3000 3001 3004 2989 2988 2997 2997 2992 2994 2990 2991 2992 3006 3013 3008 3009 3021
3026 3006 3013 3007 3012 3007 3009 2998 3004 3005 2995 2994 2992 2975 3000 2999 3005 3030 3050 3064 3073 3080 3077 3087 3094 3084 3083 3094 3086 3102 3086 3093 3090 3083 3089 3077 3083 3074 3078 3082 3087 3080 3077 3072 3052 3026 3029 3006 3006 2992 2993 3008 2996 3000 3002 3000 2990 3003 3009 3006 2994 2992 3002 3011
3018 3001 3008 2998 3003 3002 3008 3004 3008 2995 2999 3014 3004 3000 3003 3006 3004 3021 3057 3068 3076 3084 3066 3087 3079 3078 3086 3073 3091 3080 3089 3078 3095 3089 3081 3075 3085 3090 3096 3080 3084 3081 3085 3065 3044 3031 3013 3010 3008 3001 3016 3015 3009 3010 2985 2996 3001 2989 3007 3018 3000 3005 3000 2996
3008 3009 3009 2991 2998 2999 3006 2991 3000 3003 3000 2993 3001 3001 3001 3014 3017 3027 3055 3068 3077 3084 3089 3086 3092 3098 3080 3079 3084 3083 3092 3079 3096 3088 3076 3089 3081 3077 3074 3084 3074 3082 3069 3064 3044 3035 3023 3011 3004 3004 3001 3012 3002 3003 2992 2993 3003 3016 3010 3021 3018 3021 3014 3008
3016 3009 3008 2992 3015 3002 2995 3001 3015 3002 3000 3000 2993 2991 2998 3005 3006 3034 3049 3069 3077 3078 3088 3091 3101 3090 3103 3099 3094 3091 3097 3085 3086 3078 3101 3096 3097 3095 3090 3086 3095 3084 3071 3072 3049 3028 3025 2994 3016 3018 3006 2990 2998 3006 3001 3001 3012 3009 3024 3024 3033 3030 3028 3020
2984 2995 3003 3003 2988 3006 2998 3008 3003 3014 3030 3014 3010 3015 3021 3043 3020 3055 3063 3079 3085 3081 3094 3094 3102 3100 3089 3096 3096 3085 3086 3089 3080 3088 3097 3091 3097 3096 3090 3090 3078 3079 3070 3070 3051 3030 3024 3022 3010 3016 3021 3007 2996 2994 2997 3011 3008 3012 3019 3031 3032 3025 3026 3014
2983 2994 2989 3007 2994 3010 3012 2997 3012 3008 3032 3017 3035 3036 3033 3052 3062 3064 3083 3074 3081 3084 3089 3094 3093 3099 3104 3094 3100 3093 3091 3098 3092 3096 3092 3103 3100 3098 3090 3079 3082 3086 3084 3084 3041 3053 3041 3006 3003 3016 3008 3004 2995 2992 2999 3007 3002 2998 3017 3026 3026 3037 3023 3015
2993 3010 2992 3000 2998 3012 3015 3014 3012 3020 3024 3043 3040 3030 3040 3054 3065 3084 3088 3074 3086 3087 3097 3087 3093 3113 3094 3100 3086 3085 3096 3084 3080 3079 3089 3100 3103 3098 3086 3096 3092 3089 3081 3077 3070 3067 3037 3031 3035 3034 3019 3015 3007 2999 3019 3008 3015 3022 3024 3027 3020 3021 3018 3018
3012 3003 2994 3011 3021 3030 3015 3034 3024 3028 3030 3033 3047 3054 3074 3048 3066 3068 3084 3093 3087 3094 3092 3083 3091 3083 3088 3085 3085 3088 3083 3077 3081 3082 3078 3088 3096 3099 3080 3087 3071 3081 3082 3074 3076 3069 3052 3050 3054 3049 3036 3010 3025 3019 3016 3012 3023 3029 3034 3036 3027 3020 3027 3024
3020 3006 3009 3018 3041 3026 3027 3035 3036 3048 3042 3041 3038 3051 3058 3062 3066 3078 3083 3090 3093 3077 3095 3103 3085 3091 3084 3084 3086 3094 3081 3090 3086 3084 3090 3091 3089 3105 3074 3082 3079 3073 3081 3071 3089 3078 3071 3049 3052 3054 3031 3029 3034 3042 3021 3030 3035 3041 3027 3040 3016 3032 3030 3035
3012 3024 3021 3030 3044 3034 3030 3037 3032 3034 3043 3037 3047 3047 3053 3080 3078 3072 3076 3074 3077 3084 3067 3081 3085 3102 3090 3093 3096 3089 3086 3074 3070 3090 3085 3102 3092 3094 3091 3083 3092 3089 3073 3078 3091 3076 3068 3066 3062 3059 3051 3048 3047 3046 3052 3034 3032 3031 3023 3022 3039 3021 3041 3043
