3058 3041 3031 3031 3041 3050 3065 3064 3053 3047 3047 3041 3038 3024 3048 3035 3043 3038 3040 3040 3038 3038 3039 3034 3032 3027 3010 3016 3024 3020 3025 3019 3008 3028 3014 3008 3013 3015 3017 3023 3015 3016 3016 3008 3023 3016 3000 2991 3001 3004 3004 3003 3006 2991 2984 2998 2983 2993 2996 2986 2978 2989 2982 2986
3049 3049 3048 3039 3042 3050 3050 3064 3052 3040 3031 3032 3022 3046 3041 3049 3028 3041 3039 3047 3042 3026 3036 3033 3032 3041 3031 3020 3032 3017 3014 3029 3028 3006 3012 3003 3012 3015 3014 3022 3023 3017 3020 3027 3007 2996 3000 2987 3000 3004 3010 3023 3009 2993 3000 3004 2993 2993 2979 2986 2989 3001 3008 2986
3065 3063 3071 3046 3050 3051 3050 3054 3052 3035 3021 3039 3036 3047 3042 3037 3048 3056 3044 3054 3047 3049 3036 3028 3031 3048 3034 3011 3034 3026 3032 3014 3029 3023 3018 3028 3016 3001 3010 3013 3030 3028 3020 3006 3005 3003 3007 2999 3001 3011 3014 3019 3000 3006 3015 2998 3009 3011 2990 3001 3003 3019 3001 3006
3037 3041 3060 3040 3032 3046 3055 3048 3047 3024 3037 3039 3037 3037 3023 3034 3032 3048 3044 3040 3054 3054 3061 3047 3044 3039 3032 3021 3048 3027 3023 3025 3030 3018 3027 3013 3005 3016 3010 3013 3014 3020 3012 3018 3005 2995 3003 3006 3004 3010 3006 3007 3007 2998 3005 3002 3001 2988 2999 2996 2997 3005 2984 2997
3053 3047 3038 3040 3043 3055 3059 3043 3047 3050 3046 3026 3018 3028 3037 3043 3040 3033 3025 3040 3055 3067 3049 3055 3049 3045 3046 3036 3039 3039 3028 3026 3025 3018 3026 3018 3007 3017 3023 3028 3000 3013 3001 3015 3012 3016 3015 3011 2992 3001 3019 3015 3008 3004 3009 3024 3002 3006 2989 2992 2991 2986 2983 2992
3037 3044 3055 3029 3029 3033 3041 3046 3040 3051 3045 3037 3042 3021 3036 3035 3034 3039 3041 3044 3057 3053 3058 3049 3043 3052 3039 3044 3055 3038 3041 3034 3035 3035 3018 3020 3026 3016 3018 3004 3005 3004 3012 3016 3005 2999 3009 3008 2993 2997 3006 3003 3005 3000 3009 3000 3005 2995 2991 2992 2982 3003 2995 3010
3044 3050 3035 3046 3040 3040 3051 3046 3029 3020 3049 3037 3038 3044 3032 3046 3045 3037 3052 3045 3067 3062 3058 3048 3043 3038 3048 3049 3051 3031 3043 3039 3050 3032 3048 3036 3043 3010 3013 2996 3000 3002 3005 3014 2997 2996 3007 3002 3007 2997 2994 3008 3010 3006 2995 3021 3009 2995 2996 2991 2989 3002 3005 3015
3012 3019 3021 3007 3010 3019 3016 3003 3018 3016 3031 3022 3014 3009 3025 3021 3035 3030 3047 3043 3052 3048 3041 3043 3029 3026 3024 3030 3031 3034 3036 3037 3033 3034 3032 3043 3034 3032 3030 3016 3016 3003 3027 3029 3005 3010 3006 3026 3002 3007 3003 3013 2992 2991 3000 3007 2998 3000 2994 2999 3007 3007 2997 3019
2989 2992 2973 2995 2993 2995 2982 2984 2986 2993 3007 3001 2994 3000 3011 3015 3014 3013 3020 3019 3030 3042 3033 3036 3012 3022 3009 3017 3030 3033 3039 3033 3034 3026 3037 3029 3031 3036 3028 3028 3038 3023 3048 3018 3028 3016 3023 3004 3028 3026 3006 3013 3003 3015 2997 3005 2996 2979 2987 3004 3010 3020 3002 2985
2988 2985 2993 2987 2993 2986 2986 2990 2985 2999 3007 2994 3003 3016 3012 3020 3018 3023 3013 3031 3029 3040 3031 3030 3015 3021 3013 3023 3027 3035 3031 3045 3038 3039 3029 3036 3043 3028 3041 3019 3028 3017 3025 3018 3014 3005 3013 3024 3005 3004 3031 3004 3004 3012 2998 2987 2995 3000 2998 3013 3017 3021 3007 2993
2990 2989 2994 2994 2988 2984 2980 3003 3004 2990 2982 2986 3019 3021 3022 3030 3011 3030 3038 3033 3032 3042 3040 3041 3029 3026 3025 3026 3032 3042 3035 3042 3045 3044 3044 3032 3053 3044 3029 3031 3010 3017 3009 3014 2995 3006 2989 2987 2973 2988 2994 3017 2997 3022 3017 3000 2988 3007 3007 3022 3012 3000 3009 3010
2984 2982 2982 2981 2984 2992 2982 3000 3000 3008 2994 3013 3012 3015 3032 3031 3024 3031 3032 3045 3044 3056 3030 3035 3024 3028 3033 3020 3030 3040 3044 3040 3045 3043 3039 3050 3046 3045 3046 3041 3037 3033 3014 3004 2996 3009 3001 2991 3000 2980 2979 2989 3012 3015 2999 3000 2990 3000 3001 3020 3016 3013 3007 3015
2974 2958 2966 2963 2977 2996 2998 3010 2997 3011 3032 3028 3024 3017 3042 3028 3016 3017 3036 3042 3053 3046 3035 3036 3048 3041 3034 3024 3030 3046 3042 3046 3041 3050 3040 3042 3038 3039 3044 3043 3041 3039 3009 3014 3025 2996 2998 2996 2990 2989 2992 2991 3000 3003 2995 2994 2993 2995 3000 3038 3020 3008 3027 3011
2975 2966 2958 2973 2984 2988 2994 2990 3007 3015 3028 3017 3027 3023 3031 3026 3025 3038 3036 3036 3063 3051 3041 3040 3045 3050 3031 3032 3027 3038 3032 3044 3046 3056 3051 3048 3042 3043 3039 3052 3047 3041 3026 3012 3001 3009 3004 3005 2986 2991 2982 2987 2992 3000 2986 2994 2995 2997 2998 3019 3026 3022 3023 3005
2975 2971 2957 2978 2998 2990 2981 2993 2991 3011 3023 3025 3021 3025 3020 3027 3022 3020 3037 3044 3063 3058 3046 3044 3045 3046 3055 3044 3038 3019 3030 3043 3055 3051 3051 3047 3049 3051 3047 3047 3044 3034 3016 3015 2993 2988 2989 2995 2976 2982 2990 2995 2997 2985 2993 2988 2998 3010 3016 3027 3013 3006 3015 3011
2987 2969 2988 2989 2997 2996 2983 2992 2998 3002 3019 3012 3031 3023 3029 3025 3037 3032 3035 3052 3058 3058 3063 3047 3044 3042 3050 3038 3050 3032 3043 3034 3052 3055 3040 3043 3063 3052 3054 3047 3042 3039 3026 3010 3005 2993 3002 3000 2994 2993 2998 2988 3001 2990 2994 3007 3002 3015 3008 3011 3018 3018 3016 3015
3000 2990 2991 3000 2991 2997 2993 3015 3011 3034 3021 3020 3034 3040 3029 3026 3020 3048 3066 3059 3072 3061 3061 3057 3058 3052 3040 3030 3033 3019 3033 3055 3069 3059 3050 3054 3049 3055 3049 3043 3040 3046 3030 2994 3004 2998 2983 2984 2979 2995 2999 2989 3002 3005 3000 3013 2999 3007 2994 3010 3014 3023 3026 3003
2985 2999 3000 2991 2989 2996 3004 3016 3010 3019 3022 3030 3025 3033 3041 3033 3045 3048 3074 3083 3050 3071 3064 3055 3057 3050 3055 3037 3017 3043 3041 3050 3080 3069 3069 3058 3063 3058 3059 3058 3050 3046 3031 3009 3006 2998 2980 2987 2980 2996 2996 2995 3011 3012 3013 3005 3015 2999 3012 3005 3022 3026 3013 3016
2985 2998 2997 3004 2991 3007 3010 3014 3024 3020 3025 3039 3029 3032 3023 3029 3040 3069 3086 3086 3081 3073 3075 3072 3048 3048 3043 3048 3031 3032 3047 3076 3074 3085 3072 3075 3066 3073 3063 3063 3060 3054 3033 3022 3012 2994 2989 2971 2987 2987 2998 2998 3010 3006 3016 3010 3010 2991 3002 3007 3020 3022 3021 3024
3000 3000 3013 3009 3001 3003 3004 3018 3026 3024 3036 3020 3029 3025 3043 3040 3047 3057 3068 3074 3068 3060 3086 3069 3057 3061 3048 3044 3042 3059 3053 3073 3082 3073 3084 3084 3085 3074 3072 3063 3063 3059 3038 3009 3013 2995 2998 2988 2989 2992 3000 3003 3007 3005 3010 3019 3002 2995 3009 3010 3019 3017 3010 3012
2987 2996 3013 3017 3002 3030 3038 3028 3026 3029 3010 3022 3028 3026 3031 3046 3049 3071 3082 3081 3073 3071 3078 3079 3065 3063 3060 3051 3054 3069 3079 3079 3068 3069 3072 3064 3075 3069 3080 3066 3062 3044 3027 3019 3018 3013 2982 2985 2997 2992 2998 2992 2999 3002 3009 3008 3001 3002 3011 3009 3015 3015 3019 3002
2995 2994 3008 3002 3013 3000 3013 3013 3008 3017 3027 3033 3030 3027 3032 3039 3042 3076 3087 3080 3066 3081 3098 3087 3079 3063 3063 3054 3057 3062 3067 3079 3076 3078 3074 3078 3066 3080 3082 3082 3065 3049 3038 3020 3007 3000 2995 2998 2999 3002 2998 2993 3010 3009 3009 3012 2996 2993 2995 3020 3005 3006 2993 3003
3005 2997 3001 2989 3008 3012 3004 3001 2995 3027 3033 3031 3038 3044 3032 3035 3041 3072 3056 3074 3067 3078 3082 3078 3078 3078 3071 3076 3083 3071 3076 3087 3077 3093 3089 3077 3088 3082 3080 3079 3088 3062 3037 3022 3007 2997 2999 2996 3004 2993 2990 2995 3006 3010 3001 3009 2999 2983 2995 2987 2998 2991 2996 2994
2995 2980 2992 2991 3001 2996 2998 3008 3005 3020 3041 3056 3036 3044 3041 3054 3066 3063 3077 3069 3071 3065 3078 3072 3082 3094 3073 3088 3080 3099 3085 3082 3080 3089 3091 3086 3078 3074 3088 3094 3073 3070 3055 3027 3017 2998 2997 3000 3003 3010 3002 2993 3012 3006 3005 3011 2990 3004 3005 3012 3001 3010 2992 3007
3003 3000 2996 2985 2999 3001 3012 3005 3007 3015 3018 3031 3024 3044 3070 3063 3092 3080 3080 3076 3080 3074 3079 3086 3090 3090 3085 3080 3096 3099 3091 3076 3084 3080 3092 3070 3090 3084 3080 3074 3071 3084 3066 3035 3023 3008 2991 3000 3008 3000 3001 3012 3004 2990 2990 2987 3003 2998 3001 3000 3003 2998 2983 2999
2990 3000 2997 3000 3007 3004 3010 3008 3006 3001 3017 3034 3037 3055 3070 3067 3087 3079 3089 3082 3078 3075 3075 3079 3080 3084 3098 3088 3087 3105 3084 3073 3096 3082 3073 3087 3096 3086 3088 3084 3082 3089 3057 3039 3022 3002 3006 2996 3005 3011 3007 3005 3008 2999 2994 3001 2990 3002 3014 3013 2991 2991 3007 2986
3002 2997 2997 2989 2998 2999 2999 3001 3012 3025 3015 3024 3048 3062 3090 3075 3073 3069 3075 3081 3090 3086 3082 3074 3081 3096 3079 3096 3088 3087 3103 3100 3092 3084 3085 3094 3090 3089 3092 3089 3073 3076 3048 3032 3022 3004 2996 3003 3009 2996 2998 3000 3001 2999 3001 3005 3012 3012 3014 3003 3007 3006 3009 3008
2994 2981 3006 3004 3020 3006 3001 3024 3020 3004 3010 3037 3050 3070 3079 3084 3080 3084 3087 3085 3080 3074 3079 3076 3081 3086 3086 3081 3084 3078 3094 3087 3095 3088 3089 3085 3096 3092 3099 3082 3093 3071 3041 3036 3020 3002 2999 2990 3000 3001 2993 3009 2990 2995 2989 3007 3020 3013 3020 3002 3011 2990 3006 2995
2994 2997 2988 2992 2996 3009 2993 2985 2999 3014 3014 3038 3047 3076 3073 3071 3094 3087 3084 3064 3084 3072 3065 3085 3090 3085 3084 3088 3085 3099 3097 3113 3105 3103 3097 3082 3093 3080 3088 3069 3087 3064 3044 3035 3013 3001 3002 2997 2993 2997 3002 3007 3009 2994 3010 3006 3005 3001 2990 3002 2997 2979 2991 3009
2981 2999 2997 3002 2995 2995 3009 3000 2997 3006 3018 3035 3041 3059 3079 3086 3072 3087 3082 3077 3077 3072 3086 3068 3093 3075 3086 3078 3086 3094 3096 3087 3107 3085 3088 3081 3084 3087 3068 3079 3076 3063 3049 3024 3014 3000 3001 3000 3002 2995 3000 2994 2988 3002 2994 3012 3007 2992 3008 3020 2987 3007 2989 2993
2992 3009 2999 2995 2995 2996 2997 3007 2996 3017 3031 3024 3042 3052 3065 3080 3092 3077 3086 3091 3079 3078 3087 3078 3094 3086 3083 3090 3079 3085 3100 3091 3086 3095 3075 3090 3095 3102 3062 3067 3070 3060 3034 3023 3010 3001 3004 3008 2999 3002 2999 2986 2998 3000 2999 3000 2998 2984 2997 3015 3004 2980 2992 2990
3001 2996 2985 3003 3004 3002 3002 3012 3013 2991 3007 3029 3035 3052 3071 3066 3082 3068 3096 3087 3085 3094 3076 3089 3096 3092 3077 3096 3098 3096 3072 3084 3093 3069 3088 3092 3102 3089 3088 3071 3067 3061 3039 3018 3010 3001 3003 2991 3006 2995 3001 2999 2995 3006 3009 2997 2990 2986 3014 3016 2992 2999 2993 2997
3011 3000 2985 2996 3005 2995 3014 3004 3002 3006 2996 3030 3031 3055 3076 3069 3082 3085 3080 3076 3079 3093 3088 3085 3083 3088 3073 3086 3081 3098 3093 3084 3079 3070 3090 3076 3083 3072 3094 3082 3063 3063 3038 3018 3017 3002 3007 3006 2996 2980 2998 3001 2998 3002 2996 3019 2992 3001 3008 2997 2986 2996 2996 2991
2987 3007 3003 2995 2995 3000 3004 3013 2987 2993 2998 3004 3017 3037 3057 3061 3077 3078 3080 3079 3082 3084 3085 3081 3082 3084 3080 3091 3086 3087 3082 3087 3086 3087 3078 3086 3083 3086 3081 3077 3075 3061 3028 3026 3007 3007 3005 3012 3007 2998 3015 3003 3007 2997 2994 3010 3000 3002 2996 3008 3016 3004 3010 2998
3002 2990 2986 2990 2994 2995 2995 2993 2992 2997 2996 3017 3019 3032 3053 3063 3073 3078 3077 3079 3076 3084 3092 3090 3086 3082 3077 3082 3094 3088 3089 3094 3082 3081 3082 3089 3086 3078 3079 3071 3064 3061 3043 3020 3016 3003 3008 2992 2998 3009 2995 2991 3015 2997 3010 3005 3014 3011 3008 3010 3020 2999 3003 3008
2993 3002 3006 2994 2996 2989 2988 2988 2989 2996 2998 3008 3005 3019 3043 3081 3065 3077 3069 3085 3075 3073 3087 3092 3082 3087 3086 3079 3083 3084 3103 3091 3091 3090 3092 3088 3082 3087 3085 3074 3070 3045 3018 3005 3007 2999 2989 2999 2993 3005 3011 2994 2988 3011 3009 3004 3005 3009 2999 3003 3014 3006 3002 2995
3004 2993 2977 2974 2982 2986 2982 2984 2988 2985 3007 2995 3006 3001 3027 3046 3062 3064 3073 3068 3067 3084 3093 3086 3081 3080 3094 3093 3094 3083 3083 3086 3087 3093 3079 3084 3077 3084 3073 3058 3068 3053 3024 3007 3013 3001 3001 3002 3003 3016 2995 3000 3005 3025 3005 3016 3012 3006 3022 3013 3008 3008 3013 2995
2992 2989 2991 2983 2987 2985 2977 2985 2991 2994 2997 2995 3015 3003 3027 3034 3050 3059 3080 3082 3079 3071 3089 3082 3073 3081 3090 3086 3096 3087 3098 3091 3099 3084 3103 3095 3087 3075 3065 3061 3058 3050 3027 3001 3004 2995 2992 2995 3003 3019 3010 2998 3019 3007 3015 2997 3008 3012 3007 3015 3013 3007 3004 3008
3002 2997 3001 2997 2990 2980 2969 2990 2990 2991 2993 3004 3011 3003 3003 3014 3033 3073 3072 3065 3082 3081 3083 3099 3074 3084 3104 3099 3084 3095 3084 3094 3086 3088 3088 3085 3087 3083 3071 3071 3043 3024 3020 3009 3015 2998 3007 3011 3004 3004 2999 2996 3021 3019 3010 3000 3001 3009 3025 3017 2995 3006 2995 3005
2994 2998 3003 2997 2997 2986 2988 2992 2992 2981 3001 3005 3013 3007 2999 3004 3033 3051 3067 3076 3079 3085 3090 3077 3067 3087 3105 3099 3087 3089 3088 3088 3091 3084 3107 3086 3079 3084 3073 3053 3050 3020 3018 2995 3008 2996 2997 3000 3012 3001 2992 2996 3019 3019 2996 2996 3011 3006 3008 3014 3016 3002 3009 3000
2994 2990 2998 2986 2988 2994 2987 2989 3002 2994 2995 2985 2994 2989 2993 3013 3009 3042 3054 3057 3085 3068 3084 3079 3093 3096 3081 3070 3083 3082 3091 3083 3092 3075 3106 3079 3077 3091 3082 3074 3047 3009 3026 3006 3001 2982 3019 2996 3015 3013 3007 3020 3006 3002 3005 3019 3011 3031 3025 3004 3017 2999 3005 3009
3007 2997 2991 2988 2987 2989 2988 2981 2971 3000 2976 2989 2986 2993 2990 2999 3002 3026 3035 3050 3066 3090 3076 3090 3087 3082 3083 3092 3084 3076 3093 3076 3087 3088 3088 3077 3092 3091 3080 3059 3049 3024 3016 3008 3002 2994 3005 3006 3018 3009 3017 3011 3005 3004 3010 3027 3025 3040 3033 3027 3014 3018 3012 3003
3004 2999 2997 2989 2985 2987 2984 2980 2989 2987 2992 3002 3004 3004 2999 2999 3003 3012 3028 3047 3060 3067 3096 3097 3081 3086 3075 3081 3084 3092 3082 3097 3091 3089 3091 3086 3093 3073 3078 3056 3051 3032 3035 3001 2997 3013 3005 3006 2998 3021 3023 3035 3008 2995 3000 3005 3026 3045 3027 3036 3018 3014 3024 3018
3003 3002 3000 2990 2983 2975 3000 2986 3002 2986 2991 3001 3007 3003 2997 3005 2999 3007 3012 3037 3055 3090 3083 3091 3081 3084 3079 3084 3081 3072 3078 3079 3078 3081 3081 3085 3070 3078 3082 3077 3047 3020 3018 3006 2998 3011 3011 3017 3016 3011 3021 3032 3016 3004 2997 3014 3030 3042 3042 3043 3034 3016 3015 3022
3003 2989 2993 2985 2971 2988 2990 2991 2988 2995 2992 3018 3019 3001 2996 3013 2991 3009 3001 3029 3041 3067 3082 3078 3079 3074 3083 3085 3089 3076 3091 3082 3083 3073 3079 3077 3081 3079 3093 3078 3049 3042 3014 3005 3005 3005 3012 3016 3002 2993 3000 3021 3011 3005 2994 3009 3013 3034 3030 3029 3023 3022 3021 3017
3005 2982 3006 2990 2986 2992 2987 2988 2997 2990 3012 3014 3002 3003 3001 2996 2996 3013 3007 3021 3056 3058 3073 3077 3066 3081 3082 3082 3079 3081 3081 3084 3077 3076 3076 3065 3069 3076 3074 3073 3060 3049 3015 2999 2998 3008 3004 3013 2998 2978 2989 2999 3003 3005 3005 3005 3026 3034 3027 3017 3019 3021 3013 3022
2993 2997 2990 2992 2991 2990 2993 2992 3007 3003 3007 3005 2986 2992 3002 3012 2987 3003 3003 3015 3043 3071 3081 3078 3072 3091 3085 3080 3078 3088 3080 3089 3089 3091 3070 3077 3078 3075 3076 3075 3063 3038 3028 3009 3003 3004 3013 3004 3006 2995 3007 3001 3004 2994 2985 2991 3014 3032 3033 3037 3021 3015 3008 3013
3000 2993 3002 2986 3003 3001 2989 3002 3011 2993 3012 2992 2994 3010 2995 2996 2989 3005 3004 3022 3046 3058 3077 3072 3079 3096 3086 3088 3066 3079 3086 3088 3096 3090 3075 3077 3078 3086 3077 3067 3054 3030 3021 3007 3019 3003 3001 3004 2999 3000 2991 3017 3007 3005 3007 2997 3012 3024 3042 3041 3024 3005 3014 3014
2988 3003 3009 2985 2999 3007 3011 3006 2999 2998 2996 2995 2997 2986 3014 2993 3002 3004 3014 3028 3050 3055 3075 3084 3076 3075 3089 3089 3078 3070 3093 3091 3084 3088 3075 3094 3095 3091 3076 3075 3052 3041 3021 3015 3003 3009 3006 3020 3006 3014 3005 3000 3014 3016 2994 2983 3001 3021 3016 3025 3017 3020 3027 3020
2991 2989 2991 3010 3015 3014 3006 3007 3007 3003 2990 2989 2997 2995 3010 3016 3016 3010 3014 3025 3059 3070 3082 3086 3082 3103 3096 3080 3082 3077 3102 3088 3094 3086 3087 3089 3082 3079 3078 3075 3063 3052 3047 3017 3015 3010 3008 3008 3013 3023 3000 2992 3004 3010 3004 2990 3010 3008 3012 3009 3012 3018 3022 3012
2990 3000 2994 3012 3002 3017 2995 3000 2995 3002 2989 2994 2994 3008 3002 3000 3001 3017 3019 3039 3053 3078 3083 3082 3075 3081 3095 3092 3088 3080 3091 3093 3083 3067 3089 3091 3077 3079 3061 3071 3071 3061 3040 3018 3025 3027 3009 3003 3007 3011 3002 2997 3007 3001 3003 3009 3003 3006 3013 2998 3008 3017 3015 3010
2980 2990 2987 3004 3001 3000 2995 2998 3007 2999 2998 2991 2998 3000 2990 2999 3012 3038 3027 3048 3074 3080 3088 3088 3068 3077 3082 3091 3082 3079 3094 3093 3084 3093 3087 3091 3091 3087 3078 3061 3059 3056 3051 3044 3035 3021 3024 3015 3017 3016 3003 3009 3004 3014 3007 3011 3014 3001 3000 3018 2999 3017 3017 3003
2995 2996 3000 3005 3005 2994 2999 2998 2997 3000 3014 2995 3011 3004 2994 3021 3035 3041 3038 3053 3079 3072 3089 3080 3081 3083 3071 3080 3082 3084 3078 3082 3080 3100 3085 3083 3081 3074 3073 3076 3077 3075 3064 3051 3052 3038 3035 3027 3023 3034 3026 3022 3031 3010 3015 3024 3022 3022 3010 3026 3029 3024 3032 3028
3009 2999 2996 3007 3006 3002 3009 3011 2998 3010 3022 3025 3013 3007 3032 3032 3038 3054 3062 3064 3068 3081 3107 3084 3080 3076 3062 3083 3069 3070 3081 3079 3087 3079 3091 3086 3075 3051 3073 3070 3067 3077 3076 3075 3062 3051 3044 3043 3046 3053 3023 3033 3041 3034 3029 3034 3032 3020 3036 3024 3042 3051 3035 3024
2999 3003 3010 3010 2998 3001 3008 3023 3013 3019 3028 3021 3020 3031 3030 3036 3046 3047 3066 3071 3075 3077 3073 3085 3087 3074 3081 3091 3069 3081 3085 3086 3087 3072 3067 3076 3077 3072 3078 3068 3100 3086 3079 3076 3070 3060 3041 3045 3036 3044 3042 3044 3038 3050 3030 3021 3032 3040 3046 3047 3043 3036 3026 3023
2990 2995 3002 3009 3010 3004 2998 3017 3024 3030 3040 3027 3027 3027 3044 3039 3054 3059 3061 3070 3065 3078 3070 3077 3091 3091 3083 3083 3098 3081 3082 3081 3080 3092 3087 3093 3089 3073 3077 3078 3099 3088 3087 3082 3068 3063 3058 3051 3046 3058 3054 3062 3058 3066 3042 3037 3040 3042 3055 3042 3043 3029 3027 3041
3009 3023 3027 3017 3020 3026 3005 3031 3032 3035 3047 3046 3037 3046 3058 3066 3070 3081 3068 3068 3067 3075 3075 3080 3071 3086 3084 3100 3079 3094 3089 3096 3080 3083 3083 3078 3079 3093 3088 3087 3091 3096 3080 3085 3070 3057 3060 3064 3046 3048 3051 3063 3063 3059 3058 3042 3052 3067 3057 3064 3056 3057 3047 3055
3021 3039 3033 3030 3025 3020 3025 3041 3052 3060 3047 3062 3065 3068 3080 3076 3089 3076 3071 3068 3069 3059 3076 3060 3070 3077 3096 3104 3078 3081 3085 3093 3088 3093 3089 3079 3081 3083 3090 3089 3084 3080 3083 3073 3067 3058 3065 3096 3065 3055 3076 3080 3061 3060 3056 3054 3056 3065 3067 3065 3083 3066 3058 3050
3037 3043 3053 3053 3049 3033 3048 3055 3055 3055 3063 3063 3066 3069 3065 3067 3087 3076 3074 3071 3073 3072 3073 3069 3082 3073 3077 3084 3080 3083 3089 3077 3083 3083 3079 3097 3092 3089 3084 3082 3083 3061 3085 3080 3076 3055 3077 3083 3074 3056 3063 3061 3058 3054 3067 3065 3060 3062 3068 3059 3075 3080 3069 3086
3042 3059 3061 3045 3049 3049 3060 3053 3053 3055 3062 3064 3062 3045 3068 3072 3073 3074 3070 3075 3068 3077 3055 3078 3057 3076 3077 3086 3084 3088 3085 3084 3078 3082 3087 3096 3092 3096 3083 3076 3073 3081 3083 3069 3072 3062 3077 3079 3063 3047 3074 3070 3068 3065 3057 3072 3069 3074 3076 3064 3094 3083 3073 3058
3042 3042 3052 3055 3057 3069 3078 3064 3055 3073 3065 3075 3057 3066 3056 3056 3073 3081 3080 3069 3071 3077 3070 3064 3069 3069 3079 3071 3070 3079 3077 3079 3073 3077 3079 3083 3074 3094 3083 3085 3072 3070 3078 3083 3064 3068 3070 3068 3065 3063 3076 3064 3068 3065 3060 3082 3061 3064 3075 3074 3077 3077 3059 3055
3042 3044 3047 3055 3078 3064 3079 3068 3079 3078 3069 3074 3074 3083 3060 3066 3074 3064 3080 3060 3077 3059 3064 3071 3068 3058 3068 3080 3061 3068 3067 3059 3081 3080 3067 3076 3068 3073 3078 3078 3080 3076 3081 3078 3050 3067 3069 3075 3083 3086 3076 3075 3068 3048 3077 3074 3068 3074 3072 3068 3087 3069 3071 3048
3056 3057 3053 3055 3063 3057 3058 3069 3064 3068 3088 3075 3070 3076 3061 3083 3078 3076 3073 3068 3070 3057 3058 3067 3069 3062 3069 3075 3085 3073 3063 3067 3076 3081 3073 3062 3076 3080 3075 3086 3070 3073 3069 3077 3065 3059 3083 3078 3088 3074 3077 3069 3071 3075 3065 3066 3058 3077 3068 3051 3068 3065 3056 3068
3041 3052 3049 3049 3059 3067 3059 3063 3064 3060 3076 3073 3068 3071 3077 3074 3078 3091 3103 3084 3086 3077 3065 3076 3071 3073 3066 3069 3069 3066 3065 3065 3070 3071 3058 3071 3087 3068 3073 3064 3083 3074 3063 3069 3070 3067 3058 3082 3079 3078 3079 3067 3086 3089 3067 3053 3062 3066 3066 3061 3046 3064 3063 3077
