3057 3049 3048 3044 3030 3057 3057 3063 3032 3031 3026 3040 3047 3036 3034 3024 3039 3015 3014 3017 3025 3016 3035 3021 3028 3017 3022 3023 3015 3015 3016 3019 3009 3025 2993 3008 3015 3011 3004 3001 3006 2992 3009 3013 3013 3005 3003 3012 3015 3006 3003 3013 3008 3000 3009 3018 3009 3009 2993 2982 3004 2996 2996 3006
3057 3043 3046 3038 3044 3046 3048 3050 3041 3043 3027 3040 3041 3035 3044 3023 3033 3028 3015 3028 3018 3016 3019 3022 3016 3022 3014 3020 3017 3034 3007 3006 3011 3005 3018 3021 3006 3005 3007 3012 3001 3015 3010 3015 3009 3008 2990 3010 3014 3008 3004 3001 3012 3001 3006 3006 2999 2995 2990 3004 2991 3009 3002 3001
3042 3049 3050 3048 3034 3038 3046 3051 3045 3038 3035 3035 3044 3043 3015 3035 3022 3010 3025 3022 3004 3025 3014 3027 3022 3024 3012 3009 3016 3030 3002 2990 3014 3011 3032 2996 2993 2987 3015 3028 3015 3022 3024 3009 3005 3018 3000 3006 2999 2996 2998 2999 3004 3028 3022 3008 3015 3005 2995 3006 2994 3000 3006 2999
3044 3051 3044 3037 3025 3053 3034 3045 3036 3038 3029 3031 3022 3024 3019 3021 3024 3028 3022 3026 3020 3025 3016 3015 3032 3015 3029 3020 3039 3013 3000 3008 3012 3015 3012 3017 2990 3012 3013 3020 3015 3019 3014 3012 3008 3006 3008 3009 3008 3004 2990 2994 3013 3006 3008 3009 3011 3009 3000 3003 3006 3006 3002 3007
3033 3046 3041 3044 3029 3030 3035 3044 3034 3033 3019 3024 3020 3028 3022 3016 3029 3031 3034 3033 3032 3019 3005 3004 3018 3016 3013 3026 3011 3018 3007 3008 3006 3017 3021 3018 3012 3012 3027 3012 3024 3006 3001 3004 3007 3012 3008 3009 3007 3011 3012 3014 3009 3005 3003 2987 3009 3017 2999 2998 2991 2988 2999 3007
3044 3048 3055 3035 3041 3047 3055 3043 3029 3035 3026 3027 3029 3020 3026 3026 3046 3034 3025 3023 3023 3030 3004 3025 3018 3031 3019 3012 3014 3014 2999 3009 3021 3005 3015 3027 3004 3011 3027 3018 3016 3019 3023 3024 3004 3011 3011 3001 2998 3006 3009 3009 3003 3004 3019 3011 3008 3014 3012 2995 2999 2997 2990 2996
3040 3048 3054 3025 3045 3043 3051 3045 3049 3036 3036 3029 3029 3022 3026 3027 3020 3022 3027 3034 3033 3027 3024 3019 3025 3011 3017 3021 3007 3015 2993 3017 3011 3024 3017 3011 3003 3002 3012 3019 3024 3000 3022 3020 3018 3012 3012 3016 3003 3002 3001 3017 3007 2996 3015 3019 3017 3018 3016 3024 3010 3003 2993 2997
3019 3024 3016 3002 3011 3035 3027 3030 3022 3016 3027 3018 3025 3016 3019 3017 3014 3021 3023 3030 3028 3025 3019 3023 3022 3020 3024 3026 3003 3019 3012 3018 3018 3002 3025 3026 3020 3013 3019 3018 3026 3019 3021 3027 3015 3012 3015 3016 3021 3004 3005 3013 3010 3006 2999 3019 3013 3013 3007 2996 3008 2993 2999 2975
2973 2968 2989 2983 2987 2996 3005 2981 3002 2975 2997 3000 2986 3001 2992 2988 2995 3010 3019 3017 3018 3012 3012 3013 3008 3014 3008 3019 3012 3007 3012 3009 2998 3008 3007 3020 3031 3042 3025 3011 3015 3019 3018 3023 3013 3006 3011 3011 3006 3005 3023 3014 3013 3009 3014 3018 3009 2992 3011 3003 3010 3005 3008 2986
2986 2978 2981 2980 2987 2997 2990 2984 2989 2987 2998 3006 3004 3005 2984 3000 2995 2995 3017 3017 3019 3023 3036 3016 3014 3021 3027 3020 3004 3013 3007 3014 3010 2996 3013 3012 3011 3020 3005 3009 3009 3000 3023 3005 3003 3005 3005 3003 3007 2996 3003 2999 3011 3008 3010 3014 2995 2995 3009 3011 3011 3006 3011 3004
2995 2984 2984 2986 3007 2988 2977 2992 3005 2998 2998 2997 2997 3005 3009 3001 2999 3002 3034 3024 3044 3032 3030 3025 3017 3018 3015 3015 3007 2998 3010 3017 3008 3002 2997 2988 2986 3010 3000 2999 3000 2998 2998 3000 2997 3002 2986 2981 2996 2992 2993 2992 3002 2992 2992 2999 3010 2997 3005 3005 3018 3009 3011 2995
2982 2995 2984 2981 3000 2983 2988 2984 2997 2990 3005 3006 3014 3006 3005 3013 3001 3011 3034 3021 3023 3031 3044 3021 3031 3016 3022 3011 2997 3001 3024 3020 3001 2997 2992 3001 3011 2996 2999 2993 2990 3003 2999 2981 3003 2986 2998 3002 2994 2998 3000 2998 2993 2989 3006 3006 2996 3012 3016 3008 3022 3011 3020 2992
2985 2979 2970 2983 3000 2976 3006 2993 2990 2992 3007 2987 3007 2994 3010 3012 3000 3016 3035 3040 3031 3040 3033 3040 3030 3026 3030 3025 3021 3004 3017 3015 3007 2995 2998 2995 3008 2995 2985 2977 2992 2991 2990 2983 2997 2989 2987 2996 2980 2991 2990 3002 2988 3006 2985 2987 3003 3005 3006 3017 3001 3008 2995 3008
2976 2966 2987 2985 2994 2999 3007 3000 2993 3005 3000 3018 3014 3006 3022 3001 3014 3018 3036 3029 3042 3039 3030 3038 3032 3015 3011 3018 3030 3026 3019 3023 3008 3007 3013 2998 2991 2999 2985 2998 2992 2994 2978 2989 2984 2993 2985 3007 2982 2987 2994 2995 2990 2994 2992 2989 3001 2994 3018 3008 3011 3003 3014 3008
2976 2974 2964 2983 2997 2987 3005 3005 2992 3005 3018 3003 3016 3019 3011 3007 3025 3030 3033 3040 3052 3044 3052 3040 3032 3026 3023 3032 3029 3023 3016 3009 3023 3015 3014 2997 3002 2998 3005 2997 2989 2975 2989 2991 3002 3001 2989 2984 2996 2999 2985 2981 2996 2990 3004 3002 2994 3012 3019 3014 3017 3000 3009 3008
2984 2990 2972 2982 2987 2994 3003 3004 3009 3012 3021 3020 3035 3025 3023 3031 3031 3032 3022 3047 3050 3056 3049 3034 3031 3021 3024 3026 3031 3022 3019 3024 3028 3013 3005 3008 2999 2981 3008 3004 2989 2990 2992 2992 2985 2980 2986 2980 2983 2992 2989 2993 2992 2990 3010 3011 2990 3003 3010 3021 3015 3001 2991 3012
2994 2995 2995 2997 3006 3010 2998 3003 3011 3012 3020 3022 3018 3020 3023 3035 3020 3038 3056 3053 3059 3059 3036 3027 3027 3021 3024 3018 3036 3028 3019 3024 3016 3035 3021 3010 3015 3011 2991 3000 2990 2973 2989 2974 2968 2996 2988 2996 2986 2990 2995 2989 3002 2998 2987 3002 2999 2993 3003 3010 3003 2991 3001 2996
3003 3010 3013 3005 3000 2991 3021 3007 3009 3013 3033 3033 3037 3037 3022 3029 3017 3034 3051 3053 3063 3055 3044 3031 3033 3051 3045 3030 3038 3027 3037 3035 3023 3029 3025 3041 3021 3023 3005 3003 2990 3004 2988 2985 2991 2986 2982 3002 2993 3000 2989 2998 3003 2999 3015 3000 2999 2995 3005 3014 3008 2997 3007 3002
3006 2994 3000 3003 3006 3007 3019 3029 3033 3034 3044 3041 3030 3029 3026 3037 3027 3035 3048 3051 3057 3061 3037 3050 3050 3054 3046 3055 3048 3042 3037 3025 3029 3031 3034 3033 3038 3036 3027 3001 3004 2993 2995 3001 2999 2999 2993 3000 2994 2995 2993 2987 3022 3026 3009 3007 3018 3021 3006 3019 3013 3010 3014 3017
2997 3008 3011 3010 3004 3007 3012 3024 3021 3027 3036 3035 3052 3033 3035 3029 3025 3035 3040 3042 3062 3051 3060 3038 3051 3049 3058 3061 3060 3055 3044 3041 3029 3011 3030 3022 3033 3026 3025 3013 3003 2999 3004 2994 2995 3005 2997 2999 2994 2991 3008 3002 3013 3007 3018 3011 2993 3002 3015 3017 3009 3019 3010 2999
3009 2999 3025 3013 3008 3009 3013 3040 3038 3033 3036 3037 3040 3043 3031 3029 3026 3031 3033 3047 3067 3049 3049 3056 3075 3064 3084 3079 3076 3074 3066 3052 3031 3027 3031 3028 3043 3023 2999 3008 2993 2988 2982 2984 2987 2997 3002 3003 3004 2990 2998 2994 3013 2993 3010 3011 3016 3002 3002 2992 3002 3014 3018 3006
3005 3000 3007 2996 3018 2999 3034 3045 3040 3044 3048 3029 3032 3024 3036 3030 3037 3031 3044 3043 3052 3049 3056 3060 3063 3071 3095 3095 3090 3084 3083 3059 3038 3039 3043 3026 3034 3028 3014 3023 2998 2980 3001 2993 3002 2989 2999 3004 3006 2995 3008 3002 3022 2999 3015 3004 3015 3001 3005 3009 3006 3002 3018 3007
2992 3020 3008 3009 3014 3021 3044 3025 3042 3031 3035 3027 3031 3035 3038 3041 3057 3039 3042 3051 3052 3040 3051 3065 3083 3091 3091 3091 3088 3081 3070 3057 3058 3044 3039 3033 3046 3031 3020 3023 3000 3004 2995 2987 2999 2993 3006 2995 3006 2995 2999 3000 3012 3006 3018 3017 3018 3009 3008 3007 3009 2995 2999 2988
3007 2997 3002 2993 3011 3017 3039 3027 3027 3029 3032 3028 3033 3024 3028 3040 3053 3057 3046 3053 3058 3061 3063 3064 3076 3090 3101 3092 3091 3084 3079 3078 3069 3063 3048 3035 3046 3043 3031 3019 3005 3007 2987 2989 2997 2991 2999 3009 3009 3003 2997 3003 3003 3011 3003 3016 3010 3019 3001 3010 2996 3007 2991 2996
2996 2990 3003 3001 2993 3020 3029 3041 3025 3027 3031 3038 3042 3027 3025 3048 3040 3045 3038 3058 3055 3065 3073 3080 3070 3085 3083 3080 3083 3083 3092 3077 3062 3043 3050 3052 3050 3043 3042 3020 3012 3012 3010 2995 2999 2998 3007 3016 2996 3007 3003 3004 3019 3016 3017 3019 3016 3016 2998 2995 3001 2992 2990 2993
2999 2998 2987 2997 3005 3023 3030 3027 3033 3034 3033 3035 3034 3050 3034 3038 3047 3049 3042 3052 3057 3063 3059 3080 3083 3078 3091 3104 3092 3089 3078 3091 3056 3052 3065 3057 3048 3042 3029 3021 3015 3013 2992 3001 3018 2997 2996 2995 3002 2998 3005 2996 2998 2997 2996 2994 3017 3004 3008 2987 3007 3004 3002 2995
3003 3003 3011 3013 3007 3025 3028 3056 3043 3039 3040 3046 3045 3042 3046 3036 3036 3059 3050 3060 3059 3070 3075 3077 3086 3084 3089 3095 3081 3101 3102 3099 3082 3072 3063 3058 3059 3040 3038 3023 3018 3015 3010 2997 3001 3003 3008 2990 2999 3007 3004 3005 2996 2998 3004 3013 3003 3008 3006 3006 2993 2998 3003 2996
3006 3009 3014 3012 3008 3022 3027 3032 3041 3040 3056 3037 3036 3047 3053 3043 3052 3052 3074 3076 3075 3074 3073 3073 3086 3080 3086 3092 3107 3108 3090 3082 3101 3077 3078 3071 3057 3051 3048 3024 3016 3001 3000 2993 3001 3001 2997 3004 2995 2994 3003 3006 3006 2985 2998 2994 2991 2995 3002 3004 3011 2992 3001 3002
3017 3004 3007 3009 3009 3017 3021 3033 3039 3030 3043 3040 3039 3054 3051 3057 3064 3075 3069 3069 3074 3078 3087 3090 3084 3100 3087 3092 3098 3102 3090 3088 3088 3080 3084 3078 3069 3058 3052 3025 3021 3011 2995 2999 3007 2999 2992 2999 2991 2987 3000 3020 3001 2997 2996 3013 3002 3002 3007 3004 2995 2996 3016 3009
3006 2995 2995 3003 3030 3022 3033 3020 3055 3059 3049 3051 3061 3059 3050 3060 3059 3085 3073 3074 3076 3071 3083 3086 3096 3090 3083 3093 3087 3087 3093 3083 3083 3078 3082 3085 3071 3070 3046 3036 3013 3000 2985 3001 2998 2995 2996 3002 3017 2998 2991 3004 3001 3001 3002 3008 3012 3015 3013 3001 2999 3004 3007 3023
3013 3005 2995 3005 3010 3011 3023 3041 3055 3046 3051 3072 3056 3059 3062 3074 3070 3068 3080 3074 3079 3085 3070 3079 3106 3080 3084 3088 3102 3088 3088 3076 3096 3086 3084 3079 3082 3065 3048 3031 3015 3004 2992 2993 3003 3014 3000 3001 2995 3006 3006 3015 2999 2999 3006 3007 2999 3011 3013 3009 3005 3005 2999 3019
2994 2991 2993 2999 2997 3011 3029 3032 3052 3048 3076 3083 3077 3084 3081 3078 3086 3068 3092 3092 3080 3072 3072 3088 3082 3098 3092 3101 3087 3086 3077 3097 3091 3082 3074 3095 3077 3070 3048 3015 3007 2998 2997 3004 3010 2996 3005 3021 3008 2998 3000 3015 2996 3009 3009 3014 3006 3015 3002 3006 3011 3003 3005 3010
3012 2998 3007 2996 3002 3017 3018 3019 3043 3050 3073 3067 3087 3080 3090 3098 3070 3075 3086 3088 3092 3103 3095 3082 3090 3081 3084 3086 3086 3099 3079 3094 3082 3084 3087 3078 3078 3059 3038 3024 3021 2985 2995 2990 3003 2992 2990 3007 3000 3001 2996 3000 3011 3018 3012 3002 3003 3011 3004 3008 3002 3012 3003 3004
3012 2994 2987 2982 2999 3000 3012 3017 3044 3059 3065 3077 3076 3077 3091 3094 3065 3083 3087 3091 3080 3085 3087 3079 3081 3088 3096 3094 3092 3096 3084 3081 3093 3072 3090 3085 3080 3071 3038 3017 3002 2999 2995 3001 3001 3006 3001 3010 3000 2997 3006 2996 2991 3011 2998 3000 3001 2997 3008 2997 3002 3007 3000 3000
3001 3009 3003 3006 2995 2996 3006 3024 3042 3057 3069 3078 3081 3078 3092 3084 3080 3086 3084 3088 3087 3088 3077 3069 3078 3085 3096 3093 3110 3102 3091 3076 3066 3078 3088 3081 3064 3070 3045 3013 3015 2999 2987 2996 3004 3007 2999 2996 2987 2999 3004 3014 3008 3006 3004 3010 3002 3003 2989 2989 2999 2999 3010 3005
2987 3002 3010 2992 3001 3001 3005 3028 3049 3061 3074 3077 3064 3076 3085 3091 3081 3084 3090 3095 3082 3073 3072 3088 3098 3088 3082 3096 3091 3111 3086 3083 3073 3081 3091 3082 3084 3068 3043 3031 3002 3001 2990 2998 3009 3020 3006 2990 2991 2998 3004 3006 2998 2989 2998 2995 2989 2997 2998 2998 2992 2994 3003 2992
3006 3005 2995 3001 3009 3006 3020 3031 3040 3070 3071 3083 3072 3075 3069 3081 3100 3090 3080 3091 3084 3078 3090 3066 3080 3078 3082 3088 3075 3093 3094 3092 3084 3082 3094 3089 3075 3055 3040 3011 3001 2984 2998 2998 3008 2999 3000 3006 2994 2999 2994 3003 3007 3009 3000 3001 2987 3000 2999 2997 2997 3008 3004 2997
2992 2986 3011 2991 3018 3006 3005 3013 3040 3058 3079 3075 3084 3065 3070 3076 3081 3089 3078 3094 3090 3076 3083 3072 3075 3083 3081 3083 3084 3093 3096 3109 3084 3087 3077 3075 3073 3064 3024 3008 3004 3010 3000 2991 3015 2996 3011 3000 3000 2994 3006 2998 3011 3002 3007 2991 3009 2989 2996 2993 3009 3008 3010 2995
2991 2995 2993 2996 3011 3010 3000 3002 3025 3052 3074 3071 3076 3076 3078 3075 3082 3095 3091 3075 3071 3089 3083 3080 3091 3078 3090 3076 3080 3083 3079 3085 3084 3096 3085 3077 3059 3036 3015 3001 3000 3003 2994 2997 2993 3007 3000 3012 3006 2999 2984 2996 3001 3010 3010 3012 3007 2994 3004 2995 2997 2999 3001 2973
2991 2993 2996 3005 3011 2996 2989 3010 3004 3042 3068 3070 3076 3090 3085 3078 3087 3089 3071 3099 3098 3078 3088 3078 3086 3100 3095 3089 3095 3088 3079 3074 3076 3076 3073 3067 3075 3060 3008 3008 2993 3001 3006 3005 2994 2993 3017 3015 3001 2997 2992 3012 3007 2997 2995 3027 3024 3020 2993 2995 3010 2996 2991 2982
2996 3000 3006 2988 3000 2987 2979 2986 3005 3033 3058 3076 3082 3074 3080 3074 3064 3076 3078 3082 3092 3087 3079 3082 3077 3088 3084 3094 3094 3086 3080 3083 3079 3074 3065 3071 3066 3044 3021 3008 3003 3021 2999 2993 3005 3008 3007 3015 2987 3010 3007 3004 2999 2991 3009 3022 3014 3031 3019 3032 3015 2995 3015 2998
2998 2990 3002 2994 2992 2992 2977 2994 3012 3037 3043 3059 3063 3072 3072 3074 3068 3083 3073 3087 3073 3081 3076 3082 3074 3081 3082 3083 3075 3080 3083 3085 3077 3079 3073 3068 3055 3044 3023 3019 3018 3019 3011 3008 3004 2995 3010 3021 3008 3016 3011 3012 3002 2999 3006 3022 3034 3023 3027 3051 3037 3019 3012 3011
2983 2989 3010 2997 3003 2987 2992 3007 3004 3020 3028 3039 3064 3067 3074 3066 3063 3075 3084 3071 3079 3080 3081 3090 3084 3076 3075 3095 3076 3088 3075 3071 3072 3079 3067 3064 3068 3035 3032 3013 3017 3024 3009 3010 3004 3008 3011 3016 3004 3012 3002 3003 3005 3005 3010 3009 3019 3033 3037 3040 3020 3031 3020 3013
2982 2982 3002 2994 2992 3002 2992 3005 3016 3031 3036 3058 3049 3062 3065 3065 3068 3066 3073 3079 3083 3078 3091 3075 3074 3079 3087 3076 3086 3084 3088 3075 3092 3085 3078 3068 3038 3045 3039 3035 3016 3026 3008 3018 3012 2997 3013 3017 3019 3005 3001 2996 2997 3007 2993 3005 3028 3042 3050 3031 3034 3012 3010 3010
2975 2989 2992 2998 2999 3009 2997 3012 3025 3022 3018 3046 3042 3068 3064 3079 3065 3079 3073 3068 3092 3080 3094 3079 3085 3078 3082 3076 3078 3077 3073 3070 3083 3084 3074 3060 3056 3049 3034 3019 3020 3038 3019 3017 3004 3014 3013 3023 2995 2999 3004 3000 3001 3010 2998 3006 3020 3056 3039 3033 3031 3040 3020 3022
2995 2980 2993 2994 2997 3005 3009 3019 3021 3026 3031 3030 3037 3056 3057 3060 3060 3063 3063 3075 3085 3080 3086 3092 3081 3083 3067 3067 3080 3081 3079 3082 3070 3080 3073 3067 3050 3041 3034 3025 3028 3028 3017 3015 3014 2999 3011 3012 3002 2996 2991 2992 3009 3006 3000 3001 3028 3046 3031 3034 3037 3023 3014 3017
2996 2997 2991 2995 3010 2997 3005 3003 3021 3023 3021 3029 3030 3034 3054 3062 3071 3088 3078 3073 3087 3084 3085 3080 3085 3080 3064 3075 3091 3067 3082 3083 3082 3077 3073 3058 3053 3037 3029 3006 3006 3021 3030 3015 3017 3004 3007 3010 3012 2990 2995 3005 3016 3021 3013 3014 3024 3044 3033 3033 3016 3003 3014 3024
2997 3001 2992 3007 2983 3000 3013 3009 3018 3037 3026 3022 3026 3023 3057 3060 3074 3080 3070 3085 3087 3093 3086 3092 3070 3080 3075 3087 3078 3094 3091 3096 3089 3077 3065 3070 3045 3026 3014 3025 3016 3018 3013 3008 3000 3002 3017 3002 3009 3001 2996 3011 2998 3009 2996 3009 3023 3027 3032 3028 3018 3022 3023 3022
3008 2992 2995 2997 2990 3002 2994 2996 2998 3019 3026 3024 3009 3027 3042 3068 3069 3063 3071 3075 3091 3080 3094 3089 3090 3095 3093 3082 3084 3089 3090 3087 3081 3075 3070 3052 3048 3029 3028 3025 3022 3028 3001 3019 3001 3009 3016 3017 2995 3009 3008 2994 3002 3000 2998 3003 3007 3020 3005 3016 3019 3031 3003 3030
2984 3010 2985 2980 2985 2990 3015 3010 3001 3006 3000 2999 3012 3028 3039 3051 3063 3062 3069 3078 3073 3082 3095 3081 3080 3090 3083 3083 3083 3074 3078 3082 3083 3083 3054 3043 3044 3024 3019 3033 3029 3027 3019 3003 3005 3000 3011 3006 3006 2999 2999 2996 3001 2990 3004 2993 2998 3003 3001 3013 3012 3020 3010 3013
2991 2994 2996 2990 2998 2993 2992 3010 2999 3000 3004 3013 3009 3028 3037 3046 3074 3074 3073 3069 3071 3095 3099 3086 3095 3090 3098 3096 3088 3087 3074 3074 3072 3079 3045 3047 3025 3024 3030 3013 3021 3023 3017 3016 3003 3005 2997 3006 3000 3013 3017 2999 3005 3004 3003 2988 2999 2989 3010 3012 3008 3021 3012 3007
3006 3000 2994 2990 2993 3000 2998 2997 2997 3006 3003 3003 3010 3031 3047 3053 3069 3074 3077 3088 3088 3091 3092 3095 3094 3089 3078 3087 3080 3081 3081 3074 3071 3063 3054 3023 3018 3004 3005 3013 3008 3012 3011 2998 3007 3016 2999 3003 3013 3003 3010 3010 3005 3005 2990 2996 3003 3006 3000 3010 3011 3002 3013 3025
2991 2990 3006 2992 2999 3000 2996 2993 3010 3003 3010 3009 3007 3038 3036 3066 3068 3076 3081 3083 3084 3089 3081 3090 3085 3077 3083 3089 3080 3081 3066 3071 3061 3045 3045 3022 3020 3002 3021 3012 3009 3007 3015 3020 3017 3019 3012 3012 3014 3018 3030 3030 3021 3017 3018 3034 3018 3013 3022 3014 3002 3012 3018 3029
2994 2998 3008 3006 3001 3008 2996 2993 3003 3001 3009 3011 3011 3025 3041 3042 3065 3077 3092 3092 3080 3081 3092 3086 3074 3087 3081 3077 3066 3065 3072 3072 3062 3059 3033 3042 3025 3014 3009 3010 3021 3005 3027 3041 3022 3043 3028 3013 3024 3037 3028 3035 3021 3018 3029 3033 3028 3036 3027 3019 3023 3016 3020 3007
3004 3001 2996 2992 3008 2987 2992 2997 3014 2987 3005 3009 3033 3048 3063 3061 3064 3091 3086 3088 3083 3081 3107 3075 3084 3076 3071 3080 3072 3076 3083 3075 3080 3064 3053 3039 3038 3044 3036 3036 3028 3041 3040 3027 3039 3048 3035 3040 3037 3045 3061 3064 3052 3048 3029 3027 3034 3046 3035 3026 3026 3020 3029 3037
3000 2998 2991 2994 3011 3004 3001 2993 3005 2998 3029 3040 3042 3048 3067 3077 3071 3086 3093 3092 3104 3093 3083 3079 3088 3084 3081 3072 3084 3081 3077 3081 3083 3086 3071 3043 3050 3043 3044 3046 3042 3040 3044 3038 3047 3044 3046 3053 3045 3056 3061 3063 3055 3044 3040 3051 3044 3060 3060 3058 3042 3035 3032 3039
3010 2998 2994 3007 3011 3003 3010 3028 3016 3007 3030 3055 3057 3062 3083 3083 3069 3083 3104 3088 3095 3091 3086 3096 3099 3094 3092 3088 3095 3083 3081 3074 3085 3072 3074 3057 3059 3051 3050 3058 3063 3068 3059 3056 3052 3056 3050 3054 3064 3052 3055 3057 3055 3048 3046 3052 3061 3078 3072 3069 3054 3055 3060 3057
3023 3003 3006 3005 3009 3020 3023 3033 3047 3042 3045 3044 3074 3072 3097 3094 3082 3082 3076 3100 3103 3103 3098 3105 3096 3102 3091 3090 3099 3093 3088 3082 3083 3072 3058 3058 3058 3058 3074 3074 3072 3067 3068 3065 3064 3063 3065 3055 3061 3063 3053 3055 3052 3056 3061 3057 3064 3076 3065 3085 3082 3072 3059 3060
3012 3019 3024 3033 3022 3033 3033 3039 3031 3041 3050 3061 3081 3071 3076 3092 3078 3094 3075 3086 3080 3096 3091 3097 3101 3106 3093 3085 3080 3095 3093 3078 3078 3080 3082 3073 3048 3059 3061 3065 3083 3096 3068 3060 3066 3070 3071 3069 3073 3062 3067 3054 3053 3059 3060 3063 3067 3081 3064 3074 3077 3050 3064 3064
3008 3023 3033 3046 3041 3037 3026 3037 3051 3048 3053 3056 3072 3070 3068 3088 3096 3096 3085 3091 3079 3089 3095 3105 3092 3095 3102 3099 3080 3091 3083 3082 3082 3090 3078 3079 3066 3071 3058 3074 3071 3078 3081 3070 3077 3074 3068 3083 3071 3067 3050 3067 3056 3074 3052 3084 3069 3078 3068 3069 3067 3064 3064 3081
3041 3030 3041 3050 3061 3051 3052 3059 3059 3064 3062 3058 3075 3077 3080 3090 3091 3091 3077 3096 3087 3080 3087 3091 3102 3093 3092 3082 3086 3093 3087 3080 3077 3085 3075 3082 3071 3068 3080 3060 3088 3069 3067 3087 3070 3062 3060 3068 3061 3063 3055 3051 3059 3055 3080 3063 3073 3067 3076 3060 3060 3062 3067 3067
3055 3042 3049 3055 3059 3062 3057 3066 3069 3078 3071 3066 3062 3078 3072 3081 3068 3073 3072 3087 3094 3088 3086 3098 3091 3095 3098 3083 3088 3085 3104 3091 3089 3088 3069 3069 3067 3068 3077 3071 3083 3074 3069 3059 3073 3064 3058 3059 3062 3067 3065 3039 3050 3067 3072 3078 3080 3082 3076 3057 3073 3070 3076 3072
3057 3064 3057 3079 3070 3073 3062 3080 3065 3074 3079 3070 3073 3078 3078 3081 3093 3094 3094 3087 3092 3089 3086 3088 3099 3079 3087 3097 3093 3081 3083 3072 3080 3082 3076 3067 3072 3071 3056 3063 3070 3066 3069 3086 3070 3058 3059 3070 3059 3076 3063 3063 3048 3067 3065 3070 3075 3079 3070 3054 3062 3069 3064 3068
3036 3049 3076 3061 3073 3060 3069 3070 3075 3081 3074 3081 3082 3076 3079 3082 3091 3085 3068 3069 3081 3086 3105 3087 3088 3084 3085 3085 3085 3077 3075 3075 3076 3071 3070 3075 3065 3062 3066 3075 3063 3078 3077 3080 3069 3080 3058 3068 3058 3075 3056 3053 3065 3067 3069 3069 3062 3060 3068 3057 3059 3062 3067 3070
