3063 3059 3055 3047 3050 3054 3062 3046 3027 3034 3041 3036 3043 3050 3052 3030 3037 3021 3023 3009 3032 3028 3032 3031 3022 3032 3028 3030 3015 3012 3024 3030 3021 3017 3011 3023 3025 3019 3020 3006 3007 2987 3013 2998 3009 3003 3010 3017 3007 3007 3014 3017 3019 3028 3015 3011 3004 2994 3001 2988 2988 2994 2997 3012
3063 3055 3054 3058 3049 3050 3048 3042 3040 3036 3032 3026 3042 3043 3026 3023 3012 3028 3030 3028 3012 3016 3029 3030 3027 3025 3016 3023 3004 3022 3004 3011 3032 3015 3012 3018 3005 2988 3016 3022 3012 3013 3011 3014 3015 3010 3020 2995 3007 3013 2998 3013 3008 3011 3020 3008 3004 2999 3003 2989 2985 3014 3005 3009
3052 3054 3048 3030 3050 3036 3044 3040 3049 3046 3026 3030 3044 3041 3026 3029 3013 3030 3026 3032 3013 3009 3018 3026 3028 3014 3016 3022 3029 3024 3002 3001 3000 3016 3020 3014 2998 3005 3011 3016 3018 3015 3017 3015 3018 3010 3004 3004 2992 3008 2996 3000 3015 3007 3010 3011 3013 2997 3002 3001 2995 2999 3008 2996
3029 3064 3046 3039 3029 3040 3041 3045 3056 3035 3017 3033 3027 3034 3018 3026 3034 3019 3031 3017 3026 3017 3020 3010 3021 3015 3018 3008 3032 3015 3005 3004 3006 3005 3024 3014 2997 2998 3019 3013 3010 3017 3005 3005 3018 3017 3000 2997 3004 2998 3003 3009 3007 3002 3003 3000 3007 3003 3001 2995 2994 3002 2996 3002
3028 3060 3045 3040 3033 3040 3048 3034 3043 3037 3016 3028 3021 3030 3016 3020 3020 3027 3027 3019 3025 3023 3015 3018 3026 3030 3017 3028 3016 3007 3018 3010 3016 3024 3009 3024 3015 3021 3025 3005 3009 3023 3003 3007 3012 3014 2995 3003 2994 2994 3002 3012 3010 3020 3012 3000 2995 3004 3010 2994 2995 2982 2997 3014
3031 3045 3050 3033 3038 3044 3029 3044 3043 3032 3026 3019 3021 3031 3015 3031 3026 3017 3025 3040 3027 3029 3020 3011 3009 3015 3018 3023 3028 3021 3002 3007 3018 3010 3016 3002 3009 3018 3014 3015 3017 3023 3021 3004 3014 3009 2993 3014 3013 3002 3008 3004 3010 3011 2999 3014 3009 3022 3013 3001 2994 2993 2984 2999
3050 3052 3057 3038 3041 3050 3042 3037 3040 3042 3034 3031 3030 3037 3012 3025 3021 3015 3025 3035 3030 3030 3037 3022 3019 3025 3024 3014 3025 3014 3007 3011 3013 3028 3017 3028 3000 3005 3014 3024 3012 3012 3031 3022 3027 3008 3010 3020 3015 3015 3015 3018 3013 2993 3008 3011 3024 3015 3010 3014 3001 2996 2998 3007
3017 3013 3019 3020 3021 3036 3029 3024 3007 3014 3011 3012 3011 3014 3001 3017 3024 3025 3027 3018 3018 3030 3025 3033 3022 3011 3009 3011 3017 3006 3016 3018 3013 3010 3028 3011 3017 3009 3016 3018 3032 3012 3028 3011 3016 3011 3006 3012 3008 2993 3012 3021 3012 3010 3007 3016 3007 3012 3007 3019 3010 2994 3013 2995
2975 2979 2982 2988 2993 2994 2996 2997 2991 2992 2997 2997 2988 2998 3001 2983 2999 2997 3016 3004 3026 3016 3011 3016 3019 2998 3015 3005 3009 3012 3009 3021 3019 3007 3028 3028 3017 3025 3016 3025 3014 3018 3014 3008 3001 2999 3005 3014 3015 3000 3015 3017 3007 3014 3011 3012 3008 2984 3002 3007 3017 3003 3001 3004
2986 2980 2975 2999 2996 2974 2989 2992 2984 2999 2999 3011 2991 3000 2997 2994 2996 3003 3023 3029 3025 3022 3023 3018 3016 3017 3009 3005 3016 3007 3007 3016 3020 3006 3007 3009 3014 3011 3011 3009 3006 3008 3006 3010 3000 3001 2997 3010 2998 3002 3005 3005 3015 3014 3007 3002 3011 2988 3023 3012 3007 2999 3005 3010
2992 2982 2990 2999 2998 2984 2969 2979 2991 3002 2999 3007 3016 3000 3003 3016 3000 3002 3010 3022 3028 3016 3033 3017 3017 3015 3013 3011 3016 3003 3007 3022 3007 2992 2996 2986 2991 2988 3015 3003 3008 3011 3009 3004 2996 2999 2991 2987 2985 2994 3002 2998 2991 3010 3000 3011 2998 3008 3021 3020 3008 3003 3008 2997
2989 2988 2981 2989 3001 2984 2997 2987 3001 2997 2997 3001 3011 3006 3005 3001 2993 3012 3026 3040 3026 3038 3036 3023 3017 3023 3010 3020 3023 3011 3017 3017 3003 2995 2992 2992 2990 2992 2989 2998 2995 3004 3011 2976 2993 2993 2992 2982 2990 2993 2992 2995 2987 2993 3004 2997 3006 2991 3004 3004 3011 3011 3006 3008
2979 2978 2983 2978 2983 2991 3001 2994 2987 2993 3005 2996 2997 3006 3018 2998 3001 3018 3026 3042 3030 3034 3047 3042 3029 3027 3027 3012 3014 3019 3021 3008 3000 3000 2998 2989 2995 2992 2990 2989 2993 2993 2988 2994 2992 2975 2990 2989 2994 2983 2999 3000 2989 2998 2980 2996 3012 3010 2998 3008 3004 2999 3003 2996
2972 2983 2972 2984 2995 2989 2990 3003 2991 3010 3007 3018 3010 3003 3000 3012 3007 3021 3037 3043 3038 3034 3038 3037 3034 3026 3019 3026 3020 3025 3018 3003 3019 3016 2999 2994 3007 2985 3000 2992 2990 2976 2999 2991 2991 2984 2988 2984 2998 2993 2986 2994 2990 2983 2992 2993 3012 3009 3008 3018 3017 3011 3013 3010
2972 2976 2976 2991 2995 2997 2991 2989 3001 3011 3007 3008 3014 3014 3013 3023 3026 3032 3024 3042 3049 3058 3051 3044 3026 3016 3030 3012 3012 3031 3033 3019 3023 3020 3009 3010 2998 3001 3005 3002 2983 2986 2987 2992 2995 2996 2996 2990 2982 2991 2992 2991 2978 2985 2987 3009 3008 3011 3016 3034 3000 3003 2998 3013
2985 2983 2986 2994 2995 3008 2985 3018 3002 3015 3012 3005 3019 3021 3008 3027 3025 3032 3030 3044 3038 3049 3051 3045 3038 3031 3016 3038 3025 3026 3034 3024 3014 3023 3011 3005 3000 3000 2991 2995 2992 2992 2987 2984 2989 2983 2996 2991 2988 2994 2986 2982 2991 3000 2993 3005 2996 3001 3007 3012 3013 2997 3004 3008
2997 2996 2994 2995 2999 2995 3013 3014 3010 3009 3028 3039 3008 3023 3038 3031 3029 3037 3035 3054 3057 3042 3047 3032 3025 3026 3034 3031 3032 3026 3015 3032 3032 3027 3025 3016 2999 3013 3000 2992 2992 2989 2981 2981 2984 2978 2992 2995 2991 3005 2983 3000 3003 2998 3008 2998 2999 3005 3013 3019 3007 2996 2999 2988
3005 2988 3004 2999 2989 2999 3005 3006 3031 3035 3030 3026 3034 3037 3025 3025 3025 3046 3040 3044 3058 3051 3049 3020 3042 3032 3031 3026 3044 3031 3032 3030 3020 3028 3024 3021 3021 3004 3006 2998 2987 2991 2996 2977 2974 2989 2987 2983 2989 2986 2996 2984 3000 3011 3008 3006 2994 3001 3010 3006 3003 3010 3002 3000
2988 3000 3011 2996 3003 2999 3014 3012 3017 3030 3045 3041 3043 3033 3032 3028 3033 3033 3039 3038 3044 3042 3050 3039 3053 3051 3041 3051 3057 3044 3041 3025 3027 3030 3022 3036 3038 3028 3012 3009 3006 2994 3003 2987 2983 3010 2996 2987 2998 2993 2997 2993 3010 3021 3020 3023 3001 3006 3007 3027 3028 3022 3010 3006
2991 3004 3015 3006 3009 3001 3031 3015 3020 3042 3052 3043 3036 3024 3030 3036 3015 3042 3052 3048 3058 3052 3049 3049 3059 3050 3074 3061 3073 3066 3051 3039 3033 3024 3033 3026 3043 3027 3020 3009 3000 3000 2997 2978 2993 2996 3003 2994 2998 3006 2993 2996 3008 3004 3005 3008 3009 3006 3005 3010 3005 3011 3010 3006
3006 2999 3005 3002 3002 3007 3019 3036 3032 3032 3039 3037 3037 3038 3033 3040 3025 3041 3045 3046 3059 3052 3059 3058 3064 3064 3078 3087 3079 3066 3072 3055 3039 3021 3024 3040 3034 3033 3023 3004 2995 2980 2996 2993 2987 2995 3000 2992 2994 2996 3000 2999 3005 2999 3012 3010 3010 3008 2997 3007 3005 3012 3012 3018
2992 2987 3004 3011 3021 3009 3041 3025 3043 3032 3032 3034 3034 3036 3033 3039 3052 3041 3048 3037 3056 3067 3058 3060 3073 3078 3088 3082 3089 3087 3080 3057 3049 3033 3031 3033 3029 3038 3027 3012 3014 2995 2980 2980 2982 2991 2993 2984 2988 3005 3000 2999 3006 3010 3019 3010 3015 3014 3001 3017 3001 3012 3006 2989
2996 2996 3007 3005 3012 3023 3017 3042 3041 3029 3033 3031 3036 3039 3040 3044 3038 3047 3030 3052 3059 3056 3050 3056 3075 3084 3092 3095 3088 3079 3087 3073 3057 3044 3039 3045 3042 3044 3022 3010 3000 3009 2991 2985 2999 2987 2999 3000 3006 2992 3007 3000 3002 3006 3016 3023 3008 3003 3010 3019 3010 3010 3007 2987
2995 3002 2996 2999 2997 3026 3031 3023 3030 3038 3035 3038 3041 3032 3050 3033 3048 3051 3042 3047 3049 3067 3066 3064 3081 3075 3092 3098 3078 3079 3082 3073 3075 3055 3049 3047 3034 3057 3029 3014 3015 3003 2989 2998 2994 2995 2988 3002 3014 3014 3004 3001 3002 3011 3003 3011 2994 3007 3017 3007 2992 3002 3001 3000
2992 2987 2986 2987 3006 3010 3025 3038 3040 3022 3019 3033 3048 3032 3028 3036 3040 3044 3041 3056 3054 3061 3057 3063 3081 3095 3082 3091 3089 3088 3084 3079 3063 3064 3049 3055 3045 3032 3023 3020 3024 3010 3013 2991 3006 3014 3001 3000 3006 3005 3009 2995 3005 3006 3006 3016 3011 3001 3002 3006 3008 2998 2988 2983
3001 2997 2992 2997 3016 3021 3025 3027 3039 3024 3025 3039 3051 3036 3045 3046 3035 3051 3048 3055 3045 3058 3064 3068 3091 3096 3091 3096 3082 3083 3093 3089 3080 3072 3054 3046 3039 3027 3032 3022 3010 3023 3013 3009 2999 3006 3006 3003 3001 3012 2995 3005 2995 3012 3008 3002 3010 3011 3005 3007 2997 2990 2981 2993
3008 3011 2998 3005 3004 3011 3033 3033 3043 3046 3040 3052 3043 3046 3041 3034 3037 3050 3058 3061 3074 3082 3063 3077 3083 3083 3101 3107 3093 3097 3104 3091 3090 3072 3068 3064 3051 3044 3036 3027 3019 3008 3002 2998 2987 3011 2991 3005 3015 2998 3008 2988 3005 2989 3004 3001 3002 3009 2999 3017 3011 3003 2998 2994
3012 3005 3010 3006 3022 3010 3028 3030 3035 3035 3038 3047 3053 3050 3030 3054 3045 3058 3055 3067 3071 3074 3081 3087 3077 3081 3081 3101 3091 3094 3103 3108 3085 3085 3057 3064 3060 3058 3037 3025 3015 3013 3003 3000 2991 3004 2998 3014 3002 3000 3014 2988 3000 2996 3001 3001 2990 3010 2999 3014 3011 3020 3011 3017
3001 3004 3005 3007 3010 3020 3022 3040 3039 3033 3053 3034 3042 3043 3054 3045 3066 3068 3075 3074 3074 3066 3072 3078 3097 3090 3088 3103 3093 3107 3098 3091 3094 3089 3077 3080 3070 3046 3062 3019 3013 3000 3007 2997 3007 3019 3005 2996 3001 2993 3001 3000 3004 3000 2999 3009 3003 3013 3011 3012 2998 3007 3007 3021
3012 2997 3002 3008 3026 3006 3024 3026 3052 3046 3046 3054 3050 3055 3048 3065 3066 3079 3075 3062 3078 3082 3079 3084 3082 3087 3084 3089 3106 3093 3083 3103 3096 3102 3078 3089 3065 3058 3044 3016 3012 3014 2996 3000 2999 2998 2993 3006 3012 2990 3007 3003 2986 3006 3012 3000 3002 2984 3009 3013 3000 3003 3008 3016
3005 2996 2989 2995 3006 3016 3025 3037 3062 3067 3059 3059 3056 3069 3072 3075 3071 3071 3083 3080 3070 3072 3081 3096 3090 3090 3086 3088 3086 3099 3094 3077 3092 3095 3088 3085 3068 3056 3041 3019 3005 3004 3008 3002 3005 2993 3003 3009 3009 2994 2997 2996 3004 2987 2994 3007 2992 3011 3018 3000 3004 3008 3004 3012
2999 2994 3009 2999 3000 3021 3021 3032 3053 3055 3056 3085 3090 3083 3082 3067 3092 3078 3083 3073 3082 3073 3074 3072 3089 3091 3100 3100 3092 3095 3075 3085 3094 3091 3091 3086 3073 3061 3050 3022 3010 2984 3004 2997 2998 3005 2998 2997 3008 3005 2997 3003 3010 3002 3001 2998 2999 3001 3004 3018 3002 3009 3004 3001
3004 3000 2995 2992 3003 2997 3011 3024 3042 3059 3064 3076 3081 3085 3100 3083 3068 3081 3092 3087 3084 3087 3091 3075 3086 3077 3084 3087 3092 3082 3097 3078 3070 3083 3087 3082 3081 3058 3047 3021 2992 2991 3004 2992 2991 3000 3005 3013 3001 2991 2995 2991 3001 2996 3003 3008 3005 3007 3011 3006 3000 3011 3004 3015
3010 2995 2990 2996 2998 3011 3005 3022 3035 3059 3070 3066 3098 3088 3105 3084 3074 3079 3076 3085 3085 3089 3088 3077 3078 3079 3101 3093 3098 3093 3093 3078 3086 3080 3087 3081 3085 3060 3038 3025 3011 2996 2990 2992 3000 2998 2998 3002 3008 3001 3001 2997 3005 3002 3005 3013 3014 3004 3003 3014 3008 3001 3003 3008
3012 3007 3010 2993 3000 3001 3013 3015 3043 3070 3062 3073 3082 3094 3098 3078 3081 3089 3081 3087 3083 3078 3086 3086 3088 3089 3094 3090 3104 3085 3077 3085 3094 3090 3087 3077 3076 3066 3041 3030 3014 2992 2987 3005 2996 3002 3004 3002 3000 3007 3003 3008 3001 2997 3004 3008 3007 3006 2986 2991 2986 3001 3018 3000
2987 3009 3000 3002 2997 3005 3005 3035 3052 3070 3074 3081 3076 3088 3079 3076 3085 3090 3076 3078 3089 3085 3080 3074 3107 3080 3077 3094 3093 3092 3077 3067 3086 3081 3076 3074 3070 3067 3042 3027 3002 2995 3004 2992 2999 3011 2995 2996 2994 2998 3002 3010 2996 3021 2993 2993 3008 2997 2996 2979 3012 3005 3015 3000
2996 2994 3006 3002 3004 3001 3015 3028 3038 3050 3084 3073 3081 3086 3085 3088 3085 3094 3090 3094 3086 3076 3076 3088 3087 3077 3085 3068 3083 3097 3099 3093 3082 3083 3086 3068 3085 3062 3050 3019 3005 2984 3002 3005 3020 3015 3002 3000 3004 2988 3012 3004 3007 3001 2998 2998 2984 3004 2984 2995 2994 3015 3008 2992
2993 3001 3005 3016 3011 3001 3011 3024 3044 3046 3083 3071 3072 3065 3070 3068 3101 3085 3087 3088 3087 3067 3071 3066 3084 3078 3076 3077 3086 3083 3095 3102 3099 3084 3083 3070 3079 3067 3033 3021 3002 3002 3000 3008 3000 3002 3010 3001 3002 2997 3002 2998 3009 3004 3007 2996 2997 2998 2999 3002 3022 3029 2986 2986
2992 2989 2998 3005 3014 2998 2986 3010 3013 3047 3075 3070 3075 3081 3081 3077 3091 3097 3091 3082 3076 3076 3075 3095 3077 3079 3079 3090 3077 3081 3089 3082 3099 3073 3081 3070 3069 3043 3025 3004 3008 2999 2988 2999 3003 3018 3011 3013 2998 2997 3005 3005 2993 3002 3008 3013 2999 3012 3004 2994 2998 2989 2997 2975
2989 3000 3009 3011 3014 2994 2982 2996 3012 3025 3059 3077 3082 3074 3079 3066 3095 3080 3088 3087 3087 3093 3094 3087 3085 3087 3087 3085 3085 3086 3081 3079 3085 3085 3078 3079 3066 3047 3017 3000 2998 3006 3005 2991 2998 3001 3003 3020 2999 2978 2983 2994 2995 3000 3015 3021 3026 3003 3009 3003 3001 3001 2995 2980
2992 3003 2988 2995 3001 2996 2984 2993 2997 3023 3055 3067 3064 3086 3059 3086 3076 3084 3071 3083 3089 3081 3097 3080 3078 3077 3089 3076 3081 3081 3078 3078 3064 3082 3083 3078 3056 3059 3026 3001 3017 3010 3010 3002 3004 3008 2992 3010 2997 2984 3015 3015 2991 2990 3013 3008 3030 3021 3031 3038 3022 3006 3006 2999
2990 2998 2991 2979 2980 2986 2977 2995 3003 3036 3068 3065 3063 3070 3076 3070 3069 3072 3076 3086 3078 3089 3092 3075 3091 3078 3070 3083 3087 3078 3083 3076 3085 3073 3087 3065 3068 3046 3024 3024 3016 3015 3000 3004 2989 2996 3004 3020 3016 3005 3012 3007 2996 2998 3002 3015 3016 3034 3035 3039 3032 3023 3002 2996
2977 2994 2996 3007 3005 2997 2975 2997 3018 3022 3028 3054 3059 3071 3075 3070 3073 3068 3071 3074 3078 3085 3088 3081 3086 3085 3081 3075 3088 3095 3088 3065 3082 3073 3076 3074 3060 3042 3025 3024 3020 3016 3029 3010 3006 3001 3011 3016 3004 3004 2995 3004 2991 3019 3012 3010 3017 3039 3033 3040 3032 3016 3020 3017
2979 2984 2995 2990 3016 2999 2986 3013 3014 3028 3027 3047 3063 3059 3078 3086 3062 3074 3065 3083 3071 3088 3092 3083 3084 3086 3082 3079 3086 3067 3087 3077 3092 3084 3079 3064 3054 3048 3024 3020 3026 3027 3025 3016 3019 3003 3008 3006 3005 2996 2981 2990 3005 3010 2998 2997 3017 3048 3051 3028 3035 3017 3023 3017
2992 2993 2997 2998 3003 3007 3004 3012 3026 3024 3023 3052 3054 3055 3070 3078 3065 3067 3076 3080 3089 3089 3085 3086 3086 3084 3075 3074 3075 3069 3083 3081 3082 3072 3061 3068 3044 3042 3017 3021 3026 3011 3014 3015 3010 3002 3015 3008 3001 2997 2998 2985 2996 3004 3011 3001 3031 3033 3030 3033 3027 3019 3011 3010
2993 2990 2983 2980 3002 3008 3015 3013 3016 3026 3023 3024 3042 3057 3064 3061 3069 3068 3082 3078 3086 3082 3089 3088 3079 3066 3080 3084 3091 3075 3088 3093 3071 3073 3062 3066 3054 3046 3029 3014 3038 3032 3007 3009 3003 3003 3007 3016 3001 2994 2990 2999 3006 3008 2997 2999 3024 3032 3027 3028 3032 3008 3022 3021
2998 2996 2988 3004 3008 3009 2997 3009 3016 3023 3024 3025 3028 3050 3059 3061 3074 3074 3080 3068 3091 3089 3095 3088 3069 3065 3085 3078 3081 3083 3089 3090 3076 3081 3084 3072 3038 3044 3022 3021 3025 3017 3029 3021 3008 3004 3005 3009 3000 2996 3000 3008 2999 3017 3004 2997 3025 3016 3030 3037 3023 3022 3008 3024
2998 2995 2992 2991 3008 3005 3008 3004 3006 3013 3026 3015 3024 3028 3053 3061 3076 3079 3074 3086 3084 3102 3092 3095 3089 3086 3081 3087 3094 3080 3082 3089 3088 3078 3082 3062 3050 3024 3025 3016 3020 3030 3009 3015 3017 3009 3020 3004 3003 3000 2989 2989 3001 3006 3005 3015 3006 3034 3022 3033 3022 3019 3036 3020
2992 2993 2992 2992 2980 2998 3006 3009 3014 3004 3020 3016 3018 3034 3052 3053 3071 3071 3073 3072 3075 3087 3087 3081 3091 3098 3091 3094 3092 3091 3091 3093 3089 3067 3079 3058 3030 3030 3032 3023 3025 3016 3019 3012 2993 3003 3008 3010 3010 3003 2996 2997 3005 2997 3011 2997 3008 3011 3009 3024 3023 3021 3027 3023
3005 3001 2995 2986 2985 2997 3004 3015 3010 3015 3007 3007 3012 3016 3048 3049 3060 3053 3072 3074 3070 3082 3078 3089 3086 3091 3098 3083 3081 3082 3086 3074 3076 3081 3066 3051 3032 3028 3033 3025 3031 3024 3020 3012 3011 3002 3008 3011 3003 3003 2998 3002 2999 3001 2993 3012 3004 2995 3002 3012 3015 3018 3010 3022
2991 2997 2989 2994 2986 2994 3004 3006 2999 3002 3006 3012 3013 3028 3040 3047 3067 3069 3078 3078 3080 3086 3086 3080 3080 3082 3090 3089 3086 3099 3088 3088 3094 3071 3051 3026 3032 3011 3008 3013 3021 3019 3021 3012 3002 3003 3005 3013 2994 3005 3009 3003 3002 2996 2985 2989 3009 3011 3011 3001 3005 3008 3019 3037
2993 2989 2988 2990 2992 2997 3002 2997 2996 3005 3013 3004 3006 3010 3038 3057 3061 3085 3076 3078 3084 3087 3101 3093 3082 3076 3090 3086 3078 3082 3090 3089 3082 3068 3050 3039 3018 3021 3011 2999 2999 3010 3004 3019 2997 3003 3010 3002 3011 3005 3026 3010 3007 2999 3006 2997 3006 3012 3013 3010 3010 3002 3007 3035
3003 2989 3004 2993 2985 2992 2992 2999 3004 3000 3007 3013 3016 3017 3045 3054 3075 3074 3090 3096 3100 3096 3085 3086 3085 3081 3091 3080 3075 3083 3074 3080 3075 3063 3036 3028 3025 3004 2998 3002 3001 3015 3010 3024 3023 3023 3013 3011 3024 3021 3017 3031 3019 3011 2997 3009 3018 3020 3015 3007 3017 2997 3015 3023
3005 2993 3001 3006 3005 2985 2997 2998 2996 3004 3004 3005 3008 3029 3046 3059 3067 3074 3079 3089 3089 3086 3076 3074 3078 3079 3081 3079 3061 3078 3076 3074 3075 3058 3047 3027 3021 3015 3005 3022 3011 3004 3027 3025 3039 3038 3030 3027 3033 3029 3041 3049 3037 3025 3034 3031 3026 3032 3022 3021 3026 3012 3018 3012
3010 2993 2993 2998 3001 3000 2984 2999 2997 2993 2998 3021 3032 3037 3055 3058 3066 3085 3089 3094 3087 3092 3078 3088 3081 3085 3070 3086 3072 3077 3073 3079 3068 3074 3052 3052 3021 3029 3030 3035 3034 3037 3034 3027 3034 3033 3029 3034 3038 3051 3055 3058 3044 3033 3034 3031 3042 3044 3055 3042 3032 3027 3041 3039
3002 2989 2998 2991 3000 2995 2990 2996 3001 3005 3015 3029 3042 3049 3079 3094 3071 3078 3097 3105 3082 3083 3089 3097 3082 3099 3085 3086 3097 3086 3076 3072 3088 3077 3051 3050 3046 3052 3046 3051 3044 3044 3040 3036 3047 3042 3056 3057 3048 3055 3050 3065 3053 3050 3038 3038 3069 3060 3065 3064 3049 3053 3048 3048
3004 3005 2999 3000 3022 3010 3011 3011 3016 3018 3027 3043 3061 3074 3079 3087 3077 3099 3078 3092 3097 3099 3082 3085 3082 3087 3081 3077 3085 3093 3088 3082 3081 3076 3059 3053 3044 3044 3066 3059 3079 3061 3067 3057 3059 3052 3054 3043 3054 3061 3053 3064 3056 3042 3042 3049 3053 3054 3070 3071 3063 3062 3058 3038
3009 2996 3004 3005 3028 3009 3023 3029 3043 3050 3055 3057 3066 3073 3103 3098 3074 3083 3068 3097 3106 3084 3092 3093 3085 3105 3102 3094 3087 3093 3087 3082 3083 3065 3061 3069 3065 3063 3062 3064 3070 3085 3067 3062 3055 3076 3051 3057 3061 3070 3041 3049 3062 3065 3053 3054 3064 3082 3073 3090 3080 3068 3058 3066
3006 3020 3010 3026 3029 3027 3035 3028 3037 3042 3059 3052 3076 3089 3082 3096 3084 3089 3069 3088 3086 3087 3088 3097 3098 3083 3092 3083 3089 3087 3087 3106 3079 3077 3069 3069 3060 3054 3054 3063 3076 3088 3061 3065 3068 3074 3061 3067 3068 3060 3062 3062 3063 3059 3055 3060 3070 3064 3067 3083 3068 3058 3064 3068
3018 3017 3044 3049 3039 3041 3033 3046 3049 3045 3044 3056 3074 3096 3088 3074 3080 3069 3081 3085 3089 3091 3097 3103 3084 3093 3084 3081 3074 3093 3084 3090 3095 3076 3080 3081 3066 3064 3062 3072 3081 3074 3067 3075 3062 3070 3059 3070 3063 3064 3060 3057 3064 3070 3046 3052 3069 3078 3070 3079 3071 3073 3064 3068
3027 3040 3054 3056 3066 3052 3056 3048 3059 3062 3063 3058 3063 3069 3080 3085 3082 3081 3077 3101 3083 3091 3083 3094 3104 3092 3092 3094 3092 3089 3095 3092 3092 3080 3073 3074 3060 3070 3064 3082 3069 3078 3068 3062 3077 3067 3063 3060 3063 3062 3056 3050 3048 3069 3057 3060 3065 3077 3070 3060 3058 3061 3062 3063
3053 3047 3056 3055 3066 3059 3048 3069 3080 3069 3064 3057 3053 3071 3086 3079 3081 3080 3102 3088 3088 3092 3090 3086 3100 3096 3087 3075 3090 3088 3092 3082 3095 3093 3089 3072 3053 3062 3067 3080 3073 3069 3069 3074 3064 3060 3052 3032 3060 3061 3058 3046 3050 3057 3065 3061 3072 3069 3066 3064 3061 3066 3061 3059
3062 3050 3069 3063 3076 3080 3055 3068 3068 3080 3070 3076 3069 3075 3081 3079 3080 3075 3077 3094 3096 3089 3096 3090 3091 3073 3091 3088 3091 3087 3083 3087 3077 3077 3075 3074 3062 3055 3071 3072 3074 3078 3070 3076 3070 3066 3055 3068 3066 3067 3065 3057 3050 3057 3068 3067 3064 3078 3065 3061 3061 3068 3067 3052
3055 3052 3071 3077 3077 3075 3057 3065 3086 3077 3074 3076 3077 3068 3067 3084 3088 3083 3079 3074 3084 3099 3092 3092 3075 3075 3071 3082 3097 3073 3094 3076 3064 3057 3075 3084 3064 3070 3065 3052 3058 3058 3074 3093 3078 3072 3074 3075 3066 3070 3071 3063 3057 3058 3082 3065 3075 3070 3061 3053 3056 3062 3048 3068
