3081 3082 3082 3087 3091 3081 3061 3066 3093 3075 3048 3073 3080 3071 3075 3071 3059 3057 3048 3057 3054 3062 3056 3051 3057 3060 3057 3056 3046 3042 3039 3048 3039 3038 3044 3042 3035 3037 3046 3043 3036 3050 3044 3051 3051 3038 3042 3060 3057 3053 3058 3055 3043 3055 3036 3050 3041 3033 3029 3036 3035 3035 3031 3025
3071 3071 3081 3081 3064 3071 3070 3077 3076 3071 3068 3065 3066 3070 3061 3059 3057 3058 3052 3045 3056 3056 3060 3047 3036 3046 3044 3055 3033 3048 3043 3045 3044 3034 3018 3030 3034 3033 3044 3044 3045 3046 3037 3050 3040 3051 3050 3050 3053 3033 3051 3061 3048 3040 3053 3051 3050 3049 3033 3057 3044 3044 3039 3035
3067 3062 3076 3064 3072 3068 3071 3075 3063 3059 3057 3053 3054 3061 3055 3054 3046 3058 3058 3050 3047 3057 3059 3064 3052 3037 3040 3049 3040 3024 3024 3026 3026 3033 3030 3026 3029 3035 3038 3036 3042 3039 3055 3041 3044 3052 3070 3061 3026 3032 3050 3041 3043 3051 3039 3038 3046 3041 3038 3044 3030 3025 3031 3038
3049 3070 3070 3071 3063 3060 3061 3075 3059 3063 3059 3062 3054 3058 3060 3047 3049 3039 3051 3047 3054 3048 3039 3062 3055 3043 3053 3035 3043 3042 3028 3043 3038 3040 3038 3042 3048 3033 3038 3049 3035 3033 3041 3027 3053 3044 3063 3056 3059 3047 3045 3041 3030 3045 3038 3044 3039 3046 3032 3027 3033 3033 3031 3027
3058 3066 3075 3075 3064 3058 3066 3058 3044 3059 3051 3064 3039 3044 3053 3043 3042 3041 3018 3036 3046 3050 3053 3054 3043 3060 3050 3046 3033 3033 3028 3035 3024 3038 3046 3048 3034 3046 3035 3048 3055 3043 3046 3046 3045 3056 3048 3059 3054 3042 3040 3044 3045 3054 3038 3041 3045 3043 3041 3032 3031 3034 3030 3028
3038 3057 3054 3056 3064 3060 3063 3066 3050 3058 3066 3054 3043 3045 3053 3037 3035 3043 3031 3029 3045 3053 3059 3059 3052 3043 3056 3031 3028 3038 3025 3036 3032 3042 3035 3032 3042 3036 3040 3051 3043 3059 3037 3036 3041 3057 3052 3068 3063 3047 3062 3058 3054 3063 3045 3052 3042 3039 3038 3021 3020 3032 3036 3026
3049 3044 3048 3053 3054 3047 3063 3051 3067 3059 3058 3058 3044 3044 3059 3050 3045 3044 3047 3044 3031 3048 3062 3064 3070 3057 3044 3034 3034 3016 3024 3027 3043 3050 3032 3033 3040 3036 3040 3028 3039 3039 3050 3041 3058 3073 3075 3077 3063 3060 3065 3062 3060 3073 3061 3064 3029 3024 3021 3034 3034 3020 3026 3016
3026 3010 3017 3022 3028 3030 3033 3031 3023 3014 3030 3021 3028 3026 3035 3033 3043 3034 3021 3016 3010 3037 3048 3063 3045 3041 3040 3036 3012 3032 3027 3032 3039 3036 3030 3030 3049 3039 3050 3044 3047 3044 3041 3045 3048 3057 3073 3066 3078 3059 3070 3059 3070 3062 3049 3037 3040 3039 3043 3039 3041 3042 3023 3016
2995 2999 2999 2984 2996 3001 3000 3001 2971 2988 3000 3007 3028 3023 3030 3030 3015 3012 3008 3012 3009 3020 3040 3040 3031 3036 3043 3043 3028 3020 3019 3029 3024 3035 3022 3027 3032 3030 3039 3026 3026 3035 3017 3035 3051 3050 3059 3062 3065 3071 3061 3068 3046 3057 3048 3031 3055 3059 3048 3039 3028 3048 3034 3021
2992 2989 2990 2988 2997 2986 2990 2995 2995 3008 3001 3011 3016 3020 3018 3038 3025 3022 3021 3009 3013 3034 3040 3054 3055 3042 3040 3023 3025 3034 3028 3023 3047 3040 3037 3038 3046 3046 3032 3053 3033 3032 3039 3045 3062 3074 3073 3086 3083 3058 3068 3059 3070 3074 3038 3058 3049 3045 3044 3046 3047 3040 3014 3025
2980 2989 2995 2982 2989 2990 2994 2994 3004 3011 3018 3030 3025 3036 3011 3040 3043 3035 3025 3018 3034 3035 3048 3047 3051 3035 3035 3020 3023 3030 3030 3025 3037 3037 3050 3047 3028 3039 3036 3041 3040 3050 3034 3042 3061 3073 3084 3097 3086 3079 3087 3071 3080 3096 3065 3061 3055 3049 3046 3039 3043 3047 3044 3038
2984 2993 2986 2994 3008 2988 2992 2991 3022 3022 3032 3036 3035 3032 3014 3037 3030 3031 3018 3026 3035 3049 3042 3036 3044 3044 3035 3036 3019 3019 3021 3033 3032 3036 3056 3058 3044 3046 3050 3047 3042 3032 3040 3056 3058 3074 3095 3089 3093 3082 3079 3081 3075 3107 3088 3076 3072 3068 3050 3059 3057 3041 3039 3027
2988 2998 3014 3014 3013 3013 2995 3001 2998 3010 3014 3023 3029 3037 3025 3034 3028 3013 3016 3014 3032 3047 3060 3035 3038 3038 3023 3022 3016 3027 3008 3038 3027 3036 3036 3040 3050 3049 3044 3055 3039 3041 3036 3062 3085 3091 3079 3094 3093 3097 3087 3095 3105 3102 3101 3097 3089 3062 3078 3069 3056 3039 3047 3040
2991 3002 3004 3017 3015 2999 3007 3001 3007 3003 3026 3036 3029 3017 3026 3026 3028 3024 3006 3020 3033 3025 3048 3057 3041 3039 3038 3025 3044 3026 3033 3041 3036 3045 3041 3031 3042 3039 3038 3045 3052 3050 3046 3067 3081 3091 3086 3087 3093 3098 3094 3097 3104 3107 3097 3109 3088 3077 3074 3063 3054 3038 3035 3032
2977 2993 2991 3005 3002 2998 2999 3007 2988 2990 2999 3027 3029 3034 3022 3026 3037 3037 3017 3039 3034 3042 3053 3047 3036 3035 3037 3024 3027 3037 3052 3045 3047 3046 3040 3038 3051 3048 3045 3062 3050 3038 3058 3067 3079 3079 3089 3094 3097 3103 3094 3097 3094 3095 3095 3102 3087 3084 3070 3061 3054 3030 3027 3026
3003 2996 2998 3010 3024 3000 3010 3002 3007 3004 3006 3010 3033 3038 3034 3032 3035 3023 3029 3017 3035 3035 3052 3039 3037 3034 3052 3040 3020 3037 3055 3046 3049 3054 3048 3050 3054 3053 3050 3061 3052 3059 3060 3082 3081 3084 3091 3091 3106 3109 3108 3102 3094 3095 3101 3105 3098 3091 3070 3072 3039 3051 3026 3025
3010 3015 3009 3020 3018 3028 2994 3009 2996 3014 3022 3030 3047 3035 3037 3036 3044 3020 3013 3021 3014 3046 3047 3051 3044 3048 3042 3050 3041 3020 3039 3049 3054 3049 3041 3043 3060 3053 3063 3060 3053 3070 3075 3069 3068 3088 3094 3086 3102 3115 3094 3093 3099 3093 3105 3100 3084 3085 3063 3065 3061 3054 3050 3035
3038 3015 3011 3022 3022 3016 2997 3010 3013 3009 3022 3028 3031 3043 3036 3034 3034 3025 3025 3027 3038 3040 3039 3053 3057 3042 3039 3028 3031 3031 3043 3051 3057 3043 3045 3049 3057 3068 3075 3074 3075 3072 3066 3083 3078 3081 3086 3088 3099 3097 3104 3093 3107 3113 3102 3098 3091 3100 3089 3077 3062 3044 3038 3038
3027 3019 3033 3019 3025 3022 3016 3007 2994 3011 3018 3033 3019 3029 3030 3035 3027 3037 3022 3020 3043 3053 3053 3048 3033 3042 3040 3042 3017 3031 3041 3048 3037 3047 3065 3066 3063 3077 3082 3085 3071 3076 3076 3086 3081 3092 3095 3089 3087 3094 3107 3105 3111 3101 3101 3089 3098 3104 3086 3069 3056 3052 3055 3042
3030 3022 3029 3028 3022 3016 3007 2997 3000 3004 3021 3025 3026 3035 3037 3032 3034 3039 3023 3021 3041 3036 3048 3051 3042 3047 3030 3026 3025 3019 3038 3052 3044 3048 3052 3053 3069 3074 3077 3094 3081 3084 3072 3093 3089 3080 3079 3082 3096 3093 3094 3105 3098 3099 3100 3109 3107 3107 3094 3081 3049 3063 3053 3044
3014 3016 3027 3024 3037 3023 3000 2992 3011 3020 3032 3022 3035 3030 3052 3037 3041 3021 3012 3030 3036 3042 3037 3053 3052 3035 3030 3025 3018 3017 3044 3053 3048 3051 3063 3067 3052 3077 3088 3090 3097 3084 3093 3090 3090 3093 3096 3103 3094 3089 3087 3098 3106 3104 3115 3120 3103 3103 3104 3087 3074 3070 3057 3042
3020 3039 3038 3027 3037 3022 3007 3005 2996 3006 3025 3021 3024 3041 3046 3048 3035 3028 3028 3029 3044 3046 3027 3052 3048 3035 3037 3023 3025 3031 3035 3042 3046 3048 3056 3065 3082 3073 3094 3106 3096 3093 3089 3092 3085 3081 3084 3094 3100 3106 3096 3093 3092 3108 3120 3122 3114 3102 3097 3098 3069 3042 3036 3027
3021 3025 3039 3033 3033 3018 3006 3001 2997 3008 3017 3025 3033 3034 3025 3034 3041 3029 3024 3037 3044 3049 3040 3032 3050 3034 3025 3019 3026 3036 3030 3053 3045 3053 3070 3064 3076 3095 3091 3103 3098 3103 3090 3092 3087 3080 3100 3110 3115 3104 3113 3101 3089 3101 3093 3107 3096 3096 3086 3084 3069 3063 3054 3031
3014 3025 3028 3029 3036 3030 3012 3011 3018 3019 3009 3016 3032 3036 3033 3034 3044 3040 3028 3031 3044 3041 3039 3036 3033 3036 3035 3039 3030 3033 3050 3045 3045 3056 3058 3060 3062 3082 3085 3094 3100 3091 3085 3099 3101 3091 3097 3090 3109 3092 3107 3094 3098 3097 3098 3108 3104 3087 3096 3080 3067 3051 3030 3036
3027 3030 3034 3043 3051 3015 3011 3019 3004 3016 3022 3033 3032 3036 3040 3044 3039 3041 3030 3039 3039 3050 3049 3034 3043 3035 3021 3036 3036 3032 3040 3048 3057 3064 3056 3069 3074 3080 3094 3093 3085 3085 3087 3096 3091 3106 3086 3090 3090 3089 3096 3085 3090 3095 3100 3104 3094 3107 3082 3081 3073 3054 3037 3030
3018 3032 3031 3049 3043 3026 3016 3017 3022 3004 3011 3024 3033 3041 3035 3033 3057 3041 3041 3039 3049 3056 3050 3052 3049 3041 3033 3023 3032 3045 3035 3044 3047 3047 3058 3069 3060 3076 3081 3082 3098 3092 3098 3102 3102 3098 3100 3094 3090 3093 3092 3096 3102 3095 3098 3100 3101 3094 3088 3085 3069 3034 3048 3033
3005 3010 3034 3039 3033 3029 3014 3030 3024 3018 3014 3022 3029 3037 3040 3041 3051 3041 3046 3050 3050 3061 3056 3047 3042 3032 3038 3035 3042 3038 3055 3060 3058 3062 3059 3076 3089 3069 3079 3087 3096 3095 3088 3096 3099 3094 3092 3089 3100 3105 3095 3087 3085 3098 3104 3082 3086 3095 3084 3080 3079 3048 3033 3032
3015 3020 3039 3043 3035 3034 3015 3014 3021 3017 3016 3025 3044 3048 3038 3035 3056 3048 3033 3048 3068 3057 3051 3043 3051 3047 3027 3038 3047 3041 3056 3040 3047 3058 3060 3073 3080 3090 3090 3086 3091 3089 3092 3090 3103 3103 3110 3098 3098 3114 3094 3095 3082 3089 3084 3088 3091 3094 3086 3087 3060 3054 3034 3036
3027 3026 3044 3016 3027 3031 3018 3028 3027 3017 3027 3027 3029 3039 3050 3047 3064 3045 3043 3047 3052 3066 3047 3040 3052 3045 3042 3046 3054 3051 3034 3058 3074 3062 3072 3055 3089 3086 3083 3090 3090 3077 3085 3082 3086 3097 3092 3106 3102 3094 3099 3086 3093 3096 3092 3088 3102 3105 3099 3079 3057 3035 3030 3035
3027 3031 3038 3034 3018 3030 3035 3040 3019 3015 3011 3034 3042 3045 3039 3042 3049 3051 3053 3052 3058 3047 3062 3050 3052 3034 3022 3039 3055 3067 3060 3060 3056 3054 3053 3071 3078 3087 3101 3090 3082 3100 3092 3092 3096 3097 3089 3111 3086 3094 3083 3091 3083 3083 3097 3084 3102 3089 3085 3062 3055 3040 3031 3032
3019 3027 3022 3026 3026 3047 3041 3037 3018 3023 3024 3035 3041 3050 3040 3061 3042 3045 3042 3047 3049 3052 3052 3040 3047 3049 3042 3052 3052 3052 3045 3062 3047 3058 3069 3071 3075 3094 3089 3094 3104 3086 3094 3090 3092 3093 3097 3105 3097 3093 3090 3081 3073 3081 3087 3086 3082 3082 3080 3068 3047 3043 3029 3030
3019 3025 3027 3029 3033 3047 3042 3026 3028 3026 3028 3032 3032 3042 3038 3052 3042 3049 3060 3053 3060 3054 3062 3051 3050 3052 3042 3052 3056 3049 3058 3061 3048 3051 3069 3084 3077 3097 3103 3099 3091 3090 3091 3083 3098 3094 3089 3100 3090 3088 3073 3080 3081 3067 3084 3095 3087 3089 3072 3057 3050 3049 3038 3024
3019 3020 3035 3026 3035 3044 3036 3030 3030 3018 3033 3039 3036 3048 3058 3059 3052 3052 3050 3051 3058 3047 3054 3056 3056 3059 3044 3046 3053 3055 3052 3051 3044 3052 3075 3073 3088 3085 3080 3091 3068 3080 3075 3092 3085 3093 3105 3095 3099 3092 3092 3081 3085 3081 3088 3109 3101 3083 3075 3046 3050 3038 3032 3028
3014 3021 3026 3035 3037 3028 3029 3040 3036 3024 3030 3025 3045 3051 3067 3050 3043 3044 3048 3043 3051 3072 3065 3059 3061 3061 3055 3052 3043 3045 3043 3042 3050 3039 3062 3086 3077 3082 3078 3082 3078 3083 3080 3087 3079 3086 3099 3086 3081 3091 3094 3086 3075 3074 3088 3110 3099 3092 3078 3051 3057 3036 3032 3041
3025 3022 3027 3019 3039 3025 3036 3032 3035 3027 3022 3030 3051 3040 3050 3039 3039 3056 3044 3050 3045 3060 3055 3074 3055 3062 3068 3053 3051 3044 3048 3051 3045 3051 3063 3073 3077 3081 3091 3093 3096 3073 3081 3087 3067 3064 3080 3081 3078 3082 3084 3093 3083 3084 3099 3097 3080 3082 3060 3051 3051 3034 3036 3038
3024 3019 3039 3027 3027 3027 3031 3029 3041 3027 3020 3028 3051 3044 3068 3050 3027 3038 3057 3044 3050 3066 3063 3056 3049 3051 3066 3063 3054 3052 3045 3040 3053 3049 3059 3083 3085 3075 3091 3090 3097 3079 3082 3071 3073 3073 3083 3082 3075 3083 3088 3091 3089 3075 3102 3098 3088 3071 3071 3052 3036 3033 3041 3032
3010 3016 3018 3015 3021 3033 3019 3030 3036 3053 3044 3046 3050 3045 3046 3044 3034 3049 3046 3051 3067 3044 3060 3053 3053 3040 3048 3063 3060 3055 3048 3053 3054 3060 3045 3075 3076 3079 3104 3092 3078 3090 3073 3082 3074 3077 3079 3073 3078 3080 3084 3105 3094 3091 3097 3089 3072 3064 3072 3050 3036 3036 3026 3025
3014 3014 3013 3033 3013 3023 3036 3018 3039 3036 3039 3045 3047 3037 3055 3052 3051 3051 3040 3048 3056 3057 3059 3048 3047 3055 3053 3050 3050 3047 3046 3061 3055 3051 3063 3070 3074 3085 3081 3094 3073 3089 3081 3064 3069 3076 3082 3079 3078 3084 3091 3100 3100 3108 3098 3091 3075 3064 3063 3052 3044 3027 3029 3008
3000 3013 3014 3017 3028 3028 3039 3038 3042 3043 3046 3048 3043 3048 3052 3047 3048 3059 3064 3069 3064 3064 3052 3060 3038 3036 3049 3062 3059 3051 3055 3044 3059 3050 3069 3068 3075 3088 3090 3091 3086 3072 3077 3069 3073 3065 3065 3063 3072 3094 3101 3085 3089 3088 3106 3087 3069 3066 3046 3042 3035 3035 3015 3031
3005 3000 3013 3021 3025 3037 3040 3047 3046 3038 3035 3033 3042 3051 3063 3054 3054 3045 3055 3066 3058 3059 3062 3043 3049 3049 3053 3052 3065 3059 3057 3051 3056 3048 3062 3078 3086 3085 3088 3078 3068 3071 3064 3065 3063 3067 3069 3057 3087 3105 3099 3082 3082 3079 3084 3088 3069 3043 3052 3046 3034 3019 3031 3022
3018 3023 3030 3015 3019 3032 3044 3049 3036 3046 3041 3036 3032 3027 3048 3051 3068 3044 3056 3054 3058 3071 3053 3059 3072 3064 3063 3061 3049 3054 3058 3051 3051 3050 3059 3066 3074 3087 3088 3082 3069 3064 3072 3057 3063 3067 3064 3073 3082 3100 3095 3089 3107 3081 3076 3060 3059 3043 3045 3040 3033 3016 3017 3015
3024 3024 3028 3019 3005 3020 3029 3032 3033 3041 3025 3034 3039 3039 3056 3061 3055 3054 3054 3067 3055 3060 3053 3049 3071 3049 3054 3061 3064 3046 3070 3048 3047 3044 3073 3073 3081 3099 3077 3093 3067 3076 3059 3064 3076 3085 3070 3072 3088 3087 3097 3098 3082 3077 3062 3057 3045 3046 3039 3048 3039 3023 3022 3024
3026 3019 3023 3022 3017 3025 3039 3039 3041 3035 3053 3039 3037 3035 3054 3057 3063 3070 3054 3065 3049 3065 3053 3074 3054 3055 3068 3064 3065 3061 3070 3056 3058 3067 3064 3087 3102 3082 3084 3067 3069 3061 3062 3073 3056 3076 3081 3082 3088 3090 3078 3087 3080 3064 3060 3051 3035 3040 3040 3030 3029 3025 3020 3019
3007 3015 3017 3011 2998 3013 3024 3034 3041 3030 3044 3045 3043 3046 3044 3048 3053 3065 3069 3061 3064 3064 3066 3052 3056 3070 3075 3059 3068 3072 3053 3061 3069 3072 3080 3071 3087 3078 3073 3066 3064 3078 3071 3056 3069 3081 3080 3091 3092 3083 3097 3078 3080 3069 3050 3041 3030 3037 3039 3030 3022 3028 3036 3026
3016 3017 3015 3014 3008 3020 3034 3036 3042 3044 3042 3050 3058 3044 3051 3048 3063 3056 3060 3061 3069 3074 3068 3055 3065 3068 3058 3056 3069 3064 3066 3062 3065 3066 3080 3070 3077 3086 3076 3063 3050 3059 3057 3052 3061 3082 3094 3093 3081 3074 3082 3078 3066 3061 3044 3055 3043 3029 3025 3032 3025 3024 3030 3035
3018 2992 3018 3024 3021 3019 3033 3037 3026 3034 3047 3058 3053 3062 3046 3061 3065 3057 3055 3062 3062 3064 3063 3049 3050 3058 3067 3060 3059 3055 3060 3071 3064 3068 3061 3068 3080 3081 3072 3074 3078 3062 3060 3057 3071 3088 3088 3090 3087 3082 3090 3082 3051 3068 3055 3051 3045 3032 3028 3027 3023 3040 3047 3044
3015 3021 3011 3023 3025 3035 3045 3034 3032 3045 3033 3046 3050 3035 3051 3058 3065 3064 3054 3057 3067 3075 3061 3059 3064 3070 3067 3078 3053 3073 3066 3075 3076 3080 3075 3065 3070 3070 3070 3061 3063 3054 3071 3067 3085 3090 3086 3081 3094 3081 3078 3088 3068 3059 3060 3066 3054 3057 3044 3052 3036 3044 3049 3039
3026 3012 3009 3010 3029 3027 3041 3034 3042 3038 3045 3043 3050 3039 3054 3052 3066 3065 3057 3060 3068 3065 3073 3056 3059 3053 3071 3080 3058 3061 3071 3060 3065 3084 3078 3085 3071 3060 3062 3063 3061 3063 3070 3081 3085 3084 3096 3096 3080 3089 3080 3084 3071 3069 3077 3061 3060 3071 3054 3047 3049 3058 3048 3051
3009 3021 3021 3013 3019 3026 3034 3030 3044 3059 3056 3053 3056 3041 3063 3056 3052 3063 3074 3080 3077 3078 3070 3065 3063 3072 3083 3072 3057 3068 3066 3072 3070 3077 3073 3068 3071 3068 3060 3065 3053 3063 3089 3083 3085 3098 3093 3094 3086 3081 3087 3080 3067 3080 3071 3070 3068 3064 3053 3075 3069 3071 3066 3070
3010 3006 3009 3015 3020 3018 3026 3035 3037 3055 3057 3055 3053 3054 3062 3060 3063 3072 3064 3067 3070 3068 3070 3071 3062 3063 3063 3063 3060 3060 3077 3082 3071 3065 3073 3055 3069 3061 3066 3071 3063 3070 3084 3082 3110 3097 3096 3104 3094 3097 3102 3087 3092 3087 3063 3059 3069 3062 3069 3061 3082 3080 3084 3071
2997 3002 2998 3014 3018 3029 3036 3025 3038 3047 3054 3044 3040 3059 3056 3059 3062 3061 3058 3057 3066 3069 3080 3063 3056 3055 3071 3080 3063 3057 3056 3079 3068 3072 3060 3073 3073 3059 3077 3076 3077 3080 3076 3090 3086 3089 3078 3094 3087 3102 3099 3091 3090 3087 3075 3074 3067 3084 3072 3078 3077 3072 3090 3062
3005 3006 3005 3011 3014 3028 3027 3040 3041 3043 3046 3038 3048 3050 3059 3064 3070 3062 3059 3064 3066 3069 3077 3074 3059 3048 3060 3070 3071 3063 3074 3070 3063 3081 3053 3055 3067 3060 3065 3078 3081 3083 3079 3077 3088 3080 3089 3103 3102 3086 3085 3093 3089 3086 3083 3077 3062 3082 3073 3077 3094 3085 3087 3072
3015 3015 3003 3016 3021 3031 3024 3036 3052 3052 3053 3038 3042 3048 3055 3055 3069 3066 3065 3079 3084 3079 3070 3063 3066 3057 3052 3062 3071 3060 3065 3065 3068 3068 3062 3060 3069 3071 3061 3071 3070 3075 3056 3072 3062 3085 3081 3084 3078 3070 3081 3076 3084 3075 3081 3083 3063 3080 3073 3067 3077 3084 3094 3078
3027 3011 3003 3023 3030 3030 3015 3030 3059 3061 3058 3057 3038 3036 3043 3049 3070 3066 3070 3085 3062 3085 3076 3075 3060 3051 3053 3063 3056 3074 3068 3067 3077 3070 3061 3062 3065 3065 3056 3053 3065 3062 3064 3062 3078 3076 3066 3080 3071 3066 3056 3061 3086 3085 3085 3075 3071 3078 3080 3071 3080 3084 3078 3068
3023 3020 2997 3013 3015 3022 3041 3035 3043 3055 3039 3040 3048 3053 3061 3058 3061 3062 3066 3070 3079 3050 3064 3064 3080 3057 3053 3055 3052 3057 3061 3063 3067 3062 3059 3059 3064 3076 3060 3053 3061 3066 3055 3063 3064 3056 3064 3068 3073 3060 3069 3076 3059 3074 3074 3061 3054 3061 3063 3073 3073 3076 3066 3079
3023 3024 3016 3024 3027 3024 3028 3047 3037 3050 3033 3045 3041 3048 3048 3051 3056 3048 3056 3057 3063 3058 3055 3057 3068 3070 3075 3067 3045 3060 3065 3065 3060 3055 3058 3054 3072 3083 3072 3063 3068 3077 3065 3069 3067 3076 3049 3049 3056 3069 3065 3085 3060 3062 3066 3064 3068 3065 3065 3068 3059 3060 3074 3072
3028 3023 3027 3024 3022 3025 3043 3052 3052 3059 3044 3052 3047 3061 3054 3065 3049 3066 3059 3068 3059 3057 3060 3061 3069 3063 3072 3069 3058 3053 3062 3063 3063 3072 3062 3056 3074 3068 3061 3069 3071 3072 3082 3063 3063 3065 3047 3050 3056 3061 3073 3063 3073 3061 3071 3073 3065 3064 3078 3076 3082 3067 3071 3074
3020 3027 3032 3029 3026 3036 3039 3059 3067 3071 3064 3076 3064 3057 3061 3058 3069 3059 3059 3064 3077 3068 3061 3065 3073 3079 3069 3070 3056 3055 3061 3055 3070 3068 3069 3072 3082 3075 3075 3078 3080 3078 3070 3056 3053 3056 3063 3061 3080 3076 3065 3060 3066 3074 3078 3086 3075 3065 3073 3084 3087 3065 3096 3088
3017 3031 3048 3035 3031 3051 3044 3067 3069 3064 3070 3053 3071 3057 3073 3080 3068 3067 3063 3060 3082 3055 3055 3047 3074 3079 3068 3057 3065 3068 3063 3076 3080 3077 3067 3069 3063 3068 3063 3058 3072 3078 3075 3071 3074 3055 3062 3069 3059 3070 3067 3081 3068 3065 3076 3079 3082 3077 3068 3071 3077 3081 3089 3095
3024 3028 3027 3034 3052 3049 3060 3050 3057 3047 3063 3065 3066 3064 3065 3070 3069 3060 3064 3066 3048 3060 3052 3048 3053 3058 3061 3068 3064 3068 3072 3078 3066 3068 3077 3077 3080 3067 3066 3073 3070 3079 3081 3067 3067 3053 3057 3060 3062 3068 3062 3066 3065 3068 3076 3078 3075 3084 3085 3077 3082 3078 3093 3092
3028 3018 3034 3034 3042 3063 3069 3061 3055 3058 3066 3058 3065 3055 3068 3068 3053 3070 3069 3062 3067 3066 3071 3058 3063 3063 3058 3071 3071 3088 3071 3070 3071 3067 3068 3070 3064 3076 3082 3067 3069 3079 3094 3079 3072 3058 3076 3057 3077 3064 3062 3067 3068 3073 3067 3079 3078 3081 3066 3083 3074 3085 3082 3083
3016 3023 3038 3037 3049 3064 3063 3070 3059 3066 3076 3058 3056 3056 3068 3073 3047 3062 3070 3075 3080 3074 3066 3069 3071 3066 3063 3058 3074 3075 3067 3077 3070 3077 3078 3069 3065 3072 3093 3087 3085 3072 3095 3086 3077 3058 3065 3062 3063 3057 3056 3055 3068 3067 3075 3041 3068 3076 3082 3083 3084 3081 3083 3072
3029 3051 3055 3051 3054 3052 3072 3062 3065 3052 3067 3082 3074 3076 3069 3067 3060 3062 3074 3079 3076 3072 3081 3074 3069 3059 3067 3070 3069 3078 3070 3082 3067 3082 3084 3071 3075 3075 3076 3080 3076 3082 3078 3079 3096 3079 3081 3073 3063 3069 3050 3063 3043 3063 3069 3078 3076 3085 3070 3080 3081 3084 3071 3075
3044 3047 3062 3053 3045 3039 3061 3063 3055 3052 3055 3073 3072 3065 3080 3076 3075 3087 3078 3073 3065 3078 3076 3062 3070 3074 3073 3080 3082 3071 3059 3083 3081 3064 3070 3074 3080 3077 3071 3083 3078 3071 3093 3086 3097 3093 3083 3087 3072 3051 3066 3058 3059 3065 3078 3085 3076 3060 3084 3072 3075 3088 3080 3072
