2993 2993 2992 2989 2986 2993 3000 3001 3001 2998 2995 2994 2994 3001 3009 3006 3001 2995 2990 2996 3007 3012 3013 3014 3014 3015 3016 3012 3002 3002 3008 3009 3006 3004 3003 3005 3011 3012 3007 3002 2996 2992 2990 2992 3002 3009 3008 3006 3001 2995 2993 2991 2989 2987 2980 2976 2988 3000 3002 3004 2999 2994 2997 3000
2985 2988 2991 2990 2988 2997 3006 3004 3000 2995 2990 2992 2995 3002 3009 3011 3011 3008 3003 3007 3016 3020 3021 3022 3021 3022 3024 3020 3010 3008 3011 3011 3010 3008 3004 3004 3009 3010 3004 3000 2998 2995 2990 2989 2996 3001 3002 3001 2995 2990 2990 2989 2988 2987 2984 2983 2993 3002 3000 2998 2996 2995 2995 2995
2977 2984 2991 2990 2989 3000 3013 3007 3000 2993 2985 2990 2997 3003 3010 3016 3022 3020 3016 3019 3025 3028 3029 3029 3028 3029 3032 3028 3019 3014 3013 3014 3015 3012 3005 3003 3008 3008 3001 2998 3000 2998 2990 2985 2989 2993 2996 2996 2989 2984 2986 2988 2987 2986 2988 2991 2998 3003 2997 2991 2994 2997 2993 2989
2980 2990 2999 2997 2993 3001 3009 3007 3004 3002 3001 3007 3014 3013 3011 3016 3024 3022 3017 3021 3029 3032 3033 3034 3035 3034 3032 3029 3025 3020 3014 3013 3015 3015 3012 3009 3006 3004 3003 3001 2998 2995 2994 2993 2994 2994 2993 2993 2993 2993 2993 2992 2993 2994 2993 2994 2996 2998 2997 2997 2995 2994 2995 2995
2983 2995 3008 3003 2998 3002 3006 3007 3008 3012 3018 3025 3032 3024 3013 3017 3025 3023 3018 3023 3033 3036 3037 3039 3041 3038 3032 3030 3030 3025 3015 3012 3015 3017 3018 3015 3004 3001 3006 3005 2995 2992 2998 3001 2998 2995 2991 2990 2998 3003 3000 2997 3000 3001 2999 2996 2994 2993 2998 3002 2997 2991 2996 3002
2991 2997 3003 3000 2996 3003 3011 3011 3011 3014 3018 3023 3028 3023 3016 3017 3021 3023 3024 3030 3039 3041 3039 3037 3035 3032 3028 3028 3029 3027 3021 3017 3016 3016 3019 3016 3007 3003 3005 3004 3000 2997 2998 2997 2994 2992 2992 2993 2999 3001 2996 2991 2994 2996 2996 2996 2996 2995 2995 2995 2993 2992 2993 2993
3000 2999 2998 2996 2994 3005 3017 3016 3014 3015 3017 3020 3023 3022 3019 3018 3017 3022 3030 3038 3045 3045 3040 3035 3028 3025 3024 3025 3028 3029 3028 3024 3017 3016 3019 3018 3010 3005 3003 3003 3004 3003 2997 2992 2989 2989 2993 2996 2998 2999 2991 2985 2988 2990 2993 2996 2998 2998 2992 2986 2990 2994 2988 2983
3012 3009 3007 3004 3002 3008 3016 3016 3015 3019 3023 3027 3031 3030 3028 3028 3028 3034 3041 3046 3049 3049 3047 3042 3036 3032 3031 3030 3030 3030 3029 3026 3022 3021 3025 3025 3020 3015 3011 3007 3005 3002 2996 2992 2993 2994 2994 2994 2995 2995 2993 2990 2990 2990 2992 2995 2998 3000 2992 2985 2990 2995 2991 2987
3023 3021 3018 3014 3010 3012 3013 3015 3017 3023 3031 3036 3041 3040 3037 3039 3042 3047 3054 3054 3052 3053 3054 3051 3044 3041 3040 3037 3033 3031 3030 3029 3026 3027 3032 3033 3030 3026 3019 3012 3006 3000 2995 2993 2998 3000 2995 2992 2992 2992 2995 2996 2993 2990 2991 2993 2999 3003 2993 2984 2991 2997 2995 2993
3011 3012 3013 3012 3012 3013 3014 3019 3024 3028 3033 3036 3038 3041 3044 3042 3039 3044 3052 3058 3063 3064 3064 3058 3049 3045 3043 3040 3036 3032 3028 3028 3031 3034 3035 3035 3033 3029 3024 3018 3012 3006 3000 2997 3000 3000 2996 2992 2993 2993 2996 2998 2996 2994 2993 2993 2999 3004 2998 2992 2994 2996 2995 2994
2995 3000 3005 3009 3013 3015 3016 3023 3032 3033 3034 3034 3034 3041 3051 3045 3035 3039 3049 3061 3074 3077 3074 3065 3053 3047 3045 3043 3039 3033 3025 3027 3036 3040 3038 3036 3034 3031 3028 3024 3020 3014 3006 3000 3001 3000 2996 2993 2994 2995 2997 2998 2999 2999 2996 2994 3000 3005 3003 3000 2997 2994 2995 2995
2991 2998 3005 3009 3013 3015 3015 3024 3032 3035 3037 3034 3030 3038 3048 3045 3040 3046 3057 3067 3077 3079 3078 3073 3066 3060 3055 3053 3052 3047 3040 3038 3041 3040 3034 3030 3029 3028 3027 3026 3025 3021 3011 3004 3002 3000 2995 2992 2992 2994 2999 3002 2999 2996 2997 2998 2999 3000 2999 2999 2995 2991 2993 2995
2990 2999 3007 3010 3013 3014 3015 3023 3032 3036 3040 3034 3027 3033 3043 3045 3046 3055 3067 3073 3077 3080 3081 3082 3081 3075 3067 3064 3066 3063 3057 3051 3046 3038 3028 3022 3022 3023 3025 3027 3030 3028 3017 3008 3004 3000 2995 2991 2990 2992 3001 3006 2998 2993 2998 3002 2998 2993 2995 2995 2991 2988 2991 2995
2998 3004 3010 3012 3014 3015 3015 3022 3029 3031 3033 3029 3024 3029 3036 3043 3051 3060 3069 3074 3076 3079 3082 3085 3088 3085 3078 3076 3078 3076 3071 3063 3053 3043 3032 3026 3025 3026 3028 3031 3034 3033 3023 3014 3006 3001 2999 2996 2993 2992 2998 3002 2999 2998 3001 3003 2998 2994 2994 2994 2993 2992 2993 2995
3008 3010 3012 3014 3016 3016 3016 3020 3025 3025 3023 3022 3022 3024 3028 3041 3056 3065 3070 3073 3075 3078 3081 3086 3092 3093 3089 3089 3090 3088 3085 3075 3060 3048 3039 3033 3031 3030 3032 3034 3038 3037 3029 3020 3009 3002 3004 3004 2997 2993 2994 2996 3000 3004 3004 3003 2999 2995 2994 2993 2995 2998 2996 2994
3005 3011 3016 3020 3023 3025 3028 3028 3027 3026 3024 3024 3024 3030 3038 3050 3064 3072 3077 3079 3079 3082 3087 3091 3094 3094 3094 3094 3096 3095 3092 3083 3068 3055 3044 3037 3036 3035 3037 3039 3041 3040 3033 3025 3015 3007 3005 3002 2996 2992 2993 2995 2999 3003 3002 3001 2999 2998 2996 2994 2996 2999 2997 2995
2999 3010 3021 3026 3031 3037 3043 3037 3031 3029 3027 3028 3029 3040 3053 3063 3072 3079 3086 3086 3084 3088 3095 3096 3094 3095 3096 3098 3100 3100 3098 3090 3075 3061 3048 3040 3040 3041 3042 3043 3043 3041 3037 3031 3022 3013 3006 2999 2994 2991 2993 2995 2998 3000 2998 2997 2999 3001 2998 2996 2997 2998 2997 2996
2998 3010 3021 3025 3029 3033 3037 3033 3029 3027 3026 3031 3038 3050 3063 3070 3075 3081 3088 3089 3087 3091 3097 3097 3095 3094 3093 3095 3099 3100 3097 3090 3077 3065 3053 3046 3047 3048 3050 3050 3049 3047 3043 3036 3026 3016 3006 2998 2993 2990 2997 3001 2999 2997 2997 2997 3000 3002 3003 3003 3001 3000 2997 2995
3000 3010 3020 3021 3022 3023 3025 3025 3025 3024 3022 3034 3049 3061 3071 3075 3076 3082 3088 3089 3089 3092 3097 3098 3096 3093 3089 3090 3097 3097 3094 3087 3078 3068 3058 3053 3053 3055 3058 3059 3057 3053 3049 3042 3030 3018 3008 2998 2992 2990 3001 3009 3001 2995 2997 2999 3000 3002 3008 3012 3007 3002 2998 2993
3004 3013 3022 3023 3023 3023 3022 3024 3026 3029 3032 3044 3058 3069 3078 3081 3083 3085 3087 3089 3091 3093 3095 3096 3097 3095 3091 3091 3094 3094 3092 3089 3084 3076 3064 3058 3058 3060 3065 3068 3066 3062 3053 3044 3031 3019 3009 3001 2995 2993 3003 3011 3004 2999 3001 3003 3005 3007 3008 3010 3006 3003 2996 2988
3009 3017 3025 3026 3027 3026 3025 3026 3028 3037 3046 3056 3067 3075 3083 3088 3091 3090 3086 3089 3094 3094 3092 3094 3097 3098 3096 3094 3090 3090 3092 3092 3092 3085 3071 3063 3062 3064 3071 3076 3076 3071 3057 3043 3031 3020 3011 3004 2999 2997 3004 3010 3008 3007 3007 3008 3010 3012 3007 3002 3003 3003 2992 2982
3013 3022 3030 3028 3025 3026 3027 3028 3030 3039 3050 3061 3073 3081 3087 3091 3095 3092 3087 3089 3095 3094 3092 3093 3096 3097 3097 3095 3091 3091 3093 3095 3094 3089 3079 3071 3066 3067 3076 3081 3083 3079 3064 3049 3036 3025 3018 3013 3008 3006 3011 3015 3014 3014 3016 3018 3018 3017 3011 3005 3004 3003 2996 2989
3018 3028 3037 3029 3020 3024 3029 3031 3031 3039 3048 3063 3078 3085 3091 3093 3095 3093 3089 3090 3094 3094 3092 3092 3093 3094 3095 3095 3093 3094 3096 3096 3094 3091 3087 3080 3071 3070 3079 3086 3089 3086 3072 3057 3043 3032 3028 3024 3020 3017 3020 3022 3021 3021 3026 3030 3026 3021 3017 3013 3008 3004 3003 3003
3020 3025 3029 3026 3023 3028 3035 3037 3039 3046 3054 3068 3083 3088 3091 3091 3090 3091 3091 3092 3092 3091 3090 3091 3092 3093 3093 3093 3093 3094 3096 3095 3091 3088 3088 3084 3076 3074 3081 3086 3089 3086 3074 3061 3044 3030 3025 3020 3017 3016 3018 3019 3016 3014 3020 3025 3020 3016 3012 3008 3007 3006 3008 3010
3021 3016 3012 3021 3031 3036 3041 3046 3051 3057 3064 3076 3088 3090 3089 3086 3082 3087 3094 3093 3089 3087 3087 3089 3093 3093 3092 3091 3092 3093 3095 3092 3085 3083 3087 3086 3080 3078 3082 3084 3084 3081 3074 3062 3042 3025 3015 3007 3007 3008 3010 3010 3005 3001 3006 3010 3008 3005 3000 2996 3003 3010 3011 3013
3017 3012 3008 3021 3034 3041 3046 3051 3055 3063 3072 3082 3093 3092 3088 3084 3079 3083 3090 3091 3090 3087 3085 3089 3096 3096 3093 3091 3091 3091 3092 3090 3086 3085 3086 3086 3083 3082 3083 3083 3080 3076 3070 3058 3037 3020 3010 3003 3003 3004 3005 3005 3001 2998 3000 3001 2999 2997 2994 2991 3002 3012 3012 3012
3010 3011 3011 3023 3034 3043 3051 3053 3054 3066 3080 3089 3097 3094 3088 3083 3078 3079 3082 3087 3092 3090 3085 3090 3101 3101 3096 3092 3090 3088 3088 3089 3092 3091 3087 3085 3086 3085 3084 3081 3076 3070 3063 3052 3032 3015 3009 3004 3004 3003 3003 3002 3002 3002 2998 2995 2994 2992 2991 2990 3002 3013 3010 3008
3006 3009 3012 3022 3033 3043 3054 3057 3059 3071 3084 3091 3097 3094 3089 3084 3080 3079 3080 3085 3093 3091 3086 3090 3100 3102 3098 3095 3092 3091 3091 3092 3092 3091 3088 3086 3087 3087 3087 3084 3079 3073 3064 3051 3029 3012 3007 3003 3002 3002 3001 3001 3003 3003 2998 2993 2993 2992 2992 2992 3000 3008 3007 3007
3004 3008 3011 3021 3030 3043 3055 3061 3067 3076 3086 3090 3092 3092 3091 3088 3085 3083 3083 3086 3091 3091 3087 3090 3096 3099 3100 3099 3096 3096 3100 3098 3090 3086 3088 3088 3088 3088 3090 3091 3089 3083 3071 3055 3029 3009 3004 3000 3000 2999 3000 3001 3003 3003 2998 2993 2995 2996 2997 2997 2998 2999 3003 3008
3004 3007 3009 3019 3029 3041 3053 3061 3069 3078 3087 3088 3088 3089 3090 3089 3086 3085 3084 3087 3091 3091 3087 3090 3096 3099 3100 3098 3096 3097 3101 3099 3090 3087 3090 3090 3086 3086 3088 3090 3091 3087 3073 3054 3027 3007 3003 2999 2996 2994 2994 2996 3001 3004 2999 2995 2999 3002 3002 3002 2998 2995 3002 3009
3005 3006 3006 3017 3028 3037 3047 3057 3068 3078 3087 3087 3085 3086 3088 3087 3085 3085 3085 3088 3093 3091 3086 3090 3099 3101 3097 3095 3093 3094 3096 3096 3093 3092 3093 3090 3084 3080 3081 3084 3088 3086 3070 3051 3025 3006 3003 2999 2992 2986 2984 2986 2996 3005 3000 2997 3004 3010 3009 3007 3000 2994 3002 3010
3004 3004 3004 3014 3024 3034 3044 3056 3068 3076 3083 3083 3082 3084 3087 3086 3084 3085 3086 3088 3091 3090 3086 3090 3099 3100 3095 3092 3092 3091 3091 3092 3092 3092 3091 3087 3081 3078 3080 3083 3089 3087 3072 3053 3024 3003 2999 2995 2988 2983 2982 2983 2993 3001 3000 3000 3006 3012 3010 3009 3003 2997 3004 3010
2999 3000 3001 3009 3018 3031 3044 3057 3070 3073 3076 3077 3078 3082 3087 3087 3085 3086 3088 3088 3088 3087 3085 3089 3096 3096 3091 3090 3092 3091 3088 3087 3088 3087 3084 3081 3078 3078 3084 3088 3092 3090 3077 3058 3024 2998 2992 2987 2986 2985 2986 2987 2990 2993 2999 3003 3006 3008 3007 3007 3006 3004 3006 3008
3002 3004 3005 3012 3018 3031 3044 3057 3069 3073 3074 3076 3078 3083 3088 3089 3087 3088 3089 3088 3087 3087 3086 3090 3095 3094 3089 3089 3093 3092 3087 3086 3087 3086 3084 3081 3078 3079 3085 3090 3092 3089 3079 3061 3026 2998 2991 2986 2988 2990 2991 2992 2991 2992 3000 3008 3008 3009 3007 3006 3007 3007 3008 3009
3012 3014 3017 3021 3025 3035 3045 3056 3068 3074 3079 3081 3082 3086 3090 3092 3093 3091 3089 3089 3090 3090 3089 3092 3096 3093 3087 3088 3094 3095 3089 3087 3089 3090 3091 3088 3082 3081 3085 3088 3088 3085 3076 3060 3030 3006 2998 2992 2995 2998 2999 2999 2997 2996 3006 3014 3014 3014 3010 3007 3006 3005 3009 3014
3012 3014 3017 3020 3024 3033 3042 3052 3063 3073 3082 3084 3084 3087 3091 3092 3093 3091 3087 3089 3094 3093 3090 3092 3096 3094 3087 3087 3094 3095 3092 3090 3090 3091 3093 3092 3084 3081 3084 3084 3083 3079 3071 3056 3028 3006 3001 2998 3000 3002 3002 3002 2999 2998 3006 3013 3014 3015 3011 3006 3005 3004 3009 3013
3000 3002 3004 3008 3012 3023 3034 3045 3056 3069 3082 3084 3084 3086 3089 3089 3088 3086 3085 3090 3097 3096 3090 3091 3096 3095 3090 3089 3091 3093 3094 3093 3090 3089 3091 3090 3084 3081 3081 3079 3076 3071 3063 3049 3019 2998 3001 3002 3002 3001 3000 2999 2998 2998 3001 3004 3009 3012 3008 3004 3004 3003 3005 3007
2995 2997 2999 3003 3008 3018 3028 3041 3054 3068 3082 3083 3081 3084 3086 3086 3084 3084 3084 3089 3096 3095 3091 3092 3096 3096 3092 3090 3089 3091 3094 3094 3091 3090 3091 3090 3086 3082 3078 3074 3071 3066 3057 3042 3013 2995 3001 3005 3002 3000 2998 2997 2998 3000 2999 2999 3004 3008 3006 3003 3002 3001 3000 3000
3000 3002 3003 3008 3013 3018 3024 3041 3060 3071 3079 3078 3075 3078 3082 3083 3083 3084 3084 3086 3088 3091 3094 3096 3098 3096 3094 3091 3089 3089 3092 3093 3093 3092 3091 3091 3092 3088 3076 3070 3070 3065 3052 3036 3012 2997 3002 3005 3001 2998 2996 2995 3000 3003 3001 2999 3001 3003 3003 3003 3000 2997 2993 2989
3001 3002 3003 3008 3013 3017 3020 3039 3061 3069 3076 3075 3073 3075 3078 3080 3082 3083 3084 3084 3084 3088 3096 3098 3097 3095 3094 3092 3089 3089 3091 3092 3093 3092 3090 3090 3092 3089 3077 3070 3071 3066 3049 3031 3011 2997 3002 3004 3001 2997 2995 2994 3000 3005 3001 2999 2999 2999 3001 3003 2999 2996 2991 2987
2994 2996 2997 3000 3004 3011 3018 3034 3052 3062 3071 3076 3080 3078 3076 3077 3080 3083 3085 3085 3085 3088 3094 3095 3092 3092 3093 3093 3092 3091 3092 3092 3092 3090 3086 3084 3084 3083 3080 3077 3075 3067 3049 3029 3008 2994 2999 3003 3001 2999 2996 2995 2999 3002 3000 2998 2999 2999 3002 3004 3002 3001 2998 2996
2989 2992 2994 2996 2999 3007 3016 3030 3044 3056 3067 3074 3081 3079 3074 3076 3079 3082 3085 3086 3086 3089 3093 3093 3091 3091 3093 3094 3092 3092 3092 3092 3091 3089 3084 3081 3081 3081 3083 3082 3076 3066 3046 3026 3005 2992 2998 3002 3002 3001 2998 2996 2997 2998 2998 2998 2998 2999 3002 3004 3004 3005 3004 3003
2988 2993 2998 2999 3001 3007 3014 3025 3036 3049 3063 3069 3073 3074 3074 3076 3079 3082 3084 3087 3089 3091 3094 3095 3095 3096 3098 3095 3090 3089 3091 3092 3090 3088 3087 3086 3085 3085 3084 3081 3074 3062 3041 3021 3004 2994 2999 3003 3002 3001 3000 2999 2994 2990 2993 2996 2998 2999 3002 3004 3005 3007 3007 3007
2988 2993 2998 3000 3003 3007 3011 3019 3027 3042 3058 3064 3068 3070 3072 3074 3077 3080 3083 3087 3091 3093 3093 3094 3096 3098 3098 3095 3088 3087 3090 3090 3088 3087 3089 3089 3087 3086 3085 3080 3071 3057 3036 3018 3005 2997 3000 3001 3001 3001 3001 2999 2992 2986 2991 2995 2997 2999 3001 3003 3005 3007 3008 3009
2990 2989 2988 2997 3007 3005 3003 3010 3017 3033 3050 3060 3068 3068 3067 3069 3073 3076 3078 3085 3093 3093 3090 3090 3091 3091 3091 3090 3088 3086 3085 3085 3085 3087 3088 3087 3083 3081 3083 3079 3066 3051 3034 3019 3010 3002 2997 2993 2995 2996 2996 2996 2993 2992 2994 2996 2997 2998 2998 2998 3001 3003 3004 3005
2991 2987 2983 2995 3007 3003 2998 3002 3007 3023 3040 3055 3068 3068 3064 3066 3069 3072 3076 3083 3091 3092 3088 3087 3087 3086 3085 3085 3087 3085 3082 3082 3084 3086 3088 3087 3080 3078 3082 3079 3063 3047 3031 3018 3013 3006 2995 2988 2991 2993 2993 2993 2994 2994 2995 2997 2997 2998 2997 2997 2999 3001 3001 3001
2992 2990 2989 2994 2998 2998 2998 2997 2997 3010 3025 3044 3065 3069 3068 3068 3067 3071 3076 3080 3084 3085 3085 3086 3087 3086 3084 3083 3084 3084 3084 3085 3087 3088 3090 3088 3082 3080 3083 3079 3064 3048 3028 3013 3011 3006 2997 2990 2992 2994 2994 2993 2992 2991 2995 2999 2999 3000 3003 3006 3003 3000 3000 2999
2992 2993 2994 2993 2992 2995 2999 2995 2990 3000 3012 3035 3060 3067 3071 3069 3066 3071 3078 3080 3079 3081 3084 3086 3088 3086 3083 3082 3083 3084 3086 3087 3088 3090 3091 3090 3085 3082 3082 3076 3062 3046 3025 3010 3008 3005 2997 2992 2994 2996 2995 2994 2992 2991 2996 3000 3001 3002 3007 3011 3004 2998 2998 2998
2994 2993 2993 2992 2991 2995 2999 2999 2997 3004 3011 3028 3046 3060 3072 3072 3068 3074 3083 3085 3084 3086 3088 3088 3089 3087 3084 3084 3085 3085 3084 3085 3088 3090 3092 3092 3090 3085 3077 3067 3050 3035 3023 3012 3004 2998 2996 2996 2998 2999 2997 2996 2996 2997 2999 3001 3002 3004 3005 3006 3000 2994 2996 2999
2995 2993 2991 2992 2992 2996 3000 3001 3003 3006 3009 3021 3034 3052 3071 3074 3071 3077 3087 3089 3088 3089 3091 3090 3089 3087 3085 3085 3087 3087 3085 3086 3089 3092 3093 3094 3093 3086 3073 3057 3038 3024 3020 3013 3001 2994 2996 2998 3000 3002 2999 2997 2999 3001 3001 3001 3003 3004 3002 3000 2995 2990 2995 3001
2996 2992 2988 2992 2997 2999 3000 3001 3001 3003 3006 3014 3023 3042 3064 3072 3076 3081 3087 3088 3088 3089 3091 3091 3088 3087 3087 3088 3089 3090 3091 3093 3097 3098 3097 3094 3089 3081 3066 3049 3027 3012 3012 3010 3003 2997 2995 2994 2997 2998 2996 2995 2994 2995 2998 3001 3000 2999 2997 2995 2991 2987 2995 3004
2996 2990 2985 2992 2999 3000 3001 3000 2998 3000 3002 3008 3015 3034 3057 3069 3079 3083 3085 3087 3088 3089 3091 3090 3088 3088 3090 3090 3090 3092 3095 3099 3103 3103 3099 3094 3086 3075 3059 3040 3016 3002 3005 3006 3003 3000 2994 2991 2993 2995 2993 2992 2991 2991 2996 3001 2998 2996 2994 2991 2990 2989 2998 3006
2991 2987 2983 2988 2992 2997 3003 2997 2989 2990 2993 3002 3013 3032 3052 3065 3074 3079 3081 3084 3088 3086 3082 3084 3089 3091 3092 3092 3091 3092 3093 3095 3096 3097 3098 3092 3080 3064 3045 3027 3011 3000 3000 3000 2999 2997 2991 2988 2989 2990 2989 2989 2993 2997 3000 3002 3003 3003 3001 3000 3003 3007 3008 3009
2985 2984 2983 2985 2987 2994 3002 2993 2982 2983 2986 2998 3011 3030 3049 3061 3071 3075 3078 3083 3088 3084 3076 3080 3090 3094 3093 3093 3092 3091 3091 3091 3090 3091 3096 3091 3075 3056 3033 3015 3006 2999 2998 2997 2996 2994 2989 2985 2986 2986 2985 2986 2995 3002 3003 3004 3006 3008 3007 3007 3014 3021 3016 3011
2981 2985 2989 2991 2993 2993 2992 2990 2987 2987 2989 2999 3012 3032 3054 3066 3074 3079 3084 3086 3088 3086 3083 3085 3091 3092 3090 3090 3093 3092 3089 3084 3079 3081 3091 3090 3077 3057 3030 3011 3004 3001 3005 3005 2997 2991 2988 2986 2988 2990 2989 2990 2996 3002 3005 3007 3003 3000 3006 3012 3014 3016 3012 3008
2979 2986 2994 2995 2997 2991 2984 2987 2991 2991 2991 3001 3012 3034 3059 3069 3076 3082 3088 3089 3087 3087 3088 3090 3091 3090 3087 3088 3094 3093 3086 3079 3071 3073 3086 3089 3078 3059 3029 3008 3003 3003 3011 3012 2999 2989 2987 2987 2991 2994 2993 2993 2997 3001 3006 3009 3001 2995 3006 3016 3015 3013 3010 3006
2983 2988 2993 2992 2991 2988 2986 2989 2993 2993 2993 3002 3012 3035 3059 3069 3074 3081 3089 3088 3083 3083 3086 3088 3089 3089 3088 3090 3094 3093 3087 3082 3077 3077 3081 3082 3078 3065 3037 3017 3009 3006 3010 3010 3002 2995 2992 2991 2996 2999 2998 2997 2997 2997 3003 3007 3006 3006 3012 3018 3020 3022 3018 3013
2987 2990 2993 2989 2985 2987 2988 2992 2996 2996 2995 3004 3014 3036 3061 3069 3073 3081 3089 3086 3079 3080 3085 3087 3088 3088 3089 3091 3094 3093 3089 3086 3083 3080 3077 3076 3079 3069 3044 3024 3016 3010 3009 3008 3005 3001 2997 2995 2999 3003 3002 3001 2997 2994 3000 3005 3011 3016 3017 3019 3025 3030 3025 3021
2990 2990 2990 2987 2985 2990 2995 2997 3000 3001 3003 3014 3027 3046 3066 3076 3084 3087 3087 3086 3084 3087 3092 3092 3091 3090 3089 3090 3092 3093 3094 3092 3087 3083 3081 3078 3075 3063 3040 3025 3022 3018 3012 3007 3006 3004 3000 2997 2994 2994 2997 3000 2999 2998 2997 2998 3007 3015 3014 3013 3020 3027 3026 3026
2992 2990 2988 2986 2985 2993 3002 3003 3004 3008 3012 3025 3040 3055 3071 3083 3094 3092 3086 3086 3088 3092 3098 3097 3093 3091 3090 3089 3089 3093 3099 3098 3090 3086 3085 3081 3071 3057 3037 3026 3028 3026 3015 3008 3008 3007 3004 2999 2991 2986 2993 3000 3001 3002 2996 2992 3004 3014 3011 3008 3016 3023 3027 3031
2997 2997 2997 2996 2996 3002 3010 3015 3019 3026 3033 3042 3051 3062 3074 3082 3089 3090 3089 3087 3086 3087 3090 3092 3093 3093 3092 3092 3092 3093 3096 3094 3088 3086 3086 3081 3068 3055 3042 3034 3033 3030 3026 3022 3020 3017 3010 3004 3003 3003 3003 3004 3007 3009 3005 3002 3009 3016 3016 3016 3019 3023 3023 3024
3002 3004 3006 3006 3006 3012 3018 3026 3034 3044 3054 3058 3062 3070 3077 3081 3084 3087 3091 3088 3084 3082 3082 3086 3093 3095 3095 3095 3094 3093 3092 3090 3087 3086 3087 3081 3065 3054 3047 3042 3037 3035 3036 3036 3032 3026 3016 3010 3016 3019 3013 3009 3013 3016 3013 3012 3015 3018 3021 3023 3022 3022 3020 3018
2996 3004 3012 3015 3018 3023 3030 3035 3041 3049 3057 3064 3070 3077 3085 3086 3086 3084 3083 3083 3084 3086 3089 3091 3094 3093 3091 3089 3086 3085 3086 3087 3088 3088 3088 3084 3073 3065 3060 3053 3043 3037 3040 3042 3042 3039 3029 3024 3029 3031 3022 3014 3017 3020 3019 3018 3017 3017 3021 3025 3022 3020 3019 3018
2991 3004 3018 3023 3029 3035 3041 3045 3049 3054 3060 3069 3078 3085 3092 3090 3087 3081 3075 3078 3085 3090 3095 3096 3095 3092 3088 3083 3078 3077 3080 3084 3088 3091 3090 3086 3080 3076 3072 3064 3048 3039 3043 3047 3051 3051 3043 3037 3043 3044 3030 3019 3022 3024 3024 3023 3020 3017 3022 3027 3022 3018 3018 3018
