3067 3059 3080 3082 3077 3057 3070 3055 3054 3048 3062 3064 3043 3062 3050 3054 3067 3054 3049 3038 3046 3049 3049 3045 3043 3043 3043 3034 3050 3039 3036 3026 3022 3039 3033 3038 3037 3037 3024 3027 3026 3023 3026 3026 3030 3026 3022 3021 3029 3035 3030 3029 3021 3021 3042 3034 3020 3017 3012 3018 3021 3033 3010 3010
3067 3058 3075 3063 3055 3064 3052 3062 3045 3054 3058 3054 3051 3062 3051 3056 3055 3048 3034 3032 3036 3044 3054 3049 3061 3049 3050 3041 3058 3055 3034 3033 3045 3036 3029 3032 3034 3038 3031 3031 3023 3016 3023 3014 3033 3024 3021 3015 3029 3037 3030 3038 3035 3028 3023 3033 3031 3015 3022 3001 3016 3024 3007 3002
3055 3068 3056 3053 3055 3049 3056 3057 3039 3062 3051 3052 3048 3052 3055 3051 3057 3047 3041 3036 3024 3039 3046 3056 3065 3056 3035 3046 3040 3043 3058 3051 3036 3040 3023 3030 3037 3023 3028 3040 3021 3025 3028 3024 3021 3021 3025 3018 3021 3024 3030 3027 3023 3023 3036 3030 3019 3040 3017 3013 3005 3007 3000 3010
3056 3059 3061 3063 3059 3052 3049 3044 3048 3046 3049 3039 3048 3039 3037 3031 3023 3035 3042 3040 3036 3024 3036 3047 3049 3055 3043 3044 3046 3046 3037 3055 3056 3054 3042 3035 3026 3027 3039 3024 3033 3015 3029 3027 3037 3025 3023 3025 3021 3026 3028 3025 3026 3026 3025 3015 3014 3009 3010 3007 3015 3018 3008 3001
3063 3061 3056 3050 3067 3060 3054 3048 3054 3036 3039 3040 3031 3026 3032 3032 3020 3020 3040 3029 3030 3019 3054 3039 3041 3051 3052 3062 3048 3035 3048 3041 3048 3078 3041 3030 3024 3033 3032 3035 3018 3014 3021 3013 3017 3035 3026 3035 3038 3027 3013 3032 3021 3039 3024 3020 3005 3024 3018 3019 3018 3008 3011 3025
3047 3059 3055 3060 3060 3042 3032 3040 3032 3044 3034 3034 3042 3030 3034 3027 3042 3038 3026 3034 3031 3029 3043 3047 3035 3042 3060 3061 3058 3066 3053 3051 3059 3053 3055 3052 3033 3042 3036 3034 3027 3040 3040 3035 3023 3020 3016 3027 3034 3017 3016 3024 3031 3015 3033 3027 3016 3000 3019 3014 3016 3008 3008 3017
3035 3049 3055 3050 3058 3041 3028 3019 3031 3027 3046 3039 3021 3031 3036 3036 3045 3056 3032 3042 3047 3040 3045 3047 3042 3034 3048 3060 3064 3070 3059 3058 3066 3076 3061 3047 3042 3050 3035 3032 3027 3018 3011 3023 3001 3011 3017 3033 3029 3048 3034 3040 3031 3016 3019 3025 3019 3017 3015 3018 3019 3005 3021 3021
3005 3011 3020 3007 3008 3025 3013 3010 3018 3013 3027 3032 3021 3017 3022 3023 3033 3038 3036 3029 3037 3039 3026 3029 3040 3050 3049 3053 3050 3060 3058 3066 3052 3057 3047 3041 3049 3049 3033 3029 3024 3026 3021 3013 3017 3017 3025 3028 3032 3027 3030 3020 3028 3023 3024 3022 3015 2997 3005 3018 3012 3009 3015 3012
2960 2979 2978 2987 2977 2985 2972 2979 2977 2986 2989 3004 3008 3011 2997 2998 3006 2999 3009 3011 3013 3012 3021 3019 3021 3031 3038 3033 3035 3040 3040 3055 3049 3035 3044 3035 3045 3050 3042 3020 3017 3018 3015 3004 3007 3017 3023 3014 3010 3024 3019 3019 3031 3031 3029 3021 3015 3017 3013 3014 3010 2996 3002 3015
2974 2976 2971 2979 2978 2969 2984 2977 2984 3001 3007 3008 2998 3011 3009 2998 3002 3016 3006 3013 3012 3035 3029 3025 3029 3036 3039 3046 3053 3054 3049 3051 3055 3046 3047 3054 3059 3066 3046 3029 3016 3019 3011 3019 3007 3011 3017 3021 3026 3010 3025 3018 3025 3029 3034 3023 3019 3013 3009 3023 3020 3007 2995 3007
2974 2984 2976 2974 2978 2979 2988 2986 2991 2995 3012 3016 3001 3010 3005 3001 3008 3014 3012 3009 3000 3014 3030 3042 3037 3033 3049 3049 3042 3055 3067 3060 3054 3055 3054 3072 3085 3076 3061 3062 3048 3021 3021 3023 3031 3028 3026 3020 3013 3021 3030 3023 3024 3025 3016 3025 3020 3013 3013 3022 3032 3033 3008 3001
2976 2994 2986 2978 2981 2998 2994 2989 3001 3008 2994 3008 3004 3007 3001 3007 3010 3019 3013 3015 3008 3028 3030 3038 3046 3044 3048 3059 3076 3067 3072 3080 3069 3074 3074 3081 3090 3099 3088 3074 3053 3051 3040 3037 3023 3028 3027 3036 3017 3025 3030 3026 3036 3035 3023 3017 3022 3016 3024 3025 3027 3028 3013 3006
2978 2971 2976 2982 2987 2988 3007 2994 2989 3002 3004 2996 2999 3002 3008 3006 3004 3008 3013 3024 3023 3025 3047 3058 3057 3056 3076 3070 3082 3079 3070 3079 3097 3094 3089 3078 3080 3089 3090 3075 3064 3075 3038 3051 3031 3027 3041 3031 3037 3048 3037 3042 3041 3039 3038 3026 3026 3035 3011 3017 3022 3022 3013 3023
2975 2987 2992 2982 2986 2983 2996 2985 2997 2988 3006 2994 2991 2992 2982 2999 3009 3005 3024 3004 3028 3019 3047 3053 3070 3070 3078 3074 3072 3092 3077 3086 3090 3079 3084 3080 3088 3083 3089 3087 3074 3077 3067 3055 3038 3039 3039 3036 3043 3052 3041 3046 3062 3056 3037 3025 3012 3016 3016 3018 3013 3015 3013 3013
2963 2977 2989 2974 2983 2983 2985 2987 2990 2991 2992 2991 3002 3008 2995 3009 3000 3010 3016 3022 3019 3033 3046 3062 3076 3062 3077 3064 3092 3094 3089 3075 3082 3085 3087 3086 3091 3087 3074 3085 3082 3096 3070 3068 3054 3064 3062 3058 3053 3062 3065 3052 3053 3045 3037 3046 3035 3021 3018 3014 3020 3001 3008 3026
2986 3003 2987 2999 2991 2995 2996 2989 2986 3000 2993 2985 2986 2999 2997 2982 3012 3002 3026 3014 3026 3027 3038 3057 3070 3075 3064 3079 3089 3100 3091 3085 3082 3088 3084 3089 3100 3088 3079 3085 3093 3092 3082 3077 3069 3063 3057 3075 3078 3078 3065 3073 3062 3051 3038 3030 3021 3020 3001 3012 3018 2991 3009 3015
3004 3008 3002 3005 3002 2996 3001 2999 3001 2995 3009 3000 2997 3004 3008 3010 3008 3009 3012 3032 3028 3042 3052 3055 3064 3064 3076 3086 3080 3090 3085 3098 3097 3097 3087 3086 3100 3087 3087 3085 3091 3090 3083 3066 3075 3075 3064 3081 3083 3091 3088 3070 3065 3061 3059 3043 3031 3022 3020 3013 3004 3003 3003 3017
3012 3012 3017 3006 3006 3007 2989 2988 2998 2992 3003 3003 3005 2998 3009 3003 3013 3007 3016 3018 3034 3027 3067 3068 3069 3068 3071 3080 3071 3081 3081 3073 3092 3076 3100 3097 3084 3088 3083 3094 3095 3086 3073 3079 3070 3078 3080 3077 3073 3097 3089 3076 3076 3076 3062 3061 3028 3027 3025 3001 3006 3014 3021 3007
2997 2994 3006 3012 3013 2997 3007 2999 2994 2993 2997 2988 2999 3007 2991 2994 3018 3018 3021 3024 3013 3031 3056 3080 3065 3067 3071 3080 3079 3088 3085 3092 3088 3087 3090 3085 3086 3096 3098 3104 3089 3085 3094 3079 3081 3083 3070 3077 3076 3079 3080 3092 3076 3090 3069 3063 3048 3042 3016 3006 3010 3019 3011 3009
2995 3003 2987 3005 3016 3017 3004 3003 2982 2996 2999 2995 3010 3007 2992 3006 3008 3018 3017 3013 3020 3032 3051 3073 3072 3075 3075 3082 3085 3088 3091 3099 3088 3085 3086 3083 3084 3103 3107 3090 3089 3098 3089 3088 3089 3071 3061 3096 3075 3083 3078 3085 3093 3073 3071 3064 3046 3035 3035 3010 3010 3008 3008 3002
2995 2997 2992 3004 3015 3012 3013 3012 2989 2996 2983 2997 2989 3007 3006 3009 3016 3014 3028 3014 3021 3047 3059 3059 3053 3079 3071 3087 3093 3086 3091 3092 3089 3093 3078 3073 3095 3083 3080 3079 3068 3078 3081 3099 3078 3091 3076 3082 3102 3102 3080 3071 3078 3074 3068 3061 3047 3014 3033 3039 3011 3017 3013 3013
2986 2989 2997 2999 3017 3027 3013 3005 2989 2992 2982 2990 2994 3005 3004 3007 3008 2999 3007 3019 3021 3038 3047 3059 3064 3073 3070 3072 3085 3073 3080 3090 3079 3094 3092 3077 3096 3087 3092 3094 3073 3083 3088 3090 3082 3090 3086 3078 3105 3094 3084 3072 3071 3073 3068 3070 3057 3020 3028 3019 3019 3015 3011 2997
3008 2999 2999 3008 3006 3001 2998 2995 3005 2989 2988 3007 2998 3001 2991 3016 3005 3012 3014 3027 3032 3024 3030 3043 3070 3063 3081 3091 3090 3092 3089 3070 3088 3088 3089 3095 3077 3082 3091 3081 3084 3089 3081 3087 3084 3075 3078 3077 3091 3083 3086 3073 3080 3072 3083 3071 3047 3026 3019 3014 3003 3002 2999 3009
3010 2999 3005 3000 3000 3011 2987 3012 2999 3000 3000 2990 2980 3009 3001 3015 3009 3006 3011 3008 3033 3020 3039 3048 3072 3071 3073 3069 3095 3095 3085 3080 3090 3097 3090 3091 3080 3083 3101 3097 3095 3088 3093 3091 3083 3085 3086 3084 3082 3093 3091 3071 3085 3079 3066 3067 3052 3037 3024 3015 3012 3004 3002 3015
3008 3000 3006 3010 3004 2995 3012 3000 3010 3000 2997 2996 3005 2988 3009 3016 3000 3006 3008 3018 3003 3033 3052 3070 3083 3080 3070 3084 3098 3093 3079 3086 3087 3098 3105 3102 3085 3091 3113 3107 3082 3082 3088 3090 3089 3061 3068 3082 3087 3082 3093 3076 3073 3082 3066 3072 3056 3027 3022 3009 3005 3000 3003 3000
3000 3006 2993 3002 3001 3005 3011 2992 2990 3015 3008 2989 3007 3012 3001 3008 3008 2999 3003 3008 3016 3037 3046 3056 3077 3086 3090 3086 3097 3083 3092 3084 3090 3089 3092 3088 3091 3094 3095 3101 3092 3094 3099 3094 3073 3077 3085 3084 3083 3085 3079 3088 3084 3082 3075 3070 3040 3031 3013 3005 3008 3006 3006 3004
3000 2997 2998 2996 3005 3014 3015 2999 3000 2979 2992 3007 2999 3003 3002 3018 3000 3003 2994 3005 3029 3045 3055 3052 3066 3075 3073 3080 3081 3087 3083 3106 3087 3100 3088 3086 3081 3093 3094 3091 3092 3074 3096 3080 3088 3073 3076 3070 3071 3087 3085 3083 3081 3083 3069 3059 3035 3025 3030 3022 3023 3029 3018 3014
2993 2997 2998 3001 2999 3008 3014 2996 2990 2991 3012 3017 2997 3009 2996 2997 3001 3010 2999 3008 3021 3034 3058 3052 3070 3069 3072 3079 3077 3083 3094 3092 3085 3098 3084 3096 3081 3082 3077 3091 3084 3089 3088 3084 3085 3093 3077 3081 3073 3089 3082 3093 3080 3096 3073 3068 3059 3032 3036 3016 3026 3018 3020 3008
3002 3001 3008 2988 3007 3008 3009 3010 3011 3007 3009 3016 3008 3010 2995 2999 2996 3006 3013 3024 3007 3028 3048 3067 3067 3075 3073 3080 3073 3086 3075 3077 3094 3085 3090 3090 3083 3085 3074 3086 3080 3093 3088 3090 3081 3081 3096 3083 3081 3080 3095 3073 3086 3073 3067 3062 3050 3024 3019 3016 3030 3019 3015 3021
3004 3001 2999 3009 2996 3009 3016 3004 3007 3011 3005 3011 2999 3001 3001 2997 2994 2994 3017 3006 3022 3025 3042 3048 3075 3089 3085 3072 3077 3078 3074 3076 3084 3088 3098 3086 3088 3084 3092 3083 3070 3079 3076 3086 3070 3093 3098 3102 3094 3087 3070 3081 3091 3076 3069 3056 3047 3039 3021 3002 3021 3013 3010 3017
3009 3003 2998 2999 3007 2998 2994 3020 2994 2994 2995 3003 3007 3014 3013 3012 3002 2989 3002 3004 3009 3017 3040 3058 3070 3066 3085 3090 3085 3087 3076 3090 3077 3082 3077 3087 3085 3071 3079 3077 3064 3064 3078 3088 3072 3081 3080 3094 3096 3089 3080 3077 3081 3078 3058 3041 3045 3028 3031 3026 3023 3012 3011 3020
3013 3016 3004 2995 3009 3006 3002 3001 3002 3004 3002 3009 3009 3009 3004 3008 2990 2994 2992 2996 3014 3011 3029 3028 3065 3079 3083 3084 3087 3080 3083 3090 3084 3084 3081 3078 3083 3080 3075 3061 3084 3074 3079 3065 3082 3077 3083 3096 3077 3093 3081 3066 3081 3077 3078 3056 3032 3029 3041 3024 3016 3017 3019 3013
3005 3019 3000 2995 3002 3005 3004 2998 3006 3003 2998 2989 2999 2997 3001 2997 2985 2981 2999 2995 3002 3014 3011 3025 3061 3064 3059 3072 3081 3084 3074 3077 3076 3083 3088 3096 3084 3085 3075 3064 3067 3070 3073 3065 3070 3079 3084 3079 3079 3090 3079 3079 3086 3076 3053 3029 3042 3028 3040 3022 3014 3013 3012 3008
3003 3017 3009 2999 2999 2995 3005 2997 3006 3005 3006 3012 2998 3010 3007 2997 2987 2985 2992 2998 3005 2997 3006 3035 3040 3044 3069 3078 3080 3071 3089 3078 3086 3087 3103 3090 3103 3085 3075 3076 3068 3069 3073 3072 3085 3079 3085 3077 3073 3073 3079 3085 3072 3082 3052 3031 3024 3022 3031 3022 3014 3024 3027 3003
3003 3007 2990 3001 2995 2994 3011 3015 2993 3005 2997 3005 3011 3001 2997 3005 2991 2989 2988 3001 3002 3019 3011 3021 3040 3048 3059 3070 3073 3071 3089 3073 3085 3083 3101 3100 3100 3083 3082 3080 3081 3078 3069 3087 3079 3097 3077 3085 3078 3086 3071 3078 3078 3078 3052 3036 3035 3027 3012 3017 3010 3016 3000 3015
3007 3004 2992 3005 2994 2995 3009 3000 2993 2997 3009 3013 3014 2994 2991 2993 2994 3006 3001 2999 3007 3011 3000 3020 3028 3035 3049 3078 3070 3072 3080 3090 3086 3086 3087 3086 3079 3077 3075 3078 3075 3078 3078 3088 3085 3096 3088 3081 3073 3075 3078 3065 3080 3062 3059 3025 3022 3025 3023 3032 3017 3013 3015 3015
3005 3004 3012 3012 3005 3007 3018 3000 3001 3000 3015 3013 3006 3000 3002 3002 2999 3000 2989 2989 3014 3004 3008 3015 3018 3040 3060 3079 3075 3059 3070 3081 3085 3082 3067 3080 3073 3075 3078 3077 3079 3089 3068 3065 3088 3090 3083 3091 3091 3086 3070 3072 3079 3071 3057 3029 3024 3020 3028 3018 3012 3012 3018 3011
2998 3002 3005 3016 2998 3001 3011 3004 3009 3005 2994 3016 3004 3008 3007 2988 2999 2996 2991 3017 2996 2995 3007 3028 3030 3039 3063 3070 3067 3062 3071 3088 3072 3085 3090 3071 3072 3065 3082 3073 3087 3067 3073 3077 3081 3091 3088 3083 3076 3084 3074 3065 3068 3074 3051 3036 3039 3028 3021 3022 3008 3012 3018 3014
2986 3002 2995 3011 2993 3000 3008 3010 3011 3001 3004 2999 3003 3005 3017 3013 3006 3000 2991 2995 2993 3002 3009 3014 3015 3025 3045 3057 3073 3071 3071 3090 3089 3095 3084 3086 3070 3095 3082 3089 3086 3076 3086 3077 3081 3091 3079 3097 3087 3089 3077 3069 3070 3065 3036 3042 3023 3037 3021 3025 3018 3006 3011 3014
2983 3006 2997 3008 2996 3000 3014 3000 3007 3006 3012 2992 3002 2986 3000 3003 3015 2998 3003 2989 3000 2991 3000 3009 3008 3016 3034 3052 3059 3076 3072 3073 3091 3104 3090 3095 3076 3074 3076 3088 3075 3095 3094 3091 3079 3087 3082 3073 3078 3088 3078 3080 3072 3056 3046 3026 3022 3035 3028 3026 3007 3009 3015 3013
2989 2998 2996 2989 2986 3000 3005 3018 3019 3005 3004 3005 3010 3015 2994 3006 3006 3007 3006 3001 2987 2997 3007 3011 3004 3013 3028 3046 3058 3063 3070 3087 3082 3088 3084 3083 3076 3077 3076 3078 3074 3080 3071 3064 3071 3079 3092 3081 3084 3084 3077 3087 3064 3049 3033 3028 3023 3012 3017 3018 3007 3021 3023 3024
2993 2990 2996 2997 2994 3001 3006 2994 3013 3009 3005 3008 3020 3015 3000 2998 3000 3004 3004 3018 2991 2996 2995 3002 3013 3001 3019 3028 3052 3077 3069 3086 3083 3086 3076 3092 3078 3062 3074 3075 3086 3075 3079 3075 3079 3084 3078 3082 3098 3084 3076 3074 3054 3037 3028 3015 3023 3021 3024 2998 3019 2999 3014 3028
2991 3003 2995 3003 3001 2993 3001 2994 2995 2993 3003 3008 3024 3015 2988 2990 2986 2993 2999 3003 3012 2998 3008 3005 2997 3002 3005 3029 3044 3061 3069 3085 3084 3079 3090 3083 3069 3066 3087 3081 3086 3074 3076 3072 3088 3087 3102 3084 3086 3084 3084 3079 3067 3054 3045 3034 3033 3020 3020 3008 3011 3007 3016 3015
2996 2986 2993 2991 2983 2996 3005 2993 2971 2996 3003 3013 3004 3002 3007 2997 2994 2983 2989 3007 3003 3006 3019 3007 3003 3001 3006 3023 3044 3047 3062 3076 3087 3077 3079 3086 3069 3077 3100 3092 3084 3082 3081 3081 3099 3096 3084 3085 3088 3072 3086 3085 3083 3073 3053 3034 3028 3027 3013 3021 3021 3006 3005 3011
2994 2998 3007 2994 2996 3000 3003 2992 2987 3001 3005 3021 3000 3002 2996 3011 3017 3005 2995 2997 3014 3008 3004 3009 3016 3015 3007 3013 3027 3036 3042 3060 3066 3073 3071 3081 3083 3082 3089 3090 3090 3084 3084 3089 3081 3100 3102 3097 3087 3078 3095 3095 3071 3073 3053 3047 3048 3037 3038 3035 3022 3012 3023 3033
3000 3002 2993 2998 3006 2986 2981 2991 2993 2995 3011 3007 3001 2999 2999 3008 3013 3014 2998 2994 3020 3008 2996 3012 3015 3019 3014 3010 3027 3027 3052 3058 3070 3071 3064 3067 3079 3082 3082 3092 3082 3095 3086 3087 3098 3093 3091 3087 3087 3075 3084 3083 3086 3077 3071 3058 3061 3040 3044 3046 3044 3032 3031 3025
3002 3011 3001 3003 2998 3003 3001 2998 3001 3004 3021 3009 3000 3011 3008 3000 2991 3017 2996 3010 2998 3008 2997 3016 3016 3012 3017 3022 3004 3023 3026 3046 3063 3072 3063 3073 3079 3080 3090 3085 3081 3084 3078 3083 3091 3077 3080 3076 3074 3089 3089 3081 3078 3079 3076 3081 3057 3076 3054 3055 3048 3064 3066 3056
2986 3008 3004 2992 2993 2989 2998 3002 3000 3007 2995 3003 3007 3006 3006 3006 3003 3005 3006 2997 3004 3010 3010 3001 3007 3019 3008 3025 3019 3028 3040 3043 3054 3064 3078 3081 3093 3091 3087 3094 3075 3072 3070 3083 3088 3070 3083 3085 3070 3077 3077 3082 3085 3085 3067 3086 3074 3080 3056 3055 3061 3067 3066 3065
2992 3000 3001 3002 3002 2994 2988 2999 3009 3013 3007 3006 2994 3010 3003 3006 3007 3015 3012 3002 3011 3001 3002 2999 3017 3015 3014 3007 3041 3031 3043 3047 3078 3071 3083 3094 3094 3095 3092 3079 3091 3076 3078 3076 3088 3080 3090 3081 3084 3066 3077 3061 3079 3086 3084 3076 3075 3073 3064 3056 3058 3055 3067 3076
2987 3001 2991 3012 3019 2993 2994 2993 3006 3004 2995 3002 3002 3000 2993 3010 2993 3009 2996 2995 3000 3002 2996 3007 3001 3008 3008 3023 3041 3055 3060 3057 3074 3069 3064 3082 3090 3099 3100 3088 3088 3072 3088 3083 3096 3079 3092 3087 3085 3084 3078 3059 3074 3084 3068 3070 3077 3057 3082 3071 3046 3047 3060 3075
2999 2993 2986 2980 2998 2991 3009 3002 3008 2987 3000 2992 2994 3000 3006 3006 2998 3007 3012 3019 3008 3012 3010 3015 3009 3020 3020 3030 3041 3041 3053 3050 3060 3047 3088 3080 3075 3096 3095 3097 3087 3079 3083 3106 3095 3097 3098 3098 3085 3083 3078 3072 3091 3083 3081 3080 3075 3061 3073 3060 3052 3063 3066 3073
3001 2983 2990 2989 2982 3000 3011 3008 3000 3000 2989 2999 3001 3008 2988 2999 3002 3012 3011 3000 3016 3011 3016 3003 3025 3038 3038 3060 3055 3055 3047 3049 3055 3055 3060 3077 3079 3087 3073 3086 3080 3083 3080 3086 3092 3094 3091 3083 3085 3076 3083 3090 3073 3071 3070 3069 3069 3061 3057 3063 3063 3054 3079 3080
2990 3002 2988 2992 3000 3012 3008 3002 3005 2989 2999 2984 3010 2998 3015 3010 2996 3000 3007 3009 3010 3028 3021 3022 3031 3047 3041 3057 3055 3056 3056 3054 3036 3058 3066 3067 3063 3064 3073 3079 3068 3075 3079 3084 3084 3088 3094 3078 3074 3068 3067 3072 3088 3081 3072 3068 3067 3050 3051 3065 3061 3068 3066 3064
3016 3004 3009 2991 2992 3004 2997 3004 2994 2995 2994 3000 2983 2998 3023 3013 3016 3017 2998 3011 3019 3026 3028 3042 3056 3070 3067 3059 3042 3050 3057 3056 3064 3045 3061 3062 3055 3066 3055 3043 3066 3077 3069 3077 3085 3081 3090 3078 3080 3076 3060 3063 3067 3071 3060 3059 3062 3071 3063 3060 3046 3059 3067 3051
3000 3005 2991 2996 2985 3005 3011 3001 2998 3018 3015 2988 2997 2998 2988 3000 2996 2999 3015 3033 3044 3030 3035 3050 3066 3064 3053 3055 3061 3050 3057 3062 3069 3052 3065 3059 3052 3045 3052 3070 3061 3059 3075 3069 3072 3066 3066 3052 3053 3060 3066 3059 3047 3056 3072 3052 3052 3071 3059 3059 3057 3063 3064 3066
2993 2987 2985 2976 2998 3008 3010 3000 2995 2997 3001 3004 2985 2992 3005 3010 3000 3014 3029 3048 3050 3058 3069 3068 3063 3075 3071 3065 3064 3062 3048 3074 3060 3074 3058 3053 3061 3064 3059 3067 3053 3062 3053 3062 3065 3053 3049 3045 3038 3044 3053 3057 3043 3047 3059 3052 3055 3048 3037 3057 3050 3056 3048 3056
2998 2985 2991 2989 3008 3002 3006 3000 3011 2995 3000 3006 3003 3018 3014 3031 3031 3031 3053 3056 3058 3064 3069 3080 3063 3063 3069 3073 3053 3064 3063 3082 3070 3077 3061 3062 3054 3060 3061 3052 3053 3051 3066 3061 3052 3056 3057 3061 3052 3054 3047 3038 3070 3053 3057 3056 3063 3075 3060 3050 3055 3045 3067 3069
2998 2996 2998 3003 3004 2999 3008 3001 3019 3013 3024 3012 3009 3018 3035 3042 3046 3035 3057 3064 3051 3069 3076 3076 3074 3075 3079 3073 3075 3063 3070 3075 3080 3065 3065 3061 3070 3052 3056 3068 3061 3039 3062 3065 3062 3069 3060 3066 3063 3068 3063 3048 3062 3072 3058 3051 3082 3081 3060 3064 3061 3055 3049 3064
2995 3003 3004 3001 3009 3013 3008 3021 3012 3012 3006 3015 3013 3030 3042 3058 3043 3050 3046 3056 3064 3070 3077 3071 3059 3070 3078 3074 3056 3067 3072 3071 3071 3075 3075 3070 3060 3053 3053 3058 3068 3059 3057 3068 3036 3062 3058 3056 3059 3061 3064 3060 3054 3049 3069 3056 3063 3073 3063 3062 3068 3059 3054 3079
2995 2998 3006 3005 2995 3018 3004 3001 3013 3014 3016 3021 3019 3042 3046 3054 3078 3049 3064 3079 3071 3086 3090 3094 3072 3065 3083 3070 3061 3064 3063 3067 3080 3083 3083 3081 3057 3052 3050 3046 3055 3061 3054 3061 3064 3062 3053 3062 3044 3050 3065 3060 3044 3051 3044 3064 3061 3045 3070 3065 3078 3058 3074 3069
3006 3006 3003 2999 3021 3011 3007 3007 3013 3022 3030 3034 3044 3052 3060 3057 3074 3057 3067 3071 3078 3074 3088 3074 3065 3084 3080 3081 3077 3065 3071 3062 3080 3081 3072 3074 3066 3061 3063 3074 3075 3066 3077 3071 3068 3067 3062 3070 3055 3057 3044 3053 3056 3043 3064 3050 3068 3060 3066 3082 3053 3062 3077 3074
3000 3012 3005 3020 3014 3008 3006 3005 3022 3016 3026 3043 3059 3064 3059 3062 3068 3072 3069 3067 3083 3070 3078 3079 3067 3064 3078 3083 3072 3050 3073 3077 3078 3079 3072 3070 3060 3082 3071 3076 3088 3081 3079 3050 3075 3071 3058 3060 3059 3059 3049 3042 3053 3050 3050 3055 3066 3061 3063 3071 3071 3056 3071 3079
3011 3006 2994 3018 3019 3007 3007 2986 3007 3021 3032 3041 3056 3060 3062 3072 3072 3077 3078 3068 3086 3089 3083 3083 3063 3074 3070 3074 3079 3065 3065 3076 3080 3074 3072 3066 3070 3064 3078 3084 3088 3077 3069 3068 3074 3077 3068 3064 3063 3067 3053 3060 3065 3058 3047 3046 3057 3060 3082 3071 3069 3069 3066 3076
3006 3008 3005 3006 3009 3009 2995 2999 3000 3010 3041 3039 3057 3055 3072 3068 3081 3061 3072 3071 3087 3079 3084 3081 3071 3082 3071 3074 3074 3077 3067 3070 3075 3054 3073 3056 3061 3067 3080 3077 3069 3058 3066 3060 3080 3085 3066 3066 3051 3075 3062 3054 3060 3077 3068 3075 3061 3064 3071 3064 3079 3072 3074 3091
