3059 3048 3036 3037 3048 3050 3064 3057 3077 3038 3040 3040 3028 3041 3041 3043 3055 3046 3048 3027 3031 3042 3039 3025 3027 3030 3021 3018 3019 3029 3017 3016 3019 3019 3008 3023 3009 3022 3024 3015 3020 3017 3023 3034 3023 3005 3007 2989 3002 3007 3007 3015 3008 2988 3007 3001 3006 2990 2988 2980 2982 2967 2983 2985
3052 3058 3044 3043 3046 3043 3068 3050 3054 3045 3047 3037 3031 3038 3034 3025 3039 3043 3040 3049 3040 3035 3044 3034 3028 3035 3028 3028 3030 3026 3020 3009 3007 3010 3008 3009 3014 3013 3025 3018 3022 3017 3019 3027 3010 3004 3008 3001 3005 3013 3024 3010 2994 3003 2994 3007 2995 3001 3000 2992 2998 3006 2985 2996
3058 3061 3063 3042 3036 3040 3045 3054 3040 3031 3034 3024 3035 3044 3039 3047 3036 3040 3038 3043 3043 3048 3036 3044 3033 3031 3014 3034 3023 3026 3024 3012 3011 3031 3021 3022 3001 3014 3008 3011 3012 3021 3018 3020 3001 3001 2990 2995 3000 3004 2998 3010 3003 3003 3007 3013 2989 3011 3000 2977 3008 3011 3014 3008
3059 3062 3051 3041 3039 3036 3053 3052 3045 3038 3034 3030 3036 3030 3034 3032 3038 3024 3046 3029 3044 3049 3048 3045 3041 3032 3034 3033 3034 3040 3027 3030 3020 3024 3017 3017 3009 3014 3022 3008 3004 3002 3009 3006 3006 3005 3015 3009 3008 3003 3009 3007 2995 2993 3006 3011 3002 2998 2987 2987 2981 2989 3007 3000
3058 3045 3043 3044 3042 3042 3049 3053 3038 3044 3050 3030 3028 3027 3030 3030 3024 3027 3018 3050 3058 3062 3065 3039 3068 3045 3030 3042 3040 3048 3038 3025 3029 3030 3011 3024 3027 3022 3020 3014 3001 2997 3014 3002 3008 3017 3025 3005 3003 3002 3016 3007 3009 3013 3008 3016 3007 3005 3012 2993 2998 2979 2992 3003
3051 3047 3050 3040 3041 3051 3045 3043 3040 3034 3051 3026 3039 3031 3040 3036 3032 3037 3041 3046 3061 3067 3055 3043 3037 3048 3033 3042 3037 3044 3035 3029 3036 3021 3041 3022 3033 3036 3015 3029 3010 3007 3020 3032 3007 3007 3013 3002 3014 2992 3016 3011 2993 3003 3010 3010 2997 2996 2995 2997 2989 2998 3002 2997
3037 3039 3045 3042 3025 3033 3065 3047 3025 3023 3041 3033 3025 3047 3039 3042 3032 3040 3056 3053 3051 3046 3044 3050 3045 3042 3045 3069 3037 3029 3036 3038 3033 3034 3040 3039 3034 3024 3028 3008 2999 2997 3003 3011 3014 2996 2993 3003 2995 3000 3011 2997 3003 2996 3008 3004 3008 2994 2993 3005 2985 3003 3010 3013
3035 3017 3008 3014 3013 3017 3016 3001 3008 3021 3027 3016 3013 3021 3023 3040 3026 3039 3038 3046 3044 3053 3051 3037 3033 3018 3023 3031 3040 3035 3041 3048 3040 3040 3045 3040 3033 3026 3028 3011 3020 3007 3015 3016 3014 3007 3022 2989 3012 3017 3018 3011 2995 2992 3011 3005 3011 3003 2995 3000 3018 3005 3025 3004
2996 2990 2991 2989 2996 2984 2992 2983 2988 2995 2998 3001 2994 3007 3011 3006 3005 3010 3007 3017 3045 3037 3039 3028 3014 3004 3008 3018 3032 3043 3023 3036 3031 3025 3026 3030 3029 3035 3029 3023 3032 3023 3036 3035 3022 3022 3022 3017 3007 3018 3013 3022 3009 3013 3019 3008 3008 3000 2995 2989 3001 3025 3010 3002
2984 2983 2989 2991 2991 2988 2981 2996 2990 3006 2996 2994 3017 3014 3018 3036 3026 3020 3019 3044 3033 3036 3031 3035 3018 3031 3014 3022 3029 3037 3036 3027 3042 3030 3023 3037 3030 3035 3039 3031 3018 3020 3013 3011 3003 3009 3011 3005 3004 3010 3012 3011 3007 3001 2994 2994 3001 2992 2998 2996 3002 3011 3001 3009
2983 2997 3005 3002 2986 2990 3012 2990 3011 2995 2998 3008 3007 3024 3032 3026 3032 3030 3031 3035 3045 3032 3045 3043 3021 3023 3024 3021 3029 3025 3032 3038 3044 3045 3046 3045 3051 3046 3041 3031 3028 3011 3003 3005 3000 2996 2995 3001 2987 3002 2996 3007 3012 3004 2996 3000 2997 3008 3000 3004 3005 3013 2998 3002
2978 2973 2979 2976 2981 2977 2983 2994 3004 3010 3010 2991 3015 3018 3030 3036 3035 3024 3034 3025 3046 3031 3041 3040 3029 3034 3033 3031 3027 3040 3034 3034 3050 3040 3039 3039 3054 3048 3035 3043 3037 3025 3026 3008 3004 2999 2996 2992 2990 2980 2987 2995 2996 3004 3005 2990 2987 2991 2997 3013 3004 3008 3004 3010
2970 2962 2975 2968 2977 2999 2993 3002 2999 3019 3013 3031 3011 3025 3019 3035 3020 3027 3032 3033 3044 3049 3029 3052 3042 3044 3042 3035 3038 3022 3025 3032 3038 3055 3037 3045 3051 3030 3040 3040 3056 3037 3028 3004 3014 3007 2997 2999 2990 2985 2985 2980 2999 2995 2976 2990 2985 3007 3008 3023 3012 3015 3021 3008
2978 2969 2962 2967 2994 2995 2996 3017 3000 3018 3015 3023 3028 3040 3035 3020 3023 3026 3023 3052 3053 3054 3035 3039 3052 3050 3038 3037 3028 3041 3033 3041 3037 3048 3053 3046 3039 3054 3046 3057 3053 3048 3015 3010 3004 3011 3013 2999 2993 2998 2989 2977 3000 2995 3008 2997 2993 2997 3012 3010 3012 3015 2999 3019
2968 2970 2966 2967 2984 2981 2986 2978 2996 2999 3021 3010 3032 3039 3023 3026 3017 3017 3050 3039 3052 3061 3050 3046 3044 3048 3043 3043 3043 3039 3030 3044 3038 3039 3035 3038 3048 3052 3054 3049 3049 3040 3021 3006 3005 2987 2993 2989 2991 2987 2982 3008 2991 2986 2998 3007 3001 3004 3000 3011 3008 3012 3022 3012
2990 2985 2999 2981 2997 2979 3000 3000 3004 3005 3027 3023 3029 3015 3018 3015 3026 3035 3034 3064 3069 3061 3069 3066 3041 3032 3044 3040 3039 3031 3045 3048 3049 3057 3044 3037 3056 3050 3043 3056 3041 3044 3023 2997 3004 2994 3001 2984 2990 2997 2986 2995 2988 2994 2995 3004 2999 2999 2998 3025 3017 3017 3003 3011
2997 2991 2987 2983 2999 2997 2989 3005 3015 3018 3024 3023 3024 3019 3023 3034 3018 3045 3051 3055 3070 3051 3075 3057 3041 3042 3038 3028 3026 3038 3035 3053 3055 3068 3063 3048 3057 3059 3048 3055 3044 3040 3026 3015 2996 2997 3003 2985 2989 2997 2987 3001 3003 3006 3003 3005 3009 2999 3005 3015 3023 3033 3013 3012
2988 2991 3002 2991 3000 3005 3006 3016 3018 3023 3039 3032 3033 3027 3030 3027 3031 3049 3066 3071 3072 3071 3064 3051 3051 3041 3026 3044 3035 3043 3052 3073 3078 3080 3071 3058 3056 3062 3067 3053 3057 3050 3032 3019 3015 3000 2990 2984 2985 2985 2986 3009 3004 3023 3020 3014 3015 3003 3004 3009 3026 3021 3017 3026
2985 2982 3016 3000 2993 2989 3011 3005 3028 3022 3031 3030 3027 3037 3038 3047 3030 3064 3066 3080 3074 3072 3083 3062 3056 3058 3056 3043 3038 3046 3054 3077 3076 3075 3082 3072 3070 3076 3061 3057 3070 3052 3032 3017 3019 3001 3003 2994 2998 3000 3000 3012 3010 3016 3017 3030 3011 3012 3003 3002 3012 3017 3015 3012
3005 2999 3006 3006 3000 3003 3014 3019 3010 3028 3017 3035 3027 3023 3050 3043 3048 3063 3083 3076 3064 3066 3064 3063 3060 3042 3049 3049 3048 3056 3079 3078 3084 3087 3080 3067 3071 3064 3069 3072 3077 3058 3023 3007 3019 3009 2995 2980 2988 3000 2992 3005 3002 2999 3021 3014 3007 2999 3001 3000 3013 3014 3012 3014
3002 3004 3006 3023 3019 3022 3025 3019 3006 3021 3018 3033 3014 3030 3031 3045 3044 3057 3071 3086 3075 3072 3081 3088 3067 3065 3060 3061 3049 3065 3081 3065 3074 3070 3078 3072 3065 3074 3069 3069 3073 3064 3037 3005 3013 2998 2994 2986 2997 2995 2994 2995 3008 3004 3010 2998 3003 2993 3005 3012 3013 3002 3012 3006
2992 3004 3021 3006 3013 3023 3014 3027 3011 3003 3034 3030 3041 3034 3029 3045 3063 3066 3076 3088 3062 3077 3088 3083 3073 3066 3067 3068 3067 3067 3072 3084 3073 3071 3080 3079 3085 3085 3080 3080 3072 3056 3037 3022 3004 3010 3005 2992 2995 2997 3006 2998 3012 2999 3022 3014 2992 2986 2998 3022 3006 3005 2995 3002
2995 2992 2990 2994 3003 2982 3010 3003 2998 3019 3036 3039 3053 3039 3025 3037 3059 3076 3086 3079 3069 3069 3074 3070 3078 3083 3067 3078 3081 3085 3074 3081 3079 3087 3066 3079 3083 3089 3085 3084 3079 3065 3060 3021 3011 3002 2995 2994 2997 3004 2995 3003 2999 2999 3002 3024 3005 2987 2992 3003 3006 2998 3000 2993
2989 2986 2998 2978 2983 2997 3000 3001 3007 3011 3015 3030 3035 3055 3047 3059 3070 3073 3076 3069 3074 3064 3077 3078 3085 3080 3069 3082 3084 3083 3086 3076 3087 3096 3079 3080 3088 3080 3086 3088 3077 3067 3051 3018 3021 2991 2999 2991 2996 3013 3000 2994 3008 3004 2987 2988 2991 2987 3000 2999 2997 2997 2992 2985
2996 2992 2985 3002 2996 2985 2991 2997 2998 3007 3018 3026 3044 3053 3069 3066 3071 3074 3088 3087 3082 3073 3083 3087 3102 3090 3074 3082 3090 3093 3078 3074 3090 3091 3088 3090 3091 3097 3082 3084 3092 3072 3058 3040 3028 3001 3003 3001 3002 3001 3004 3002 2983 2996 3006 3014 2990 3008 3011 3004 2992 2996 3003 2990
2997 2995 2989 2997 2999 3003 3008 2992 3003 3006 3013 3028 3040 3057 3073 3071 3070 3078 3098 3084 3089 3091 3075 3084 3094 3098 3093 3094 3107 3097 3082 3082 3072 3088 3090 3078 3091 3085 3079 3078 3079 3085 3065 3031 3028 3006 2997 3004 3007 3008 3005 3012 3000 3001 2986 2993 2994 3015 3009 3007 3001 3007 3008 3010
2987 3000 3003 3002 2998 3000 2998 3007 3015 3002 3013 3040 3057 3060 3075 3087 3072 3072 3092 3072 3084 3091 3092 3082 3083 3089 3091 3088 3095 3096 3093 3093 3087 3090 3086 3093 3098 3085 3086 3082 3085 3075 3057 3034 3019 3003 2999 3001 3005 3003 3004 3006 2996 3002 3006 2999 3019 3015 3011 2999 3004 2992 2997 3006
2992 2997 3000 3008 2999 3006 2996 3012 3019 3023 3023 3034 3047 3079 3074 3077 3098 3083 3090 3079 3072 3086 3083 3093 3081 3088 3096 3092 3093 3084 3094 3085 3106 3093 3092 3104 3093 3094 3086 3089 3091 3083 3061 3039 3011 3008 2999 2985 3003 2989 3010 3007 3000 2983 3003 3012 3013 3010 2999 3012 3007 3003 2993 3012
2995 2983 2979 3008 3003 3006 3002 2999 3003 3003 3016 3030 3049 3061 3089 3082 3073 3084 3078 3075 3070 3071 3076 3085 3078 3080 3080 3100 3096 3098 3089 3111 3095 3088 3089 3090 3081 3079 3080 3083 3071 3071 3055 3037 3012 3002 3002 2988 2999 3009 3015 3005 2995 2986 2995 2997 3007 2992 3011 3019 2992 2991 2995 3003
2994 2986 2981 3001 2986 2991 3007 2995 2995 3010 3008 3023 3054 3064 3070 3086 3081 3097 3079 3084 3069 3082 3074 3089 3084 3089 3083 3086 3089 3106 3086 3098 3094 3095 3082 3077 3076 3068 3070 3071 3073 3077 3034 3032 3009 3014 3005 3002 2991 3001 3005 3000 3003 2996 3005 2995 3000 2990 3008 3016 2996 2988 2998 2998
2996 2993 2990 3004 2995 2998 3005 3003 3011 3013 3006 3033 3032 3051 3061 3081 3071 3077 3085 3090 3086 3078 3076 3082 3096 3101 3082 3077 3088 3096 3094 3092 3091 3089 3086 3088 3087 3088 3080 3071 3063 3062 3041 3011 3003 3008 2997 2990 2996 2990 2993 2996 2999 3008 3007 2993 2994 2990 3003 3017 3008 2990 2986 2992
2991 3001 3002 3006 3002 3001 3007 2995 3002 3000 3015 3025 3033 3044 3067 3066 3084 3079 3080 3094 3076 3087 3095 3082 3100 3087 3081 3076 3081 3094 3086 3083 3087 3073 3075 3080 3100 3090 3071 3062 3068 3058 3036 3015 2994 3003 3002 3002 3003 2996 3012 2998 2985 3006 3010 3007 3007 2986 3004 3011 2998 3000 2990 2989
2994 2981 2990 2993 3002 2985 2998 3007 2991 2986 2995 3012 3027 3054 3061 3069 3085 3079 3089 3088 3081 3072 3089 3087 3081 3080 3088 3084 3088 3081 3079 3088 3071 3076 3081 3091 3094 3084 3080 3086 3071 3056 3042 3016 3000 2996 2990 3009 2998 2994 3001 3003 3002 3002 3015 3024 3006 3003 3013 2989 3011 3002 3009 3000
2993 2998 2999 2994 3001 3005 3011 3007 2987 2985 3000 3018 3032 3033 3049 3048 3075 3083 3071 3084 3082 3088 3082 3071 3078 3076 3078 3083 3097 3083 3095 3072 3071 3074 3076 3091 3084 3084 3084 3089 3055 3060 3037 3033 3022 3007 3006 2995 3015 3002 2988 2998 3004 2996 3018 3021 2992 2999 2988 3009 3010 3007 2987 2989
2992 2996 3002 2994 2991 2992 3001 2987 2991 2998 3004 3005 2996 3027 3049 3063 3073 3076 3072 3074 3081 3082 3100 3083 3092 3077 3083 3088 3086 3094 3088 3086 3091 3076 3097 3067 3081 3082 3089 3072 3062 3043 3029 3027 3016 3007 3003 3010 3010 2988 2998 3003 2992 2995 3010 3012 3008 3010 3016 2998 3010 3008 3006 2999
2996 2994 2979 3005 2988 2991 2980 2980 3000 2995 2994 3005 2996 3022 3044 3041 3061 3076 3063 3072 3076 3069 3088 3086 3089 3100 3089 3092 3085 3080 3094 3082 3084 3088 3082 3090 3098 3072 3071 3065 3074 3042 3032 3014 3022 3000 3007 2994 3007 3000 3001 3000 3000 2991 2993 3012 3012 3006 2994 3001 3009 3013 3007 2994
3000 2987 2981 2990 2993 2985 2980 2994 2985 2987 3004 3008 3012 3010 3021 3058 3067 3075 3063 3074 3069 3081 3078 3081 3088 3094 3086 3095 3093 3077 3100 3089 3090 3096 3102 3089 3084 3075 3076 3070 3062 3054 3027 3014 3003 3002 2993 2994 3005 2999 3016 3002 3012 3013 3005 3005 3002 3001 3007 3002 3010 3020 2998 3013
3000 2991 2987 2984 2984 2973 2977 2979 2979 2991 3008 2999 2998 3011 3024 3024 3052 3063 3067 3065 3069 3077 3085 3079 3086 3082 3090 3089 3083 3085 3094 3088 3104 3100 3094 3100 3081 3081 3078 3071 3056 3042 3015 3004 2996 2998 3006 3010 3005 3005 3004 3005 3012 3012 3008 3004 3008 2993 3000 3002 3013 3004 3016 3015
2983 2989 2997 2990 3013 2986 2999 2980 2975 2986 3003 2995 3001 3000 3004 3027 3033 3052 3061 3069 3092 3087 3088 3077 3092 3100 3098 3107 3106 3092 3090 3093 3097 3099 3075 3094 3087 3067 3077 3069 3052 3039 3020 3001 3001 2991 2991 3012 3001 3000 3002 3001 3002 3008 3011 3000 3005 3007 3005 3012 3012 3004 3015 2996
2994 2989 3000 3003 3000 2992 2997 3000 2978 2996 2993 2996 3006 3015 2995 2999 3030 3037 3061 3070 3087 3079 3079 3085 3088 3088 3093 3099 3087 3088 3085 3079 3083 3079 3086 3098 3090 3071 3063 3084 3047 3026 3016 3013 2991 3013 3006 3008 3008 3003 2995 3011 3008 3015 3012 2996 3008 3007 3010 3010 3013 3008 3001 3002
2986 2994 3008 3010 2996 2994 2989 2990 2989 2994 3000 2992 2988 3002 2985 3001 3003 3030 3048 3064 3074 3085 3089 3092 3092 3087 3093 3076 3086 3083 3076 3087 3083 3090 3092 3074 3078 3073 3074 3067 3047 3025 3018 2993 3004 2992 2987 3008 2998 3017 3003 3006 3000 3014 3002 3018 3029 3029 3029 3024 3019 3003 3012 3013
2992 3001 2989 2987 2976 2982 2988 2984 2991 2986 2980 2980 2984 2994 2995 3002 3004 3015 3026 3058 3050 3078 3089 3090 3092 3089 3092 3080 3090 3080 3086 3087 3076 3077 3086 3084 3063 3085 3070 3071 3044 3017 3016 3006 2997 2986 2992 3014 3012 3011 3019 3017 3014 2998 3005 3018 3037 3043 3030 3032 3018 3006 3006 3017
3001 2996 2989 2988 2979 2986 2998 2984 2986 2991 2991 3002 3013 3003 2995 2990 3001 3016 3017 3050 3070 3083 3081 3092 3090 3080 3076 3083 3074 3094 3075 3078 3080 3083 3085 3075 3073 3078 3077 3075 3043 3027 3008 3014 3004 3003 3022 3011 3021 3011 3018 3017 3014 3000 3012 3000 3033 3049 3022 3031 3028 3022 3016 3006
2990 2994 2998 2999 2983 2980 2988 2999 2984 2999 2987 3000 2999 3010 2994 2992 3009 3013 3015 3034 3060 3066 3097 3084 3077 3094 3079 3080 3078 3094 3080 3070 3078 3090 3073 3079 3073 3056 3075 3073 3045 3046 3018 2998 3003 3005 3011 3019 3011 3005 3018 3015 3007 2996 2998 3002 3028 3037 3048 3039 3036 3024 3016 3028
3001 2987 2980 2986 2989 2979 2983 2974 2988 2996 2997 3005 3010 3010 3001 3005 2992 3005 3003 3029 3039 3065 3081 3069 3083 3087 3094 3083 3085 3079 3071 3085 3080 3069 3084 3082 3070 3062 3070 3074 3050 3037 3019 3012 3001 3012 3015 3012 3011 3000 3007 3012 3024 3002 2995 3003 3032 3034 3038 3021 3017 3023 3028 3015
2992 2994 2983 2986 2971 2994 2990 2986 3007 2993 2998 2991 3011 2998 3004 3002 2981 3007 3006 3020 3039 3073 3070 3071 3086 3074 3082 3083 3079 3085 3077 3077 3070 3059 3077 3075 3060 3073 3071 3092 3057 3038 3020 3023 3004 2998 2994 2991 2990 2986 3012 3008 3001 3000 2997 2998 3024 3033 3036 3037 3015 3018 3013 3014
2995 2997 2990 3001 2992 2991 2990 2999 3002 2998 2993 2998 3007 2996 2997 2991 2991 2988 3007 3033 3045 3055 3079 3068 3074 3075 3096 3083 3078 3075 3084 3076 3076 3093 3069 3085 3086 3084 3074 3075 3048 3039 3014 3006 3014 3010 3009 3009 2989 3001 3019 3007 3012 3006 3004 3001 3020 3032 3027 3036 3020 3012 3011 3019
2985 2990 3006 2995 3002 3002 2997 2991 2995 3019 2997 3009 3002 2997 2999 3002 3001 3002 3000 3023 3039 3062 3068 3075 3083 3082 3082 3088 3079 3083 3090 3096 3085 3085 3087 3082 3079 3089 3076 3078 3053 3038 3017 2996 3006 3001 2987 3008 2997 2987 3015 3015 3006 3019 2994 3000 3001 3016 3028 3030 3039 3024 3014 3014
2989 2993 2991 3001 3001 3006 3007 2995 3002 3011 3008 3002 2996 2988 3008 2999 2993 2990 3006 3040 3060 3060 3073 3082 3084 3080 3079 3078 3081 3078 3089 3076 3100 3094 3084 3084 3080 3095 3076 3070 3051 3035 3034 3004 3007 3001 3007 3002 3007 3003 3006 3009 3009 3026 3009 2994 3006 3004 3017 3019 3025 3008 3014 3011
2988 2992 2980 2998 3000 3008 3015 3011 3010 2994 3006 2999 2998 3015 2998 3016 3003 3016 3019 3017 3045 3058 3077 3076 3084 3083 3086 3089 3094 3084 3095 3085 3087 3098 3102 3083 3088 3077 3088 3078 3066 3053 3021 3017 3027 3014 3010 2987 3008 3005 3003 2999 2994 3014 3000 2987 3008 3017 3012 3020 3014 3008 3020 3023
2993 2987 2991 2990 2995 3009 3000 3006 2996 3007 2992 2998 2992 2990 2993 3008 3000 3018 3020 3029 3061 3081 3074 3082 3079 3081 3096 3090 3088 3085 3078 3086 3081 3087 3086 3093 3091 3082 3070 3081 3060 3063 3055 3029 3030 3019 3009 2998 2996 3019 3010 3006 2994 3011 3008 3001 3016 3015 3003 3017 3015 3006 3014 3010
2988 3002 2991 2999 3007 2999 2994 2998 2988 2999 2990 2988 2999 3002 2996 3002 3021 3015 3029 3061 3074 3070 3089 3078 3081 3078 3088 3085 3089 3085 3091 3090 3079 3088 3090 3086 3079 3082 3074 3077 3091 3069 3047 3036 3031 3031 3008 3003 3002 3005 3009 3001 3012 2994 3020 3004 2997 3006 3000 2998 3021 3019 3020 3008
2991 2997 2984 3001 2998 3001 3001 3000 3002 3010 3002 2999 3004 3009 3005 3008 3029 3030 3041 3061 3083 3076 3082 3078 3078 3070 3085 3083 3079 3084 3087 3084 3086 3082 3087 3084 3080 3077 3082 3084 3076 3081 3058 3054 3053 3036 3041 3021 3032 3031 3032 3013 3020 3013 3019 3029 3024 3017 3021 3021 3027 3024 3011 3026
2999 3002 2995 3015 3010 3001 2999 3005 3002 3008 3028 3021 3018 3012 3022 3039 3047 3049 3055 3078 3087 3086 3093 3087 3069 3069 3086 3081 3068 3060 3088 3078 3079 3078 3081 3069 3064 3063 3075 3072 3066 3076 3077 3079 3061 3043 3053 3041 3043 3039 3036 3035 3029 3034 3031 3030 3027 3022 3028 3028 3035 3046 3027 3010
3000 3007 3014 3015 3020 3007 3014 2998 3021 3020 3035 3030 3027 3026 3033 3041 3037 3056 3045 3074 3068 3071 3073 3074 3078 3083 3074 3082 3075 3081 3083 3078 3076 3081 3077 3075 3075 3077 3074 3078 3090 3083 3086 3073 3061 3055 3055 3058 3042 3040 3047 3053 3046 3053 3027 3031 3038 3040 3037 3044 3031 3030 3037 3022
2995 3008 3025 3022 3010 3000 2997 3005 3026 3025 3024 3027 3039 3040 3023 3047 3046 3057 3063 3063 3066 3066 3090 3083 3078 3092 3081 3084 3091 3080 3079 3085 3090 3077 3076 3071 3087 3087 3078 3089 3094 3096 3101 3086 3064 3064 3055 3049 3059 3045 3068 3056 3057 3075 3043 3048 3025 3050 3065 3055 3046 3046 3033 3048
3019 3009 3025 3029 3022 3015 3014 3034 3047 3047 3041 3043 3046 3056 3052 3055 3060 3057 3069 3078 3053 3081 3084 3073 3076 3078 3094 3087 3094 3084 3086 3087 3094 3091 3081 3080 3088 3094 3083 3089 3099 3088 3094 3072 3065 3064 3062 3075 3054 3057 3055 3069 3055 3052 3051 3044 3048 3054 3060 3057 3058 3066 3043 3047
3024 3019 3038 3032 3028 3022 3026 3028 3058 3039 3052 3043 3062 3059 3067 3065 3084 3071 3062 3072 3070 3074 3063 3076 3075 3077 3087 3085 3082 3088 3077 3092 3096 3087 3086 3092 3098 3089 3089 3099 3100 3088 3078 3084 3069 3061 3096 3080 3074 3047 3056 3070 3068 3061 3049 3046 3052 3069 3049 3071 3060 3082 3068 3053
3030 3033 3046 3058 3039 3040 3035 3043 3051 3063 3054 3057 3047 3069 3054 3058 3070 3080 3066 3071 3081 3065 3072 3064 3077 3086 3089 3094 3080 3097 3082 3081 3083 3091 3086 3087 3086 3082 3094 3083 3079 3074 3085 3078 3075 3054 3076 3070 3070 3058 3067 3072 3067 3075 3049 3054 3069 3072 3059 3067 3069 3075 3076 3064
3041 3052 3059 3053 3067 3069 3060 3046 3055 3046 3060 3072 3066 3057 3066 3052 3062 3082 3076 3075 3072 3073 3070 3067 3057 3066 3063 3081 3078 3083 3089 3098 3087 3091 3077 3100 3092 3092 3099 3082 3070 3071 3070 3072 3081 3071 3075 3081 3077 3064 3069 3067 3075 3063 3062 3053 3059 3062 3079 3073 3072 3080 3074 3073
3034 3053 3059 3064 3058 3057 3080 3060 3055 3057 3071 3072 3068 3070 3059 3060 3071 3071 3087 3065 3076 3067 3071 3071 3062 3072 3072 3081 3087 3077 3072 3074 3093 3080 3079 3092 3074 3090 3085 3075 3081 3077 3082 3078 3076 3054 3071 3070 3061 3091 3069 3076 3078 3067 3063 3079 3071 3050 3071 3068 3070 3066 3057 3058
3044 3055 3047 3056 3067 3069 3084 3077 3068 3078 3075 3078 3078 3070 3068 3061 3053 3074 3078 3076 3060 3056 3080 3067 3072 3064 3078 3076 3075 3077 3062 3068 3072 3074 3061 3063 3060 3080 3075 3079 3078 3085 3087 3083 3071 3061 3066 3085 3071 3067 3076 3074 3065 3056 3072 3060 3065 3066 3064 3074 3091 3072 3068 3049
3051 3045 3061 3052 3060 3059 3082 3064 3081 3058 3077 3076 3070 3070 3069 3083 3082 3077 3079 3081 3067 3066 3068 3068 3069 3083 3062 3071 3076 3062 3073 3064 3082 3072 3083 3071 3071 3075 3084 3072 3076 3075 3076 3063 3061 3069 3079 3075 3062 3066 3070 3084 3081 3090 3062 3064 3078 3072 3077 3072 3072 3073 3055 3053
3050 3043 3053 3054 3053 3054 3066 3069 3070 3071 3078 3071 3067 3071 3072 3078 3078 3073 3085 3075 3080 3070 3057 3060 3077 3071 3077 3068 3067 3063 3068 3070 3063 3081 3069 3073 3069 3076 3074 3083 3070 3072 3068 3063 3075 3070 3085 3073 3067 3082 3065 3079 3074 3077 3064 3061 3070 3075 3075 3058 3052 3041 3058 3076
