3083 3086 3090 3083 3075 3073 3071 3075 3079 3072 3063 3064 3067 3060 3051 3049 3048 3045 3041 3043 3048 3050 3052 3051 3047 3047 3049 3048 3045 3043 3044 3042 3040 3037 3035 3035 3037 3037 3034 3033 3037 3036 3029 3024 3022 3022 3025 3029 3035 3039 3036 3034 3037 3037 3028 3020 3021 3021 3021 3021 3016 3012 3017 3021
3070 3074 3078 3070 3062 3064 3066 3069 3072 3068 3062 3062 3062 3059 3056 3055 3056 3051 3044 3045 3049 3048 3044 3042 3042 3042 3042 3039 3034 3034 3040 3041 3039 3036 3034 3031 3028 3026 3027 3028 3032 3031 3024 3019 3020 3021 3025 3029 3031 3032 3030 3029 3032 3034 3027 3021 3019 3017 3018 3019 3023 3027 3023 3020
3056 3061 3065 3057 3048 3054 3061 3064 3065 3063 3061 3059 3058 3059 3060 3062 3063 3056 3046 3046 3051 3046 3036 3034 3037 3037 3034 3030 3023 3026 3035 3039 3038 3036 3033 3027 3018 3015 3020 3023 3026 3026 3019 3015 3017 3020 3025 3028 3027 3025 3024 3024 3028 3031 3026 3021 3017 3012 3014 3017 3029 3041 3030 3018
3056 3059 3063 3056 3048 3054 3061 3060 3058 3055 3053 3052 3052 3052 3053 3055 3058 3053 3046 3045 3047 3043 3035 3033 3032 3031 3030 3028 3024 3024 3027 3031 3037 3036 3029 3022 3016 3016 3023 3027 3025 3024 3024 3024 3022 3022 3025 3027 3028 3028 3025 3022 3021 3021 3021 3021 3021 3020 3019 3019 3026 3032 3025 3018
3055 3058 3060 3055 3049 3055 3061 3056 3050 3047 3045 3045 3046 3046 3045 3048 3052 3050 3045 3043 3042 3039 3035 3031 3027 3026 3027 3027 3026 3023 3018 3023 3036 3037 3025 3017 3014 3016 3027 3031 3024 3022 3029 3033 3028 3024 3025 3026 3030 3032 3026 3020 3014 3010 3015 3021 3025 3028 3025 3022 3022 3022 3019 3017
3061 3059 3058 3052 3045 3050 3055 3054 3052 3048 3043 3043 3043 3043 3042 3044 3046 3045 3043 3043 3044 3042 3039 3035 3031 3028 3025 3025 3027 3026 3022 3024 3030 3031 3026 3022 3021 3022 3027 3028 3023 3021 3027 3030 3026 3024 3024 3025 3028 3030 3030 3028 3019 3012 3017 3021 3023 3025 3027 3028 3023 3018 3019 3019
3066 3061 3056 3048 3040 3044 3049 3052 3054 3049 3042 3041 3040 3040 3039 3040 3040 3040 3040 3043 3046 3046 3043 3040 3036 3030 3023 3023 3027 3028 3027 3026 3025 3025 3027 3028 3028 3027 3026 3024 3021 3021 3024 3026 3025 3024 3023 3023 3025 3027 3033 3036 3025 3016 3019 3021 3021 3022 3028 3034 3024 3015 3018 3021
3025 3026 3027 3020 3014 3022 3030 3030 3028 3025 3021 3019 3017 3021 3026 3026 3026 3023 3019 3022 3027 3029 3028 3027 3025 3021 3016 3018 3024 3027 3028 3030 3035 3035 3030 3028 3030 3031 3033 3033 3030 3027 3025 3024 3024 3023 3021 3019 3021 3024 3030 3033 3024 3016 3016 3016 3019 3022 3024 3025 3019 3013 3018 3023
2979 2987 2995 2990 2985 2997 3010 3005 2999 2998 2998 2995 2992 3000 3011 3012 3010 3004 2996 2999 3006 3009 3011 3012 3012 3011 3008 3012 3021 3026 3028 3035 3047 3046 3032 3026 3030 3035 3042 3044 3039 3033 3026 3022 3023 3023 3018 3015 3018 3021 3026 3028 3022 3016 3012 3011 3017 3023 3019 3015 3013 3011 3018 3025
2971 2980 2988 2989 2990 2994 2997 2999 3000 3001 3001 2996 2989 2994 3002 3006 3009 3004 2996 3000 3009 3013 3015 3016 3015 3016 3017 3020 3025 3029 3033 3039 3045 3044 3034 3030 3033 3036 3040 3041 3036 3032 3028 3026 3028 3029 3025 3022 3022 3022 3026 3028 3027 3026 3020 3015 3018 3021 3016 3012 3012 3011 3019 3027
2968 2977 2985 2993 3001 2993 2985 2995 3006 3008 3008 3000 2990 2991 2995 3002 3010 3006 2999 3005 3016 3021 3023 3023 3021 3023 3028 3030 3029 3032 3039 3042 3042 3039 3035 3034 3035 3036 3037 3036 3032 3029 3030 3031 3034 3035 3034 3031 3027 3024 3026 3028 3034 3038 3028 3020 3020 3019 3014 3010 3011 3012 3021 3030
2974 2981 2988 2993 2998 2997 2995 2999 3003 3009 3015 3011 3005 3005 3006 3010 3014 3012 3007 3010 3016 3020 3022 3023 3022 3024 3026 3030 3035 3041 3047 3048 3043 3041 3042 3042 3043 3042 3042 3041 3039 3036 3034 3032 3033 3033 3032 3030 3028 3026 3026 3026 3027 3026 3019 3014 3019 3022 3016 3010 3011 3011 3020 3030
2982 2987 2993 2993 2992 3001 3010 3005 2998 3009 3022 3024 3023 3022 3021 3020 3020 3018 3015 3014 3015 3017 3019 3022 3023 3023 3022 3029 3042 3050 3056 3054 3045 3044 3049 3052 3051 3050 3049 3048 3048 3045 3038 3033 3031 3029 3027 3026 3028 3029 3027 3024 3017 3011 3007 3006 3017 3026 3018 3011 3010 3010 3019 3029
2990 2991 2992 2992 2992 2999 3007 3002 2996 3005 3017 3017 3015 3013 3011 3015 3021 3021 3020 3020 3020 3023 3028 3028 3025 3025 3025 3032 3044 3053 3059 3059 3054 3052 3054 3056 3058 3058 3057 3057 3059 3056 3046 3038 3036 3033 3028 3024 3025 3025 3023 3021 3014 3009 3006 3005 3015 3023 3017 3011 3010 3009 3016 3022
2999 2994 2989 2991 2994 2996 2999 2997 2994 3001 3009 3006 3000 2997 2996 3007 3021 3024 3024 3025 3026 3032 3039 3036 3027 3026 3030 3037 3045 3053 3061 3064 3064 3063 3059 3060 3064 3067 3066 3067 3070 3067 3054 3045 3043 3040 3030 3023 3021 3020 3019 3017 3014 3010 3008 3006 3013 3018 3015 3012 3010 3008 3011 3014
3008 3006 3004 3001 2998 3001 3005 3005 3004 3005 3005 3005 3003 3001 2999 3007 3019 3021 3020 3024 3031 3035 3039 3037 3031 3030 3033 3040 3050 3059 3069 3074 3076 3075 3071 3071 3074 3077 3080 3080 3077 3073 3067 3061 3052 3043 3035 3029 3026 3023 3019 3016 3014 3012 3009 3008 3012 3016 3014 3012 3010 3009 3015 3021
3018 3021 3025 3014 3003 3008 3014 3017 3019 3011 3003 3006 3012 3011 3008 3011 3016 3016 3013 3022 3034 3037 3036 3035 3035 3035 3036 3044 3056 3067 3079 3085 3088 3088 3085 3084 3085 3088 3094 3094 3084 3079 3082 3079 3060 3046 3041 3037 3033 3029 3021 3015 3015 3014 3011 3009 3013 3016 3014 3013 3011 3009 3021 3032
3015 3018 3020 3016 3011 3010 3010 3014 3019 3015 3009 3011 3015 3014 3012 3013 3015 3015 3016 3024 3036 3037 3033 3033 3035 3037 3039 3048 3062 3074 3086 3091 3091 3091 3089 3088 3089 3092 3097 3098 3092 3089 3092 3088 3069 3054 3046 3039 3034 3028 3022 3017 3015 3014 3012 3011 3014 3016 3015 3013 3014 3015 3023 3031
3009 3008 3007 3014 3021 3011 3001 3007 3014 3017 3019 3017 3015 3015 3016 3015 3014 3017 3021 3028 3037 3036 3031 3031 3035 3039 3043 3053 3068 3081 3091 3095 3092 3091 3089 3089 3091 3093 3095 3098 3100 3102 3100 3094 3078 3063 3051 3040 3031 3024 3022 3019 3015 3013 3013 3014 3015 3016 3015 3014 3018 3022 3023 3025
3006 3008 3010 3016 3022 3012 3001 3006 3013 3016 3018 3015 3011 3012 3015 3014 3013 3016 3021 3030 3041 3040 3033 3034 3038 3044 3050 3060 3072 3082 3090 3093 3092 3092 3095 3095 3092 3093 3097 3100 3100 3100 3100 3097 3085 3073 3060 3047 3036 3026 3020 3016 3016 3016 3014 3012 3015 3017 3017 3018 3019 3021 3022 3024
3005 3012 3020 3019 3019 3012 3005 3008 3013 3013 3014 3010 3005 3008 3012 3012 3010 3014 3019 3031 3045 3045 3037 3038 3043 3050 3059 3067 3076 3082 3087 3089 3090 3094 3103 3103 3094 3092 3100 3103 3095 3092 3096 3098 3092 3084 3071 3058 3043 3030 3018 3010 3017 3021 3014 3008 3014 3019 3021 3022 3019 3016 3020 3025
3011 3015 3019 3017 3015 3011 3007 3010 3015 3013 3010 3009 3008 3008 3009 3009 3009 3013 3018 3030 3044 3045 3040 3043 3051 3060 3068 3074 3079 3083 3087 3088 3088 3092 3100 3102 3095 3094 3099 3099 3091 3087 3089 3090 3090 3085 3073 3060 3046 3033 3024 3016 3018 3019 3016 3013 3016 3019 3022 3025 3022 3018 3020 3021
3021 3017 3014 3012 3011 3009 3007 3013 3019 3014 3007 3011 3016 3012 3005 3006 3008 3012 3017 3027 3040 3043 3041 3048 3061 3071 3078 3082 3082 3085 3089 3090 3087 3088 3093 3096 3096 3096 3095 3093 3087 3083 3080 3079 3082 3081 3070 3058 3046 3036 3032 3028 3020 3015 3019 3022 3020 3018 3023 3027 3026 3025 3019 3014
3027 3022 3017 3016 3015 3013 3010 3014 3019 3014 3007 3010 3015 3011 3005 3007 3011 3014 3016 3026 3039 3045 3047 3056 3069 3077 3082 3084 3083 3085 3088 3089 3087 3089 3093 3096 3098 3097 3094 3091 3087 3084 3082 3081 3080 3078 3071 3062 3045 3032 3032 3029 3021 3014 3020 3024 3021 3018 3024 3029 3026 3023 3018 3013
3032 3028 3023 3024 3024 3020 3016 3016 3017 3013 3007 3008 3011 3009 3006 3009 3015 3015 3014 3025 3041 3050 3056 3065 3076 3080 3081 3082 3083 3084 3086 3087 3089 3093 3098 3100 3100 3098 3095 3092 3088 3087 3089 3088 3081 3075 3074 3068 3044 3026 3026 3026 3020 3017 3019 3022 3020 3019 3025 3030 3023 3016 3015 3014
3027 3025 3024 3025 3027 3023 3018 3018 3017 3013 3009 3011 3014 3013 3010 3012 3014 3013 3012 3021 3034 3047 3059 3070 3080 3083 3083 3084 3086 3087 3087 3089 3092 3095 3098 3099 3099 3098 3095 3092 3089 3088 3091 3090 3083 3078 3076 3068 3044 3025 3023 3021 3019 3017 3019 3020 3021 3022 3024 3025 3020 3015 3015 3015
3016 3018 3020 3023 3026 3023 3020 3019 3019 3016 3012 3016 3022 3021 3017 3014 3010 3009 3008 3014 3022 3038 3058 3072 3082 3086 3086 3088 3091 3091 3090 3092 3096 3097 3096 3096 3097 3097 3094 3092 3089 3087 3088 3088 3087 3085 3077 3065 3045 3028 3021 3016 3017 3017 3017 3018 3023 3027 3022 3017 3017 3016 3016 3016
3012 3015 3017 3021 3024 3021 3017 3017 3018 3016 3015 3018 3022 3020 3017 3014 3012 3010 3007 3014 3023 3041 3061 3075 3085 3089 3090 3091 3092 3092 3092 3094 3097 3098 3097 3096 3096 3095 3094 3092 3089 3087 3088 3088 3090 3087 3075 3061 3042 3026 3021 3017 3017 3017 3016 3017 3022 3026 3020 3015 3015 3016 3017 3017
3014 3015 3016 3019 3021 3017 3012 3012 3014 3016 3019 3018 3016 3014 3012 3014 3018 3015 3008 3018 3034 3051 3068 3080 3089 3093 3093 3092 3090 3091 3094 3096 3097 3098 3099 3099 3095 3093 3094 3093 3090 3088 3090 3091 3090 3085 3071 3055 3036 3021 3022 3022 3019 3017 3015 3014 3017 3020 3019 3018 3016 3014 3016 3018
3017 3016 3014 3018 3022 3018 3013 3013 3014 3015 3016 3014 3011 3011 3012 3016 3021 3017 3010 3018 3033 3051 3070 3081 3088 3092 3093 3091 3087 3087 3091 3093 3095 3097 3101 3100 3096 3094 3094 3093 3091 3090 3090 3089 3087 3081 3067 3052 3032 3018 3023 3025 3022 3018 3016 3013 3014 3014 3016 3017 3018 3018 3018 3018
3020 3016 3012 3019 3026 3023 3019 3018 3018 3013 3008 3007 3006 3010 3015 3019 3022 3018 3012 3016 3024 3043 3068 3079 3083 3087 3089 3088 3083 3082 3084 3088 3092 3096 3100 3102 3099 3096 3094 3093 3093 3092 3087 3083 3081 3076 3064 3050 3031 3017 3023 3027 3024 3021 3017 3013 3010 3008 3011 3014 3021 3027 3022 3017
3020 3016 3012 3018 3024 3022 3020 3018 3016 3010 3004 3005 3008 3010 3013 3017 3021 3019 3014 3016 3019 3038 3062 3074 3080 3083 3086 3086 3084 3083 3083 3085 3090 3095 3099 3100 3097 3095 3093 3093 3095 3094 3088 3083 3081 3076 3063 3048 3032 3020 3024 3027 3026 3024 3019 3015 3011 3008 3013 3017 3023 3029 3023 3018
3019 3017 3015 3015 3016 3016 3016 3013 3009 3006 3003 3008 3015 3012 3006 3011 3020 3019 3015 3017 3021 3035 3053 3066 3077 3082 3084 3086 3090 3089 3086 3087 3090 3094 3097 3096 3091 3089 3091 3093 3097 3097 3091 3088 3088 3082 3064 3047 3036 3027 3026 3025 3027 3027 3022 3018 3016 3015 3021 3026 3025 3023 3021 3019
3015 3015 3015 3012 3009 3012 3015 3012 3008 3006 3005 3011 3018 3015 3008 3012 3018 3019 3018 3019 3022 3032 3044 3058 3072 3079 3082 3086 3092 3093 3089 3089 3092 3094 3097 3096 3091 3089 3093 3097 3099 3099 3094 3091 3090 3084 3063 3046 3039 3032 3028 3025 3028 3030 3026 3022 3021 3021 3023 3025 3022 3019 3021 3023
3010 3010 3010 3008 3005 3010 3015 3016 3016 3012 3008 3012 3017 3020 3021 3019 3016 3018 3022 3023 3023 3028 3035 3049 3065 3075 3081 3087 3091 3093 3091 3092 3094 3097 3099 3100 3097 3097 3101 3103 3102 3100 3096 3092 3088 3079 3061 3047 3041 3035 3031 3027 3030 3032 3029 3027 3027 3027 3020 3014 3016 3018 3024 3030
3009 3007 3006 3006 3005 3009 3014 3016 3018 3014 3009 3011 3014 3019 3025 3022 3016 3018 3022 3023 3022 3024 3028 3040 3056 3069 3079 3085 3087 3089 3091 3093 3095 3097 3099 3099 3099 3100 3103 3104 3101 3098 3096 3092 3086 3076 3061 3047 3041 3036 3032 3029 3031 3033 3031 3029 3030 3030 3020 3011 3014 3018 3024 3030
3012 3007 3002 3005 3009 3009 3010 3012 3015 3011 3007 3007 3008 3013 3018 3019 3018 3018 3018 3018 3019 3020 3022 3031 3044 3059 3075 3081 3079 3082 3088 3092 3094 3095 3095 3094 3095 3096 3098 3099 3095 3093 3093 3091 3083 3074 3061 3049 3041 3034 3031 3029 3031 3033 3031 3030 3030 3030 3023 3017 3018 3018 3020 3021
3013 3007 3000 3006 3012 3011 3009 3010 3010 3009 3008 3008 3008 3011 3016 3017 3016 3015 3014 3015 3017 3018 3019 3025 3035 3050 3069 3076 3075 3079 3087 3092 3094 3095 3095 3094 3094 3095 3097 3097 3094 3091 3090 3088 3081 3073 3061 3049 3042 3035 3034 3033 3035 3036 3033 3031 3029 3027 3023 3019 3020 3021 3017 3014
3012 3007 3001 3008 3014 3014 3014 3010 3005 3008 3012 3014 3015 3017 3018 3015 3011 3010 3010 3014 3019 3020 3020 3023 3028 3041 3060 3071 3076 3081 3086 3091 3094 3097 3100 3101 3099 3099 3101 3100 3097 3092 3088 3083 3078 3071 3059 3049 3045 3041 3042 3042 3043 3042 3039 3035 3027 3021 3019 3017 3021 3024 3017 3009
3010 3007 3004 3009 3014 3015 3015 3009 3002 3005 3010 3016 3021 3020 3018 3014 3010 3010 3011 3014 3018 3018 3018 3019 3021 3033 3052 3065 3076 3083 3087 3091 3094 3099 3103 3104 3101 3099 3100 3100 3098 3094 3086 3079 3074 3067 3056 3048 3048 3047 3048 3048 3046 3044 3040 3035 3026 3018 3016 3015 3020 3024 3017 3009
3009 3010 3010 3010 3009 3010 3011 3007 3003 3001 2999 3010 3024 3021 3015 3014 3015 3018 3020 3017 3012 3011 3011 3012 3014 3026 3045 3060 3073 3082 3088 3092 3095 3098 3102 3102 3097 3095 3094 3095 3096 3095 3086 3078 3067 3058 3051 3047 3051 3053 3052 3049 3043 3037 3033 3030 3025 3019 3016 3013 3015 3017 3018 3018
3006 3009 3013 3010 3006 3007 3008 3006 3004 2999 2994 3007 3022 3020 3013 3014 3016 3019 3022 3017 3008 3005 3006 3008 3011 3022 3039 3056 3072 3083 3089 3093 3096 3098 3100 3098 3094 3091 3090 3090 3093 3092 3085 3075 3060 3048 3044 3042 3046 3048 3048 3046 3037 3029 3026 3024 3023 3021 3017 3013 3013 3014 3018 3022
2999 3004 3009 3008 3006 3006 3007 3005 3004 3002 3000 3006 3014 3014 3014 3012 3009 3010 3012 3010 3006 3005 3004 3009 3018 3027 3038 3055 3077 3088 3091 3094 3098 3099 3097 3095 3091 3089 3087 3086 3087 3085 3080 3070 3053 3039 3033 3028 3026 3025 3031 3033 3025 3018 3018 3017 3020 3022 3019 3015 3016 3017 3016 3015
2996 3001 3006 3005 3005 3006 3006 3005 3004 3004 3004 3006 3008 3010 3013 3009 3004 3004 3005 3005 3004 3004 3003 3011 3022 3030 3036 3053 3080 3092 3092 3094 3099 3099 3095 3092 3091 3089 3087 3086 3085 3082 3077 3068 3049 3033 3026 3020 3014 3012 3019 3023 3017 3011 3011 3011 3016 3021 3020 3018 3018 3018 3015 3012
3000 3001 3002 3002 3001 3004 3008 3007 3006 3005 3004 3006 3009 3009 3009 3008 3007 3006 3006 3004 3002 3003 3006 3012 3021 3027 3033 3051 3079 3091 3091 3092 3097 3096 3092 3091 3094 3096 3094 3093 3091 3088 3081 3070 3051 3036 3029 3022 3019 3017 3018 3018 3015 3012 3008 3006 3011 3017 3020 3022 3020 3017 3017 3017
3005 3004 3003 3001 2999 3004 3008 3008 3008 3005 3003 3007 3011 3009 3006 3008 3011 3011 3010 3006 3001 3003 3009 3013 3018 3024 3031 3050 3078 3090 3089 3091 3095 3094 3090 3091 3097 3101 3100 3098 3096 3092 3083 3072 3056 3042 3032 3025 3024 3023 3020 3018 3017 3015 3009 3005 3010 3016 3021 3026 3022 3017 3020 3022
3013 3013 3013 3009 3004 3006 3008 3007 3006 3004 3003 3008 3014 3012 3008 3012 3018 3019 3019 3012 3004 3005 3011 3012 3010 3019 3034 3052 3074 3085 3089 3091 3094 3094 3092 3093 3099 3102 3103 3102 3098 3093 3084 3076 3066 3055 3040 3029 3031 3032 3030 3029 3027 3025 3020 3015 3019 3023 3026 3029 3026 3022 3025 3028
3017 3018 3019 3014 3008 3008 3008 3006 3004 3003 3003 3009 3016 3014 3010 3015 3022 3024 3024 3016 3007 3007 3012 3012 3009 3021 3041 3059 3073 3083 3087 3090 3093 3094 3093 3095 3100 3103 3103 3102 3098 3092 3086 3080 3075 3066 3049 3036 3040 3043 3041 3040 3039 3037 3031 3027 3029 3032 3033 3034 3032 3030 3033 3036
3006 3010 3013 3012 3011 3009 3008 3004 3001 3004 3008 3012 3016 3014 3012 3014 3017 3018 3018 3015 3010 3010 3012 3017 3024 3041 3063 3077 3085 3086 3084 3085 3091 3094 3093 3094 3098 3100 3096 3093 3091 3089 3088 3086 3081 3074 3062 3053 3057 3059 3055 3052 3054 3055 3047 3041 3044 3046 3045 3044 3044 3043 3047 3050
2997 3003 3009 3010 3011 3009 3008 3004 3000 3005 3011 3014 3017 3016 3014 3014 3015 3016 3016 3016 3016 3016 3017 3026 3040 3059 3082 3093 3094 3091 3083 3083 3090 3093 3091 3092 3096 3095 3089 3086 3087 3088 3090 3090 3085 3079 3071 3066 3069 3071 3065 3062 3066 3069 3061 3054 3056 3058 3055 3053 3054 3055 3058 3061
2995 3002 3008 3006 3003 3006 3009 3008 3007 3008 3009 3016 3024 3023 3019 3022 3026 3028 3029 3030 3030 3032 3036 3045 3058 3073 3089 3097 3099 3097 3092 3089 3088 3087 3087 3087 3089 3088 3084 3083 3089 3093 3091 3088 3080 3072 3067 3064 3066 3067 3066 3066 3068 3069 3066 3063 3063 3062 3060 3059 3059 3060 3061 3063
2996 3001 3006 3002 2998 3004 3009 3011 3012 3012 3011 3020 3031 3030 3027 3031 3036 3040 3042 3043 3043 3047 3053 3062 3072 3083 3093 3098 3100 3100 3098 3093 3086 3082 3084 3084 3084 3083 3080 3082 3091 3095 3091 3085 3075 3067 3064 3062 3063 3064 3067 3070 3070 3070 3070 3070 3068 3066 3064 3063 3064 3065 3064 3064
3005 3001 2998 3003 3009 3007 3004 3007 3010 3019 3028 3035 3043 3043 3042 3044 3047 3050 3053 3053 3052 3055 3059 3065 3071 3077 3081 3084 3085 3088 3092 3091 3084 3082 3085 3087 3089 3088 3084 3083 3085 3087 3086 3083 3075 3069 3065 3063 3062 3064 3069 3073 3071 3069 3069 3069 3070 3070 3065 3060 3064 3067 3065 3063
3012 3002 2992 3004 3018 3009 3000 3005 3012 3026 3042 3048 3053 3055 3055 3056 3058 3060 3063 3063 3061 3062 3065 3068 3071 3072 3072 3073 3073 3078 3087 3088 3081 3080 3084 3088 3091 3090 3086 3082 3080 3079 3081 3080 3074 3069 3066 3064 3063 3064 3070 3075 3071 3068 3068 3068 3070 3071 3064 3058 3064 3070 3067 3063
3007 3003 3000 3007 3014 3009 3004 3015 3027 3035 3043 3048 3053 3058 3063 3064 3065 3067 3069 3069 3067 3068 3069 3072 3077 3078 3076 3074 3073 3076 3082 3081 3072 3070 3075 3077 3076 3075 3076 3077 3078 3078 3076 3073 3069 3066 3067 3069 3068 3068 3069 3069 3065 3062 3063 3064 3066 3066 3060 3055 3064 3072 3067 3062
3003 3005 3008 3010 3013 3011 3009 3024 3042 3045 3045 3049 3054 3061 3068 3070 3071 3072 3074 3074 3073 3072 3071 3075 3082 3082 3078 3076 3074 3075 3078 3075 3066 3064 3069 3069 3064 3063 3068 3073 3076 3077 3072 3068 3065 3064 3069 3073 3073 3072 3069 3065 3061 3057 3059 3061 3061 3061 3057 3054 3063 3073 3068 3063
3009 3011 3013 3019 3027 3024 3020 3035 3051 3055 3056 3059 3061 3061 3061 3065 3070 3071 3070 3071 3073 3073 3071 3073 3076 3077 3077 3076 3074 3073 3071 3071 3073 3075 3078 3077 3072 3070 3073 3076 3078 3078 3075 3073 3071 3070 3072 3073 3073 3072 3072 3071 3067 3064 3063 3062 3058 3055 3058 3061 3066 3072 3073 3074
3015 3016 3017 3028 3039 3036 3031 3044 3059 3064 3067 3067 3067 3062 3056 3060 3069 3069 3067 3069 3073 3073 3071 3071 3071 3073 3075 3075 3075 3071 3066 3069 3079 3084 3085 3083 3078 3076 3078 3079 3078 3078 3077 3077 3077 3077 3075 3074 3072 3072 3075 3077 3073 3070 3067 3063 3057 3051 3059 3067 3069 3071 3077 3082
3015 3018 3021 3028 3034 3037 3039 3048 3059 3064 3068 3070 3070 3069 3066 3067 3068 3068 3068 3069 3071 3072 3073 3073 3074 3071 3067 3068 3074 3076 3075 3076 3079 3078 3075 3074 3075 3076 3076 3075 3072 3071 3073 3076 3079 3080 3077 3074 3072 3072 3076 3078 3071 3065 3066 3067 3065 3064 3065 3066 3066 3066 3072 3077
3015 3020 3025 3027 3030 3038 3046 3052 3058 3064 3070 3072 3073 3074 3076 3073 3067 3067 3069 3070 3070 3072 3074 3075 3076 3070 3059 3061 3073 3079 3082 3082 3079 3073 3066 3064 3071 3075 3074 3071 3066 3064 3069 3075 3081 3083 3078 3074 3073 3073 3077 3079 3069 3061 3065 3069 3073 3076 3071 3066 3064 3063 3067 3072
3022 3022 3021 3027 3034 3041 3049 3054 3058 3064 3070 3071 3071 3071 3072 3068 3063 3064 3067 3069 3070 3070 3070 3071 3074 3068 3059 3059 3067 3072 3075 3076 3077 3075 3070 3067 3066 3066 3068 3068 3066 3066 3071 3076 3081 3083 3077 3072 3072 3073 3077 3079 3073 3067 3064 3062 3066 3070 3072 3074 3072 3070 3073 3076
3029 3024 3018 3028 3037 3045 3051 3055 3059 3064 3070 3070 3069 3068 3067 3063 3059 3061 3066 3068 3070 3068 3066 3067 3071 3067 3058 3057 3061 3065 3068 3071 3076 3077 3074 3069 3060 3057 3061 3064 3065 3068 3073 3077 3082 3083 3076 3071 3072 3073 3076 3078 3077 3074 3064 3056 3060 3064 3073 3081 3079 3077 3078 3079
3028 3022 3017 3028 3041 3047 3052 3057 3061 3062 3064 3065 3065 3063 3061 3060 3060 3063 3067 3069 3071 3070 3068 3068 3068 3067 3064 3063 3061 3063 3067 3070 3070 3069 3068 3065 3060 3059 3063 3066 3066 3067 3069 3073 3081 3086 3082 3078 3077 3077 3075 3074 3077 3079 3072 3067 3069 3072 3071 3070 3068 3065 3070 3074
3027 3021 3015 3029 3044 3049 3054 3058 3062 3061 3058 3059 3061 3058 3055 3057 3060 3064 3069 3071 3072 3071 3070 3068 3066 3067 3071 3068 3062 3062 3067 3068 3064 3062 3062 3062 3061 3062 3066 3068 3067 3066 3065 3068 3081 3089 3087 3085 3083 3080 3074 3070 3077 3083 3080 3077 3079 3079 3069 3059 3056 3054 3062 3070
