3082 3085 3103 3080 3074 3060 3069 3073 3073 3064 3063 3060 3072 3061 3039 3047 3042 3058 3030 3042 3053 3046 3050 3045 3057 3056 3043 3049 3052 3040 3037 3036 3047 3024 3030 3042 3027 3033 3027 3027 3042 3025 3024 3017 3018 3016 3025 3025 3020 3047 3045 3045 3043 3032 3028 3018 3014 3022 3034 3024 3014 3005 3017 3031
3070 3076 3085 3072 3072 3052 3055 3071 3089 3066 3062 3067 3067 3057 3053 3058 3046 3055 3047 3053 3065 3033 3053 3046 3038 3039 3038 3043 3027 3043 3045 3043 3036 3039 3035 3032 3017 3016 3032 3026 3030 3024 3034 3014 3026 3027 3027 3036 3039 3034 3036 3041 3034 3025 3023 3006 3006 3023 3022 3020 3026 3033 3029 3015
3057 3060 3072 3065 3060 3048 3060 3065 3058 3062 3062 3059 3061 3059 3051 3063 3055 3060 3043 3056 3047 3040 3055 3027 3034 3046 3039 3029 3024 3036 3030 3045 3045 3038 3031 3033 3009 3020 3017 3031 3026 3025 3023 3012 3018 3008 3025 3024 3028 3036 3012 3010 3024 3024 3022 3031 3025 3016 3027 3015 3020 3035 3032 3015
3047 3068 3062 3047 3049 3053 3054 3063 3060 3057 3063 3048 3049 3052 3047 3047 3064 3058 3056 3055 3034 3044 3030 3032 3035 3030 3030 3042 3021 3021 3027 3028 3039 3040 3039 3018 3026 3014 3027 3045 3017 3025 3025 3018 3019 3019 3032 3030 3038 3030 3040 3030 3016 3014 3015 3019 3028 3018 3022 3019 3022 3036 3024 3007
3051 3057 3060 3050 3038 3058 3068 3050 3060 3056 3050 3047 3060 3041 3044 3048 3047 3055 3047 3040 3039 3044 3031 3025 3026 3025 3027 3011 3026 3024 3009 3032 3036 3043 3024 3011 3019 3016 3021 3024 3029 3024 3033 3042 3018 3025 3017 3031 3039 3038 3028 3020 3024 3014 3021 3013 3020 3026 3012 3020 3019 3024 3019 3026
3057 3055 3061 3055 3049 3053 3052 3060 3055 3043 3045 3044 3054 3036 3044 3058 3057 3057 3051 3043 3056 3046 3037 3041 3039 3028 3031 3008 3014 3024 3023 3021 3028 3021 3028 3020 3016 3026 3028 3031 3023 3023 3029 3017 3028 3024 3016 3019 3038 3028 3022 3031 3005 3014 3025 3031 3015 3013 3027 3020 3017 3019 3026 3020
3059 3057 3051 3042 3043 3046 3045 3036 3037 3058 3039 3033 3050 3042 3029 3049 3034 3037 3033 3034 3045 3038 3038 3033 3043 3027 3008 3022 3027 3031 3020 3016 3020 3031 3028 3024 3035 3029 3027 3016 3022 3028 3024 3049 3021 3025 3018 3032 3024 3031 3025 3046 3031 3029 3026 3016 3010 3016 3027 3039 3029 3013 3009 3017
3021 3018 3028 3024 3007 3020 3029 3025 3033 3029 3024 3021 3014 3022 3018 3026 3022 3026 3026 3022 3032 3034 3036 3018 3021 3017 3017 3025 3021 3028 3022 3036 3036 3030 3033 3022 3027 3037 3043 3046 3027 3040 3025 3019 3021 3020 3011 3010 3020 3017 3028 3036 3026 3013 3019 3009 3005 3022 3025 3026 3017 3013 3032 3025
2976 2990 2988 2991 2991 2999 3025 3011 2996 3002 2993 2994 2986 2997 3002 3002 2997 3006 2999 2998 3001 3015 3017 3011 3019 3013 3008 3016 3017 3022 3022 3030 3063 3050 3033 3022 3022 3039 3044 3044 3036 3033 3027 3018 3032 3019 3013 3014 3019 3016 3031 3027 3020 3014 3010 3010 3018 3037 3011 3014 3009 3015 3025 3023
2969 2996 2978 2998 2998 2988 2996 3000 3000 3008 3008 2998 2980 2993 3002 3011 3004 3012 3003 2998 3014 3023 3009 3011 3017 3017 3020 3015 3028 3030 3032 3037 3046 3035 3039 3038 3027 3019 3043 3044 3045 3025 3017 3025 3027 3030 3018 3018 3020 3021 3029 3030 3024 3015 3019 3011 3020 3034 3005 3013 3014 3006 3016 3028
2966 2976 2973 2997 3013 3000 2987 3002 3006 3019 2997 2990 2991 3003 3007 3011 3010 3009 3012 3006 3013 3022 3025 3021 3017 3030 3033 3028 3028 3031 3047 3036 3035 3043 3034 3026 3031 3040 3032 3034 3035 3026 3031 3026 3030 3030 3030 3030 3022 3030 3041 3022 3033 3042 3029 3015 3016 3021 3000 3012 2995 3011 3010 3024
2973 2980 2993 2998 2988 3005 2994 2996 3005 3011 3005 3018 3000 2999 3014 3005 3005 3006 3013 3015 3016 3021 3010 3026 3028 3023 3030 3027 3036 3029 3042 3048 3047 3045 3045 3040 3046 3039 3057 3037 3041 3028 3043 3037 3030 3032 3032 3030 3020 3022 3028 3018 3033 3018 3018 3015 3019 3021 3015 3013 3007 3010 3014 3017
2989 2986 2987 2987 2979 2998 3018 3009 2994 3009 3018 3018 3019 3027 3017 3014 3011 3019 3009 3013 3016 3029 3008 3014 3019 3027 3015 3033 3046 3034 3065 3068 3045 3031 3044 3063 3052 3058 3058 3047 3043 3052 3050 3038 3025 3030 3032 3018 3023 3033 3022 3024 3008 3004 3007 3007 3013 3018 3019 3021 3004 3004 3023 3029
2977 2999 2991 2982 2991 2999 3015 3008 2998 3002 3012 3021 3024 3008 3006 3025 3021 3030 3022 3025 3015 3014 3029 3031 3017 3020 3018 3028 3038 3051 3051 3064 3045 3051 3054 3050 3067 3064 3061 3049 3056 3057 3037 3032 3028 3028 3017 3024 3019 3029 3016 3027 3017 3012 3008 3004 3019 3020 3012 3006 3012 3006 3024 3006
2999 2999 2980 2997 2991 2991 3001 3008 3003 2999 2998 3016 3001 2988 2984 3011 3021 3020 3025 3019 3016 3029 3037 3030 3035 3028 3029 3038 3049 3053 3060 3067 3062 3073 3053 3062 3061 3064 3081 3075 3066 3070 3059 3045 3034 3040 3034 3028 3019 3035 3020 3022 3015 3005 3010 3017 3012 3014 3020 3014 3013 3000 3005 3023
3027 2991 3002 2996 2990 3002 2995 3002 3000 3005 2995 2988 2991 2990 3005 3009 3020 3034 3015 3012 3040 3024 3040 3038 3029 3038 3031 3031 3048 3062 3077 3069 3069 3074 3065 3077 3077 3070 3087 3077 3076 3076 3056 3057 3044 3038 3030 3036 3020 3014 3012 3007 3014 3013 3005 3014 3008 3015 3020 3016 3003 3004 3002 3029
3021 3015 3022 3006 2998 3005 3021 3010 3020 3012 3009 3002 3007 3009 3010 3005 3019 3006 3029 3024 3028 3039 3034 3033 3038 3031 3045 3037 3041 3074 3087 3086 3079 3079 3078 3078 3075 3094 3096 3089 3085 3074 3071 3096 3057 3047 3047 3040 3025 3027 3015 3015 3014 3005 2998 3003 3004 3024 3017 3018 3008 3016 3019 3032
3008 3009 3022 3014 3015 3010 3007 3003 3013 3013 3016 3015 3016 3020 3023 3012 3009 3013 3017 3036 3031 3042 3014 3034 3034 3039 3035 3046 3056 3084 3083 3075 3088 3091 3100 3090 3081 3075 3111 3094 3101 3096 3099 3082 3066 3067 3042 3040 3024 3031 3012 3017 3019 3020 3014 3017 3013 3012 3019 3016 3019 3022 3024 3029
3009 3007 3015 3010 3023 3017 3002 3016 3006 3007 3015 3009 3009 3021 3017 3025 3021 3017 3024 3022 3038 3033 3036 3025 3038 3039 3046 3058 3075 3079 3083 3088 3100 3091 3088 3080 3089 3086 3097 3101 3095 3100 3093 3092 3078 3058 3055 3038 3038 3016 3035 3022 3014 3022 3024 3013 3015 3025 3009 3005 3020 3021 3027 3024
3008 3004 3000 2997 3016 3013 2996 3001 3011 3027 3013 3010 3010 3018 3021 3014 3018 3014 3022 3037 3047 3046 3033 3037 3034 3041 3062 3058 3077 3074 3095 3084 3085 3103 3093 3085 3092 3093 3094 3098 3107 3110 3100 3112 3079 3076 3067 3040 3026 3030 3017 3016 3008 3011 3010 3002 3017 3017 3011 3008 3017 3020 3024 3004
3003 3010 3017 3034 3026 3003 3014 3003 3016 3016 3018 3009 3004 3007 3019 3022 3013 3013 3020 3035 3051 3031 3034 3041 3041 3059 3060 3071 3083 3077 3096 3090 3085 3093 3106 3093 3083 3090 3103 3101 3086 3091 3089 3107 3088 3084 3064 3059 3031 3014 3010 3009 3014 3024 3015 3010 3020 3025 3012 3018 3015 3023 3018 3032
3004 3014 3020 3002 3020 3009 3012 3000 3012 3016 3012 3005 3011 3011 3003 3011 3007 3015 3022 3032 3042 3036 3042 3044 3045 3050 3061 3086 3089 3076 3081 3089 3088 3091 3104 3097 3094 3094 3100 3101 3088 3076 3086 3096 3082 3097 3073 3057 3048 3030 3028 3015 3015 3020 3015 3022 3011 3017 3022 3021 3020 3023 3027 3020
3020 3010 3021 3015 3022 3011 3010 3020 3031 3017 3003 3003 3020 3008 3001 3010 3013 3023 3012 3026 3044 3033 3038 3046 3069 3065 3075 3079 3089 3075 3093 3088 3089 3087 3097 3095 3083 3101 3090 3095 3091 3091 3079 3080 3087 3080 3077 3053 3053 3028 3036 3032 3020 3024 3025 3019 3022 3022 3027 3023 3023 3028 3020 3008
3028 3022 3018 3009 3011 3009 2994 3031 3013 3008 3007 3019 3024 3017 3003 3001 3010 3013 3020 3023 3031 3040 3055 3056 3070 3075 3068 3079 3079 3082 3092 3082 3084 3083 3099 3088 3099 3094 3097 3093 3091 3093 3087 3082 3077 3072 3066 3061 3045 3027 3022 3037 3021 3009 3017 3031 3022 3016 3026 3025 3044 3032 3014 3019
3028 3034 3025 3024 3015 3023 3018 3016 3017 3013 2993 3013 3008 3023 2999 3012 3005 3017 3006 3021 3044 3043 3047 3058 3075 3082 3081 3093 3093 3078 3080 3088 3096 3096 3103 3102 3098 3096 3107 3101 3083 3097 3077 3093 3086 3075 3078 3060 3038 3029 3018 3024 3017 3009 3028 3030 3021 3015 3026 3028 3037 3023 3010 3007
3035 3037 3030 3019 3030 3016 3020 3013 3013 3016 3006 3006 3010 3011 3008 3013 3011 3015 3019 3020 3031 3046 3068 3057 3088 3091 3090 3082 3087 3082 3093 3085 3101 3106 3104 3105 3100 3113 3088 3086 3080 3091 3095 3082 3092 3073 3083 3069 3045 3020 3031 3015 3018 3024 3009 3016 3022 3026 3027 3031 3014 3021 3023 3025
3027 3022 3023 3026 3023 3012 3012 3010 3022 3024 3017 3004 3026 3021 3012 3006 3006 3006 3009 3017 3021 3037 3052 3074 3088 3073 3086 3091 3098 3092 3096 3089 3087 3105 3105 3090 3103 3103 3098 3100 3094 3091 3088 3088 3086 3091 3075 3081 3036 3028 3011 3014 3016 3021 3019 3009 3035 3032 3021 3020 3002 3014 2997 3011
3014 3015 3011 3016 3028 3020 3014 3021 3018 3022 3020 3019 3021 3012 3011 3012 3013 3008 3010 3012 3040 3039 3049 3069 3082 3094 3079 3095 3090 3098 3091 3104 3090 3094 3104 3099 3093 3096 3100 3091 3090 3084 3095 3083 3089 3080 3073 3063 3043 3024 3022 3017 3024 3020 3015 3024 3022 3027 3015 3015 3031 3017 3014 3008
3019 3013 3012 3023 3023 3022 3005 3019 3016 3006 3029 3027 3016 3011 3016 3007 3023 3007 3007 3021 3035 3060 3062 3089 3083 3096 3089 3087 3092 3087 3098 3096 3108 3098 3109 3098 3098 3093 3090 3092 3080 3091 3091 3096 3084 3083 3084 3055 3039 3036 3020 3032 3020 3008 3022 3014 3011 3017 3018 3017 3020 3009 3009 3027
3029 3022 3013 3018 3028 3004 3004 3011 3013 3018 3014 3007 3003 3015 3014 3013 3021 3019 3014 3037 3044 3047 3069 3075 3082 3099 3098 3080 3088 3084 3092 3101 3094 3101 3092 3094 3096 3102 3103 3090 3077 3086 3084 3092 3091 3086 3063 3038 3030 3005 3036 3027 3024 3018 3014 2999 3001 3009 3020 3019 3014 3016 3021 3008
3020 3021 3018 3010 3025 3028 3025 3023 3020 3021 3013 3005 3007 3015 3014 3013 3030 3018 3012 3011 3026 3051 3069 3080 3079 3077 3090 3072 3094 3089 3070 3094 3101 3107 3092 3103 3092 3095 3090 3087 3102 3092 3087 3078 3077 3081 3067 3048 3023 3026 3022 3029 3011 3029 3008 3011 3012 3001 3018 3015 3019 3036 3020 3010
3021 3021 3010 3014 3021 3023 3017 3030 3015 3007 3003 3003 3002 3007 3002 3021 3022 3015 3016 3015 3023 3033 3057 3075 3088 3093 3094 3082 3089 3085 3085 3080 3097 3093 3092 3108 3101 3098 3100 3079 3088 3088 3088 3084 3084 3080 3050 3050 3022 3018 3021 3030 3032 3033 3018 3023 3012 3012 3011 3021 3028 3023 3021 3013
3019 3015 3014 3012 3006 3015 3007 3009 3006 3007 3004 3013 3014 3021 3008 3009 3018 3013 3018 3024 3024 3033 3051 3064 3076 3077 3082 3089 3087 3084 3084 3091 3094 3085 3105 3097 3101 3088 3094 3091 3107 3089 3085 3091 3092 3078 3066 3048 3031 3028 3036 3019 3028 3026 3014 3026 3024 3016 3021 3022 3023 3028 3020 3020
3009 3014 3015 3002 3007 2990 3018 3017 3011 3008 2998 3016 3012 3025 3008 3011 3027 3015 3015 3020 3023 3029 3047 3067 3057 3071 3071 3088 3087 3079 3084 3090 3100 3099 3096 3093 3096 3097 3087 3089 3104 3091 3097 3095 3089 3075 3057 3054 3045 3032 3024 3027 3030 3037 3015 3019 3022 3022 3028 3017 3017 3021 3019 3030
3015 2997 3010 3009 2996 3005 3020 3014 3021 3008 3014 3023 3029 3021 3032 3020 3007 3025 3029 3030 3022 3028 3034 3046 3059 3076 3073 3086 3085 3095 3091 3095 3087 3092 3096 3094 3088 3113 3108 3093 3100 3104 3097 3084 3083 3084 3056 3038 3038 3032 3028 3034 3020 3034 3027 3031 3020 3033 3029 3009 3007 3026 3025 3031
3007 3013 3005 3003 3015 3012 3010 3017 3016 3024 3008 3011 3011 3019 3036 3018 3009 3012 3028 3018 3031 3009 3032 3040 3051 3054 3079 3095 3078 3086 3083 3086 3097 3091 3101 3100 3090 3098 3111 3102 3093 3081 3092 3093 3088 3074 3055 3053 3048 3040 3037 3033 3032 3034 3034 3025 3030 3029 3016 3001 3019 3023 3019 3039
3004 3009 2993 3002 3000 3003 3006 3001 3008 3010 3013 3005 3022 3021 3022 3020 3021 3014 3022 3007 3019 3028 3010 3045 3049 3062 3068 3076 3083 3076 3081 3094 3097 3090 3096 3093 3091 3086 3102 3091 3092 3094 3089 3093 3078 3077 3065 3042 3043 3029 3015 3026 3034 3023 3037 3027 3021 3039 3020 3015 3015 3027 3008 3016
3023 3002 2998 2995 3011 3024 3011 3006 3002 3008 3003 3003 3003 3013 3010 3013 3017 3032 3011 2994 3013 3013 3007 3027 3040 3042 3064 3062 3071 3079 3084 3080 3088 3101 3094 3095 3106 3100 3095 3104 3098 3082 3095 3082 3087 3063 3064 3037 3032 3037 3024 3035 3034 3036 3024 3015 3037 3028 3020 3028 3023 3012 3006 3013
3014 3004 2992 3009 3000 3009 3004 3004 3001 3014 3015 3020 3019 3011 3024 3025 3007 3000 3013 3007 3018 3018 3024 3025 3033 3042 3061 3076 3073 3074 3088 3080 3097 3102 3098 3102 3092 3106 3103 3101 3098 3090 3087 3090 3085 3074 3066 3064 3047 3033 3041 3038 3035 3034 3036 3033 3030 3022 3009 3005 3003 3020 3023 3013
3002 3003 3016 3026 3013 3011 3020 3008 3004 3006 3016 3019 3012 3026 3026 3002 3005 3004 3011 3017 3026 3012 3024 3022 3026 3043 3063 3073 3080 3065 3087 3096 3090 3089 3102 3105 3098 3092 3097 3100 3089 3092 3080 3076 3071 3063 3056 3037 3057 3053 3061 3056 3040 3040 3046 3029 3035 3019 3012 3016 3022 3020 3008 3009
3007 3014 3012 3007 3008 3012 3015 3010 3000 2991 3006 3009 3028 3024 3012 3012 3008 3005 3020 3028 3013 3016 3003 3014 3006 3030 3048 3072 3075 3086 3088 3099 3083 3104 3114 3096 3091 3091 3107 3105 3092 3092 3095 3080 3066 3059 3056 3042 3056 3039 3055 3048 3041 3046 3030 3018 3020 3015 3023 3018 3004 3012 3018 3007
3001 3017 3005 3013 3015 3004 3012 2995 3002 2999 2994 3005 3021 3021 3003 3012 3008 3025 3010 3012 3007 2999 3006 3007 3004 3015 3047 3063 3066 3085 3086 3096 3104 3090 3094 3096 3097 3086 3091 3082 3098 3094 3084 3075 3062 3050 3049 3042 3042 3055 3034 3045 3031 3033 3020 3029 3023 3014 3020 3002 3018 2996 3014 3017
2996 3007 3008 3009 3005 2998 3008 3002 2999 2999 3004 3008 3015 3009 3011 3018 3005 3014 3009 3005 3002 3007 3000 3014 3009 3022 3039 3062 3083 3080 3084 3091 3096 3101 3098 3090 3095 3081 3086 3083 3081 3083 3074 3071 3050 3035 3037 3015 3033 3024 3036 3035 3017 3024 3024 3002 3025 3014 3013 3019 3010 3013 3010 3007
2990 2985 2999 2996 3001 3013 3010 3003 3009 3006 2997 3009 3014 3010 3007 2999 3004 2999 3014 3004 3010 3000 3002 3011 3026 3028 3035 3054 3071 3096 3093 3106 3101 3091 3101 3089 3088 3085 3082 3081 3083 3073 3071 3069 3045 3030 3020 3020 3009 3009 3031 3030 3020 3011 3011 2999 3018 3019 3027 3012 3024 3025 3012 3013
3012 3005 2994 3001 2998 3005 3009 3005 3019 3003 2998 2992 2997 3014 3003 2999 3011 3011 3001 3007 3005 3013 3004 3006 3012 3031 3023 3058 3077 3099 3098 3100 3094 3084 3101 3081 3097 3102 3097 3081 3092 3092 3087 3074 3059 3038 3032 3026 3023 3014 3013 3028 3011 3000 3006 3003 3011 3019 3022 3025 3025 3014 3014 3019
3001 3008 3007 2996 2987 3020 3010 2998 3006 3006 2997 3003 3007 3007 3007 3011 3010 3010 3001 3007 2998 2997 3009 3013 3033 3021 3048 3047 3078 3093 3086 3089 3102 3090 3087 3090 3086 3107 3101 3098 3096 3085 3077 3072 3062 3035 3041 3026 3035 3030 3018 3016 3005 3015 3009 3005 3014 3012 3018 3035 3027 3024 3019 3027
3009 3011 3000 3017 2996 3017 3006 3003 3002 3005 3001 3004 3008 3017 3017 3010 3008 3019 3017 3010 3005 3006 3002 3007 3008 3007 3034 3049 3068 3069 3091 3089 3075 3096 3089 3081 3095 3101 3102 3103 3084 3089 3081 3076 3066 3056 3042 3021 3037 3035 3022 3027 3027 3014 3020 3008 3012 3024 3019 3023 3026 3030 3024 3013
3019 3024 3024 3014 3010 3012 3003 3010 3014 3003 3002 3019 3016 3012 3008 3020 3023 3027 3027 3012 3000 3010 3014 3023 3015 3024 3035 3058 3069 3089 3082 3090 3082 3098 3094 3091 3108 3105 3099 3106 3101 3095 3076 3077 3070 3066 3042 3026 3037 3031 3035 3033 3041 3043 3026 3032 3025 3030 3040 3043 3031 3032 3042 3029
2995 3007 3014 2993 3006 3010 2992 3007 3010 3008 3002 3014 3008 3014 3001 3020 3021 3020 3027 3014 3010 3016 3005 3016 3022 3044 3067 3071 3082 3080 3091 3093 3083 3091 3091 3084 3093 3103 3098 3094 3078 3083 3104 3085 3075 3071 3067 3048 3063 3069 3063 3050 3058 3051 3038 3033 3037 3043 3046 3030 3053 3040 3049 3032
2997 2998 3013 3003 3011 2997 2997 3007 2998 3016 3010 3015 3014 3009 3004 3016 3015 3025 3013 3018 3015 2996 3007 3021 3037 3051 3067 3094 3091 3085 3088 3075 3097 3101 3084 3101 3108 3094 3083 3078 3102 3078 3086 3093 3084 3071 3070 3066 3062 3076 3065 3066 3061 3078 3068 3056 3065 3049 3044 3063 3065 3056 3047 3059
2990 2994 3013 3006 3001 3005 3004 3002 3008 2999 3003 3014 3024 3024 3012 3020 3020 3026 3035 3021 3020 3042 3045 3059 3068 3064 3091 3087 3107 3098 3096 3085 3092 3090 3078 3076 3095 3080 3079 3078 3097 3108 3095 3094 3085 3067 3061 3064 3063 3065 3062 3056 3062 3068 3063 3064 3064 3059 3046 3058 3066 3069 3052 3058
2998 2993 3005 3000 2994 2999 3011 3009 3017 3019 3005 3028 3029 3035 3022 3030 3027 3039 3031 3037 3036 3038 3041 3061 3069 3084 3084 3084 3093 3107 3096 3092 3087 3090 3080 3090 3070 3086 3084 3074 3090 3092 3077 3083 3079 3079 3060 3060 3058 3057 3068 3053 3065 3068 3070 3080 3059 3063 3069 3058 3052 3064 3080 3069
3002 2997 2988 3010 3010 3006 3000 3013 3000 3013 3015 3019 3034 3050 3045 3041 3046 3047 3053 3046 3053 3064 3058 3062 3065 3080 3093 3079 3080 3087 3096 3081 3086 3068 3087 3085 3101 3090 3092 3094 3082 3086 3082 3080 3071 3067 3053 3058 3065 3065 3065 3079 3065 3073 3076 3077 3058 3066 3068 3063 3070 3072 3068 3071
3024 3004 3009 3008 3023 3010 2999 3003 3017 3027 3046 3047 3045 3047 3062 3055 3059 3062 3070 3058 3059 3067 3062 3068 3070 3068 3065 3065 3075 3066 3085 3086 3081 3075 3083 3074 3096 3094 3077 3076 3082 3078 3079 3071 3065 3068 3059 3055 3066 3057 3071 3075 3069 3061 3078 3075 3070 3069 3069 3070 3062 3077 3072 3069
3002 3012 3001 2999 3013 3007 3014 3003 3030 3026 3045 3042 3064 3064 3063 3069 3060 3067 3068 3068 3067 3072 3070 3075 3069 3089 3080 3068 3064 3068 3081 3072 3075 3078 3082 3082 3088 3082 3088 3072 3075 3069 3082 3084 3068 3066 3071 3075 3061 3065 3067 3069 3064 3060 3060 3069 3070 3069 3052 3055 3063 3077 3058 3076
3010 2995 3012 3012 3009 3010 2999 3033 3017 3052 3053 3040 3052 3050 3061 3068 3083 3077 3071 3075 3078 3073 3060 3061 3076 3081 3070 3082 3072 3084 3073 3075 3071 3065 3081 3080 3055 3063 3065 3080 3079 3074 3079 3067 3066 3069 3076 3071 3069 3078 3067 3050 3049 3055 3061 3053 3062 3053 3067 3062 3080 3054 3070 3063
3011 3017 3020 3022 3023 3021 3023 3037 3042 3064 3060 3055 3066 3067 3050 3072 3052 3064 3073 3069 3087 3076 3069 3080 3086 3078 3078 3069 3074 3074 3078 3072 3080 3081 3072 3071 3071 3059 3074 3084 3082 3077 3074 3068 3069 3063 3062 3075 3069 3071 3060 3074 3074 3066 3066 3059 3073 3054 3058 3061 3068 3086 3075 3078
3016 3008 3018 3034 3034 3042 3040 3037 3062 3065 3074 3081 3059 3051 3066 3054 3066 3071 3073 3074 3080 3072 3072 3076 3073 3066 3066 3070 3080 3066 3066 3062 3072 3086 3087 3082 3072 3074 3084 3083 3079 3090 3075 3082 3079 3075 3071 3078 3074 3051 3083 3079 3077 3065 3070 3066 3062 3052 3049 3077 3067 3068 3074 3077
3010 3029 3031 3014 3037 3032 3044 3045 3052 3061 3070 3061 3069 3075 3058 3062 3080 3062 3072 3071 3086 3066 3062 3071 3069 3069 3071 3073 3073 3076 3076 3077 3082 3082 3073 3072 3088 3079 3075 3069 3077 3062 3064 3074 3081 3079 3071 3068 3067 3071 3075 3074 3067 3065 3066 3066 3066 3059 3072 3066 3072 3069 3081 3072
3012 3023 3036 3020 3042 3031 3046 3048 3059 3069 3069 3078 3068 3068 3090 3066 3063 3067 3070 3058 3062 3063 3078 3061 3072 3070 3060 3060 3068 3082 3076 3086 3077 3055 3065 3062 3076 3075 3078 3079 3058 3059 3075 3077 3096 3083 3088 3069 3072 3078 3072 3080 3057 3058 3072 3052 3072 3083 3067 3070 3060 3066 3076 3069
3019 3019 3017 3029 3035 3038 3051 3048 3053 3059 3069 3071 3066 3076 3066 3065 3062 3060 3058 3060 3069 3058 3071 3075 3078 3049 3061 3056 3066 3080 3061 3073 3073 3073 3078 3065 3050 3061 3067 3073 3050 3073 3082 3084 3085 3090 3075 3072 3080 3077 3075 3078 3069 3064 3070 3063 3068 3073 3078 3058 3072 3062 3068 3076
3036 3019 3008 3018 3030 3044 3048 3055 3059 3066 3077 3074 3074 3071 3061 3061 3060 3057 3063 3071 3080 3061 3059 3068 3070 3063 3060 3047 3059 3065 3073 3069 3069 3088 3079 3070 3058 3051 3059 3072 3063 3061 3075 3071 3085 3075 3074 3067 3072 3080 3067 3073 3079 3066 3059 3053 3068 3053 3073 3073 3087 3074 3081 3076
3023 3018 3010 3024 3048 3041 3052 3049 3063 3063 3045 3060 3065 3061 3052 3059 3065 3064 3062 3060 3070 3059 3082 3062 3071 3066 3061 3058 3050 3064 3058 3085 3061 3061 3063 3053 3066 3054 3065 3069 3068 3066 3073 3066 3088 3095 3077 3077 3078 3071 3074 3067 3080 3083 3065 3065 3068 3079 3063 3077 3068 3066 3073 3083
3024 3018 3019 3037 3037 3060 3053 3051 3066 3063 3060 3059 3058 3043 3059 3059 3069 3060 3061 3062 3063 3063 3084 3059 3069 3057 3077 3067 3055 3060 3060 3065 3059 3065 3063 3076 3047 3063 3066 3070 3068 3058 3073 3075 3083 3090 3086 3088 3082 3067 3074 3062 3082 3086 3085 3082 3081 3075 3075 3060 3054 3063 3058 3062
