3083 3083 3078 3077 3068 3067 3071 3073 3084 3053 3060 3053 3065 3059 3052 3047 3039 3056 3037 3034 3053 3055 3042 3054 3036 3041 3042 3050 3060 3053 3041 3046 3039 3044 3029 3034 3048 3035 3044 3030 3035 3042 3019 3025 3017 3036 3030 3035 3028 3035 3028 3032 3032 3046 3034 3026 3020 3014 3016 3027 3009 3021 3004 3018
3075 3064 3069 3058 3068 3060 3072 3068 3066 3072 3076 3059 3062 3064 3051 3049 3061 3034 3048 3041 3046 3048 3032 3035 3042 3041 3044 3035 3036 3034 3038 3044 3034 3035 3024 3033 3017 3029 3020 3018 3035 3040 3024 3023 3013 3020 3018 3035 3029 3034 3028 3022 3042 3033 3022 3014 3008 3020 3016 3013 3021 3019 3023 3025
3051 3055 3066 3051 3062 3067 3071 3070 3054 3062 3059 3054 3058 3048 3065 3052 3061 3051 3046 3049 3048 3041 3043 3030 3038 3027 3035 3030 3013 3015 3034 3025 3039 3033 3031 3028 3015 3014 3025 3030 3011 3019 3014 3022 3014 3037 3030 3015 3026 3018 3026 3020 3018 3032 3040 3013 3009 3011 3012 3022 3038 3042 3045 3023
3046 3065 3052 3054 3051 3054 3065 3069 3056 3053 3056 3053 3050 3048 3046 3061 3058 3059 3040 3046 3051 3038 3033 3029 3034 3028 3030 3028 3023 3030 3029 3035 3035 3039 3030 3033 3016 3014 3019 3035 3023 3023 3030 3028 3020 3025 3025 3026 3040 3033 3033 3028 3037 3020 3019 3019 3011 3025 3031 3026 3019 3034 3019 3025
3048 3045 3061 3050 3049 3051 3064 3060 3040 3038 3048 3044 3041 3040 3038 3042 3048 3056 3051 3038 3048 3055 3034 3033 3023 3019 3029 3034 3025 3012 3016 3011 3037 3036 3014 3013 3017 3015 3022 3028 3022 3019 3035 3036 3028 3029 3019 3021 3017 3029 3023 3028 3012 3009 3031 3024 3021 3026 3023 3027 3020 3019 3020 3013
3067 3065 3054 3056 3057 3046 3062 3057 3047 3049 3048 3050 3054 3042 3053 3033 3048 3045 3048 3042 3051 3039 3039 3022 3037 3027 3026 3035 3034 3016 3018 3022 3031 3012 3025 3015 3008 3025 3028 3017 3015 3010 3022 3031 3017 3028 3020 3026 3024 3029 3022 3039 3033 3005 3013 3024 3023 3025 3024 3029 3022 3024 3016 3012
3072 3067 3048 3041 3037 3053 3058 3049 3040 3046 3043 3044 3041 3050 3033 3032 3034 3034 3038 3044 3054 3043 3042 3043 3027 3039 3031 3020 3030 3023 3027 3017 3027 3034 3022 3024 3044 3029 3036 3019 3010 3026 3023 3018 3020 3015 3024 3024 3026 3024 3035 3029 3017 3016 3017 3024 3024 3020 3034 3025 3027 3003 3022 3026
3016 3033 3018 3015 2998 3019 3028 3030 3036 3025 3019 3017 3022 3016 3030 3026 3019 3021 3018 3029 3035 3026 3019 3025 3023 3022 3020 3030 3032 3022 3027 3031 3040 3035 3031 3027 3040 3036 3031 3033 3020 3030 3022 3028 3020 3022 3020 3021 3013 3016 3021 3028 3022 3015 3023 3013 3016 3011 3027 3024 3010 3017 3015 3014
2981 2983 2998 2972 2982 2998 3014 3005 3000 2996 3004 2995 2983 3010 3014 3003 3015 2998 3001 3007 3004 3010 3016 3012 3017 3005 3008 3017 3028 3024 3031 3041 3049 3046 3035 3015 3024 3037 3048 3041 3044 3027 3018 3022 3014 3024 3015 3021 3014 3018 3023 3023 3022 3015 3011 3024 3007 3023 3017 3021 3012 3005 3023 3022
2965 2979 2983 2989 2978 2990 3004 2999 3001 2999 2992 2987 2986 3004 2999 2996 3016 3004 3011 3002 3003 3011 3009 3013 3005 3017 3008 3024 3027 3021 3032 3031 3057 3048 3038 3036 3039 3038 3042 3041 3044 3037 3031 3032 3035 3032 3020 3019 3025 3014 3028 3033 3024 3041 3017 3011 3022 3011 3026 3016 3011 3000 3022 3025
2967 2983 2977 2990 3014 2977 2993 2995 2998 3005 3014 2996 2987 2987 2999 3011 3018 3009 2998 3006 3020 3020 3026 3024 3027 3015 3021 3027 3030 3044 3031 3048 3037 3043 3039 3041 3033 3044 3029 3032 3033 3029 3027 3029 3040 3023 3028 3031 3037 3023 3023 3020 3021 3030 3020 3011 3010 3002 3017 3010 3020 3005 3018 3025
2976 2979 2991 2983 2994 3011 2996 2992 3005 3009 3024 2995 3001 3015 2995 3015 3008 3004 3018 3017 3014 3015 3017 3024 3027 3032 3020 3028 3029 3052 3036 3044 3036 3048 3041 3037 3036 3043 3040 3034 3038 3040 3028 3032 3027 3030 3037 3016 3016 3020 3026 3030 3037 3033 3020 3022 3022 3022 3013 3007 3009 3011 3021 3024
2989 2985 2989 2991 2985 3006 2997 2998 3001 3000 3015 3031 3023 3019 3037 3022 3020 3024 3016 3009 3017 3019 3013 3021 3025 3026 3009 3026 3041 3046 3050 3051 3056 3041 3040 3060 3052 3052 3055 3051 3059 3041 3042 3028 3037 3033 3020 3023 3031 3036 3034 3026 3010 3016 3008 3009 3011 3017 3013 3010 3005 3017 3016 3030
2992 2995 2998 2993 2996 3006 2998 3000 2995 3005 3006 3014 3010 3011 3004 3015 3024 3016 3026 3020 3018 3017 3033 3033 3031 3022 3026 3037 3039 3054 3066 3055 3055 3037 3057 3055 3063 3059 3045 3051 3055 3044 3045 3035 3036 3027 3024 3027 3027 3015 3023 3020 3007 3002 3002 3004 3013 3021 3014 3008 3006 3007 3014 3016
2997 2999 2996 2989 2987 2987 2990 2996 2995 3008 3011 3007 2995 2985 2986 3010 3018 3024 3017 3023 3027 3031 3026 3033 3014 3024 3032 3036 3053 3048 3062 3066 3070 3059 3053 3056 3049 3069 3075 3072 3069 3059 3054 3042 3047 3038 3037 3014 3008 3011 3032 3013 3013 3005 3003 3009 3027 3018 3003 3021 3009 3003 3003 3004
3004 3001 2993 3003 2997 2997 3008 2993 3008 3010 2997 3010 2999 2994 2993 3008 3012 3028 3020 3027 3024 3031 3042 3035 3039 3029 3029 3034 3057 3053 3064 3071 3080 3084 3083 3074 3077 3077 3070 3083 3073 3078 3066 3060 3056 3044 3032 3024 3010 3018 3019 3029 3007 3008 3001 3004 3009 3024 3010 3014 3005 3016 3012 3023
3015 3005 3031 3017 3006 2995 3006 3012 3011 3023 2994 3002 3018 3005 3000 3015 3019 3012 3012 3002 3026 3033 3034 3036 3041 3028 3037 3055 3062 3060 3090 3076 3092 3083 3072 3075 3084 3090 3089 3099 3085 3077 3085 3078 3064 3052 3038 3029 3037 3035 3023 3029 3017 3023 3012 3005 3015 3009 3029 3012 2998 3013 3025 3024
3014 3009 3018 3013 3006 3006 3007 3018 3022 3025 3013 3007 3010 3011 3017 3009 3017 3015 3012 3015 3045 3044 3028 3028 3030 3027 3046 3059 3062 3073 3073 3093 3094 3095 3087 3091 3082 3089 3093 3089 3082 3082 3092 3097 3063 3054 3048 3048 3031 3029 3018 3011 3011 2993 3020 3004 3019 3026 3027 3007 3015 3001 3019 3033
3020 3003 3006 3010 3024 3023 3003 3014 3012 3025 3018 3012 3027 3008 3009 3012 3022 3033 3011 3018 3045 3040 3017 3031 3027 3027 3041 3041 3067 3088 3092 3098 3090 3087 3099 3092 3090 3090 3092 3086 3095 3100 3101 3088 3071 3069 3048 3036 3019 3021 3021 3027 3020 3005 3022 3022 3030 3021 3019 3010 3022 3007 3022 3030
2995 3011 3008 3018 3018 3011 3000 3006 3012 3015 3009 3016 3020 3013 3012 3009 3024 3010 3026 3029 3032 3043 3030 3036 3032 3048 3051 3059 3068 3086 3096 3092 3095 3096 3085 3093 3088 3085 3091 3107 3095 3098 3093 3091 3090 3074 3059 3035 3031 3023 3015 3012 3009 3004 3014 3008 3007 3015 3012 3018 3030 3031 3013 3012
3003 3018 3031 3019 3008 3025 3019 3000 3020 3011 3010 3015 3004 3007 3015 3011 3011 3012 3011 3035 3054 3051 3035 3043 3051 3061 3054 3070 3078 3086 3084 3091 3086 3100 3099 3106 3093 3088 3099 3103 3094 3093 3107 3106 3082 3081 3059 3055 3045 3026 3008 3007 3017 3020 3023 3012 3014 3018 3019 3023 3024 3006 3025 3022
3011 3002 3018 3014 3003 3021 3006 3007 3008 3005 3008 3006 3010 3017 2999 3008 3010 3005 3023 3024 3029 3045 3036 3040 3059 3063 3066 3070 3069 3074 3091 3094 3093 3099 3095 3108 3098 3095 3104 3091 3085 3081 3097 3089 3099 3074 3072 3064 3041 3039 3023 3009 3017 3018 3019 2996 3029 3025 3020 3033 3030 3027 3024 3021
3013 3018 3018 3017 3012 3006 3008 3006 3016 3019 3006 3001 3020 3015 3003 3012 3013 3009 3013 3022 3027 3042 3036 3042 3048 3071 3082 3077 3089 3090 3091 3089 3097 3084 3096 3094 3094 3095 3097 3100 3088 3081 3079 3071 3095 3079 3078 3066 3046 3028 3030 3017 3015 3010 3029 3026 3019 3017 3018 3039 3032 3029 3023 3016
3026 3018 3017 3017 3019 3022 3005 3022 3023 3025 3012 3013 3016 3016 2999 3011 3013 2999 3016 3030 3028 3042 3035 3066 3070 3077 3065 3083 3073 3087 3094 3097 3081 3085 3085 3103 3099 3089 3095 3084 3093 3085 3083 3081 3074 3085 3072 3045 3047 3037 3021 3040 3028 3006 3024 3021 3031 3029 3020 3026 3027 3009 3018 3011
3038 3028 3039 3029 3027 3013 3019 3027 3013 3017 3005 3016 3010 3001 3010 3016 3019 3015 3014 3028 3035 3047 3060 3070 3076 3082 3072 3076 3071 3081 3090 3084 3084 3100 3102 3095 3098 3087 3086 3087 3081 3088 3083 3087 3080 3077 3083 3066 3041 3024 3023 3029 3022 3012 3011 3021 3009 3014 3034 3020 3028 3007 3026 3022
3015 3027 3023 3034 3029 3020 3020 3020 3020 3018 3005 3011 3008 3014 3014 3008 3010 3015 3011 3026 3036 3041 3054 3064 3075 3088 3093 3083 3094 3083 3098 3095 3090 3094 3094 3099 3105 3113 3095 3099 3087 3091 3076 3093 3088 3067 3076 3056 3029 3041 3016 3024 3015 3017 3024 3013 3031 3022 3011 3027 3019 3008 3005 3018
3029 3012 3020 3015 3022 3018 3024 3017 3012 3029 3015 3021 3018 3030 3013 3013 3016 3004 3008 3013 3028 3018 3062 3073 3084 3085 3084 3080 3097 3098 3093 3084 3100 3088 3101 3096 3107 3101 3099 3085 3091 3077 3088 3092 3080 3083 3064 3069 3047 3025 3017 3020 3024 3014 3015 3025 3021 3032 3021 3024 3013 3012 3023 2999
3009 3032 3036 3021 3036 3005 3003 3034 3018 3015 3020 3018 3024 3019 3012 3020 3009 3009 3008 3003 3018 3045 3051 3067 3090 3086 3090 3097 3092 3089 3103 3087 3104 3113 3101 3091 3087 3089 3089 3088 3095 3073 3085 3091 3090 3081 3082 3063 3049 3031 3018 3021 3017 3022 3013 3016 3028 3029 3015 3030 3013 3012 3012 3017
3017 3006 3017 3015 3017 3018 3010 3015 3019 3017 3021 3026 3021 3013 3020 3018 3034 3010 2998 3007 3039 3045 3079 3079 3079 3098 3096 3095 3088 3099 3093 3102 3100 3104 3088 3099 3097 3088 3092 3090 3088 3088 3080 3090 3081 3094 3072 3057 3028 3012 3019 3021 3020 3020 3011 3016 3001 3016 3013 3021 3012 3007 3017 3027
3018 3017 3002 3011 3032 3022 3025 3010 3013 3020 3018 3023 3015 3017 3008 3006 3018 3026 3000 3018 3038 3050 3061 3083 3085 3092 3093 3088 3098 3103 3080 3089 3085 3112 3097 3099 3098 3090 3094 3095 3091 3080 3097 3085 3092 3080 3066 3049 3025 3021 3027 3025 3018 3014 3010 3016 3025 3020 3029 3018 3020 3024 3032 3013
3015 3011 3003 3019 3023 3025 3029 3018 3028 3011 3003 2997 3000 3004 3015 3015 3014 3021 3007 3018 3023 3047 3072 3083 3095 3091 3090 3096 3072 3080 3095 3089 3086 3105 3091 3110 3108 3088 3093 3087 3097 3083 3088 3081 3078 3070 3070 3050 3015 3013 3025 3025 3014 3022 3008 3013 3027 3014 3012 3022 3021 3031 3030 3018
3015 3024 3019 3014 3030 3019 3028 3026 3011 3011 3008 3000 2999 3005 3012 3017 3016 3016 3007 3028 3007 3034 3063 3071 3076 3093 3097 3096 3090 3078 3097 3089 3087 3102 3099 3099 3090 3092 3101 3087 3081 3094 3082 3092 3083 3083 3061 3046 3031 3016 3015 3025 3032 3014 3016 3014 3001 3012 3013 3020 3015 3029 3030 3017
3017 3025 3011 3024 3012 3018 3017 3007 3010 3014 3003 3010 3011 3000 2997 3012 3006 3018 3014 3011 3022 3030 3055 3060 3088 3086 3090 3089 3098 3091 3083 3092 3092 3095 3097 3086 3096 3104 3084 3106 3097 3084 3089 3082 3097 3083 3065 3042 3041 3032 3035 3024 3022 3021 3021 3012 3012 3018 3017 3021 3030 3024 3014 3020
3020 3006 3021 3010 3006 3009 3016 3020 2999 3005 3012 3009 3022 3003 3002 3016 3021 3025 3005 3006 3016 3036 3042 3056 3068 3078 3071 3096 3095 3095 3084 3088 3089 3100 3095 3088 3098 3087 3079 3099 3102 3097 3103 3099 3090 3082 3061 3046 3039 3033 3026 3024 3031 3027 3030 3019 3025 3017 3014 3027 3017 3022 3022 3023
3008 3019 3002 3011 3006 3006 3021 3012 3021 3003 3012 3004 3015 3015 3029 3022 3017 3015 3018 3011 3029 3021 3042 3048 3057 3077 3088 3094 3090 3091 3082 3075 3093 3101 3098 3104 3096 3091 3100 3098 3103 3088 3096 3094 3089 3096 3064 3047 3047 3029 3021 3025 3026 3025 3034 3022 3044 3024 3019 3021 3034 3004 3024 3028
3005 3011 3003 3011 3006 3011 3004 3016 3019 3014 2997 3025 3018 3027 3026 3026 3025 3018 3018 3023 3024 3016 3032 3042 3053 3080 3066 3077 3081 3098 3078 3088 3102 3096 3093 3087 3103 3100 3106 3091 3104 3102 3096 3094 3081 3078 3070 3049 3045 3036 3037 3036 3022 3027 3030 3024 3027 3035 3011 3011 3007 3025 3019 3034
3023 3013 3013 3004 3008 3002 2997 3016 3027 3006 3014 3009 3004 3016 3010 3005 3018 3012 3017 3015 3010 3013 3019 3034 3042 3049 3072 3085 3083 3081 3073 3090 3090 3090 3102 3095 3102 3110 3106 3091 3085 3102 3086 3099 3089 3072 3053 3055 3041 3028 3035 3016 3037 3032 3030 3026 3035 3034 3028 3019 3015 3020 3035 3024
3000 3000 2995 3006 3003 3003 3016 3016 2997 3015 3006 3013 3018 3008 3020 3018 3020 3010 3017 3008 3017 3007 3018 3029 3028 3044 3079 3081 3076 3087 3081 3088 3092 3092 3091 3095 3101 3086 3109 3102 3083 3089 3086 3092 3080 3068 3054 3050 3035 3034 3040 3034 3026 3042 3039 3046 3036 3018 3028 3030 3012 3025 3010 3020
3024 3003 3001 3011 3013 3008 3015 3003 2998 2998 3013 3027 3020 3023 3024 3021 3007 3019 3014 3005 3030 3018 3025 3024 3036 3032 3058 3066 3073 3078 3084 3088 3099 3101 3098 3105 3090 3102 3092 3103 3096 3080 3075 3079 3069 3069 3058 3054 3049 3046 3046 3052 3047 3051 3036 3034 3029 3019 3005 3011 3026 3024 3024 3010
3011 3002 3010 3008 3026 3020 3005 3004 3001 3004 3016 3017 3022 3018 3024 3015 3006 3007 3009 3010 3012 3025 3005 3022 3018 3021 3052 3068 3072 3085 3086 3086 3091 3099 3083 3096 3098 3103 3101 3100 3099 3093 3087 3092 3077 3056 3043 3056 3056 3042 3043 3039 3052 3042 3039 3036 3033 3015 3010 3011 3024 3028 3016 3011
3009 3013 3007 3006 3005 3006 3015 3008 2994 3001 2995 3016 3024 3024 3022 3023 3022 3025 3004 3012 3005 3008 3020 2994 3011 3032 3044 3063 3077 3086 3083 3098 3083 3093 3105 3107 3100 3100 3098 3097 3089 3097 3090 3075 3054 3071 3044 3053 3050 3059 3056 3048 3034 3031 3039 3027 3013 3019 3015 3017 3022 3023 3006 3014
3009 2995 3009 3003 3008 3004 3001 3011 3005 2993 3003 3017 3023 3024 3016 3011 3023 3031 3023 3019 3005 3013 3006 3018 3006 3009 3035 3064 3078 3074 3090 3090 3094 3093 3102 3099 3099 3098 3091 3090 3089 3095 3097 3067 3063 3049 3043 3049 3057 3047 3038 3047 3030 3012 3022 3028 3022 3026 3014 3019 3018 3017 3021 3021
2998 2995 3004 3013 3019 3001 2995 3007 3010 2996 2990 3002 3001 3011 3016 3009 3012 3021 3001 3005 2999 3006 3018 3013 3017 3030 3022 3058 3085 3079 3100 3097 3103 3083 3096 3097 3085 3080 3086 3099 3084 3086 3075 3056 3053 3043 3029 3039 3028 3029 3034 3038 3019 3020 3019 3025 3017 3017 3027 3015 3011 3019 3008 3017
3001 2992 2998 3005 3013 2997 3006 3001 2998 3006 3008 3009 3004 3009 3010 3010 3003 2994 2997 2993 2991 2996 3013 3006 3024 3016 3026 3041 3083 3094 3095 3098 3097 3102 3101 3103 3083 3084 3086 3083 3087 3078 3069 3072 3050 3032 3016 3000 3014 3018 3029 3016 3011 3010 3003 3014 3008 3011 3009 3020 3007 3016 3014 3005
2997 3005 3009 2993 3002 3008 3005 3000 3010 3005 2999 3000 3007 3009 3012 3005 3007 3008 3009 2992 2998 3012 3010 3009 3016 3026 3032 3054 3079 3095 3097 3095 3093 3097 3089 3089 3100 3099 3091 3084 3089 3095 3082 3071 3052 3031 3042 3027 3021 3019 3024 3021 3022 3018 3014 3007 3008 3017 3020 3032 3019 3025 3023 3009
3010 3015 3010 2995 2998 3002 3011 3009 3007 3006 2990 3027 3012 3004 3011 3009 3005 3007 3009 3012 2993 3006 2996 3009 3017 3025 3035 3049 3080 3089 3092 3087 3094 3100 3101 3078 3085 3111 3103 3105 3095 3086 3087 3082 3053 3050 3036 3023 3010 3034 3018 3023 3014 3011 3003 3003 3005 3031 3022 3017 3037 3010 3017 3026
3011 3012 3013 3016 2996 2995 3006 3006 3003 3004 2997 3007 3018 3009 3014 3013 3018 3027 3024 3014 3002 3021 3014 3019 3007 3022 3040 3040 3080 3092 3089 3085 3101 3094 3092 3089 3090 3110 3106 3093 3088 3098 3079 3076 3057 3047 3030 3035 3026 3036 3024 3037 3027 3024 3014 3007 3016 3024 3033 3033 3029 3016 3026 3034
3025 3007 3018 3003 3008 3018 2997 3007 3007 3004 3006 3013 3006 3026 3020 3004 3019 3023 3021 3025 3014 3007 3010 3005 3005 3023 3035 3057 3076 3085 3082 3085 3088 3099 3099 3081 3090 3106 3098 3096 3111 3090 3091 3077 3079 3053 3045 3039 3037 3036 3040 3042 3037 3045 3030 3016 3034 3026 3040 3039 3024 3018 3029 3051
3006 3016 3018 3013 3011 3014 3009 2992 3009 3007 2991 3013 3027 3020 3007 3021 3018 3021 3018 3003 3017 3000 3007 3014 3027 3043 3064 3091 3079 3089 3092 3085 3093 3087 3092 3086 3107 3090 3099 3095 3104 3091 3089 3092 3085 3080 3067 3059 3061 3047 3055 3050 3055 3065 3050 3039 3047 3049 3044 3036 3039 3038 3039 3039
2992 3001 3012 3013 3021 3013 3011 3005 3002 3007 3011 3014 3018 3015 3017 3015 3012 3016 3021 3021 3013 3019 3015 3035 3042 3065 3064 3096 3092 3079 3082 3089 3090 3086 3091 3088 3109 3102 3099 3086 3092 3082 3093 3083 3093 3073 3083 3074 3072 3083 3067 3065 3064 3071 3060 3057 3053 3054 3049 3050 3058 3069 3057 3057
2986 2996 3001 3013 3008 3004 3017 2999 2997 3003 3002 3017 3030 3023 3016 3020 3021 3031 3028 3033 3023 3020 3018 3043 3052 3079 3091 3092 3104 3096 3085 3091 3095 3090 3089 3085 3084 3085 3085 3075 3103 3105 3085 3082 3078 3074 3064 3049 3052 3069 3056 3063 3076 3066 3064 3051 3062 3060 3069 3067 3062 3059 3057 3069
2992 2994 3003 3015 3006 3009 3021 3016 3018 3013 3012 3018 3038 3023 3025 3042 3043 3037 3043 3042 3037 3060 3041 3059 3082 3071 3082 3086 3103 3099 3108 3094 3075 3089 3077 3082 3085 3064 3080 3081 3097 3103 3087 3082 3080 3066 3072 3061 3076 3075 3067 3071 3088 3064 3062 3060 3064 3066 3059 3063 3067 3062 3052 3063
3018 3000 3011 2991 3008 3022 3002 2997 3002 3028 3030 3036 3044 3044 3042 3044 3035 3046 3051 3053 3040 3052 3050 3054 3080 3082 3080 3085 3095 3085 3094 3088 3087 3083 3091 3083 3095 3085 3075 3093 3076 3077 3089 3074 3073 3057 3066 3072 3054 3069 3070 3072 3091 3079 3069 3057 3073 3063 3067 3060 3072 3066 3064 3061
3013 2993 2996 2998 3016 3003 3001 2995 3015 3021 3043 3040 3046 3047 3055 3057 3055 3055 3069 3061 3057 3060 3060 3068 3085 3072 3078 3076 3070 3070 3102 3083 3085 3079 3089 3078 3084 3095 3085 3085 3080 3070 3070 3083 3082 3056 3071 3063 3072 3067 3067 3073 3067 3074 3080 3067 3075 3075 3072 3060 3064 3082 3059 3048
3000 3013 3007 3003 3022 3004 3011 3011 3037 3033 3055 3051 3049 3067 3070 3054 3064 3064 3070 3073 3062 3066 3071 3068 3073 3083 3075 3060 3073 3084 3086 3064 3068 3069 3081 3068 3089 3067 3068 3067 3078 3073 3068 3067 3067 3069 3074 3067 3066 3059 3082 3068 3067 3050 3082 3052 3065 3053 3060 3067 3063 3070 3063 3066
2993 3003 3007 3015 3020 3000 3013 3034 3043 3040 3048 3054 3051 3063 3060 3068 3062 3071 3068 3074 3074 3068 3064 3079 3079 3077 3075 3069 3072 3069 3077 3069 3067 3072 3069 3071 3069 3063 3071 3083 3064 3069 3071 3068 3066 3065 3063 3073 3068 3073 3067 3065 3063 3058 3049 3060 3060 3059 3046 3051 3056 3071 3059 3057
3000 3008 3035 3017 3028 3037 3026 3036 3051 3047 3046 3058 3071 3062 3070 3071 3072 3067 3068 3085 3067 3078 3063 3077 3075 3067 3077 3082 3077 3081 3072 3074 3071 3087 3076 3071 3066 3072 3069 3079 3081 3080 3067 3068 3065 3082 3077 3083 3071 3070 3072 3070 3070 3060 3072 3061 3060 3049 3054 3059 3080 3076 3071 3071
3004 3018 3010 3028 3042 3033 3027 3047 3054 3054 3073 3068 3070 3059 3056 3058 3058 3072 3067 3065 3070 3078 3059 3085 3077 3069 3080 3075 3072 3056 3055 3075 3071 3077 3088 3083 3091 3091 3084 3077 3075 3076 3071 3070 3072 3073 3079 3078 3077 3072 3071 3086 3068 3068 3065 3063 3057 3054 3062 3067 3075 3063 3080 3090
3021 3027 3023 3024 3031 3038 3034 3053 3054 3054 3064 3074 3065 3054 3068 3070 3074 3067 3081 3070 3079 3063 3078 3078 3072 3067 3065 3069 3077 3065 3065 3067 3079 3080 3080 3075 3084 3075 3073 3066 3079 3065 3068 3073 3085 3065 3065 3082 3067 3068 3091 3074 3077 3072 3078 3067 3057 3061 3070 3065 3062 3072 3069 3076
3012 3026 3024 3023 3026 3039 3050 3058 3055 3069 3048 3078 3069 3058 3065 3076 3064 3067 3069 3074 3058 3077 3073 3069 3071 3074 3058 3059 3078 3085 3087 3068 3082 3066 3067 3062 3083 3076 3074 3067 3070 3066 3059 3069 3081 3086 3080 3079 3075 3076 3079 3070 3067 3064 3053 3070 3070 3073 3075 3067 3065 3059 3077 3074
3023 3016 3038 3031 3028 3037 3038 3053 3059 3056 3067 3070 3078 3063 3074 3060 3062 3070 3067 3057 3067 3078 3073 3079 3071 3082 3049 3064 3066 3061 3077 3074 3074 3075 3068 3058 3060 3074 3066 3069 3069 3064 3071 3077 3078 3073 3073 3073 3075 3071 3081 3083 3072 3047 3064 3060 3064 3069 3069 3078 3075 3077 3077 3070
3035 3018 3015 3013 3042 3042 3058 3048 3057 3056 3065 3072 3082 3072 3058 3072 3060 3060 3064 3069 3066 3072 3090 3070 3074 3050 3047 3054 3074 3064 3084 3067 3068 3071 3079 3060 3060 3064 3069 3064 3058 3051 3068 3086 3083 3077 3073 3078 3067 3072 3082 3077 3079 3070 3068 3059 3058 3059 3070 3089 3076 3072 3079 3075
3038 3020 3020 3024 3043 3045 3052 3059 3058 3054 3057 3069 3066 3053 3063 3052 3059 3066 3063 3069 3073 3083 3064 3064 3067 3066 3066 3060 3059 3047 3055 3069 3072 3064 3057 3060 3073 3049 3061 3069 3057 3069 3070 3077 3079 3076 3084 3082 3072 3065 3081 3075 3070 3077 3066 3067 3058 3075 3071 3077 3065 3066 3066 3072
3037 3036 3003 3019 3046 3050 3045 3060 3048 3072 3064 3052 3069 3063 3047 3056 3056 3054 3055 3078 3070 3080 3081 3069 3055 3077 3073 3065 3059 3059 3066 3071 3068 3064 3053 3064 3067 3063 3063 3069 3056 3078 3066 3078 3065 3075 3092 3088 3076 3077 3057 3078 3074 3085 3071 3071 3082 3072 3079 3050 3053 3055 3078 3073
