3065 3063 3056 3044 3040 3050 3059 3054 3055 3060 3046 3062 3040 3033 3056 3051 3038 3045 3050 3048 3036 3028 3033 3044 3027 3020 3026 3046 3041 3041 3023 3030 3025 3023 3029 3036 3039 3013 3029 3010 3026 3019 3031 3013 3012 3026 3004 2999 3000 3002 3009 3015 3012 3013 3010 2997 3009 3019 3001 3010 3009 3019 2989 2995
3062 3063 3051 3038 3052 3050 3051 3041 3042 3033 3031 3050 3043 3050 3047 3033 3047 3043 3044 3027 3046 3036 3029 3032 3037 3034 3036 3026 3036 3046 3044 3026 3031 3028 3020 3033 3028 3039 3032 3023 3037 3039 3037 3019 3021 3007 2999 2993 3007 3005 2997 3010 3024 3023 3004 3001 3014 3015 3012 3010 3008 3004 3003 2991
3054 3068 3057 3053 3047 3049 3060 3040 3034 3031 3029 3040 3038 3036 3038 3039 3042 3052 3038 3027 3040 3028 3030 3028 3039 3028 3026 3025 3034 3029 3040 3042 3031 3019 3032 3042 3038 3038 3018 3027 3036 3035 3029 3033 3027 3015 3021 3007 3003 3023 3022 3016 3016 3015 3018 3009 3007 3002 3022 3027 3017 3011 3010 2999
3057 3060 3051 3052 3053 3058 3048 3053 3040 3050 3052 3050 3047 3043 3034 3042 3031 3042 3036 3037 3031 3041 3040 3039 3028 3026 3030 3033 3029 3038 3030 3035 3033 3035 3024 3038 3042 3050 3035 3038 3039 3043 3033 3023 3031 3026 3018 3011 3032 3029 3017 3016 3019 3009 3018 3003 3010 3024 3009 3023 3005 3003 3004 3012
3078 3043 3044 3047 3042 3063 3057 3050 3047 3037 3045 3060 3049 3039 3028 3045 3034 3031 3044 3042 3042 3049 3045 3036 3037 3043 3028 3029 3031 3034 3039 3047 3043 3038 3025 3036 3032 3055 3036 3045 3046 3047 3033 3036 3038 3022 3016 3024 3026 3026 3034 3021 3029 3028 3020 3015 3017 3031 3026 3019 3011 3014 3012 3010
3051 3050 3050 3045 3050 3048 3048 3057 3047 3042 3055 3053 3055 3038 3046 3044 3050 3058 3046 3048 3065 3048 3043 3043 3049 3036 3039 3041 3041 3040 3037 3039 3050 3029 3046 3056 3033 3046 3051 3038 3046 3039 3032 3040 3031 3034 3034 3028 3042 3042 3033 3035 3024 3023 3021 3012 3019 3025 3022 3020 3028 3020 3018 3003
3057 3055 3055 3061 3040 3045 3038 3052 3048 3064 3066 3065 3049 3039 3049 3059 3045 3049 3044 3053 3039 3048 3051 3047 3046 3042 3047 3048 3045 3041 3055 3048 3045 3043 3053 3050 3053 3051 3049 3032 3054 3049 3045 3034 3051 3050 3047 3032 3041 3052 3034 3047 3024 3026 3021 3009 3012 3017 3029 3011 3032 3016 3012 3012
3014 3020 3039 3023 3024 3014 3004 3006 3023 3025 3024 3023 3016 3028 3032 3031 3034 3030 3031 3030 3029 3016 3022 3014 3022 3031 3038 3034 3034 3033 3032 3036 3039 3047 3047 3042 3049 3046 3055 3040 3045 3038 3045 3048 3043 3035 3039 3034 3037 3031 3031 3049 3033 3030 3025 3018 3020 3031 3039 3028 3023 3030 3029 3010
2978 2988 2980 2983 2978 2986 2971 2976 2997 3004 3012 2990 2998 3000 2999 3002 3001 2993 2995 3002 3002 2997 2995 2992 3002 3001 3017 3017 3040 3021 3017 3022 3033 3039 3048 3036 3029 3041 3043 3042 3041 3037 3034 3030 3029 3034 3034 3038 3030 3017 3015 3038 3019 3023 3026 3018 3027 3013 3021 3014 3024 3036 3031 3038
2973 2973 3006 2991 2984 2986 2971 2978 2993 2990 2997 2989 2973 2997 2976 2999 2999 2992 2984 2994 3012 3002 3008 3010 3010 3010 3018 3017 3022 3022 3022 3016 3041 3033 3046 3047 3050 3041 3052 3047 3050 3056 3051 3048 3029 3039 3048 3025 3032 3024 3035 3036 3036 3038 3034 3021 3028 3023 3030 3021 3038 3024 3037 3028
2964 2975 2986 2987 2991 2983 2992 2985 2990 2983 2979 3002 2972 2986 3002 2994 3006 2989 2987 2992 3022 3020 3032 3014 3011 3013 3027 3030 3026 3018 3021 3020 3031 3040 3058 3054 3063 3055 3044 3037 3054 3052 3058 3051 3054 3037 3041 3045 3042 3038 3038 3022 3029 3032 3027 3037 3036 3019 3042 3035 3034 3024 3016 3018
2972 2979 2977 2981 2984 2986 2992 2992 2991 2990 2992 2995 2981 2988 2995 2983 2987 2990 2988 3008 3005 3015 3022 3023 3017 3023 3029 3022 3023 3041 3030 3045 3053 3053 3059 3063 3053 3064 3042 3043 3046 3058 3061 3058 3060 3049 3050 3035 3044 3045 3046 3031 3040 3029 3032 3050 3028 3029 3025 3037 3025 3010 3027 3024
2979 2958 2975 2982 2987 2986 2985 2991 3003 2998 2992 2993 2985 2972 2984 2973 2968 2990 2989 2988 3010 3021 3016 3018 3013 3009 3022 3031 3039 3050 3060 3046 3052 3048 3065 3055 3062 3060 3071 3062 3049 3036 3055 3052 3056 3051 3051 3045 3037 3038 3047 3032 3037 3031 3028 3027 3020 3013 3017 3028 3023 3020 3011 3011
2976 2978 2963 2985 2982 2976 2993 2991 2993 2996 2996 2978 2984 2969 2977 2976 2990 3007 2992 3005 3009 3014 3021 3012 3014 3012 3024 3030 3036 3039 3046 3050 3059 3055 3071 3067 3060 3072 3065 3066 3052 3054 3065 3061 3063 3057 3058 3057 3062 3042 3032 3031 3029 3043 3030 3012 3020 3027 3015 3013 3025 3014 3003 3025
2989 2974 2968 2974 2985 2994 2987 2991 3002 2997 3009 3007 2972 2983 2980 2989 2990 2985 2997 3002 3014 3012 3031 3007 3028 3031 3039 3037 3034 3058 3047 3041 3056 3055 3072 3067 3079 3072 3061 3057 3054 3076 3063 3081 3072 3082 3085 3087 3080 3047 3048 3052 3044 3036 3043 3045 3019 3009 3015 3014 3021 3012 3027 3011
2987 2978 2988 2989 2983 2979 2982 2998 3006 3005 3019 2998 2999 3002 3000 3007 3010 3003 2994 3006 3018 3023 3030 3018 3021 3016 3031 3028 3030 3035 3052 3045 3056 3054 3067 3075 3083 3077 3079 3083 3070 3060 3067 3073 3071 3085 3095 3090 3079 3056 3048 3044 3049 3044 3038 3034 3034 3030 3021 3027 3009 2995 3007 3013
2992 2989 3000 2986 2998 2997 3001 3007 3006 3011 3026 3028 3007 3010 3016 3007 3011 3005 3016 3015 3022 3017 3016 3014 3027 3022 3031 3034 3045 3034 3041 3042 3060 3063 3089 3090 3090 3095 3085 3093 3075 3085 3084 3079 3069 3079 3089 3090 3096 3075 3058 3043 3057 3049 3046 3037 3038 3039 3030 3029 3022 3018 3013 3011
2999 3008 3009 2996 2986 2981 2991 3002 3019 3009 3011 2997 3014 3015 3009 2997 3017 3011 3002 3017 3032 3021 3013 3011 3010 3025 3040 3036 3031 3037 3039 3055 3068 3069 3094 3090 3086 3100 3090 3096 3087 3091 3074 3083 3090 3091 3088 3103 3090 3064 3068 3050 3063 3044 3047 3049 3056 3035 3028 3030 3028 3024 3017 3006
3007 3006 3020 3001 2980 2990 2999 3004 3013 3009 3007 3016 3015 3021 3006 3009 3025 3019 2997 2993 3015 3029 3025 3033 3028 3027 3028 3044 3037 3035 3050 3061 3079 3071 3085 3090 3087 3085 3094 3083 3106 3102 3081 3100 3095 3092 3087 3096 3091 3076 3077 3051 3047 3036 3058 3049 3054 3045 3045 3045 3048 3040 3040 3019
2992 2999 3015 3016 2987 2994 3001 3000 2997 3010 3004 3001 3002 3021 3008 3005 3015 3010 2991 2997 3012 3016 3025 3039 3036 3037 3037 3047 3033 3052 3060 3071 3070 3076 3081 3089 3084 3098 3101 3095 3083 3087 3081 3090 3110 3096 3087 3091 3091 3086 3074 3062 3061 3048 3050 3044 3061 3043 3047 3043 3036 3021 3026 3014
2985 3005 3001 3002 2999 3006 2999 2990 2994 2988 3000 3007 3011 3019 3010 3011 3012 3005 3016 3009 3030 3042 3043 3031 3031 3034 3039 3039 3048 3051 3066 3067 3062 3066 3091 3091 3099 3103 3094 3103 3066 3076 3089 3088 3099 3079 3092 3085 3092 3090 3073 3066 3075 3066 3064 3058 3058 3066 3034 3037 3033 3025 3020 3014
3005 2991 3011 2998 3007 2999 3006 2985 3001 2998 3001 2997 3003 3003 2995 3007 3017 3019 3012 3010 3028 3040 3037 3037 3040 3037 3035 3040 3052 3050 3053 3070 3077 3074 3081 3085 3092 3094 3090 3085 3076 3074 3092 3084 3081 3083 3090 3101 3096 3095 3074 3066 3080 3063 3052 3060 3068 3043 3047 3031 3028 3010 3012 3029
3001 3002 2992 3016 2999 3008 3003 3007 3012 3013 3005 3006 3000 3009 3001 3002 2989 3015 3007 3019 3015 3027 3042 3027 3034 3028 3036 3050 3045 3056 3071 3082 3081 3091 3100 3089 3101 3089 3099 3081 3080 3076 3096 3084 3081 3075 3089 3099 3107 3110 3089 3090 3082 3069 3070 3059 3059 3059 3046 3043 3036 3032 3017 3018
2993 2997 2989 2998 3014 3002 3003 3006 3020 3016 3010 3005 2999 2997 3008 3005 3003 3008 3006 3009 3018 3029 3030 3027 3051 3031 3057 3039 3071 3065 3083 3076 3076 3085 3094 3103 3090 3081 3074 3081 3096 3097 3094 3087 3086 3085 3089 3084 3105 3103 3085 3094 3099 3080 3089 3083 3058 3063 3043 3032 3027 3032 3024 3020
3002 2991 2992 3007 3004 3014 2998 3000 2994 3011 3008 3000 2994 2995 2995 2992 2990 3015 3007 3011 3013 3025 3023 3038 3026 3035 3045 3057 3047 3064 3071 3074 3080 3081 3094 3092 3090 3086 3074 3091 3100 3096 3098 3086 3089 3088 3092 3092 3094 3078 3081 3078 3094 3080 3078 3087 3055 3062 3040 3034 3029 3042 3029 3010
2998 2995 3001 3009 3010 2998 2995 3008 3006 2989 3014 3007 2999 2994 3006 3001 3010 3010 3015 3007 3000 3020 3021 3011 3034 3039 3056 3050 3073 3065 3084 3079 3082 3078 3087 3094 3081 3091 3081 3083 3086 3093 3087 3087 3075 3088 3095 3087 3082 3085 3082 3081 3097 3095 3090 3091 3076 3053 3050 3022 3027 3026 3020 3024
3007 3003 3012 3011 3002 2997 3012 3016 3011 2999 3011 3000 2995 3009 3013 2991 3005 3019 3029 3005 3009 3007 3019 3025 3035 3047 3056 3072 3071 3098 3081 3083 3086 3078 3093 3095 3086 3082 3089 3083 3093 3100 3099 3088 3083 3096 3081 3089 3082 3079 3088 3075 3067 3074 3076 3080 3058 3059 3046 3029 3031 3030 3015 3007
3000 3006 2998 3007 3004 3014 3026 3003 3000 3002 3001 2998 2989 2995 2993 3006 2995 2996 3003 2995 3007 3002 3009 3020 3033 3046 3059 3079 3087 3081 3082 3086 3070 3076 3089 3087 3090 3086 3096 3090 3097 3087 3083 3093 3087 3084 3082 3074 3092 3092 3084 3086 3088 3078 3073 3085 3068 3069 3051 3034 3029 3026 3006 3015
3005 3010 3002 2998 3001 3009 3006 3017 3002 2999 2997 2993 3006 2994 2997 3006 3015 3006 3021 3025 3014 3022 3009 3017 3038 3041 3054 3086 3076 3085 3086 3086 3074 3081 3079 3086 3086 3092 3082 3092 3092 3090 3099 3089 3090 3087 3094 3082 3092 3087 3088 3088 3079 3088 3088 3096 3068 3063 3032 3048 3038 3029 3027 3024
3001 3006 2987 2995 3012 3008 3001 3007 2991 2989 2995 3001 3000 2999 2993 2995 3008 3000 3019 3022 3033 3023 3026 3024 3039 3036 3054 3070 3081 3077 3072 3079 3082 3086 3089 3106 3094 3080 3082 3089 3082 3078 3095 3089 3097 3096 3099 3090 3092 3094 3095 3081 3092 3087 3086 3084 3079 3067 3052 3035 3042 3029 3029 3028
3007 3009 2996 3008 2991 3017 3004 3002 3005 3023 3016 2979 2994 3001 3012 3008 2995 2997 3015 3027 3011 3014 3027 3035 3032 3049 3071 3080 3083 3077 3074 3087 3080 3077 3086 3090 3077 3096 3082 3096 3071 3086 3091 3099 3088 3088 3097 3091 3089 3094 3085 3075 3076 3101 3074 3087 3069 3044 3048 3039 3022 3018 3018 3018
2999 2999 2986 3003 3006 2998 2998 3003 3008 2998 3003 3001 2983 2999 3012 3004 3000 3006 3012 3005 3016 3021 3011 3027 3040 3040 3073 3086 3070 3078 3076 3086 3090 3079 3087 3097 3077 3091 3086 3076 3091 3103 3098 3094 3085 3077 3096 3083 3082 3082 3078 3091 3095 3096 3096 3093 3062 3057 3039 3030 3028 3030 3025 3023
3013 3000 3006 2998 3001 2997 3004 3000 2997 3007 2998 3000 2983 2993 3012 3014 3003 3015 3010 3001 3030 3015 3020 3020 3044 3050 3071 3077 3077 3070 3078 3090 3066 3082 3072 3072 3081 3090 3094 3090 3093 3098 3101 3080 3106 3097 3095 3095 3086 3074 3087 3077 3081 3095 3091 3089 3060 3064 3034 3033 3038 3028 3024 3006
2994 3009 2995 3002 3004 2981 3002 2999 3006 3003 3002 3008 3006 3005 3011 3011 3013 3000 3007 3008 3014 3010 3014 3017 3038 3056 3063 3077 3068 3077 3077 3089 3080 3075 3075 3077 3075 3078 3099 3091 3096 3089 3078 3090 3085 3084 3095 3096 3078 3077 3086 3082 3084 3082 3077 3070 3071 3061 3028 3019 3031 3027 3018 3001
2987 2994 2992 2997 3007 3001 3001 3001 3014 3004 3009 2999 2998 3009 3018 3006 2999 3010 3004 3005 3021 3008 3008 3010 3035 3038 3060 3062 3065 3073 3086 3085 3086 3089 3076 3087 3088 3082 3084 3095 3088 3098 3083 3092 3083 3084 3090 3085 3081 3080 3075 3089 3087 3082 3080 3079 3073 3056 3044 3019 3024 3032 3011 3017
3004 2993 2998 2993 2994 3005 3010 3013 3009 3003 3012 2997 3002 3013 3004 3004 2996 3007 3005 3003 3010 2996 3004 3011 3021 3028 3048 3058 3072 3085 3078 3087 3089 3079 3074 3089 3079 3080 3090 3104 3085 3090 3085 3097 3083 3095 3091 3091 3075 3075 3084 3091 3087 3071 3080 3078 3074 3043 3039 3028 3029 3027 3023 3014
3003 2998 2995 3000 3008 2997 3007 3005 3003 2995 2997 2994 3002 3002 2998 3004 2994 3008 3005 3011 3005 3008 3003 3002 3016 3027 3051 3047 3068 3070 3080 3079 3086 3098 3075 3082 3083 3085 3086 3092 3086 3086 3079 3084 3072 3083 3078 3074 3084 3087 3094 3078 3085 3078 3070 3067 3053 3037 3030 3028 3027 3026 3020 3024
3001 2998 3005 2986 2994 3008 3001 3004 2999 3002 2988 2997 3007 2999 3002 3009 3007 3008 3011 3005 3007 3010 3014 3021 3007 3037 3036 3051 3071 3081 3074 3088 3080 3077 3077 3077 3078 3095 3091 3089 3097 3094 3074 3069 3076 3086 3072 3089 3089 3081 3085 3091 3086 3073 3080 3075 3050 3043 3032 3022 3019 3028 3021 3034
3000 3004 3014 2994 3006 3012 3004 2998 2997 3000 3004 3000 3007 2999 2991 2997 3009 2991 3012 3007 3009 3010 3008 3017 3026 3023 3029 3047 3052 3078 3075 3085 3075 3093 3093 3077 3066 3094 3094 3081 3088 3085 3094 3075 3073 3078 3081 3101 3077 3077 3076 3076 3076 3089 3078 3071 3056 3036 3032 3018 3021 3027 3015 3015
2990 2999 3004 3008 3004 3014 3000 3006 2997 2996 2994 3011 3008 3002 3009 2993 2998 3000 3010 3016 3030 2995 3017 3015 3026 3021 3013 3024 3050 3073 3071 3091 3078 3079 3088 3083 3084 3087 3085 3076 3092 3086 3090 3084 3079 3099 3095 3095 3087 3076 3088 3074 3089 3075 3080 3081 3046 3042 3023 3000 3017 3033 3020 3007
2979 3002 3004 3002 3018 3020 2995 3013 3009 3003 2994 2999 2996 3014 2994 3005 2996 3004 3000 3015 3007 3009 3010 3011 3013 3018 2999 3030 3050 3064 3082 3086 3074 3082 3082 3089 3087 3074 3091 3091 3096 3078 3092 3086 3080 3077 3076 3091 3093 3086 3083 3096 3079 3069 3077 3068 3058 3027 3029 3022 3035 3015 3030 3017
2995 2992 2995 3003 3021 3007 3001 2999 3006 3004 3002 3004 2999 2996 3009 3003 2995 3013 3002 3008 2999 3000 3025 3009 3015 2999 3003 3019 3050 3049 3070 3080 3081 3083 3066 3077 3078 3085 3081 3083 3090 3096 3085 3075 3088 3079 3098 3094 3083 3077 3086 3076 3092 3094 3075 3055 3052 3031 3048 3037 3033 3026 3045 3016
2983 2986 3012 3008 3020 3021 3004 3011 3005 3001 3001 3016 2996 3011 3001 3008 2994 2994 3007 3023 3006 3016 3006 3009 2999 3000 2986 3016 3028 3055 3069 3080 3073 3077 3087 3075 3089 3091 3086 3090 3085 3084 3081 3071 3078 3083 3081 3083 3093 3081 3067 3084 3081 3085 3072 3054 3052 3044 3051 3047 3040 3023 3023 3014
2983 2991 2996 3000 3018 3009 3001 3002 3009 2999 3012 2997 2996 2991 3013 2995 2991 2987 2997 2991 3010 3023 3009 2999 3008 3006 3011 3004 3030 3038 3049 3075 3071 3083 3079 3074 3075 3086 3098 3092 3077 3079 3078 3093 3078 3089 3079 3086 3074 3085 3077 3088 3086 3089 3064 3058 3046 3063 3054 3050 3044 3033 3017 3015
2991 3001 3004 3008 3009 3009 2992 3007 3004 3001 3008 2997 2996 3002 2999 3003 2987 3003 3001 3006 3006 3013 3007 3030 3016 3014 3018 3011 3019 3026 3031 3077 3069 3078 3087 3082 3081 3097 3089 3092 3100 3084 3083 3077 3093 3080 3084 3077 3078 3092 3091 3087 3088 3084 3069 3054 3047 3056 3058 3039 3040 3032 3042 3028
2998 3009 2997 3002 3005 2990 3003 2999 3000 2992 3005 2979 3001 2994 2994 2996 2995 2985 3002 2992 2997 3011 3018 3035 3011 3014 3007 3003 3015 3020 3048 3067 3078 3080 3078 3071 3096 3084 3091 3095 3104 3104 3090 3087 3084 3082 3069 3079 3094 3100 3093 3076 3095 3080 3064 3052 3033 3047 3045 3040 3039 3030 3029 3019
2984 3012 2989 2999 3006 3001 2994 2999 2991 2996 2998 3001 3001 2995 2997 2995 3006 2995 3013 3006 2999 3001 3012 3015 3012 3016 3016 3032 3006 3007 3034 3049 3060 3085 3082 3096 3085 3078 3082 3103 3084 3086 3083 3085 3088 3093 3085 3084 3100 3100 3089 3086 3073 3073 3078 3059 3055 3049 3032 3054 3044 3037 3027 3040
2982 2992 2987 2999 3003 2994 2996 3008 2990 2995 3004 2995 3020 3011 3008 3009 3004 3011 3014 3017 2994 3013 3005 3011 3016 3001 3006 3008 3017 3007 3028 3051 3069 3073 3087 3097 3075 3072 3077 3080 3083 3082 3079 3080 3083 3086 3096 3105 3099 3110 3082 3081 3068 3069 3056 3058 3055 3038 3046 3031 3035 3009 3014 3024
2994 2994 3005 3004 3031 3011 3007 3005 3001 3011 3000 2984 3014 3004 3008 2995 3003 3002 3002 3015 3009 3005 3020 3022 2994 3013 3005 3010 3005 3009 3024 3060 3070 3076 3090 3075 3077 3076 3072 3083 3083 3083 3069 3089 3087 3083 3094 3086 3084 3095 3074 3077 3058 3066 3045 3048 3038 3042 3031 3037 3023 3024 3020 3034
3002 2997 3018 2996 3008 3007 3008 3012 2995 2996 2990 3002 2995 3011 3004 3016 3002 3005 3000 2997 3006 3025 3024 3013 3016 3009 3009 3009 2992 3004 3033 3055 3075 3089 3077 3082 3076 3069 3087 3084 3090 3080 3092 3086 3096 3086 3078 3083 3097 3087 3089 3085 3060 3049 3058 3026 3031 3028 3017 3036 3033 3008 3027 3029
2999 3008 3003 3017 3021 3010 3002 3009 2994 3000 2991 2994 2998 3010 3004 3017 2999 2994 3007 3005 3009 3023 3025 3031 3016 3007 3004 3003 2999 3024 3031 3048 3063 3083 3082 3093 3082 3084 3089 3086 3095 3095 3079 3085 3089 3089 3089 3077 3075 3084 3075 3070 3064 3051 3044 3047 3027 3027 3025 3030 3021 3028 3029 3032
3008 3001 3004 3021 3017 3011 3007 3002 3001 2999 2991 3005 2979 3003 3012 3008 3006 3003 3011 3011 3011 3016 3029 3022 3014 3012 3015 3019 3011 3027 3035 3050 3063 3090 3091 3087 3088 3090 3088 3091 3092 3087 3076 3082 3085 3084 3079 3079 3081 3080 3071 3061 3053 3042 3040 3031 3040 3035 3029 3016 3010 3025 3031 3033
2978 2998 2993 3008 3022 3019 3004 3007 2993 2997 3002 2990 3009 3003 3012 3016 3005 3015 3004 3004 3007 3006 3029 3007 3015 3024 3019 3017 3007 3025 3038 3052 3074 3084 3092 3090 3091 3088 3082 3086 3088 3086 3079 3088 3093 3081 3087 3069 3070 3072 3066 3067 3062 3052 3041 3046 3046 3024 3021 3021 3021 3036 3033 3030
2987 2985 2998 2984 3012 3010 2999 3003 3003 2998 3004 2996 3007 3006 3010 2999 3005 3016 3004 3008 3006 3008 3023 3017 3024 3024 3020 3031 3028 3041 3061 3067 3079 3082 3089 3076 3076 3080 3092 3090 3081 3084 3085 3081 3090 3101 3092 3072 3067 3077 3063 3042 3049 3043 3044 3043 3038 3021 3033 3024 3029 3031 3027 3020
2996 2989 3006 2989 3001 2988 2994 2995 2998 2996 2998 2996 2989 2995 3008 3019 3003 3011 3009 3014 3012 3024 3028 3017 3029 3034 3036 3043 3047 3069 3061 3072 3077 3083 3089 3087 3073 3090 3093 3090 3084 3083 3072 3095 3096 3088 3083 3084 3073 3070 3063 3062 3054 3041 3038 3048 3027 3025 3034 3027 3017 3030 3017 3015
2977 2980 3000 2990 2999 2989 2991 2991 2999 3002 3008 3002 2989 3004 2997 3008 3004 3004 2999 3006 3018 3017 3027 3031 3037 3037 3057 3054 3074 3061 3072 3072 3092 3078 3084 3088 3079 3084 3079 3081 3094 3085 3091 3100 3093 3075 3086 3091 3076 3072 3067 3065 3061 3052 3053 3044 3042 3020 3028 3030 3024 3028 3031 3026
2988 2999 3000 3005 2997 2994 3003 2990 3003 3011 3002 3011 3018 3015 3010 3024 3014 3015 3023 3029 3024 3046 3035 3045 3055 3035 3046 3039 3065 3073 3095 3086 3076 3082 3075 3078 3086 3086 3077 3091 3084 3083 3093 3099 3086 3097 3092 3080 3084 3077 3066 3075 3077 3058 3049 3057 3052 3043 3038 3034 3046 3049 3029 3031
2996 2996 2993 3003 3009 3002 3005 3004 3012 3004 3001 3019 3035 3030 3030 3032 3042 3044 3049 3040 3035 3060 3058 3054 3069 3052 3052 3040 3056 3081 3099 3096 3089 3085 3082 3075 3081 3092 3091 3083 3088 3092 3094 3108 3088 3098 3087 3101 3087 3078 3078 3084 3067 3069 3074 3057 3058 3065 3050 3039 3073 3063 3038 3035
3002 2996 3017 3006 3011 3018 2998 3007 3024 3030 3016 3019 3032 3027 3043 3046 3037 3045 3063 3043 3057 3052 3057 3058 3067 3070 3052 3059 3068 3081 3085 3100 3089 3081 3094 3097 3098 3084 3070 3084 3090 3076 3097 3091 3089 3091 3079 3091 3094 3085 3074 3073 3079 3066 3075 3068 3067 3076 3061 3059 3054 3063 3050 3056
2995 3002 3012 2995 3015 3017 2999 3019 3018 3022 3034 3049 3038 3047 3051 3047 3039 3054 3072 3066 3050 3053 3067 3066 3069 3071 3069 3066 3076 3067 3092 3102 3082 3107 3093 3092 3089 3084 3088 3087 3085 3082 3094 3074 3084 3080 3087 3085 3078 3094 3080 3078 3073 3088 3072 3083 3081 3074 3074 3060 3057 3066 3052 3054
2989 2999 3004 3008 3001 3008 3011 3013 3035 3043 3034 3038 3038 3046 3047 3040 3056 3057 3068 3067 3063 3058 3065 3070 3061 3063 3070 3053 3064 3065 3073 3076 3093 3087 3086 3074 3088 3098 3081 3086 3080 3090 3085 3077 3076 3092 3088 3085 3075 3085 3096 3076 3078 3079 3074 3070 3086 3079 3072 3054 3068 3073 3055 3048
2988 3017 2999 2993 3009 3017 3009 3020 3036 3053 3048 3047 3045 3057 3046 3060 3048 3058 3072 3068 3066 3071 3067 3078 3064 3059 3060 3063 3065 3067 3074 3085 3078 3083 3073 3086 3085 3084 3083 3081 3087 3095 3080 3087 3079 3091 3077 3083 3072 3080 3083 3085 3082 3062 3067 3065 3066 3068 3058 3054 3072 3065 3060 3059
3003 2996 3006 3018 3013 3012 3032 3037 3063 3046 3048 3041 3047 3047 3063 3055 3061 3053 3074 3067 3083 3078 3085 3073 3070 3069 3065 3062 3051 3074 3087 3077 3084 3080 3066 3077 3086 3076 3075 3072 3085 3087 3074 3081 3074 3072 3074 3076 3065 3071 3077 3090 3076 3092 3064 3071 3067 3068 3072 3060 3046 3060 3071 3059
2987 2993 3010 3008 3020 3040 3034 3047 3057 3059 3055 3058 3055 3053 3063 3066 3038 3070 3064 3068 3073 3072 3070 3080 3062 3071 3066 3075 3074 3078 3075 3081 3069 3074 3063 3074 3091 3067 3062 3081 3073 3079 3068 3066 3078 3071 3075 3082 3072 3067 3069 3086 3067 3077 3076 3084 3078 3075 3077 3067 3050 3043 3072 3073
