3078 3081 3085 3082 3078 3077 3075 3077 3080 3071 3061 3066 3073 3073 3070 3066 3063 3057 3051 3055 3062 3062 3058 3054 3051 3052 3055 3055 3052 3049 3046 3043 3043 3041 3038 3038 3042 3044 3043 3040 3036 3035 3040 3044 3042 3043 3049 3054 3053 3053 3055 3056 3051 3047 3047 3047 3043 3040 3041 3042 3035 3029 3030 3031
3071 3074 3078 3074 3070 3070 3071 3073 3075 3069 3062 3063 3065 3064 3062 3060 3059 3056 3052 3053 3057 3056 3055 3052 3048 3047 3047 3046 3044 3042 3040 3039 3038 3036 3033 3032 3034 3038 3044 3045 3041 3039 3042 3045 3045 3048 3053 3056 3049 3045 3049 3052 3048 3045 3043 3041 3042 3042 3043 3043 3037 3032 3032 3032
3063 3067 3071 3067 3063 3064 3066 3068 3071 3068 3064 3060 3057 3055 3054 3054 3055 3054 3053 3052 3051 3051 3052 3049 3044 3041 3040 3038 3036 3035 3035 3035 3034 3031 3028 3026 3026 3032 3044 3050 3046 3044 3045 3046 3049 3052 3057 3058 3045 3037 3044 3049 3046 3042 3039 3036 3041 3045 3044 3044 3039 3035 3034 3033
3057 3064 3072 3069 3065 3065 3065 3065 3064 3065 3066 3060 3053 3053 3054 3052 3049 3046 3043 3043 3046 3050 3055 3053 3049 3045 3043 3040 3037 3035 3033 3033 3033 3033 3033 3033 3034 3038 3044 3047 3045 3044 3042 3043 3049 3055 3060 3060 3048 3040 3043 3046 3047 3047 3042 3038 3041 3044 3040 3036 3036 3035 3032 3030
3050 3062 3074 3071 3068 3067 3065 3062 3058 3062 3068 3060 3048 3051 3056 3051 3043 3038 3032 3035 3040 3048 3057 3058 3053 3050 3047 3043 3038 3034 3032 3031 3033 3035 3037 3040 3043 3044 3043 3043 3044 3043 3039 3040 3050 3058 3062 3062 3052 3044 3043 3043 3048 3052 3046 3041 3042 3042 3035 3029 3032 3035 3031 3026
3049 3055 3062 3062 3063 3063 3064 3062 3059 3062 3065 3057 3047 3049 3053 3048 3041 3037 3035 3036 3038 3046 3058 3060 3057 3053 3047 3041 3033 3030 3030 3032 3037 3039 3038 3039 3042 3043 3043 3044 3045 3045 3041 3042 3051 3059 3064 3067 3059 3053 3053 3054 3057 3059 3051 3044 3040 3036 3034 3032 3033 3034 3031 3027
3047 3048 3049 3053 3057 3060 3063 3062 3061 3061 3061 3054 3046 3047 3050 3046 3038 3037 3038 3037 3036 3045 3058 3062 3061 3056 3047 3038 3027 3024 3028 3033 3041 3043 3039 3037 3040 3043 3043 3045 3047 3047 3044 3044 3052 3059 3067 3071 3066 3062 3064 3065 3067 3067 3057 3047 3038 3029 3033 3036 3035 3033 3031 3029
3020 3021 3021 3024 3027 3031 3035 3030 3024 3027 3032 3032 3031 3034 3038 3035 3029 3026 3023 3021 3019 3031 3049 3055 3053 3050 3045 3036 3025 3022 3026 3031 3037 3037 3032 3031 3036 3039 3040 3041 3041 3040 3037 3039 3049 3058 3065 3070 3066 3062 3062 3061 3062 3061 3053 3046 3044 3042 3039 3036 3036 3035 3030 3026
2991 2991 2992 2993 2993 2999 3005 2995 2982 2990 3000 3008 3015 3020 3025 3023 3020 3013 3006 3003 3002 3017 3040 3046 3044 3043 3042 3034 3022 3020 3025 3029 3031 3030 3025 3025 3031 3035 3036 3036 3034 3032 3030 3032 3045 3056 3063 3068 3064 3061 3058 3056 3056 3055 3048 3043 3051 3057 3046 3036 3036 3037 3029 3022
2990 2987 2984 2986 2988 2993 2998 2995 2991 2999 3008 3015 3021 3022 3022 3023 3026 3021 3014 3013 3015 3026 3040 3044 3043 3041 3039 3032 3021 3020 3027 3031 3033 3035 3037 3038 3037 3037 3039 3039 3038 3036 3035 3039 3054 3067 3074 3078 3073 3069 3066 3063 3066 3068 3061 3055 3055 3054 3049 3043 3042 3041 3034 3027
2993 2986 2979 2982 2986 2990 2993 3000 3007 3014 3022 3027 3032 3027 3020 3025 3033 3031 3026 3028 3033 3038 3042 3043 3043 3040 3036 3030 3021 3021 3028 3033 3035 3042 3053 3054 3045 3041 3043 3044 3043 3043 3042 3047 3066 3081 3087 3090 3084 3079 3075 3073 3080 3084 3076 3068 3058 3049 3050 3052 3049 3047 3040 3032
2989 2990 2990 2994 2998 2997 2997 3001 3006 3014 3024 3029 3035 3030 3024 3025 3029 3025 3018 3024 3034 3040 3045 3046 3045 3041 3034 3029 3024 3024 3029 3033 3036 3042 3050 3052 3047 3044 3045 3045 3043 3042 3046 3055 3072 3085 3089 3091 3087 3084 3084 3085 3091 3096 3090 3084 3072 3061 3059 3057 3051 3046 3040 3035
2984 2994 3003 3008 3012 3007 3002 3001 3001 3011 3023 3030 3036 3033 3028 3025 3023 3016 3008 3016 3031 3041 3049 3050 3047 3041 3032 3028 3028 3028 3029 3032 3037 3041 3045 3047 3048 3048 3047 3045 3041 3041 3051 3062 3077 3088 3090 3091 3089 3088 3092 3097 3102 3107 3104 3100 3089 3077 3070 3062 3053 3043 3040 3037
2985 2993 3002 3006 3010 3007 3004 3001 2998 3007 3017 3026 3036 3033 3028 3026 3025 3021 3014 3020 3031 3040 3048 3048 3044 3039 3034 3030 3028 3031 3037 3041 3042 3043 3044 3045 3046 3047 3048 3048 3044 3045 3054 3064 3077 3088 3091 3093 3092 3092 3095 3098 3100 3102 3102 3101 3092 3083 3072 3061 3052 3043 3038 3032
2987 2992 2997 3001 3004 3005 3006 3002 2996 3002 3009 3021 3035 3033 3026 3027 3030 3028 3024 3027 3031 3038 3047 3046 3040 3037 3036 3032 3028 3033 3047 3052 3049 3046 3044 3044 3044 3046 3049 3051 3049 3051 3056 3064 3077 3087 3091 3094 3095 3096 3097 3098 3096 3094 3097 3099 3093 3086 3072 3059 3051 3044 3035 3025
2999 3000 3001 3005 3010 3009 3007 3005 3002 3006 3010 3024 3039 3037 3031 3030 3031 3028 3023 3025 3031 3039 3048 3048 3044 3041 3039 3034 3026 3031 3046 3051 3048 3047 3046 3047 3048 3050 3053 3055 3057 3060 3064 3069 3077 3084 3088 3092 3097 3100 3099 3098 3097 3097 3097 3096 3092 3087 3075 3064 3054 3045 3038 3031
3015 3011 3007 3013 3019 3013 3007 3008 3010 3013 3015 3028 3044 3043 3038 3035 3032 3025 3017 3021 3031 3040 3049 3051 3050 3047 3042 3034 3024 3027 3041 3047 3046 3046 3049 3051 3054 3056 3057 3060 3066 3071 3073 3076 3078 3080 3085 3090 3098 3103 3100 3099 3101 3103 3098 3093 3090 3086 3079 3071 3058 3046 3043 3041
3024 3018 3012 3017 3022 3016 3010 3010 3011 3014 3017 3028 3040 3040 3036 3034 3032 3025 3016 3022 3035 3042 3047 3049 3048 3045 3041 3033 3022 3024 3038 3044 3045 3047 3051 3056 3060 3064 3067 3071 3074 3076 3076 3077 3080 3083 3085 3088 3095 3101 3103 3104 3104 3103 3098 3094 3093 3091 3082 3073 3061 3050 3046 3042
3031 3024 3018 3020 3023 3019 3014 3011 3008 3013 3019 3026 3034 3034 3031 3031 3032 3026 3017 3025 3040 3045 3045 3044 3043 3041 3039 3031 3019 3021 3035 3043 3045 3049 3054 3060 3065 3072 3080 3084 3082 3080 3077 3077 3083 3088 3086 3086 3091 3097 3105 3112 3106 3101 3099 3097 3097 3097 3085 3073 3064 3055 3048 3041
3030 3027 3024 3026 3028 3021 3012 3009 3007 3013 3020 3026 3032 3035 3036 3036 3035 3028 3018 3026 3043 3046 3045 3044 3044 3041 3037 3029 3019 3022 3036 3044 3046 3050 3055 3060 3066 3074 3085 3091 3090 3088 3084 3082 3083 3085 3088 3090 3092 3096 3103 3109 3106 3104 3105 3105 3103 3099 3089 3078 3066 3055 3048 3041
3025 3027 3030 3033 3035 3022 3008 3006 3006 3014 3022 3027 3031 3038 3046 3044 3041 3031 3019 3027 3043 3047 3045 3045 3048 3044 3036 3028 3019 3024 3038 3046 3049 3052 3055 3059 3066 3075 3087 3096 3098 3097 3093 3089 3082 3080 3089 3095 3096 3097 3099 3101 3105 3108 3113 3116 3108 3100 3092 3084 3068 3053 3047 3041
3022 3027 3033 3034 3035 3022 3009 3007 3005 3012 3020 3026 3031 3037 3044 3044 3041 3032 3021 3028 3044 3046 3043 3043 3045 3041 3033 3026 3021 3027 3041 3048 3048 3049 3053 3060 3069 3079 3089 3097 3100 3100 3096 3091 3085 3083 3092 3099 3100 3101 3102 3103 3103 3103 3108 3112 3104 3097 3092 3087 3070 3053 3046 3038
3020 3027 3035 3033 3030 3021 3012 3008 3005 3010 3016 3024 3031 3034 3037 3038 3040 3033 3024 3031 3044 3045 3039 3038 3038 3035 3028 3025 3023 3030 3044 3049 3044 3045 3052 3061 3073 3084 3090 3096 3099 3100 3096 3092 3089 3089 3096 3102 3105 3107 3109 3109 3100 3093 3097 3100 3095 3091 3090 3088 3072 3056 3045 3034
3021 3029 3038 3037 3035 3025 3014 3010 3008 3012 3017 3025 3034 3036 3037 3039 3042 3037 3029 3035 3045 3046 3043 3041 3040 3035 3029 3027 3027 3033 3045 3049 3046 3048 3055 3063 3073 3082 3089 3094 3095 3095 3095 3095 3094 3094 3096 3099 3102 3104 3105 3104 3098 3093 3096 3098 3095 3092 3089 3086 3070 3054 3042 3031
3024 3032 3041 3044 3046 3031 3015 3013 3012 3016 3021 3029 3038 3040 3041 3043 3045 3041 3035 3039 3047 3050 3050 3048 3045 3040 3033 3031 3032 3036 3044 3049 3052 3055 3060 3065 3070 3077 3087 3092 3089 3088 3094 3098 3097 3096 3094 3092 3094 3096 3095 3094 3097 3099 3101 3103 3100 3097 3090 3082 3066 3049 3039 3030
3021 3030 3039 3043 3046 3032 3017 3015 3015 3017 3020 3028 3037 3040 3042 3044 3047 3044 3039 3044 3053 3053 3050 3048 3047 3042 3035 3033 3034 3039 3047 3051 3053 3058 3064 3069 3072 3078 3088 3093 3089 3089 3095 3099 3099 3098 3094 3092 3094 3095 3092 3089 3094 3098 3098 3098 3099 3099 3091 3081 3065 3049 3040 3030
3015 3025 3034 3036 3039 3030 3020 3018 3016 3016 3017 3025 3034 3038 3040 3044 3048 3045 3041 3048 3060 3057 3047 3045 3047 3043 3036 3033 3034 3040 3051 3055 3053 3057 3066 3073 3077 3083 3091 3095 3095 3095 3097 3099 3100 3099 3096 3095 3099 3100 3093 3088 3091 3093 3089 3086 3094 3100 3091 3082 3067 3052 3042 3031
3016 3024 3033 3033 3034 3029 3025 3021 3017 3017 3018 3026 3034 3038 3040 3044 3049 3047 3042 3050 3064 3060 3048 3045 3046 3043 3036 3036 3041 3046 3053 3056 3056 3059 3066 3072 3078 3084 3091 3095 3094 3094 3095 3097 3097 3098 3097 3098 3099 3100 3094 3089 3091 3091 3087 3085 3093 3099 3090 3081 3065 3049 3042 3035
3020 3027 3035 3033 3030 3030 3030 3025 3018 3020 3023 3029 3035 3039 3042 3046 3051 3048 3043 3050 3064 3062 3052 3047 3045 3041 3037 3041 3051 3055 3053 3055 3061 3063 3064 3067 3076 3083 3089 3092 3089 3088 3091 3092 3093 3095 3099 3100 3098 3095 3094 3093 3092 3091 3091 3092 3095 3097 3089 3079 3061 3043 3041 3039
3022 3027 3032 3031 3029 3033 3036 3030 3021 3022 3024 3030 3037 3041 3043 3047 3051 3050 3047 3051 3060 3059 3054 3050 3045 3042 3039 3045 3056 3059 3055 3054 3058 3061 3061 3067 3078 3087 3091 3092 3089 3088 3091 3093 3094 3096 3100 3102 3095 3090 3090 3090 3087 3085 3090 3094 3094 3093 3085 3076 3059 3042 3039 3036
3023 3024 3025 3028 3032 3037 3043 3035 3026 3025 3024 3031 3039 3043 3045 3048 3051 3052 3054 3053 3052 3053 3055 3052 3047 3044 3043 3048 3057 3059 3056 3053 3050 3052 3059 3070 3085 3094 3095 3094 3093 3093 3095 3097 3099 3101 3103 3101 3091 3083 3082 3081 3078 3076 3084 3091 3090 3089 3080 3071 3058 3045 3036 3027
3021 3022 3022 3027 3032 3038 3043 3037 3030 3027 3026 3032 3040 3044 3048 3050 3051 3053 3054 3052 3048 3051 3057 3055 3050 3047 3045 3048 3056 3058 3056 3052 3045 3048 3060 3073 3086 3093 3093 3092 3090 3090 3092 3095 3098 3101 3102 3100 3091 3083 3082 3080 3076 3075 3085 3094 3091 3088 3077 3066 3055 3044 3035 3025
3018 3020 3023 3027 3031 3034 3038 3035 3033 3031 3029 3034 3039 3045 3052 3053 3053 3051 3050 3049 3048 3052 3059 3059 3055 3051 3045 3047 3053 3056 3055 3051 3045 3049 3065 3076 3081 3085 3085 3084 3080 3079 3083 3087 3092 3096 3098 3098 3094 3090 3087 3084 3082 3082 3093 3101 3097 3092 3077 3062 3051 3040 3035 3030
3016 3020 3025 3027 3029 3032 3035 3035 3034 3031 3028 3034 3041 3047 3053 3052 3050 3049 3048 3049 3050 3055 3061 3061 3057 3053 3049 3049 3052 3054 3053 3051 3046 3051 3066 3076 3079 3082 3083 3082 3078 3076 3078 3081 3086 3090 3091 3092 3090 3089 3089 3088 3086 3086 3096 3104 3098 3091 3073 3056 3046 3037 3035 3032
3015 3022 3029 3029 3029 3032 3035 3035 3034 3028 3022 3032 3046 3049 3049 3046 3042 3045 3050 3053 3054 3058 3063 3061 3055 3054 3056 3055 3053 3052 3051 3050 3049 3054 3064 3073 3079 3084 3088 3088 3083 3079 3079 3079 3081 3082 3081 3080 3078 3078 3085 3091 3087 3086 3095 3102 3094 3085 3066 3048 3042 3036 3035 3033
3015 3021 3027 3027 3026 3030 3034 3034 3034 3030 3024 3035 3048 3050 3048 3045 3041 3045 3051 3054 3055 3057 3060 3057 3051 3052 3057 3057 3054 3052 3052 3051 3051 3054 3062 3070 3080 3087 3090 3090 3086 3082 3079 3077 3077 3077 3076 3074 3073 3074 3086 3094 3091 3089 3095 3099 3089 3078 3063 3047 3041 3036 3032 3029
3014 3016 3017 3020 3023 3027 3031 3033 3035 3036 3036 3041 3047 3049 3050 3049 3047 3048 3049 3051 3052 3052 3053 3050 3046 3047 3052 3054 3056 3056 3054 3053 3051 3053 3059 3068 3080 3088 3089 3089 3087 3084 3079 3075 3074 3074 3075 3076 3077 3079 3090 3099 3096 3094 3095 3094 3083 3072 3064 3055 3045 3035 3027 3018
3013 3012 3011 3017 3022 3027 3031 3034 3037 3040 3043 3045 3046 3049 3052 3052 3051 3051 3051 3052 3053 3053 3052 3049 3044 3045 3049 3053 3057 3058 3057 3054 3050 3051 3058 3068 3081 3089 3089 3088 3087 3084 3078 3073 3071 3071 3073 3075 3080 3085 3093 3098 3097 3095 3094 3091 3078 3065 3061 3056 3044 3033 3024 3015
3009 3010 3012 3019 3026 3031 3036 3038 3040 3040 3040 3043 3046 3050 3054 3053 3050 3052 3057 3059 3060 3061 3062 3056 3047 3046 3051 3054 3056 3058 3060 3057 3048 3050 3061 3072 3082 3088 3090 3089 3086 3082 3075 3071 3069 3067 3066 3069 3082 3092 3092 3091 3091 3091 3092 3091 3073 3057 3051 3045 3036 3028 3025 3022
3009 3012 3015 3021 3026 3032 3039 3041 3042 3041 3040 3041 3044 3049 3055 3053 3050 3054 3060 3062 3063 3064 3065 3060 3051 3050 3054 3055 3055 3058 3062 3058 3047 3049 3062 3074 3083 3088 3089 3088 3083 3078 3071 3067 3066 3065 3064 3067 3083 3095 3091 3088 3087 3086 3086 3083 3066 3050 3044 3039 3031 3023 3024 3025
3012 3018 3024 3022 3020 3028 3036 3040 3042 3042 3041 3040 3039 3045 3052 3053 3052 3054 3056 3058 3060 3059 3058 3057 3057 3056 3056 3056 3054 3056 3061 3058 3047 3048 3062 3074 3084 3088 3085 3082 3077 3072 3065 3061 3065 3067 3068 3071 3082 3091 3093 3093 3087 3081 3073 3064 3054 3045 3043 3040 3029 3019 3019 3019
3015 3022 3028 3021 3013 3023 3035 3038 3040 3041 3041 3040 3037 3042 3049 3052 3053 3055 3056 3057 3058 3057 3055 3057 3060 3061 3059 3058 3057 3058 3061 3058 3049 3050 3064 3076 3086 3089 3082 3077 3073 3069 3062 3059 3064 3068 3072 3076 3083 3089 3093 3094 3085 3076 3062 3050 3046 3042 3041 3039 3029 3019 3017 3016
3016 3020 3023 3016 3008 3020 3034 3034 3033 3037 3042 3041 3039 3042 3046 3049 3052 3057 3063 3062 3059 3058 3059 3059 3060 3061 3062 3063 3065 3065 3063 3060 3054 3058 3070 3081 3090 3090 3080 3073 3072 3070 3067 3066 3065 3067 3074 3081 3086 3090 3091 3089 3079 3069 3056 3045 3043 3041 3037 3033 3030 3027 3022 3017
3018 3018 3019 3013 3007 3019 3033 3033 3031 3037 3044 3044 3043 3044 3046 3049 3054 3060 3066 3065 3061 3060 3061 3061 3060 3061 3064 3066 3069 3068 3064 3062 3060 3065 3075 3083 3090 3089 3077 3070 3070 3069 3069 3068 3068 3070 3078 3085 3088 3090 3088 3084 3074 3064 3053 3043 3041 3039 3034 3029 3030 3031 3026 3021
3020 3018 3017 3017 3017 3025 3033 3036 3038 3043 3049 3050 3050 3051 3052 3056 3060 3061 3059 3061 3065 3064 3062 3061 3061 3062 3064 3064 3063 3063 3063 3064 3067 3071 3076 3080 3083 3082 3075 3069 3066 3063 3062 3064 3073 3081 3083 3086 3087 3088 3085 3081 3070 3060 3053 3046 3039 3033 3031 3030 3030 3030 3030 3029
3020 3018 3016 3020 3024 3029 3033 3037 3041 3046 3050 3052 3054 3055 3056 3060 3064 3061 3055 3059 3068 3067 3063 3061 3061 3063 3065 3064 3061 3061 3063 3067 3072 3076 3076 3077 3077 3076 3072 3067 3063 3060 3060 3064 3078 3088 3087 3086 3087 3086 3083 3079 3068 3059 3055 3052 3042 3034 3034 3034 3033 3032 3035 3038
3017 3018 3018 3021 3024 3029 3034 3037 3038 3041 3044 3046 3049 3051 3053 3057 3062 3060 3056 3061 3069 3069 3065 3062 3060 3063 3070 3071 3066 3065 3067 3070 3074 3076 3077 3077 3076 3073 3066 3062 3060 3061 3067 3074 3082 3088 3087 3087 3089 3089 3085 3080 3070 3063 3064 3065 3058 3052 3051 3049 3046 3042 3045 3047
3014 3016 3018 3020 3023 3029 3035 3036 3037 3039 3040 3043 3046 3049 3053 3057 3061 3060 3058 3062 3070 3070 3068 3064 3060 3064 3074 3074 3068 3067 3070 3072 3074 3075 3075 3075 3074 3071 3063 3059 3059 3063 3074 3082 3086 3088 3088 3088 3091 3093 3088 3082 3074 3067 3071 3073 3070 3067 3065 3062 3058 3053 3055 3056
3013 3011 3010 3016 3023 3027 3032 3038 3043 3045 3047 3049 3050 3054 3059 3061 3062 3063 3063 3066 3071 3071 3070 3068 3065 3066 3070 3069 3063 3064 3070 3073 3072 3071 3070 3070 3069 3068 3067 3065 3063 3066 3077 3085 3089 3092 3090 3089 3094 3097 3094 3090 3080 3072 3071 3069 3070 3070 3070 3069 3068 3067 3066 3065
3010 3008 3005 3014 3022 3027 3031 3039 3047 3049 3051 3052 3053 3058 3063 3064 3063 3064 3066 3069 3071 3072 3072 3070 3068 3067 3068 3065 3060 3062 3070 3073 3070 3068 3067 3066 3066 3067 3070 3071 3068 3070 3080 3087 3092 3094 3092 3091 3096 3099 3098 3095 3085 3076 3072 3068 3071 3073 3074 3074 3076 3078 3074 3071
3008 3008 3009 3016 3023 3029 3035 3039 3042 3044 3046 3048 3051 3055 3059 3061 3062 3063 3065 3068 3071 3072 3072 3068 3063 3063 3066 3066 3064 3065 3068 3070 3070 3069 3067 3067 3068 3070 3072 3074 3076 3079 3084 3087 3088 3090 3092 3094 3094 3094 3094 3092 3085 3078 3076 3074 3073 3073 3075 3076 3080 3083 3077 3071
3007 3009 3011 3017 3023 3030 3037 3039 3041 3042 3043 3045 3048 3051 3056 3059 3061 3063 3065 3068 3071 3072 3071 3066 3059 3059 3064 3067 3067 3067 3067 3068 3070 3070 3067 3066 3069 3071 3073 3076 3081 3084 3084 3084 3084 3086 3091 3094 3092 3089 3089 3088 3083 3079 3079 3078 3075 3073 3075 3077 3082 3086 3079 3072
3011 3010 3009 3017 3024 3028 3031 3041 3051 3052 3051 3048 3044 3048 3053 3058 3063 3066 3067 3070 3073 3073 3072 3067 3059 3058 3060 3063 3065 3066 3067 3068 3069 3068 3063 3062 3066 3067 3067 3067 3069 3071 3071 3072 3076 3079 3082 3084 3083 3082 3079 3077 3077 3077 3077 3077 3074 3071 3073 3076 3080 3083 3080 3077
3015 3011 3008 3016 3025 3026 3026 3041 3057 3058 3056 3049 3041 3045 3052 3058 3064 3067 3069 3071 3074 3073 3071 3066 3061 3058 3058 3059 3063 3065 3067 3068 3068 3065 3060 3059 3063 3065 3062 3060 3060 3060 3060 3062 3068 3073 3073 3073 3074 3074 3071 3069 3072 3075 3075 3074 3071 3069 3071 3074 3076 3078 3080 3081
3021 3016 3011 3016 3021 3025 3029 3038 3047 3047 3046 3044 3043 3048 3053 3057 3060 3062 3063 3065 3067 3065 3061 3062 3065 3064 3061 3060 3060 3062 3064 3066 3067 3065 3059 3060 3067 3069 3064 3062 3065 3066 3064 3064 3066 3066 3063 3062 3064 3067 3070 3073 3070 3067 3068 3068 3066 3065 3067 3069 3069 3069 3072 3076
3026 3021 3016 3017 3018 3025 3032 3037 3041 3040 3039 3042 3046 3051 3056 3057 3056 3057 3059 3060 3062 3058 3052 3058 3069 3070 3064 3060 3058 3059 3062 3064 3066 3065 3060 3061 3071 3073 3067 3065 3070 3072 3069 3065 3063 3060 3056 3053 3057 3062 3070 3075 3067 3061 3062 3063 3063 3062 3064 3065 3063 3062 3067 3073
3019 3023 3027 3024 3020 3029 3038 3047 3056 3057 3056 3053 3050 3055 3062 3061 3058 3059 3060 3064 3068 3065 3057 3061 3071 3072 3067 3063 3059 3059 3062 3065 3069 3070 3069 3070 3074 3074 3070 3069 3073 3074 3070 3066 3062 3060 3059 3061 3066 3070 3072 3071 3065 3061 3068 3075 3071 3067 3071 3074 3073 3072 3077 3083
3013 3025 3037 3031 3023 3033 3045 3057 3070 3071 3071 3064 3055 3060 3068 3066 3061 3060 3061 3067 3074 3070 3060 3063 3072 3074 3070 3065 3060 3059 3063 3067 3071 3074 3076 3077 3076 3075 3073 3073 3075 3075 3071 3067 3062 3059 3063 3067 3073 3077 3073 3068 3063 3061 3074 3084 3078 3073 3078 3083 3082 3082 3087 3091
3021 3026 3031 3032 3033 3042 3051 3058 3065 3066 3066 3063 3059 3063 3068 3067 3065 3063 3061 3064 3069 3066 3059 3059 3063 3066 3067 3066 3063 3063 3067 3070 3070 3072 3075 3075 3074 3072 3069 3068 3072 3075 3075 3072 3063 3058 3060 3062 3067 3070 3070 3068 3065 3064 3071 3077 3079 3080 3080 3080 3081 3082 3087 3092
3028 3027 3026 3034 3043 3050 3058 3059 3060 3060 3060 3061 3063 3065 3068 3069 3069 3065 3060 3061 3064 3062 3058 3056 3056 3059 3064 3066 3066 3068 3072 3072 3070 3070 3073 3074 3073 3070 3065 3064 3070 3075 3078 3077 3065 3057 3057 3058 3061 3063 3066 3069 3068 3067 3068 3070 3079 3086 3082 3078 3080 3082 3087 3092
3025 3028 3031 3038 3046 3055 3065 3062 3058 3062 3067 3064 3061 3064 3069 3068 3065 3063 3061 3064 3068 3069 3067 3065 3063 3062 3062 3066 3072 3074 3071 3070 3070 3072 3074 3074 3073 3072 3072 3074 3077 3081 3083 3082 3071 3064 3064 3063 3062 3061 3063 3065 3067 3068 3068 3068 3072 3077 3079 3081 3083 3084 3084 3085
3022 3029 3035 3042 3049 3060 3072 3065 3057 3064 3072 3067 3060 3063 3069 3067 3061 3061 3063 3067 3072 3075 3076 3074 3070 3065 3060 3065 3079 3079 3070 3067 3071 3074 3074 3074 3073 3074 3080 3083 3085 3086 3089 3087 3077 3070 3070 3069 3063 3058 3060 3062 3066 3070 3068 3066 3067 3068 3076 3084 3085 3086 3082 3078
3032 3040 3048 3048 3047 3056 3065 3062 3059 3062 3068 3068 3068 3067 3067 3069 3072 3071 3068 3069 3072 3074 3076 3075 3073 3070 3068 3070 3075 3074 3069 3069 3074 3075 3074 3073 3074 3075 3076 3077 3077 3079 3085 3088 3086 3082 3078 3073 3065 3059 3058 3059 3063 3068 3073 3076 3072 3070 3076 3082 3083 3083 3080 3076
3041 3051 3061 3054 3046 3052 3058 3059 3060 3061 3063 3069 3076 3071 3064 3071 3083 3081 3074 3072 3072 3074 3076 3076 3075 3075 3076 3074 3071 3069 3068 3070 3076 3077 3073 3073 3076 3077 3073 3070 3068 3071 3081 3089 3094 3094 3086 3076 3067 3059 3057 3057 3061 3066 3077 3086 3078 3071 3076 3080 3081 3081 3078 3075
