3064 3053 3070 3070 3067 3064 3054 3043 3050 3075 3073 3051 3037 3057 3062 3051 3057 3049 3046 3031 3039 3037 3055 3063 3056 3051 3038 3030 3035 3048 3042 3047 3049 3065 3047 3070 3066 3074 3042 3053 3045 3043 3051 3030 3041 3042 3020 3010 3016 3027 3027 3031 3040 3015 3007 3020 3025 3028 3020 3007 3011 3009 3008 3008
3075 3066 3061 3057 3062 3056 3055 3050 3052 3054 3069 3047 3037 3060 3036 3057 3054 3051 3037 3048 3045 3048 3039 3047 3051 3041 3043 3058 3042 3039 3051 3062 3060 3063 3057 3068 3065 3062 3048 3046 3038 3042 3049 3046 3035 3026 3029 3021 3026 3025 3025 3020 3023 3014 3000 3012 3010 3019 3009 2997 3012 3009 3015 3011
3065 3055 3045 3047 3048 3064 3052 3055 3035 3044 3043 3056 3046 3052 3054 3051 3041 3055 3043 3053 3052 3057 3048 3034 3058 3046 3070 3055 3053 3053 3053 3060 3055 3056 3072 3065 3050 3050 3058 3050 3055 3050 3042 3048 3025 3030 3038 3039 3035 3022 3036 3036 3026 3038 3013 3004 3003 3003 3015 2991 3012 3020 3019 3015
3051 3053 3059 3049 3055 3051 3045 3049 3041 3050 3056 3042 3051 3041 3036 3045 3046 3044 3048 3047 3045 3054 3052 3024 3038 3049 3052 3057 3045 3052 3058 3064 3075 3078 3059 3055 3057 3057 3051 3047 3057 3036 3055 3041 3045 3027 3047 3036 3030 3033 3025 3024 3033 3028 3015 3013 3009 3026 3011 3010 3025 3028 3016 3017
3031 3043 3066 3054 3037 3046 3032 3041 3052 3052 3051 3049 3054 3048 3033 3039 3062 3049 3049 3051 3067 3056 3046 3051 3030 3045 3048 3059 3066 3059 3068 3074 3069 3064 3060 3051 3058 3059 3055 3056 3052 3052 3053 3052 3048 3061 3055 3050 3028 3023 3013 3022 3022 3029 3022 3016 3031 3023 3027 3003 3018 3033 3010 3017
3035 3046 3060 3059 3057 3047 3043 3042 3029 3043 3041 3047 3041 3049 3044 3051 3033 3045 3054 3054 3052 3055 3042 3055 3051 3048 3048 3061 3066 3073 3067 3091 3075 3070 3057 3056 3062 3055 3058 3056 3047 3047 3045 3059 3052 3054 3029 3030 3044 3030 3023 3024 3022 3025 3022 3010 3024 3027 3023 3011 3021 3023 3004 3017
3048 3053 3059 3055 3038 3036 3034 3030 3015 3030 3038 3045 3026 3051 3050 3053 3055 3048 3052 3042 3066 3069 3047 3049 3053 3063 3042 3047 3053 3076 3089 3072 3074 3067 3058 3069 3052 3058 3047 3060 3072 3055 3039 3040 3042 3036 3049 3030 3036 3029 3033 3029 3029 3045 3016 3020 3026 3037 3018 3016 3031 3031 3034 3029
3001 3015 3011 3012 3009 3016 3006 3021 3014 3013 3011 3026 3011 3025 3023 3026 3037 3021 3034 3039 3041 3036 3032 3041 3038 3044 3038 3041 3048 3054 3063 3073 3091 3073 3084 3078 3061 3072 3056 3059 3050 3060 3046 3044 3042 3057 3041 3043 3032 3042 3020 3021 3019 3037 3025 3021 3013 3010 3013 3019 3019 3015 3014 3014
3000 2977 2975 2982 3003 2989 2992 3005 3003 2994 2985 2985 2981 3017 3007 3003 3011 3023 3020 3019 3017 3014 3023 3029 3048 3033 3041 3043 3037 3050 3057 3082 3068 3068 3057 3069 3067 3058 3045 3048 3046 3049 3047 3043 3046 3039 3045 3041 3037 3033 3020 3024 3026 3013 3023 3014 3005 3021 3016 3007 3003 3011 3004 3012
2979 2992 2983 2990 2985 2990 2987 2986 3013 2990 2995 2991 2994 3005 3017 3012 3013 3012 3017 3022 3019 3018 3027 3025 3039 3036 3033 3041 3040 3054 3044 3063 3067 3069 3086 3067 3070 3079 3061 3061 3065 3057 3062 3061 3053 3060 3045 3050 3036 3031 3041 3025 3017 3030 3008 3020 3014 3009 3018 3016 2998 2993 3002 3005
2989 2999 2988 2988 2983 2992 2996 2996 2991 3002 2996 3000 3003 3000 3024 3026 3019 3013 3013 3009 3022 3030 3031 3030 3038 3027 3031 3047 3039 3048 3051 3077 3083 3087 3098 3102 3087 3077 3065 3077 3079 3069 3078 3091 3071 3055 3057 3039 3039 3041 3026 3029 3021 3035 3024 3011 3021 3022 3017 2994 3002 2986 3007 2996
2984 2990 3003 2993 2991 2994 2987 2993 2999 2997 2979 3006 3005 3010 3013 3017 3013 3023 3020 3029 3020 3031 3034 3044 3034 3029 3033 3051 3050 3053 3067 3079 3076 3078 3103 3098 3087 3081 3094 3096 3090 3086 3080 3096 3065 3056 3050 3046 3035 3042 3036 3030 3030 3034 3043 3024 3036 3016 3005 2998 3016 2994 2998 2993
2990 2993 2996 3004 2994 2995 2991 2993 2990 2991 2991 2997 3008 3000 3007 3016 3022 3033 3028 3022 3029 3034 3021 3027 3031 3031 3052 3060 3060 3080 3080 3101 3107 3116 3097 3095 3101 3090 3093 3114 3118 3091 3093 3100 3087 3066 3035 3039 3053 3043 3057 3041 3031 3032 3041 3037 3022 3013 2997 2989 3004 3010 3004 2989
2991 2987 2997 3003 3003 2992 2989 2987 2987 2992 3005 2996 3003 2997 3012 3014 3021 3028 3039 3044 3031 3031 3028 3032 3028 3042 3057 3072 3081 3082 3092 3088 3096 3088 3094 3091 3100 3108 3095 3111 3105 3103 3086 3095 3090 3076 3060 3062 3052 3050 3060 3049 3039 3051 3038 3021 3015 3017 3007 2988 2991 3003 3004 3000
2988 3000 3003 3002 3008 2993 2964 2993 2988 2992 2984 2993 3006 3003 3016 3022 3017 3031 3033 3042 3035 3035 3031 3054 3046 3057 3065 3074 3087 3084 3098 3096 3088 3104 3109 3099 3098 3111 3104 3111 3109 3106 3096 3090 3084 3081 3072 3070 3045 3046 3073 3076 3057 3057 3045 3018 3029 3007 3001 2991 3010 3010 3003 2979
3003 3003 3011 2998 3007 3007 2988 2987 2993 3000 2993 2987 2986 3014 3024 3032 3021 3023 3042 3047 3041 3040 3046 3052 3053 3071 3079 3087 3098 3093 3097 3087 3104 3081 3095 3095 3102 3094 3101 3105 3109 3100 3092 3107 3098 3099 3083 3064 3078 3065 3073 3085 3057 3053 3047 3034 3019 3015 3012 2993 2998 3007 2999 2995
3020 3007 3018 3022 3008 2999 2992 3006 2993 3000 3002 3006 3016 3030 3043 3034 3040 3026 3036 3028 3033 3045 3044 3065 3056 3077 3079 3109 3097 3094 3110 3101 3102 3103 3106 3103 3090 3108 3098 3081 3101 3097 3105 3110 3103 3080 3097 3068 3065 3073 3072 3080 3069 3067 3041 3049 3018 3018 3016 3004 3002 3010 2996 2988
3001 3017 3025 3013 3000 3013 3005 3000 2995 2990 3004 3005 3002 3015 3029 3035 3040 3027 3036 3029 3024 3043 3048 3060 3088 3098 3102 3099 3106 3098 3081 3094 3102 3100 3099 3102 3108 3098 3102 3083 3101 3099 3095 3093 3093 3101 3090 3081 3085 3072 3087 3085 3072 3055 3046 3033 3018 3023 3018 2999 2997 2990 2992 3001
2994 3014 3019 3015 3018 3011 3027 3012 3007 2993 3000 2998 2999 3005 3026 3046 3050 3043 3038 3024 3044 3052 3065 3093 3106 3099 3107 3098 3114 3104 3091 3104 3108 3096 3098 3096 3104 3107 3107 3098 3098 3098 3116 3099 3097 3093 3091 3103 3083 3070 3091 3088 3068 3063 3045 3032 3036 3012 3013 3012 2999 2990 3002 3019
2986 2996 3018 3016 3018 3011 3012 3014 3001 3007 3003 3003 3014 3022 3026 3040 3039 3041 3026 3029 3046 3059 3084 3096 3106 3092 3091 3103 3107 3096 3086 3090 3087 3101 3108 3100 3100 3107 3102 3096 3098 3102 3107 3101 3089 3088 3100 3098 3085 3076 3098 3084 3072 3063 3038 3033 3000 3008 3006 3005 3008 3007 3002 3011
2999 3011 3010 3001 3018 3011 3009 3006 3015 3018 3002 3014 3018 3019 3038 3034 3045 3034 3040 3049 3053 3063 3069 3090 3111 3099 3104 3094 3096 3095 3091 3090 3098 3109 3099 3101 3106 3117 3113 3107 3095 3086 3103 3102 3096 3099 3092 3101 3089 3094 3091 3088 3083 3067 3048 3029 3009 3006 3005 3017 2995 2994 3008 3013
3005 3011 3026 3019 3030 3021 3010 3004 3032 3023 3028 3006 3014 3008 3039 3042 3030 3033 3045 3054 3052 3073 3091 3096 3103 3094 3092 3100 3099 3087 3094 3093 3086 3106 3092 3105 3102 3097 3094 3110 3099 3099 3110 3102 3094 3093 3093 3096 3094 3088 3091 3095 3082 3063 3054 3034 3037 3017 3029 3014 3017 2997 3002 3008
3023 3022 3033 3026 3028 3039 3029 3031 3023 3025 3040 3034 3024 3026 3034 3045 3034 3047 3051 3061 3062 3082 3081 3084 3092 3099 3096 3088 3096 3089 3090 3083 3096 3107 3096 3103 3099 3094 3099 3094 3084 3082 3111 3099 3097 3090 3095 3093 3097 3092 3083 3080 3085 3080 3044 3046 3044 3039 3016 3022 3027 3024 3011 2995
3014 3021 3027 3026 3021 3026 3021 3021 3022 3017 3024 3019 3003 3024 3027 3024 3040 3044 3054 3066 3076 3080 3085 3088 3075 3093 3089 3100 3084 3088 3081 3081 3089 3109 3108 3108 3095 3094 3095 3094 3105 3093 3092 3099 3093 3102 3108 3095 3082 3094 3092 3097 3087 3064 3046 3049 3034 3025 3021 3018 3024 3006 3004 3010
3019 3015 3020 3013 3010 3013 3018 3003 3005 3015 3015 3018 3017 3013 3009 3026 3039 3044 3063 3068 3084 3082 3090 3090 3089 3086 3082 3086 3085 3098 3085 3095 3095 3099 3090 3090 3106 3097 3093 3098 3114 3085 3095 3100 3100 3094 3104 3087 3094 3095 3095 3090 3059 3064 3052 3038 3014 3019 3012 3020 3012 3013 3019 3018
3009 3018 3005 3012 3011 3017 3009 2998 3009 2997 3011 3013 2999 3005 3017 3016 3024 3046 3071 3080 3080 3099 3100 3102 3089 3090 3083 3095 3090 3084 3090 3093 3076 3094 3107 3092 3101 3094 3087 3100 3102 3102 3097 3104 3090 3095 3099 3087 3082 3089 3088 3095 3078 3056 3027 3021 3029 3010 3009 3005 3005 3013 3010 3024
3007 3013 2997 3007 3012 3012 3017 3007 3005 3010 2996 3010 3004 3001 3018 3021 3035 3054 3055 3073 3080 3084 3084 3086 3105 3094 3088 3089 3086 3090 3092 3099 3090 3088 3118 3106 3095 3084 3102 3094 3091 3092 3104 3097 3097 3096 3088 3090 3096 3086 3104 3096 3080 3064 3031 3029 3022 3026 3009 3002 3012 3016 3020 3022
3001 3012 3008 3018 3018 3012 3005 3004 3004 3014 3021 3003 3000 3014 3013 3024 3026 3054 3063 3080 3079 3078 3087 3092 3097 3097 3095 3087 3100 3066 3093 3099 3095 3099 3106 3107 3101 3097 3071 3095 3089 3100 3091 3103 3088 3094 3091 3096 3084 3082 3093 3085 3077 3061 3053 3027 3008 3000 2998 3022 3024 3017 3012 3014
3010 3005 3012 3009 3022 3000 2992 2991 3002 3008 3018 3005 3000 3001 3013 3026 3031 3045 3058 3079 3080 3079 3077 3086 3093 3098 3100 3102 3097 3102 3099 3094 3093 3101 3095 3091 3106 3099 3115 3093 3095 3092 3093 3101 3109 3080 3093 3081 3089 3089 3082 3084 3078 3068 3053 3022 3013 3028 3012 3015 3021 3004 3025 3018
3025 3004 3008 3011 3023 3012 2995 2998 2992 3017 3009 3002 3005 3000 3003 3015 3017 3041 3066 3072 3072 3083 3065 3085 3092 3105 3102 3101 3099 3094 3092 3090 3103 3088 3097 3097 3103 3101 3106 3119 3097 3093 3085 3097 3100 3094 3099 3093 3090 3090 3087 3088 3078 3062 3039 3018 3038 3022 3014 3018 3012 3022 3018 3020
2998 3003 2996 3008 3011 3014 3017 3016 3013 3013 3003 3005 2987 2991 3006 3018 3031 3041 3061 3073 3074 3082 3074 3076 3089 3083 3093 3102 3101 3096 3096 3094 3084 3088 3100 3097 3096 3103 3092 3097 3094 3098 3099 3087 3090 3107 3098 3097 3104 3093 3103 3094 3090 3050 3051 3024 3018 3029 3016 3015 3021 3025 3015 3015
2993 3001 3008 3000 3002 3009 3001 3008 3013 3003 3005 3006 2990 3001 2986 3001 3020 3044 3058 3076 3079 3086 3089 3087 3078 3092 3082 3095 3097 3100 3084 3095 3091 3087 3098 3090 3094 3092 3096 3110 3096 3096 3103 3106 3096 3111 3109 3099 3104 3100 3077 3088 3068 3061 3042 3012 3032 3044 3028 3014 3019 3017 3014 3025
3015 3018 3013 3007 3004 3007 2990 2996 3001 2997 2996 2982 2992 2993 3004 2999 3018 3044 3052 3068 3068 3075 3085 3073 3096 3079 3089 3086 3093 3096 3080 3091 3085 3081 3095 3109 3102 3094 3108 3114 3098 3105 3111 3099 3103 3115 3088 3098 3092 3085 3092 3085 3081 3068 3045 3017 3016 3028 3011 3016 3022 3001 3015 3015
3008 3002 3011 3003 3018 3007 3011 3002 3001 2991 3006 2995 3003 2996 2994 3007 3008 3044 3046 3062 3082 3082 3077 3087 3087 3075 3068 3074 3095 3093 3102 3095 3084 3094 3107 3112 3088 3100 3108 3106 3100 3100 3095 3104 3094 3093 3095 3109 3091 3087 3082 3087 3076 3053 3048 3030 3032 3036 3025 3026 3022 3010 3006 3030
3000 3016 3016 3010 3031 3014 3023 3006 3009 3007 3017 3020 3018 3009 3015 3003 3023 3028 3039 3065 3072 3077 3095 3093 3088 3086 3077 3088 3095 3093 3099 3088 3106 3105 3098 3108 3095 3105 3105 3100 3095 3092 3109 3104 3109 3094 3096 3104 3099 3081 3079 3097 3071 3072 3045 3026 3029 3029 3030 3024 3025 3011 3017 3010
3012 3014 3014 3021 3016 3012 3014 3019 3017 3007 3023 3017 3018 3025 3021 3023 3011 3029 3042 3061 3081 3082 3093 3090 3093 3095 3076 3084 3107 3095 3088 3088 3087 3094 3097 3096 3103 3088 3103 3098 3088 3104 3090 3096 3088 3095 3104 3116 3087 3077 3085 3076 3073 3058 3043 3034 3039 3036 3034 3012 3024 3009 3007 3029
2998 3000 3000 3000 3008 3013 3010 3001 3011 3007 3005 3010 3017 3017 3025 3015 3011 3012 3033 3040 3075 3080 3087 3092 3094 3084 3085 3084 3087 3090 3086 3083 3100 3102 3100 3092 3096 3082 3092 3088 3099 3094 3108 3104 3100 3097 3098 3096 3081 3081 3080 3080 3068 3051 3033 3025 3019 3025 3019 3028 3020 3014 3009 3020
2998 2992 2992 2987 3006 2996 3010 3008 3010 3003 3002 3006 3005 3003 3003 3010 2996 3010 3024 3032 3062 3077 3082 3085 3082 3083 3076 3080 3070 3069 3087 3088 3090 3098 3101 3095 3094 3094 3086 3108 3097 3110 3091 3089 3099 3099 3108 3109 3093 3097 3089 3084 3063 3047 3045 3033 3019 3023 3023 3010 3023 3009 3016 3010
3005 3006 3010 3006 2996 2994 3004 3007 3002 2997 2992 2999 3008 3001 2997 3013 3008 3011 3022 3021 3051 3055 3077 3086 3091 3080 3076 3079 3082 3084 3081 3091 3101 3103 3115 3102 3084 3093 3087 3101 3104 3087 3113 3100 3095 3104 3105 3099 3094 3099 3089 3061 3056 3033 3022 3013 3015 3021 3025 3031 3013 3017 3017 3030
2993 3009 3002 3014 3002 2993 3001 3007 3020 3010 3002 2999 2996 2995 3011 3008 3007 3001 3012 3027 3046 3059 3067 3073 3085 3083 3071 3071 3076 3075 3079 3089 3092 3092 3113 3103 3099 3101 3102 3114 3101 3104 3102 3096 3090 3075 3095 3108 3101 3089 3081 3070 3046 3025 3022 3028 3015 3022 3002 3010 3018 3011 3006 3019
3004 2999 3012 3019 3013 3013 2998 2993 3008 3001 3014 2995 2999 2996 2995 2992 2999 3009 3004 3014 3028 3040 3062 3072 3090 3073 3086 3073 3077 3083 3079 3094 3091 3094 3102 3096 3110 3101 3103 3113 3091 3096 3095 3086 3094 3111 3101 3091 3105 3102 3088 3067 3055 3043 3015 3005 3017 3005 3023 3005 3002 3008 3022 3000
3002 2999 3011 3006 3015 3006 2990 3002 2997 3002 3008 3003 2993 3000 2997 3008 2991 3008 3002 2999 3014 3038 3060 3062 3068 3088 3087 3072 3074 3077 3083 3089 3099 3108 3098 3110 3107 3107 3090 3075 3099 3100 3088 3090 3107 3084 3086 3073 3092 3099 3083 3065 3050 3034 3021 2997 3018 3011 3004 3019 3009 3019 3005 3012
3002 3015 2997 3005 2999 2993 2998 2993 3005 3015 3003 3007 3000 3020 3003 2996 3012 3006 3004 3005 3014 3029 3048 3063 3073 3070 3082 3068 3080 3077 3071 3084 3077 3109 3109 3104 3104 3100 3077 3105 3104 3110 3082 3100 3098 3087 3089 3100 3083 3096 3080 3073 3035 3023 3016 3000 3009 3013 3007 3003 3010 3009 3015 3002
2996 3003 2995 2991 2988 2994 3008 2989 3000 2989 2998 3008 3005 3008 3012 3003 3010 3012 3006 2992 3005 3021 3039 3057 3082 3076 3069 3084 3079 3078 3080 3085 3086 3104 3098 3096 3074 3106 3103 3102 3107 3103 3093 3096 3086 3090 3092 3092 3092 3078 3083 3060 3035 3017 3011 3022 3022 3007 2997 3004 3015 3016 3020 3009
2986 3006 3000 3004 2997 3010 3004 3001 3007 3006 2994 3006 3012 2999 3013 3019 3009 3004 2996 3007 3023 3030 3029 3047 3069 3062 3086 3085 3074 3095 3078 3083 3098 3106 3095 3110 3089 3098 3069 3086 3085 3093 3085 3077 3090 3091 3101 3091 3094 3082 3062 3034 3036 3022 3018 3012 3013 3014 3006 3020 3011 3011 3018 3000
2992 3000 3017 3012 3004 3000 3006 3003 3010 3002 3012 2993 3001 3003 3011 2998 3000 2997 3003 3009 2987 3009 3033 3046 3074 3076 3071 3078 3085 3084 3084 3095 3104 3097 3102 3095 3092 3092 3087 3072 3087 3101 3097 3100 3102 3106 3103 3092 3083 3064 3049 3033 3024 3027 3018 3008 3017 3012 3011 3009 3015 3002 2996 3002
3018 2998 2989 2988 2998 2992 2994 2995 2993 3010 3021 3003 2987 2999 3003 3005 3002 2990 3010 2992 2998 3004 3014 3036 3055 3070 3062 3084 3064 3077 3080 3080 3097 3098 3097 3105 3110 3106 3094 3098 3086 3106 3110 3102 3113 3105 3089 3107 3088 3058 3043 3027 3018 3031 3008 3005 3015 3018 3002 3002 2998 2990 3004 3006
3002 2998 2995 3005 3001 2985 2999 2996 2998 3009 3004 3011 2995 2980 3004 2997 3009 3013 2987 3001 3004 2998 3002 3021 3047 3073 3079 3080 3078 3075 3080 3088 3087 3091 3093 3095 3103 3102 3101 3109 3105 3106 3104 3097 3103 3099 3106 3100 3077 3059 3041 3042 3005 3009 3018 2998 3006 3017 3014 3011 2999 2999 2986 2995
3000 2995 2998 3007 3010 3004 3003 3004 2998 3008 2999 3013 3002 2995 2997 3003 3005 3007 3000 2996 3003 2984 2983 3005 3055 3070 3079 3074 3079 3090 3096 3091 3095 3098 3108 3113 3124 3103 3107 3104 3108 3108 3096 3093 3084 3103 3088 3079 3059 3041 3023 3035 3019 3018 3013 3002 2998 3003 3010 3009 3005 3017 2998 3010
3004 3007 3003 3010 3017 3012 3005 3012 2997 2999 3000 3011 2997 3014 2986 3009 3020 3008 2996 2992 2998 2988 3003 3012 3037 3074 3080 3087 3080 3092 3087 3096 3094 3095 3103 3123 3101 3101 3101 3101 3092 3105 3100 3093 3084 3107 3085 3086 3043 3034 3031 3032 3019 3022 3010 2998 2985 2996 3000 3007 3000 3004 3010 3016
2993 2992 2989 3000 2992 2988 3017 3001 3003 2996 2994 2990 2995 3002 3005 3001 2993 2998 3001 2984 3004 2997 2992 3018 3049 3049 3076 3070 3085 3098 3090 3097 3090 3107 3104 3098 3107 3099 3096 3101 3098 3085 3090 3104 3102 3097 3080 3075 3050 3033 3018 3019 3017 3015 3012 3007 3006 3013 3003 3009 2999 3013 3001 3002
2989 2999 3000 2994 2987 2982 2990 3003 3008 2995 2992 2997 2986 2996 3004 3006 2987 2993 3015 3009 3009 3015 3011 3031 3040 3051 3072 3084 3095 3095 3078 3085 3092 3100 3098 3095 3088 3095 3101 3087 3090 3095 3093 3093 3084 3099 3077 3071 3055 3030 3013 3009 3015 3010 3007 3000 3020 3007 3015 3016 3005 3005 3001 3005
2997 2991 3013 3004 2991 2992 2993 2995 2994 2993 2983 2986 2982 3003 2983 2991 2989 3008 3011 3012 3006 3000 3000 3016 3041 3062 3069 3089 3073 3082 3080 3099 3097 3087 3105 3101 3100 3093 3090 3102 3100 3097 3090 3097 3107 3094 3083 3064 3043 3025 3025 3010 3015 3019 3017 3018 3017 3015 3022 3025 3015 3022 3013 3013
2996 2995 3002 3008 2997 2986 2989 2998 2987 2992 2987 3000 2995 3002 2998 2991 2997 2995 2997 2998 2999 2987 3008 3017 3038 3066 3069 3087 3094 3090 3090 3095 3099 3077 3079 3093 3093 3084 3086 3093 3091 3088 3102 3102 3102 3087 3082 3069 3043 3035 3014 3013 3031 3028 3018 3023 3028 3014 3020 3025 3021 3024 3010 3016
2994 3001 2996 2996 2991 2992 2977 2992 3006 2998 2987 2992 2997 2995 2997 3002 3011 3005 3008 3006 2997 2994 3001 3015 3043 3063 3093 3081 3094 3091 3095 3095 3096 3093 3084 3092 3082 3092 3092 3093 3100 3103 3094 3090 3093 3085 3078 3062 3042 3032 3012 3013 3003 3026 3013 3008 3022 3022 3027 3014 3027 3011 3016 3023
3006 3005 3013 3001 2986 2987 3000 2995 3003 2991 3001 2988 2999 3006 3002 3010 3003 2998 2997 2993 2996 3001 3003 3020 3046 3069 3085 3096 3095 3087 3104 3084 3093 3090 3099 3085 3082 3076 3087 3096 3111 3095 3093 3101 3077 3076 3078 3070 3043 3021 3023 2993 3006 3015 3008 3003 3014 3014 3017 3025 3025 3011 3014 3018
2990 2992 3007 2984 2990 3004 2997 3007 2998 3007 3000 2987 2992 3001 3010 3006 3008 2989 2996 3003 3012 3014 3011 3042 3065 3083 3103 3110 3104 3097 3097 3105 3088 3090 3096 3097 3091 3099 3106 3110 3102 3092 3109 3098 3101 3095 3095 3084 3060 3031 3019 3031 3010 3017 3006 3019 3026 3021 3019 3030 3025 3035 3016 3017
2977 3001 3001 3010 2993 2999 2988 2997 3010 3019 2994 3000 3002 3006 3007 3018 3011 3000 3008 3029 3021 3036 3033 3058 3084 3087 3096 3093 3100 3091 3106 3110 3088 3093 3095 3098 3105 3099 3098 3104 3102 3092 3106 3107 3108 3103 3109 3093 3059 3030 3040 3031 3023 3018 3035 3027 3028 3020 3011 3022 3039 3040 3022 3018
2972 3000 2998 3003 3000 3007 3000 3009 3016 3011 3011 2999 3014 3029 3006 3008 3010 3013 3025 3017 3045 3049 3060 3069 3082 3106 3101 3101 3103 3097 3093 3092 3091 3091 3110 3091 3096 3096 3100 3117 3107 3114 3104 3109 3107 3094 3087 3096 3073 3055 3045 3021 3031 3029 3029 3042 3033 3033 3027 3031 3040 3037 3025 3029
2985 2992 3003 2990 2996 2998 3008 3025 3015 3017 3018 3031 3025 3017 3009 3023 3018 3037 3038 3065 3053 3064 3087 3086 3097 3095 3107 3102 3103 3101 3097 3093 3108 3114 3099 3112 3107 3109 3117 3112 3091 3115 3110 3103 3107 3113 3099 3101 3095 3077 3048 3049 3041 3048 3060 3051 3052 3044 3041 3036 3061 3045 3053 3045
3003 2995 2984 3002 2991 3009 3019 3021 3016 3024 3032 3033 3032 3020 3031 3033 3035 3042 3045 3059 3062 3080 3085 3076 3103 3091 3097 3114 3089 3087 3087 3104 3093 3115 3114 3109 3112 3106 3102 3100 3099 3097 3107 3107 3103 3101 3104 3090 3101 3088 3070 3059 3059 3064 3064 3063 3061 3051 3046 3045 3055 3055 3053 3054
3003 3001 2991 3003 3006 3007 3017 3029 3016 3029 3032 3032 3027 3039 3037 3048 3063 3062 3047 3076 3078 3080 3096 3097 3096 3104 3090 3086 3101 3102 3107 3093 3090 3095 3121 3112 3102 3110 3095 3107 3084 3108 3093 3092 3098 3107 3105 3101 3100 3106 3082 3068 3073 3062 3080 3070 3059 3059 3063 3047 3060 3055 3060 3047
3008 3012 3017 3014 3012 3019 3029 3021 3036 3028 3047 3046 3052 3056 3060 3048 3051 3041 3053 3069 3080 3076 3088 3087 3099 3096 3092 3089 3098 3108 3093 3102 3091 3097 3110 3095 3094 3095 3108 3119 3105 3095 3095 3103 3099 3095 3105 3093 3096 3097 3095 3071 3068 3072 3071 3073 3078 3075 3060 3059 3067 3060 3065 3085
3017 3020 3021 3024 3023 3031 3040 3024 3028 3043 3043 3065 3072 3066 3070 3066 3060 3067 3063 3058 3055 3079 3076 3092 3086 3103 3100 3095 3106 3104 3098 3107 3103 3083 3082 3079 3085 3111 3105 3103 3089 3100 3085 3089 3094 3104 3114 3100 3104 3110 3091 3066 3079 3064 3070 3081 3070 3083 3075 3067 3067 3067 3075 3089
