3084 3074 3063 3069 3076 3065 3053 3061 3071 3063 3053 3053 3056 3052 3048 3049 3050 3048 3044 3040 3036 3037 3041 3043 3044 3043 3042 3044 3047 3044 3036 3035 3039 3039 3033 3032 3035 3035 3031 3028 3029 3026 3019 3014 3015 3018 3026 3030 3029 3026 3023 3018 3009 3003 3018 3030 3027 3024 3030 3035 3027 3019 3015 3011 
3072 3068 3064 3065 3066 3057 3048 3052 3058 3057 3054 3054 3054 3051 3048 3047 3047 3045 3044 3042 3039 3039 3042 3040 3037 3036 3037 3040 3045 3044 3039 3039 3043 3043 3038 3035 3034 3033 3031 3031 3033 3031 3024 3017 3014 3013 3020 3024 3026 3026 3023 3019 3011 3006 3016 3025 3024 3024 3024 3025 3025 3024 3015 3007 
3059 3062 3064 3060 3056 3049 3043 3044 3045 3050 3056 3055 3052 3050 3048 3046 3043 3043 3044 3043 3041 3042 3043 3038 3030 3029 3032 3037 3042 3044 3043 3043 3046 3046 3043 3039 3033 3031 3032 3034 3037 3036 3028 3020 3013 3009 3014 3018 3023 3025 3023 3020 3013 3009 3014 3019 3022 3024 3019 3015 3022 3028 3015 3002 
3056 3057 3059 3057 3056 3055 3054 3049 3045 3047 3050 3048 3045 3043 3040 3038 3035 3037 3041 3038 3034 3036 3041 3039 3034 3033 3035 3037 3040 3044 3050 3053 3053 3051 3046 3040 3034 3031 3033 3035 3036 3034 3027 3022 3019 3017 3017 3018 3021 3022 3018 3014 3012 3010 3014 3017 3018 3019 3019 3019 3020 3021 3015 3009 
3053 3053 3053 3055 3056 3060 3065 3056 3045 3044 3043 3041 3039 3035 3031 3029 3027 3031 3037 3034 3026 3030 3039 3040 3038 3037 3038 3037 3037 3044 3058 3064 3060 3055 3048 3041 3034 3031 3034 3035 3034 3031 3026 3023 3025 3026 3021 3018 3019 3019 3013 3009 3010 3011 3013 3015 3015 3015 3019 3023 3018 3013 3014 3016 
3051 3053 3054 3052 3050 3053 3057 3050 3042 3045 3048 3046 3043 3038 3034 3031 3030 3032 3036 3035 3032 3036 3044 3044 3039 3038 3039 3040 3043 3051 3063 3066 3060 3053 3046 3042 3041 3040 3037 3036 3038 3036 3027 3023 3027 3028 3022 3018 3021 3023 3016 3011 3011 3011 3011 3012 3015 3018 3021 3023 3015 3007 3010 3012 
3049 3052 3055 3049 3043 3045 3048 3044 3039 3046 3054 3052 3047 3042 3037 3035 3033 3034 3036 3037 3038 3043 3049 3047 3040 3038 3039 3043 3049 3057 3067 3068 3059 3051 3044 3042 3049 3049 3040 3036 3042 3042 3029 3022 3028 3030 3022 3018 3024 3027 3020 3013 3012 3011 3009 3008 3015 3022 3023 3023 3012 3002 3005 3008 
3013 3021 3028 3023 3017 3016 3014 3016 3017 3022 3027 3024 3018 3015 3013 3017 3023 3023 3020 3021 3024 3028 3033 3034 3031 3030 3030 3035 3042 3051 3061 3062 3055 3048 3041 3041 3049 3049 3041 3035 3035 3033 3028 3024 3025 3024 3020 3018 3021 3024 3023 3021 3017 3012 3010 3008 3014 3019 3020 3020 3006 2992 3001 3011 
2974 2986 2997 2994 2990 2984 2978 2985 2994 2996 2997 2992 2985 2985 2985 2997 3012 3010 3003 3003 3008 3011 3015 3018 3022 3022 3020 3025 3034 3044 3054 3056 3050 3044 3039 3040 3048 3049 3041 3034 3027 3023 3026 3026 3020 3017 3018 3019 3018 3019 3026 3030 3021 3013 3010 3008 3012 3015 3017 3017 2999 2982 2998 3014 
2968 2980 2992 2987 2982 2978 2974 2983 2994 2995 2994 2991 2988 2990 2994 2999 3005 3003 3000 3002 3006 3010 3015 3019 3023 3023 3020 3027 3040 3050 3058 3059 3054 3049 3043 3044 3052 3053 3046 3040 3037 3036 3039 3038 3030 3024 3024 3024 3024 3024 3026 3026 3019 3013 3014 3015 3013 3012 3015 3017 3007 2997 3005 3014 
2966 2978 2990 2984 2977 2975 2974 2985 2997 2997 2996 2995 2995 3001 3009 3005 2998 2997 2999 3003 3007 3011 3017 3021 3025 3025 3022 3031 3048 3058 3063 3063 3059 3054 3048 3049 3057 3058 3051 3048 3051 3053 3053 3051 3041 3034 3031 3029 3031 3031 3025 3020 3015 3012 3019 3024 3016 3009 3014 3018 3017 3016 3014 3013 
2973 2981 2989 2987 2985 2985 2986 2993 3001 3002 3001 3000 2998 3000 3003 3003 3001 3002 3004 3006 3008 3013 3018 3023 3026 3027 3026 3034 3048 3058 3064 3067 3067 3065 3062 3063 3068 3069 3064 3062 3064 3065 3067 3065 3053 3042 3037 3033 3033 3032 3026 3020 3014 3010 3016 3021 3016 3011 3012 3013 3012 3010 3011 3012 
2982 2986 2989 2992 2996 2997 2999 3002 3006 3007 3007 3004 3001 2998 2994 2999 3007 3009 3010 3010 3011 3014 3020 3024 3027 3029 3030 3036 3047 3056 3063 3070 3075 3078 3078 3079 3081 3081 3079 3077 3076 3077 3081 3079 3064 3051 3042 3035 3034 3033 3027 3020 3013 3007 3012 3017 3015 3013 3010 3007 3003 3000 3005 3010 
2984 2987 2991 2993 2996 2999 3002 3000 2999 3002 3006 3004 3001 2998 2995 3000 3007 3011 3014 3014 3014 3017 3023 3025 3027 3030 3035 3044 3056 3065 3072 3077 3082 3085 3085 3085 3085 3084 3082 3080 3081 3083 3085 3084 3075 3064 3050 3039 3038 3036 3031 3025 3016 3009 3012 3015 3015 3014 3012 3010 3005 3000 3004 3008 
2984 2989 2993 2993 2994 2997 3002 2996 2988 2995 3004 3003 3000 2999 2999 3002 3006 3012 3017 3018 3018 3021 3026 3027 3026 3032 3041 3053 3067 3076 3082 3086 3089 3090 3090 3089 3088 3086 3081 3080 3084 3086 3087 3087 3086 3079 3059 3044 3042 3039 3036 3031 3020 3012 3013 3014 3014 3014 3015 3015 3009 3002 3004 3005 
2989 2993 2998 2996 2993 2997 3002 2998 2992 2996 3002 3002 3002 3001 3001 3002 3005 3010 3015 3017 3019 3021 3023 3025 3026 3034 3047 3060 3073 3081 3083 3087 3091 3092 3090 3088 3086 3084 3081 3081 3083 3085 3085 3086 3088 3085 3068 3054 3050 3045 3038 3030 3023 3016 3011 3008 3009 3011 3013 3015 3010 3005 3003 3001 
2994 2999 3004 2999 2993 2997 3003 3002 3000 3000 3000 3002 3005 3003 3001 3002 3004 3007 3010 3015 3019 3020 3019 3021 3025 3037 3055 3068 3078 3083 3082 3085 3092 3093 3088 3085 3083 3082 3082 3082 3082 3083 3082 3083 3087 3087 3076 3067 3060 3051 3039 3028 3025 3020 3009 3000 3003 3006 3010 3013 3010 3007 3002 2997 
2997 3001 3005 3001 2996 2997 3000 3002 3005 3003 3000 3001 3003 3003 3003 3002 3002 3005 3008 3014 3022 3022 3018 3023 3033 3045 3059 3071 3081 3085 3082 3084 3089 3090 3088 3086 3084 3083 3082 3082 3083 3084 3085 3086 3088 3088 3082 3075 3065 3054 3040 3027 3023 3018 3009 3002 3005 3007 3009 3010 3008 3005 3004 3002 
2999 3002 3005 3003 3000 2997 2995 3001 3009 3006 3001 3000 3000 3002 3005 3003 3000 3002 3007 3015 3025 3024 3019 3027 3043 3055 3064 3073 3084 3087 3083 3083 3085 3087 3088 3088 3086 3084 3082 3082 3085 3087 3090 3091 3089 3088 3086 3082 3069 3056 3040 3027 3021 3015 3011 3008 3009 3010 3008 3007 3004 3002 3006 3010 
2997 3002 3006 3006 3006 3000 2993 2998 3005 3003 3001 3000 3000 3003 3006 3004 3001 3004 3010 3019 3030 3032 3029 3036 3050 3061 3069 3076 3083 3084 3082 3082 3084 3086 3089 3089 3088 3087 3087 3088 3087 3088 3091 3092 3090 3088 3087 3084 3073 3061 3042 3026 3020 3014 3010 3008 3009 3011 3008 3006 3004 3003 3007 3012 
2995 3001 3007 3010 3013 3004 2993 2995 2998 2999 2999 3000 3001 3004 3006 3006 3004 3008 3014 3024 3037 3041 3042 3048 3056 3065 3075 3079 3080 3080 3078 3080 3085 3088 3089 3089 3089 3090 3094 3095 3091 3088 3090 3091 3089 3088 3087 3085 3078 3067 3045 3026 3020 3014 3009 3005 3008 3011 3008 3005 3006 3006 3009 3011 
2997 3002 3007 3011 3015 3008 3001 3000 2999 3000 3001 3002 3003 3006 3009 3007 3005 3007 3012 3020 3031 3041 3050 3059 3066 3073 3080 3082 3080 3080 3081 3083 3087 3089 3090 3090 3090 3090 3092 3093 3091 3089 3088 3087 3087 3087 3087 3085 3079 3069 3045 3025 3019 3012 3007 3004 3009 3014 3012 3010 3008 3006 3006 3007 
3001 3003 3005 3010 3015 3014 3012 3008 3005 3005 3005 3006 3006 3009 3012 3009 3005 3005 3007 3012 3019 3036 3056 3070 3079 3084 3085 3084 3081 3082 3086 3089 3089 3090 3092 3093 3091 3089 3086 3085 3090 3091 3085 3082 3084 3086 3086 3085 3079 3069 3045 3024 3016 3010 3006 3005 3011 3018 3018 3018 3011 3004 3002 3000 
3002 3004 3006 3010 3013 3012 3010 3009 3007 3007 3008 3006 3004 3006 3009 3008 3005 3004 3003 3010 3020 3038 3060 3073 3081 3084 3083 3081 3079 3079 3083 3086 3087 3088 3089 3090 3089 3088 3087 3087 3089 3089 3082 3079 3081 3082 3085 3085 3078 3067 3043 3023 3016 3010 3009 3008 3013 3017 3016 3014 3010 3005 3006 3007 
3001 3005 3010 3010 3011 3007 3002 3005 3008 3009 3009 3004 2999 3001 3004 3005 3005 3004 3002 3012 3027 3045 3063 3072 3077 3078 3076 3075 3074 3074 3075 3078 3082 3084 3084 3085 3086 3088 3093 3094 3089 3084 3080 3077 3077 3078 3082 3083 3075 3064 3042 3022 3017 3013 3013 3014 3014 3013 3009 3005 3006 3008 3015 3021 
2999 3004 3009 3009 3008 3003 2998 3003 3008 3008 3007 3003 2999 3002 3006 3007 3007 3005 3002 3012 3029 3046 3062 3071 3075 3076 3075 3075 3076 3076 3075 3077 3082 3084 3085 3086 3087 3089 3093 3093 3087 3082 3080 3079 3079 3080 3083 3083 3076 3066 3042 3021 3017 3013 3014 3016 3014 3012 3009 3006 3007 3007 3013 3019 
2997 3002 3006 3005 3005 3001 2998 3003 3008 3006 3003 3003 3002 3007 3013 3013 3010 3006 3003 3012 3027 3043 3059 3069 3074 3076 3077 3079 3082 3082 3081 3082 3085 3088 3090 3091 3092 3092 3090 3088 3084 3082 3083 3084 3086 3087 3086 3085 3080 3070 3043 3020 3015 3010 3013 3015 3014 3014 3015 3015 3009 3003 3005 3006 
2999 3001 3002 3003 3004 3003 3002 3004 3006 3004 3002 3003 3005 3009 3014 3013 3011 3009 3006 3013 3025 3041 3060 3070 3074 3076 3077 3080 3084 3084 3081 3081 3084 3087 3091 3093 3093 3091 3089 3087 3085 3083 3084 3085 3086 3087 3086 3084 3078 3068 3042 3019 3014 3009 3011 3012 3013 3013 3016 3017 3010 3002 3004 3005 
3005 3002 2998 3002 3007 3007 3008 3005 3002 3003 3003 3005 3006 3008 3010 3011 3011 3011 3011 3015 3021 3039 3063 3073 3075 3076 3077 3080 3083 3082 3077 3076 3079 3084 3091 3094 3091 3090 3088 3088 3087 3086 3084 3083 3083 3083 3083 3082 3074 3062 3038 3018 3013 3009 3008 3008 3010 3012 3014 3016 3010 3005 3009 3013 
3008 3003 2997 3003 3008 3010 3012 3008 3003 3004 3005 3006 3007 3008 3010 3010 3009 3010 3011 3013 3016 3035 3061 3072 3074 3076 3077 3080 3083 3081 3076 3075 3078 3083 3090 3093 3091 3090 3089 3089 3088 3087 3086 3084 3083 3082 3083 3081 3072 3061 3038 3019 3013 3007 3006 3006 3008 3010 3014 3017 3013 3010 3011 3012 
3009 3004 2999 3004 3010 3012 3013 3010 3007 3008 3008 3008 3008 3009 3012 3009 3006 3005 3006 3007 3008 3027 3054 3067 3073 3077 3079 3081 3082 3080 3076 3077 3081 3085 3089 3092 3092 3092 3091 3089 3087 3086 3088 3088 3085 3083 3083 3081 3073 3062 3041 3023 3013 3005 3006 3007 3006 3007 3014 3021 3019 3016 3011 3006 
3008 3005 3002 3006 3011 3011 3010 3009 3008 3008 3008 3006 3004 3007 3011 3009 3005 3004 3004 3003 3003 3020 3044 3058 3067 3072 3075 3078 3079 3078 3075 3076 3082 3086 3088 3090 3092 3093 3093 3091 3087 3086 3089 3090 3088 3084 3080 3074 3067 3058 3040 3025 3016 3008 3007 3006 3005 3005 3016 3025 3020 3015 3009 3004 
3006 3006 3005 3008 3011 3007 3003 3005 3007 3006 3005 3001 2997 3001 3008 3008 3007 3006 3005 3003 3000 3012 3031 3045 3055 3062 3066 3071 3075 3075 3072 3074 3083 3087 3087 3088 3091 3093 3095 3094 3089 3086 3089 3091 3090 3085 3072 3061 3055 3048 3035 3025 3021 3016 3011 3005 3004 3005 3018 3029 3018 3007 3006 3004 
3005 3007 3009 3009 3008 3006 3003 3005 3007 3004 3000 2999 2998 3001 3005 3007 3008 3007 3006 3004 3002 3010 3023 3036 3048 3057 3064 3070 3075 3075 3072 3074 3083 3087 3087 3088 3091 3093 3094 3093 3090 3088 3090 3091 3089 3084 3069 3056 3048 3040 3033 3027 3025 3022 3014 3007 3008 3010 3019 3027 3015 3004 3003 3003 
3006 3009 3013 3008 3003 3006 3010 3010 3010 3002 2994 3000 3009 3007 3002 3004 3007 3007 3006 3007 3009 3014 3019 3031 3046 3058 3068 3074 3078 3078 3075 3077 3082 3086 3088 3090 3091 3091 3089 3089 3090 3092 3092 3091 3087 3081 3071 3060 3045 3034 3033 3032 3028 3024 3018 3013 3017 3020 3020 3019 3012 3006 3002 2998 
3005 3008 3012 3006 3001 3007 3013 3012 3010 3003 2995 3002 3011 3007 3000 3002 3007 3007 3006 3008 3012 3013 3012 3022 3039 3054 3067 3074 3076 3078 3077 3080 3085 3088 3089 3091 3091 3090 3087 3087 3090 3092 3091 3088 3084 3079 3072 3062 3044 3031 3033 3033 3029 3026 3023 3020 3021 3022 3018 3014 3009 3004 2999 2994 
3002 3003 3005 3004 3003 3007 3011 3009 3006 3005 3005 3004 3003 3001 2999 3003 3010 3009 3006 3006 3009 3006 3001 3010 3028 3044 3060 3068 3069 3073 3078 3084 3091 3093 3090 3089 3089 3089 3089 3088 3088 3087 3086 3084 3082 3078 3072 3063 3046 3033 3032 3032 3029 3027 3029 3029 3020 3011 3012 3012 3005 2998 2995 2991 
3001 3001 3001 3003 3005 3006 3007 3005 3003 3005 3007 3004 3000 2999 2998 3002 3008 3008 3005 3005 3006 3002 2995 3003 3020 3036 3053 3062 3065 3071 3079 3086 3092 3093 3090 3088 3088 3089 3090 3089 3087 3085 3083 3082 3081 3078 3070 3060 3046 3035 3033 3030 3028 3026 3032 3035 3021 3009 3009 3009 3004 2998 2995 2992 
3002 3001 3000 3002 3004 3002 3000 3001 3002 3001 2999 3002 3007 3003 2997 2998 3001 3002 3003 3003 3003 3000 2996 3003 3016 3031 3047 3058 3064 3072 3081 3085 3086 3087 3087 3087 3089 3090 3090 3090 3088 3086 3084 3083 3083 3080 3064 3051 3044 3037 3033 3030 3025 3023 3030 3035 3026 3018 3012 3006 3006 3005 3002 2999 
3004 3002 3001 3002 3004 3001 2997 2997 2998 2996 2994 3000 3008 3004 2998 2997 2997 2999 3002 3002 3002 3000 2996 3002 3011 3025 3040 3053 3063 3072 3080 3083 3083 3084 3086 3088 3090 3091 3091 3090 3088 3086 3085 3084 3085 3080 3061 3047 3043 3039 3034 3030 3025 3023 3029 3033 3028 3022 3014 3007 3009 3010 3007 3003 
3006 3004 3003 3004 3005 3002 2999 2994 2990 2991 2994 2997 2999 3000 3001 3000 2999 2999 3000 3001 3003 3001 2998 2999 3004 3015 3032 3047 3061 3070 3075 3079 3082 3086 3089 3092 3092 3092 3091 3089 3086 3085 3087 3087 3084 3078 3061 3048 3043 3038 3035 3032 3029 3026 3028 3028 3023 3018 3016 3014 3013 3012 3007 3002 
3007 3004 3001 3004 3006 3004 3001 2996 2990 2993 2996 2996 2996 2999 3003 3002 3001 3000 2999 3000 3004 3002 2999 2998 2998 3008 3025 3042 3060 3070 3073 3077 3083 3087 3090 3092 3092 3091 3088 3086 3083 3083 3086 3087 3082 3074 3057 3043 3037 3032 3031 3030 3028 3026 3024 3021 3018 3015 3017 3018 3014 3011 3005 2999 
3008 3001 2994 3001 3009 3007 3004 3005 3007 3005 3003 3001 3000 3001 3002 3004 3005 3002 2998 3000 3004 3005 3003 3000 2997 3006 3022 3041 3063 3074 3077 3080 3084 3087 3087 3087 3086 3085 3083 3081 3079 3079 3082 3081 3076 3066 3046 3029 3021 3015 3019 3021 3020 3019 3014 3009 3010 3010 3014 3017 3010 3004 2999 2994 
3009 2999 2988 2998 3009 3007 3005 3010 3016 3013 3009 3005 3002 3002 3004 3005 3007 3003 2997 3000 3005 3006 3005 3002 2997 3006 3023 3043 3065 3077 3080 3082 3085 3086 3084 3083 3081 3080 3080 3079 3078 3077 3079 3078 3071 3061 3039 3021 3012 3005 3009 3013 3014 3013 3007 3001 3004 3006 3012 3016 3008 2999 2995 2992 
3014 3000 2986 2994 3004 3004 3003 3006 3010 3010 3010 3005 2999 3003 3009 3008 3005 3002 2999 3001 3004 3005 3004 3003 3002 3014 3034 3052 3069 3078 3080 3082 3085 3085 3083 3081 3080 3080 3083 3084 3081 3079 3079 3077 3071 3061 3043 3026 3016 3007 3006 3005 3010 3012 3005 3000 3001 3003 3010 3017 3007 2998 2997 2997 
3016 3001 2986 2992 2999 3001 3001 3003 3005 3007 3009 3004 2999 3004 3012 3010 3005 3002 3001 3001 3003 3004 3005 3007 3010 3024 3046 3061 3071 3077 3080 3082 3084 3084 3082 3080 3078 3079 3085 3087 3084 3082 3080 3077 3070 3062 3049 3036 3023 3012 3008 3005 3010 3014 3008 3002 3004 3005 3013 3019 3011 3003 3004 3005 
3012 3003 2994 2995 2995 2999 3003 3004 3005 3002 2999 3000 3002 3005 3009 3009 3008 3006 3002 3001 3001 3005 3010 3019 3028 3042 3060 3068 3071 3074 3078 3081 3084 3084 3083 3080 3077 3077 3083 3087 3087 3086 3083 3078 3071 3066 3063 3056 3039 3025 3024 3023 3023 3023 3018 3014 3018 3021 3023 3025 3024 3022 3022 3023 
3008 3005 3002 2998 2994 2999 3004 3004 3004 2999 2993 2997 3003 3006 3007 3009 3012 3010 3005 3004 3004 3010 3019 3031 3045 3058 3072 3075 3072 3073 3078 3081 3082 3083 3084 3081 3076 3076 3082 3087 3088 3088 3085 3081 3074 3070 3073 3070 3052 3038 3039 3039 3037 3035 3030 3027 3031 3035 3034 3033 3035 3038 3037 3037 
3005 3006 3007 3005 3001 3001 3000 3002 3004 3001 2997 2997 2999 3004 3010 3013 3015 3016 3016 3019 3024 3029 3035 3044 3057 3068 3078 3081 3077 3076 3079 3080 3080 3081 3085 3083 3076 3075 3084 3088 3084 3083 3086 3086 3080 3075 3071 3066 3057 3050 3050 3050 3053 3056 3049 3044 3044 3045 3044 3044 3044 3043 3042 3040 
3000 3006 3011 3009 3007 3003 2998 3002 3006 3004 3002 3001 3000 3006 3014 3018 3020 3024 3027 3034 3041 3046 3048 3055 3065 3074 3084 3085 3081 3079 3080 3079 3078 3079 3084 3084 3077 3076 3084 3087 3080 3078 3085 3089 3084 3079 3070 3063 3063 3062 3059 3059 3066 3071 3063 3056 3055 3054 3052 3051 3050 3048 3046 3043 
2991 2999 3008 3007 3005 3003 3002 3007 3013 3013 3012 3015 3020 3019 3018 3025 3035 3038 3039 3046 3054 3055 3054 3056 3060 3070 3085 3088 3083 3080 3080 3079 3078 3078 3079 3080 3080 3081 3082 3081 3076 3075 3081 3084 3081 3077 3072 3068 3069 3069 3065 3063 3067 3069 3059 3052 3059 3063 3054 3046 3048 3051 3050 3049 
2985 2994 3004 3004 3003 3005 3006 3013 3020 3021 3022 3029 3038 3033 3025 3033 3047 3050 3050 3056 3063 3063 3060 3058 3057 3067 3084 3088 3083 3080 3080 3079 3078 3076 3074 3076 3083 3085 3080 3076 3073 3073 3078 3080 3077 3075 3073 3072 3074 3074 3069 3065 3067 3066 3057 3051 3062 3070 3057 3044 3049 3054 3054 3054 
2996 2994 2993 2998 3004 3008 3012 3020 3030 3031 3032 3041 3052 3048 3040 3043 3049 3053 3057 3059 3060 3061 3061 3062 3061 3066 3074 3078 3078 3079 3081 3081 3078 3076 3076 3078 3083 3084 3080 3078 3079 3080 3080 3080 3075 3072 3071 3071 3070 3068 3063 3060 3063 3065 3060 3057 3063 3069 3064 3059 3060 3061 3058 3056 
3005 2994 2984 2995 3006 3012 3018 3028 3038 3040 3041 3051 3063 3060 3053 3051 3051 3056 3063 3062 3058 3059 3063 3065 3066 3066 3066 3068 3073 3078 3082 3082 3078 3076 3077 3079 3083 3083 3081 3080 3084 3085 3083 3080 3074 3070 3071 3070 3067 3063 3059 3056 3060 3064 3062 3061 3065 3068 3069 3071 3068 3066 3061 3056 
3002 2996 2990 3001 3013 3021 3028 3036 3044 3045 3045 3050 3056 3055 3052 3052 3054 3061 3069 3066 3059 3060 3064 3067 3068 3067 3063 3065 3071 3074 3074 3075 3076 3077 3077 3078 3080 3081 3080 3080 3083 3085 3085 3082 3073 3068 3074 3077 3072 3066 3061 3056 3057 3057 3060 3062 3063 3064 3064 3065 3064 3064 3057 3051 
3002 3000 2998 3010 3022 3030 3038 3043 3049 3050 3050 3050 3051 3051 3052 3054 3057 3064 3074 3070 3061 3061 3065 3068 3070 3067 3061 3061 3067 3069 3067 3069 3074 3077 3076 3076 3077 3077 3078 3079 3082 3085 3086 3083 3072 3067 3076 3082 3075 3069 3063 3057 3054 3053 3058 3062 3061 3059 3059 3060 3061 3062 3055 3049 
3016 3019 3023 3031 3039 3043 3048 3050 3052 3055 3057 3058 3057 3057 3057 3059 3062 3066 3069 3067 3064 3064 3066 3066 3064 3063 3061 3060 3060 3059 3059 3062 3070 3075 3077 3076 3074 3072 3072 3074 3078 3080 3080 3079 3075 3073 3072 3072 3074 3074 3068 3064 3060 3058 3061 3063 3058 3055 3055 3056 3060 3063 3062 3061 
3029 3037 3045 3049 3054 3055 3057 3056 3055 3059 3064 3064 3063 3063 3062 3064 3067 3066 3064 3064 3066 3066 3066 3063 3060 3059 3060 3058 3054 3052 3051 3057 3067 3073 3077 3076 3070 3067 3067 3068 3073 3075 3074 3074 3078 3077 3068 3063 3072 3078 3073 3069 3066 3063 3064 3063 3056 3050 3052 3053 3059 3064 3068 3072 
3032 3037 3043 3048 3054 3054 3054 3054 3054 3057 3060 3061 3061 3062 3064 3066 3069 3065 3059 3060 3065 3064 3062 3063 3066 3063 3057 3056 3058 3058 3057 3059 3065 3071 3074 3074 3068 3064 3063 3064 3069 3074 3076 3076 3074 3070 3065 3063 3069 3073 3071 3070 3068 3066 3065 3064 3059 3054 3051 3049 3057 3065 3068 3071 
3035 3038 3041 3047 3053 3053 3052 3053 3054 3056 3057 3058 3059 3062 3065 3068 3070 3064 3055 3057 3063 3062 3058 3062 3071 3067 3054 3054 3062 3064 3062 3062 3065 3068 3071 3071 3066 3062 3059 3060 3066 3072 3077 3078 3070 3064 3062 3062 3066 3069 3069 3070 3069 3068 3067 3065 3061 3057 3051 3046 3056 3066 3068 3070 
3043 3042 3041 3046 3051 3053 3054 3055 3056 3060 3064 3062 3060 3062 3065 3067 3069 3065 3061 3059 3058 3056 3054 3057 3062 3060 3053 3054 3060 3063 3064 3065 3065 3065 3064 3063 3061 3059 3058 3060 3066 3069 3068 3066 3064 3064 3065 3066 3065 3065 3065 3065 3064 3064 3066 3067 3058 3051 3051 3051 3058 3064 3063 3061 
3051 3046 3040 3045 3049 3052 3056 3057 3058 3063 3070 3066 3061 3062 3065 3066 3067 3067 3066 3061 3053 3051 3050 3052 3054 3054 3052 3053 3057 3061 3066 3067 3066 3063 3058 3056 3057 3057 3057 3059 3066 3067 3059 3055 3059 3064 3068 3070 3065 3061 3061 3061 3059 3059 3065 3068 3056 3046 3051 3055 3059 3063 3057 3052 
3044 3046 3049 3054 3059 3061 3062 3060 3058 3059 3061 3061 3060 3059 3059 3062 3065 3064 3061 3057 3052 3053 3056 3059 3061 3058 3053 3055 3061 3063 3062 3062 3064 3063 3059 3057 3059 3060 3059 3060 3063 3063 3058 3056 3059 3063 3070 3074 3066 3060 3061 3061 3057 3054 3063 3069 3063 3057 3056 3056 3060 3064 3060 3056 
3037 3047 3057 3063 3069 3069 3068 3063 3058 3055 3052 3055 3058 3057 3054 3057 3063 3061 3056 3054 3052 3056 3063 3066 3067 3063 3055 3056 3065 3065 3058 3057 3062 3063 3060 3059 3062 3063 3062 3061 3060 3058 3057 3056 3058 3062 3072 3077 3066 3059 3061 3062 3054 3050 3061 3070 3069 3067 3062 3056 3061 3066 3062 3059 