3058 3046 3053 3041 3025 3052 3066 3053 3054 3046 3053 3038 3031 3040 3039 3044 3037 3035 3027 3042 3042 3031 3045 3030 3018 3027 3017 3016 3031 3014 3009 3008 3018 3006 3008 3022 3027 3011 3013 3016 3017 3008 3009 3024 3015 3006 3000 3002 2983 3012 3013 3010 2996 2994 3018 3005 2991 2981 2994 2988 2987 2985 2980 2980
3067 3040 3056 3039 3037 3040 3052 3051 3040 3043 3027 3034 3027 3035 3039 3039 3045 3038 3042 3044 3037 3040 3023 3047 3025 3033 3030 3015 3013 3030 3016 3010 3015 3014 3013 3011 3013 3013 3016 3026 3021 3022 3015 3017 3005 3001 2995 2994 3007 3012 3004 3011 3009 2998 3003 3011 2991 3013 2989 3003 2999 3013 2991 2986
3049 3061 3053 3035 3041 3051 3043 3047 3039 3029 3017 3031 3043 3026 3031 3030 3049 3048 3042 3048 3042 3041 3039 3036 3038 3028 3041 3025 3031 3016 3022 3031 3004 3020 3008 3017 3014 3011 3021 3010 3019 3021 3013 3008 3011 2997 2995 3011 3002 2997 3009 3014 3005 2997 2999 3013 2991 3000 3000 2971 3000 3008 3012 3005
3044 3052 3050 3039 3036 3046 3061 3050 3039 3042 3036 3040 3036 3039 3029 3038 3027 3015 3035 3048 3053 3059 3042 3037 3050 3032 3031 3033 3033 3036 3017 3021 3022 3025 3022 3021 3022 3022 3013 3006 3022 3003 3024 3015 3000 2996 3006 2997 3015 3007 3010 3019 3005 2999 3012 3008 3001 3000 2981 2992 2999 3000 2996 2992
3054 3045 3042 3042 3042 3046 3054 3055 3039 3046 3037 3025 3033 3025 3028 3030 3017 3029 3036 3042 3052 3054 3052 3061 3051 3060 3041 3047 3041 3050 3036 3035 3038 3027 3005 3010 3015 3023 3025 3011 3006 3002 3015 3006 3005 3008 3001 3013 3001 3008 3013 3001 3006 3006 3001 3019 3001 2993 3004 2983 2981 2984 2990 2992
3054 3046 3046 3041 3030 3050 3053 3052 3044 3039 3044 3030 3026 3026 3034 3020 3034 3036 3042 3061 3050 3058 3068 3051 3054 3048 3038 3056 3042 3044 3039 3032 3034 3040 3044 3041 3027 3024 3016 2999 3015 3005 3011 3019 3013 3012 3012 3006 3003 3002 3008 3006 3004 3007 3015 3014 3002 2989 2991 2988 3002 2995 2996 3005
3051 3046 3051 3048 3031 3051 3053 3026 3031 3026 3044 3045 3043 3029 3046 3039 3044 3040 3058 3058 3054 3060 3044 3052 3028 3052 3056 3044 3057 3033 3034 3038 3040 3033 3047 3027 3032 3027 3006 3019 3012 2991 3011 3011 3011 2997 3001 3009 3004 2997 3008 3002 2999 2986 3009 3008 2997 2991 2998 2981 2990 3012 3006 3012
3026 3015 3016 3004 3013 3017 3013 3006 3024 3021 3026 3020 3015 3021 3026 3025 3032 3032 3035 3038 3054 3037 3051 3045 3032 3016 3037 3037 3038 3030 3030 3038 3031 3042 3040 3041 3030 3033 3029 3025 3012 3009 3013 3016 3009 2998 3009 3020 3021 3014 3013 3010 3003 2997 3006 2999 2987 2998 2991 2999 3013 2997 3002 3009
2989 2984 2969 2994 2993 2990 2980 2985 3007 2999 3005 2996 3002 3019 3010 3009 3014 3021 3015 3034 3033 3043 3030 3025 3024 3008 3014 3013 3030 3032 3032 3027 3042 3034 3044 3030 3029 3038 3020 3027 3032 3015 3025 3025 3024 3027 3016 3015 3020 3011 3027 3023 3021 3004 2997 2999 3008 2989 3001 2988 3008 3002 3008 3006
2996 2989 2984 2988 2984 2997 2990 2990 2991 3002 2999 3001 3017 2998 3025 3022 3025 3023 3019 3016 3038 3047 3041 3032 3031 3026 3013 3028 3030 3032 3025 3031 3045 3039 3030 3031 3023 3038 3037 3028 3031 3024 3010 3027 3013 3009 3006 3003 3000 3007 3019 3004 3008 3010 2997 3006 2998 2993 3000 3011 3007 3019 3008 3004
2991 2994 3002 2979 2982 2982 2996 3001 3003 3006 3001 2982 3001 3020 3026 3023 3028 3022 3031 3039 3040 3038 3043 3033 3026 3023 3020 3035 3024 3036 3030 3053 3030 3034 3040 3040 3051 3061 3048 3024 3012 3011 3013 2995 3004 2990 2998 2974 2985 2984 3006 2997 3009 3005 3003 2998 2992 2993 3004 3017 3004 3006 3007 3001
2979 2976 2981 2981 2983 2989 2996 2999 3000 3005 3012 3006 3016 3012 3029 3037 3039 3033 3029 3040 3045 3031 3035 3027 3036 3034 3025 3031 3036 3025 3045 3032 3037 3045 3051 3052 3034 3039 3047 3048 3038 3016 3011 3010 3000 2992 2989 2994 2983 2998 3005 2994 3014 3007 2995 2996 3009 2991 2995 3009 3023 3001 3013 3012
2971 2954 2977 2965 2981 2987 2983 3004 2999 3024 3023 3021 3023 3031 3019 3029 3029 3034 3039 3041 3046 3043 3040 3040 3044 3039 3033 3031 3035 3028 3040 3029 3042 3043 3038 3047 3047 3037 3036 3047 3052 3041 3019 3010 3004 3001 3021 2994 2991 2995 2978 2985 2996 3003 2986 2995 2997 2986 3000 3021 3009 3013 3014 3016
2966 2972 2957 2972 2967 2995 2987 2997 2999 3017 3020 3015 3023 3020 3020 3032 3024 3028 3036 3045 3067 3053 3040 3032 3051 3036 3037 3049 3027 3045 3040 3033 3041 3058 3060 3031 3047 3048 3052 3047 3045 3040 3025 3015 3013 2992 2996 2998 2989 2978 2979 2995 2996 3004 2998 2999 2996 3010 3005 3026 3021 3011 3018 3012
2982 2967 2968 2982 2989 2981 2997 2986 2995 3003 3013 3020 3005 3028 3023 3021 3028 3023 3039 3051 3060 3062 3046 3050 3034 3049 3050 3051 3032 3034 3037 3034 3051 3051 3046 3051 3062 3060 3050 3047 3054 3039 3027 3010 2994 3004 3002 3006 2987 2980 2995 2987 2969 2985 2984 2999 3014 3002 3007 3016 3005 3005 3007 3007
2987 2968 2965 2990 3001 2988 3006 3000 3001 3016 3018 3021 3033 3025 3033 3039 3030 3044 3054 3052 3066 3061 3066 3053 3040 3038 3055 3039 3046 3035 3036 3046 3059 3058 3053 3049 3052 3068 3046 3048 3046 3032 3010 3006 3000 2994 2999 2984 2996 2982 2990 3007 2986 3000 3001 3009 3004 3001 3013 3024 3017 3025 3016 3003
2992 2995 2987 2988 2999 2997 2999 3005 3021 3018 3029 3023 3030 3031 3038 3023 3030 3031 3066 3070 3066 3064 3063 3051 3054 3047 3053 3036 3032 3038 3044 3052 3066 3059 3051 3052 3049 3061 3055 3044 3044 3025 3030 3002 2991 2982 2989 2994 2993 2987 2995 2992 3013 2996 3003 3015 3009 3005 3014 3017 3017 3020 3017 3014
2996 2993 2993 3004 3002 3000 3005 3011 3007 3031 3037 3035 3033 3029 3033 3030 3023 3060 3076 3071 3065 3068 3067 3065 3036 3047 3052 3028 3034 3037 3050 3049 3080 3068 3063 3067 3056 3047 3045 3049 3049 3053 3035 3014 3015 3002 2984 2997 2994 3001 2990 2994 2998 3012 3004 2998 3007 3003 3007 3018 3016 3024 3023 3009
2993 3005 3005 3005 2999 2986 3010 3006 3024 3029 3037 3028 3013 3036 3040 3044 3041 3056 3070 3071 3062 3064 3076 3059 3043 3061 3047 3042 3040 3032 3046 3071 3089 3076 3075 3092 3066 3057 3056 3066 3068 3040 3013 3008 3011 3001 2995 2992 2989 2989 3007 3004 3009 3018 3029 3026 3015 3005 2989 3010 3016 3027 3023 3017
2993 3007 3016 3005 3008 3006 3020 3005 3031 3021 3028 3034 3018 3022 3035 3050 3044 3061 3077 3078 3075 3073 3079 3074 3059 3043 3044 3044 3036 3054 3069 3071 3085 3084 3085 3069 3074 3069 3064 3068 3059 3048 3030 3017 3001 3009 2988 2981 2981 2999 2985 3001 3013 3018 3016 3017 2998 2999 3005 3007 3020 3013 3009 3008
2997 3024 3024 2998 3015 3026 3033 3039 3019 3020 3038 3015 3011 3034 3030 3042 3054 3079 3086 3083 3094 3070 3103 3080 3069 3066 3071 3051 3057 3070 3075 3081 3066 3075 3071 3072 3077 3078 3071 3072 3072 3053 3026 3016 3005 2993 2993 2980 2991 2998 3003 2995 2997 3013 3006 3014 2994 3003 3012 3016 3015 3009 3009 3018
2997 3000 3011 3008 3011 3012 3018 3016 3005 3025 3025 3019 3021 3031 3029 3061 3065 3078 3080 3082 3068 3066 3084 3075 3079 3059 3057 3057 3060 3073 3078 3075 3080 3083 3085 3062 3084 3074 3086 3078 3072 3051 3033 3022 3015 3002 2990 2999 2992 2987 2999 3007 2997 3011 3003 3010 2993 2981 2995 3016 3019 3012 3004 3003
2990 2991 2992 3001 2976 2995 3004 2989 3004 3008 3033 3052 3030 3034 3023 3041 3053 3072 3081 3066 3069 3070 3076 3075 3078 3094 3068 3067 3082 3083 3084 3084 3086 3083 3072 3075 3073 3088 3085 3089 3068 3068 3051 3019 3015 3004 2994 2999 2996 3004 2995 2995 2997 3000 3017 3004 2998 2984 3001 3010 3002 2990 2992 3006
3000 2991 3006 2989 2988 3003 2993 2982 3006 3021 3038 3029 3047 3044 3048 3048 3068 3073 3074 3074 3070 3074 3066 3080 3079 3073 3073 3076 3080 3095 3084 3074 3086 3083 3094 3091 3083 3082 3091 3090 3072 3069 3047 3028 3000 2990 2997 2987 2994 2999 3003 3004 3006 3000 3017 3005 2986 2983 3012 3005 3003 2991 3003 2995
2986 2991 2984 3001 2990 2986 2998 3002 2998 3011 3002 3035 3034 3048 3069 3062 3077 3070 3081 3073 3081 3075 3088 3089 3093 3085 3070 3082 3109 3100 3093 3087 3093 3076 3087 3083 3078 3073 3079 3083 3075 3090 3058 3035 3022 3012 2987 3012 3006 3012 3009 3003 3001 2999 2997 2988 3001 3006 2999 3000 2995 2993 3001 2994
2983 2998 2997 3000 2995 2997 2993 3001 3001 3028 3005 3021 3032 3058 3074 3084 3073 3077 3090 3079 3083 3090 3089 3090 3090 3092 3090 3090 3100 3090 3093 3086 3092 3103 3095 3090 3090 3082 3078 3081 3089 3070 3056 3027 3021 3004 3010 2997 2998 3006 3015 3008 2991 2992 2987 2993 3015 3014 3002 3006 2992 2997 3000 3013
2996 3005 2996 3001 3006 3008 2998 3006 3021 3019 3009 3033 3049 3066 3086 3081 3073 3083 3073 3081 3072 3083 3083 3080 3077 3087 3077 3105 3108 3101 3079 3098 3090 3083 3096 3094 3088 3090 3089 3088 3076 3070 3049 3034 3025 3003 3003 3005 3011 3002 2992 2997 3005 2992 2990 3006 3008 3007 3009 3004 3012 3005 3009 3004
2992 2998 3003 3005 3005 3002 3010 3011 3004 3009 3016 3027 3051 3074 3069 3087 3081 3075 3077 3076 3074 3072 3067 3085 3077 3081 3092 3099 3094 3077 3087 3093 3090 3085 3093 3085 3097 3075 3086 3086 3076 3066 3050 3040 3017 3001 2996 3008 2987 3014 2997 2986 3001 3003 3009 3008 3013 2998 3010 3008 3004 2993 2999 3007
2992 2977 2997 3012 2993 3000 2998 3002 3004 3022 3014 3037 3063 3067 3076 3093 3087 3085 3078 3084 3062 3082 3078 3089 3080 3084 3091 3087 3094 3086 3095 3089 3093 3092 3090 3087 3086 3086 3083 3080 3082 3068 3050 3032 3015 3000 2991 3000 2993 2991 2997 3000 3014 2988 3008 2999 2990 2995 2997 3017 3014 2988 2995 2991
2991 2988 2985 2999 2996 2985 2997 2998 2995 2995 3007 3030 3043 3057 3068 3087 3088 3080 3082 3088 3060 3072 3066 3078 3094 3085 3083 3085 3094 3094 3089 3114 3094 3094 3083 3091 3088 3088 3077 3067 3070 3068 3037 3017 3011 2996 3002 3000 3012 3001 3010 3005 2997 3000 3007 2998 3011 2989 3004 3020 2994 2983 2993 3008
2999 3001 2998 2989 2992 2992 3000 3005 3005 3008 3015 3031 3028 3054 3071 3074 3077 3079 3086 3095 3080 3080 3080 3088 3094 3082 3088 3075 3091 3098 3101 3083 3078 3090 3075 3079 3090 3078 3081 3078 3062 3065 3030 3014 3004 3007 3003 2986 3000 2991 2999 2995 2991 2997 3004 2995 2991 3005 3008 3004 3003 2994 2995 3001
2997 3006 2999 3001 2985 3004 3003 2994 2990 2998 3021 3011 3034 3045 3053 3077 3064 3080 3084 3087 3094 3088 3090 3084 3087 3087 3079 3084 3091 3087 3084 3079 3082 3085 3080 3082 3095 3089 3087 3074 3068 3064 3028 3005 3008 2999 2998 3004 2992 2988 2988 2994 2999 3000 2999 2996 2985 2998 3005 2993 2996 3002 2995 3003
2996 3005 2995 2991 2993 3001 3003 3003 2996 2999 2988 3011 3027 3047 3062 3070 3071 3075 3084 3088 3083 3071 3090 3087 3092 3088 3080 3082 3099 3084 3090 3091 3078 3085 3078 3096 3079 3090 3078 3085 3071 3060 3039 3029 3016 3004 3006 3003 3003 2998 3000 3000 3013 3003 2987 3013 3007 3004 3011 3000 2996 3001 3008 3005
2995 2985 2991 2992 2996 3002 3011 2994 2987 2999 2986 3010 3028 3038 3063 3050 3068 3074 3068 3077 3091 3095 3087 3084 3081 3078 3092 3092 3083 3084 3075 3089 3074 3080 3079 3074 3090 3087 3081 3076 3066 3046 3040 3030 3017 3001 3005 3000 2998 3015 3009 3003 3009 3007 3005 3016 3012 3001 3002 3003 2998 3002 3016 3010
2993 2999 3001 2999 2984 2999 2995 2990 2985 2985 3004 2999 3021 3033 3040 3059 3071 3074 3084 3077 3074 3088 3086 3091 3094 3099 3082 3081 3078 3092 3090 3085 3101 3086 3083 3088 3078 3090 3081 3073 3066 3059 3033 3015 3008 3016 3003 2996 3012 3010 3002 3006 2993 2997 3011 3014 3004 3011 3014 3010 2996 3000 2998 3012
2995 2989 2992 2994 2985 2983 2990 2983 2981 3003 3001 3000 3014 3018 3041 3055 3068 3077 3067 3076 3083 3076 3098 3094 3081 3094 3086 3085 3098 3090 3092 3094 3088 3089 3091 3100 3084 3072 3077 3074 3065 3053 3041 3015 3003 3014 3009 2994 3004 3020 2989 3002 3007 2999 2993 2997 3003 3009 2990 3005 2998 3014 2998 3004
3004 2992 3000 2996 2989 2983 2983 2984 2989 2995 3001 3006 3002 3014 3032 3028 3055 3067 3062 3068 3089 3071 3088 3092 3084 3086 3089 3075 3074 3080 3090 3092 3094 3090 3089 3088 3072 3089 3074 3072 3070 3056 3028 2997 2995 2990 3013 3009 3000 3013 3003 3004 3016 3006 3008 3012 3003 3005 3006 3001 3009 3014 3009 2999
2997 3002 2988 2998 2991 2990 2985 2987 2987 2996 3011 2996 2999 3004 3025 3034 3049 3067 3074 3071 3084 3080 3086 3091 3077 3078 3086 3096 3087 3079 3087 3091 3094 3085 3084 3093 3080 3079 3079 3070 3058 3049 3010 2983 3003 2979 2988 2999 3006 3009 3000 3003 3010 3010 3005 3001 3001 3009 3009 3012 3002 3004 3002 3016
2995 2992 3001 3004 2983 2997 2988 2988 2981 2996 2996 2998 3001 3010 3004 3020 3032 3055 3069 3080 3086 3062 3083 3079 3084 3102 3101 3104 3096 3094 3091 3090 3110 3089 3088 3093 3088 3070 3073 3065 3053 3026 3028 3004 3007 3002 3001 2999 2993 3004 3007 2999 3011 3012 3012 3001 3021 2998 3014 3008 3009 3007 3006 2994
3004 3001 3002 2995 2983 2986 2987 2998 2983 2989 2995 3008 3006 2996 3011 3013 3011 3048 3070 3073 3088 3075 3083 3080 3085 3098 3094 3104 3090 3085 3093 3090 3089 3081 3089 3092 3087 3074 3061 3075 3034 3024 3015 3007 2990 3013 3000 2999 3006 3010 2995 2999 3007 3001 3004 2992 3001 2990 3006 3024 3010 2999 3000 2992
2998 3002 2990 2996 2991 2985 2995 2986 2988 2994 2991 2991 2996 2995 3006 3001 3008 3033 3056 3065 3058 3083 3095 3084 3092 3082 3082 3091 3084 3072 3096 3077 3081 3090 3075 3090 3066 3077 3075 3065 3033 3030 3014 3002 2994 2999 3005 3014 3002 3016 3008 3006 3014 3011 3010 3016 3022 3021 3021 3019 3011 3015 3021 3003
3003 3005 2992 2991 2987 2965 2978 2984 2987 2987 2978 2977 3003 2991 2981 3009 3008 3021 3039 3058 3066 3075 3095 3094 3084 3084 3080 3079 3074 3088 3085 3079 3074 3082 3063 3071 3086 3086 3076 3069 3055 3032 3014 3005 2993 3001 2997 3016 3006 3017 3025 3012 3005 2995 3015 3015 3031 3034 3026 3026 3012 2997 3014 3011
2999 3004 2989 2990 2992 2989 2987 2979 2983 2985 2994 2994 2997 3006 3004 2991 2997 3010 3027 3057 3074 3073 3085 3098 3100 3088 3082 3077 3089 3086 3087 3082 3090 3085 3079 3084 3084 3082 3083 3072 3046 3019 3028 3014 3004 3005 3004 3010 3013 3027 3028 3009 3015 3005 3005 3009 3008 3037 3034 3041 3027 3008 3017 3023
3009 2993 2993 3002 2989 2974 2985 2987 2984 2994 2993 2999 3015 3009 3005 2995 3001 3011 3014 3030 3062 3080 3098 3083 3089 3087 3066 3087 3093 3075 3090 3078 3089 3071 3092 3084 3079 3073 3076 3073 3053 3026 3018 3006 3011 3011 3002 3017 3013 3008 3002 3017 3004 3007 3000 3008 3020 3054 3038 3053 3023 3013 3009 3020
2998 3008 2996 2987 2990 2987 2993 2992 2989 2996 3006 3009 3010 3004 3005 2995 3004 3000 3016 3023 3053 3073 3070 3092 3083 3070 3083 3090 3086 3074 3092 3067 3069 3071 3089 3082 3069 3075 3072 3069 3054 3042 3018 3002 3011 3000 3015 3007 2992 2995 3014 3008 3009 3014 3021 2991 3019 3030 3033 3012 3036 3022 3015 3008
2988 2991 2987 2983 2995 2981 2987 2986 2982 3001 2999 3007 2999 3004 3006 3007 2992 3000 2995 3022 3054 3063 3072 3069 3081 3081 3079 3091 3078 3088 3088 3073 3080 3069 3091 3085 3061 3084 3076 3068 3065 3041 3017 3008 3002 3005 2997 3000 2996 2984 3009 2998 3012 2991 3006 3003 3017 3030 3016 3030 3020 3020 3010 3016
2990 2996 2996 2982 2990 2980 2998 2995 2993 3001 2993 3003 3001 2994 3007 3011 2994 3002 3002 3023 3051 3063 3064 3078 3077 3098 3104 3086 3081 3067 3085 3079 3075 3084 3087 3076 3075 3090 3086 3075 3059 3030 3016 3013 3005 3011 3009 3004 2997 2993 2998 3008 3010 3003 3000 3005 3017 3039 3028 3037 3020 3009 3010 3006
2990 2999 3007 2995 2992 3000 2985 2995 2994 2994 2999 2997 2988 3004 3005 3001 2990 2996 3005 3018 3046 3058 3080 3076 3085 3091 3095 3088 3077 3089 3095 3084 3086 3085 3081 3084 3081 3086 3080 3060 3052 3037 3022 3010 3027 3008 3015 2990 2994 2992 3012 3012 3017 3012 2999 2986 3003 3007 3022 3033 3023 3001 3002 3023
2987 3001 3006 3003 3008 3004 3010 3023 2995 2999 3001 3002 2995 3004 2994 3007 3010 2994 3008 3035 3040 3060 3072 3071 3072 3081 3094 3075 3083 3076 3086 3081 3095 3074 3088 3079 3087 3079 3081 3070 3058 3043 3016 3017 3013 3005 3005 3008 3010 3012 2993 3002 3000 3010 2988 2977 3012 3026 3020 3034 3022 3014 3016 3017
2992 2998 2996 3006 3016 3000 3015 3006 3015 3004 2990 2998 3023 2997 2999 3004 3015 3019 3010 3036 3059 3071 3078 3074 3076 3084 3093 3073 3080 3091 3073 3083 3079 3087 3084 3086 3085 3072 3080 3075 3061 3041 3031 3015 3014 3012 3005 3012 3004 3008 3004 2995 3007 3004 2996 2992 2991 3021 3024 3024 3018 3012 3015 3028
2988 2995 2997 2990 3005 3011 3012 2998 3004 2999 2991 2996 2988 2995 2993 3004 3005 3016 3033 3033 3055 3068 3084 3080 3082 3095 3081 3085 3088 3088 3085 3090 3085 3093 3101 3094 3093 3098 3088 3078 3067 3058 3039 3030 3021 3020 3020 2997 3012 3010 3000 2996 2997 3001 3001 3010 3008 3004 3004 3000 3024 3018 3016 3005
2980 2999 3002 2989 3002 3009 3007 2993 3007 2996 3003 3003 2997 3007 2998 3010 3010 3008 3033 3037 3075 3075 3089 3074 3076 3073 3081 3069 3081 3083 3073 3091 3078 3086 3080 3084 3095 3092 3068 3087 3064 3061 3064 3038 3037 3035 3013 3016 3008 3023 3002 3012 3004 2989 3010 3013 3003 3006 3023 3012 3020 3024 3021 2998
2993 2986 2991 2999 3016 2998 2995 3000 2995 3007 3022 3026 3008 3005 3004 3000 3038 3045 3044 3068 3072 3082 3077 3078 3076 3085 3077 3083 3093 3073 3078 3092 3079 3075 3086 3085 3074 3067 3070 3067 3079 3081 3068 3061 3040 3041 3041 3027 3030 3028 3027 3018 3017 3023 3020 3017 3015 3024 3016 3010 3031 3029 3030 3021
3003 3002 3003 3006 2999 3013 3000 3000 3000 3017 3020 3017 3014 3026 3009 3035 3043 3062 3060 3068 3085 3083 3085 3081 3079 3085 3076 3084 3072 3063 3071 3083 3092 3079 3076 3077 3077 3059 3076 3073 3071 3086 3075 3081 3053 3045 3043 3049 3041 3040 3031 3034 3036 3033 3034 3021 3021 3023 3027 3029 3029 3043 3027 3018
2994 3000 3006 2998 2998 2997 3018 3020 3010 3013 3028 3028 3025 3027 3028 3046 3038 3058 3054 3063 3079 3077 3080 3085 3101 3091 3086 3079 3069 3073 3082 3084 3086 3084 3077 3061 3076 3073 3071 3075 3093 3086 3075 3078 3061 3061 3053 3048 3057 3045 3037 3050 3042 3053 3047 3029 3037 3024 3045 3040 3045 3038 3045 3039
2996 3007 3008 3022 3003 3002 3010 3013 3031 3027 3033 3036 3027 3041 3039 3050 3054 3059 3059 3054 3063 3065 3073 3084 3076 3084 3090 3095 3079 3073 3082 3084 3083 3082 3081 3072 3092 3075 3074 3082 3096 3105 3086 3089 3070 3057 3066 3050 3045 3055 3044 3062 3056 3057 3045 3025 3038 3045 3052 3060 3035 3031 3041 3034
3007 3022 3037 3022 3021 3007 3008 3021 3039 3037 3058 3038 3040 3055 3047 3058 3065 3073 3071 3074 3071 3073 3073 3076 3081 3070 3095 3081 3089 3086 3077 3090 3078 3095 3086 3087 3082 3078 3090 3085 3092 3093 3092 3084 3074 3062 3073 3078 3059 3061 3051 3062 3073 3066 3048 3037 3054 3052 3060 3055 3049 3056 3039 3038
3028 3029 3038 3031 3035 3038 3018 3046 3050 3054 3042 3057 3066 3075 3063 3081 3085 3075 3070 3055 3072 3078 3074 3085 3075 3089 3078 3081 3087 3070 3076 3083 3088 3087 3090 3079 3090 3085 3088 3086 3072 3081 3083 3086 3065 3071 3068 3087 3068 3060 3056 3073 3070 3070 3051 3047 3064 3072 3060 3049 3061 3075 3070 3055
3031 3041 3049 3050 3033 3052 3046 3054 3048 3056 3044 3052 3061 3060 3065 3066 3085 3077 3086 3068 3072 3082 3079 3075 3074 3070 3080 3090 3092 3080 3087 3082 3084 3079 3081 3086 3086 3084 3083 3085 3078 3070 3092 3080 3087 3057 3070 3075 3051 3059 3051 3073 3071 3061 3045 3054 3051 3064 3070 3066 3075 3077 3072 3072
3039 3046 3057 3062 3059 3059 3066 3051 3060 3062 3058 3056 3065 3061 3057 3057 3071 3083 3087 3077 3077 3079 3083 3072 3063 3074 3070 3073 3072 3093 3095 3096 3085 3094 3097 3104 3089 3078 3090 3075 3082 3084 3087 3080 3071 3069 3068 3079 3066 3066 3070 3072 3075 3072 3068 3075 3079 3063 3064 3076 3068 3086 3076 3071
3042 3045 3054 3069 3067 3065 3062 3060 3055 3062 3078 3068 3066 3071 3060 3064 3072 3073 3075 3071 3069 3070 3072 3075 3074 3067 3080 3080 3069 3079 3084 3089 3078 3102 3069 3082 3089 3092 3075 3077 3077 3071 3082 3089 3071 3057 3077 3077 3080 3052 3075 3075 3076 3053 3061 3074 3074 3065 3068 3074 3067 3068 3077 3052
3053 3049 3052 3053 3072 3070 3079 3072 3071 3078 3084 3082 3077 3073 3064 3071 3058 3069 3068 3074 3062 3061 3076 3080 3062 3061 3083 3066 3068 3077 3062 3076 3086 3073 3062 3072 3073 3074 3086 3081 3078 3079 3069 3081 3074 3063 3068 3088 3088 3063 3084 3079 3075 3058 3069 3073 3077 3078 3074 3076 3080 3070 3064 3044
3049 3044 3062 3049 3053 3059 3072 3075 3056 3066 3057 3081 3081 3077 3076 3067 3073 3082 3082 3073 3061 3069 3062 3069 3063 3075 3068 3075 3074 3064 3067 3074 3085 3088 3074 3068 3078 3079 3085 3085 3067 3073 3072 3067 3065 3054 3076 3079 3066 3067 3075 3072 3069 3071 3070 3059 3074 3075 3079 3073 3071 3062 3057 3067
3058 3051 3063 3044 3042 3061 3060 3057 3059 3076 3083 3075 3076 3057 3066 3070 3078 3082 3087 3088 3080 3073 3076 3081 3060 3065 3079 3069 3058 3068 3062 3063 3071 3066 3072 3070 3085 3080 3075 3075 3092 3069 3073 3055 3068 3069 3064 3083 3080 3074 3067 3071 3076 3090 3071 3048 3069 3083 3066 3061 3057 3064 3046 3064
