3068 3075 3070 3074 3072 3082 3070 3050 3061 3066 3066 3059 3076 3065 3051 3057 3056 3060 3041 3047 3052 3056 3067 3061 3051 3048 3049 3046 3055 3052 3042 3027 3034 3037 3045 3029 3025 3030 3035 3033 3028 3027 3024 3034 3031 3033 3025 3025 3018 3046 3029 3022 3030 3023 3015 3024 3024 3034 3015 3014 3018 3038 3026 3001
3066 3055 3064 3060 3066 3054 3052 3067 3054 3047 3060 3059 3055 3045 3043 3044 3055 3046 3043 3035 3046 3060 3043 3048 3038 3049 3053 3056 3061 3048 3030 3035 3033 3032 3030 3020 3040 3032 3023 3024 3039 3026 3023 3025 3024 3032 3020 3031 3032 3027 3027 3029 3021 3028 3032 3030 3029 3032 3018 3011 3005 3017 3000 2995
3063 3040 3052 3065 3052 3059 3061 3059 3055 3058 3068 3058 3056 3053 3035 3037 3052 3032 3044 3045 3033 3045 3047 3047 3055 3052 3039 3034 3055 3045 3053 3053 3052 3054 3023 3029 3038 3045 3041 3033 3017 3018 3016 3026 3028 3024 3014 3013 3018 3026 3039 3034 3032 3031 3033 3026 3035 3010 3015 3002 3001 3001 3010 3003
3044 3049 3062 3068 3049 3039 3055 3058 3047 3047 3063 3049 3048 3037 3033 3033 3028 3038 3036 3039 3024 3038 3033 3050 3047 3044 3045 3047 3049 3047 3050 3050 3050 3053 3048 3027 3034 3032 3023 3027 3017 3013 3032 3026 3013 3026 3022 3035 3024 3028 3026 3021 3032 3033 3032 3015 3029 3015 3021 3009 3001 3013 3010 3020
3061 3059 3046 3047 3059 3053 3051 3038 3041 3039 3039 3033 3039 3015 3014 3034 3023 3037 3025 3023 3040 3043 3038 3043 3044 3056 3045 3059 3041 3045 3040 3031 3045 3050 3040 3033 3043 3034 3033 3029 3031 3018 3027 3021 3029 3023 3025 3034 3026 3030 3024 3024 3027 3032 3023 3020 3027 3009 3013 3009 3014 3006 3019 3007
3053 3051 3047 3053 3048 3044 3037 3039 3032 3046 3056 3025 3029 3034 3026 3034 3029 3040 3023 3041 3033 3042 3028 3049 3029 3052 3061 3051 3048 3058 3052 3054 3068 3059 3057 3048 3021 3027 3033 3036 3035 3015 3035 3033 3030 3022 3019 3032 3049 3031 3043 3020 3025 3034 3025 3017 3016 3010 3010 3020 3021 3017 3019 3025
3044 3054 3055 3057 3043 3045 3047 3033 3029 3046 3046 3042 3027 3031 3039 3052 3039 3031 3042 3040 3031 3038 3049 3043 3032 3050 3043 3072 3058 3064 3051 3050 3072 3069 3072 3044 3041 3034 3042 3033 3029 3020 3017 3018 3030 3029 3038 3015 3026 3030 3039 3026 3017 3024 3021 3028 3026 3023 3003 3017 3015 3010 3015 3020
3015 3026 3016 3009 3017 3012 3010 3003 3005 3016 3021 3025 3023 3019 3010 3013 3024 3019 3029 3023 3039 3036 3035 3024 3032 3041 3049 3050 3061 3051 3048 3053 3056 3061 3052 3048 3043 3045 3040 3027 3018 3025 3020 3012 3016 3015 3008 3025 3017 3033 3028 3028 3026 3030 3022 3021 3024 3016 3007 3013 3025 3019 3017 3005
2970 2978 2980 2992 2982 2979 2972 2983 2990 2990 2996 2996 3001 3000 3005 3006 3007 3008 3013 3013 3023 3028 3022 3027 3032 3027 3054 3028 3046 3037 3043 3053 3057 3047 3035 3043 3031 3045 3024 3020 3008 3026 3007 3012 3010 3016 3012 3015 3019 3024 3008 3023 3028 3035 3015 3016 3012 3014 3024 3014 3023 3004 3009 2998
2973 2979 2969 2985 2981 2960 2980 2980 2990 2994 3005 2999 3000 3000 2996 3005 2996 3005 3018 3013 3017 3022 3029 3037 3033 3025 3043 3052 3037 3040 3044 3044 3052 3051 3055 3059 3059 3064 3045 3045 3022 3025 3019 3005 3017 3012 3021 3015 3024 3021 3026 3021 3023 3028 3031 3018 3022 3023 3031 3014 3012 3024 3013 3003
2992 2972 2983 2981 2980 2978 2982 2985 2989 3000 3025 3013 2997 2998 3009 3004 3007 3014 3014 3015 3004 3023 3038 3028 3024 3049 3038 3052 3060 3057 3066 3057 3050 3048 3064 3065 3070 3068 3063 3056 3028 3024 3025 3024 3032 3015 3021 3019 3011 3033 3013 3022 3027 3026 3029 3017 3005 3033 3020 3022 3027 3013 3010 2995
2981 2981 2971 2983 2973 2983 2990 2996 2984 2997 2998 2994 2997 2998 3003 3003 3014 3015 3012 3018 3019 3017 3026 3037 3044 3049 3062 3050 3070 3065 3080 3065 3069 3074 3070 3083 3088 3087 3085 3070 3063 3039 3047 3016 3032 3033 3017 3020 3028 3029 3021 3029 3032 3038 3032 3036 3026 3018 3028 3018 3010 3020 3004 3007
2972 2972 2982 2980 2982 2983 3013 3012 2990 2985 2995 2998 2998 3003 2992 3015 3004 3011 3017 3008 3023 3023 3045 3056 3069 3075 3072 3066 3085 3073 3086 3079 3087 3086 3084 3087 3078 3084 3087 3096 3073 3056 3047 3032 3037 3019 3038 3039 3043 3039 3031 3041 3040 3048 3051 3021 3022 3031 3026 3018 3019 3011 3028 3010
2971 2979 2986 2985 2971 3001 3003 2991 2989 2990 2994 3000 3005 2990 2997 2995 3014 3005 3021 3012 3016 3025 3036 3055 3072 3071 3068 3074 3080 3082 3072 3076 3074 3085 3090 3088 3078 3082 3091 3086 3081 3074 3070 3054 3055 3042 3046 3041 3053 3051 3043 3046 3044 3065 3040 3025 3016 3009 3019 3027 3013 3016 3013 3018
2969 2966 2978 2980 2987 2982 2980 2987 2982 2992 3004 2992 2980 2991 3002 2995 2985 3008 3028 3005 3017 3023 3046 3058 3061 3071 3073 3080 3086 3095 3071 3084 3082 3084 3075 3094 3091 3095 3074 3076 3079 3096 3077 3064 3066 3050 3063 3045 3067 3059 3046 3048 3058 3053 3046 3034 3025 3014 3014 3031 3015 3010 3005 3008
2978 2988 2993 2994 2982 2997 2987 2984 2988 2985 2985 2999 2988 3000 2998 2997 3004 3009 3010 3023 3021 3040 3046 3061 3064 3079 3069 3073 3087 3091 3085 3084 3093 3087 3097 3099 3102 3098 3082 3085 3086 3091 3073 3066 3071 3071 3084 3070 3071 3066 3078 3063 3063 3059 3056 3049 3024 3023 3025 3026 2999 3000 2997 3014
3003 2999 3011 3000 2982 2995 2995 2997 3001 2988 3013 2994 3011 3007 2999 3004 3009 3007 3011 3024 3022 3040 3062 3073 3074 3070 3081 3087 3083 3080 3089 3094 3097 3095 3102 3085 3099 3090 3094 3082 3094 3096 3085 3072 3070 3063 3069 3066 3093 3098 3087 3082 3082 3067 3047 3039 3022 3028 3021 3006 2996 2992 3003 2998
3010 3004 3005 3002 3010 3008 2998 2994 2991 2997 2996 3001 2999 3005 2992 3018 3018 3026 3013 3025 3021 3042 3055 3079 3066 3074 3072 3082 3092 3093 3086 3096 3099 3102 3085 3083 3096 3096 3099 3088 3088 3100 3077 3083 3073 3072 3066 3085 3097 3095 3085 3088 3071 3065 3062 3057 3039 3019 3017 3010 3013 3002 3000 3021
3007 3000 3012 3008 2995 3012 3016 2991 2996 2998 2993 2998 2995 3003 3005 2998 3014 3015 3011 3018 3018 3036 3051 3065 3073 3070 3086 3075 3094 3099 3091 3096 3086 3085 3097 3094 3101 3108 3092 3095 3097 3090 3092 3086 3070 3082 3075 3086 3078 3078 3082 3103 3081 3098 3075 3053 3046 3036 3028 3011 3005 3023 3017 3008
2989 2998 3006 3007 3010 3017 3003 2999 2983 2990 2999 2992 3003 3000 3000 3009 3010 3015 3016 3041 3020 3032 3069 3068 3074 3071 3067 3084 3096 3087 3083 3088 3083 3076 3088 3090 3084 3095 3098 3102 3082 3079 3094 3079 3068 3082 3068 3070 3086 3075 3087 3074 3090 3083 3069 3065 3044 3036 3031 3023 3020 3009 3011 3002
2995 2998 2999 3005 3018 3012 3010 3013 2993 2995 3001 2998 3001 2999 3008 3001 3003 3017 3024 3024 3033 3033 3049 3062 3066 3071 3073 3082 3078 3088 3080 3090 3100 3099 3088 3100 3091 3097 3110 3079 3091 3094 3093 3087 3088 3075 3073 3078 3088 3095 3082 3073 3080 3082 3072 3061 3038 3019 3028 3014 3030 3009 3002 3002
2987 2998 2999 2993 3022 3008 3010 2996 2995 2996 2995 2996 2986 3005 3020 3004 3000 3017 3022 3027 3018 3027 3045 3051 3075 3061 3072 3074 3095 3087 3083 3091 3092 3089 3097 3094 3100 3096 3077 3102 3074 3073 3085 3089 3077 3086 3073 3086 3088 3122 3087 3066 3079 3079 3069 3069 3044 3008 3027 3031 3018 3006 3001 3008
3015 3007 2993 2995 3008 3004 3000 2987 3005 3011 2990 2990 2987 3005 3001 3011 3007 3014 3018 3022 3035 3034 3039 3049 3067 3069 3077 3079 3091 3074 3077 3078 3091 3089 3085 3082 3086 3097 3082 3098 3087 3088 3081 3080 3092 3082 3074 3088 3087 3089 3085 3078 3079 3076 3079 3059 3047 3034 3022 3025 3012 2996 2995 2993
3004 3004 2997 3002 3001 3004 2997 2991 2999 3010 2998 2995 2995 3003 2987 3006 3016 3009 3009 3005 3020 3038 3034 3050 3071 3076 3098 3077 3094 3084 3077 3075 3097 3086 3093 3082 3095 3085 3095 3091 3079 3086 3081 3082 3087 3082 3084 3084 3097 3095 3080 3092 3082 3072 3079 3069 3039 3033 3027 3018 3013 3011 3002 3010
3004 3009 3005 3013 3007 2986 3008 3001 2987 2996 3003 3002 2999 2994 3001 3008 3012 3008 3007 3007 3009 3032 3050 3059 3063 3088 3099 3087 3079 3094 3090 3080 3081 3094 3083 3090 3094 3097 3103 3101 3095 3089 3087 3089 3087 3074 3087 3078 3083 3093 3087 3085 3073 3078 3080 3078 3043 3041 3017 3016 3011 3004 3006 3007
3000 3000 2989 2996 2990 3005 3004 3002 2995 3001 3000 3001 3002 3000 3001 3000 3009 3003 3022 3013 3011 3032 3055 3061 3069 3073 3088 3081 3085 3096 3078 3091 3081 3087 3078 3088 3088 3089 3107 3102 3102 3081 3081 3090 3075 3081 3078 3076 3087 3085 3082 3084 3083 3079 3079 3057 3046 3020 3026 3019 3010 3016 2999 3009
3008 2995 3004 3001 2991 3004 3009 3010 2999 3014 3014 3008 3005 3011 2984 2999 3007 3001 2986 3007 3029 3029 3045 3066 3070 3078 3084 3071 3080 3085 3086 3088 3096 3093 3098 3079 3080 3088 3094 3081 3086 3100 3085 3084 3081 3085 3073 3077 3084 3081 3085 3078 3091 3081 3070 3065 3049 3044 3035 3008 3018 3016 3023 3013
2993 3000 3012 2996 3004 3006 3009 2998 2993 2993 3013 3007 3009 3000 2994 2996 3000 3010 3006 3004 3026 3035 3057 3060 3073 3086 3073 3074 3078 3078 3075 3088 3101 3091 3082 3088 3077 3077 3086 3078 3087 3077 3081 3082 3086 3074 3080 3079 3077 3089 3071 3073 3081 3088 3074 3068 3044 3024 3026 3010 3031 3015 3024 3016
3007 2994 2995 3002 2999 3007 3004 3003 3008 3013 3007 3010 3007 2995 2993 2996 2992 2992 3002 3004 3010 3027 3055 3048 3080 3073 3079 3085 3074 3076 3093 3092 3090 3102 3099 3085 3074 3082 3080 3078 3079 3081 3088 3095 3098 3089 3084 3100 3089 3086 3076 3063 3081 3074 3077 3067 3049 3038 3018 3007 3029 3013 3010 3018
2997 3003 3001 3003 3010 3011 3001 3005 2998 2999 3005 3007 3005 3001 2998 2993 2988 2999 3009 3004 3010 3020 3040 3061 3070 3073 3076 3072 3078 3081 3087 3082 3078 3082 3094 3091 3094 3084 3072 3087 3073 3067 3088 3090 3095 3092 3075 3080 3106 3089 3081 3079 3091 3085 3072 3062 3052 3032 3024 3015 3016 3014 3005 3013
3012 2999 2989 3001 3001 3006 3013 2997 2996 2994 3009 3005 2989 3008 3007 3009 2992 2994 3008 3006 3021 3026 3033 3059 3070 3080 3084 3073 3090 3087 3079 3087 3086 3081 3092 3080 3081 3080 3054 3070 3075 3074 3071 3094 3078 3077 3083 3098 3096 3093 3089 3085 3085 3086 3080 3043 3047 3022 3022 3016 3014 3020 3016 3016
3007 3003 2999 3004 3012 3010 2996 2997 3003 3009 2997 3000 2992 2997 2999 3007 3010 2982 2992 3003 3010 3013 3027 3038 3060 3069 3074 3084 3080 3079 3083 3066 3080 3077 3078 3101 3085 3069 3076 3063 3065 3069 3075 3080 3066 3077 3076 3084 3078 3090 3094 3068 3071 3078 3055 3032 3033 3036 3034 3029 3020 3024 3020 3003
3005 3002 3004 3009 2991 3001 3006 3009 3002 2991 2988 3001 2980 2993 3006 2999 2994 2987 2991 2995 3012 3008 3003 3038 3048 3068 3068 3086 3078 3086 3094 3085 3075 3092 3081 3086 3096 3082 3080 3078 3075 3069 3075 3071 3087 3079 3069 3075 3065 3079 3082 3083 3081 3071 3052 3029 3036 3022 3020 3019 3016 3009 3013 3027
3014 3006 3013 3011 3004 3007 3008 3003 3002 2998 2995 2999 3007 2999 3004 2984 2988 2995 2992 3012 3005 3003 3018 3010 3038 3052 3066 3069 3087 3071 3080 3085 3085 3094 3095 3098 3097 3092 3079 3076 3068 3074 3079 3063 3083 3073 3073 3080 3067 3081 3073 3077 3076 3058 3041 3027 3032 3032 3021 3022 3011 3027 3011 3007
2994 3003 2987 2994 2997 3003 3012 3003 3006 2993 3005 3005 3009 3002 3004 2985 2993 2997 2998 3001 2995 3021 3013 3024 3029 3044 3056 3069 3084 3077 3091 3082 3085 3088 3091 3093 3086 3089 3071 3073 3073 3081 3084 3075 3082 3093 3090 3079 3076 3080 3071 3055 3081 3083 3042 3038 3027 3021 3020 3005 3018 3014 3014 3012
3004 2988 2986 2986 2993 3007 3004 3004 2998 3012 3002 2998 3013 3007 2994 2998 2999 2982 2979 2996 3011 3011 3008 3017 3035 3035 3055 3068 3069 3080 3099 3083 3084 3079 3088 3088 3079 3073 3079 3079 3082 3085 3082 3071 3084 3085 3078 3083 3087 3085 3064 3085 3064 3083 3052 3024 3023 3013 3026 2999 3013 3013 3024 3015
3005 3008 3002 2995 3004 3012 3009 3011 3012 2998 3000 3002 3017 3001 2998 3004 2995 2974 2982 2984 3001 3002 3016 3008 3030 3049 3060 3064 3071 3074 3065 3081 3084 3077 3075 3067 3058 3073 3082 3078 3084 3082 3079 3068 3073 3094 3101 3092 3090 3071 3070 3050 3069 3064 3054 3036 3036 3031 3026 3021 3016 3012 3021 3020
3018 3014 3018 3000 2997 3006 3011 3014 3010 3012 3013 3004 2996 3001 3002 2993 3010 3013 2991 2988 2996 3006 2993 3003 3025 3038 3064 3066 3071 3061 3071 3084 3089 3091 3080 3073 3075 3076 3088 3082 3091 3080 3084 3087 3083 3088 3093 3072 3082 3093 3084 3052 3067 3071 3042 3040 3037 3029 3023 3025 3005 3019 3014 3019
2999 3007 3015 3003 3001 2997 3003 3011 3005 3003 3008 3003 3009 3013 3004 3002 3005 3004 2993 2997 2993 3005 2985 3009 3017 3024 3043 3063 3052 3071 3068 3088 3094 3082 3088 3095 3077 3080 3084 3084 3075 3075 3083 3083 3094 3086 3072 3087 3079 3079 3071 3064 3071 3072 3049 3021 3035 3027 3026 3014 3025 2998 3009 3012
2996 2995 3015 2997 2997 3002 3006 3000 3003 3023 3013 2990 2999 2997 3002 2993 3006 2990 2990 3001 2988 3003 2999 3013 3000 3012 3037 3049 3075 3062 3072 3081 3083 3096 3089 3096 3080 3083 3081 3084 3072 3083 3088 3083 3098 3087 3089 3076 3077 3083 3073 3068 3065 3048 3037 3015 3020 3034 3028 3020 3007 2996 3009 3022
2997 2990 2999 3009 2997 2996 3003 3003 3001 3003 2997 3006 2999 3007 3006 2997 3004 3008 3004 3000 3000 3003 2998 3008 3002 3011 3027 3039 3052 3069 3065 3074 3081 3079 3090 3082 3084 3071 3072 3075 3089 3078 3087 3082 3081 3084 3088 3078 3091 3084 3085 3081 3054 3051 3030 3022 3011 3032 3027 3007 3015 3003 3014 3010
2972 2976 2994 3003 2979 3006 3004 3004 3009 3014 3002 3022 3013 3014 2995 2993 2999 2998 2992 3002 3012 2999 3003 3004 2994 3001 3008 3037 3061 3062 3071 3068 3075 3086 3092 3089 3077 3067 3078 3074 3077 3084 3077 3075 3077 3069 3080 3084 3074 3079 3078 3067 3060 3040 3039 3029 3025 3022 3014 2989 3002 3004 3007 3032
2983 2978 2998 3001 3001 3004 2998 2993 3003 2998 2986 3006 3014 3010 2997 3000 2983 2990 2999 3010 3011 3008 2999 3007 2985 3000 3031 3019 3052 3053 3073 3074 3080 3078 3088 3079 3085 3082 3095 3089 3083 3078 3075 3066 3088 3088 3085 3078 3072 3079 3079 3083 3075 3047 3037 3030 3021 3028 3012 3010 3022 3006 3012 3009
2981 2984 2986 2990 2992 2994 3005 2999 2989 2983 3001 3003 3009 3013 2996 2995 2995 2996 2991 2996 3007 3012 3015 2999 3004 3003 3009 3016 3035 3039 3065 3072 3070 3078 3086 3076 3077 3079 3082 3085 3082 3082 3090 3088 3096 3087 3087 3086 3095 3074 3090 3091 3069 3067 3044 3051 3036 3031 3026 3012 3010 3002 3001 3016
2994 2992 3015 2989 3004 2994 2993 2989 2993 2991 3018 2996 3002 2990 3012 2995 3003 3005 2991 3001 3024 3016 2999 3019 3015 3002 3008 3021 3026 3048 3053 3057 3077 3070 3076 3067 3083 3078 3090 3086 3101 3092 3081 3096 3102 3096 3089 3085 3097 3079 3083 3071 3072 3073 3051 3045 3042 3042 3029 3037 3029 3013 3021 3025
2998 2999 3003 3001 2995 2995 2997 2991 2988 3012 3008 3001 2992 3015 2999 3005 2998 3011 3005 3015 2995 3009 3005 3007 3020 3019 3010 3013 3014 3008 3045 3053 3071 3062 3073 3062 3080 3076 3088 3092 3067 3076 3097 3100 3089 3098 3089 3088 3083 3084 3087 3091 3095 3084 3074 3046 3049 3045 3042 3055 3040 3035 3030 3025
3008 3011 3011 3001 2979 2988 2988 2983 3000 2995 3003 3002 3002 3000 2992 3002 2990 3005 3009 3006 3007 3014 3013 3005 3018 3024 3004 3019 3025 3020 3034 3050 3054 3076 3069 3072 3089 3097 3087 3080 3084 3085 3091 3076 3097 3089 3087 3083 3079 3076 3083 3078 3076 3082 3077 3074 3051 3055 3064 3060 3062 3048 3059 3047
3001 3004 3010 2992 2988 2985 2991 2998 3002 3003 2999 3002 3002 2999 3000 3002 2992 3005 3004 3009 3012 3008 3005 3017 3018 3011 3021 3016 3020 3027 3036 3041 3073 3077 3082 3077 3098 3086 3095 3092 3082 3069 3079 3082 3086 3082 3074 3065 3070 3089 3075 3060 3074 3079 3081 3078 3076 3064 3074 3063 3057 3076 3074 3051
2994 2994 2988 3001 3009 3003 2995 2996 3007 3002 3000 2991 2994 2982 2998 3001 3011 2988 3003 2998 3004 3011 2994 3008 3017 3006 3019 3017 3025 3041 3039 3030 3062 3071 3075 3080 3097 3092 3098 3090 3088 3080 3083 3079 3087 3087 3077 3084 3075 3086 3081 3066 3081 3091 3073 3063 3059 3075 3055 3059 3059 3053 3068 3062
2985 2979 2997 3002 3003 3010 3003 3000 3002 3005 3009 3000 2987 2991 3008 3001 3003 3010 3011 2988 2998 2990 3000 3002 3010 3020 3015 3025 3026 3046 3045 3057 3072 3068 3089 3082 3087 3098 3090 3086 3082 3083 3090 3087 3078 3094 3088 3076 3092 3080 3077 3077 3080 3095 3079 3069 3080 3063 3056 3066 3042 3040 3066 3083
2996 2988 2981 2990 3007 3003 3004 3004 3006 3004 2993 2996 2999 3004 2982 3010 3002 3001 2992 3000 3013 3005 3012 3005 3019 3026 3021 3035 3042 3056 3042 3057 3068 3056 3069 3084 3077 3096 3087 3106 3081 3076 3086 3085 3083 3098 3097 3082 3094 3087 3069 3083 3092 3082 3075 3055 3066 3067 3059 3071 3057 3059 3063 3073
3001 2993 2989 2999 2998 3011 3009 2999 2993 2999 2986 2988 3004 3012 2999 3001 3017 3004 3002 3012 3014 3016 3019 3005 3020 3032 3049 3057 3048 3051 3056 3056 3047 3049 3079 3083 3079 3082 3083 3100 3088 3079 3083 3075 3097 3084 3091 3096 3082 3091 3083 3086 3082 3095 3066 3059 3063 3062 3065 3071 3065 3059 3070 3067
2999 2984 2994 2993 2994 2996 3009 3001 3001 2991 2988 2987 2995 3007 3006 2997 3013 3013 2999 3008 3016 3014 3013 3033 3045 3048 3057 3057 3042 3067 3058 3055 3041 3051 3064 3064 3067 3066 3071 3066 3076 3062 3073 3087 3087 3085 3075 3093 3079 3082 3073 3067 3080 3074 3065 3063 3057 3063 3063 3061 3056 3054 3070 3082
3005 3005 3002 2999 2989 2994 3008 3009 2982 3009 2998 2993 2994 3004 3018 3013 2997 3005 3000 3018 3012 3023 3036 3034 3055 3057 3060 3069 3053 3058 3059 3049 3049 3063 3058 3057 3054 3052 3056 3054 3063 3076 3080 3085 3078 3090 3076 3076 3078 3058 3057 3075 3068 3067 3062 3044 3068 3064 3056 3048 3060 3066 3070 3064
3004 2994 2988 2988 2987 2997 3014 2998 3003 3004 2999 3004 2989 3007 2986 3007 3002 3006 3016 3028 3026 3041 3060 3063 3063 3064 3067 3057 3056 3047 3058 3074 3061 3058 3049 3055 3053 3057 3062 3053 3072 3069 3065 3073 3068 3051 3057 3059 3045 3051 3053 3077 3047 3051 3066 3060 3063 3055 3050 3046 3068 3054 3056 3061
2994 2995 2983 2992 2987 3000 3017 3010 3001 3012 2996 2999 2991 2995 2998 2999 2998 3026 3048 3040 3048 3058 3048 3049 3055 3063 3070 3064 3058 3063 3058 3059 3052 3057 3056 3044 3059 3061 3051 3064 3075 3050 3054 3062 3052 3049 3043 3057 3036 3043 3055 3051 3057 3051 3059 3064 3070 3044 3054 3047 3051 3068 3053 3055
3004 2995 3001 2989 3001 3003 2999 3000 2999 3013 3006 3002 2993 3010 3010 3018 3021 3018 3045 3053 3056 3061 3058 3073 3062 3074 3085 3068 3065 3061 3056 3063 3071 3063 3069 3065 3051 3057 3055 3047 3047 3048 3064 3064 3051 3059 3061 3060 3060 3055 3059 3041 3056 3053 3047 3060 3067 3064 3065 3047 3048 3044 3054 3061
2994 2988 2990 2994 2999 2997 2993 3012 3009 3002 3016 3007 3016 3031 3050 3042 3042 3048 3050 3053 3066 3071 3076 3075 3079 3065 3084 3090 3069 3076 3084 3088 3090 3086 3070 3069 3063 3064 3059 3065 3057 3051 3061 3063 3064 3056 3072 3063 3069 3059 3055 3052 3050 3074 3050 3060 3061 3082 3058 3060 3066 3041 3052 3076
2991 2990 2998 3009 3006 2997 3013 3001 3000 3014 3018 3004 3006 3034 3049 3050 3048 3052 3060 3065 3065 3078 3081 3085 3076 3072 3077 3071 3067 3066 3063 3076 3074 3083 3074 3085 3067 3058 3063 3061 3068 3046 3058 3066 3067 3062 3059 3052 3060 3063 3062 3057 3054 3059 3056 3058 3072 3067 3057 3071 3068 3060 3083 3073
2995 2997 3003 3010 2995 3003 2994 3007 3006 3004 3026 3020 3018 3043 3045 3057 3075 3056 3058 3068 3093 3103 3098 3098 3080 3058 3081 3074 3069 3062 3055 3063 3062 3075 3081 3075 3056 3054 3046 3060 3054 3050 3053 3068 3062 3057 3071 3055 3055 3054 3060 3060 3066 3060 3055 3057 3058 3058 3056 3064 3069 3048 3072 3077
3009 3004 2999 3002 3006 3009 3003 3002 3015 3019 3018 3026 3032 3051 3056 3064 3065 3075 3069 3070 3073 3087 3094 3083 3078 3067 3075 3067 3054 3058 3059 3059 3078 3072 3084 3060 3075 3055 3077 3063 3071 3070 3077 3051 3057 3069 3052 3065 3069 3062 3072 3044 3044 3035 3051 3060 3068 3071 3057 3058 3065 3049 3066 3065
3007 3002 3003 3027 3011 3017 3007 2993 3010 3020 3025 3046 3055 3055 3051 3061 3086 3067 3067 3079 3069 3084 3083 3072 3075 3065 3070 3088 3068 3072 3068 3072 3083 3075 3075 3062 3082 3072 3068 3072 3083 3083 3066 3069 3069 3058 3058 3069 3059 3057 3054 3039 3043 3053 3062 3060 3059 3071 3079 3079 3060 3054 3067 3061
2999 3006 2999 3018 3015 3006 2995 2999 3003 3022 3025 3052 3048 3052 3078 3060 3077 3062 3063 3068 3087 3082 3091 3080 3078 3072 3071 3074 3056 3077 3057 3071 3060 3077 3063 3053 3068 3075 3063 3078 3083 3085 3061 3063 3069 3074 3054 3065 3078 3051 3054 3063 3068 3051 3071 3057 3065 3068 3060 3076 3071 3061 3070 3064
3003 3010 3012 3011 3014 3001 3011 2992 2991 3017 3039 3040 3060 3061 3073 3077 3086 3067 3074 3077 3086 3090 3083 3068 3068 3078 3083 3080 3087 3086 3065 3082 3059 3064 3053 3058 3058 3060 3079 3078 3074 3072 3053 3069 3071 3075 3069 3065 3071 3065 3054 3064 3061 3061 3066 3058 3053 3065 3071 3069 3069 3066 3084 3085
