3060 3063 3066 3058 3050 3051 3054 3058 3061 3055 3047 3041 3035 3039 3045 3041 3035 3036 3039 3040 3039 3036 3031 3029 3029 3030 3031 3033 3036 3033 3026 3026 3032 3032 3026 3024 3026 3026 3022 3019 3016 3014 3014 3014 3016 3018 3023 3025 3020 3017 3018 3017 3006 2998 3004 3009 3008 3008 3016 3024 3016 3009 3001 2993
3062 3062 3062 3060 3057 3054 3052 3055 3059 3053 3045 3043 3042 3042 3043 3038 3032 3036 3044 3044 3042 3038 3033 3033 3035 3034 3033 3035 3041 3041 3036 3033 3032 3031 3030 3028 3028 3026 3022 3020 3019 3018 3016 3016 3016 3017 3021 3022 3019 3017 3019 3018 3011 3006 3011 3015 3015 3016 3018 3018 3017 3015 3011 3006
3065 3062 3058 3061 3065 3058 3050 3052 3056 3050 3043 3045 3049 3046 3041 3035 3029 3036 3048 3049 3044 3040 3035 3036 3040 3039 3034 3037 3047 3049 3046 3041 3033 3030 3033 3033 3029 3026 3022 3020 3021 3021 3019 3017 3016 3017 3019 3020 3018 3017 3019 3019 3016 3014 3017 3020 3023 3025 3019 3013 3018 3022 3020 3019
3055 3052 3049 3056 3064 3055 3046 3047 3050 3043 3036 3039 3044 3043 3039 3037 3034 3037 3042 3042 3040 3038 3036 3034 3032 3034 3040 3044 3047 3047 3044 3042 3042 3042 3042 3040 3036 3032 3027 3024 3024 3022 3017 3014 3018 3021 3024 3025 3023 3022 3019 3017 3016 3016 3019 3022 3019 3017 3013 3009 3011 3012 3016 3020
3044 3041 3039 3050 3062 3053 3042 3042 3043 3036 3028 3032 3039 3039 3037 3038 3040 3039 3036 3035 3035 3036 3037 3032 3023 3030 3046 3050 3047 3044 3041 3043 3050 3053 3051 3048 3044 3039 3032 3027 3026 3022 3014 3012 3020 3026 3029 3030 3029 3026 3020 3014 3015 3017 3020 3023 3015 3007 3006 3005 3003 3002 3012 3022
3044 3043 3041 3044 3048 3044 3039 3036 3034 3033 3032 3035 3038 3038 3036 3037 3038 3039 3041 3038 3034 3034 3035 3033 3028 3033 3043 3047 3047 3046 3044 3045 3049 3051 3050 3049 3048 3046 3044 3040 3032 3026 3019 3016 3019 3022 3024 3025 3025 3024 3017 3012 3013 3015 3017 3019 3018 3017 3011 3006 3009 3011 3013 3015
3046 3045 3044 3038 3033 3034 3035 3030 3024 3030 3037 3038 3037 3036 3035 3035 3035 3040 3046 3042 3034 3032 3032 3033 3035 3037 3040 3044 3047 3048 3047 3047 3046 3047 3049 3051 3052 3054 3056 3052 3039 3029 3024 3020 3018 3016 3017 3019 3021 3022 3015 3010 3011 3012 3013 3015 3022 3028 3017 3007 3015 3022 3015 3008
3010 3013 3016 3013 3011 3012 3014 3012 3009 3013 3017 3020 3023 3024 3023 3024 3025 3030 3036 3035 3030 3028 3028 3030 3034 3035 3033 3034 3037 3038 3038 3039 3041 3043 3046 3047 3044 3044 3047 3045 3034 3027 3028 3027 3022 3018 3014 3013 3017 3019 3014 3010 3007 3005 3006 3007 3013 3018 3010 3003 3005 3007 3006 3005
2970 2977 2985 2986 2988 2989 2991 2992 2994 2994 2995 3001 3008 3010 3010 3012 3013 3019 3025 3027 3026 3025 3023 3027 3033 3032 3024 3023 3026 3027 3027 3030 3034 3039 3043 3042 3035 3032 3037 3036 3028 3025 3032 3034 3027 3020 3011 3006 3012 3016 3014 3010 3003 2997 2998 2999 3003 3006 3002 2998 2994 2989 2996 3002
2971 2974 2978 2979 2981 2982 2983 2991 3000 2998 2994 3002 3012 3013 3011 3012 3014 3016 3020 3023 3028 3027 3024 3027 3032 3029 3022 3022 3029 3033 3034 3037 3043 3046 3045 3042 3035 3032 3036 3037 3032 3030 3034 3035 3031 3027 3021 3016 3018 3019 3016 3012 3010 3007 3003 3000 3002 3004 3000 2997 2993 2990 2998 3005
2977 2976 2975 2975 2976 2976 2977 2993 3010 3005 2997 3006 3018 3018 3014 3015 3016 3016 3014 3020 3030 3030 3026 3027 3031 3027 3020 3023 3035 3041 3043 3047 3054 3055 3049 3042 3036 3034 3037 3038 3037 3036 3035 3035 3035 3034 3032 3029 3026 3023 3018 3015 3018 3019 3010 3003 3003 3003 2999 2996 2995 2994 3001 3008
2978 2978 2978 2978 2978 2983 2987 2996 3006 3002 2997 3007 3019 3021 3019 3021 3023 3021 3016 3020 3027 3028 3026 3026 3029 3027 3023 3027 3037 3044 3049 3052 3054 3053 3049 3043 3036 3033 3035 3037 3038 3037 3034 3034 3039 3042 3042 3041 3035 3029 3020 3014 3017 3018 3012 3006 3005 3004 3004 3003 2998 2994 2997 3001
2979 2980 2982 2982 2982 2991 3000 3000 2999 2997 2996 3006 3019 3023 3024 3028 3031 3027 3020 3020 3024 3025 3025 3025 3026 3027 3028 3032 3039 3046 3055 3056 3052 3049 3048 3044 3035 3031 3033 3035 3038 3038 3033 3033 3043 3050 3053 3052 3044 3035 3023 3013 3014 3014 3012 3010 3008 3006 3009 3012 3002 2993 2992 2992
2983 2984 2985 2984 2983 2989 2995 2996 2996 3001 3007 3012 3017 3022 3026 3029 3031 3032 3032 3031 3030 3028 3027 3028 3030 3032 3033 3038 3046 3052 3056 3056 3052 3051 3053 3050 3040 3035 3036 3037 3038 3038 3035 3036 3043 3050 3054 3056 3049 3042 3029 3019 3018 3017 3014 3011 3010 3010 3011 3012 3007 3002 2999 2995
2987 2988 2988 2986 2983 2984 2986 2990 2995 3007 3020 3019 3015 3020 3027 3028 3028 3036 3048 3046 3038 3033 3030 3031 3035 3038 3039 3045 3055 3058 3056 3055 3053 3054 3059 3057 3047 3040 3040 3039 3037 3037 3038 3040 3043 3047 3053 3057 3054 3049 3037 3027 3024 3020 3015 3011 3013 3014 3012 3011 3012 3013 3007 3002
2996 2996 2997 2994 2991 2991 2992 2999 3007 3015 3023 3023 3021 3025 3030 3031 3031 3035 3042 3039 3033 3031 3031 3032 3032 3034 3038 3046 3057 3062 3062 3061 3060 3061 3064 3062 3051 3045 3044 3041 3037 3035 3037 3038 3039 3041 3048 3052 3051 3048 3038 3029 3023 3018 3014 3010 3011 3013 3011 3010 3010 3009 3008 3007
3005 3006 3006 3004 3001 3001 3001 3011 3022 3023 3023 3026 3030 3032 3033 3034 3035 3033 3030 3026 3023 3026 3033 3031 3025 3027 3035 3045 3058 3066 3069 3069 3068 3068 3069 3065 3055 3049 3048 3044 3038 3033 3034 3034 3033 3034 3041 3046 3046 3044 3037 3030 3021 3014 3011 3008 3009 3010 3009 3009 3005 3001 3007 3012
3008 3012 3015 3011 3007 3007 3008 3018 3029 3028 3025 3029 3033 3036 3039 3040 3039 3035 3030 3028 3026 3030 3036 3034 3028 3031 3038 3049 3063 3072 3077 3078 3074 3070 3068 3063 3055 3049 3045 3041 3036 3033 3032 3032 3033 3036 3041 3045 3045 3044 3041 3037 3027 3018 3016 3014 3013 3011 3007 3003 3002 3001 3006 3011
3008 3016 3023 3018 3013 3013 3013 3022 3032 3031 3029 3031 3034 3040 3047 3045 3041 3038 3035 3034 3034 3036 3039 3038 3034 3037 3044 3055 3068 3079 3086 3086 3078 3071 3065 3060 3054 3047 3040 3036 3035 3033 3031 3031 3037 3041 3044 3046 3046 3045 3047 3046 3035 3026 3024 3022 3018 3013 3004 2996 3000 3004 3006 3009
3009 3014 3020 3018 3016 3017 3018 3026 3034 3033 3030 3033 3036 3041 3047 3045 3041 3038 3036 3036 3036 3036 3036 3036 3035 3039 3046 3057 3071 3081 3087 3086 3078 3072 3068 3063 3054 3048 3043 3040 3037 3034 3031 3032 3039 3045 3047 3048 3047 3046 3048 3047 3037 3027 3024 3021 3019 3017 3006 2997 3004 3011 3009 3007
3011 3011 3011 3014 3017 3020 3023 3029 3035 3033 3030 3033 3038 3040 3043 3042 3039 3037 3035 3035 3036 3034 3030 3030 3034 3039 3045 3057 3073 3082 3085 3083 3078 3075 3074 3068 3056 3049 3050 3048 3041 3036 3032 3033 3042 3048 3050 3051 3048 3046 3046 3045 3035 3026 3020 3015 3019 3021 3010 3001 3010 3019 3012 3005
3014 3014 3015 3019 3023 3026 3028 3032 3036 3036 3036 3036 3037 3038 3039 3038 3037 3036 3034 3036 3040 3037 3032 3032 3035 3043 3055 3067 3080 3085 3084 3082 3079 3078 3080 3074 3058 3049 3050 3048 3042 3037 3036 3037 3043 3048 3050 3051 3051 3051 3049 3046 3040 3034 3029 3025 3028 3029 3020 3012 3016 3021 3017 3013
3018 3021 3025 3029 3032 3033 3034 3036 3037 3040 3044 3041 3036 3035 3035 3035 3035 3035 3034 3039 3045 3043 3038 3036 3037 3050 3069 3082 3089 3089 3084 3081 3081 3082 3086 3079 3059 3048 3048 3046 3041 3038 3041 3043 3044 3046 3048 3051 3056 3058 3053 3049 3047 3045 3043 3041 3041 3040 3033 3026 3022 3019 3023 3027
3013 3017 3022 3025 3029 3031 3033 3034 3035 3037 3039 3040 3040 3038 3036 3037 3038 3036 3033 3038 3047 3046 3041 3042 3046 3059 3078 3089 3093 3092 3085 3081 3082 3084 3089 3084 3065 3053 3051 3047 3042 3040 3043 3045 3047 3048 3048 3050 3057 3062 3058 3054 3050 3047 3044 3042 3039 3037 3028 3020 3017 3015 3022 3029
3003 3007 3010 3015 3019 3024 3029 3030 3031 3030 3029 3036 3045 3044 3041 3042 3044 3039 3032 3037 3047 3047 3043 3048 3058 3070 3083 3091 3094 3092 3086 3083 3082 3085 3092 3089 3074 3062 3056 3050 3044 3042 3044 3046 3051 3053 3050 3050 3058 3064 3063 3060 3052 3044 3039 3034 3029 3024 3013 3003 3006 3009 3017 3024
3005 3006 3006 3010 3015 3018 3020 3024 3028 3029 3030 3038 3048 3047 3044 3046 3049 3045 3039 3042 3049 3049 3045 3053 3067 3079 3089 3093 3094 3092 3087 3085 3086 3088 3093 3090 3077 3066 3056 3049 3046 3046 3049 3052 3059 3061 3054 3051 3061 3069 3065 3061 3052 3043 3034 3025 3022 3018 3006 2996 3003 3010 3017 3025
3014 3010 3007 3010 3013 3011 3009 3017 3025 3033 3040 3044 3048 3047 3046 3049 3054 3053 3050 3051 3052 3050 3047 3057 3074 3086 3095 3096 3092 3090 3088 3088 3091 3092 3092 3088 3077 3066 3054 3046 3048 3051 3056 3062 3070 3071 3059 3053 3067 3076 3067 3059 3052 3044 3029 3017 3016 3014 3004 2994 3004 3014 3022 3030
3015 3012 3009 3010 3012 3008 3003 3011 3020 3031 3043 3047 3050 3049 3048 3052 3058 3059 3058 3055 3052 3052 3052 3062 3076 3087 3095 3096 3092 3091 3091 3092 3095 3095 3093 3087 3076 3066 3056 3049 3050 3053 3061 3068 3075 3077 3065 3060 3072 3079 3067 3055 3046 3036 3024 3013 3014 3015 3006 2999 3008 3016 3022 3028
3009 3010 3011 3011 3011 3006 3001 3006 3012 3025 3040 3047 3054 3053 3050 3055 3063 3064 3063 3057 3051 3053 3059 3067 3075 3083 3090 3093 3093 3094 3096 3097 3098 3097 3094 3086 3074 3065 3061 3057 3053 3054 3064 3072 3077 3079 3073 3070 3077 3079 3066 3051 3036 3022 3017 3013 3015 3017 3012 3007 3013 3018 3019 3020
3006 3008 3010 3010 3009 3005 3000 3004 3009 3021 3034 3045 3055 3056 3054 3062 3072 3072 3069 3064 3059 3061 3067 3072 3077 3083 3089 3093 3096 3098 3099 3100 3102 3100 3096 3089 3079 3073 3070 3066 3062 3063 3073 3081 3083 3084 3081 3080 3084 3083 3066 3048 3030 3015 3011 3009 3014 3018 3015 3013 3016 3020 3019 3018
3005 3006 3007 3007 3006 3004 3001 3006 3011 3018 3025 3039 3054 3058 3060 3071 3084 3083 3077 3075 3076 3077 3076 3079 3082 3087 3092 3096 3100 3101 3101 3102 3106 3105 3099 3094 3090 3086 3082 3079 3077 3079 3087 3092 3091 3090 3090 3090 3092 3089 3067 3045 3028 3013 3007 3003 3011 3018 3016 3015 3018 3021 3020 3019
3008 3008 3007 3006 3005 3003 3002 3006 3011 3014 3017 3035 3056 3063 3068 3078 3091 3089 3083 3083 3086 3085 3082 3083 3087 3090 3092 3095 3100 3102 3102 3103 3106 3105 3100 3098 3097 3095 3092 3089 3086 3087 3094 3097 3094 3092 3094 3096 3096 3091 3066 3042 3026 3012 3009 3006 3012 3016 3016 3015 3017 3018 3020 3022
3015 3012 3008 3006 3004 3004 3004 3007 3010 3010 3009 3032 3060 3070 3076 3084 3093 3092 3088 3088 3090 3087 3083 3085 3091 3092 3089 3090 3095 3099 3101 3102 3102 3101 3100 3100 3099 3099 3100 3098 3090 3088 3094 3096 3092 3090 3095 3098 3095 3087 3062 3040 3025 3013 3016 3018 3016 3014 3014 3014 3012 3010 3018 3026
3020 3016 3012 3010 3008 3008 3008 3010 3012 3012 3013 3035 3062 3072 3079 3086 3093 3093 3090 3091 3094 3091 3086 3087 3091 3091 3089 3090 3094 3098 3102 3102 3099 3099 3102 3103 3102 3102 3104 3103 3096 3092 3095 3095 3091 3089 3095 3097 3093 3085 3062 3041 3027 3016 3021 3025 3019 3014 3015 3015 3011 3007 3017 3027
3023 3021 3019 3018 3017 3015 3014 3016 3018 3023 3029 3044 3062 3070 3076 3083 3091 3092 3090 3093 3098 3096 3090 3088 3086 3089 3093 3096 3096 3099 3103 3102 3097 3098 3105 3108 3106 3104 3104 3104 3102 3100 3097 3094 3092 3090 3092 3092 3090 3084 3065 3046 3032 3021 3023 3025 3022 3019 3020 3020 3014 3008 3016 3024
3018 3018 3018 3017 3017 3016 3015 3017 3019 3025 3031 3047 3064 3072 3078 3083 3087 3089 3090 3093 3097 3097 3094 3090 3084 3086 3092 3096 3098 3100 3102 3101 3097 3098 3106 3108 3106 3104 3103 3103 3106 3105 3098 3093 3092 3092 3090 3089 3090 3087 3069 3051 3035 3022 3023 3024 3023 3022 3020 3018 3014 3011 3016 3022
3001 3004 3006 3007 3008 3009 3010 3013 3016 3016 3017 3040 3069 3079 3086 3085 3081 3085 3091 3092 3090 3093 3097 3093 3084 3082 3084 3091 3100 3102 3099 3098 3099 3101 3103 3103 3102 3101 3100 3101 3105 3104 3096 3092 3093 3094 3090 3088 3093 3093 3073 3054 3036 3020 3020 3020 3021 3021 3014 3007 3010 3013 3017 3021
2996 2998 2999 3002 3004 3005 3006 3009 3012 3012 3012 3038 3069 3081 3089 3085 3078 3082 3089 3090 3087 3091 3099 3096 3087 3083 3083 3090 3100 3102 3096 3096 3100 3102 3101 3101 3099 3099 3098 3100 3103 3103 3096 3092 3094 3095 3091 3089 3095 3094 3072 3052 3034 3018 3017 3017 3018 3018 3010 3003 3008 3013 3015 3018
3005 3001 2998 3002 3006 3005 3004 3006 3007 3013 3019 3040 3064 3076 3084 3083 3079 3080 3082 3085 3088 3093 3099 3097 3092 3091 3092 3094 3097 3097 3093 3094 3099 3101 3102 3101 3099 3098 3099 3100 3102 3101 3097 3094 3096 3096 3093 3092 3093 3088 3063 3041 3028 3017 3016 3015 3014 3014 3010 3007 3007 3007 3009 3012
3007 3002 2998 3002 3007 3005 3003 3005 3006 3013 3020 3037 3055 3068 3080 3082 3082 3082 3081 3083 3087 3092 3098 3098 3095 3095 3097 3097 3097 3095 3092 3094 3100 3103 3103 3101 3099 3099 3099 3100 3101 3101 3098 3096 3096 3096 3094 3092 3091 3084 3056 3032 3023 3016 3016 3014 3012 3009 3010 3009 3006 3003 3006 3009
3000 2999 2998 3001 3004 3004 3004 3007 3010 3011 3011 3025 3041 3057 3074 3082 3087 3088 3088 3085 3081 3086 3095 3096 3093 3094 3097 3099 3101 3100 3095 3097 3104 3107 3105 3103 3102 3101 3100 3101 3102 3102 3100 3099 3097 3095 3091 3089 3089 3082 3051 3025 3020 3016 3016 3016 3011 3006 3009 3011 3006 3002 3006 3011
2996 2999 3001 3002 3003 3004 3005 3008 3011 3009 3007 3017 3030 3048 3068 3079 3088 3090 3090 3085 3078 3083 3093 3095 3092 3093 3097 3101 3104 3102 3097 3098 3106 3109 3107 3105 3104 3102 3101 3101 3102 3102 3101 3099 3097 3093 3089 3086 3086 3079 3047 3021 3018 3016 3016 3014 3009 3004 3009 3014 3008 3003 3008 3014
2996 3001 3007 3005 3004 3006 3008 3007 3006 3008 3009 3018 3027 3043 3061 3073 3083 3085 3084 3081 3078 3083 3092 3094 3092 3093 3097 3101 3104 3102 3096 3096 3103 3107 3109 3109 3104 3102 3102 3102 3100 3099 3098 3098 3095 3092 3088 3084 3082 3074 3045 3022 3021 3019 3012 3006 3006 3007 3014 3020 3014 3008 3014 3019
2996 3002 3009 3006 3004 3006 3009 3006 3001 3005 3011 3017 3024 3038 3055 3067 3078 3081 3080 3080 3079 3083 3090 3092 3091 3093 3097 3100 3103 3101 3095 3095 3101 3106 3110 3110 3104 3100 3101 3101 3098 3096 3096 3096 3095 3093 3087 3081 3079 3071 3044 3022 3023 3022 3011 3002 3005 3009 3016 3022 3017 3013 3017 3021
2995 2999 3004 3003 3001 3004 3008 3001 2994 3001 3010 3014 3017 3032 3050 3063 3074 3079 3081 3082 3083 3085 3087 3088 3088 3091 3095 3098 3100 3099 3095 3095 3099 3103 3107 3107 3100 3096 3095 3095 3097 3096 3094 3094 3099 3099 3087 3079 3079 3073 3043 3020 3022 3023 3015 3008 3008 3008 3011 3013 3014 3015 3016 3017
2996 2998 3000 2999 2997 3001 3005 2998 2989 2997 3008 3011 3012 3027 3045 3059 3071 3077 3080 3083 3086 3086 3085 3085 3086 3090 3094 3097 3097 3097 3096 3096 3099 3102 3105 3104 3098 3094 3092 3093 3096 3097 3093 3093 3100 3101 3087 3077 3078 3073 3043 3019 3021 3022 3016 3012 3011 3010 3006 3003 3009 3014 3013 3013
3005 3002 2999 2994 2988 2994 3000 2995 2989 2995 3003 3007 3009 3023 3041 3055 3068 3074 3078 3082 3085 3084 3082 3084 3089 3093 3096 3097 3095 3096 3100 3102 3101 3103 3105 3104 3099 3095 3096 3096 3098 3098 3095 3094 3096 3095 3086 3078 3076 3069 3044 3023 3018 3013 3010 3008 3013 3016 3004 2992 2999 3006 3007 3007
3010 3005 3001 2992 2984 2990 2998 2995 2990 2994 2999 3002 3005 3018 3034 3048 3063 3071 3076 3080 3083 3082 3080 3084 3090 3095 3098 3098 3095 3097 3103 3104 3103 3103 3105 3104 3098 3095 3096 3097 3097 3097 3097 3097 3094 3091 3084 3078 3072 3063 3043 3025 3016 3008 3006 3005 3013 3018 3001 2986 2993 3000 3002 3005
3005 3006 3006 3000 2994 2999 3003 2999 2994 2994 2995 2998 3001 3011 3021 3036 3051 3064 3075 3078 3078 3079 3080 3084 3089 3094 3098 3100 3100 3099 3100 3100 3100 3100 3102 3100 3093 3089 3090 3091 3091 3094 3102 3104 3096 3088 3082 3075 3065 3053 3037 3022 3016 3011 3008 3006 3006 3006 3000 2994 2997 3001 3006 3010
3001 3005 3009 3005 3001 3004 3007 3003 2997 2995 2992 2995 2999 3005 3012 3025 3040 3056 3072 3077 3076 3078 3081 3085 3089 3094 3099 3102 3103 3102 3097 3096 3098 3099 3100 3097 3090 3086 3087 3088 3088 3092 3104 3109 3097 3087 3081 3073 3057 3042 3030 3019 3016 3013 3009 3006 3001 2998 2999 3000 3001 3003 3008 3014
2995 3001 3007 3002 2997 3000 3004 3002 3000 2998 2996 2997 3000 3006 3012 3020 3029 3046 3066 3076 3083 3085 3084 3088 3092 3097 3101 3103 3104 3102 3096 3095 3100 3102 3100 3098 3094 3093 3094 3094 3093 3094 3101 3103 3097 3091 3083 3071 3051 3033 3023 3015 3012 3010 3006 3002 3002 3001 3003 3004 3004 3005 3008 3011
2991 2998 3005 3000 2994 2998 3002 3001 3000 2999 2998 2999 3000 3005 3012 3016 3020 3037 3059 3075 3087 3090 3088 3090 3095 3099 3102 3103 3104 3102 3095 3095 3100 3102 3100 3098 3097 3097 3098 3099 3096 3096 3098 3099 3098 3093 3082 3067 3046 3027 3019 3012 3010 3008 3004 3001 3003 3005 3007 3008 3008 3007 3008 3009
2992 2997 3002 3001 3000 3000 3001 2996 2991 2994 2998 2998 2997 3002 3008 3013 3018 3032 3049 3066 3083 3090 3092 3093 3095 3096 3096 3098 3102 3102 3098 3095 3094 3094 3095 3095 3093 3091 3091 3092 3094 3096 3098 3099 3097 3090 3071 3054 3041 3030 3023 3016 3015 3014 3012 3011 3011 3012 3012 3013 3014 3014 3014 3014
2992 2996 3000 3002 3003 3002 3000 2992 2983 2990 2998 2997 2993 2999 3006 3011 3016 3026 3039 3058 3079 3089 3094 3095 3095 3093 3092 3095 3101 3102 3099 3095 3089 3088 3093 3093 3089 3087 3086 3087 3092 3096 3098 3099 3096 3086 3061 3041 3037 3032 3026 3020 3020 3019 3019 3018 3017 3017 3017 3018 3019 3020 3020 3019
2995 2998 3000 3001 3001 2997 2993 2989 2985 2990 2996 2995 2992 3000 3011 3012 3010 3019 3032 3050 3070 3080 3084 3089 3094 3095 3093 3095 3102 3102 3098 3094 3089 3090 3097 3097 3091 3088 3090 3093 3096 3097 3095 3091 3086 3076 3051 3032 3028 3025 3025 3024 3023 3022 3016 3011 3013 3016 3020 3023 3023 3023 3021 3018
2999 3000 3001 3000 2999 2994 2989 2988 2987 2990 2994 2994 2993 3003 3015 3013 3006 3013 3025 3043 3063 3073 3077 3085 3094 3096 3094 3096 3103 3103 3098 3094 3090 3092 3100 3101 3094 3091 3095 3098 3100 3098 3092 3085 3078 3066 3043 3026 3021 3019 3023 3026 3026 3025 3014 3006 3011 3016 3022 3028 3027 3026 3022 3018
3010 3007 3004 3005 3005 3003 3001 2999 2997 2995 2992 2997 3004 3011 3018 3018 3016 3020 3027 3045 3068 3078 3083 3089 3094 3097 3097 3100 3105 3106 3104 3100 3095 3095 3101 3102 3099 3099 3101 3102 3099 3095 3091 3083 3070 3056 3042 3030 3021 3016 3019 3023 3026 3027 3019 3012 3016 3021 3028 3034 3029 3024 3024 3023
3019 3013 3008 3009 3011 3011 3010 3009 3007 2999 2991 3001 3014 3018 3020 3022 3024 3026 3028 3047 3072 3084 3089 3092 3094 3096 3099 3102 3106 3108 3109 3106 3099 3097 3101 3103 3104 3105 3106 3105 3098 3092 3090 3082 3063 3047 3041 3034 3022 3014 3017 3020 3026 3030 3023 3018 3020 3024 3032 3039 3031 3024 3026 3028
3015 3013 3012 3010 3007 3006 3005 3007 3009 3006 3003 3008 3015 3017 3018 3019 3021 3023 3027 3048 3078 3089 3093 3094 3093 3093 3093 3097 3103 3107 3108 3106 3101 3099 3100 3101 3101 3101 3100 3098 3096 3093 3089 3080 3064 3050 3042 3035 3027 3021 3021 3022 3025 3026 3017 3009 3011 3014 3025 3036 3033 3030 3029 3027
3011 3013 3015 3010 3005 3002 3000 3005 3011 3013 3014 3015 3015 3016 3017 3018 3018 3021 3025 3049 3082 3094 3096 3095 3092 3090 3087 3091 3100 3105 3107 3106 3103 3100 3099 3098 3099 3098 3094 3092 3094 3093 3088 3079 3064 3051 3043 3036 3032 3028 3026 3024 3024 3022 3011 3001 3002 3005 3019 3032 3035 3036 3031 3026
3009 3008 3007 3010 3014 3008 3001 3003 3007 3012 3018 3017 3016 3018 3021 3022 3023 3024 3025 3049 3082 3093 3093 3094 3094 3092 3089 3091 3098 3103 3108 3108 3104 3101 3099 3099 3101 3100 3096 3095 3100 3100 3090 3078 3061 3047 3039 3032 3031 3029 3025 3022 3021 3018 3010 3003 3005 3008 3015 3021 3026 3030 3028 3025
3007 3003 2999 3010 3022 3012 3001 3002 3004 3012 3022 3020 3017 3020 3026 3027 3027 3027 3026 3049 3081 3091 3090 3092 3096 3094 3090 3091 3096 3102 3108 3109 3105 3101 3100 3100 3103 3103 3098 3098 3105 3105 3093 3078 3059 3043 3035 3030 3031 3030 3025 3021 3018 3015 3010 3006 3009 3012 3011 3011 3018 3024 3024 3024
3003 3001 2999 3004 3009 3005 3000 3007 3014 3019 3024 3019 3013 3023 3036 3037 3036 3039 3045 3062 3085 3093 3093 3094 3096 3096 3096 3095 3092 3095 3102 3106 3106 3104 3101 3100 3101 3101 3097 3096 3098 3098 3092 3083 3068 3055 3047 3041 3041 3040 3033 3027 3026 3025 3021 3018 3024 3029 3026 3024 3025 3026 3027 3029
2999 2999 2998 2997 2996 2998 3000 3012 3024 3026 3026 3019 3010 3025 3045 3047 3044 3052 3064 3076 3089 3094 3095 3096 3096 3098 3102 3098 3088 3088 3095 3102 3107 3107 3102 3099 3100 3099 3097 3094 3092 3090 3091 3088 3077 3067 3059 3053 3052 3050 3041 3034 3035 3035 3032 3031 3039 3046 3042 3038 3032 3027 3031 3034
