3041 3037 3070 3055 3048 3046 3048 3054 3062 3059 3045 3041 3042 3055 3049 3035 3008 3022 3001 3026 3034 3027 3022 3027 3018 3031 3033 3024 3009 3014 3023 3021 3025 3027 3011 3027 3021 3027 3024 3025 3042 3025 3025 3043 3014 3013 3020 3016 3025 3027 3021 3020 3019 3008 3013 3002 3003 2985 2997 3013 2994 2991 2999 3024
3043 3045 3060 3053 3047 3051 3039 3047 3039 3036 3044 3035 3053 3042 3033 3046 3027 3015 3018 3031 3024 3037 3015 3034 3022 3014 3008 3005 3027 3026 3026 3022 3027 3037 3026 3028 3031 3029 3035 3027 3040 3030 3045 3045 3034 3034 3035 3035 3026 3044 3034 3030 3028 3014 3011 2993 3015 2995 3010 3000 2993 2996 3003 3020
3049 3042 3052 3039 3033 3031 3051 3047 3036 3039 3031 3039 3041 3031 3026 3029 3024 3011 3028 3016 3020 3025 3036 3011 3021 3029 3016 3013 3031 3027 3024 3028 3026 3040 3031 3030 3038 3038 3050 3026 3037 3049 3041 3052 3044 3031 3033 3036 3028 3028 3030 3017 3025 3019 3021 3002 3000 3012 3012 3001 3011 3003 3010 3004
3042 3038 3037 3041 3034 3024 3034 3037 3043 3043 3052 3038 3034 3036 3028 3029 3023 3011 3019 3008 3013 3016 3026 3018 3044 3017 3026 3023 3053 3033 3038 3047 3038 3030 3048 3033 3033 3042 3039 3045 3053 3046 3050 3042 3049 3049 3033 3032 3020 3035 3033 3036 3020 3017 3030 3006 3021 3004 3023 3006 3007 2999 3014 2995
3055 3034 3046 3039 3041 3045 3033 3033 3027 3041 3055 3036 3042 3038 3035 3025 3020 3009 3010 3012 3020 3026 3019 3034 3032 3031 3026 3039 3049 3039 3027 3043 3045 3025 3042 3035 3044 3045 3040 3049 3053 3063 3057 3043 3042 3041 3026 3032 3048 3036 3048 3034 3031 3030 3014 3016 3013 3020 3019 3018 3017 3003 3003 3013
3041 3044 3019 3033 3033 3053 3038 3040 3031 3040 3037 3040 3036 3030 3029 3017 3019 3018 3025 3023 3029 3021 3014 3024 3018 3035 3020 3040 3047 3034 3019 3030 3032 3036 3035 3029 3032 3048 3046 3044 3045 3046 3056 3057 3050 3050 3035 3048 3034 3042 3043 3050 3029 3034 3014 3018 3006 3008 3000 3015 3013 3001 3009 3003
3048 3038 3027 3029 3032 3026 3043 3029 3027 3035 3048 3040 3037 3038 3027 3022 3025 3008 3020 3033 3021 3021 3009 3002 3033 3031 3042 3029 3046 3043 3030 3037 3039 3028 3035 3037 3052 3068 3052 3046 3053 3050 3043 3032 3048 3042 3044 3056 3038 3052 3048 3043 3040 3024 3036 3013 3016 3005 3010 3007 3014 3011 3009 3012
3011 2995 2992 3002 3009 3010 3017 3011 2999 3018 3026 3024 3025 3034 3009 3007 3003 3008 3022 3022 3031 3015 3010 3022 3031 3013 3023 3028 3026 3020 3023 3023 3027 3029 3042 3031 3054 3054 3053 3049 3041 3043 3039 3038 3047 3038 3055 3047 3031 3044 3051 3051 3045 3023 3023 3025 3008 3007 3005 3000 3012 3022 3007 2998
2966 2972 2976 2972 2983 2983 3001 2976 2966 2987 3000 3000 2998 3005 2998 2995 3004 2995 3001 3018 3014 3001 2993 3000 3003 3001 3017 3032 3012 3028 3033 3030 3021 3043 3037 3039 3030 3041 3043 3040 3030 3025 3026 3024 3028 3023 3033 3034 3027 3040 3041 3049 3030 3036 3038 3032 3025 3014 3001 2997 3010 3008 3008 3005
2973 2964 2978 2970 2980 2990 2980 2984 2979 2987 2996 2990 3000 2992 2988 2997 2975 2982 2988 2996 2995 3007 3010 3004 3009 3025 3021 3018 3023 3018 3028 3026 3025 3035 3039 3032 3057 3044 3039 3036 3042 3018 3025 3026 3037 3022 3030 3032 3042 3039 3052 3055 3041 3041 3028 3016 3027 3012 3018 3011 3008 3020 3003 2999
2974 2969 2951 2970 2970 2986 2976 2991 2989 2984 2977 2985 2986 2991 2984 2982 2978 2974 2976 2976 2989 2989 2997 3002 3011 3006 3008 3022 3018 3025 3025 3031 3035 3031 3039 3042 3056 3041 3044 3043 3048 3034 3033 3026 3034 3025 3029 3034 3045 3041 3055 3031 3036 3041 3031 3020 3033 3026 3011 3020 3009 3019 3018 3007
2982 2975 2974 2971 2969 2972 2974 2975 2970 2975 2961 2970 2983 2986 2972 2982 2986 2994 2968 2965 2984 2991 2996 2998 3008 3004 3013 3024 3021 3018 3020 3036 3046 3036 3046 3036 3037 3044 3035 3023 3034 3035 3031 3025 3025 3038 3036 3050 3043 3048 3025 3045 3046 3048 3053 3014 3030 3030 3026 3024 3022 3022 3014 3014
2971 2971 2972 2983 2973 2981 2972 2975 2979 2968 2980 2985 2979 2981 2988 2980 2999 3000 2977 2998 2979 2990 2991 2989 3009 3021 3024 3025 3032 3026 3036 3033 3026 3030 3034 3030 3038 3030 3024 3030 3042 3026 3026 3010 3028 3049 3064 3072 3066 3062 3041 3044 3042 3040 3052 3039 3034 3025 3037 3048 3030 3026 3016 3012
2955 2961 2971 2974 2976 2975 2975 2981 2964 2981 2977 2981 2978 2980 2982 2991 2975 2994 2981 2986 2978 2985 2997 2999 3016 3015 3025 3037 3036 3032 3030 3031 3025 3032 3045 3033 3034 3039 3032 3030 3042 3040 3038 3026 3030 3047 3053 3074 3061 3054 3046 3052 3032 3051 3047 3037 3031 3027 3031 3035 3034 3026 3021 3023
2960 2949 2967 2965 2966 2965 2965 2977 2972 2980 2977 2982 2974 2962 2959 2967 2968 2974 2970 2993 2987 2993 3008 3012 3012 3030 3040 3025 3035 3032 3028 3018 3023 3036 3024 3039 3027 3023 3028 3024 3029 3037 3033 3027 3046 3038 3064 3089 3053 3063 3057 3052 3041 3051 3036 3029 3033 3043 3023 3023 3022 3036 3016 3012
2965 2969 2978 2976 2971 2979 2985 2993 2981 2982 2978 2974 2981 2982 2967 2969 2983 2972 2972 2987 2988 2990 3002 3011 3022 3025 3032 3032 3044 3032 3023 3033 3029 3030 3032 3021 3027 3026 3030 3028 3028 3039 3027 3036 3043 3047 3073 3087 3059 3058 3059 3048 3047 3050 3035 3055 3045 3032 3030 3030 3027 3040 3014 3014
2976 2981 2978 2981 2996 2987 2993 2990 3007 3002 2989 2983 2989 2975 2990 2980 2979 2980 2980 2987 2991 2993 3001 3008 3029 3020 3028 3024 3030 3038 3023 3028 3035 3031 3041 3035 3038 3028 3031 3042 3029 3035 3036 3042 3062 3064 3092 3070 3073 3061 3059 3047 3033 3041 3048 3051 3036 3023 3028 3034 3023 3036 3025 3017
2978 2979 2984 2985 2985 2985 3004 2996 3008 2996 2994 2986 2987 2999 2974 2982 2988 2991 2990 2994 2994 3001 2983 2997 3016 3023 3025 3036 3039 3046 3039 3033 3027 3049 3041 3044 3040 3043 3023 3030 3038 3035 3053 3068 3063 3073 3073 3087 3071 3060 3065 3059 3050 3033 3044 3055 3049 3030 3025 3044 3034 3026 3015 3025
2984 2984 2986 2989 2982 2994 3004 2989 2986 2993 2980 3009 2988 2985 2981 2975 2982 2981 2972 2986 2992 2991 2989 3013 3023 3030 3022 3047 3046 3046 3055 3058 3043 3050 3052 3056 3051 3034 3046 3042 3041 3052 3060 3080 3086 3069 3085 3076 3073 3060 3058 3059 3049 3031 3056 3045 3033 3041 3037 3055 3042 3029 3026 3031
2988 2987 2999 2995 2986 2996 3007 3008 2996 3002 2991 2997 2996 2999 3008 2993 2989 2984 2985 2983 2979 2982 2998 3000 3022 3021 3035 3040 3041 3034 3055 3060 3060 3061 3063 3064 3045 3062 3050 3047 3046 3053 3073 3081 3075 3084 3086 3069 3072 3063 3048 3056 3032 3047 3045 3047 3043 3052 3036 3051 3025 3035 3034 3032
2990 3019 3008 2994 2992 3003 3013 3009 3018 3006 3002 3013 3012 3006 2992 2984 3000 2993 2983 2987 2986 2990 2987 2997 3035 3042 3052 3046 3048 3045 3077 3057 3062 3075 3067 3073 3062 3061 3070 3063 3065 3063 3076 3077 3071 3077 3080 3085 3073 3068 3057 3059 3044 3040 3047 3057 3034 3049 3051 3040 3048 3037 3031 3024
2993 2992 3001 3001 2985 3007 3010 2997 3007 3009 3001 3009 3000 2994 2983 3009 2999 2984 2987 2993 2983 2969 2994 3006 3022 3032 3045 3061 3053 3058 3068 3054 3074 3070 3082 3074 3072 3070 3058 3077 3065 3071 3066 3078 3076 3082 3079 3086 3081 3073 3076 3049 3056 3050 3059 3064 3047 3054 3043 3036 3038 3037 3035 3028
2980 2999 2995 2979 2988 2992 2995 2992 2987 2990 2990 3002 2993 2980 2982 2978 2971 2995 2980 2990 3000 2994 2990 2996 3007 3039 3059 3057 3046 3066 3064 3080 3079 3074 3076 3072 3083 3082 3079 3067 3070 3077 3068 3070 3078 3099 3083 3089 3085 3081 3075 3051 3067 3072 3076 3081 3057 3047 3030 3026 3026 3012 3027 3012
2998 2992 3009 2996 2985 2989 2993 2980 2989 2983 3006 2986 2988 2993 2987 2992 2982 2990 2993 2996 2985 2993 2986 3002 3025 3043 3038 3053 3067 3064 3076 3068 3075 3083 3077 3090 3083 3071 3075 3075 3078 3088 3082 3084 3082 3096 3087 3102 3091 3081 3081 3056 3073 3085 3076 3084 3064 3032 3030 3029 3013 3004 3016 3008
2985 2993 2987 2993 3002 2995 2986 3000 3001 2979 2979 2984 3000 2983 2985 2993 2993 3000 3008 2990 2990 2997 2991 3014 3026 3038 3053 3077 3080 3072 3077 3083 3078 3079 3081 3083 3077 3077 3082 3075 3082 3075 3089 3082 3087 3091 3096 3095 3104 3091 3085 3078 3083 3106 3098 3086 3054 3036 3028 3016 3025 3001 3008 3019
3000 3005 2991 3002 2987 3004 3005 3005 3000 2996 2999 2989 3005 2997 3008 2999 2989 2988 3003 3015 2992 2999 2987 2992 3031 3048 3068 3062 3080 3063 3071 3075 3065 3077 3075 3065 3071 3080 3081 3082 3090 3081 3080 3085 3089 3097 3084 3098 3087 3088 3097 3088 3093 3086 3084 3082 3062 3027 3037 3032 3013 2990 3009 3020
3011 3003 3011 2999 2998 3006 3008 3003 2996 3000 3002 2996 3000 2992 2996 3000 2998 3000 2982 3010 2995 2986 2977 3002 3027 3037 3058 3057 3074 3063 3087 3072 3073 3065 3072 3068 3085 3079 3071 3092 3078 3087 3082 3101 3083 3078 3095 3092 3085 3092 3094 3092 3093 3084 3078 3085 3058 3032 3029 3038 3022 2999 3002 3011
3011 2997 2996 3014 2994 3004 2998 3005 3016 2996 3016 2993 2989 2990 2999 2996 2995 3010 3007 2999 3004 2994 2989 3003 3012 3034 3056 3051 3068 3079 3074 3079 3084 3081 3076 3082 3086 3081 3087 3077 3096 3095 3089 3089 3082 3078 3092 3081 3083 3093 3088 3095 3100 3083 3079 3065 3055 3032 3048 3026 3015 3005 3007 3010
2998 2988 3012 3004 3004 2997 2990 3010 3003 3001 2999 2983 3002 2996 2998 3001 3006 2991 2978 2981 2994 2991 2993 3007 3008 3033 3054 3057 3060 3067 3071 3072 3076 3081 3076 3090 3083 3093 3087 3103 3091 3096 3085 3088 3093 3102 3094 3083 3075 3082 3086 3079 3091 3089 3073 3068 3033 3019 3036 3018 3013 2997 3015 3006
2998 3007 3000 3003 2993 3000 2995 2992 3005 2996 3002 2994 3008 3014 2995 2998 3008 3006 2994 2988 2988 2991 2998 2991 3007 3032 3049 3064 3068 3075 3069 3084 3085 3078 3074 3083 3067 3077 3083 3087 3094 3087 3093 3078 3102 3099 3097 3073 3076 3093 3084 3094 3086 3094 3100 3077 3049 3019 3014 3016 3018 3026 3016 3023
2987 3007 2998 3009 3013 2998 2998 2989 2999 2995 3001 2996 2992 3001 2995 3004 2995 2988 2982 2986 3002 2993 2992 2995 2996 3010 3047 3057 3072 3089 3077 3088 3086 3087 3082 3073 3087 3079 3079 3075 3077 3085 3075 3088 3088 3099 3098 3082 3084 3079 3082 3094 3087 3085 3079 3072 3057 3037 3041 3034 3017 3015 3011 3008
2991 2993 2992 3009 3014 3011 2996 3002 2985 3007 2997 3006 2993 3016 2996 3010 2999 2982 2987 2989 2993 3005 2994 3002 3004 3021 3038 3040 3063 3073 3083 3076 3066 3064 3061 3066 3089 3071 3074 3080 3067 3073 3068 3093 3086 3092 3089 3101 3097 3087 3075 3083 3078 3105 3093 3074 3056 3035 3031 3034 3013 3008 3011 3009
2985 2996 2999 3010 3011 2997 3004 3000 2990 2994 3002 3008 2989 3006 2995 3002 2981 2988 2997 2977 2993 2995 2986 3001 3000 3003 3010 3020 3052 3062 3086 3088 3091 3078 3074 3054 3064 3074 3088 3086 3079 3092 3085 3090 3078 3082 3084 3097 3086 3083 3081 3070 3073 3086 3082 3074 3052 3032 3019 3016 3021 2993 3015 3016
2998 2999 3001 3004 3007 3010 2998 2999 3002 3000 2988 2988 2979 3008 2997 2998 2979 2988 2996 2993 2985 2997 2992 2997 3013 3004 3003 3013 3047 3069 3074 3080 3078 3090 3076 3067 3078 3075 3078 3080 3079 3082 3086 3087 3084 3083 3094 3085 3079 3089 3084 3083 3080 3085 3061 3075 3050 3030 3018 3029 3005 3013 3023 3019
2994 2988 2989 2986 3001 3012 2996 2999 2995 2988 2976 2995 2998 2992 2998 2991 2994 2988 2978 2994 2990 2996 2990 2995 3004 2998 3001 3022 3030 3055 3070 3073 3079 3070 3060 3071 3080 3075 3074 3070 3074 3068 3084 3098 3084 3090 3073 3088 3085 3083 3086 3091 3083 3096 3069 3063 3044 3026 3024 3017 3013 3011 3013 3007
2998 2985 2999 3000 2995 2995 2989 2987 2990 2986 2991 2992 2994 2994 3003 2986 2999 2993 2994 2979 2989 3000 2991 3003 3009 3003 2996 3007 3027 3039 3057 3060 3068 3068 3076 3070 3079 3075 3080 3065 3080 3073 3088 3095 3082 3085 3094 3091 3075 3096 3083 3072 3078 3100 3067 3062 3044 3020 3019 3007 3022 3016 3018 3005
2996 2988 2988 2989 2970 2989 2986 2985 2983 2995 2989 3001 3007 2988 2989 2996 2991 2987 2989 2999 3003 3007 2993 2989 3004 3011 2991 3012 3023 3042 3069 3077 3072 3072 3069 3067 3090 3073 3076 3070 3077 3087 3083 3093 3091 3089 3103 3095 3093 3092 3078 3073 3074 3096 3071 3058 3043 3026 3015 3012 3016 3013 3009 3009
2997 2983 2989 2994 2989 2981 2976 2988 2993 2995 2996 2992 2985 2995 2995 2978 2986 2993 2994 2988 2999 3010 2985 2977 2983 2988 2990 3009 3040 3028 3059 3081 3078 3087 3070 3069 3071 3083 3077 3081 3083 3096 3097 3079 3095 3096 3095 3086 3082 3071 3080 3084 3084 3086 3069 3057 3021 3020 3020 3014 3013 3019 3021 3018
3010 2986 2985 2989 2983 2973 2991 2993 2984 2989 2994 2992 2991 2992 3001 3012 2994 3000 2996 2998 2999 2993 2985 2994 2993 2995 3001 3016 3020 3050 3061 3072 3085 3068 3077 3067 3072 3084 3079 3086 3090 3099 3075 3084 3094 3086 3097 3082 3080 3078 3071 3074 3083 3072 3053 3043 3031 3017 3007 3012 3017 3011 3009 3011
3018 3000 3003 2986 2977 2973 2993 2994 2983 2986 2985 2984 2993 2990 3005 2992 2986 2986 2992 2999 2982 2999 2999 2994 3006 2997 3002 3019 3036 3045 3071 3078 3078 3061 3076 3089 3073 3081 3078 3091 3092 3105 3073 3085 3081 3085 3097 3099 3083 3077 3078 3072 3083 3060 3037 3036 3030 3005 3015 3019 2996 3020 2994 3013
3008 2987 2977 2991 2988 2983 2983 2979 2978 3000 2980 2993 3002 3001 2999 3000 2988 2997 2998 2997 2998 2993 2986 2998 2993 2982 2997 3014 3029 3040 3073 3073 3077 3084 3081 3070 3069 3073 3092 3079 3090 3082 3090 3088 3094 3076 3086 3093 3085 3078 3071 3074 3074 3061 3032 3034 3028 3039 3040 3031 3018 3018 3000 3009
2995 2983 2989 2985 2976 2982 2985 2989 2976 2979 2982 2983 3002 2992 2998 2985 2986 2993 2990 2994 2993 3002 2980 2996 3001 2996 2987 3001 3021 3042 3082 3071 3086 3065 3086 3072 3077 3075 3081 3075 3075 3088 3103 3075 3092 3062 3071 3085 3078 3070 3086 3085 3061 3059 3026 3037 3035 3031 3048 3024 3014 3014 3007 3003
3006 2987 3000 2986 2983 2995 2995 2987 2990 2970 2988 2985 2986 2985 2993 2984 2981 2991 2983 2992 2989 3005 3010 3000 2994 3008 3005 3023 3048 3056 3075 3084 3081 3075 3086 3080 3087 3075 3082 3079 3080 3088 3070 3094 3093 3087 3089 3077 3103 3089 3077 3068 3047 3043 3023 3027 3035 3023 3031 3033 3017 3009 3012 3014
2993 2999 2987 2991 2991 2997 2976 2979 3000 2981 2994 2986 2981 2993 2981 2985 2976 2993 2989 2986 2982 2986 2990 2990 3011 3008 3006 3023 3049 3056 3079 3081 3071 3067 3075 3094 3087 3081 3076 3083 3089 3090 3093 3090 3079 3095 3079 3088 3075 3085 3073 3047 3031 3014 3021 3014 3022 3045 3034 3037 3027 3017 3021 3024
2999 3000 2992 2974 2988 2974 2992 2989 2996 2996 2990 2998 2983 2992 2995 2998 2980 2980 3002 2984 2994 2984 2987 2990 3016 3007 3009 3024 3059 3056 3078 3082 3080 3073 3084 3091 3079 3091 3081 3088 3080 3087 3082 3071 3077 3082 3084 3081 3072 3075 3044 3028 3022 3009 3009 3020 3026 3034 3024 3037 3041 3026 3022 3015
3001 2993 2985 2970 2998 2989 2984 2999 2994 3013 3005 3000 3008 3009 3009 2990 2999 2999 2999 3000 2994 3001 2977 2993 2999 3003 3017 3016 3059 3064 3081 3087 3098 3074 3083 3077 3086 3081 3083 3086 3079 3083 3087 3077 3085 3075 3094 3076 3076 3058 3038 3028 3015 3007 3006 3010 3019 3030 3037 3034 3028 3025 3025 3017
3002 2997 2992 2990 2990 2983 3007 2995 2995 2986 3004 3003 2992 2996 3007 2995 3005 3011 2999 3007 3007 3004 3000 2997 3003 3009 3022 3031 3063 3087 3090 3086 3093 3079 3085 3085 3098 3088 3094 3091 3071 3073 3072 3084 3076 3078 3086 3088 3062 3044 3026 3016 3022 3019 3007 3018 3014 3031 3018 3009 3025 3020 3016 3006
2993 3002 3000 2992 2993 2989 2998 2999 2998 3004 3002 3002 3001 2998 3001 3004 2996 3007 3003 3009 3010 3021 3019 3006 3011 3013 3042 3060 3062 3096 3095 3075 3075 3069 3074 3083 3083 3082 3092 3100 3079 3080 3083 3086 3076 3074 3080 3064 3038 3019 3006 3019 3018 3012 3016 3005 3011 3022 3026 3020 3004 3016 3010 3011
2996 3002 2996 2989 2989 3002 2999 3004 2996 3008 3002 2998 2993 2990 2995 2986 2988 2998 3010 3013 3029 3018 3013 3023 3029 3021 3053 3064 3075 3075 3082 3071 3070 3068 3075 3080 3097 3085 3101 3076 3076 3068 3083 3081 3087 3074 3066 3067 3045 3023 3012 3030 3005 3005 3008 3005 3036 3015 3011 3014 3013 3011 3021 3010
2998 2989 2983 2986 2992 2998 2993 2998 2995 3002 2985 2997 2997 2994 2982 2991 2994 3006 3006 3021 3032 3015 3026 3029 3045 3049 3062 3065 3075 3082 3070 3073 3078 3080 3087 3093 3083 3086 3078 3062 3087 3076 3089 3083 3068 3068 3061 3052 3035 3015 3016 3016 3015 3009 3004 3002 3007 3000 3010 3014 3013 3008 3015 3019
2997 2991 3002 2990 3003 3000 3005 2991 2993 2991 3009 2996 2995 2983 2979 2996 2997 3011 3046 3040 3042 3054 3035 3048 3050 3063 3061 3083 3082 3080 3078 3080 3085 3071 3094 3086 3090 3095 3088 3083 3082 3082 3083 3074 3084 3067 3064 3045 3029 3024 3007 3009 3003 3014 3003 2994 2995 2998 3011 3004 2989 3003 3000 3009
2994 2995 3001 2997 2992 2998 2988 2990 2979 2989 2997 3009 2994 2997 2995 2997 3004 3023 3041 3058 3057 3054 3062 3076 3077 3080 3075 3074 3081 3077 3075 3086 3088 3091 3079 3082 3083 3093 3087 3084 3089 3091 3089 3080 3074 3082 3056 3034 3027 3016 3014 2994 3009 3006 2999 3010 3014 3015 3006 2997 3008 3014 3002 3009
2997 2989 2980 2979 2981 2992 2978 2986 2984 3003 2995 2998 3002 2993 3011 3017 3015 3039 3038 3042 3046 3055 3054 3075 3083 3080 3077 3088 3086 3077 3075 3072 3079 3081 3081 3068 3077 3083 3077 3076 3080 3077 3085 3075 3078 3060 3071 3049 3045 3028 3017 3021 3002 3020 3021 3017 3001 3025 3027 3012 3001 3017 3006 3006
2997 2997 2993 2978 2986 2984 2970 2983 2988 2996 3007 3023 3006 3010 3033 3029 3031 3043 3047 3045 3042 3054 3064 3076 3083 3075 3078 3078 3084 3088 3074 3070 3063 3071 3063 3086 3073 3073 3069 3073 3093 3080 3089 3075 3062 3075 3058 3046 3047 3043 3048 3038 3032 3025 3019 3039 3027 3031 3028 3002 3001 3015 3026 3028
3004 2990 2991 2994 3004 2998 2989 2987 3004 3014 3026 3032 3032 3033 3030 3026 3042 3035 3039 3042 3047 3050 3069 3062 3080 3068 3082 3072 3078 3081 3086 3068 3079 3069 3075 3063 3070 3062 3077 3076 3083 3091 3086 3092 3072 3066 3075 3057 3061 3061 3067 3054 3035 3033 3028 3034 3034 3032 3031 3028 3029 3021 3031 3032
3002 2993 2995 3011 3008 3009 3014 3018 3031 3038 3038 3042 3036 3038 3056 3062 3058 3048 3034 3056 3055 3049 3051 3064 3079 3077 3084 3077 3070 3073 3081 3088 3082 3089 3076 3088 3083 3065 3079 3069 3069 3087 3092 3074 3087 3076 3088 3058 3058 3050 3055 3059 3048 3048 3051 3028 3041 3056 3036 3032 3033 3027 3046 3072
3004 3002 3001 3007 3024 3019 3028 3039 3039 3045 3045 3042 3047 3046 3063 3059 3066 3064 3043 3052 3070 3061 3059 3073 3091 3079 3072 3081 3086 3080 3090 3089 3086 3084 3092 3085 3088 3077 3074 3080 3063 3087 3091 3089 3084 3079 3064 3065 3068 3065 3072 3070 3062 3053 3060 3058 3048 3039 3046 3041 3046 3043 3039 3046
3024 3012 3017 3018 3025 3040 3057 3051 3047 3053 3064 3069 3060 3054 3069 3074 3067 3072 3064 3065 3074 3076 3078 3064 3086 3071 3094 3084 3093 3094 3086 3101 3093 3083 3099 3075 3088 3074 3090 3074 3061 3088 3085 3090 3087 3079 3064 3072 3065 3070 3075 3074 3069 3081 3064 3070 3060 3049 3049 3053 3043 3042 3046 3054
2999 3010 3018 3031 3027 3051 3049 3056 3060 3063 3071 3060 3064 3051 3062 3056 3061 3070 3069 3075 3068 3089 3075 3072 3078 3067 3078 3089 3088 3095 3074 3086 3085 3091 3095 3075 3084 3090 3084 3080 3074 3082 3088 3093 3086 3083 3064 3068 3069 3066 3063 3076 3069 3070 3064 3064 3061 3060 3053 3068 3064 3058 3049 3046
3013 3025 3048 3031 3048 3042 3056 3065 3064 3068 3063 3068 3065 3058 3050 3058 3070 3066 3061 3071 3065 3081 3074 3068 3078 3085 3069 3069 3077 3082 3076 3070 3090 3085 3073 3084 3082 3086 3093 3102 3085 3081 3088 3088 3081 3083 3074 3065 3067 3079 3069 3058 3062 3070 3070 3059 3066 3056 3069 3073 3063 3078 3062 3048
3030 3050 3042 3053 3050 3049 3059 3067 3072 3065 3063 3062 3061 3066 3068 3065 3071 3069 3073 3066 3068 3080 3080 3061 3073 3058 3075 3071 3085 3079 3073 3071 3075 3077 3073 3081 3080 3078 3080 3089 3069 3079 3077 3077 3056 3064 3068 3069 3057 3059 3055 3064 3070 3059 3074 3071 3063 3065 3058 3071 3068 3066 3067 3054
3029 3032 3036 3035 3049 3062 3069 3062 3069 3057 3063 3069 3067 3065 3080 3072 3064 3077 3078 3071 3071 3076 3074 3075 3073 3054 3067 3065 3066 3061 3065 3061 3074 3072 3061 3068 3063 3066 3061 3057 3082 3060 3066 3063 3053 3042 3065 3067 3066 3066 3052 3078 3067 3064 3083 3067 3067 3062 3070 3067 3052 3046 3056 3075
3036 3043 3046 3051 3038 3066 3075 3062 3068 3062 3071 3082 3064 3077 3086 3076 3073 3061 3079 3072 3075 3080 3079 3083 3068 3080 3067 3069 3066 3069 3066 3070 3077 3074 3072 3073 3070 3077 3073 3074 3071 3066 3066 3054 3049 3068 3069 3072 3073 3055 3069 3077 3080 3073 3063 3070 3074 3063 3065 3075 3078 3069 3062 3042
3047 3050 3031 3035 3058 3064 3076 3063 3064 3063 3071 3073 3055 3075 3064 3070 3073 3087 3072 3082 3072 3077 3076 3077 3081 3079 3085 3075 3078 3059 3067 3072 3068 3089 3067 3084 3086 3079 3080 3075 3083 3088 3053 3058 3059 3060 3074 3069 3062 3072 3066 3083 3081 3091 3086 3064 3067 3074 3083 3086 3080 3064 3053 3046
