3061 3050 3058 3057 3058 3055 3056 3077 3070 3058 3052 3036 3027 3040 3048 3058 3048 3052 3055 3056 3069 3074 3052 3067 3064 3069 3060 3064 3077 3066 3060 3054 3065 3065 3056 3057 3076 3066 3061 3045 3035 3033 3041 3046 3034 3036 3038 3042 3030 3037 3036 3029 3022 3032 3015 3008 3008 3019 3011 3006 3031 3019 3012 3013
3061 3052 3051 3065 3065 3072 3069 3055 3058 3044 3051 3057 3049 3046 3057 3058 3063 3057 3068 3060 3059 3058 3057 3067 3068 3071 3072 3058 3063 3061 3062 3068 3077 3059 3059 3068 3062 3058 3068 3063 3051 3044 3047 3048 3046 3046 3033 3039 3031 3031 3031 3023 3035 3026 3020 3016 3015 3021 3011 3007 2998 3024 3019 3022
3060 3063 3061 3057 3061 3056 3055 3058 3052 3055 3050 3049 3034 3040 3039 3063 3070 3072 3052 3063 3047 3043 3067 3068 3064 3064 3065 3065 3074 3061 3067 3071 3067 3071 3065 3060 3057 3075 3058 3076 3064 3049 3050 3050 3049 3045 3045 3042 3041 3039 3016 3008 3020 3045 3033 3026 3013 3025 3020 3005 3012 3021 3019 3015
3060 3070 3053 3058 3045 3055 3058 3050 3043 3042 3057 3040 3041 3039 3052 3061 3068 3057 3037 3046 3050 3052 3059 3073 3063 3059 3063 3063 3059 3075 3074 3082 3067 3073 3070 3072 3074 3060 3068 3082 3065 3071 3061 3051 3051 3045 3041 3040 3025 3043 3030 3023 3016 3029 3030 3019 3009 3016 3007 3004 3029 3029 3027 3015
3056 3059 3048 3052 3039 3041 3043 3051 3061 3049 3051 3037 3031 3036 3052 3045 3065 3052 3048 3042 3044 3053 3067 3066 3056 3068 3064 3059 3055 3069 3071 3090 3073 3068 3057 3072 3062 3073 3076 3077 3077 3064 3072 3052 3054 3044 3035 3030 3034 3019 3019 3024 3009 3009 3008 3013 3000 3012 3022 3025 3029 3021 3019 3015
3047 3044 3045 3038 3048 3042 3036 3043 3042 3048 3053 3039 3039 3043 3048 3053 3055 3052 3044 3050 3044 3056 3051 3073 3071 3072 3068 3062 3075 3062 3078 3085 3076 3072 3087 3081 3077 3089 3095 3089 3083 3090 3078 3067 3064 3055 3050 3037 3042 3031 3020 3031 3021 3011 3037 3016 3019 3010 3020 3030 3030 3022 3012 3015
3034 3040 3033 3043 3046 3048 3040 3042 3026 3038 3046 3049 3034 3051 3036 3054 3041 3057 3044 3043 3047 3060 3069 3068 3085 3079 3072 3067 3080 3086 3099 3085 3100 3089 3097 3087 3105 3095 3109 3100 3091 3092 3081 3074 3076 3066 3050 3035 3036 3043 3040 3031 3022 3039 3027 3016 2999 3002 3024 3034 3030 3007 3023 3035
3019 3006 3006 3004 3015 3005 3020 3005 3022 3009 3020 3024 3022 3025 3043 3037 3034 3033 3031 3035 3035 3040 3061 3069 3084 3083 3058 3072 3096 3093 3089 3085 3099 3090 3093 3091 3096 3086 3097 3096 3092 3097 3094 3092 3067 3077 3047 3044 3048 3045 3034 3021 3025 3003 3018 3024 3018 3015 3023 3030 3027 3019 3026 3034
2982 2986 2966 2988 2981 2969 2967 2975 2986 2986 2985 3001 3011 3015 3020 3018 3012 3005 3019 3026 3030 3062 3050 3075 3068 3083 3063 3063 3085 3102 3090 3083 3084 3095 3083 3086 3079 3093 3088 3093 3091 3090 3090 3106 3096 3082 3068 3048 3044 3033 3028 3025 3008 3004 3009 3001 3009 3021 3020 3014 3025 3038 3023 3022
2989 2979 2978 2965 2959 2977 2972 2975 2995 2988 2992 2991 2995 3016 3014 3016 3019 3018 3024 3023 3017 3042 3067 3076 3072 3084 3066 3077 3091 3106 3093 3103 3099 3086 3078 3085 3084 3088 3089 3095 3099 3088 3096 3094 3080 3080 3064 3054 3035 3028 3034 3030 3026 3014 3015 3018 3021 3023 3009 3003 3007 3017 3003 2999
2999 2982 2970 2974 2964 2975 2984 2977 2982 2980 2995 2994 3015 3005 3013 3023 3016 3022 3023 3025 3029 3034 3075 3079 3070 3087 3077 3079 3095 3108 3090 3103 3090 3095 3092 3087 3094 3067 3093 3076 3091 3090 3076 3095 3085 3082 3059 3052 3043 3040 3039 3022 3024 3029 3033 3022 3014 3010 3001 3002 2997 3015 2990 2992
2981 2974 2966 2983 2975 2990 2996 2976 2982 2992 2986 2987 3010 3011 3012 3010 3008 3018 3020 3029 3038 3056 3073 3072 3067 3082 3064 3090 3081 3096 3091 3096 3084 3100 3075 3094 3087 3090 3085 3089 3088 3103 3101 3097 3096 3089 3085 3066 3052 3049 3051 3041 3020 3031 3025 3022 3004 3006 3013 3020 3004 3006 3014 3002
2974 2989 2973 2980 2971 2979 2981 2983 2960 2988 2998 3003 3009 3013 3021 3013 3005 3016 3020 3035 3045 3070 3080 3071 3080 3070 3078 3075 3073 3072 3101 3092 3094 3105 3087 3082 3076 3085 3093 3096 3104 3103 3100 3092 3079 3105 3078 3068 3057 3046 3039 3047 3043 3032 3030 3036 3010 2990 3011 3018 3013 3029 3003 3003
2975 2982 2966 2987 3000 2982 2986 2994 2976 2992 3003 2994 3015 3017 3029 3013 3013 3018 3022 3031 3055 3061 3088 3088 3086 3078 3069 3075 3096 3082 3092 3097 3086 3081 3078 3087 3086 3088 3101 3086 3097 3102 3083 3107 3097 3091 3092 3077 3065 3048 3043 3042 3045 3038 3028 3039 3026 3001 3012 3018 3019 3024 3006 3015
2971 2971 2983 2974 2998 2983 3000 2989 2988 2995 3003 3016 3008 3034 3037 3031 3021 3034 3022 3045 3058 3064 3066 3068 3086 3083 3094 3078 3100 3082 3085 3076 3075 3081 3087 3082 3089 3075 3089 3098 3096 3097 3105 3103 3108 3091 3086 3096 3067 3052 3059 3061 3045 3027 3033 3031 3031 3007 3014 3015 3014 3008 3027 3027
2989 2979 2998 2993 3003 3000 3001 2996 3001 2997 3010 3007 3029 3023 3040 3029 3021 3033 3045 3047 3076 3073 3079 3085 3093 3096 3083 3093 3085 3093 3103 3089 3099 3091 3075 3097 3092 3082 3089 3085 3091 3096 3093 3087 3094 3092 3087 3092 3073 3066 3079 3074 3056 3033 3034 3033 3024 3018 3019 3003 3019 3014 3004 3019
2997 2996 3023 3021 3004 3016 3009 3013 3009 3007 3007 3019 3020 3019 3031 3043 3025 3036 3037 3055 3060 3075 3101 3086 3089 3089 3095 3081 3085 3079 3074 3105 3092 3100 3097 3082 3091 3087 3085 3082 3100 3091 3084 3089 3089 3084 3087 3078 3086 3091 3092 3086 3059 3046 3042 3049 3022 3012 3022 3013 3012 3032 3011 3016
3004 3012 3014 3007 3001 3013 3006 3009 2999 3002 3018 3031 3032 3020 3031 3042 3039 3034 3032 3048 3072 3083 3088 3092 3093 3088 3096 3091 3079 3097 3075 3075 3103 3093 3086 3086 3090 3090 3083 3082 3080 3089 3086 3084 3065 3086 3083 3083 3074 3084 3098 3102 3067 3063 3053 3029 3035 3035 3010 3015 3033 3032 3020 3013
3003 3019 3004 3012 2999 3006 2992 2998 3001 3009 3025 3022 3011 3025 3026 3050 3045 3045 3054 3057 3068 3075 3085 3081 3074 3081 3082 3087 3077 3082 3095 3085 3095 3108 3101 3095 3093 3087 3079 3086 3100 3097 3097 3098 3089 3082 3080 3086 3086 3096 3093 3094 3083 3070 3048 3041 3031 3016 3016 3016 3017 3005 3017 3005
3005 3017 3011 3003 3003 3006 3012 3030 3001 3013 3014 3019 3026 3033 3038 3030 3041 3057 3048 3058 3065 3074 3089 3090 3076 3090 3099 3086 3078 3081 3091 3090 3100 3091 3094 3099 3099 3081 3096 3092 3078 3096 3098 3089 3074 3079 3083 3078 3074 3087 3086 3084 3079 3075 3052 3043 3030 3025 3027 3027 3011 3009 3017 3019
3006 3009 3008 3022 3016 3011 3015 3023 3017 3015 3013 3029 3035 3044 3045 3037 3046 3058 3063 3062 3064 3069 3071 3085 3071 3086 3103 3091 3082 3082 3083 3076 3082 3092 3082 3096 3090 3108 3110 3092 3098 3086 3090 3094 3088 3076 3062 3085 3075 3081 3092 3073 3079 3050 3045 3033 3032 3029 3028 3032 3008 3012 3013 3023
3010 3019 3005 3020 3021 3022 3010 3029 3014 3023 3010 3024 3032 3044 3040 3055 3056 3067 3068 3065 3061 3083 3068 3077 3077 3087 3105 3096 3090 3091 3081 3082 3089 3092 3087 3101 3095 3087 3091 3104 3083 3089 3096 3080 3077 3091 3078 3084 3084 3083 3083 3080 3080 3073 3048 3036 3035 3029 3024 3007 3010 3023 3018 3034
3015 3020 3023 3032 3027 3024 3015 3022 3012 3015 3013 3019 3023 3021 3037 3075 3057 3074 3071 3078 3071 3070 3080 3075 3090 3093 3077 3077 3075 3086 3093 3095 3093 3088 3091 3083 3081 3079 3089 3084 3086 3084 3085 3085 3079 3080 3087 3083 3077 3085 3083 3077 3079 3088 3058 3050 3031 3032 3022 3020 3017 3007 3024 3019
3014 3019 3016 3019 3016 3029 3003 3022 3010 3024 3032 3023 3009 3037 3041 3054 3060 3081 3089 3075 3079 3075 3079 3080 3093 3094 3075 3082 3080 3074 3099 3091 3102 3100 3090 3096 3086 3087 3070 3070 3082 3089 3090 3085 3080 3087 3087 3077 3077 3081 3086 3088 3080 3071 3069 3036 3029 3012 3031 3037 3009 3000 3014 3011
3003 3017 3003 3009 3009 3010 2999 3020 3003 3013 3007 3020 3006 3020 3045 3079 3068 3069 3088 3084 3082 3090 3091 3095 3079 3077 3095 3084 3087 3080 3088 3105 3095 3095 3092 3084 3077 3092 3073 3093 3101 3113 3097 3095 3083 3073 3082 3076 3091 3099 3096 3102 3077 3073 3048 3046 3018 3026 3027 3027 3017 3014 3017 3024
2996 3006 3006 3005 3009 3002 3006 3003 3008 3007 3007 3006 3002 3035 3045 3065 3071 3084 3080 3088 3086 3093 3091 3077 3081 3085 3085 3082 3082 3092 3088 3094 3097 3107 3095 3079 3079 3095 3083 3094 3093 3104 3096 3092 3081 3085 3081 3082 3083 3097 3089 3100 3084 3070 3047 3032 3028 3022 3023 3034 3028 3027 3024 3021
3002 3008 3015 3002 3002 2995 3004 3013 3004 2996 3016 3011 3016 3030 3043 3070 3075 3095 3080 3081 3080 3081 3074 3080 3077 3090 3074 3086 3083 3076 3095 3097 3092 3096 3085 3085 3079 3081 3077 3077 3084 3085 3098 3080 3085 3088 3085 3081 3071 3081 3090 3076 3077 3068 3040 3033 3025 3031 3023 3015 3040 3020 3024 3010
2991 3024 3015 3010 3010 3006 3005 3012 3002 3000 3001 3021 3010 3041 3044 3066 3062 3085 3085 3071 3087 3085 3097 3090 3081 3085 3097 3078 3078 3097 3084 3092 3087 3085 3080 3073 3078 3072 3088 3069 3086 3086 3093 3085 3081 3089 3083 3092 3077 3085 3078 3091 3082 3078 3055 3029 3042 3035 3030 3026 3031 3025 3026 3019
3000 3001 3009 3017 3010 3011 3010 2999 3007 3028 3009 3011 3009 3035 3053 3059 3068 3068 3083 3080 3084 3077 3072 3092 3077 3083 3089 3073 3094 3091 3084 3082 3082 3087 3076 3081 3074 3081 3064 3069 3063 3086 3080 3082 3090 3089 3086 3091 3083 3066 3087 3091 3077 3077 3065 3035 3038 3036 3030 3022 3030 3021 3018 3021
3006 3004 3004 3006 3019 3015 3000 3012 3019 3014 3025 3019 3011 3042 3051 3059 3065 3060 3085 3078 3077 3091 3078 3091 3074 3077 3088 3083 3095 3081 3081 3078 3083 3078 3085 3075 3074 3073 3068 3061 3083 3086 3078 3082 3095 3078 3095 3101 3076 3080 3073 3093 3079 3078 3054 3052 3046 3026 3027 3033 3019 3006 3020 3007
2998 2996 2993 3010 3019 3013 3004 3001 3015 3008 3001 3001 3006 3033 3038 3050 3059 3068 3075 3088 3083 3086 3084 3092 3074 3081 3075 3073 3082 3083 3073 3080 3088 3084 3083 3078 3071 3079 3072 3083 3083 3084 3077 3082 3081 3090 3090 3088 3085 3086 3090 3087 3076 3075 3047 3026 3023 3027 3034 3021 3014 3003 3005 3017
3000 3019 3019 3027 3010 3019 3005 3024 3012 3014 3012 3017 3020 3029 3029 3049 3059 3068 3088 3082 3064 3069 3092 3073 3083 3077 3071 3072 3106 3072 3096 3085 3097 3080 3092 3083 3084 3093 3078 3091 3078 3075 3082 3079 3086 3076 3079 3085 3100 3076 3086 3076 3076 3065 3043 3027 3023 3035 3018 3005 3022 3014 3008 3008
3020 3028 3031 3043 3023 3008 3025 3023 3017 3027 3017 3019 3015 3017 3049 3048 3062 3068 3074 3066 3068 3077 3081 3074 3081 3086 3087 3090 3088 3092 3095 3090 3088 3065 3083 3085 3086 3084 3085 3076 3073 3070 3074 3093 3077 3075 3085 3076 3084 3086 3084 3078 3078 3067 3045 3018 3015 3025 3010 3010 3015 3016 3015 3020
3030 3031 3027 3027 3019 3022 3025 3014 3010 3015 3012 3012 3016 3026 3035 3042 3065 3071 3068 3078 3085 3087 3074 3090 3093 3073 3077 3086 3097 3084 3086 3086 3086 3088 3084 3081 3081 3065 3075 3069 3070 3076 3081 3077 3084 3075 3084 3074 3078 3078 3070 3075 3070 3085 3039 3033 3022 3040 3020 3020 3013 3015 3017 3015
3019 3012 3023 3015 3006 3016 3009 3002 3012 3010 3003 3019 3019 3027 3025 3047 3057 3071 3077 3065 3081 3074 3086 3073 3081 3078 3082 3078 3096 3089 3085 3080 3093 3090 3086 3080 3084 3078 3081 3084 3071 3073 3083 3083 3074 3091 3088 3085 3084 3080 3075 3073 3067 3061 3041 3026 3027 3037 3022 3005 3014 3011 3007 2996
3018 3004 3012 3006 3008 3003 3014 2993 3006 3004 2999 3005 3020 3010 3013 3032 3039 3060 3077 3073 3090 3083 3085 3092 3080 3070 3082 3085 3085 3099 3090 3088 3092 3097 3087 3087 3070 3080 3079 3082 3073 3079 3078 3082 3081 3094 3088 3085 3087 3072 3071 3085 3073 3049 3042 3040 3027 3021 3017 3013 3018 3014 3015 3022
3015 3007 3003 3010 3009 3016 3001 3007 3019 3004 3007 2994 3003 3001 3032 3026 3027 3061 3074 3070 3091 3083 3076 3084 3085 3076 3075 3092 3104 3078 3086 3077 3089 3086 3082 3079 3079 3080 3076 3086 3086 3076 3065 3095 3081 3085 3084 3102 3091 3082 3078 3070 3071 3055 3036 3031 3036 3035 3005 3025 3015 3000 3012 3008
2993 3011 3013 3013 3020 3010 3010 3003 3009 3008 3005 3001 3010 2998 3008 3019 3030 3049 3062 3073 3079 3083 3063 3079 3072 3077 3088 3079 3099 3084 3099 3084 3089 3082 3080 3082 3075 3078 3071 3076 3091 3092 3085 3075 3082 3098 3082 3091 3085 3094 3082 3068 3059 3051 3031 3030 3020 3014 3002 3016 3000 3012 3006 3003
2993 3019 3031 3015 3002 2995 3012 2994 3009 3010 3008 3006 2987 3003 3009 3013 3013 3035 3059 3081 3072 3081 3080 3079 3081 3077 3078 3079 3095 3087 3089 3092 3087 3098 3090 3085 3092 3070 3080 3080 3079 3080 3082 3090 3091 3088 3096 3088 3090 3077 3075 3075 3072 3053 3036 3021 3015 3012 3017 3008 3001 3001 3003 3024
3002 3007 3018 3009 2991 3004 3011 3013 3007 3002 3013 3013 3000 3008 3008 3012 3001 3017 3050 3076 3080 3089 3072 3071 3066 3075 3086 3077 3094 3095 3098 3092 3085 3086 3086 3088 3083 3083 3074 3061 3078 3096 3092 3096 3078 3097 3080 3108 3085 3075 3072 3072 3059 3051 3034 3000 3008 2998 3008 3012 3007 3008 3011 3009
2996 3007 3001 3004 3010 3012 3013 3004 3007 2998 3007 3026 2998 3007 2982 3002 3012 3027 3043 3065 3072 3072 3074 3083 3069 3075 3100 3100 3090 3080 3080 3080 3079 3077 3080 3083 3087 3076 3082 3077 3072 3080 3079 3088 3075 3091 3079 3078 3085 3084 3081 3072 3058 3035 3021 3011 3000 3006 3004 3004 3019 3015 3010 3012
3009 2999 2986 3005 2993 3008 3022 3019 2999 3008 3007 3014 3020 3001 3004 2996 2992 3018 3033 3059 3089 3068 3064 3075 3061 3077 3088 3080 3087 3081 3079 3072 3081 3075 3075 3075 3092 3083 3079 3071 3081 3081 3084 3072 3091 3079 3076 3085 3066 3092 3082 3074 3050 3029 3019 3004 3020 3006 3017 3021 3017 3022 3017 3012
2996 3008 3012 3004 3009 3009 3023 3009 3008 3005 3001 3009 3001 2994 2995 2999 3001 3010 3026 3059 3078 3080 3070 3063 3070 3078 3085 3073 3081 3091 3083 3081 3091 3074 3081 3098 3081 3077 3088 3082 3077 3085 3083 3082 3090 3089 3086 3080 3075 3082 3072 3062 3044 3017 3019 3003 3017 3020 3024 3024 3023 3003 3018 3007
3002 3006 3028 3028 3009 3018 3024 2998 3000 3000 3010 3000 2999 2984 2998 3002 3001 3016 3019 3032 3064 3064 3078 3090 3079 3079 3065 3074 3082 3087 3085 3081 3093 3093 3086 3083 3067 3086 3087 3079 3079 3097 3084 3096 3077 3102 3099 3071 3076 3082 3070 3059 3034 3024 3006 3017 3004 3021 3008 3016 3008 3008 3011 3012
3001 2999 2998 3005 3011 3013 3009 3010 3004 3003 3002 3003 3012 3009 3014 3001 3006 3014 3009 3033 3058 3070 3078 3080 3070 3088 3084 3078 3100 3086 3092 3091 3092 3085 3087 3082 3088 3097 3085 3088 3080 3084 3086 3085 3100 3090 3082 3078 3072 3065 3048 3037 3024 3020 3019 3016 3015 3008 3009 3014 3024 3010 3009 3001
2990 2989 2998 3002 3006 3009 3004 2996 3001 3007 3015 3005 3006 3005 3001 3002 2999 3007 3009 3028 3048 3059 3079 3075 3081 3083 3085 3099 3088 3088 3096 3094 3093 3092 3092 3096 3089 3091 3096 3084 3086 3089 3095 3098 3099 3083 3084 3071 3060 3067 3050 3025 3025 3007 3021 3019 3021 3016 3010 3006 3017 3006 3008 2994
3004 3000 3002 3006 2998 2989 2994 3004 3018 3010 3003 3004 3003 2992 3008 3009 2999 3009 3005 3014 3021 3044 3052 3076 3074 3073 3089 3084 3084 3082 3081 3093 3102 3084 3083 3080 3092 3085 3088 3084 3081 3082 3098 3097 3082 3090 3090 3065 3071 3085 3054 3022 3033 3034 3018 3019 3014 3027 3027 3024 3011 3010 3009 3017
2999 3000 3004 3015 3013 2998 2999 3005 3010 3009 3006 3000 2999 3005 3016 3007 3006 3011 3006 3018 3022 3037 3065 3060 3058 3074 3080 3074 3081 3079 3078 3089 3098 3079 3070 3096 3081 3080 3095 3093 3083 3079 3108 3098 3098 3087 3097 3083 3075 3047 3056 3023 3029 3022 3021 3014 3021 3022 3022 3009 3014 3009 3010 3008
2997 3002 2987 3002 3002 2998 2992 3004 2997 3008 3009 3014 2999 3006 3020 3026 3014 3009 3007 3010 3004 3025 3057 3064 3075 3074 3076 3077 3081 3081 3082 3087 3088 3080 3099 3090 3090 3092 3102 3084 3086 3076 3088 3091 3095 3078 3080 3071 3058 3044 3031 3032 3030 3017 3024 3024 3013 3007 3016 3003 3003 3012 3012 3000
2995 2999 3005 2992 2997 2998 2998 2998 2998 2997 2994 3006 3011 3015 2996 3017 3013 3024 3019 3020 3000 3020 3058 3063 3078 3072 3080 3080 3080 3075 3087 3097 3081 3089 3095 3090 3091 3089 3087 3093 3087 3090 3095 3097 3085 3086 3068 3063 3029 3022 3025 3004 3012 3015 3007 3008 3021 3012 3001 3010 2999 3010 3008 3014
3000 3011 2999 3006 2989 3000 2997 2997 2998 2998 3006 3004 2997 3001 3005 3012 3012 3015 3012 2997 3002 3032 3027 3062 3083 3074 3081 3075 3079 3084 3088 3092 3087 3098 3087 3087 3081 3092 3093 3103 3079 3093 3077 3091 3095 3081 3085 3079 3037 3018 3023 3012 3021 3010 3017 3010 3010 3018 3016 2998 2998 2993 3001 3007
3000 3002 3023 3013 2996 2999 3010 2984 3009 3005 3006 2997 3012 3001 3008 3014 3024 3008 3010 2990 3020 3027 3047 3053 3075 3084 3076 3095 3082 3089 3097 3086 3092 3084 3084 3072 3079 3089 3076 3097 3084 3078 3091 3071 3097 3085 3080 3068 3040 3037 3020 3018 3023 3004 3014 3006 3014 3010 3018 3016 3013 3009 3006 3024
3000 2996 3005 3001 3008 3020 3011 3019 3013 3014 3003 2997 3000 3006 3022 3003 3003 3001 2991 3004 3014 3022 3046 3050 3083 3084 3082 3083 3092 3097 3078 3090 3089 3091 3094 3073 3079 3079 3092 3079 3083 3081 3087 3092 3089 3089 3074 3064 3047 3026 3014 3006 3011 3014 3011 3019 3031 3026 3015 3009 3006 3003 3011 2997
2993 2989 2995 3008 3009 2997 3009 3006 3008 2999 2998 3004 3005 3003 3021 3011 3006 2996 2999 3014 3002 3018 3050 3073 3089 3089 3094 3101 3094 3095 3086 3086 3092 3095 3091 3076 3084 3097 3078 3073 3081 3076 3086 3091 3088 3074 3073 3066 3044 3031 3021 3013 3009 3018 3025 3013 3019 3012 3015 3019 3003 2999 3011 3006
3007 2991 2992 3010 2996 3019 3011 3008 3005 3012 2992 2997 3010 2997 3010 3017 3011 2994 3004 3002 3025 3041 3045 3059 3082 3083 3089 3092 3097 3082 3087 3092 3087 3080 3075 3077 3083 3086 3069 3076 3083 3088 3087 3091 3085 3084 3087 3066 3058 3032 3018 3021 3023 3022 3017 3010 3010 3014 3010 3023 3024 3016 3015 3021
3009 3010 2996 2996 3011 3004 3012 2997 2988 2996 2987 2994 3000 3003 3006 3010 3010 3014 3016 3014 3026 3032 3039 3054 3081 3075 3083 3086 3090 3099 3075 3086 3081 3079 3073 3081 3092 3083 3069 3072 3091 3092 3075 3075 3077 3087 3076 3074 3033 3017 3030 3003 3029 3031 3010 3011 3004 3002 3016 3038 3019 3030 3026 3012
2993 3012 3002 2998 2999 3002 3012 3013 3005 3012 3002 2986 3016 3001 3021 3009 3021 3030 3042 3042 3059 3068 3067 3086 3073 3086 3093 3107 3100 3099 3088 3092 3072 3084 3096 3106 3096 3084 3084 3087 3086 3078 3083 3073 3089 3103 3085 3065 3068 3058 3053 3039 3033 3033 3041 3032 3032 3020 3031 3029 3036 3024 3032 3032
3003 2992 3011 2995 2994 3014 3006 2997 3009 3004 2999 2997 3004 3029 3026 3016 3032 3021 3029 3058 3073 3078 3087 3090 3094 3101 3095 3099 3096 3097 3092 3089 3090 3105 3095 3102 3099 3104 3098 3104 3082 3088 3071 3075 3093 3093 3083 3081 3081 3063 3065 3056 3056 3054 3040 3033 3046 3052 3040 3055 3038 3039 3023 3021
2998 3005 2997 3006 3003 3014 3009 3012 3013 3011 3004 3003 3006 3024 3027 3038 3037 3036 3050 3049 3088 3092 3095 3098 3100 3101 3096 3108 3091 3093 3097 3101 3094 3083 3092 3093 3099 3102 3093 3095 3096 3091 3098 3091 3087 3099 3090 3087 3066 3069 3074 3058 3057 3039 3056 3058 3047 3055 3044 3055 3049 3051 3044 3041
2988 3005 3005 3008 2999 3012 3016 3002 3009 3015 3026 3026 3015 3018 3040 3042 3047 3049 3056 3074 3092 3105 3093 3090 3101 3092 3093 3099 3097 3091 3095 3104 3106 3098 3089 3072 3110 3092 3094 3104 3098 3081 3086 3098 3100 3084 3090 3088 3083 3074 3077 3068 3062 3062 3059 3044 3065 3069 3053 3059 3054 3045 3061 3066
3005 3026 3013 3003 3021 3014 3016 3024 3011 3031 3041 3036 3041 3034 3046 3051 3051 3047 3076 3067 3086 3096 3106 3103 3111 3105 3094 3086 3094 3098 3107 3101 3088 3103 3095 3095 3091 3099 3093 3095 3096 3090 3089 3086 3095 3088 3084 3092 3079 3087 3074 3070 3069 3066 3071 3075 3069 3055 3066 3064 3063 3062 3055 3046
3012 3022 3026 3031 3018 3017 3021 3017 3025 3028 3042 3040 3035 3061 3064 3069 3060 3060 3063 3061 3092 3098 3109 3094 3088 3095 3092 3084 3099 3102 3101 3094 3102 3084 3085 3097 3102 3104 3090 3090 3106 3109 3102 3091 3093 3086 3088 3095 3095 3073 3062 3071 3073 3078 3075 3087 3086 3064 3072 3075 3058 3062 3052 3038
3029 3021 3031 3023 3027 3033 3044 3035 3051 3041 3050 3045 3048 3047 3065 3059 3059 3065 3058 3081 3087 3094 3101 3098 3100 3083 3097 3100 3083 3099 3109 3104 3104 3108 3101 3096 3095 3101 3102 3100 3083 3087 3102 3107 3094 3080 3095 3080 3077 3078 3076 3063 3081 3079 3064 3070 3072 3077 3081 3079 3078 3069 3062 3066
3020 3026 3038 3040 3035 3050 3081 3054 3045 3033 3030 3043 3060 3054 3057 3058 3055 3067 3070 3070 3086 3092 3089 3094 3092 3099 3094 3092 3103 3096 3108 3103 3105 3111 3093 3098 3096 3105 3097 3096 3101 3087 3098 3095 3108 3094 3092 3090 3086 3088 3072 3066 3082 3079 3080 3051 3071 3066 3082 3082 3074 3071 3067 3076
