3049 3038 3034 3039 3046 3050 3064 3064 3055 3044 3059 3034 3031 3043 3036 3048 3030 3023 3043 3042 3038 3036 3033 3046 3031 3028 3019 3030 3020 3028 3019 3015 3022 3015 3014 3014 3011 3015 3032 3016 3011 3011 3027 3024 3011 2999 3000 2993 3009 3023 3016 3029 2985 2999 2993 3008 2988 2974 2997 2985 2978 2995 2988 2983
3053 3045 3047 3032 3038 3058 3062 3043 3059 3043 3044 3030 3039 3027 3036 3037 3050 3039 3042 3049 3055 3042 3036 3035 3031 3036 3033 3032 3026 3018 3019 3014 3020 3019 3019 3007 3022 3014 3011 3012 3007 3025 3012 3021 3016 3001 3002 3007 3007 3001 3025 3015 3003 2995 3001 3000 2993 3010 2994 3000 2992 2998 2987 2995
3065 3061 3054 3047 3046 3041 3037 3051 3055 3039 3017 3025 3040 3034 3026 3033 3048 3042 3041 3035 3064 3045 3034 3040 3044 3027 3023 3015 3014 3021 3023 3013 3019 3012 3024 3020 3024 3011 3006 3010 3024 3017 3027 3025 2993 2981 2994 3006 2998 3010 3015 3013 3009 3002 3007 3014 3006 3016 3008 2990 3005 3016 3001 3001
3050 3062 3051 3046 3030 3048 3054 3049 3051 3059 3029 3045 3036 3040 3029 3045 3041 3039 3052 3043 3048 3047 3051 3044 3040 3045 3025 3044 3043 3047 3031 3022 3017 3018 3014 3016 3013 2998 3022 3018 3013 3007 3004 3012 3009 3002 3010 3007 3011 3012 3012 3010 3005 2996 2996 3003 2998 2999 2985 2998 2994 2991 3005 2995
3048 3049 3058 3044 3040 3047 3072 3054 3036 3031 3038 3035 3033 3025 3028 3022 3033 3037 3032 3043 3050 3055 3059 3060 3048 3039 3027 3046 3051 3049 3030 3021 3021 3021 3019 3010 3027 3021 3019 3008 3010 2996 2997 3019 3002 3004 3018 3027 3011 3002 3002 3019 3000 3003 3018 3008 3006 2997 2990 2999 2976 2987 2982 2998
3047 3041 3059 3038 3033 3061 3048 3053 3041 3035 3037 3043 3039 3040 3037 3023 3035 3035 3041 3037 3045 3058 3059 3049 3051 3046 3043 3029 3039 3031 3039 3041 3044 3037 3027 3028 3025 3013 3010 3002 3003 3008 3012 3009 3010 3013 3010 3010 3012 3006 3010 3008 3005 2993 3019 3004 3003 3002 2993 2991 2985 2989 2983 3015
3046 3035 3041 3042 3035 3036 3060 3035 3026 3033 3047 3027 3031 3033 3043 3042 3038 3052 3051 3053 3051 3052 3046 3049 3037 3050 3041 3052 3048 3046 3038 3044 3037 3036 3044 3044 3035 3037 3012 3009 2996 3009 3002 3012 2993 3001 3002 2998 3013 3009 3001 2996 2995 2994 3000 3013 2998 2985 2999 2990 2994 3003 3003 3016
3024 3016 3009 3013 3022 3021 3020 3015 2998 2998 3018 3020 3018 3017 3030 3018 3033 3039 3040 3038 3070 3047 3047 3037 3042 3032 3035 3043 3034 3027 3031 3032 3052 3024 3034 3036 3038 3029 3031 3029 3008 3009 3011 3021 3019 2999 3007 3014 3014 2994 3016 3017 3004 2998 2997 3005 2995 2984 2991 2990 3008 3011 3008 3007
2987 2991 2980 2991 3004 2993 2978 2981 2991 2997 3008 2999 2990 3004 3012 3008 3016 3026 3016 3028 3038 3040 3039 3030 3024 3011 3006 3013 3038 3033 3013 3037 3041 3033 3033 3029 3033 3047 3033 3023 3025 3022 3029 3028 3011 3024 3015 3014 3019 3014 3019 3028 3020 3004 3005 3014 2992 2994 2992 3010 3009 3016 2995 2995
2986 2985 2995 2983 3000 2983 2997 2982 2988 3004 2999 2997 3001 3018 3006 3019 3029 3020 3012 3031 3034 3036 3038 3033 3029 3010 3004 3028 3036 3030 3022 3016 3045 3044 3040 3041 3036 3048 3029 3030 3018 3030 3023 3027 3024 3019 3005 3008 2996 3013 3008 3011 3023 3008 2999 2993 3003 2991 2997 3005 3007 3004 3009 3002
2988 2998 3001 2992 2979 2983 3003 2990 3003 2997 2992 2993 3003 3020 3036 3036 3032 3010 3024 3022 3037 3038 3037 3045 3023 3027 3010 3030 3027 3054 3040 3029 3043 3048 3041 3054 3053 3044 3036 3029 3013 3012 3002 3002 3017 3002 2993 2993 2993 2994 2996 3010 3011 3000 2992 3004 3001 2995 3012 3007 2997 3009 3017 3003
2963 2977 2974 2979 2991 2985 2997 3008 2996 2987 3002 3020 3001 3027 3042 3030 3022 3022 3039 3037 3037 3038 3030 3037 3027 3040 3026 3009 3032 3043 3031 3046 3041 3040 3045 3038 3052 3040 3049 3041 3031 3029 3012 3006 3003 3005 2993 2988 2992 2994 2996 3006 3002 3013 3008 2992 2993 3003 2998 3021 3011 3022 3013 3006
2975 2972 2958 2978 2974 2988 3008 3016 3000 3017 3029 3019 3030 3019 3020 3026 3023 3022 3026 3040 3036 3039 3037 3041 3036 3034 3032 3023 3030 3018 3033 3031 3034 3050 3044 3039 3048 3044 3035 3045 3042 3045 3029 3017 3009 3010 2996 2998 2977 2990 2988 2980 2985 3007 3005 2985 3002 3005 3010 3005 3000 3009 3019 3010
2967 2978 2960 2983 2978 2984 2993 3002 2997 3008 3024 3019 3022 3031 3028 3022 3026 3035 3039 3042 3059 3056 3052 3040 3049 3026 3032 3029 3038 3039 3023 3033 3041 3057 3042 3028 3045 3047 3042 3045 3041 3042 3026 3005 3001 3009 2996 3001 2987 2977 2984 2991 2989 3007 2997 2987 3000 3000 3014 3012 3019 3016 3009 3014
2982 2957 2960 2975 2992 3004 2993 2995 2984 3010 3008 3027 3021 3026 3021 3023 3020 3031 3033 3050 3049 3072 3053 3036 3041 3032 3054 3042 3037 3037 3033 3047 3037 3050 3047 3035 3054 3051 3046 3037 3039 3049 3019 3016 3012 3002 3004 2994 2980 2975 2990 3005 2991 2983 2990 2999 3003 3016 3003 3019 3012 3010 3013 3013
2986 2978 2985 2992 2994 2996 2994 2988 3010 3005 3029 3021 3020 3024 3022 3022 3028 3028 3040 3050 3063 3062 3053 3044 3046 3040 3044 3042 3042 3036 3039 3045 3060 3062 3054 3057 3036 3053 3048 3051 3043 3041 3019 2999 3009 2999 2993 2997 2990 2975 2982 2992 2988 2999 2988 2995 3002 2994 2995 3011 3010 3021 3021 3009
2981 2998 2989 2996 3004 2987 2986 3002 3012 3016 3016 3019 3024 3008 3022 3021 3037 3035 3057 3078 3072 3068 3074 3061 3055 3049 3039 3042 3039 3027 3044 3048 3057 3055 3051 3056 3044 3062 3052 3046 3040 3038 3030 3013 3005 2988 2985 2983 2992 2991 2987 2985 2995 3005 3000 3010 3002 2984 3000 3010 3010 3035 3017 2998
2997 2999 3000 2997 3000 2990 2987 3011 3031 3021 3035 3018 3034 3022 3026 3049 3030 3058 3068 3074 3079 3056 3070 3056 3060 3044 3045 3052 3025 3041 3054 3041 3076 3065 3074 3049 3052 3058 3058 3056 3056 3047 3027 3020 3008 2996 3005 2983 2990 2998 2998 2998 3002 2998 3012 3016 3000 3006 3004 3014 3030 3029 3014 3025
2996 3007 2999 2995 2993 2999 2995 3012 3028 3027 3043 3026 3037 3029 3042 3039 3047 3062 3089 3069 3067 3064 3073 3055 3050 3041 3051 3045 3029 3044 3048 3075 3074 3076 3076 3074 3074 3061 3060 3070 3067 3060 3033 3010 3009 3000 2993 2979 2992 2993 2996 3007 2998 3017 3021 3012 3012 3002 3005 3007 3007 3025 3023 3019
2992 3007 3007 3005 2995 3004 3015 3021 3020 3027 3042 3035 3027 3028 3040 3045 3040 3066 3086 3080 3080 3070 3072 3062 3045 3058 3058 3061 3034 3054 3059 3075 3085 3081 3080 3082 3076 3076 3066 3070 3060 3043 3024 3021 3016 3017 2979 2989 2986 3004 2998 2998 3003 3013 3014 3022 3009 3000 3009 3001 3018 3018 3010 3014
2993 3010 3012 3014 3011 3013 3032 3018 3013 3022 3038 3034 3017 3020 3035 3026 3060 3054 3079 3079 3071 3079 3078 3089 3066 3067 3058 3056 3049 3053 3067 3080 3082 3079 3086 3090 3075 3079 3088 3064 3060 3052 3023 3008 3013 2997 3000 2991 2995 2995 2994 2988 2998 3001 3004 3004 3001 2981 3003 3008 3018 3018 3013 3004
2999 2997 3003 3009 2995 3011 3037 3010 3010 3017 3022 3028 3022 3029 3034 3047 3048 3073 3080 3080 3073 3064 3080 3078 3077 3058 3059 3057 3062 3082 3079 3085 3073 3073 3096 3072 3079 3077 3090 3068 3074 3060 3040 3021 3010 2998 2988 3003 3003 2994 3001 2985 2992 3012 2996 3002 2982 2998 3010 3018 3009 2998 3003 3007
2991 2983 2991 3004 2996 2998 3010 3012 2999 3014 3028 3031 3038 3037 3036 3045 3051 3057 3071 3062 3076 3083 3068 3078 3079 3074 3068 3079 3070 3078 3090 3079 3092 3081 3078 3074 3085 3087 3077 3087 3075 3059 3024 3028 3011 2982 3002 3000 2994 2994 3003 2997 2996 3009 3010 2997 2986 2989 2993 3002 3006 2983 2990 3004
2999 2992 3003 2993 3000 3000 2993 3002 2992 3023 3029 3024 3042 3038 3044 3058 3071 3077 3082 3075 3067 3066 3066 3065 3087 3076 3082 3085 3087 3081 3075 3096 3078 3090 3088 3073 3086 3083 3077 3084 3081 3061 3057 3040 3012 2990 3008 2993 3004 2998 3012 3003 3007 2998 2995 3010 2985 2975 3003 2988 2999 2988 2994 3005
2990 2984 2997 2989 3005 2995 3003 3004 3008 3012 3016 3045 3027 3067 3063 3073 3079 3077 3080 3086 3078 3078 3079 3070 3082 3085 3071 3084 3095 3090 3090 3076 3073 3093 3094 3081 3079 3080 3079 3093 3076 3066 3058 3048 3015 3000 3004 3006 3010 3015 3004 3013 3003 3004 2995 2998 2999 3005 2999 3008 2996 2994 3004 3008
2983 2998 2998 3011 3003 3003 3013 3010 3020 3016 3019 3038 3040 3061 3066 3074 3066 3086 3066 3080 3088 3071 3076 3076 3090 3088 3079 3081 3093 3093 3097 3083 3083 3085 3077 3082 3091 3087 3081 3078 3086 3072 3051 3040 3021 3008 2988 3008 3003 2999 3001 3003 3005 2987 3003 2992 3003 3002 3003 3001 3001 3002 3011 3006
2998 2985 2996 3008 3004 2998 3008 3019 3021 3010 3021 3028 3048 3069 3085 3084 3072 3082 3094 3083 3081 3064 3075 3083 3079 3094 3085 3087 3094 3103 3087 3091 3086 3082 3088 3091 3081 3106 3089 3086 3080 3078 3062 3033 3011 3003 2996 2992 3008 2997 3005 3011 2998 2990 2998 3006 3003 3010 3003 3002 2996 3009 3018 3001
2996 3005 2988 3002 3009 3001 3002 3007 3012 3013 3012 3021 3056 3061 3075 3083 3067 3077 3081 3063 3071 3089 3083 3079 3084 3094 3080 3086 3098 3084 3098 3094 3104 3081 3092 3094 3086 3096 3090 3078 3072 3069 3055 3040 3027 2995 2999 2998 3001 3000 2993 2981 2994 2994 3008 2998 3006 3008 3014 3003 3012 3009 3012 3010
2985 2984 2991 3007 3008 2995 3003 3003 3003 3007 3016 3036 3055 3066 3065 3075 3080 3073 3070 3067 3078 3075 3077 3084 3078 3072 3093 3095 3090 3087 3100 3099 3111 3094 3096 3088 3082 3094 3065 3082 3085 3079 3062 3025 3019 3000 2994 3000 3002 3005 3006 3022 2994 2998 2996 3014 3000 2998 3001 3005 3008 2978 3000 3009
2984 2991 2992 2997 3003 2977 2984 3007 2999 3013 3011 3034 3041 3061 3076 3083 3094 3082 3083 3080 3085 3084 3068 3093 3087 3096 3083 3083 3084 3085 3095 3084 3111 3094 3085 3088 3077 3106 3080 3069 3059 3072 3044 3017 3015 3005 2985 3008 2995 3004 3001 3006 2999 2995 2993 3003 2993 2997 3001 3009 3000 2979 2991 2995
2992 2998 2993 3011 2999 2993 3004 3001 3005 2997 3015 3025 3032 3052 3062 3067 3070 3073 3088 3086 3082 3083 3093 3093 3092 3084 3092 3081 3092 3092 3082 3090 3083 3086 3089 3083 3091 3087 3095 3075 3081 3057 3042 3019 3005 3006 2989 3009 2994 2995 2995 3002 2998 3007 2993 3010 2987 2986 3004 3010 3002 2981 2994 2997
2995 2997 2980 2992 3003 2997 3001 3008 3003 3004 3002 3019 3040 3046 3054 3073 3083 3080 3087 3094 3105 3092 3087 3090 3093 3094 3084 3092 3090 3099 3076 3098 3079 3088 3086 3090 3091 3077 3083 3079 3066 3058 3040 3026 3011 3003 3015 2993 3001 3005 2999 2999 3009 2995 3005 3010 2997 3003 3003 3018 2998 2996 2998 2999
2995 2998 2990 2990 2989 2990 2999 2983 2996 3000 2990 3018 3031 3050 3066 3067 3066 3077 3092 3072 3082 3088 3069 3090 3079 3077 3071 3085 3077 3090 3080 3098 3063 3086 3080 3085 3083 3081 3089 3084 3065 3058 3044 3017 3017 3008 2999 3007 3010 3007 3014 3008 2998 3015 3008 3019 3002 2999 3002 3018 3005 2998 3001 3000
2988 3000 2995 2991 2993 2992 3021 3011 2998 2993 2989 3017 3028 3035 3063 3069 3068 3078 3075 3083 3083 3078 3085 3086 3075 3082 3075 3072 3084 3092 3083 3074 3077 3081 3072 3072 3090 3092 3090 3072 3077 3064 3026 3024 3012 3014 3014 3006 3000 2993 2992 2997 2998 2994 3007 3004 3009 3004 2996 3001 3006 2998 3003 2998
2995 2985 2988 2988 2992 2992 3000 2989 2990 2994 3003 3008 3020 3033 3044 3064 3069 3067 3076 3076 3077 3079 3092 3088 3082 3085 3086 3083 3087 3084 3082 3080 3082 3086 3078 3086 3088 3083 3081 3069 3070 3052 3035 3019 3008 3004 2996 3005 2990 2998 2997 3000 3002 2997 3004 3006 2998 3014 3003 3000 3010 3002 3003 2992
2985 2987 2996 2983 2977 2991 2984 2990 2992 2985 3004 2994 3008 3034 3029 3064 3070 3076 3058 3069 3082 3077 3090 3086 3085 3101 3075 3090 3080 3084 3089 3095 3085 3089 3083 3081 3080 3086 3067 3071 3059 3038 3037 3023 3011 3009 2993 3004 3010 3006 3003 3008 2998 2996 3011 3000 3010 3019 3000 3001 3008 3002 2996 3003
2978 2992 2988 2991 2984 2978 2971 2975 2986 2988 3007 2991 2997 3015 3036 3040 3071 3059 3070 3064 3067 3073 3079 3092 3083 3080 3090 3080 3085 3085 3084 3091 3092 3086 3100 3079 3080 3079 3067 3059 3066 3046 3033 2998 2996 3006 3000 3002 3012 3009 3013 2996 3006 2999 3005 3012 3000 3012 3011 3014 3012 3006 3007 2999
3000 2994 2994 3004 2990 2972 2982 2979 2982 2991 2997 2998 2997 3012 3018 3035 3056 3064 3072 3080 3069 3083 3084 3087 3086 3072 3086 3085 3088 3083 3090 3085 3086 3103 3096 3097 3083 3085 3064 3063 3058 3050 3012 3001 3010 2988 2997 2997 3010 3010 3006 3009 3003 3004 3003 3007 2988 3007 3009 3005 3012 3012 3015 2998
2992 2991 2998 2988 2982 2974 2981 2976 2980 2994 2998 3003 2999 3023 3005 3036 3048 3067 3059 3086 3085 3088 3085 3086 3086 3103 3097 3104 3088 3092 3089 3088 3090 3099 3094 3102 3081 3080 3077 3061 3040 3041 3018 3005 3009 2997 3007 2997 3001 3003 3007 3000 3007 3016 3016 2999 2993 2999 3012 3009 3020 2993 3001 3000
2995 2991 3003 2994 2989 2985 2990 2982 2985 2985 3006 3004 2998 3000 2999 3007 3030 3043 3064 3078 3071 3070 3062 3101 3101 3094 3094 3098 3096 3082 3087 3097 3085 3084 3093 3089 3087 3083 3070 3061 3034 3026 3010 3010 3009 2995 3011 3005 2999 3008 2990 2997 3006 3019 2999 2992 3003 3003 3017 3010 3016 3007 2998 2999
3007 3012 2988 3001 2998 2979 2986 2978 2974 2983 2994 2982 2983 2990 2994 2998 3013 3016 3057 3055 3070 3079 3082 3086 3097 3083 3093 3090 3097 3083 3089 3098 3077 3090 3069 3081 3079 3080 3078 3068 3049 3034 3024 3009 2993 3002 2988 3006 2995 3022 3009 3005 3006 3006 3005 3001 3023 3032 3024 3026 3009 3005 3003 3007
2982 2993 3004 2987 2994 2984 2996 2990 2990 2987 2989 2976 2979 2988 2988 3004 2992 3020 3048 3055 3063 3079 3087 3086 3093 3087 3088 3074 3087 3081 3097 3082 3095 3088 3077 3080 3078 3085 3069 3070 3048 3026 3023 3008 3008 2985 3001 3001 3010 3017 3023 3013 3012 3003 3015 3013 3040 3044 3037 3015 3028 3003 3007 3021
3001 2992 2980 3001 2983 2984 2989 2989 2991 2983 3000 2995 3006 3010 2996 3011 2979 3014 3027 3038 3062 3078 3085 3094 3085 3084 3082 3091 3085 3089 3077 3082 3086 3090 3089 3082 3077 3085 3072 3062 3047 3023 3010 3012 3008 2993 3013 3018 3016 3013 3017 3018 3005 3011 3014 3013 3024 3042 3049 3033 3020 3016 3016 3025
2988 3010 2989 2987 2981 2987 3000 2987 2991 2991 3000 3000 3008 3007 3009 2994 2996 3007 3011 3026 3075 3080 3078 3087 3096 3075 3084 3069 3078 3084 3092 3074 3080 3084 3085 3083 3076 3076 3078 3071 3047 3024 3014 3006 2999 3001 3014 3012 3019 3007 3018 3026 3003 3009 2992 3005 3019 3039 3027 3051 3025 3010 3026 3005
3003 3005 2989 2989 2977 2987 2986 3006 2999 2993 2989 2994 2997 3011 3006 2986 3001 3004 3008 3033 3047 3068 3082 3083 3081 3081 3073 3085 3095 3085 3076 3087 3088 3060 3070 3078 3078 3079 3077 3074 3060 3039 3034 3005 2994 2991 3006 3000 3010 2990 3014 3007 3009 3006 3002 3024 3022 3037 3025 3021 3030 3012 3004 3008
2996 2995 2988 2981 2996 2987 2978 2981 2993 3006 2983 3010 3012 3008 3007 3002 2991 2998 3007 3029 3041 3059 3068 3065 3070 3091 3091 3095 3081 3081 3084 3087 3078 3064 3089 3075 3071 3063 3070 3059 3061 3038 3031 2998 3013 3001 3014 2997 3001 2979 3005 3010 3015 3011 3007 2999 3016 3038 3025 3033 3017 3019 3014 3014
2978 2994 2986 2993 3003 2993 3006 3004 2990 3004 3006 3015 2996 2999 3002 2994 2991 2999 2996 3014 3049 3057 3075 3085 3082 3084 3084 3088 3085 3084 3089 3069 3088 3091 3089 3076 3085 3077 3076 3065 3055 3042 3018 3016 3002 3007 3001 3013 2996 3003 2999 3015 3011 3000 3005 2990 3010 3021 3032 3038 3032 3011 3015 3013
2996 2995 3003 2991 2999 2990 2982 3007 2992 3002 3022 2993 3000 3001 2996 3005 3010 3002 3005 3032 3044 3066 3065 3080 3083 3085 3102 3082 3075 3079 3083 3081 3098 3088 3086 3081 3096 3086 3074 3074 3055 3040 3030 3003 3011 2999 3013 3003 2993 2998 3008 3015 3010 3013 2992 2987 3013 3030 3022 3046 3017 3013 2997 3013
2986 2987 2995 3003 3005 3005 3007 3004 2992 3017 3008 3007 3011 3001 3000 3004 3003 3014 3013 3032 3048 3061 3086 3075 3073 3091 3085 3091 3097 3092 3090 3080 3093 3096 3079 3079 3080 3083 3086 3069 3065 3046 3026 3019 3013 3001 3006 3011 3001 2996 3001 2994 3013 3003 3000 2995 3016 3022 3032 3021 3013 3001 3027 3013
2991 2985 2986 2993 3000 3016 3017 3017 3011 3006 2985 3000 2999 3008 3012 2995 3000 3009 3025 3028 3048 3067 3068 3081 3084 3075 3085 3081 3080 3078 3086 3077 3094 3087 3079 3086 3081 3079 3083 3073 3070 3043 3018 3024 3015 3014 3009 3006 3008 3011 3009 2997 3004 3010 2994 2994 2997 3011 3007 3017 3015 3012 3022 3015
2979 2994 3005 3004 2993 3004 3010 3015 3001 3003 2993 3000 2994 2992 3007 3005 3011 3010 3023 3054 3071 3058 3073 3076 3077 3059 3091 3085 3096 3086 3091 3101 3078 3080 3084 3076 3076 3089 3068 3071 3084 3064 3048 3022 3028 3024 3021 3022 3007 3017 2996 2987 3002 3011 3006 2997 3000 3002 3009 3011 3019 3017 3026 3001
2985 3000 2996 2996 3001 3000 3006 2998 2994 2995 3002 3011 2995 2991 3003 3008 3012 3027 3039 3041 3059 3071 3081 3081 3085 3085 3091 3090 3088 3091 3093 3087 3079 3086 3096 3089 3086 3079 3078 3060 3076 3069 3058 3039 3044 3025 3014 3000 3010 3022 3003 2991 3001 3000 3008 3004 3004 2992 3014 3002 3006 3027 3012 3013
2991 3004 3001 3010 2995 3004 3011 2996 3001 2999 3013 3006 3018 3014 3018 3014 3031 3049 3050 3057 3066 3080 3082 3082 3084 3085 3077 3091 3075 3071 3075 3085 3090 3081 3079 3084 3078 3072 3078 3061 3079 3082 3064 3057 3041 3039 3025 3027 3030 3040 3017 3029 3012 3035 3020 3017 3034 3015 3023 3011 3028 3029 3017 3016
3013 3001 3010 3003 3000 3003 2995 3003 2996 2998 3006 3016 3019 3025 3021 3037 3057 3060 3064 3068 3083 3085 3087 3084 3080 3068 3077 3081 3075 3077 3078 3098 3074 3079 3087 3086 3070 3070 3065 3066 3075 3067 3065 3077 3058 3050 3043 3042 3041 3037 3034 3036 3044 3035 3028 3037 3021 3012 3033 3035 3037 3050 3027 3026
3001 3014 3016 3004 2998 3003 3014 3014 3024 3014 3036 3026 3010 3029 3026 3040 3050 3062 3063 3074 3073 3080 3079 3083 3081 3074 3090 3088 3076 3081 3077 3088 3086 3092 3089 3066 3087 3069 3081 3086 3082 3086 3072 3082 3073 3061 3046 3046 3048 3045 3047 3051 3041 3053 3032 3024 3037 3029 3040 3044 3035 3035 3034 3023
2996 3000 3016 3002 3009 3007 3015 3018 3015 3031 3028 3030 3025 3026 3048 3058 3055 3055 3068 3061 3063 3071 3077 3077 3089 3075 3096 3081 3091 3085 3083 3078 3093 3079 3084 3077 3095 3082 3081 3082 3107 3097 3091 3080 3083 3061 3051 3050 3060 3053 3053 3059 3051 3068 3050 3033 3035 3046 3035 3054 3033 3029 3036 3052
3004 3016 3028 3021 3014 3024 3014 3022 3048 3050 3040 3042 3045 3050 3055 3058 3060 3074 3068 3066 3062 3069 3093 3083 3068 3090 3107 3087 3086 3094 3081 3090 3088 3089 3079 3070 3091 3075 3079 3080 3087 3090 3093 3080 3063 3065 3060 3063 3063 3050 3058 3065 3066 3062 3048 3040 3044 3067 3069 3053 3032 3048 3051 3052
3014 3036 3030 3029 3031 3025 3037 3041 3055 3051 3056 3036 3053 3049 3064 3071 3079 3077 3074 3071 3072 3067 3084 3082 3079 3077 3087 3097 3085 3075 3087 3081 3097 3089 3083 3063 3085 3087 3081 3094 3088 3083 3079 3073 3068 3062 3067 3092 3069 3064 3069 3071 3062 3067 3067 3039 3063 3076 3065 3061 3067 3077 3053 3068
3031 3040 3057 3049 3044 3049 3046 3045 3066 3050 3062 3062 3053 3057 3053 3061 3073 3086 3075 3076 3077 3081 3076 3071 3068 3074 3074 3089 3094 3080 3086 3083 3094 3089 3083 3091 3088 3077 3088 3089 3068 3084 3081 3092 3076 3059 3072 3083 3076 3071 3077 3062 3072 3065 3064 3062 3056 3063 3061 3067 3072 3075 3067 3056
3045 3059 3057 3064 3048 3060 3047 3073 3058 3068 3060 3073 3051 3061 3065 3076 3076 3076 3068 3073 3059 3071 3064 3068 3074 3059 3072 3067 3077 3084 3097 3087 3084 3086 3098 3086 3107 3085 3084 3077 3056 3076 3074 3082 3074 3072 3069 3056 3064 3056 3062 3074 3068 3066 3061 3060 3054 3047 3069 3068 3062 3082 3094 3086
3049 3046 3052 3063 3062 3063 3070 3064 3065 3060 3064 3074 3071 3073 3054 3060 3070 3075 3081 3076 3059 3068 3078 3078 3083 3064 3073 3093 3078 3079 3069 3090 3083 3081 3067 3081 3085 3086 3077 3085 3075 3079 3063 3093 3072 3062 3077 3060 3062 3063 3075 3075 3070 3054 3070 3074 3061 3051 3064 3077 3078 3070 3070 3049
3043 3046 3051 3062 3064 3083 3078 3077 3073 3081 3078 3074 3082 3073 3072 3070 3080 3073 3079 3067 3067 3068 3065 3073 3075 3075 3069 3073 3063 3069 3062 3073 3066 3073 3073 3074 3070 3064 3084 3080 3063 3074 3081 3075 3073 3059 3079 3077 3082 3076 3077 3088 3073 3054 3070 3073 3074 3073 3076 3090 3075 3077 3058 3050
3049 3044 3043 3053 3048 3059 3065 3075 3061 3059 3074 3079 3068 3062 3058 3067 3072 3058 3087 3072 3066 3064 3075 3064 3074 3075 3065 3077 3074 3055 3080 3070 3070 3073 3066 3072 3071 3074 3080 3069 3073 3075 3081 3075 3063 3065 3069 3083 3073 3077 3083 3075 3077 3068 3067 3060 3069 3061 3073 3072 3063 3069 3067 3057
3051 3049 3044 3047 3056 3055 3067 3049 3075 3076 3071 3068 3061 3068 3077 3084 3071 3086 3084 3078 3069 3074 3080 3064 3067 3073 3073 3059 3060 3066 3063 3064 3071 3083 3068 3076 3075 3079 3075 3066 3078 3077 3068 3046 3070 3062 3075 3090 3075 3062 3074 3075 3080 3085 3069 3057 3064 3069 3070 3053 3059 3050 3065 3072
