3057 3059 3061 3062 3064 3065 3067 3067 3067 3055 3042 3043 3047 3051 3054 3053 3050 3053 3058 3061 3065 3064 3060 3061 3064 3063 3061 3061 3062 3060 3057 3059 3065 3067 3064 3063 3065 3064 3058 3050 3037 3031 3041 3045 3040 3036 3035 3034 3031 3030 3033 3035 3030 3024 3016 3010 3012 3013 3016 3018 3023 3027 3027 3027
3060 3059 3058 3061 3064 3064 3063 3060 3057 3053 3048 3045 3043 3048 3054 3057 3059 3059 3059 3059 3059 3060 3063 3064 3065 3065 3065 3065 3064 3064 3066 3066 3066 3065 3064 3063 3064 3062 3060 3055 3046 3042 3046 3047 3042 3039 3041 3040 3036 3033 3030 3028 3028 3027 3022 3017 3018 3018 3014 3010 3015 3020 3020 3021
3064 3060 3055 3060 3065 3062 3059 3053 3047 3050 3054 3048 3039 3044 3053 3061 3068 3065 3060 3056 3052 3057 3065 3067 3066 3066 3069 3068 3066 3069 3075 3074 3066 3063 3064 3064 3062 3061 3062 3060 3056 3053 3052 3050 3045 3043 3046 3047 3042 3036 3027 3020 3026 3030 3027 3024 3024 3024 3013 3003 3008 3013 3014 3014
3058 3055 3051 3054 3057 3056 3054 3051 3048 3051 3055 3048 3039 3043 3050 3054 3058 3057 3054 3052 3051 3056 3064 3066 3064 3063 3064 3064 3064 3068 3076 3077 3069 3066 3066 3067 3068 3069 3070 3069 3066 3063 3060 3055 3047 3041 3041 3040 3036 3032 3027 3022 3022 3022 3020 3019 3018 3017 3016 3015 3018 3020 3017 3014
3052 3050 3047 3048 3049 3049 3049 3050 3050 3053 3056 3049 3039 3041 3047 3048 3047 3047 3048 3049 3051 3056 3063 3064 3062 3060 3058 3059 3061 3067 3077 3079 3072 3069 3069 3071 3075 3078 3078 3077 3075 3072 3067 3061 3049 3040 3036 3033 3030 3028 3027 3025 3018 3013 3013 3013 3011 3009 3019 3028 3028 3027 3021 3015
3047 3044 3040 3043 3046 3045 3043 3044 3044 3048 3052 3048 3042 3043 3046 3048 3048 3047 3046 3048 3052 3058 3064 3070 3075 3071 3062 3063 3071 3077 3082 3084 3082 3081 3081 3083 3088 3090 3088 3087 3085 3082 3077 3070 3062 3054 3044 3037 3037 3035 3032 3029 3024 3020 3018 3016 3012 3010 3021 3031 3027 3023 3019 3016
3042 3037 3032 3037 3043 3040 3037 3037 3038 3042 3047 3046 3045 3045 3046 3048 3050 3048 3043 3047 3054 3060 3064 3075 3089 3084 3067 3068 3082 3088 3088 3089 3092 3094 3094 3096 3101 3102 3098 3096 3095 3093 3086 3080 3075 3068 3053 3043 3044 3043 3038 3034 3031 3028 3024 3020 3015 3011 3023 3034 3026 3018 3017 3017
3016 3010 3004 3007 3011 3011 3010 3012 3015 3017 3020 3023 3026 3030 3035 3035 3034 3033 3032 3036 3042 3052 3064 3075 3084 3082 3071 3073 3084 3089 3089 3090 3093 3093 3091 3090 3093 3095 3096 3096 3094 3092 3090 3087 3084 3077 3058 3043 3041 3039 3034 3030 3023 3018 3018 3018 3015 3014 3019 3023 3023 3022 3020 3018
2988 2981 2974 2975 2976 2978 2981 2985 2990 2990 2990 2996 3004 3013 3022 3021 3016 3016 3019 3023 3028 3044 3064 3074 3078 3078 3076 3079 3087 3090 3089 3090 3093 3091 3086 3083 3083 3085 3091 3094 3092 3091 3094 3095 3093 3085 3061 3043 3038 3033 3029 3024 3014 3006 3011 3015 3016 3016 3013 3011 3019 3027 3023 3019
2985 2979 2972 2971 2970 2975 2980 2983 2985 2986 2986 2995 3006 3013 3019 3018 3015 3018 3022 3025 3028 3045 3068 3076 3074 3075 3078 3082 3089 3092 3092 3093 3096 3094 3087 3084 3084 3085 3088 3090 3091 3092 3093 3094 3091 3084 3065 3048 3041 3035 3031 3027 3020 3015 3017 3019 3016 3014 3011 3009 3013 3017 3014 3011
2987 2981 2975 2971 2968 2975 2984 2984 2984 2985 2985 2997 3010 3015 3018 3018 3018 3021 3027 3029 3030 3047 3073 3078 3071 3073 3079 3085 3091 3094 3095 3097 3101 3098 3089 3086 3087 3087 3084 3084 3090 3093 3093 3091 3089 3082 3068 3055 3046 3038 3034 3031 3029 3027 3025 3023 3017 3011 3010 3008 3006 3004 3003 3002
2980 2979 2978 2976 2974 2979 2985 2982 2979 2984 2990 3000 3011 3014 3015 3014 3013 3017 3023 3030 3036 3054 3076 3081 3075 3074 3075 3080 3087 3092 3095 3097 3098 3096 3091 3087 3084 3084 3088 3091 3094 3095 3094 3093 3089 3084 3074 3064 3051 3041 3040 3038 3035 3033 3031 3027 3016 3006 3012 3017 3012 3008 3005 3003
2971 2975 2980 2981 2982 2984 2986 2979 2972 2983 2996 3003 3010 3012 3012 3010 3007 3011 3018 3030 3044 3061 3079 3084 3081 3076 3070 3073 3082 3089 3095 3097 3094 3093 3092 3088 3079 3080 3093 3100 3098 3097 3096 3094 3090 3086 3082 3074 3058 3045 3046 3046 3041 3037 3036 3033 3015 3001 3015 3027 3021 3015 3010 3006
2973 2978 2982 2984 2986 2987 2988 2984 2980 2989 3000 3007 3014 3017 3019 3017 3013 3017 3024 3037 3052 3065 3078 3083 3085 3081 3074 3077 3087 3092 3093 3092 3089 3088 3090 3088 3082 3083 3092 3098 3099 3100 3099 3098 3095 3091 3087 3080 3063 3050 3052 3052 3044 3038 3036 3033 3019 3007 3015 3021 3018 3014 3013 3011
2978 2981 2984 2986 2988 2990 2991 2991 2991 2997 3004 3012 3019 3024 3029 3026 3022 3026 3032 3045 3060 3069 3075 3082 3089 3087 3080 3083 3094 3096 3091 3086 3082 3083 3088 3089 3087 3087 3090 3094 3099 3103 3103 3102 3100 3098 3093 3085 3068 3055 3058 3058 3047 3038 3036 3032 3024 3016 3014 3011 3011 3012 3014 3017
2986 2992 2999 2998 2997 2998 3000 2999 2999 3004 3009 3016 3024 3028 3032 3031 3028 3031 3036 3049 3065 3075 3081 3086 3090 3089 3085 3087 3092 3092 3088 3087 3087 3088 3090 3091 3091 3090 3089 3091 3097 3099 3095 3093 3094 3093 3089 3084 3075 3068 3072 3071 3056 3043 3041 3038 3030 3022 3017 3012 3015 3018 3016 3015
2995 3006 3018 3013 3007 3008 3010 3008 3006 3010 3015 3021 3028 3031 3034 3034 3032 3035 3039 3053 3071 3082 3090 3092 3091 3090 3090 3088 3087 3086 3086 3089 3094 3096 3094 3093 3093 3092 3089 3089 3093 3093 3085 3080 3084 3086 3084 3082 3082 3083 3088 3088 3067 3049 3048 3045 3035 3026 3021 3015 3021 3026 3018 3010
3002 3011 3020 3013 3007 3007 3008 3008 3007 3011 3017 3021 3026 3030 3034 3036 3038 3039 3041 3053 3069 3081 3092 3093 3089 3088 3088 3087 3084 3084 3087 3091 3095 3097 3096 3094 3094 3091 3086 3085 3092 3094 3086 3081 3080 3080 3081 3082 3083 3085 3090 3091 3075 3061 3052 3044 3034 3025 3020 3015 3019 3022 3017 3012
3008 3012 3016 3009 3003 3002 3002 3003 3005 3011 3017 3020 3023 3028 3034 3039 3044 3044 3043 3052 3064 3077 3091 3092 3087 3085 3085 3084 3082 3084 3089 3092 3094 3096 3097 3096 3094 3089 3081 3081 3092 3096 3091 3085 3079 3076 3080 3083 3082 3083 3087 3090 3083 3074 3056 3039 3031 3022 3018 3014 3013 3013 3015 3017
3012 3014 3015 3011 3007 3006 3007 3008 3009 3014 3019 3022 3026 3031 3037 3042 3048 3050 3050 3056 3065 3075 3085 3087 3084 3085 3087 3087 3084 3085 3087 3089 3090 3092 3096 3097 3095 3093 3088 3087 3092 3095 3094 3089 3080 3074 3078 3081 3081 3082 3085 3086 3083 3076 3055 3035 3030 3025 3022 3019 3015 3011 3015 3020
3014 3015 3016 3015 3014 3015 3016 3016 3016 3018 3021 3026 3033 3036 3039 3045 3051 3056 3060 3063 3067 3072 3077 3080 3081 3085 3091 3092 3088 3086 3084 3083 3084 3088 3093 3097 3097 3098 3099 3098 3094 3092 3095 3094 3082 3074 3076 3078 3080 3082 3082 3082 3080 3075 3051 3031 3030 3030 3028 3025 3019 3013 3017 3022
3017 3018 3018 3018 3018 3019 3020 3020 3019 3019 3019 3024 3029 3036 3042 3049 3057 3063 3069 3071 3071 3073 3077 3079 3080 3084 3089 3089 3086 3085 3084 3085 3086 3089 3092 3094 3093 3094 3095 3095 3092 3092 3094 3092 3081 3075 3078 3080 3081 3082 3081 3080 3079 3075 3056 3038 3034 3031 3030 3029 3019 3010 3015 3019
3020 3021 3022 3022 3022 3022 3022 3021 3020 3018 3016 3018 3021 3032 3045 3054 3063 3071 3078 3078 3074 3076 3080 3082 3081 3082 3084 3083 3081 3082 3087 3090 3092 3093 3092 3090 3086 3084 3084 3085 3090 3092 3091 3088 3081 3077 3082 3085 3083 3082 3079 3078 3079 3077 3064 3051 3040 3030 3030 3030 3018 3006 3009 3013
3017 3017 3017 3017 3018 3017 3017 3017 3017 3015 3013 3014 3017 3031 3047 3059 3069 3077 3083 3083 3080 3082 3086 3086 3084 3083 3083 3082 3079 3081 3088 3092 3093 3094 3092 3089 3086 3083 3082 3084 3092 3095 3091 3087 3083 3081 3084 3086 3086 3086 3084 3082 3080 3076 3061 3047 3036 3027 3028 3028 3018 3009 3012 3015
3010 3008 3007 3008 3010 3009 3008 3009 3011 3011 3010 3012 3014 3030 3049 3063 3075 3081 3085 3086 3086 3089 3094 3092 3087 3085 3086 3084 3080 3081 3087 3091 3093 3093 3092 3090 3088 3087 3086 3089 3097 3100 3094 3089 3088 3086 3084 3084 3089 3093 3092 3089 3082 3073 3052 3034 3028 3023 3024 3024 3020 3016 3018 3021
3004 3005 3007 3006 3005 3005 3005 3007 3009 3009 3009 3011 3013 3030 3050 3066 3080 3084 3085 3085 3085 3088 3092 3090 3086 3085 3087 3085 3082 3084 3090 3093 3094 3093 3090 3087 3087 3086 3084 3086 3094 3098 3093 3090 3089 3087 3084 3083 3087 3091 3093 3093 3083 3071 3050 3031 3027 3023 3023 3023 3022 3021 3022 3022
3000 3006 3012 3008 3003 3004 3006 3008 3009 3009 3009 3010 3012 3030 3051 3068 3083 3086 3085 3082 3079 3080 3083 3083 3081 3083 3086 3087 3084 3087 3094 3097 3098 3094 3086 3082 3083 3081 3078 3080 3088 3093 3091 3090 3088 3086 3085 3084 3083 3083 3090 3093 3082 3070 3051 3035 3030 3026 3025 3024 3025 3025 3023 3020
2998 3006 3014 3011 3007 3007 3008 3007 3007 3008 3009 3011 3012 3031 3054 3068 3079 3081 3081 3080 3078 3078 3080 3080 3079 3082 3088 3089 3088 3089 3091 3092 3093 3090 3084 3080 3079 3078 3074 3075 3083 3088 3089 3089 3087 3086 3086 3085 3082 3081 3087 3090 3082 3072 3054 3038 3034 3030 3027 3025 3025 3025 3021 3017
2997 3004 3012 3015 3018 3014 3009 3007 3005 3007 3010 3011 3013 3033 3058 3067 3070 3073 3075 3077 3080 3081 3081 3079 3077 3082 3091 3093 3092 3088 3082 3081 3084 3084 3081 3079 3077 3075 3070 3071 3080 3085 3085 3086 3088 3089 3087 3086 3084 3082 3083 3083 3081 3076 3057 3040 3037 3034 3030 3025 3023 3021 3017 3013
3000 3004 3009 3014 3019 3014 3008 3007 3008 3009 3010 3011 3012 3031 3055 3061 3062 3068 3075 3079 3082 3084 3084 3083 3080 3083 3089 3092 3092 3088 3081 3079 3083 3085 3083 3081 3078 3075 3072 3073 3080 3084 3083 3084 3086 3088 3089 3088 3085 3083 3082 3082 3081 3076 3055 3037 3036 3034 3028 3022 3020 3018 3014 3011
3005 3005 3005 3009 3014 3009 3004 3009 3016 3013 3009 3009 3010 3027 3046 3053 3055 3066 3080 3084 3084 3086 3089 3088 3085 3084 3083 3085 3088 3088 3085 3086 3090 3092 3090 3087 3081 3078 3078 3080 3083 3084 3082 3081 3083 3085 3089 3091 3087 3083 3085 3085 3080 3073 3051 3031 3030 3029 3022 3015 3015 3015 3013 3011
3012 3012 3011 3014 3016 3011 3006 3011 3018 3016 3011 3011 3011 3024 3041 3049 3055 3066 3079 3082 3082 3085 3088 3088 3086 3084 3083 3084 3088 3088 3086 3087 3091 3092 3090 3088 3083 3081 3082 3082 3081 3081 3082 3082 3082 3083 3087 3089 3086 3083 3083 3083 3080 3073 3048 3027 3027 3027 3019 3012 3013 3015 3014 3013
3019 3023 3027 3027 3027 3019 3012 3013 3015 3017 3018 3016 3013 3025 3039 3051 3061 3068 3073 3076 3077 3080 3082 3083 3083 3084 3086 3088 3089 3088 3085 3084 3085 3085 3084 3084 3086 3086 3083 3079 3074 3074 3082 3087 3084 3083 3082 3082 3083 3083 3078 3075 3078 3076 3049 3025 3027 3028 3019 3011 3014 3017 3018 3018
3021 3025 3030 3028 3026 3020 3014 3012 3011 3014 3017 3017 3017 3024 3034 3048 3063 3069 3070 3074 3078 3080 3081 3081 3081 3083 3087 3090 3092 3090 3086 3084 3085 3084 3082 3082 3085 3085 3082 3078 3071 3071 3082 3089 3085 3082 3081 3080 3081 3080 3075 3072 3074 3073 3048 3026 3029 3030 3020 3012 3015 3017 3018 3019
3016 3017 3018 3016 3014 3014 3013 3009 3005 3007 3009 3015 3021 3023 3025 3041 3061 3069 3072 3078 3085 3086 3084 3083 3082 3082 3085 3089 3095 3095 3091 3089 3089 3088 3086 3083 3080 3079 3081 3079 3071 3070 3082 3089 3085 3082 3082 3082 3079 3076 3075 3073 3069 3062 3045 3030 3031 3031 3023 3014 3014 3014 3016 3018
3012 3012 3013 3011 3008 3009 3011 3008 3005 3005 3005 3011 3018 3018 3017 3033 3054 3065 3072 3079 3087 3087 3085 3083 3081 3082 3084 3089 3095 3096 3092 3090 3091 3090 3087 3083 3077 3076 3080 3080 3075 3074 3082 3087 3085 3084 3085 3084 3081 3077 3075 3072 3066 3058 3043 3031 3030 3029 3021 3015 3013 3011 3013 3014
3009 3012 3015 3013 3011 3008 3006 3009 3012 3009 3005 3005 3006 3008 3012 3025 3041 3056 3069 3077 3083 3084 3082 3081 3079 3081 3085 3089 3092 3092 3088 3088 3092 3090 3084 3080 3078 3077 3080 3081 3083 3084 3083 3083 3086 3088 3087 3087 3087 3085 3076 3069 3066 3061 3043 3027 3024 3020 3016 3012 3010 3008 3008 3008
3006 3012 3017 3014 3010 3007 3003 3009 3016 3012 3006 3002 2999 3002 3008 3018 3029 3046 3066 3075 3080 3081 3079 3078 3078 3080 3085 3088 3091 3091 3088 3088 3092 3090 3083 3080 3080 3080 3078 3079 3085 3087 3084 3083 3088 3091 3090 3089 3090 3087 3077 3068 3065 3060 3041 3023 3018 3013 3011 3009 3007 3006 3006 3006
3002 3012 3021 3014 3006 3004 3002 3008 3014 3012 3009 3004 2998 3001 3006 3012 3019 3038 3060 3072 3079 3079 3076 3075 3076 3078 3081 3086 3093 3094 3092 3091 3093 3091 3086 3084 3085 3083 3075 3073 3078 3083 3087 3090 3090 3091 3092 3091 3087 3083 3078 3072 3063 3053 3034 3018 3012 3006 3006 3006 3006 3007 3008 3009
3001 3009 3017 3010 3003 3004 3005 3008 3011 3011 3011 3007 3002 3002 3004 3008 3012 3031 3055 3069 3077 3077 3073 3073 3074 3077 3081 3087 3093 3095 3091 3090 3090 3089 3086 3085 3087 3084 3075 3071 3074 3079 3087 3092 3090 3089 3090 3090 3085 3080 3077 3073 3059 3046 3029 3014 3009 3003 3005 3007 3007 3008 3010 3011
3004 3002 3001 3001 3001 3007 3013 3009 3004 3007 3010 3011 3011 3007 3002 3004 3009 3028 3052 3065 3075 3076 3072 3071 3072 3078 3087 3091 3092 3089 3084 3082 3084 3084 3082 3081 3083 3083 3080 3077 3073 3074 3083 3089 3087 3085 3084 3083 3081 3079 3076 3070 3054 3039 3026 3014 3010 3007 3010 3013 3012 3012 3012 3012
3007 3002 2996 2999 3003 3010 3017 3010 3002 3004 3007 3010 3013 3007 2999 3002 3008 3024 3045 3060 3074 3076 3073 3071 3072 3078 3088 3091 3090 3086 3080 3079 3081 3081 3079 3079 3081 3082 3082 3081 3075 3074 3081 3086 3085 3084 3082 3080 3079 3078 3074 3068 3049 3032 3023 3014 3012 3011 3015 3018 3016 3014 3013 3012
3011 3012 3014 3012 3011 3013 3015 3010 3005 3003 3002 3001 3001 2998 2995 3001 3008 3019 3032 3051 3074 3079 3076 3076 3076 3077 3080 3083 3086 3086 3085 3084 3085 3084 3080 3079 3080 3081 3080 3080 3083 3085 3085 3085 3087 3088 3085 3083 3080 3077 3073 3065 3045 3027 3018 3011 3013 3015 3018 3021 3017 3014 3012 3010
3011 3016 3021 3018 3015 3013 3011 3009 3006 3003 3001 2998 2995 2995 2996 3001 3008 3015 3021 3042 3070 3079 3079 3079 3080 3079 3077 3079 3084 3087 3088 3089 3089 3087 3082 3080 3082 3082 3080 3082 3088 3091 3087 3086 3088 3089 3086 3083 3080 3075 3067 3057 3039 3022 3016 3011 3014 3016 3019 3022 3018 3014 3011 3008
3003 3004 3005 3008 3012 3009 3006 3004 3003 3004 3007 3006 3004 3004 3004 3005 3007 3010 3014 3033 3059 3072 3078 3081 3082 3083 3084 3086 3088 3089 3090 3091 3092 3091 3088 3086 3086 3086 3086 3086 3087 3088 3090 3090 3089 3087 3081 3076 3075 3070 3053 3037 3029 3021 3019 3017 3014 3012 3016 3019 3016 3013 3009 3005
2998 2997 2996 3002 3008 3006 3002 3002 3002 3006 3010 3010 3009 3009 3011 3009 3007 3008 3009 3025 3047 3062 3074 3080 3082 3084 3087 3089 3090 3090 3090 3092 3094 3095 3091 3090 3089 3089 3090 3089 3086 3086 3091 3093 3090 3086 3079 3073 3073 3068 3044 3025 3022 3020 3021 3021 3016 3011 3014 3017 3014 3011 3007 3003
2999 3000 3002 3004 3005 3003 3002 3005 3009 3008 3007 3005 3003 3007 3013 3012 3009 3008 3007 3017 3032 3048 3063 3070 3073 3077 3082 3084 3085 3086 3086 3089 3094 3094 3091 3089 3089 3089 3087 3086 3084 3084 3089 3092 3092 3090 3085 3080 3078 3071 3048 3029 3025 3021 3021 3021 3019 3018 3018 3019 3014 3010 3006 3002
2998 3002 3006 3004 3002 3001 3001 3006 3012 3009 3005 3002 2999 3006 3015 3014 3010 3008 3006 3012 3020 3036 3054 3063 3068 3072 3078 3081 3082 3083 3085 3088 3093 3094 3090 3089 3089 3089 3087 3085 3084 3084 3088 3091 3093 3092 3087 3082 3076 3067 3047 3031 3026 3022 3020 3019 3020 3021 3019 3016 3012 3009 3006 3004
2997 3000 3004 3002 3000 3000 3000 3001 3002 3004 3006 3005 3003 3007 3013 3012 3008 3009 3011 3014 3016 3031 3053 3065 3071 3075 3078 3080 3081 3084 3089 3091 3093 3093 3091 3090 3090 3090 3092 3091 3087 3086 3092 3095 3092 3088 3080 3070 3056 3042 3032 3023 3023 3022 3018 3014 3015 3015 3009 3004 3006 3007 3008 3009
2996 2999 3003 3001 2999 3000 3000 2998 2995 3000 3007 3006 3005 3008 3012 3010 3008 3010 3014 3014 3012 3027 3050 3064 3074 3078 3079 3080 3081 3085 3091 3093 3093 3092 3091 3090 3088 3089 3095 3096 3090 3088 3093 3096 3092 3086 3075 3062 3041 3024 3020 3018 3021 3022 3016 3010 3011 3010 3003 2997 3001 3006 3010 3014
2998 3003 3008 3003 2999 3001 3003 3001 2999 3002 3005 3005 3005 3007 3009 3013 3016 3013 3008 3008 3012 3025 3043 3060 3075 3080 3080 3082 3084 3086 3087 3089 3092 3091 3087 3083 3080 3082 3091 3095 3090 3087 3088 3089 3091 3089 3079 3067 3045 3028 3022 3018 3021 3023 3017 3012 3011 3010 3008 3006 3006 3007 3010 3013
2999 3005 3010 3005 2999 3002 3005 3004 3003 3003 3004 3004 3004 3006 3008 3014 3021 3014 3003 3004 3012 3024 3039 3057 3076 3083 3082 3084 3087 3087 3084 3085 3091 3090 3083 3078 3075 3078 3089 3093 3089 3085 3083 3084 3090 3091 3083 3070 3048 3030 3023 3018 3021 3023 3018 3014 3012 3010 3012 3013 3010 3007 3010 3013
2994 2998 3001 3003 3004 3006 3008 3008 3007 3005 3003 3003 3005 3008 3011 3012 3011 3007 3003 3006 3012 3026 3045 3062 3080 3086 3085 3087 3091 3091 3088 3087 3089 3088 3082 3079 3080 3083 3088 3089 3084 3081 3084 3086 3088 3087 3081 3070 3046 3026 3022 3018 3020 3020 3019 3018 3017 3016 3014 3011 3008 3005 3009 3014
2991 2992 2993 3001 3009 3010 3011 3010 3009 3005 3001 3003 3005 3009 3014 3010 3003 3002 3003 3008 3013 3029 3050 3067 3082 3088 3087 3089 3093 3093 3090 3088 3088 3085 3081 3080 3084 3086 3086 3084 3080 3079 3084 3087 3085 3083 3079 3070 3044 3023 3021 3019 3019 3019 3019 3020 3020 3020 3016 3012 3008 3005 3010 3015
3000 2996 2991 3000 3010 3010 3009 3007 3005 3001 2998 3000 3003 3007 3013 3011 3008 3007 3006 3012 3020 3034 3050 3065 3079 3085 3086 3087 3089 3089 3088 3086 3085 3083 3082 3082 3083 3083 3081 3081 3082 3083 3083 3083 3083 3082 3079 3069 3045 3025 3021 3019 3020 3020 3016 3012 3011 3011 3017 3022 3019 3015 3014 3014
3007 2999 2990 2999 3010 3009 3008 3005 3001 2998 2995 2997 3001 3006 3012 3013 3012 3011 3011 3019 3030 3041 3053 3065 3077 3083 3085 3086 3087 3087 3086 3085 3083 3082 3084 3084 3083 3081 3078 3078 3085 3087 3081 3079 3082 3083 3079 3070 3047 3029 3024 3021 3023 3024 3015 3008 3005 3005 3019 3033 3029 3024 3019 3014
3004 3001 2999 3001 3004 3005 3007 3006 3004 3000 2996 3001 3007 3012 3016 3017 3016 3020 3026 3038 3053 3064 3073 3081 3087 3091 3093 3094 3094 3092 3089 3087 3088 3088 3090 3090 3089 3088 3085 3085 3086 3085 3080 3078 3084 3088 3085 3078 3061 3048 3045 3042 3041 3039 3031 3025 3022 3021 3031 3039 3034 3029 3026 3023
3000 3004 3008 3004 2999 3002 3006 3007 3007 3003 2999 3004 3012 3017 3021 3021 3021 3029 3040 3056 3075 3085 3091 3094 3096 3098 3100 3101 3100 3097 3091 3090 3092 3094 3095 3096 3095 3094 3093 3090 3088 3084 3079 3078 3087 3092 3090 3085 3075 3066 3063 3061 3057 3053 3047 3041 3038 3037 3042 3046 3040 3035 3034 3032
3001 3004 3008 3007 3007 3010 3014 3012 3010 3011 3013 3013 3014 3022 3032 3034 3035 3042 3052 3068 3087 3092 3090 3091 3095 3098 3101 3100 3097 3095 3094 3094 3096 3095 3094 3094 3096 3097 3097 3095 3089 3085 3083 3084 3090 3094 3091 3086 3078 3070 3066 3062 3059 3056 3052 3049 3048 3047 3048 3049 3047 3046 3046 3047
3001 3005 3008 3011 3014 3017 3021 3017 3013 3019 3026 3022 3016 3027 3042 3047 3049 3055 3063 3079 3098 3098 3089 3089 3095 3098 3101 3099 3093 3093 3097 3098 3099 3097 3092 3092 3096 3099 3100 3099 3091 3087 3088 3089 3093 3095 3092 3088 3081 3075 3070 3065 3061 3059 3058 3058 3058 3058 3055 3053 3055 3056 3058 3059
3009 3012 3015 3016 3017 3019 3022 3022 3021 3027 3035 3034 3030 3038 3049 3052 3052 3058 3066 3079 3094 3099 3100 3100 3100 3098 3095 3094 3094 3096 3102 3102 3098 3095 3092 3092 3097 3098 3095 3093 3093 3092 3091 3090 3091 3092 3093 3092 3085 3079 3075 3071 3069 3068 3070 3071 3066 3062 3061 3060 3061 3061 3056 3051
3016 3019 3022 3021 3019 3022 3024 3026 3028 3035 3044 3045 3044 3049 3056 3056 3055 3061 3070 3079 3090 3099 3109 3109 3104 3097 3090 3090 3094 3100 3107 3106 3098 3093 3092 3093 3097 3097 3090 3089 3095 3098 3094 3090 3089 3089 3095 3097 3089 3082 3079 3077 3077 3078 3081 3084 3074 3066 3067 3068 3067 3066 3055 3044
3019 3023 3028 3027 3026 3034 3042 3041 3038 3039 3040 3047 3054 3056 3055 3057 3059 3063 3068 3076 3085 3094 3102 3103 3100 3097 3094 3092 3092 3097 3105 3107 3103 3099 3095 3095 3099 3100 3095 3093 3095 3095 3095 3094 3094 3094 3092 3090 3087 3083 3077 3073 3076 3078 3077 3075 3072 3070 3074 3077 3072 3068 3064 3059
3021 3027 3034 3033 3032 3046 3061 3055 3048 3042 3037 3049 3064 3062 3055 3058 3063 3065 3067 3074 3081 3088 3094 3096 3097 3097 3098 3095 3090 3094 3104 3108 3108 3104 3099 3098 3101 3102 3100 3098 3094 3093 3095 3098 3100 3099 3090 3083 3085 3084 3075 3069 3075 3079 3072 3066 3070 3074 3080 3085 3078 3070 3073 3075
