3079 3056 3048 3054 3043 3065 3072 3054 3043 3056 3058 3063 3041 3056 3049 3038 3034 3036 3046 3044 3036 3052 3040 3055 3051 3039 3038 3035 3028 3036 3032 3040 3031 3009 3027 3011 3027 3022 3019 3019 3023 3027 3014 3006 3011 3013 3019 3021 3018 3018 3028 3013 3010 3021 3016 3020 3009 3002 3019 3017 3010 2992 3019 3007
3072 3061 3059 3054 3062 3061 3057 3065 3048 3052 3059 3063 3050 3036 3038 3057 3038 3037 3035 3042 3047 3052 3026 3041 3041 3050 3047 3025 3036 3038 3042 3045 3017 3028 3022 3020 3029 3018 3022 3023 3033 3024 3022 3011 3028 3020 3013 3011 3027 3013 3028 3016 3006 3011 3004 3013 3024 3004 3007 3012 2996 3009 3001 3018
3061 3060 3077 3062 3068 3061 3053 3048 3046 3049 3048 3048 3043 3055 3034 3052 3041 3043 3043 3053 3038 3038 3032 3040 3055 3031 3051 3034 3016 3030 3035 3029 3022 3016 3023 3026 3029 3028 3014 3013 3021 3031 3022 3013 3026 3018 3021 3025 3012 3016 3018 3022 3023 3012 3000 2992 3013 3018 3009 3000 2997 2999 3001 3007
3060 3059 3075 3060 3039 3049 3048 3043 3050 3048 3044 3049 3042 3040 3034 3042 3056 3046 3028 3030 3031 3035 3034 3038 3030 3044 3034 3049 3041 3042 3039 3035 3038 3021 3031 3038 3033 3015 3023 3034 3028 3018 3015 3024 3031 3018 3017 3011 3024 3013 3013 3032 3020 3003 3007 2999 3002 3013 3006 3019 3001 3010 3000 3007
3051 3052 3068 3056 3046 3048 3057 3053 3050 3059 3051 3049 3043 3042 3037 3039 3045 3043 3034 3027 3024 3021 3040 3047 3036 3043 3031 3044 3045 3043 3046 3041 3041 3024 3027 3030 3028 3024 3027 3021 3019 3015 3035 3019 3010 3020 3007 3018 3016 3020 3013 3018 3025 3023 3011 2998 3015 3012 3009 3019 3005 2988 2995 3010
3068 3055 3071 3060 3055 3051 3049 3045 3059 3045 3046 3044 3027 3040 3049 3045 3052 3049 3051 3037 3034 3042 3045 3048 3043 3044 3050 3046 3061 3037 3046 3046 3042 3042 3030 3030 3034 3024 3013 3008 3019 3024 3012 3022 3021 3010 3010 3022 3008 3013 3022 3014 3012 3010 3024 2999 3005 3002 3009 3024 3007 3000 3010 3014
3062 3056 3067 3042 3046 3059 3047 3055 3047 3041 3046 3043 3043 3034 3045 3051 3053 3032 3027 3036 3038 3033 3048 3042 3050 3040 3048 3058 3053 3049 3057 3051 3057 3042 3037 3028 3035 3020 3020 3018 3014 3009 3024 3009 3027 3016 3019 3021 3020 3013 3014 3013 3026 3012 3009 3001 3012 3009 3017 3029 3018 3019 3018 3013
3026 3025 3025 3031 3018 3021 3012 3024 3014 3023 3018 3028 3029 3025 3031 3046 3027 3022 3036 3036 3037 3031 3036 3050 3043 3045 3053 3058 3053 3035 3048 3047 3046 3039 3028 3038 3037 3022 3020 3026 3019 3024 3016 3030 3016 3022 3034 3010 3008 3015 3030 3019 3015 3023 3020 3004 3013 3009 3014 3016 3020 3017 3011 3017
2994 2987 2974 2998 2999 2985 2987 2997 2991 2996 2986 3005 3009 3013 3024 3025 3012 3015 3029 3026 3016 3032 3033 3029 3041 3050 3056 3065 3037 3047 3046 3043 3032 3031 3017 3034 3013 3019 3011 3018 3011 3018 3025 3025 3035 3039 3027 3027 3016 3011 3023 3026 3022 3015 3035 3029 3022 3004 3003 3012 3010 3014 3033 3028
3007 2985 2981 2974 2983 3004 2987 2992 2997 2997 3011 3011 3007 3006 3004 3014 3016 3027 3029 3030 3022 3026 3035 3031 3052 3055 3047 3060 3056 3044 3033 3046 3033 3033 3031 3031 3019 3023 3025 3028 3026 3023 3018 3024 3023 3018 3010 3007 3017 3025 3022 3017 3010 3017 3018 3028 2996 3010 3026 3021 3017 3027 3025 3027
3000 2989 2987 2994 3010 3000 3002 2987 2986 2998 3011 3016 3011 3017 3010 3007 3034 3023 3018 3023 3034 3037 3029 3053 3051 3057 3057 3064 3045 3052 3066 3043 3049 3045 3042 3042 3034 3030 3023 3020 3024 3019 3013 3008 3013 3002 3007 3019 3007 3009 3012 3001 3007 3008 3006 3012 3008 3025 3013 3034 3030 3018 3015 3032
2995 2985 2991 2983 2994 2991 2986 2991 2997 3004 3014 3003 3009 3006 3014 3035 3038 3036 3025 3030 3026 3028 3050 3038 3058 3059 3055 3058 3051 3054 3053 3045 3046 3045 3041 3040 3041 3036 3019 3027 3019 3026 3021 3017 3004 3009 3022 3022 3022 3010 3006 3005 3013 3018 3006 2992 3009 3021 3035 3019 3045 3031 3022 3032
2985 2973 2996 2994 2993 2988 2982 2990 2987 3016 3023 3007 3012 3022 3027 3023 3026 3033 3029 3030 3041 3041 3059 3066 3065 3080 3065 3059 3043 3057 3048 3055 3047 3039 3045 3047 3041 3030 3018 3010 3026 3026 3026 3016 3005 3010 3032 3024 3006 3010 3002 3002 3006 3012 3012 2995 3012 3022 3029 3036 3040 3041 3037 3035
2975 2973 2981 2989 2990 2997 2984 2981 2993 2999 3006 3024 3013 3024 3024 3035 3041 3035 3022 3032 3035 3041 3048 3057 3066 3057 3055 3055 3064 3057 3056 3051 3059 3054 3055 3060 3054 3056 3034 3020 3028 3029 3016 3015 3023 3002 3007 3012 3009 3014 3017 3003 3019 3007 3005 2999 3018 2996 3013 3030 3036 3041 3035 3029
2996 2992 2990 2991 3000 2995 2983 2985 2994 3008 3004 3007 3010 3017 2998 3021 3022 3026 3030 3050 3045 3044 3020 3044 3061 3061 3046 3055 3069 3061 3071 3061 3069 3069 3066 3047 3047 3047 3044 3049 3038 3036 3027 3009 3002 3005 3008 3004 3009 3022 3012 3000 3007 3006 3016 3008 3013 3014 3017 3028 3035 3030 3041 3009
2987 2985 2987 2990 3006 3001 2989 2995 2996 3004 3028 3015 2996 3023 3022 3045 3028 3036 3032 3037 3050 3056 3044 3046 3051 3047 3057 3063 3062 3073 3057 3069 3079 3068 3073 3070 3057 3047 3048 3046 3030 3033 3031 3028 3016 3007 3007 3016 3003 3001 3010 3005 3015 3012 3022 3018 3015 3019 3014 3022 3021 3040 3021 3018
3010 2994 2990 3014 3010 3012 3018 3019 3010 3010 3016 3012 3002 3008 3037 3020 3041 3048 3041 3039 3067 3072 3069 3053 3064 3073 3069 3074 3070 3081 3087 3091 3098 3095 3092 3088 3087 3067 3055 3033 3032 3026 3045 3038 3019 3007 3006 3010 3003 2999 2999 3009 3004 3004 3013 3018 3022 3008 3017 3019 3025 3046 3035 3030
3005 3004 2997 2999 3008 3014 3012 3018 3012 3012 3030 3027 3016 3032 3057 3029 3035 3048 3051 3056 3059 3059 3058 3060 3065 3063 3080 3074 3074 3066 3077 3086 3090 3089 3097 3108 3088 3072 3055 3050 3029 3040 3028 3038 3021 3005 3003 2999 3007 3002 2995 3017 3014 3009 3013 3020 3015 3004 3024 3016 3021 3031 3029 3023
3004 2999 3000 3009 2998 3005 2997 3007 3010 3018 3031 3027 3018 3037 3040 3036 3033 3041 3041 3055 3055 3058 3075 3065 3066 3077 3083 3078 3089 3076 3096 3100 3097 3090 3111 3100 3092 3069 3057 3052 3035 3037 3046 3035 3025 3026 3024 3003 3019 2999 3005 3009 3014 3016 3025 3016 3007 3007 3011 3017 3034 3040 3014 3017
3011 3019 3025 3022 3011 3002 3003 3010 3017 3022 3032 3027 3038 3036 3036 3032 3037 3039 3043 3044 3050 3056 3064 3058 3071 3068 3079 3081 3073 3096 3098 3097 3089 3087 3096 3097 3104 3090 3061 3049 3039 3040 3041 3047 3038 3017 3012 2991 3003 3002 3007 3015 3001 3011 3013 3028 3002 2994 3020 3021 3027 3027 3037 3023
3025 3014 3023 3021 3024 3024 3007 3007 3016 3022 3025 3024 3034 3036 3035 3044 3062 3041 3044 3049 3043 3053 3051 3048 3068 3063 3065 3086 3095 3090 3091 3106 3100 3118 3104 3105 3100 3082 3072 3054 3050 3060 3052 3050 3048 3020 3001 2986 3002 2987 3009 3007 3021 3025 3028 3031 3024 3012 3016 3029 3024 3016 3030 3037
3027 3016 3026 3026 3027 3001 3015 3027 3026 3024 3026 3022 3029 3030 3024 3039 3056 3063 3049 3052 3043 3056 3069 3068 3059 3064 3081 3088 3093 3103 3098 3100 3097 3104 3104 3108 3110 3092 3071 3060 3062 3061 3057 3036 3044 3026 3014 3010 3007 2993 3006 3006 3021 3009 3027 3044 3044 3027 3005 3025 3025 3020 3029 3030
3015 3005 3017 3010 2998 2996 3022 3034 3031 3028 3032 3034 3041 3036 3044 3045 3045 3034 3055 3034 3046 3054 3064 3064 3073 3065 3075 3077 3089 3082 3105 3093 3108 3099 3091 3104 3104 3103 3075 3065 3059 3055 3051 3042 3048 3033 3020 3013 3007 3009 3016 3014 3010 2996 3014 3023 2999 3009 3006 3020 3015 3015 3019 3014
3015 3003 3008 2998 2997 3013 3008 3025 3028 3041 3043 3041 3027 3026 3044 3036 3042 3036 3055 3046 3048 3063 3069 3078 3075 3074 3095 3085 3100 3090 3098 3100 3100 3103 3102 3098 3103 3099 3092 3068 3078 3071 3071 3067 3046 3031 3024 3014 3021 3003 3017 3004 3004 3003 3018 3020 3015 3004 3010 3019 3012 3004 3007 3007
2999 2999 3006 3004 2982 3007 3003 3024 3026 3036 3038 3048 3035 3031 3044 3041 3048 3051 3045 3044 3067 3070 3080 3095 3104 3098 3096 3096 3098 3111 3106 3095 3103 3098 3106 3091 3101 3088 3087 3089 3072 3062 3070 3064 3051 3028 3023 3015 2997 3007 3003 3013 3008 3007 3009 3009 3010 3011 3015 3017 3008 2996 3016 3013
3010 3025 3005 3004 2998 3009 3016 3030 3029 3035 3052 3043 3045 3059 3064 3056 3061 3052 3059 3049 3071 3087 3080 3087 3115 3099 3103 3101 3107 3102 3107 3102 3106 3105 3102 3093 3092 3099 3096 3092 3083 3085 3062 3066 3029 3036 3020 3014 3016 3001 3012 3006 3017 3005 3002 3021 3016 3025 3013 3002 3011 3006 3020 3021
3013 3008 3007 3007 3006 2997 3015 3032 3027 3029 3049 3041 3045 3048 3051 3069 3070 3076 3080 3078 3078 3090 3099 3088 3109 3108 3100 3102 3114 3101 3112 3106 3107 3102 3096 3098 3110 3097 3097 3088 3092 3078 3068 3061 3046 3015 3013 3021 3008 3008 3003 3012 3004 3002 3000 3013 3019 3031 3020 3015 3013 3010 3006 3027
3024 3020 3007 3006 3009 3013 3013 3022 3025 3026 3054 3054 3059 3079 3069 3086 3085 3077 3082 3081 3075 3081 3088 3102 3112 3108 3100 3113 3104 3100 3103 3096 3108 3100 3112 3098 3094 3088 3081 3089 3087 3099 3082 3056 3033 3018 3017 3016 3019 3011 2994 3013 3007 3008 3006 3015 3029 3032 3007 3020 3014 3010 2995 3005
3019 3014 3011 3008 3010 3006 3014 3002 3017 3023 3038 3057 3054 3081 3094 3096 3078 3096 3081 3075 3078 3085 3092 3093 3093 3094 3107 3113 3095 3095 3106 3099 3108 3109 3114 3098 3096 3091 3095 3079 3099 3083 3078 3066 3041 3007 3015 3007 3010 3011 3009 3006 3000 3009 3010 3023 3010 3004 3021 3024 3005 3003 3008 3000
3024 3017 3012 3004 3003 3022 3010 3015 3011 3042 3050 3052 3063 3071 3093 3097 3087 3093 3088 3090 3094 3088 3091 3079 3088 3093 3104 3097 3108 3097 3093 3100 3103 3104 3100 3096 3101 3097 3091 3111 3088 3082 3071 3064 3031 3031 3014 3000 3011 3024 3009 2989 3007 3007 3023 3008 3016 3008 3011 3015 3001 3001 3009 3009
3025 3019 3018 3026 3007 3019 3022 3010 3020 3030 3050 3054 3062 3075 3081 3100 3104 3107 3090 3101 3091 3098 3108 3094 3094 3102 3091 3103 3092 3112 3094 3097 3105 3102 3112 3104 3095 3083 3101 3084 3088 3085 3084 3068 3037 3030 3020 3016 3009 3020 3005 3005 3007 3017 3025 3037 3003 3007 3007 3012 3011 3010 3014 2997
3024 3021 3009 3012 2999 3002 3017 3024 3016 3041 3046 3070 3072 3080 3102 3088 3093 3083 3094 3095 3108 3100 3103 3093 3088 3091 3101 3104 3097 3088 3092 3103 3099 3096 3101 3105 3097 3101 3088 3085 3097 3088 3076 3071 3059 3027 3017 3010 3014 3020 3002 3012 3013 3003 3012 3023 3005 3008 3010 3001 3017 3012 3005 3001
3006 3012 3016 3007 3018 3011 3016 3006 3006 3024 3041 3068 3082 3082 3089 3085 3081 3086 3080 3093 3095 3091 3106 3090 3100 3101 3096 3093 3095 3105 3085 3095 3097 3101 3103 3117 3104 3101 3095 3105 3097 3091 3096 3069 3037 3028 3003 3008 3007 3018 3009 3017 3010 3016 3028 3028 3018 3019 3008 3010 2999 3015 3016 3020
3007 3018 3012 3011 3001 3022 3014 3016 3027 3032 3046 3063 3087 3075 3082 3083 3082 3083 3090 3096 3096 3100 3096 3093 3089 3103 3110 3103 3086 3086 3083 3096 3095 3109 3098 3102 3096 3090 3110 3105 3102 3092 3079 3070 3033 3026 3007 2996 3011 3010 3020 3015 3011 3004 3021 3021 3007 3004 3015 3014 3004 3002 3016 3017
2990 3003 3016 3008 3016 3016 3010 3013 3012 3018 3036 3043 3074 3078 3092 3085 3079 3080 3078 3087 3100 3107 3102 3087 3094 3084 3111 3096 3090 3097 3092 3096 3096 3090 3101 3106 3109 3102 3099 3077 3091 3095 3070 3062 3038 3028 3016 3023 3020 3009 3006 3012 2999 3001 3002 3018 3017 2993 3015 3012 3015 3018 3011 3021
3002 3001 3012 3018 3011 3010 3002 3008 3014 3021 3027 3041 3079 3086 3083 3097 3087 3087 3075 3099 3100 3099 3102 3099 3097 3105 3103 3109 3086 3108 3095 3092 3101 3092 3098 3111 3095 3083 3084 3095 3093 3084 3076 3058 3029 3018 3018 3023 3009 3014 3015 3025 3002 3001 3001 3020 3009 3018 3013 3023 3034 3020 3023 3029
3004 2997 3012 3010 2997 3011 3007 3003 3005 3017 3009 3046 3061 3073 3093 3098 3090 3064 3092 3086 3087 3081 3097 3096 3092 3111 3097 3099 3106 3091 3107 3099 3096 3096 3100 3096 3094 3080 3079 3087 3096 3093 3067 3046 3035 3018 3012 3016 3020 3011 3023 3017 3026 3024 3028 3018 3012 3005 3007 3005 3022 3023 3025 3024
3007 3006 3012 3002 2989 3007 2991 3002 3015 3027 3004 3038 3060 3069 3085 3093 3078 3090 3096 3077 3079 3089 3099 3088 3093 3097 3102 3096 3100 3097 3097 3110 3100 3090 3099 3100 3096 3094 3085 3085 3100 3092 3058 3054 3019 3017 3020 3019 3021 3022 3017 3022 3023 3026 3024 3027 3022 3014 3014 3020 3012 3029 3022 3010
3008 2996 3001 2991 3000 2998 2986 3005 3003 3009 3022 3019 3048 3076 3065 3083 3077 3078 3085 3084 3094 3107 3101 3102 3093 3101 3092 3098 3088 3094 3086 3093 3096 3106 3102 3103 3093 3087 3090 3088 3093 3081 3055 3039 3026 3019 3006 3012 3015 3010 3017 3011 3021 3017 3020 3034 3025 3031 3018 3022 3021 3022 3011 3025
2998 3003 2994 2995 2989 3012 2985 3007 2998 3003 3013 3041 3060 3079 3066 3073 3081 3071 3073 3084 3091 3102 3101 3089 3090 3093 3096 3096 3084 3080 3090 3083 3090 3084 3103 3104 3103 3095 3092 3080 3086 3072 3054 3047 3022 3014 3003 3012 3004 3012 3009 3013 3021 3014 3019 3023 3041 3041 3031 3020 3012 3014 2999 3028
3013 2994 2985 2998 2997 2985 2993 3007 3002 3006 3005 3025 3046 3047 3068 3070 3090 3089 3075 3092 3093 3104 3093 3102 3084 3091 3108 3102 3103 3104 3092 3088 3092 3090 3096 3101 3111 3096 3084 3090 3071 3076 3064 3037 3027 3008 3015 3026 3013 3018 3014 3009 3010 3009 3027 3019 3037 3042 3044 3051 3028 3020 3017 3022
3009 3005 2991 2989 2994 2990 2988 2992 3010 3005 3010 3017 3013 3039 3071 3079 3073 3074 3067 3076 3098 3091 3090 3086 3096 3099 3099 3111 3110 3086 3086 3088 3083 3097 3102 3098 3093 3090 3079 3081 3067 3065 3054 3037 3025 3011 3031 3015 3033 3005 3015 3028 3016 3019 3033 3021 3040 3044 3050 3047 3043 3034 3020 3030
2992 2998 3009 3006 2995 2986 2992 2986 2996 3001 2989 3007 3010 3032 3037 3050 3086 3074 3065 3076 3092 3091 3092 3090 3095 3087 3099 3092 3094 3101 3086 3093 3089 3088 3103 3092 3099 3095 3085 3084 3079 3080 3056 3030 3029 3018 3016 3019 3035 3011 3020 3017 3036 3002 3011 3019 3019 3049 3050 3047 3037 3033 3033 3035
3006 2991 3022 3002 3004 2997 2987 3000 3011 3003 2995 3001 3012 3018 3030 3049 3081 3082 3072 3090 3080 3096 3093 3099 3108 3109 3103 3106 3095 3088 3094 3102 3080 3083 3092 3102 3091 3101 3099 3095 3064 3053 3051 3036 3011 3028 3016 3008 3027 3022 3032 3024 3022 3023 3011 3018 3031 3047 3033 3038 3041 3040 3034 3029
2995 3002 2996 2993 2985 2988 3003 3012 3015 3015 3003 3002 3019 3036 3050 3052 3058 3074 3087 3080 3087 3091 3097 3093 3103 3104 3090 3100 3107 3090 3096 3095 3104 3084 3097 3078 3087 3086 3086 3083 3067 3057 3041 3042 3015 3016 3023 3015 3016 3017 3026 3023 3017 3024 3010 3020 3033 3024 3053 3037 3047 3041 3029 3033
2997 2997 2996 2994 2959 2985 3001 3010 3022 3019 3010 3015 3016 3008 3033 3038 3055 3084 3076 3073 3093 3096 3095 3104 3095 3098 3093 3095 3096 3098 3105 3102 3110 3096 3101 3091 3091 3096 3086 3096 3073 3054 3048 3033 3017 3025 3019 3020 3022 3014 3013 3020 3011 3012 3023 3012 3031 3049 3038 3035 3037 3037 3034 3029
3006 3012 2999 3002 2995 3012 3007 3015 3024 3012 3012 3016 3013 3016 3015 3035 3036 3067 3072 3078 3078 3099 3107 3096 3101 3098 3099 3096 3087 3097 3103 3091 3102 3094 3104 3105 3078 3077 3089 3078 3062 3046 3029 3017 3016 3022 3009 3015 3008 3007 3018 3010 3013 3014 3019 3017 3022 3035 3042 3040 3030 3027 3025 3025
3025 3017 2995 3006 3010 3002 3006 3005 3015 3021 3022 3018 3015 3008 3016 3034 3042 3072 3077 3071 3073 3075 3097 3086 3075 3094 3098 3098 3091 3086 3093 3084 3101 3092 3098 3105 3087 3083 3080 3055 3055 3028 3042 3017 3023 3024 3017 3021 3005 3009 3004 2998 3007 3011 3009 3020 3010 3028 3040 3039 3031 3012 3020 3028
3000 3012 3016 3012 3008 3015 3015 3008 3023 3017 3019 3027 3018 3000 3023 3018 3033 3036 3063 3070 3083 3094 3098 3102 3093 3095 3091 3103 3085 3085 3098 3091 3098 3093 3101 3094 3103 3080 3079 3062 3041 3027 3018 3018 3037 3039 3016 3021 3011 3012 3010 2998 3005 3011 3002 2999 3015 3017 3013 3017 3021 3011 3019 3019
3002 3008 3009 3020 3012 3009 3018 3010 3008 3020 3021 3014 3025 3035 3024 3014 3018 3048 3067 3077 3104 3091 3098 3097 3089 3096 3081 3103 3092 3097 3092 3096 3081 3096 3085 3083 3099 3095 3084 3062 3039 3027 3013 3028 3032 3032 3017 3024 3023 3020 3016 3007 3017 3006 3014 3005 3015 3024 3022 3010 3018 3012 3015 3013
2992 3002 3007 3012 2997 3009 3013 3018 3006 3016 3017 3002 3018 3010 3009 3013 3014 3043 3068 3088 3104 3095 3085 3096 3097 3094 3096 3099 3090 3100 3075 3091 3101 3104 3085 3082 3097 3088 3070 3058 3036 3031 3032 3027 3037 3024 3033 3025 3014 3021 3015 3008 3017 3002 3005 3002 3017 3016 3002 3008 3012 3027 3014 3013
3010 2990 2997 3008 3000 3014 3030 3007 3018 3010 2995 3013 3014 3029 3013 3010 3028 3038 3075 3090 3098 3084 3099 3097 3098 3106 3096 3102 3105 3092 3100 3100 3090 3090 3077 3093 3100 3083 3067 3057 3052 3034 3037 3043 3014 3020 3012 3006 3008 3001 3021 3013 3000 3002 3003 3016 3007 3007 3019 3011 3014 3030 3029 3026
3011 3007 3002 2998 3008 3013 3019 2997 3016 3004 2985 3003 3010 3007 3013 3014 3030 3038 3067 3083 3086 3095 3097 3102 3095 3080 3099 3100 3103 3097 3104 3090 3084 3093 3091 3094 3091 3086 3070 3057 3042 3035 3032 3023 3011 3018 3017 3007 3004 3010 3015 3014 3004 3016 3020 3023 3010 3029 3008 2997 3008 3032 3024 3022
3012 3008 2992 3008 3007 3019 2999 3015 3006 3015 3007 3015 2999 3012 3034 3025 3014 3040 3068 3069 3078 3089 3099 3100 3090 3091 3103 3113 3098 3101 3097 3093 3091 3091 3094 3098 3073 3079 3063 3068 3044 3028 3031 3029 3014 3020 3022 3009 3012 3009 3011 3012 3016 3021 3034 3022 3034 3022 3016 3006 3020 3019 3014 3035
2998 3006 3015 3005 3009 3012 3001 3010 3008 3006 3000 3000 3005 3015 3032 3032 3030 3053 3080 3080 3101 3107 3097 3108 3097 3093 3097 3087 3096 3100 3099 3110 3090 3096 3110 3100 3090 3090 3081 3055 3047 3061 3050 3046 3034 3046 3029 3029 3036 3037 3035 3043 3028 3035 3051 3038 3049 3042 3029 3030 3041 3037 3026 3031
3016 3008 3003 3009 3009 3007 2990 3005 3018 3011 3008 3008 3009 3029 3019 3025 3039 3070 3073 3085 3097 3102 3104 3100 3117 3107 3079 3089 3087 3098 3096 3103 3091 3107 3092 3106 3089 3093 3067 3068 3067 3075 3060 3059 3050 3049 3049 3037 3038 3043 3047 3045 3042 3053 3052 3054 3057 3052 3050 3042 3042 3047 3040 3045
3021 3028 3020 3009 3010 3008 3005 3005 3017 3011 2997 3019 3004 3023 3026 3030 3048 3070 3092 3100 3105 3109 3111 3118 3107 3110 3097 3094 3105 3101 3077 3092 3088 3090 3090 3084 3089 3086 3100 3086 3086 3084 3084 3060 3069 3060 3048 3051 3053 3037 3055 3043 3061 3056 3057 3048 3060 3067 3062 3053 3056 3068 3047 3049
3006 3011 3016 3028 3024 3013 3009 3007 3016 3012 3019 3025 3008 3030 3031 3052 3069 3094 3089 3097 3097 3102 3114 3101 3115 3110 3120 3095 3115 3101 3094 3097 3112 3107 3103 3086 3097 3096 3096 3095 3102 3102 3082 3081 3080 3073 3069 3066 3065 3045 3046 3058 3072 3077 3077 3053 3069 3069 3082 3073 3075 3079 3073 3063
3011 3018 3030 3022 3025 3013 3011 3028 3029 3030 3030 3043 3042 3046 3040 3043 3077 3075 3099 3088 3100 3099 3110 3091 3107 3114 3096 3101 3114 3103 3097 3094 3100 3097 3101 3097 3108 3104 3108 3100 3115 3092 3099 3085 3072 3065 3071 3072 3065 3065 3070 3070 3064 3058 3067 3063 3063 3073 3062 3069 3060 3071 3073 3071
3019 3009 3022 3023 3030 3028 3030 3034 3042 3043 3043 3064 3059 3071 3071 3076 3061 3077 3092 3084 3098 3095 3090 3106 3099 3098 3108 3099 3112 3112 3093 3112 3099 3095 3095 3095 3104 3101 3100 3110 3096 3113 3089 3086 3080 3091 3082 3081 3068 3065 3062 3069 3059 3055 3067 3055 3063 3069 3069 3072 3075 3067 3067 3070
3021 3036 3038 3029 3045 3033 3044 3036 3048 3049 3041 3059 3070 3075 3074 3078 3086 3082 3071 3090 3089 3103 3097 3093 3105 3098 3091 3084 3102 3096 3103 3106 3104 3095 3098 3080 3091 3103 3106 3103 3099 3103 3096 3084 3078 3078 3078 3075 3067 3061 3066 3067 3081 3076 3061 3078 3061 3067 3069 3080 3084 3074 3084 3086
3033 3035 3022 3047 3044 3050 3053 3055 3050 3052 3053 3054 3073 3079 3081 3085 3077 3077 3084 3071 3089 3101 3091 3096 3099 3076 3085 3105 3104 3105 3109 3106 3107 3108 3081 3084 3094 3104 3108 3105 3105 3102 3084 3078 3063 3067 3069 3083 3085 3072 3067 3084 3069 3095 3087 3088 3076 3072 3068 3068 3078 3103 3089 3078
3044 3032 3038 3053 3065 3055 3066 3058 3054 3054 3057 3073 3073 3083 3080 3092 3082 3083 3080 3080 3096 3082 3085 3091 3081 3080 3090 3084 3085 3093 3103 3100 3102 3096 3091 3088 3099 3101 3099 3100 3096 3089 3095 3076 3069 3053 3078 3080 3076 3071 3077 3097 3078 3084 3081 3075 3064 3067 3076 3078 3090 3093 3091 3076
3046 3046 3047 3062 3075 3072 3069 3062 3058 3065 3060 3064 3081 3077 3081 3085 3088 3088 3092 3092 3094 3092 3092 3075 3071 3082 3085 3077 3094 3094 3099 3101 3101 3086 3101 3102 3098 3087 3094 3098 3102 3089 3091 3078 3082 3076 3070 3066 3076 3086 3090 3078 3085 3083 3063 3062 3064 3063 3072 3087 3092 3097 3081 3066
