3069 3072 3075 3070 3065 3059 3053 3055 3058 3062 3066 3055 3042 3049 3060 3059 3053 3049 3046 3040 3034 3041 3054 3057 3055 3050 3043 3039 3036 3039 3045 3050 3052 3056 3060 3063 3066 3063 3055 3049 3047 3044 3040 3038 3040 3038 3028 3020 3022 3024 3027 3028 3020 3014 3018 3021 3020 3019 3014 3010 3014 3017 3010 3003
3069 3067 3066 3064 3062 3060 3057 3055 3053 3055 3058 3052 3045 3049 3057 3055 3049 3047 3045 3044 3043 3045 3049 3051 3053 3052 3051 3048 3043 3044 3051 3056 3059 3061 3061 3062 3062 3060 3054 3050 3047 3044 3040 3037 3036 3033 3029 3026 3026 3026 3027 3028 3026 3023 3016 3011 3015 3018 3011 3005 3011 3017 3015 3012
3069 3063 3057 3058 3059 3060 3062 3056 3049 3049 3049 3049 3048 3050 3053 3050 3045 3044 3043 3047 3052 3050 3044 3045 3050 3055 3060 3057 3049 3050 3056 3062 3065 3065 3063 3060 3059 3057 3054 3051 3047 3044 3040 3036 3032 3029 3030 3031 3029 3028 3027 3027 3031 3032 3014 3001 3010 3018 3008 3000 3009 3017 3019 3022
3051 3053 3055 3055 3055 3054 3053 3051 3048 3048 3049 3048 3047 3046 3045 3044 3044 3045 3045 3049 3055 3052 3046 3045 3046 3050 3056 3058 3056 3058 3065 3067 3066 3064 3060 3058 3060 3059 3053 3050 3049 3047 3044 3043 3043 3042 3038 3035 3032 3029 3026 3025 3028 3029 3020 3013 3020 3025 3014 3005 3012 3020 3020 3020
3032 3043 3055 3053 3050 3048 3045 3046 3048 3048 3049 3048 3046 3042 3036 3039 3044 3046 3047 3052 3057 3055 3048 3044 3041 3045 3053 3058 3062 3067 3073 3073 3068 3062 3057 3057 3062 3061 3053 3049 3050 3050 3049 3049 3054 3055 3046 3038 3034 3030 3026 3023 3025 3026 3026 3026 3030 3032 3021 3010 3017 3023 3020 3017
3037 3047 3057 3052 3046 3043 3041 3040 3039 3043 3047 3047 3045 3043 3041 3043 3047 3048 3049 3051 3054 3052 3049 3048 3048 3049 3050 3054 3060 3067 3074 3076 3074 3069 3061 3058 3061 3061 3057 3054 3053 3052 3050 3049 3051 3051 3045 3039 3036 3032 3027 3024 3028 3031 3027 3024 3028 3030 3021 3013 3021 3028 3023 3018
3042 3050 3059 3051 3042 3039 3037 3033 3029 3036 3045 3045 3044 3045 3047 3049 3050 3050 3050 3050 3050 3050 3050 3052 3056 3054 3048 3050 3058 3067 3075 3079 3081 3076 3066 3061 3060 3060 3061 3060 3057 3054 3050 3048 3046 3045 3043 3041 3037 3033 3028 3024 3032 3037 3028 3021 3025 3028 3022 3016 3026 3034 3027 3019
3016 3018 3020 3019 3017 3015 3013 3014 3015 3017 3019 3019 3018 3022 3028 3030 3031 3033 3036 3036 3034 3035 3036 3041 3048 3047 3041 3041 3048 3057 3069 3075 3076 3073 3068 3064 3062 3060 3058 3056 3054 3051 3049 3048 3048 3048 3045 3042 3039 3035 3029 3025 3028 3030 3024 3020 3021 3021 3018 3015 3017 3020 3018 3015
2986 2982 2978 2984 2990 2989 2987 2993 3000 2997 2992 2990 2988 2996 3007 3009 3009 3014 3021 3021 3017 3018 3022 3029 3039 3039 3033 3032 3036 3047 3063 3070 3069 3069 3069 3067 3064 3060 3054 3050 3050 3049 3048 3048 3051 3051 3048 3044 3040 3036 3031 3026 3023 3021 3020 3019 3017 3015 3014 3013 3008 3003 3007 3012
2983 2981 2979 2982 2984 2986 2988 2993 2999 2997 2994 2992 2992 3001 3013 3015 3014 3014 3016 3017 3019 3022 3025 3031 3040 3039 3032 3032 3037 3046 3059 3068 3073 3077 3081 3081 3076 3070 3065 3063 3065 3065 3063 3060 3056 3053 3049 3044 3039 3034 3031 3027 3026 3024 3021 3018 3017 3016 3013 3009 3006 3003 3004 3005
2984 2986 2988 2985 2982 2986 2992 2996 2999 3000 3000 3000 3001 3010 3023 3024 3023 3018 3012 3016 3024 3029 3031 3036 3042 3039 3031 3032 3039 3047 3056 3066 3077 3087 3096 3097 3088 3082 3079 3078 3082 3084 3080 3074 3063 3054 3049 3044 3038 3033 3030 3028 3029 3029 3023 3017 3018 3019 3012 3005 3005 3005 3001 2998
2984 2987 2990 2990 2990 2992 2995 2995 2995 2996 2998 3001 3003 3011 3019 3021 3022 3022 3021 3024 3030 3031 3031 3033 3036 3037 3037 3042 3050 3059 3067 3077 3086 3094 3100 3099 3092 3089 3091 3092 3094 3094 3090 3083 3071 3059 3050 3042 3041 3039 3038 3037 3035 3033 3028 3023 3022 3020 3009 2999 3003 3007 3002 2996
2985 2988 2992 2996 3000 2999 2998 2993 2989 2991 2994 3000 3005 3009 3012 3016 3020 3026 3032 3035 3036 3033 3029 3028 3029 3035 3043 3053 3063 3072 3081 3089 3096 3101 3102 3100 3094 3095 3102 3107 3105 3103 3099 3092 3079 3065 3050 3040 3044 3047 3047 3047 3042 3038 3033 3029 3026 3021 3007 2994 3002 3010 3003 2995
2990 2992 2994 2997 3001 2996 2991 2990 2989 2992 2995 2998 3001 3006 3011 3016 3020 3027 3037 3037 3034 3033 3034 3035 3036 3044 3056 3066 3075 3082 3088 3093 3097 3100 3102 3100 3096 3096 3105 3109 3107 3104 3100 3094 3087 3076 3060 3048 3049 3051 3057 3060 3050 3041 3035 3028 3023 3018 3006 2994 3002 3010 3001 2993
2997 2997 2996 2998 3000 2991 2982 2986 2991 2994 2998 2996 2994 3002 3012 3017 3019 3028 3039 3037 3030 3032 3040 3044 3047 3056 3069 3079 3087 3091 3093 3095 3095 3097 3101 3101 3096 3097 3104 3108 3106 3103 3099 3095 3095 3089 3072 3058 3054 3053 3066 3073 3058 3045 3035 3026 3020 3013 3005 2997 3003 3008 3000 2991
3008 3007 3006 3004 3002 2996 2990 2991 2994 2997 3000 3001 3001 3012 3025 3027 3026 3030 3035 3034 3031 3036 3045 3052 3057 3068 3083 3091 3094 3096 3097 3098 3098 3099 3101 3100 3097 3097 3101 3103 3102 3101 3100 3099 3097 3092 3079 3068 3062 3061 3071 3077 3064 3052 3039 3028 3022 3015 3008 3002 3003 3004 2999 2994
3020 3018 3017 3011 3006 3004 3002 2999 2997 2999 3003 3007 3012 3026 3041 3040 3035 3032 3030 3031 3033 3041 3051 3059 3066 3080 3098 3103 3100 3100 3101 3102 3102 3101 3100 3099 3097 3097 3097 3097 3096 3098 3102 3103 3099 3093 3084 3076 3071 3069 3075 3078 3070 3060 3045 3031 3025 3019 3013 3007 3003 2998 2998 2998
3011 3015 3019 3013 3007 3008 3009 3004 2998 2999 3002 3005 3009 3023 3039 3041 3040 3035 3028 3031 3037 3047 3059 3070 3080 3090 3100 3103 3101 3100 3099 3100 3101 3101 3102 3102 3101 3100 3097 3095 3095 3096 3101 3102 3096 3092 3088 3084 3077 3073 3080 3084 3073 3062 3045 3030 3024 3019 3013 3008 3002 2995 2999 3002
2996 3007 3018 3014 3009 3012 3015 3007 2998 2998 2999 3001 3002 3015 3031 3039 3044 3038 3029 3032 3041 3054 3069 3083 3096 3100 3099 3098 3100 3098 3095 3095 3097 3100 3104 3106 3106 3104 3099 3095 3094 3095 3098 3099 3093 3090 3092 3091 3081 3075 3085 3091 3076 3061 3043 3026 3021 3016 3012 3008 3000 2993 3000 3007
2991 3003 3014 3013 3012 3012 3011 3008 3005 3004 3003 3003 3004 3016 3031 3038 3044 3039 3032 3036 3046 3060 3075 3088 3100 3102 3098 3097 3098 3097 3095 3095 3096 3099 3104 3106 3105 3103 3100 3097 3094 3094 3098 3100 3096 3093 3095 3094 3087 3082 3089 3092 3079 3065 3044 3025 3020 3015 3012 3009 3001 2994 3002 3010
2991 3000 3009 3013 3016 3011 3004 3008 3014 3012 3009 3009 3009 3020 3034 3039 3041 3039 3035 3042 3053 3066 3080 3091 3099 3101 3099 3097 3096 3096 3097 3097 3097 3098 3103 3104 3100 3099 3101 3100 3095 3093 3099 3102 3100 3099 3098 3096 3094 3092 3092 3090 3082 3072 3047 3025 3020 3015 3013 3010 3003 2997 3005 3013
3003 3009 3015 3020 3024 3018 3011 3015 3021 3020 3018 3017 3017 3025 3034 3038 3040 3042 3043 3051 3061 3072 3083 3091 3097 3099 3097 3096 3093 3092 3093 3094 3096 3099 3102 3102 3098 3097 3100 3100 3096 3094 3097 3100 3099 3099 3099 3098 3093 3089 3091 3090 3082 3072 3052 3033 3026 3020 3019 3017 3011 3005 3008 3011
3021 3024 3027 3030 3033 3029 3025 3025 3027 3028 3028 3027 3026 3029 3034 3037 3039 3046 3053 3061 3070 3077 3084 3090 3095 3096 3096 3093 3089 3087 3087 3090 3095 3099 3101 3101 3097 3096 3099 3100 3097 3095 3095 3096 3095 3096 3099 3099 3088 3082 3088 3091 3081 3070 3057 3045 3036 3028 3028 3027 3022 3016 3011 3006
3022 3024 3026 3027 3029 3026 3024 3022 3020 3022 3024 3024 3022 3024 3026 3032 3038 3047 3056 3066 3077 3083 3088 3090 3092 3093 3093 3091 3088 3086 3086 3089 3095 3098 3099 3098 3095 3094 3098 3100 3099 3099 3099 3098 3097 3096 3098 3098 3089 3084 3089 3091 3078 3066 3055 3044 3035 3027 3025 3024 3020 3017 3013 3010
3015 3016 3017 3017 3017 3017 3016 3011 3006 3009 3013 3012 3011 3013 3015 3024 3035 3046 3057 3069 3082 3089 3093 3092 3089 3088 3090 3090 3088 3087 3088 3091 3094 3096 3095 3094 3091 3091 3096 3100 3103 3105 3106 3105 3101 3097 3096 3095 3093 3091 3092 3090 3075 3061 3049 3037 3028 3020 3017 3013 3013 3013 3016 3019
3010 3011 3012 3013 3015 3013 3012 3007 3001 3004 3007 3007 3006 3009 3014 3023 3034 3046 3058 3071 3084 3091 3094 3094 3090 3090 3091 3089 3086 3086 3090 3094 3097 3099 3098 3097 3094 3094 3096 3099 3102 3105 3108 3107 3101 3097 3095 3094 3092 3091 3093 3091 3075 3059 3043 3029 3021 3013 3011 3008 3011 3014 3017 3020
3008 3008 3008 3012 3017 3014 3009 3006 3002 3003 3005 3004 3003 3010 3019 3026 3032 3045 3060 3073 3085 3090 3092 3094 3096 3095 3093 3089 3083 3084 3091 3097 3103 3105 3106 3105 3102 3100 3097 3097 3099 3102 3105 3106 3100 3095 3095 3093 3089 3087 3092 3094 3076 3058 3038 3021 3013 3007 3006 3006 3012 3017 3017 3016
3008 3008 3007 3012 3019 3011 3003 3001 3000 3004 3008 3005 3002 3008 3017 3025 3032 3046 3061 3073 3084 3088 3088 3091 3095 3097 3096 3093 3087 3087 3092 3097 3101 3104 3105 3105 3105 3103 3100 3098 3098 3099 3102 3103 3099 3096 3094 3092 3088 3086 3091 3091 3076 3060 3040 3022 3014 3008 3009 3010 3014 3018 3016 3015
3011 3009 3008 3013 3019 3007 2994 2994 2996 3005 3015 3009 3001 3003 3008 3020 3033 3047 3061 3072 3083 3085 3083 3086 3091 3096 3100 3100 3097 3095 3093 3093 3095 3096 3098 3100 3104 3105 3104 3101 3098 3096 3098 3099 3100 3099 3094 3091 3090 3089 3088 3086 3075 3063 3046 3029 3022 3015 3016 3017 3016 3015 3015 3015
3009 3007 3006 3011 3017 3007 2996 2997 3000 3007 3014 3008 2999 3000 3004 3017 3031 3047 3063 3073 3081 3083 3081 3083 3088 3093 3100 3102 3100 3097 3093 3091 3092 3093 3094 3097 3101 3104 3105 3103 3099 3096 3095 3096 3100 3101 3097 3093 3094 3094 3091 3086 3076 3065 3047 3032 3027 3022 3021 3020 3019 3017 3017 3018
3004 3003 3002 3008 3014 3011 3007 3008 3009 3008 3007 3002 2997 3000 3005 3015 3027 3046 3067 3076 3080 3082 3082 3082 3084 3089 3097 3099 3098 3096 3092 3092 3093 3094 3093 3094 3097 3100 3103 3104 3101 3098 3094 3094 3100 3104 3101 3099 3100 3100 3096 3091 3079 3065 3046 3029 3030 3030 3025 3020 3021 3023 3023 3023
3005 3003 3001 3005 3010 3010 3009 3009 3009 3006 3002 2999 2995 2997 3001 3011 3022 3042 3064 3074 3079 3081 3082 3082 3083 3087 3092 3094 3095 3094 3092 3092 3092 3093 3095 3096 3097 3099 3102 3103 3103 3101 3098 3097 3101 3104 3103 3102 3102 3101 3098 3093 3081 3066 3044 3025 3029 3032 3026 3019 3020 3021 3022 3023
3011 3007 3002 3004 3006 3004 3002 3001 3001 3000 2999 2996 2994 2994 2994 3004 3016 3035 3057 3069 3076 3080 3081 3083 3086 3086 3085 3087 3092 3093 3093 3091 3089 3091 3098 3101 3099 3099 3100 3102 3104 3106 3104 3104 3104 3104 3102 3101 3099 3097 3096 3093 3082 3068 3042 3021 3025 3029 3024 3019 3015 3010 3015 3019
3016 3010 3005 3007 3008 3007 3007 3004 3002 3003 3004 3003 3001 3000 2999 3006 3015 3032 3051 3065 3075 3081 3083 3086 3089 3087 3082 3084 3091 3094 3093 3092 3090 3092 3099 3102 3100 3099 3100 3101 3103 3104 3105 3105 3103 3102 3101 3100 3097 3094 3094 3091 3079 3066 3043 3024 3026 3028 3025 3021 3014 3008 3013 3018
3017 3014 3012 3014 3016 3020 3025 3019 3012 3015 3019 3018 3017 3016 3016 3018 3019 3032 3048 3062 3076 3084 3088 3091 3093 3090 3083 3085 3093 3095 3093 3093 3095 3096 3098 3099 3097 3098 3100 3100 3097 3096 3099 3101 3099 3098 3099 3099 3095 3092 3092 3089 3074 3060 3047 3035 3033 3031 3028 3024 3018 3012 3017 3021
3014 3013 3011 3014 3017 3021 3026 3021 3015 3017 3021 3022 3022 3022 3022 3019 3016 3026 3042 3058 3074 3084 3089 3092 3093 3090 3083 3084 3091 3093 3091 3093 3098 3099 3097 3095 3094 3095 3098 3099 3095 3094 3096 3098 3097 3097 3098 3098 3093 3089 3088 3085 3070 3056 3046 3038 3034 3031 3029 3026 3021 3015 3018 3022
3007 3004 3001 3004 3007 3007 3007 3009 3010 3008 3006 3010 3015 3015 3014 3009 3003 3014 3032 3050 3069 3080 3087 3089 3088 3085 3081 3081 3084 3086 3087 3091 3098 3100 3095 3091 3088 3089 3094 3098 3099 3099 3096 3096 3099 3101 3099 3097 3090 3085 3084 3080 3068 3055 3041 3029 3029 3029 3028 3028 3021 3015 3017 3019
3001 2999 2997 2999 3001 3000 2998 3002 3007 3003 2999 3002 3008 3009 3010 3004 2997 3008 3024 3042 3061 3074 3084 3086 3084 3081 3078 3078 3079 3082 3086 3091 3098 3099 3096 3092 3088 3088 3094 3098 3102 3102 3098 3096 3100 3102 3101 3099 3092 3086 3083 3077 3063 3049 3035 3023 3024 3025 3024 3024 3020 3015 3016 3017
3000 3001 3003 3002 3001 3001 3001 3003 3005 3003 3000 3000 3001 3005 3010 3008 3003 3009 3018 3032 3049 3064 3078 3082 3080 3078 3076 3076 3079 3083 3088 3092 3095 3098 3102 3101 3094 3093 3099 3103 3103 3102 3101 3100 3098 3098 3103 3105 3099 3093 3086 3076 3056 3037 3029 3022 3020 3018 3016 3013 3014 3016 3016 3017
3000 3003 3006 3006 3005 3004 3003 3003 3004 3003 3002 3000 2997 3002 3009 3008 3006 3008 3011 3022 3037 3053 3071 3077 3077 3076 3075 3076 3079 3083 3089 3092 3093 3097 3103 3105 3099 3098 3101 3103 3102 3102 3102 3101 3097 3096 3102 3105 3102 3097 3086 3073 3050 3030 3024 3018 3017 3015 3011 3007 3011 3015 3015 3015
3001 3004 3007 3012 3017 3011 3003 3003 3004 3004 3003 3002 3000 3002 3005 3005 3005 3005 3005 3013 3023 3040 3062 3072 3076 3077 3077 3077 3078 3081 3085 3089 3092 3096 3098 3100 3101 3100 3099 3099 3099 3100 3100 3099 3097 3095 3095 3096 3098 3096 3083 3068 3048 3030 3019 3011 3014 3017 3013 3009 3010 3012 3012 3012
3001 3004 3007 3013 3019 3011 3003 3003 3003 3003 3004 3003 3002 3002 3002 3004 3005 3004 3001 3006 3014 3032 3055 3067 3075 3078 3079 3078 3078 3079 3082 3087 3093 3096 3096 3097 3100 3101 3098 3096 3097 3098 3098 3097 3096 3094 3092 3091 3094 3094 3080 3065 3046 3028 3017 3007 3012 3016 3013 3011 3011 3012 3011 3010
2999 3002 3005 3002 3000 3001 3004 3002 3000 3001 3002 3003 3003 3003 3004 3007 3010 3007 3001 3006 3015 3031 3049 3063 3075 3079 3078 3079 3079 3079 3080 3086 3096 3100 3097 3096 3095 3096 3097 3098 3096 3094 3094 3094 3095 3095 3095 3094 3093 3090 3080 3067 3044 3024 3017 3011 3012 3012 3012 3012 3015 3019 3016 3014
2997 3000 3003 2996 2988 2996 3004 3002 2999 3000 3002 3003 3003 3004 3006 3008 3012 3008 3001 3005 3013 3026 3042 3058 3074 3079 3079 3079 3080 3080 3080 3086 3098 3102 3098 3095 3092 3092 3095 3096 3094 3092 3092 3093 3094 3095 3097 3096 3091 3085 3075 3062 3040 3021 3017 3014 3012 3010 3011 3013 3016 3019 3017 3015
2999 3001 3002 2998 2993 2999 3004 3004 3004 3004 3005 3003 3001 3004 3007 3007 3005 3004 3004 3005 3006 3017 3031 3050 3071 3079 3080 3081 3082 3082 3081 3087 3099 3103 3099 3095 3093 3090 3088 3088 3091 3093 3094 3094 3095 3096 3096 3094 3087 3078 3061 3045 3034 3023 3019 3014 3013 3012 3011 3011 3010 3009 3009 3009
3000 3001 3001 3000 2998 3000 3003 3005 3006 3007 3007 3004 2999 3002 3007 3005 3001 3002 3004 3004 3002 3009 3021 3042 3067 3078 3080 3081 3081 3081 3082 3087 3099 3103 3099 3096 3095 3091 3087 3086 3092 3095 3096 3096 3097 3097 3097 3094 3084 3071 3050 3033 3028 3023 3018 3013 3013 3013 3011 3010 3005 3000 3002 3004
3001 2999 2998 2999 3000 2999 2998 3001 3005 3006 3008 3003 2997 2997 2999 3002 3004 3002 2999 3000 3004 3008 3013 3033 3063 3075 3077 3077 3076 3078 3082 3088 3097 3100 3099 3099 3101 3101 3099 3098 3101 3103 3102 3101 3101 3102 3102 3098 3082 3065 3048 3033 3024 3016 3011 3007 3010 3013 3011 3009 3004 2998 3000 3001
3000 2999 2998 3000 3003 3000 2996 2999 3003 3005 3007 3003 2997 2995 2995 3000 3007 3002 2994 2997 3004 3006 3004 3025 3058 3072 3075 3076 3075 3078 3084 3089 3095 3099 3100 3102 3107 3108 3107 3106 3106 3106 3104 3104 3104 3104 3104 3099 3076 3057 3045 3033 3022 3012 3006 3001 3007 3012 3010 3009 3004 2999 2999 2999
2999 3002 3005 3006 3007 3006 3003 3002 3001 3001 3001 3001 3002 3000 2997 3001 3009 3004 2994 2995 3000 2999 2997 3018 3052 3069 3076 3081 3085 3088 3090 3093 3096 3100 3103 3107 3111 3111 3104 3099 3098 3098 3100 3101 3101 3101 3099 3090 3063 3041 3035 3030 3024 3017 3007 2998 3003 3007 3008 3009 3008 3006 3005 3004
2996 3002 3009 3009 3008 3008 3008 3004 3000 2997 2995 2999 3005 3002 2998 3002 3008 3004 2996 2995 2998 2996 2994 3014 3046 3066 3077 3086 3091 3094 3094 3095 3097 3100 3105 3109 3112 3110 3101 3094 3093 3093 3097 3099 3098 3097 3093 3082 3052 3028 3027 3025 3023 3019 3007 2998 3001 3005 3007 3010 3010 3011 3009 3008
2990 2997 3005 3000 2995 2998 3001 3001 3000 2995 2989 2993 2998 2999 3000 2999 2998 3000 3003 3004 3004 3004 3004 3019 3040 3059 3076 3085 3088 3090 3089 3091 3096 3101 3103 3104 3103 3100 3097 3095 3095 3096 3097 3098 3096 3092 3086 3074 3051 3030 3021 3014 3013 3012 3007 3003 3008 3012 3010 3008 3010 3011 3009 3006
2986 2994 3003 2995 2986 2990 2995 2998 3001 2994 2985 2988 2994 2997 3000 2997 2992 2998 3008 3010 3009 3010 3012 3022 3036 3054 3074 3084 3086 3086 3085 3088 3096 3100 3101 3100 3095 3093 3094 3095 3097 3098 3098 3097 3094 3089 3080 3068 3049 3031 3017 3006 3007 3008 3008 3009 3014 3019 3013 3008 3011 3012 3009 3006
2991 2999 3007 3002 2996 2994 2993 2997 3002 2995 2986 2990 2997 2997 2995 2996 2997 3000 3003 3003 3003 3004 3007 3020 3039 3056 3074 3082 3084 3086 3088 3091 3095 3096 3097 3096 3095 3095 3096 3096 3096 3096 3098 3099 3096 3091 3080 3067 3047 3029 3017 3008 3013 3017 3016 3016 3018 3020 3018 3015 3018 3020 3015 3010
2995 3003 3010 3006 3002 2996 2991 2996 3002 2996 2988 2992 2999 2997 2992 2996 3002 3001 2998 2998 2998 3000 3003 3018 3041 3059 3075 3082 3083 3086 3092 3094 3094 3093 3093 3093 3095 3096 3097 3097 3095 3095 3098 3100 3097 3092 3081 3067 3045 3026 3017 3010 3018 3024 3022 3021 3021 3021 3021 3022 3023 3025 3020 3014
2997 3001 3005 3000 2994 2992 2991 2994 2998 2994 2989 2991 2995 2997 3000 3000 3000 2999 2999 3000 3000 3001 3002 3018 3043 3063 3081 3088 3087 3089 3094 3096 3093 3092 3094 3093 3088 3088 3094 3097 3096 3095 3096 3096 3092 3088 3081 3069 3045 3024 3015 3009 3014 3018 3014 3012 3017 3021 3023 3024 3019 3014 3015 3015
2998 3000 3001 2995 2989 2990 2991 2994 2996 2993 2990 2991 2992 2998 3006 3004 2998 2998 3000 3002 3004 3004 3003 3020 3047 3069 3087 3093 3091 3092 3097 3097 3093 3092 3095 3093 3084 3082 3092 3098 3097 3096 3095 3094 3089 3085 3082 3072 3045 3022 3015 3009 3011 3013 3009 3006 3013 3020 3023 3026 3016 3006 3011 3016
2995 2998 3001 3000 2999 2997 2996 3001 3006 3001 2995 2996 2999 3004 3010 3007 3002 3000 2999 3007 3017 3020 3019 3037 3066 3082 3092 3095 3094 3096 3101 3100 3095 3094 3097 3096 3091 3092 3101 3104 3100 3098 3101 3102 3098 3095 3092 3082 3054 3031 3024 3018 3017 3015 3015 3015 3017 3019 3021 3022 3023 3024 3020 3017
2991 2996 3001 3004 3007 3004 3000 3007 3016 3009 2999 3002 3006 3009 3012 3010 3006 3003 3001 3013 3031 3036 3036 3054 3083 3095 3096 3097 3097 3099 3103 3103 3098 3097 3099 3099 3098 3101 3108 3110 3103 3100 3106 3109 3107 3104 3101 3091 3064 3041 3034 3027 3023 3019 3022 3024 3021 3019 3019 3020 3030 3040 3029 3018
2990 2995 3000 2999 2997 3001 3004 3010 3016 3013 3009 3012 3016 3015 3013 3014 3015 3017 3019 3031 3046 3055 3060 3072 3088 3097 3102 3101 3097 3096 3097 3099 3102 3104 3105 3104 3103 3103 3105 3106 3103 3103 3105 3106 3106 3104 3100 3093 3077 3062 3045 3032 3033 3034 3037 3038 3033 3028 3029 3030 3038 3045 3038 3031
2991 2995 3000 2994 2989 2998 3008 3013 3017 3017 3017 3022 3026 3022 3014 3018 3024 3031 3037 3048 3061 3072 3083 3089 3094 3100 3107 3105 3098 3093 3092 3096 3106 3110 3110 3109 3107 3105 3103 3102 3104 3105 3104 3103 3105 3104 3100 3095 3090 3081 3056 3037 3043 3049 3051 3052 3045 3038 3039 3041 3045 3049 3046 3044
2999 2997 2994 2996 2998 3005 3012 3016 3019 3022 3025 3028 3032 3030 3027 3032 3040 3044 3047 3056 3069 3078 3085 3092 3098 3100 3100 3100 3098 3096 3094 3096 3102 3105 3106 3105 3104 3103 3102 3101 3102 3102 3101 3101 3102 3102 3099 3097 3095 3090 3071 3055 3056 3057 3057 3057 3056 3053 3050 3048 3051 3055 3053 3052
3008 2999 2990 2999 3008 3012 3016 3019 3021 3026 3032 3035 3037 3038 3039 3046 3055 3057 3056 3064 3076 3083 3088 3094 3101 3100 3094 3094 3098 3099 3096 3096 3099 3100 3101 3102 3101 3101 3100 3100 3101 3100 3099 3098 3099 3099 3098 3099 3101 3099 3085 3072 3068 3065 3064 3063 3066 3068 3061 3054 3057 3060 3060 3060
3006 3007 3009 3015 3021 3023 3024 3028 3032 3037 3043 3048 3053 3054 3055 3057 3061 3060 3059 3064 3072 3079 3086 3090 3094 3095 3094 3097 3101 3102 3101 3099 3095 3094 3095 3096 3098 3100 3102 3103 3100 3098 3098 3099 3099 3100 3100 3101 3102 3100 3087 3076 3072 3070 3070 3071 3071 3072 3067 3063 3063 3063 3068 3073
3004 3016 3028 3031 3035 3034 3033 3038 3043 3048 3053 3061 3069 3071 3070 3068 3067 3064 3062 3064 3068 3075 3083 3087 3088 3090 3094 3099 3104 3106 3106 3101 3092 3087 3088 3091 3094 3098 3104 3106 3099 3096 3098 3099 3100 3101 3102 3103 3104 3101 3090 3079 3076 3074 3077 3079 3077 3075 3073 3072 3068 3065 3075 3085
