3045 3045 3039 3053 3035 3032 3032 3040 3039 3021 3038 3035 3017 3021 3029 3035 3032 3020 3022 3021 3017 3020 3030 3019 3030 3025 3033 3026 3028 3022 3009 3005 3006 2999 3003 3002 3019 3015 3012 3009 3005 2998 3008 3017 3022 3015 2991 2989 3007 3022 3005 3011 3017 3012 3015 3004 3007 3016 3009 3008 2991 2973 2993 3014
3039 3032 3032 3033 3021 3036 3038 3050 3048 3048 3046 3025 3031 3029 3023 3023 3025 3030 3018 3019 3026 3029 3018 3022 3032 3030 3030 3024 3022 3022 3020 3016 3027 3029 3018 3020 3021 3005 3017 3023 3000 3013 3006 3021 3029 3016 3006 3011 3017 3006 3011 3008 3000 3002 3001 3000 3004 3011 3005 3005 3000 2999 3003 3003
3038 3039 3041 3028 3031 3044 3040 3039 3034 3046 3049 3036 3035 3043 3037 3037 3034 3028 3020 3035 3022 3007 3022 3015 3025 3034 3037 3022 3029 3032 3036 3031 3036 3025 3012 3018 3016 3011 3020 3026 3001 3019 3010 3007 3010 3023 3017 3003 3001 2998 3001 3002 2990 2999 2987 3013 3010 3018 3002 3000 3000 3025 3007 3012
3037 3036 3040 3038 3049 3040 3042 3043 3022 3035 3049 3034 3049 3030 3022 3022 3018 3031 3027 3020 3041 3025 3026 3029 3026 3017 3030 3034 3037 3023 3036 3041 3045 3039 3033 3017 3016 3020 3031 3035 3012 3028 3003 3015 3023 3026 3016 3007 3021 2998 3005 2994 2998 3004 3007 2996 2994 3014 3007 2995 3004 3009 3018 3016
3051 3042 3046 3029 3045 3034 3034 3034 3037 3042 3042 3037 3031 3025 3029 3027 3035 3025 3021 3013 3026 3035 3029 3032 3026 3036 3038 3036 3022 3036 3029 3044 3033 3030 3045 3037 3023 3031 3026 3020 3025 3016 3014 3009 3013 3021 3017 3016 3010 2993 2996 3010 3007 3008 3006 2997 3008 3005 3013 3007 2995 3004 3004 3004
3035 3029 3038 3049 3039 3032 3021 3030 3028 3030 3029 3029 3033 3030 3032 3023 3034 3034 3020 3033 3023 3024 3038 3027 3032 3027 3024 3039 3030 3041 3042 3034 3057 3045 3046 3029 3040 3019 3012 3034 3028 3030 3020 3022 3007 3020 3019 3017 3019 3004 2993 3016 2993 3014 3000 2999 2999 3008 3012 3000 3000 3008 3006 2995
3040 3024 3028 3037 3039 3027 3002 3013 3028 3036 3030 3025 3029 3034 3012 3035 3036 3036 3030 3040 3030 3023 3031 3027 3026 3032 3027 3028 3032 3041 3047 3051 3045 3033 3044 3027 3032 3037 3028 3031 3017 3022 3024 3017 3013 3021 3019 3016 3012 3018 2998 3008 3000 2994 2990 3000 2993 3002 3001 3008 3016 3026 3006 3007
2977 2991 2995 3005 3011 2999 2978 3007 3004 3006 2999 3002 3003 2999 2994 3004 3006 3005 3018 3023 3027 3026 3015 3026 3037 3023 3018 3024 3035 3034 3036 3054 3043 3040 3035 3039 3029 3031 3032 3028 3020 3007 3023 3012 3016 3011 2981 2991 3003 3015 3010 3008 3001 2986 2999 2989 2994 2988 2995 2994 3011 3008 2999 2995
2947 2963 2982 2977 2982 2972 2964 2953 2968 2986 2983 2969 2970 2995 2994 2995 2988 3014 3003 3006 3008 3003 3018 3019 3008 3014 3021 3031 3030 3036 3036 3039 3052 3031 3030 3028 3020 3019 3015 3025 3022 3002 3013 3010 3015 2999 3008 2998 3004 3011 3012 3002 2996 2991 2971 2976 2987 2994 2997 3000 2981 2985 2991 3000
2945 2951 2968 2979 2969 2957 2967 2955 2972 2979 2980 2990 2989 2980 3005 2994 2974 2981 3018 3015 3012 3016 3010 3010 3023 3020 3026 3041 3034 3047 3042 3042 3044 3033 3041 3021 3027 3025 3020 3020 3016 3012 3010 3003 3009 3003 2996 2994 2996 3007 2987 2990 3001 2985 2991 2986 2993 2977 2978 3001 2987 3009 2992 2992
2961 2962 2978 2968 2969 2951 2959 2969 2977 2969 2988 2979 2985 2993 2999 3005 3000 3000 3013 3002 3014 3015 3015 3013 3020 3033 3035 3035 3039 3051 3055 3058 3045 3032 3036 3020 3034 3032 3017 3016 3008 3031 3015 3015 3014 3005 3001 3010 3015 2999 3004 2986 2991 2989 3009 2995 2990 2978 2983 2982 2988 3008 2986 2988
2948 2969 2962 2972 2957 2970 2972 2964 2978 2982 2997 2976 2994 2988 2991 2993 2999 3005 3029 3018 3011 3032 3024 3016 3030 3023 3031 3040 3052 3048 3036 3057 3060 3050 3041 3039 3036 3024 3027 3021 3031 3018 3030 3022 3020 3014 3017 3012 3006 2994 2998 3001 2988 2997 3007 3002 2990 3002 2980 3001 2975 2998 2992 2982
2953 2974 2961 2966 2979 2980 2990 2981 2978 2982 2981 2991 3012 2994 3002 2999 3007 3008 3016 3015 3024 3035 3013 3021 3025 3027 3032 3035 3031 3046 3054 3046 3057 3056 3041 3053 3043 3020 3041 3029 3033 3031 3027 3022 3022 3030 3015 3009 3014 3013 2992 3003 2997 3004 3009 3014 3006 3010 2985 2990 2983 2976 2988 2993
2967 2966 2971 2977 2980 2981 2986 2982 2988 2982 2983 2993 2984 2997 2996 2996 3030 3018 3018 3017 3028 3019 3029 3010 3024 3037 3022 3029 3025 3051 3060 3053 3056 3052 3046 3042 3042 3044 3042 3033 3040 3047 3043 3017 3034 3026 3019 3019 3014 3008 3009 2996 3004 2994 3006 3001 2995 2997 2983 2993 2998 2972 2983 2982
2975 2970 2984 2983 2990 2966 2978 2980 2978 2987 2995 2985 3011 2983 3000 3022 3017 3018 3026 3017 2999 3019 3021 3022 3029 3031 3038 3042 3051 3058 3066 3066 3059 3074 3072 3062 3065 3057 3041 3046 3060 3047 3041 3036 3033 3032 3020 3024 3011 3020 3001 3016 3012 3005 3000 2990 2992 2993 3005 3000 2993 2995 2988 2976
2985 2986 2989 2994 2978 2986 2978 2975 2974 2980 2980 3000 2989 3001 3008 3020 3010 3011 3022 3018 3023 3015 3022 3023 3035 3047 3038 3039 3048 3066 3062 3072 3072 3075 3065 3079 3074 3066 3050 3055 3066 3048 3048 3025 3039 3025 3023 3012 3021 3027 3018 3016 3006 3006 2993 3000 2999 3028 3000 2998 3002 2997 2992 2980
2992 2981 2995 2986 2990 2988 2989 2996 2990 2982 2991 3006 3004 3015 3012 3014 3016 3013 3007 3017 3013 3023 3028 3017 3014 3055 3053 3051 3064 3066 3065 3084 3092 3077 3088 3089 3080 3082 3074 3080 3073 3052 3047 3027 3011 3031 3029 3028 3029 3027 3024 3004 3006 3016 3000 3010 3014 3005 2998 3005 2984 2990 2985 3000
2987 2996 3004 2987 2994 3003 2996 2993 2988 2998 2990 3019 3006 3006 3021 3006 3016 3016 3018 3016 3020 3003 3024 3033 3041 3036 3051 3059 3065 3080 3081 3088 3087 3085 3086 3084 3086 3086 3080 3088 3072 3056 3041 3042 3028 3008 3021 3027 3027 3027 3036 3023 3000 3005 3009 3002 2996 3004 2995 2997 3004 2995 2988 2990
2995 2993 2994 2999 2981 2997 2981 2997 2997 3002 3005 2998 3026 3008 3004 3000 3001 3014 3015 3020 3021 3022 3013 3014 3040 3064 3051 3083 3065 3084 3091 3085 3086 3092 3087 3073 3082 3096 3093 3082 3088 3077 3062 3033 3026 3025 3026 3029 3039 3043 3027 3022 3020 3016 3009 3005 3001 2999 2998 2993 3006 3017 3004 2996
2988 3000 3005 2991 2982 2995 2987 2999 3004 3011 3005 3013 3022 3002 3012 3016 3019 3023 3031 3019 3026 3030 3028 3039 3047 3060 3073 3074 3074 3095 3090 3091 3089 3083 3090 3086 3081 3098 3095 3085 3078 3083 3066 3058 3052 3035 3039 3042 3040 3038 3024 3042 3025 3015 3007 3001 3023 2998 3007 3006 3011 3008 2988 2990
2998 2996 2997 3002 2991 2996 2994 2999 3000 3013 2994 3016 3023 3023 3011 3018 3017 3029 3014 3015 3036 3034 3040 3058 3064 3069 3079 3071 3079 3083 3091 3091 3088 3087 3102 3098 3097 3081 3076 3077 3072 3064 3082 3065 3034 3040 3040 3042 3047 3040 3042 3031 3037 3022 3011 3011 3006 3001 3009 3007 2999 2993 2999 3000
3000 2993 3004 2997 2999 3005 3008 3007 3018 3006 3017 3018 3013 3007 3022 3016 3012 3024 3016 3032 3040 3038 3052 3057 3071 3078 3068 3096 3085 3092 3093 3090 3087 3081 3098 3095 3074 3084 3087 3094 3098 3089 3078 3053 3050 3035 3036 3044 3043 3054 3055 3046 3034 3018 3023 3016 3031 3018 3008 3001 2996 2992 2996 2997
2998 3006 3013 3025 3013 3027 3017 3020 3012 3020 3007 3001 3004 3018 3010 3017 3015 3011 3021 3009 3032 3042 3051 3068 3082 3076 3087 3083 3074 3088 3088 3104 3100 3091 3079 3085 3077 3080 3076 3086 3080 3094 3087 3057 3066 3042 3045 3053 3056 3053 3051 3058 3043 3017 3016 3031 3025 3023 3013 3001 2997 2999 2995 2995
3020 3007 3004 3013 3001 3016 3005 3006 3008 3008 3002 3015 3007 3029 3027 3016 3016 3020 3011 3021 3027 3054 3080 3066 3085 3077 3094 3083 3090 3101 3080 3092 3085 3087 3083 3078 3081 3096 3089 3089 3083 3083 3069 3072 3059 3041 3059 3055 3063 3063 3059 3051 3047 3035 3033 3024 3028 3020 3009 2993 3004 3002 3004 3005
3012 3010 2992 3001 3015 3003 3005 3007 3000 3012 2992 3014 3020 3023 3023 3027 3010 3023 3028 3042 3051 3063 3077 3086 3093 3088 3080 3098 3107 3094 3093 3085 3100 3084 3103 3091 3087 3091 3093 3082 3093 3071 3076 3080 3059 3059 3062 3070 3078 3073 3067 3047 3066 3029 3018 3017 3024 3003 2986 3000 3001 3016 3006 3019
3003 3012 2990 2994 3001 2998 2992 2999 3010 3018 3013 3012 3018 3032 3024 3028 3030 3033 3044 3059 3071 3083 3078 3094 3092 3089 3081 3083 3110 3094 3090 3091 3083 3092 3099 3088 3095 3090 3084 3085 3085 3090 3079 3069 3071 3060 3068 3081 3076 3088 3063 3046 3043 3028 3018 3014 3005 3008 3013 2984 3010 3013 3029 3034
2988 2992 3009 2990 3002 3001 3005 2991 3014 3001 3010 3008 3028 3021 3041 3039 3037 3060 3047 3069 3073 3086 3088 3093 3086 3096 3084 3083 3080 3084 3089 3089 3092 3102 3092 3108 3095 3099 3088 3077 3085 3079 3091 3074 3068 3058 3076 3079 3084 3085 3089 3070 3049 3030 3014 3022 3014 3009 2982 2997 3012 3021 3018 3031
2991 2984 2996 2998 2997 3000 3005 3010 2996 3000 3009 3020 3028 3040 3024 3032 3047 3054 3049 3054 3085 3087 3088 3091 3085 3062 3090 3091 3087 3096 3088 3090 3092 3091 3094 3098 3090 3092 3086 3086 3077 3091 3096 3078 3078 3074 3083 3078 3071 3089 3070 3079 3052 3018 3013 3011 2996 3008 3012 3004 3002 3012 3016 3028
2982 2996 2992 3002 2993 2996 3004 2997 3004 3005 3018 2998 3030 3034 3035 3033 3040 3053 3050 3067 3094 3085 3100 3080 3077 3066 3079 3097 3086 3093 3090 3099 3097 3093 3088 3083 3095 3081 3087 3084 3085 3099 3074 3084 3087 3079 3076 3079 3065 3070 3076 3069 3049 3020 3019 3003 2996 3001 3000 3003 3002 2998 3020 3027
2990 2986 3006 2980 2990 2994 2997 3006 2998 2988 2995 3009 3037 3038 3027 3041 3066 3072 3072 3074 3086 3080 3090 3073 3069 3072 3088 3086 3083 3086 3089 3089 3090 3092 3090 3079 3070 3081 3078 3095 3086 3089 3081 3074 3084 3077 3068 3081 3080 3089 3074 3083 3056 3018 3010 3005 3005 3007 3022 2996 2994 2992 3022 3018
2995 2981 2988 2992 2998 2987 2991 2987 2988 2996 2997 3013 3033 3041 3036 3052 3067 3065 3091 3084 3101 3066 3071 3086 3074 3080 3082 3084 3081 3082 3072 3087 3096 3091 3080 3106 3085 3085 3071 3081 3093 3083 3092 3084 3082 3081 3089 3081 3091 3069 3070 3069 3046 3017 3017 3012 3012 3010 3011 3010 2989 2986 3004 3014
2981 2987 2989 3003 2998 2996 2979 2979 2998 2995 2998 3003 3012 3035 3036 3072 3061 3077 3082 3092 3084 3085 3070 3075 3079 3082 3077 3094 3084 3079 3082 3084 3078 3094 3085 3100 3107 3094 3097 3084 3096 3080 3090 3075 3087 3085 3085 3073 3084 3085 3067 3061 3038 3015 3003 3013 3018 3008 3007 3011 3002 2984 3014 3014
2990 2985 2990 2990 2995 2992 2991 2997 2991 2991 2991 3000 3012 3021 3046 3050 3076 3073 3084 3064 3076 3079 3094 3080 3076 3084 3073 3078 3080 3077 3093 3087 3088 3093 3108 3102 3092 3091 3098 3089 3089 3078 3092 3073 3076 3077 3085 3081 3082 3084 3073 3071 3043 3014 3014 3005 3030 3005 3001 3010 3005 2994 3013 3030
2989 3004 2988 2998 3008 2999 2992 2988 2994 2990 3001 2993 3017 3021 3046 3054 3071 3070 3073 3076 3080 3086 3081 3086 3094 3089 3073 3082 3079 3071 3087 3079 3079 3097 3105 3105 3096 3087 3087 3086 3097 3083 3105 3094 3079 3079 3080 3085 3072 3086 3072 3061 3040 3022 3016 3009 3012 3009 3025 3008 3003 3003 3017 3012
3014 2995 3016 3013 3012 3023 3008 2990 3008 3007 3009 3010 3027 3032 3059 3065 3059 3071 3075 3074 3081 3082 3096 3090 3080 3075 3082 3075 3079 3080 3085 3095 3087 3084 3097 3094 3092 3100 3088 3091 3079 3076 3084 3085 3084 3089 3071 3068 3069 3092 3088 3069 3031 3012 3015 3027 3014 3026 3011 3020 3020 3010 2998 3030
3025 3004 3006 3012 3023 3014 2990 3002 3010 3014 3012 3026 3031 3046 3057 3061 3071 3066 3068 3076 3081 3082 3106 3088 3085 3087 3087 3082 3082 3079 3089 3107 3101 3091 3094 3083 3079 3090 3093 3091 3096 3080 3085 3081 3085 3082 3075 3064 3086 3086 3070 3067 3037 3020 3020 3028 3023 3037 3018 3016 3012 3015 3016 3032
3017 3016 2994 3010 3001 3009 2983 2990 2990 2985 3003 3012 3024 3017 3046 3053 3058 3069 3062 3068 3084 3089 3082 3097 3089 3096 3073 3070 3077 3083 3082 3089 3097 3097 3086 3095 3091 3100 3087 3096 3085 3095 3093 3093 3093 3106 3084 3074 3073 3095 3081 3067 3033 3003 3003 3010 3010 3017 3007 3024 3010 3007 3010 3014
3007 3004 2990 2996 3000 2992 2991 2985 2991 2988 2992 3017 3025 3021 3047 3051 3047 3061 3066 3070 3082 3083 3082 3075 3077 3079 3085 3079 3092 3089 3097 3080 3093 3090 3087 3102 3100 3087 3097 3105 3094 3087 3093 3089 3097 3080 3087 3085 3098 3091 3079 3075 3047 3016 3011 2994 2991 3010 3006 3020 3015 3005 3002 3010
2987 3005 2988 3009 2994 2996 2982 2995 2973 2984 3003 3001 3020 3024 3043 3061 3074 3062 3059 3074 3072 3072 3067 3082 3083 3082 3083 3088 3093 3097 3079 3098 3090 3086 3103 3110 3089 3088 3101 3098 3094 3098 3098 3086 3086 3082 3091 3078 3087 3078 3066 3054 3023 3008 2991 2996 2994 2997 2999 3003 3013 3012 2992 2995
2998 3002 2997 2997 3005 2986 3012 2992 3003 2984 3010 3004 2997 3017 3050 3050 3073 3062 3072 3066 3067 3070 3075 3080 3087 3089 3080 3094 3104 3091 3084 3086 3087 3090 3106 3096 3095 3087 3088 3095 3084 3079 3100 3089 3079 3085 3075 3090 3083 3081 3056 3047 3015 2990 2999 3004 2994 3001 2983 2993 2995 3005 3001 2996
2998 2977 3000 2993 3000 3010 3008 3000 2993 3003 2993 2994 3002 3022 3048 3065 3074 3068 3073 3062 3068 3069 3072 3069 3079 3081 3092 3087 3089 3094 3089 3092 3093 3098 3093 3091 3089 3087 3102 3088 3087 3083 3083 3077 3064 3087 3091 3093 3094 3074 3054 3042 3025 3008 2994 3009 3005 3012 3001 2993 3003 2999 3001 3013
2991 2994 2993 2987 2998 3000 3015 3002 2994 3001 3001 2984 2997 3014 3043 3063 3064 3087 3076 3067 3074 3075 3065 3081 3071 3083 3090 3086 3075 3089 3074 3086 3075 3094 3080 3075 3088 3082 3095 3094 3086 3082 3086 3087 3086 3076 3086 3069 3073 3067 3049 3048 3033 3003 2994 3000 3015 3007 2992 2994 2999 2998 3004 3018
2995 3000 2999 2991 2986 2992 3000 2987 2983 2997 3007 3012 2999 3005 3025 3042 3049 3059 3065 3070 3080 3072 3081 3087 3079 3075 3091 3095 3084 3097 3085 3098 3088 3083 3094 3071 3084 3082 3083 3092 3087 3079 3079 3095 3086 3085 3070 3070 3067 3073 3061 3038 3018 3008 2994 2996 3018 2997 3002 2998 3003 2995 2999 3014
2999 2987 2993 2985 2983 3007 2986 2984 2995 2994 3003 3010 3007 3004 3021 3032 3067 3069 3065 3071 3085 3076 3080 3085 3077 3094 3082 3107 3093 3087 3088 3078 3078 3085 3093 3085 3082 3086 3099 3103 3073 3083 3088 3097 3088 3083 3092 3067 3062 3061 3060 3035 3025 3002 3004 3001 2992 3010 2988 2996 2991 3001 2997 3008
2995 3000 2990 3000 2993 2997 2990 2986 2993 2997 2998 2989 2997 3005 3024 3022 3044 3045 3073 3066 3065 3073 3065 3075 3072 3081 3082 3085 3083 3086 3096 3085 3086 3083 3088 3097 3085 3091 3073 3105 3091 3082 3086 3086 3088 3086 3075 3078 3072 3072 3062 3028 3025 3016 2997 2983 3001 3004 2999 2994 2999 2995 3016 3007
2999 2978 2974 2982 3006 3007 3003 2998 2999 3001 2987 2983 2990 3000 2997 3020 3026 3048 3065 3065 3069 3071 3066 3072 3078 3077 3079 3089 3093 3093 3073 3087 3081 3089 3097 3093 3097 3099 3081 3096 3106 3077 3086 3096 3087 3083 3079 3060 3066 3072 3045 3015 3016 3002 2997 3001 2988 3018 3001 3002 3007 2998 3000 3006
2987 2981 2979 2993 2987 3009 3000 2993 2986 2995 2995 2988 2983 2982 3011 3013 3029 3039 3048 3070 3067 3078 3073 3073 3079 3079 3085 3087 3083 3101 3099 3086 3098 3085 3100 3099 3100 3095 3094 3098 3092 3087 3094 3096 3098 3080 3073 3070 3074 3074 3039 3013 3008 3016 2999 2990 3010 3008 3003 3003 3000 2984 2997 3002
2986 2977 2985 2995 3001 2992 3015 2996 3002 2989 2986 3008 2984 2999 3007 3006 2998 3020 3044 3062 3072 3060 3068 3079 3071 3064 3083 3085 3097 3098 3095 3087 3103 3094 3114 3085 3081 3091 3098 3092 3104 3089 3105 3098 3093 3080 3074 3067 3069 3065 3038 3027 3009 3015 3003 2989 3006 3019 2998 3004 3008 3006 3001 3007
2971 2999 2988 2993 3002 2988 2989 2997 2998 2992 2986 2994 2999 2997 2998 3003 3005 3023 3049 3062 3062 3074 3087 3071 3073 3080 3074 3089 3091 3094 3095 3094 3085 3079 3095 3086 3091 3084 3092 3078 3078 3084 3089 3081 3090 3082 3085 3076 3067 3050 3043 3020 3019 3021 2996 2996 3005 2999 3008 2998 3002 2990 2985 3009
2978 2982 3000 2986 2987 2998 2996 2987 2989 2993 2990 2992 2993 3000 2984 2982 3002 3020 3041 3048 3062 3067 3072 3075 3076 3083 3063 3088 3085 3091 3083 3084 3081 3079 3081 3081 3088 3094 3089 3094 3082 3084 3078 3083 3080 3104 3088 3085 3063 3047 3037 3012 3021 3011 2998 3004 3001 3001 3000 3005 2990 2980 2988 3003
2978 2987 2997 2996 2989 2986 2979 2992 2987 2973 2975 2991 2987 2987 2994 2983 3005 3010 3038 3043 3061 3075 3079 3091 3080 3067 3082 3081 3083 3088 3091 3088 3090 3079 3085 3085 3106 3092 3104 3090 3094 3081 3090 3081 3090 3088 3081 3069 3054 3040 3022 3018 3001 3002 2998 2995 2994 2993 2991 2997 2996 3003 2987 2999
2984 2988 3001 3000 2990 2986 3005 2980 2994 2999 2981 2979 2985 2994 2986 2985 3020 3005 3008 3035 3054 3071 3084 3072 3080 3086 3080 3089 3099 3091 3082 3099 3083 3074 3104 3100 3090 3099 3088 3090 3084 3098 3089 3089 3096 3072 3072 3064 3054 3032 3030 3018 3003 2993 3007 3010 2986 2986 3004 3015 2992 2994 2998 2984
2991 2995 2993 2977 2995 2977 2993 2993 2985 2978 2984 2986 2985 2987 2983 2995 3011 3002 2996 3024 3046 3071 3067 3084 3073 3083 3088 3078 3095 3087 3097 3083 3083 3082 3089 3085 3079 3085 3094 3081 3087 3089 3078 3089 3088 3080 3072 3053 3040 3021 3010 3002 3013 3005 3000 3006 3004 2992 3000 2995 3024 3012 2994 2980
2994 2985 2982 2991 2989 2987 2995 2988 2988 2986 2981 2990 2988 2980 2988 2999 2992 2997 3001 3010 3046 3079 3083 3072 3080 3077 3080 3074 3080 3085 3069 3089 3081 3080 3080 3084 3086 3089 3090 3085 3104 3096 3088 3097 3082 3066 3049 3034 3027 3013 3003 2989 3015 3004 3008 3000 3008 3004 3013 3009 3011 3018 3002 3002
2986 2974 2990 2983 2994 2971 2987 2990 2977 2988 2979 2981 2985 2976 2986 2997 3001 2993 3001 3012 3035 3060 3075 3063 3069 3085 3089 3076 3076 3089 3092 3096 3079 3072 3080 3080 3071 3090 3084 3102 3096 3082 3093 3083 3083 3049 3042 3019 3031 3013 3012 3005 3010 3016 3013 3001 3001 3016 3011 3004 3023 3023 3024 3001
2973 2974 2964 2963 2974 2980 2980 2983 2991 2997 2990 2984 2979 2975 2990 2994 2991 2988 2991 3017 3045 3068 3066 3085 3087 3072 3078 3081 3097 3099 3090 3079 3073 3082 3092 3089 3085 3097 3085 3091 3077 3075 3080 3073 3074 3039 3045 3011 3019 3023 3006 3000 3019 3017 3008 2999 2995 3015 3026 3026 3028 3027 3021 3017
2983 2984 2985 2984 2999 2995 2985 2992 2985 2984 2980 2984 2988 2972 2986 2989 2997 2996 3021 3027 3060 3062 3076 3083 3079 3076 3080 3083 3084 3094 3095 3088 3100 3078 3096 3093 3086 3079 3092 3089 3080 3089 3089 3076 3059 3054 3027 3019 3014 3031 3015 3008 3015 3003 3004 3003 3016 3016 3020 3034 3019 3033 3022 3027
2990 2981 2994 2990 2993 2979 2992 2994 2995 2988 3002 2989 2984 2976 2994 2993 3024 3023 3020 3023 3047 3070 3081 3086 3089 3087 3088 3093 3095 3086 3104 3094 3101 3104 3097 3090 3087 3104 3096 3090 3079 3073 3078 3072 3056 3043 3029 3026 3025 3015 3014 3005 3011 3026 3021 2993 3013 3016 3030 3028 3020 3023 3021 3005
2996 2978 2983 2984 2980 2989 2979 3005 3003 3010 3000 3006 2979 2988 3006 3004 3009 3011 3024 3035 3054 3073 3075 3063 3073 3073 3079 3091 3098 3079 3081 3086 3087 3090 3086 3087 3090 3092 3094 3096 3081 3064 3087 3077 3052 3043 3042 3031 3038 3015 3020 3005 3007 3027 2999 2988 3006 3005 3015 3032 3036 3029 3035 3021
2989 2987 2989 2986 2996 2986 2995 2985 2996 3000 3004 2994 2996 3007 2996 3004 3002 3016 3004 3031 3038 3076 3087 3084 3078 3076 3090 3096 3099 3091 3097 3077 3086 3098 3086 3093 3087 3083 3079 3094 3086 3087 3079 3074 3042 3030 3027 3033 3026 3013 3014 3012 3008 3016 2999 2994 2997 2994 3022 3040 3024 3029 3021 3014
2991 2989 2990 2998 2991 2991 3003 2999 2998 3003 2999 2999 3004 3003 2998 3011 3022 3022 3027 3028 3054 3064 3101 3099 3086 3086 3083 3085 3100 3105 3094 3094 3089 3090 3091 3095 3089 3098 3092 3092 3094 3077 3092 3067 3060 3036 3028 3040 3023 3035 3016 3006 3013 3023 3016 3008 3012 3018 3019 3026 3034 3030 3022 3030
2984 2994 3000 2998 3002 3010 2994 2994 2992 2995 2999 2998 3014 3012 3000 3018 3007 3016 3031 3057 3073 3078 3083 3084 3097 3094 3094 3071 3085 3085 3095 3098 3092 3085 3092 3093 3079 3090 3087 3089 3096 3082 3088 3077 3078 3049 3045 3050 3020 3026 3016 2990 3005 3020 3018 3013 3036 3014 3028 3029 3025 3016 3043 3043
2995 2998 2995 2993 2997 3001 2991 2975 2978 2994 2993 2997 3015 3019 3016 3024 3045 3037 3053 3066 3084 3096 3093 3087 3093 3101 3102 3077 3065 3082 3098 3094 3090 3069 3095 3099 3089 3099 3081 3082 3090 3081 3094 3076 3058 3055 3058 3047 3049 3030 3034 3028 3021 3025 3029 3021 3027 3031 3042 3024 3031 3043 3032 3021
3001 2993 2993 2987 2999 2989 2988 2995 2993 2994 3001 3021 3013 3021 3038 3041 3058 3052 3080 3078 3094 3079 3091 3099 3097 3098 3101 3094 3089 3092 3088 3103 3081 3094 3090 3096 3091 3087 3080 3086 3104 3102 3079 3082 3066 3074 3065 3046 3058 3054 3047 3033 3029 3029 3018 3027 3041 3026 3032 3026 3037 3037 3026 3010
