3065 3065 3064 3067 3070 3072 3074 3065 3054 3054 3055 3052 3049 3048 3048 3049 3051 3050 3048 3047 3045 3045 3047 3050 3054 3052 3048 3045 3044 3042 3041 3037 3029 3030 3042 3047 3044 3039 3031 3028 3034 3037 3034 3032 3033 3033 3035 3037 3038 3039 3037 3035 3037 3039 3038 3039 3049 3057 3043 3031 3038 3044 3043 3042 
3062 3062 3063 3067 3073 3073 3073 3065 3056 3054 3052 3049 3045 3046 3047 3050 3054 3051 3045 3043 3043 3044 3046 3048 3050 3051 3052 3050 3047 3043 3039 3036 3036 3037 3040 3041 3039 3035 3025 3023 3032 3035 3028 3024 3027 3030 3032 3033 3032 3032 3034 3035 3035 3035 3037 3038 3041 3042 3033 3025 3031 3038 3037 3037 
3058 3060 3061 3068 3075 3074 3071 3065 3058 3054 3050 3046 3042 3043 3046 3052 3057 3051 3041 3039 3041 3043 3045 3046 3047 3050 3056 3055 3049 3043 3036 3036 3043 3044 3038 3034 3034 3030 3019 3017 3030 3034 3023 3017 3022 3026 3029 3030 3026 3024 3031 3035 3033 3031 3035 3037 3033 3028 3023 3019 3025 3031 3032 3032 
3058 3059 3060 3058 3057 3056 3056 3056 3056 3055 3053 3047 3039 3040 3043 3047 3052 3048 3040 3036 3033 3036 3040 3042 3041 3044 3048 3045 3037 3034 3034 3034 3033 3031 3029 3028 3028 3025 3017 3016 3025 3030 3026 3024 3025 3027 3030 3032 3030 3029 3033 3037 3035 3034 3038 3041 3038 3034 3031 3028 3031 3035 3032 3029 
3059 3059 3058 3048 3038 3039 3040 3047 3054 3056 3057 3047 3036 3036 3039 3042 3046 3044 3039 3033 3026 3028 3036 3037 3036 3037 3040 3034 3024 3024 3033 3032 3023 3019 3020 3021 3023 3021 3016 3015 3020 3025 3029 3032 3029 3029 3032 3034 3034 3035 3037 3038 3038 3038 3042 3045 3043 3041 3039 3037 3038 3039 3032 3026 
3059 3053 3048 3047 3047 3044 3040 3041 3042 3047 3052 3046 3038 3038 3039 3040 3040 3038 3036 3031 3026 3030 3036 3037 3034 3033 3032 3029 3024 3027 3035 3035 3029 3023 3020 3019 3021 3021 3018 3018 3022 3026 3027 3027 3028 3028 3030 3032 3035 3037 3037 3038 3039 3039 3039 3040 3045 3050 3049 3048 3045 3043 3041 3038 
3058 3047 3036 3047 3058 3051 3042 3036 3030 3038 3048 3045 3041 3039 3039 3037 3034 3033 3032 3030 3028 3031 3038 3037 3032 3028 3025 3025 3026 3030 3037 3038 3036 3030 3020 3017 3020 3022 3020 3021 3025 3027 3024 3022 3025 3027 3028 3030 3035 3039 3038 3037 3039 3040 3037 3035 3047 3058 3059 3059 3052 3047 3049 3052 
3016 3013 3011 3017 3023 3018 3012 3010 3009 3016 3025 3022 3018 3016 3015 3016 3017 3018 3020 3017 3013 3015 3019 3020 3020 3018 3016 3016 3019 3022 3026 3026 3024 3021 3017 3016 3017 3018 3018 3020 3023 3025 3023 3023 3027 3031 3033 3035 3038 3040 3039 3038 3037 3037 3038 3040 3047 3054 3054 3055 3053 3050 3046 3042 
2969 2977 2984 2983 2982 2980 2978 2982 2987 2993 2999 2997 2992 2990 2989 2993 2998 3003 3007 3004 2997 2996 2998 3002 3006 3007 3006 3007 3011 3013 3014 3013 3011 3011 3014 3015 3014 3014 3016 3018 3021 3022 3022 3024 3030 3035 3038 3040 3040 3040 3039 3038 3035 3034 3040 3045 3047 3048 3049 3050 3052 3054 3042 3030 
2968 2975 2982 2982 2982 2978 2974 2978 2983 2987 2991 2990 2989 2991 2994 2996 2998 3002 3007 3005 2999 3000 3005 3007 3007 3006 3006 3007 3011 3012 3011 3012 3014 3017 3020 3021 3018 3018 3021 3022 3023 3023 3023 3025 3031 3037 3041 3043 3041 3039 3040 3040 3035 3032 3037 3042 3044 3047 3048 3049 3054 3058 3050 3041 
2973 2979 2984 2986 2987 2981 2974 2977 2982 2984 2986 2987 2989 2995 3003 3003 3000 3004 3009 3007 3003 3007 3016 3015 3010 3008 3007 3009 3012 3012 3009 3012 3020 3025 3027 3027 3024 3024 3027 3027 3026 3024 3024 3025 3033 3039 3043 3045 3041 3039 3041 3042 3036 3031 3034 3037 3042 3046 3047 3049 3056 3062 3059 3056 
2976 2982 2989 2988 2987 2986 2985 2987 2990 2988 2985 2987 2990 2996 3003 3002 2998 3002 3009 3012 3014 3016 3018 3017 3015 3013 3011 3012 3018 3018 3013 3013 3016 3019 3022 3022 3021 3021 3024 3026 3027 3028 3029 3031 3035 3039 3041 3043 3043 3043 3043 3043 3040 3037 3037 3038 3042 3046 3049 3053 3060 3066 3064 3063 
2979 2986 2993 2990 2986 2993 2999 3000 2999 2993 2985 2987 2991 2996 3000 2998 2994 2999 3008 3017 3026 3025 3018 3018 3021 3019 3015 3017 3025 3025 3018 3014 3010 3010 3014 3015 3015 3016 3020 3023 3027 3031 3035 3038 3038 3038 3038 3039 3045 3048 3046 3044 3044 3043 3041 3040 3043 3047 3052 3057 3064 3070 3069 3068 
2984 2988 2991 2991 2991 2996 3002 2999 2996 2993 2991 2994 2997 2999 3000 2998 2996 3001 3010 3016 3022 3018 3010 3012 3018 3019 3016 3017 3021 3021 3017 3014 3010 3010 3013 3013 3012 3013 3017 3022 3025 3031 3039 3044 3039 3037 3040 3043 3046 3047 3046 3046 3048 3049 3044 3041 3048 3054 3060 3066 3070 3073 3076 3079 
2989 2989 2989 2992 2996 3000 3003 2996 2989 2993 2998 3002 3005 3003 3001 2999 2998 3004 3012 3014 3014 3008 3001 3004 3013 3016 3016 3016 3014 3014 3015 3014 3012 3011 3013 3013 3010 3010 3016 3020 3023 3030 3044 3050 3040 3035 3043 3049 3046 3045 3046 3048 3052 3054 3047 3042 3053 3064 3070 3076 3076 3077 3084 3091 
2996 2998 2999 3000 3002 3001 3000 2997 2994 2995 2998 3000 3003 3003 3001 3001 3001 3005 3011 3012 3011 3006 3001 3004 3011 3015 3017 3017 3016 3014 3013 3013 3014 3014 3013 3011 3010 3011 3015 3019 3021 3028 3042 3050 3045 3042 3046 3048 3045 3043 3044 3045 3048 3050 3047 3047 3062 3076 3084 3091 3090 3089 3092 3096 
3005 3009 3012 3010 3007 3002 2997 2999 3002 2999 2995 2996 2999 3001 3002 3003 3003 3005 3009 3010 3009 3007 3003 3006 3011 3015 3018 3020 3020 3017 3011 3011 3017 3017 3012 3010 3010 3012 3015 3018 3020 3026 3038 3047 3051 3052 3049 3046 3043 3041 3041 3040 3041 3043 3046 3052 3071 3089 3099 3108 3105 3103 3101 3099 
3011 3014 3017 3014 3010 3004 2998 3000 3003 2999 2995 2997 3002 3001 3000 3003 3006 3008 3009 3010 3011 3009 3005 3007 3011 3015 3017 3018 3017 3014 3010 3011 3017 3018 3012 3010 3012 3013 3013 3013 3016 3022 3033 3043 3050 3055 3052 3050 3050 3049 3047 3045 3047 3050 3055 3061 3078 3093 3099 3105 3103 3101 3100 3100 
3016 3017 3019 3016 3012 3007 3002 3002 3002 2999 2996 3000 3006 3003 2997 3002 3010 3011 3010 3012 3014 3012 3007 3007 3011 3014 3016 3015 3012 3010 3009 3011 3017 3017 3012 3011 3015 3015 3009 3007 3012 3018 3028 3038 3048 3055 3055 3055 3059 3061 3056 3053 3057 3061 3066 3071 3083 3094 3094 3095 3094 3093 3096 3099 
3015 3014 3014 3013 3012 3008 3004 3003 3002 3002 3002 3004 3007 3003 2997 3002 3010 3012 3011 3011 3013 3011 3007 3006 3007 3010 3015 3015 3013 3011 3010 3011 3014 3014 3012 3011 3011 3010 3007 3008 3012 3018 3026 3035 3048 3059 3061 3064 3065 3067 3067 3067 3069 3072 3074 3078 3088 3096 3093 3090 3090 3091 3095 3099 
3011 3009 3007 3009 3010 3008 3005 3005 3004 3007 3010 3009 3008 3003 2997 3001 3008 3010 3011 3010 3010 3009 3008 3005 3001 3005 3013 3017 3017 3015 3013 3011 3009 3010 3012 3011 3005 3003 3006 3010 3015 3020 3025 3033 3050 3063 3069 3073 3071 3071 3078 3083 3082 3082 3082 3083 3092 3100 3093 3087 3089 3090 3094 3098 
3011 3008 3005 3007 3010 3009 3007 3005 3003 3005 3008 3009 3008 3004 2999 3001 3006 3010 3014 3014 3011 3010 3009 3008 3006 3009 3016 3017 3015 3013 3013 3012 3010 3010 3013 3011 3004 3001 3006 3010 3014 3017 3020 3029 3049 3065 3072 3076 3074 3075 3086 3094 3091 3089 3088 3088 3094 3099 3092 3085 3089 3093 3098 3102 
3012 3008 3004 3007 3011 3010 3010 3005 2999 3000 3002 3005 3008 3005 3000 3001 3003 3011 3019 3019 3016 3013 3011 3012 3016 3018 3021 3018 3010 3008 3012 3014 3014 3014 3013 3010 3003 3002 3006 3009 3009 3010 3013 3022 3047 3065 3071 3076 3076 3079 3092 3102 3098 3095 3095 3095 3095 3096 3089 3084 3091 3098 3103 3108 
3018 3016 3014 3013 3013 3012 3010 3005 3000 3000 3001 3003 3007 3005 3003 3005 3008 3014 3020 3020 3017 3015 3013 3015 3018 3020 3021 3018 3011 3010 3012 3014 3017 3017 3015 3011 3006 3005 3009 3011 3009 3009 3014 3025 3050 3069 3073 3076 3079 3084 3094 3102 3099 3096 3096 3095 3096 3095 3093 3091 3094 3098 3101 3105 
3026 3027 3028 3023 3017 3013 3008 3006 3005 3003 3003 3003 3004 3005 3005 3011 3017 3018 3018 3017 3017 3016 3015 3015 3016 3017 3020 3019 3016 3015 3013 3014 3018 3019 3017 3014 3010 3010 3014 3015 3011 3011 3020 3033 3057 3074 3076 3078 3083 3089 3094 3098 3096 3094 3093 3093 3095 3097 3100 3102 3098 3094 3095 3096 
3024 3028 3032 3026 3020 3014 3008 3008 3008 3006 3003 3004 3005 3006 3007 3012 3018 3019 3017 3016 3014 3014 3013 3013 3012 3014 3018 3018 3017 3016 3015 3016 3019 3020 3020 3018 3013 3011 3013 3014 3013 3015 3024 3037 3058 3074 3078 3082 3087 3091 3094 3095 3093 3092 3092 3093 3097 3101 3103 3105 3100 3094 3095 3095 
3016 3022 3028 3025 3022 3016 3010 3010 3011 3007 3003 3005 3008 3008 3008 3011 3015 3017 3018 3015 3011 3009 3009 3008 3007 3010 3015 3016 3014 3015 3017 3018 3019 3020 3024 3022 3014 3010 3009 3011 3014 3019 3027 3038 3055 3070 3079 3087 3090 3092 3093 3093 3092 3091 3092 3094 3101 3106 3104 3102 3100 3098 3099 3099 
3016 3022 3028 3024 3020 3016 3011 3012 3014 3009 3003 3004 3006 3008 3010 3012 3015 3016 3017 3014 3009 3008 3008 3007 3005 3007 3013 3013 3011 3012 3016 3016 3014 3015 3020 3021 3017 3014 3010 3011 3016 3022 3028 3037 3052 3065 3077 3086 3088 3090 3090 3090 3091 3092 3093 3094 3099 3104 3102 3100 3100 3099 3101 3102 
3020 3025 3030 3023 3015 3013 3012 3014 3016 3010 3003 3001 3000 3005 3012 3014 3015 3015 3014 3012 3010 3009 3009 3007 3004 3005 3010 3010 3007 3008 3011 3011 3007 3007 3011 3015 3020 3021 3015 3013 3019 3024 3027 3034 3047 3060 3071 3080 3083 3085 3086 3087 3092 3096 3094 3092 3094 3095 3097 3099 3098 3098 3101 3105 
3026 3029 3032 3025 3018 3016 3013 3013 3014 3009 3003 3000 2999 3004 3010 3012 3013 3011 3008 3008 3009 3009 3009 3008 3008 3009 3010 3009 3007 3008 3011 3010 3006 3005 3006 3010 3019 3022 3017 3016 3020 3023 3025 3029 3041 3053 3064 3075 3081 3086 3088 3090 3092 3094 3093 3092 3094 3097 3098 3099 3097 3094 3098 3102 
3032 3033 3034 3031 3028 3021 3014 3010 3007 3004 3002 3001 3001 3003 3005 3006 3008 3004 2999 3002 3007 3008 3006 3010 3016 3017 3013 3011 3009 3010 3014 3014 3012 3008 3004 3006 3014 3019 3019 3019 3018 3019 3020 3024 3032 3042 3056 3070 3083 3094 3097 3098 3092 3087 3090 3093 3100 3106 3104 3102 3096 3089 3092 3095 
3037 3037 3037 3035 3033 3023 3013 3008 3003 3002 3002 3003 3005 3004 3002 3004 3006 3003 2997 3001 3008 3009 3007 3011 3018 3017 3012 3011 3012 3013 3015 3014 3011 3008 3003 3004 3013 3018 3020 3020 3017 3017 3020 3024 3028 3034 3047 3061 3078 3091 3094 3095 3089 3085 3089 3093 3100 3105 3105 3104 3096 3090 3092 3094 
3042 3041 3040 3036 3032 3022 3012 3007 3003 3003 3003 3006 3010 3007 3002 3004 3007 3006 3002 3005 3012 3013 3011 3012 3014 3012 3008 3009 3014 3015 3013 3010 3006 3003 3002 3006 3015 3021 3021 3020 3017 3017 3025 3029 3027 3028 3038 3049 3065 3078 3080 3082 3084 3086 3089 3092 3093 3094 3099 3104 3099 3095 3096 3097 
3042 3041 3040 3037 3034 3023 3011 3006 3003 3003 3005 3008 3013 3010 3005 3005 3008 3008 3007 3009 3013 3013 3011 3011 3011 3009 3005 3007 3014 3015 3012 3009 3004 3003 3004 3008 3015 3019 3018 3018 3017 3019 3026 3029 3026 3026 3032 3041 3059 3073 3075 3077 3082 3087 3087 3088 3087 3088 3095 3101 3100 3100 3101 3103 
3039 3038 3038 3039 3040 3024 3008 3005 3004 3005 3006 3010 3014 3012 3010 3008 3007 3008 3011 3011 3011 3010 3007 3008 3011 3009 3004 3005 3011 3013 3012 3010 3008 3007 3009 3011 3013 3014 3012 3014 3019 3022 3022 3023 3025 3026 3028 3036 3059 3077 3077 3077 3082 3086 3083 3081 3083 3086 3090 3095 3101 3107 3108 3110 
3037 3036 3034 3035 3037 3023 3008 3006 3006 3007 3007 3010 3013 3013 3013 3011 3008 3010 3013 3012 3009 3007 3006 3008 3012 3011 3007 3007 3011 3012 3009 3008 3009 3010 3011 3012 3013 3013 3010 3011 3019 3023 3021 3021 3024 3025 3025 3031 3058 3079 3077 3077 3083 3087 3082 3079 3083 3087 3089 3091 3099 3106 3107 3109 
3037 3032 3028 3025 3023 3018 3012 3011 3011 3010 3009 3009 3009 3011 3014 3013 3010 3011 3013 3010 3004 3004 3008 3011 3015 3015 3013 3014 3015 3012 3004 3003 3009 3010 3007 3009 3016 3018 3012 3011 3016 3021 3023 3024 3023 3022 3021 3028 3056 3077 3076 3076 3084 3090 3086 3083 3088 3092 3092 3091 3094 3097 3097 3097 
3036 3029 3023 3019 3015 3015 3015 3014 3012 3010 3008 3007 3006 3009 3013 3011 3009 3010 3011 3007 3001 3002 3007 3011 3014 3016 3017 3016 3015 3011 3004 3003 3009 3010 3007 3008 3014 3017 3012 3012 3017 3021 3024 3025 3021 3018 3018 3026 3055 3077 3076 3077 3083 3089 3088 3087 3091 3095 3094 3093 3093 3092 3092 3091 
3034 3027 3020 3017 3013 3016 3019 3013 3006 3005 3004 3004 3005 3006 3007 3005 3003 3004 3006 3003 2999 3000 3004 3007 3009 3012 3015 3014 3009 3007 3009 3010 3010 3010 3010 3009 3008 3008 3010 3014 3020 3024 3024 3022 3017 3014 3015 3024 3054 3077 3080 3083 3082 3082 3087 3091 3092 3093 3096 3098 3095 3093 3094 3095 
3028 3023 3018 3015 3011 3015 3019 3011 3003 3002 3002 3002 3003 3003 3004 3002 2999 3000 3003 3002 3000 3000 3002 3004 3005 3008 3014 3012 3004 3004 3010 3012 3009 3009 3010 3009 3005 3005 3010 3015 3019 3022 3021 3018 3014 3011 3014 3024 3054 3077 3083 3087 3084 3082 3089 3095 3093 3091 3095 3099 3097 3096 3096 3096 
3018 3018 3017 3013 3010 3011 3013 3008 3002 3002 3004 3002 3001 3003 3005 3002 2996 2999 3005 3006 3004 3004 3004 3003 3003 3006 3012 3010 3003 3001 3003 3005 3006 3007 3006 3007 3010 3012 3013 3013 3010 3010 3013 3014 3012 3012 3016 3026 3055 3078 3083 3088 3091 3094 3096 3097 3092 3088 3091 3094 3098 3102 3098 3094 
3011 3014 3017 3014 3011 3010 3010 3006 3001 3002 3004 3002 2999 3002 3007 3003 2997 3000 3007 3008 3008 3007 3006 3005 3004 3006 3009 3008 3003 3000 3000 3001 3005 3006 3005 3007 3013 3016 3015 3012 3006 3003 3007 3010 3009 3011 3019 3031 3057 3079 3084 3090 3095 3100 3098 3096 3092 3088 3089 3091 3099 3107 3098 3090 
3010 3013 3017 3017 3018 3015 3011 3006 3000 3002 3004 3000 2996 3001 3009 3008 3003 3005 3008 3010 3011 3011 3010 3010 3010 3009 3006 3004 3004 3004 3005 3006 3007 3009 3010 3011 3012 3013 3016 3015 3010 3006 3007 3006 3002 3005 3023 3042 3063 3081 3086 3091 3093 3095 3093 3091 3093 3094 3093 3092 3100 3107 3094 3081 
3009 3013 3017 3020 3022 3017 3011 3006 3000 3001 3002 2998 2993 3000 3010 3010 3008 3008 3009 3009 3010 3011 3012 3013 3014 3010 3005 3004 3007 3009 3009 3009 3011 3012 3014 3014 3013 3013 3016 3016 3014 3012 3010 3007 3001 3004 3030 3053 3069 3083 3088 3092 3093 3092 3090 3089 3094 3099 3095 3092 3099 3105 3089 3073 
3010 3014 3019 3019 3018 3014 3009 3006 3003 2999 2996 2993 2990 2997 3006 3008 3008 3007 3005 3004 3003 3006 3009 3010 3010 3010 3010 3011 3013 3013 3011 3012 3017 3018 3015 3015 3017 3017 3014 3014 3019 3021 3020 3017 3013 3017 3043 3065 3077 3086 3090 3093 3094 3094 3093 3092 3098 3102 3097 3092 3096 3099 3083 3067 
3010 3014 3018 3016 3015 3012 3008 3006 3004 2998 2993 2990 2988 2994 3004 3006 3007 3006 3004 3002 3001 3003 3006 3008 3008 3010 3013 3015 3016 3015 3013 3014 3019 3020 3017 3016 3019 3018 3014 3015 3025 3032 3033 3033 3029 3033 3057 3076 3083 3088 3091 3093 3096 3098 3096 3096 3100 3103 3097 3092 3093 3093 3079 3065 
3010 3010 3010 3010 3010 3009 3008 3005 3002 2999 2995 2991 2988 2996 3005 3006 3005 3005 3007 3008 3009 3007 3004 3004 3006 3009 3010 3012 3013 3014 3015 3014 3012 3013 3019 3021 3017 3015 3017 3023 3035 3045 3054 3060 3057 3059 3072 3083 3085 3086 3088 3091 3099 3105 3101 3098 3099 3098 3096 3093 3092 3090 3083 3075 
3010 3007 3004 3006 3007 3007 3007 3004 3002 3000 2997 2994 2991 2997 3006 3006 3003 3006 3010 3012 3014 3009 3002 3002 3006 3008 3009 3009 3010 3013 3016 3015 3009 3011 3023 3026 3019 3018 3024 3033 3045 3058 3072 3082 3081 3081 3086 3089 3088 3087 3087 3088 3099 3108 3104 3100 3097 3095 3095 3094 3091 3088 3085 3082 
3011 3006 3001 3005 3009 3005 3001 3002 3004 3003 3002 3001 3000 3002 3004 3005 3006 3007 3010 3010 3011 3007 3001 3002 3008 3010 3009 3009 3010 3012 3016 3017 3016 3020 3028 3034 3035 3038 3044 3050 3059 3069 3081 3090 3091 3093 3095 3097 3097 3096 3091 3087 3093 3099 3098 3097 3096 3096 3096 3096 3093 3091 3085 3079 
3009 3004 2999 3005 3010 3005 2999 3002 3006 3006 3005 3006 3007 3006 3003 3005 3008 3009 3010 3010 3008 3004 3000 3003 3010 3012 3010 3010 3012 3015 3019 3023 3026 3030 3036 3042 3049 3055 3059 3064 3070 3077 3088 3096 3097 3099 3101 3103 3103 3102 3094 3088 3090 3092 3093 3094 3096 3098 3097 3096 3094 3091 3085 3078 
3003 3004 3005 3009 3013 3013 3012 3011 3011 3008 3004 3004 3005 3008 3011 3011 3011 3011 3013 3010 3007 3003 2999 3003 3011 3015 3015 3018 3022 3027 3033 3039 3044 3048 3050 3053 3056 3058 3061 3065 3070 3076 3085 3090 3089 3091 3099 3104 3100 3097 3094 3092 3094 3094 3090 3088 3097 3104 3098 3092 3089 3086 3084 3082 
2998 3004 3010 3012 3015 3018 3021 3018 3013 3009 3004 3003 3003 3009 3016 3015 3012 3012 3013 3010 3006 3003 3001 3006 3014 3019 3021 3026 3032 3039 3047 3054 3060 3063 3063 3063 3062 3062 3063 3066 3070 3075 3081 3084 3082 3083 3095 3102 3097 3093 3095 3096 3096 3096 3088 3083 3097 3108 3098 3088 3085 3081 3084 3086 
3005 3009 3014 3013 3012 3016 3020 3014 3006 3008 3011 3009 3005 3005 3007 3008 3009 3007 3005 3005 3006 3008 3011 3017 3024 3030 3035 3039 3045 3051 3058 3064 3069 3070 3068 3067 3067 3067 3067 3068 3069 3071 3076 3078 3077 3078 3085 3090 3092 3094 3094 3094 3096 3096 3090 3085 3092 3099 3092 3086 3084 3082 3086 3090 
3009 3013 3016 3013 3010 3015 3020 3011 3001 3007 3016 3012 3006 3002 2999 3002 3005 3003 2999 3001 3006 3013 3021 3028 3035 3041 3046 3051 3056 3061 3067 3072 3076 3076 3073 3071 3070 3070 3071 3070 3069 3068 3071 3073 3072 3072 3075 3079 3086 3092 3091 3091 3094 3095 3090 3086 3088 3090 3087 3085 3083 3081 3087 3093 
3001 3007 3013 3014 3015 3021 3028 3016 3004 3004 3007 3005 3004 3001 2998 2999 3002 3004 3006 3007 3009 3017 3028 3037 3046 3051 3052 3055 3059 3063 3066 3069 3072 3073 3072 3070 3069 3068 3070 3070 3070 3071 3073 3074 3071 3069 3070 3072 3078 3082 3083 3085 3089 3091 3089 3086 3086 3085 3084 3082 3079 3075 3080 3084 
2996 3003 3010 3015 3020 3027 3033 3021 3007 3002 2999 3000 3002 3000 2998 2999 3001 3005 3011 3013 3013 3022 3035 3047 3057 3060 3058 3059 3062 3064 3066 3067 3069 3070 3070 3070 3068 3067 3069 3071 3072 3073 3075 3075 3070 3067 3066 3067 3070 3073 3076 3079 3083 3086 3086 3086 3083 3079 3081 3082 3077 3072 3075 3077 
3016 3012 3009 3016 3023 3025 3025 3019 3012 3007 3003 3003 3003 3004 3005 3007 3008 3009 3010 3016 3025 3035 3046 3055 3064 3067 3067 3067 3067 3067 3068 3069 3071 3070 3067 3067 3068 3070 3071 3073 3075 3076 3077 3076 3069 3064 3064 3065 3071 3075 3075 3075 3075 3076 3081 3086 3079 3074 3082 3089 3088 3086 3083 3080 
3032 3020 3009 3017 3026 3023 3019 3017 3016 3012 3007 3006 3005 3008 3013 3015 3016 3014 3010 3020 3037 3047 3055 3063 3070 3074 3075 3074 3071 3070 3071 3071 3072 3070 3065 3065 3069 3072 3073 3075 3078 3079 3080 3077 3068 3062 3062 3064 3071 3076 3073 3070 3068 3068 3077 3084 3076 3069 3082 3095 3096 3097 3090 3083 
3016 3015 3015 3017 3020 3020 3020 3019 3018 3014 3009 3010 3013 3017 3021 3021 3020 3020 3020 3030 3045 3054 3058 3065 3071 3073 3072 3071 3069 3069 3071 3072 3072 3071 3071 3070 3069 3070 3073 3077 3081 3082 3080 3076 3070 3066 3067 3069 3072 3074 3072 3071 3075 3078 3077 3076 3076 3076 3079 3081 3079 3077 3078 3078 
3003 3011 3019 3017 3014 3017 3021 3020 3019 3015 3011 3014 3020 3024 3028 3027 3024 3026 3030 3040 3053 3059 3061 3066 3073 3073 3069 3067 3066 3068 3072 3073 3072 3073 3076 3075 3069 3068 3073 3078 3083 3085 3080 3075 3072 3070 3072 3074 3073 3072 3071 3071 3080 3086 3077 3069 3077 3083 3076 3069 3064 3059 3066 3073 
3012 3014 3015 3016 3017 3017 3018 3015 3011 3010 3011 3012 3014 3020 3027 3028 3027 3031 3038 3045 3052 3056 3058 3065 3074 3073 3067 3064 3064 3066 3070 3071 3070 3072 3077 3076 3068 3067 3075 3081 3082 3082 3081 3079 3075 3072 3071 3071 3071 3070 3064 3061 3068 3072 3070 3068 3072 3075 3071 3068 3070 3073 3069 3066 
3022 3016 3010 3014 3019 3018 3016 3009 3002 3006 3011 3010 3008 3016 3027 3029 3029 3036 3046 3049 3050 3053 3056 3064 3075 3074 3065 3062 3061 3063 3068 3070 3069 3072 3077 3076 3066 3066 3077 3083 3080 3079 3082 3083 3078 3073 3071 3069 3069 3067 3058 3052 3055 3059 3063 3067 3068 3068 3067 3067 3076 3085 3072 3058 
3017 3016 3015 3017 3019 3017 3014 3013 3012 3013 3015 3013 3011 3018 3027 3030 3031 3038 3046 3053 3060 3064 3065 3070 3075 3071 3061 3058 3060 3061 3063 3065 3068 3072 3076 3075 3067 3065 3074 3077 3072 3070 3075 3078 3077 3075 3069 3066 3067 3068 3066 3066 3067 3069 3073 3075 3071 3067 3066 3065 3073 3081 3075 3068 
3013 3016 3019 3019 3020 3016 3011 3016 3021 3020 3018 3016 3013 3019 3027 3031 3033 3039 3045 3056 3070 3074 3075 3075 3075 3068 3057 3054 3058 3059 3058 3060 3067 3072 3076 3074 3067 3065 3071 3072 3064 3061 3068 3073 3076 3076 3068 3063 3065 3068 3074 3079 3079 3079 3082 3083 3075 3067 3064 3062 3070 3077 3078 3078