3053 3050 3046 3047 3048 3047 3046 3047 3048 3055 3064 3080 3098 3103 3105 3103 3100 3097 3095 3094 3095 3093 3090 3087 3085 3086 3088 3088 3086 3086 3089 3088 3086 3084 3083 3086 3093 3096 3092 3090 3089 3090 3096 3097 3088 3084 3089 3094 3095 3098 3105 3109 3106 3101 3092 3084 3093 3101 3097 3094 3096 3097 3096 3095 
3053 3050 3047 3046 3045 3043 3042 3046 3050 3056 3063 3077 3093 3099 3102 3099 3095 3093 3092 3091 3089 3087 3085 3084 3084 3084 3085 3084 3082 3083 3087 3089 3089 3089 3087 3089 3094 3097 3097 3097 3099 3100 3099 3098 3094 3091 3091 3091 3094 3097 3101 3104 3102 3100 3094 3089 3093 3096 3095 3095 3096 3097 3097 3098 
3052 3050 3048 3045 3042 3040 3037 3044 3052 3057 3062 3075 3089 3095 3099 3096 3090 3089 3089 3087 3083 3081 3080 3081 3083 3083 3083 3080 3077 3079 3085 3090 3093 3094 3091 3091 3095 3098 3101 3104 3109 3109 3103 3098 3099 3098 3092 3089 3092 3095 3097 3098 3098 3098 3096 3095 3092 3090 3093 3095 3096 3096 3099 3102 
3052 3047 3042 3039 3036 3034 3032 3039 3047 3051 3056 3071 3088 3093 3095 3093 3091 3090 3088 3085 3081 3080 3080 3082 3086 3082 3075 3075 3081 3085 3085 3088 3093 3095 3094 3094 3096 3099 3102 3104 3107 3106 3100 3094 3092 3090 3091 3091 3093 3094 3091 3089 3095 3099 3097 3095 3094 3093 3093 3092 3091 3089 3094 3100 
3052 3043 3035 3032 3030 3028 3026 3033 3041 3045 3049 3066 3086 3090 3090 3091 3093 3091 3088 3084 3080 3079 3081 3084 3088 3081 3067 3070 3086 3090 3085 3087 3093 3097 3097 3097 3098 3099 3102 3104 3105 3103 3097 3090 3084 3082 3089 3094 3094 3092 3085 3081 3091 3100 3098 3096 3096 3096 3093 3090 3086 3082 3089 3097 
3045 3038 3030 3032 3034 3031 3026 3031 3036 3040 3043 3059 3077 3081 3082 3086 3092 3090 3086 3083 3081 3078 3074 3078 3085 3081 3071 3073 3085 3088 3085 3086 3090 3092 3090 3092 3098 3101 3100 3099 3098 3095 3091 3087 3083 3082 3090 3095 3096 3096 3089 3084 3089 3093 3095 3096 3092 3090 3090 3090 3089 3088 3089 3090 
3038 3032 3026 3033 3040 3034 3028 3029 3031 3035 3038 3052 3067 3071 3073 3081 3090 3089 3084 3082 3082 3076 3067 3071 3081 3081 3075 3077 3084 3086 3085 3085 3087 3086 3083 3087 3098 3103 3098 3094 3090 3087 3085 3083 3082 3084 3091 3097 3099 3099 3094 3089 3087 3087 3092 3095 3089 3083 3087 3091 3094 3096 3089 3083 
3005 2995 2986 2995 3006 3006 3005 3004 3004 3011 3019 3033 3047 3053 3057 3063 3069 3069 3067 3066 3066 3064 3060 3063 3069 3070 3067 3069 3072 3074 3075 3076 3077 3077 3075 3079 3089 3094 3093 3090 3085 3081 3078 3076 3075 3075 3082 3087 3090 3092 3089 3087 3085 3084 3088 3091 3086 3082 3082 3083 3085 3086 3083 3080 
2970 2956 2942 2954 2967 2974 2980 2977 2973 2985 2999 3013 3026 3034 3040 3043 3046 3048 3048 3049 3049 3051 3053 3055 3056 3058 3059 3059 3060 3061 3064 3066 3068 3068 3067 3070 3078 3084 3087 3087 3081 3075 3072 3068 3066 3066 3071 3076 3080 3083 3083 3083 3083 3083 3085 3086 3084 3082 3077 3073 3074 3075 3076 3078 
2962 2955 2948 2957 2966 2971 2975 2973 2971 2978 2987 3002 3017 3027 3036 3041 3045 3045 3044 3044 3046 3048 3050 3053 3057 3058 3056 3057 3059 3062 3066 3068 3070 3070 3069 3070 3074 3079 3086 3089 3083 3080 3080 3079 3076 3074 3076 3078 3083 3087 3086 3086 3085 3084 3083 3082 3078 3076 3076 3077 3079 3081 3080 3080 
2959 2960 2961 2965 2970 2972 2973 2973 2972 2974 2976 2992 3010 3023 3034 3041 3046 3045 3042 3042 3044 3046 3047 3052 3060 3060 3055 3055 3060 3064 3069 3072 3074 3074 3072 3071 3071 3075 3086 3091 3086 3085 3090 3093 3089 3085 3082 3081 3088 3093 3091 3089 3088 3086 3082 3077 3072 3069 3076 3083 3086 3089 3086 3083 
2960 2966 2973 2972 2971 2971 2972 2972 2972 2975 2978 2993 3011 3023 3034 3042 3049 3049 3045 3046 3049 3048 3045 3049 3056 3058 3057 3058 3061 3065 3070 3073 3074 3075 3074 3073 3072 3076 3087 3092 3089 3087 3090 3090 3085 3082 3083 3085 3089 3091 3090 3088 3088 3088 3084 3081 3080 3080 3082 3084 3083 3082 3085 3088 
2962 2973 2984 2978 2971 2971 2970 2971 2973 2978 2984 2997 3012 3024 3035 3044 3053 3053 3049 3051 3054 3050 3042 3044 3051 3056 3061 3063 3062 3065 3070 3073 3074 3075 3076 3076 3074 3078 3087 3092 3091 3089 3087 3084 3079 3077 3084 3089 3089 3089 3087 3086 3088 3090 3087 3086 3091 3095 3089 3084 3078 3072 3083 3093 
2967 2975 2984 2977 2970 2969 2968 2969 2970 2978 2987 2995 3001 3014 3028 3041 3054 3054 3049 3048 3049 3048 3047 3048 3050 3054 3059 3060 3059 3062 3067 3072 3076 3080 3082 3083 3081 3081 3084 3087 3089 3090 3089 3086 3082 3081 3085 3088 3084 3082 3085 3087 3086 3085 3083 3082 3091 3098 3090 3082 3080 3078 3083 3089 
2974 2977 2980 2974 2968 2967 2966 2967 2968 2978 2990 2990 2988 3002 3019 3037 3055 3054 3047 3044 3042 3046 3053 3053 3051 3053 3056 3057 3055 3057 3063 3070 3079 3086 3089 3090 3088 3085 3081 3081 3087 3092 3091 3090 3087 3086 3087 3085 3078 3074 3083 3089 3083 3078 3076 3076 3089 3099 3089 3081 3084 3087 3085 3082 
2986 2982 2978 2979 2979 2979 2980 2980 2981 2985 2991 2991 2990 3002 3017 3034 3052 3053 3049 3046 3045 3049 3056 3057 3054 3053 3054 3055 3054 3057 3062 3069 3077 3081 3083 3084 3086 3086 3081 3080 3085 3088 3087 3087 3085 3084 3085 3084 3079 3076 3081 3084 3082 3080 3078 3077 3085 3092 3086 3081 3084 3088 3086 3084 
3001 2989 2978 2985 2994 2996 2997 2998 2998 2995 2991 2994 2997 3007 3018 3032 3048 3051 3051 3050 3050 3054 3059 3059 3057 3055 3053 3053 3055 3058 3063 3067 3072 3074 3072 3074 3081 3085 3083 3081 3082 3082 3082 3082 3081 3081 3082 3082 3082 3081 3079 3078 3082 3084 3082 3079 3081 3082 3082 3081 3084 3087 3088 3088 
3002 2994 2986 2994 3003 3002 3002 3001 3000 2994 2988 2992 2998 3004 3011 3026 3043 3048 3049 3050 3051 3053 3057 3057 3055 3055 3057 3058 3059 3062 3065 3069 3073 3075 3073 3075 3081 3084 3083 3082 3081 3081 3081 3081 3080 3079 3080 3081 3081 3081 3080 3080 3081 3083 3081 3080 3081 3081 3082 3082 3085 3087 3087 3088 
2999 2999 2998 3004 3010 3006 3002 2999 2996 2990 2983 2989 2996 2999 3001 3017 3037 3044 3047 3048 3049 3051 3054 3053 3051 3055 3063 3066 3066 3066 3068 3072 3076 3078 3078 3079 3081 3083 3083 3082 3081 3080 3081 3081 3078 3077 3078 3079 3079 3080 3084 3085 3082 3078 3080 3081 3082 3083 3083 3084 3085 3087 3086 3086 
2997 2999 3001 3004 3007 3003 2999 2998 2996 2992 2987 2990 2994 2995 2995 3010 3030 3039 3045 3048 3049 3050 3052 3053 3055 3058 3063 3065 3065 3068 3072 3075 3077 3079 3081 3082 3081 3082 3084 3084 3079 3078 3080 3081 3082 3082 3083 3082 3080 3080 3084 3086 3082 3078 3080 3082 3083 3084 3085 3085 3084 3083 3085 3086 
2995 2997 2999 2999 3000 2998 2996 2997 2997 2996 2994 2993 2992 2991 2990 3004 3021 3033 3043 3048 3050 3050 3049 3054 3061 3063 3060 3060 3063 3068 3077 3080 3078 3079 3082 3083 3081 3082 3086 3085 3077 3074 3078 3082 3087 3090 3090 3088 3083 3079 3083 3086 3082 3080 3081 3083 3085 3086 3086 3086 3081 3077 3083 3088 
3001 3000 2999 3001 3003 3001 2998 3000 3002 3001 3000 2998 2997 2996 2995 3006 3020 3032 3043 3049 3052 3053 3053 3056 3062 3063 3061 3061 3064 3068 3075 3078 3076 3078 3082 3083 3080 3080 3086 3087 3082 3079 3081 3083 3085 3087 3089 3088 3082 3079 3084 3088 3085 3084 3085 3087 3086 3085 3084 3082 3079 3077 3083 3090 
3011 3005 3000 3005 3010 3007 3003 3005 3008 3007 3005 3005 3004 3005 3006 3013 3022 3033 3044 3051 3055 3058 3059 3060 3060 3061 3063 3065 3066 3069 3071 3072 3073 3076 3082 3083 3078 3078 3085 3090 3089 3088 3087 3084 3080 3079 3083 3085 3081 3079 3086 3091 3090 3089 3091 3091 3087 3083 3079 3076 3077 3078 3085 3091 
3016 3008 3000 3005 3011 3008 3005 3006 3008 3007 3005 3005 3005 3006 3007 3012 3017 3028 3040 3049 3056 3060 3061 3062 3062 3063 3065 3066 3067 3067 3067 3069 3072 3076 3081 3083 3082 3083 3087 3090 3091 3091 3088 3084 3080 3077 3080 3081 3079 3078 3084 3089 3092 3094 3092 3090 3086 3082 3080 3077 3079 3081 3086 3091 
3020 3010 3000 3003 3008 3007 3005 3004 3004 3003 3002 3002 3003 3003 3003 3006 3010 3020 3032 3044 3055 3060 3061 3064 3067 3068 3068 3067 3066 3065 3063 3066 3074 3079 3081 3084 3089 3091 3089 3089 3091 3091 3086 3082 3081 3080 3078 3077 3076 3076 3080 3085 3092 3098 3091 3084 3084 3084 3082 3081 3082 3083 3087 3091 
3013 3006 2999 3002 3005 3003 3000 3001 3003 3003 3002 3001 3000 3000 3001 3001 3002 3010 3020 3034 3049 3057 3062 3066 3070 3070 3069 3069 3070 3068 3065 3068 3078 3083 3082 3085 3090 3092 3089 3088 3089 3088 3085 3082 3080 3079 3077 3076 3075 3076 3079 3083 3090 3095 3088 3082 3082 3082 3083 3085 3085 3086 3088 3090 
2999 2998 2997 3000 3002 2997 2992 2998 3005 3005 3003 2999 2996 2997 3000 2998 2994 2998 3005 3021 3040 3053 3063 3068 3070 3070 3068 3070 3076 3076 3070 3074 3084 3089 3085 3085 3088 3090 3088 3086 3085 3084 3084 3083 3078 3075 3076 3077 3077 3077 3080 3082 3086 3088 3085 3081 3080 3079 3083 3087 3088 3089 3089 3089 
2992 2996 3000 3001 3001 2996 2990 2996 3003 3003 3001 2997 2992 2994 2998 2995 2991 2993 2998 3013 3033 3048 3060 3066 3069 3070 3070 3073 3078 3079 3076 3078 3087 3089 3085 3084 3086 3087 3087 3086 3085 3085 3087 3087 3081 3078 3079 3080 3082 3084 3083 3082 3084 3085 3084 3082 3080 3079 3083 3086 3083 3079 3082 3085 
2990 2997 3005 3003 3002 2998 2993 2996 3000 2999 2998 2994 2989 2991 2994 2994 2992 2994 2996 3010 3028 3042 3055 3062 3067 3071 3074 3076 3078 3079 3080 3083 3086 3086 3082 3081 3083 3084 3085 3087 3088 3089 3092 3093 3089 3085 3083 3083 3090 3094 3087 3082 3083 3084 3085 3085 3083 3081 3083 3083 3072 3061 3070 3079 
2993 2996 2999 2999 3000 2997 2994 2996 2999 2998 2996 2992 2987 2989 2991 2991 2990 2992 2994 3006 3023 3039 3055 3064 3070 3074 3076 3077 3076 3078 3080 3082 3083 3082 3080 3080 3081 3083 3086 3087 3087 3088 3091 3093 3090 3088 3085 3085 3092 3096 3089 3084 3086 3088 3088 3088 3085 3082 3083 3084 3072 3061 3066 3072 
3001 2993 2984 2989 2995 2994 2993 2997 3001 2999 2996 2991 2986 2987 2989 2988 2986 2988 2992 3003 3018 3037 3059 3070 3075 3077 3076 3075 3073 3074 3076 3077 3077 3078 3079 3080 3082 3084 3088 3088 3084 3082 3086 3088 3088 3087 3085 3085 3089 3092 3089 3087 3091 3094 3093 3091 3086 3082 3085 3086 3081 3075 3069 3062 
3003 2992 2982 2986 2991 2992 2991 2996 3000 2997 2992 2989 2986 2987 2989 2986 2982 2984 2989 2999 3013 3033 3057 3070 3078 3079 3076 3074 3073 3072 3072 3072 3074 3076 3080 3081 3082 3083 3086 3087 3083 3082 3083 3085 3086 3087 3086 3085 3087 3088 3086 3085 3088 3090 3089 3088 3084 3081 3082 3083 3082 3081 3068 3055 
2999 2995 2991 2990 2989 2989 2990 2993 2997 2992 2986 2985 2986 2988 2991 2987 2980 2981 2984 2994 3007 3027 3050 3066 3078 3081 3077 3075 3074 3071 3067 3068 3073 3078 3082 3083 3081 3081 3082 3084 3086 3086 3084 3083 3086 3087 3085 3084 3084 3084 3080 3077 3076 3076 3076 3077 3078 3080 3077 3075 3076 3077 3064 3052 
3001 3001 3001 2998 2995 2996 2998 2999 3000 2996 2991 2990 2991 2994 2998 2993 2987 2987 2989 2997 3007 3027 3050 3066 3078 3081 3078 3077 3077 3074 3068 3068 3073 3078 3083 3085 3081 3079 3080 3082 3086 3087 3084 3082 3085 3086 3085 3083 3081 3079 3077 3074 3072 3070 3071 3072 3076 3079 3076 3072 3071 3069 3057 3045 
3009 3011 3012 3011 3009 3012 3016 3013 3011 3009 3006 3004 3002 3005 3009 3007 3003 3003 3003 3008 3015 3033 3056 3069 3077 3080 3082 3082 3081 3079 3076 3074 3072 3075 3084 3087 3082 3080 3080 3081 3083 3084 3083 3082 3083 3084 3085 3084 3078 3074 3076 3077 3075 3073 3073 3073 3077 3081 3079 3076 3067 3057 3046 3035 
3009 3010 3011 3012 3013 3016 3020 3017 3013 3011 3010 3008 3006 3008 3011 3012 3011 3012 3014 3018 3022 3038 3060 3071 3076 3080 3084 3084 3082 3081 3080 3077 3072 3074 3084 3086 3081 3078 3080 3082 3082 3082 3083 3083 3084 3085 3085 3084 3078 3074 3077 3079 3078 3076 3075 3073 3077 3079 3076 3072 3060 3048 3039 3029 
3000 2997 2994 2998 3003 3006 3008 3007 3005 3001 2998 2998 2999 3001 3003 3006 3008 3015 3023 3028 3031 3044 3062 3070 3074 3079 3084 3083 3079 3078 3079 3078 3074 3075 3082 3083 3076 3074 3081 3084 3083 3082 3084 3086 3089 3090 3086 3083 3082 3081 3081 3081 3080 3079 3076 3073 3074 3073 3066 3059 3051 3042 3036 3029 
2994 2990 2985 2989 2993 2997 3000 3000 2999 2997 2994 2998 3002 3006 3009 3012 3015 3025 3036 3041 3044 3053 3065 3072 3075 3078 3082 3081 3078 3078 3079 3079 3076 3077 3081 3081 3075 3075 3082 3085 3083 3082 3083 3085 3088 3089 3085 3082 3082 3082 3080 3078 3079 3079 3076 3074 3072 3069 3061 3053 3045 3037 3030 3024 
2993 2990 2987 2984 2982 2990 2999 2999 2997 2999 3002 3011 3021 3027 3033 3035 3037 3045 3054 3059 3063 3068 3073 3075 3077 3077 3076 3078 3080 3081 3081 3080 3079 3079 3080 3081 3080 3081 3083 3083 3080 3079 3079 3080 3081 3082 3080 3079 3078 3076 3073 3070 3073 3075 3075 3075 3071 3066 3061 3055 3044 3032 3022 3011 
2997 2996 2994 2991 2987 2996 3005 3005 3004 3009 3014 3024 3036 3043 3049 3052 3053 3058 3063 3069 3074 3076 3076 3076 3076 3074 3072 3074 3080 3081 3080 3079 3079 3079 3077 3078 3082 3084 3082 3081 3079 3077 3077 3076 3077 3077 3074 3073 3072 3071 3068 3066 3069 3072 3074 3075 3072 3068 3060 3052 3041 3030 3017 3004 
3011 3010 3010 3014 3018 3021 3025 3025 3025 3029 3033 3039 3045 3050 3055 3057 3059 3060 3060 3065 3071 3074 3075 3073 3070 3068 3067 3070 3075 3077 3075 3074 3076 3075 3071 3071 3078 3081 3079 3078 3078 3077 3075 3075 3076 3075 3068 3063 3066 3068 3068 3068 3069 3070 3071 3073 3076 3077 3059 3042 3036 3030 3017 3005 
3026 3025 3024 3032 3041 3040 3039 3040 3041 3043 3046 3049 3053 3056 3058 3060 3061 3060 3059 3063 3069 3072 3074 3072 3068 3066 3066 3069 3073 3074 3072 3072 3073 3072 3068 3069 3075 3078 3076 3076 3078 3078 3076 3075 3076 3075 3066 3061 3064 3068 3070 3071 3069 3069 3071 3073 3079 3082 3061 3041 3036 3030 3020 3009 
3043 3039 3035 3043 3051 3048 3045 3046 3048 3048 3047 3052 3059 3059 3057 3057 3057 3060 3062 3065 3068 3072 3076 3075 3072 3071 3072 3073 3073 3074 3075 3075 3073 3072 3073 3073 3074 3075 3075 3077 3080 3082 3079 3077 3077 3076 3074 3073 3074 3075 3076 3077 3072 3070 3075 3080 3081 3082 3069 3056 3044 3032 3025 3017 
3057 3052 3047 3052 3058 3054 3050 3052 3055 3052 3049 3054 3060 3058 3054 3054 3056 3060 3064 3066 3068 3071 3076 3076 3074 3074 3075 3075 3073 3074 3078 3078 3073 3072 3074 3074 3072 3072 3075 3078 3081 3082 3080 3078 3078 3079 3081 3082 3079 3077 3079 3079 3075 3072 3079 3084 3083 3081 3075 3069 3053 3037 3032 3027 
3063 3061 3058 3059 3060 3056 3053 3057 3061 3058 3054 3053 3054 3051 3047 3051 3058 3062 3063 3066 3068 3069 3071 3072 3073 3073 3073 3073 3072 3075 3080 3080 3076 3072 3069 3068 3070 3073 3077 3079 3076 3075 3076 3078 3082 3085 3086 3085 3077 3071 3071 3072 3075 3079 3082 3084 3081 3079 3078 3077 3064 3051 3045 3039 
3067 3067 3066 3065 3064 3061 3057 3061 3067 3063 3057 3053 3049 3046 3043 3050 3060 3063 3063 3065 3069 3069 3068 3069 3072 3073 3072 3072 3072 3075 3079 3080 3077 3073 3067 3066 3070 3074 3078 3078 3074 3071 3073 3077 3083 3087 3088 3086 3076 3068 3068 3070 3076 3081 3082 3083 3080 3078 3081 3084 3074 3065 3057 3049 
3064 3065 3067 3071 3075 3071 3067 3067 3068 3064 3059 3055 3051 3049 3047 3052 3059 3061 3062 3065 3071 3071 3069 3070 3073 3074 3074 3074 3074 3074 3073 3074 3076 3076 3073 3072 3075 3076 3075 3074 3075 3076 3074 3075 3077 3080 3083 3083 3077 3073 3076 3077 3076 3075 3076 3077 3079 3081 3084 3087 3083 3078 3065 3052 
3063 3066 3069 3075 3081 3077 3073 3070 3068 3064 3059 3056 3054 3053 3051 3053 3057 3060 3062 3066 3072 3072 3071 3072 3075 3076 3076 3075 3075 3073 3071 3072 3077 3078 3077 3078 3079 3078 3073 3072 3078 3079 3075 3073 3073 3075 3079 3082 3079 3078 3081 3083 3077 3072 3072 3072 3077 3082 3084 3087 3087 3086 3071 3057 
3065 3070 3075 3075 3074 3072 3070 3067 3064 3060 3056 3058 3061 3058 3053 3054 3056 3060 3065 3068 3070 3072 3074 3076 3079 3080 3079 3077 3073 3075 3079 3081 3079 3078 3080 3080 3080 3079 3077 3077 3082 3082 3075 3072 3075 3079 3081 3083 3083 3083 3083 3082 3078 3075 3073 3071 3076 3080 3079 3078 3078 3078 3070 3062 
3067 3074 3081 3075 3068 3068 3069 3066 3062 3058 3055 3060 3066 3062 3056 3055 3056 3060 3067 3069 3070 3073 3076 3078 3080 3081 3081 3078 3073 3075 3084 3085 3080 3078 3081 3082 3081 3080 3081 3082 3085 3084 3076 3073 3078 3082 3082 3084 3086 3087 3084 3081 3080 3078 3074 3072 3076 3080 3077 3074 3073 3073 3072 3070 
3069 3076 3084 3077 3069 3072 3076 3070 3063 3061 3060 3065 3070 3066 3060 3059 3059 3062 3066 3070 3074 3075 3074 3072 3070 3073 3079 3080 3076 3074 3073 3074 3076 3078 3080 3081 3081 3082 3084 3085 3083 3082 3081 3081 3082 3082 3081 3081 3084 3086 3083 3080 3080 3079 3078 3078 3083 3087 3085 3082 3082 3083 3084 3085 
3072 3078 3084 3077 3070 3075 3081 3074 3065 3065 3066 3069 3073 3070 3065 3063 3061 3062 3063 3068 3076 3076 3072 3067 3062 3067 3076 3079 3078 3073 3065 3065 3071 3075 3078 3079 3080 3082 3086 3086 3081 3079 3084 3087 3085 3083 3080 3079 3082 3084 3081 3079 3079 3079 3080 3082 3087 3092 3091 3090 3090 3090 3093 3095 
3084 3079 3074 3071 3068 3072 3077 3077 3076 3075 3073 3073 3073 3070 3067 3063 3057 3054 3052 3059 3070 3072 3069 3068 3068 3069 3071 3072 3073 3071 3066 3064 3065 3068 3071 3074 3076 3077 3078 3078 3074 3073 3076 3079 3083 3087 3087 3086 3081 3078 3079 3079 3076 3075 3075 3076 3082 3087 3091 3095 3094 3092 3089 3087 
3091 3079 3066 3066 3066 3070 3074 3079 3084 3082 3078 3075 3073 3071 3069 3062 3055 3049 3044 3051 3064 3068 3067 3069 3073 3072 3068 3067 3069 3069 3068 3065 3062 3062 3066 3069 3072 3073 3071 3070 3068 3067 3069 3073 3082 3088 3091 3090 3080 3073 3076 3077 3073 3070 3071 3072 3077 3083 3091 3099 3095 3092 3086 3080 
3078 3071 3064 3066 3068 3070 3072 3073 3074 3072 3070 3071 3073 3069 3064 3061 3059 3054 3047 3051 3059 3065 3069 3071 3072 3073 3073 3072 3069 3070 3074 3072 3067 3065 3067 3069 3072 3072 3068 3066 3066 3067 3070 3074 3078 3080 3081 3080 3076 3074 3074 3073 3068 3064 3067 3071 3077 3084 3089 3093 3089 3084 3082 3080 
3067 3065 3064 3066 3069 3070 3070 3068 3066 3065 3064 3068 3074 3069 3061 3061 3064 3059 3051 3052 3056 3062 3070 3072 3072 3074 3077 3076 3071 3072 3078 3078 3072 3068 3068 3069 3072 3072 3067 3064 3065 3067 3072 3075 3075 3074 3073 3072 3074 3075 3072 3069 3064 3060 3066 3071 3078 3085 3087 3089 3083 3078 3079 3079 
3075 3072 3069 3070 3071 3072 3072 3072 3072 3069 3066 3071 3077 3073 3066 3067 3070 3066 3059 3058 3058 3060 3061 3066 3071 3075 3077 3078 3078 3078 3078 3078 3078 3075 3070 3069 3074 3076 3075 3074 3072 3073 3077 3080 3080 3080 3079 3079 3078 3077 3076 3074 3072 3071 3072 3075 3082 3088 3088 3088 3085 3083 3079 3074 
3082 3078 3075 3074 3073 3073 3074 3076 3078 3074 3070 3073 3079 3076 3071 3072 3075 3072 3067 3064 3061 3058 3054 3060 3071 3076 3076 3079 3084 3083 3078 3078 3083 3081 3072 3069 3075 3080 3082 3083 3079 3078 3081 3084 3085 3086 3086 3085 3082 3080 3079 3078 3079 3080 3079 3078 3085 3091 3089 3087 3087 3087 3079 3071 
3085 3083 3081 3077 3074 3074 3073 3078 3083 3081 3078 3077 3076 3076 3075 3073 3071 3070 3068 3066 3064 3062 3061 3064 3069 3072 3073 3075 3078 3078 3076 3075 3076 3075 3073 3073 3074 3076 3080 3083 3083 3082 3079 3079 3085 3089 3088 3087 3084 3081 3081 3081 3081 3081 3081 3082 3086 3090 3086 3083 3080 3077 3077 3078 
3088 3087 3086 3080 3075 3074 3073 3079 3087 3087 3086 3081 3074 3075 3078 3074 3068 3068 3070 3069 3067 3066 3067 3067 3067 3068 3071 3072 3073 3073 3074 3073 3070 3071 3075 3076 3073 3073 3078 3083 3087 3086 3077 3074 3085 3092 3091 3089 3085 3082 3083 3084 3083 3082 3084 3085 3087 3088 3084 3079 3074 3069 3076 3083 
3081 3079 3078 3076 3074 3071 3069 3075 3083 3084 3084 3079 3074 3075 3077 3075 3072 3072 3073 3070 3065 3064 3066 3064 3060 3060 3064 3068 3071 3072 3071 3072 3074 3076 3079 3078 3072 3071 3073 3076 3078 3079 3077 3077 3081 3085 3090 3091 3082 3076 3080 3083 3081 3081 3085 3088 3082 3076 3076 3076 3074 3073 3073 3073 
3074 3073 3071 3072 3072 3069 3066 3072 3079 3081 3082 3078 3073 3074 3076 3077 3076 3076 3076 3071 3063 3063 3065 3061 3053 3053 3058 3064 3070 3071 3068 3070 3077 3081 3082 3080 3072 3068 3069 3069 3069 3071 3076 3079 3077 3078 3089 3093 3079 3069 3076 3082 3080 3080 3086 3090 3076 3065 3068 3072 3075 3077 3070 3063 
3072 3076 3080 3076 3071 3072 3074 3075 3076 3077 3077 3075 3072 3071 3070 3074 3079 3078 3076 3070 3062 3060 3061 3058 3054 3056 3061 3066 3070 3069 3063 3063 3068 3072 3075 3075 3073 3071 3068 3066 3062 3063 3069 3072 3071 3072 3078 3081 3072 3067 3071 3075 3078 3080 3080 3079 3074 3069 3071 3073 3073 3072 3070 3068 
3070 3079 3089 3079 3070 3076 3083 3079 3073 3072 3073 3072 3070 3067 3064 3071 3081 3080 3075 3068 3061 3057 3056 3056 3055 3059 3065 3068 3070 3066 3058 3056 3059 3063 3068 3071 3074 3073 3068 3062 3055 3054 3061 3066 3066 3066 3068 3068 3065 3064 3066 3069 3076 3081 3074 3068 3071 3073 3074 3075 3071 3067 3070 3072 