3058 3058 3059 3053 3047 3053 3058 3051 3042 3045 3049 3049 3047 3047 3046 3045 3044 3039 3031 3029 3028 3027 3026 3027 3028 3024 3018 3016 3017 3018 3018 3019 3019 3021 3024 3021 3011 3008 3015 3022 3026 3026 3019 3015 3017 3018 3017 3017 3018 3019 3024 3028 3031 3031 3020 3012 3018 3024 3029 3032 3017 3002 3007 3012 
3050 3051 3052 3048 3045 3045 3045 3042 3038 3039 3042 3042 3042 3044 3047 3043 3038 3035 3033 3028 3023 3023 3025 3026 3026 3022 3017 3016 3017 3018 3021 3021 3020 3020 3022 3019 3010 3008 3015 3020 3023 3024 3018 3016 3022 3025 3023 3022 3026 3029 3028 3029 3032 3034 3023 3013 3015 3016 3018 3019 3009 2999 3005 3011 
3041 3043 3044 3044 3043 3038 3032 3032 3033 3034 3035 3036 3036 3041 3048 3041 3031 3031 3034 3028 3018 3019 3024 3025 3024 3021 3017 3015 3016 3019 3024 3024 3020 3019 3021 3018 3010 3008 3014 3019 3021 3021 3017 3018 3027 3033 3029 3028 3034 3038 3033 3029 3034 3036 3025 3015 3011 3008 3007 3006 3001 2995 3003 3010 
3043 3043 3043 3046 3050 3045 3039 3034 3030 3031 3033 3034 3036 3035 3034 3029 3025 3024 3024 3023 3021 3020 3019 3020 3021 3019 3014 3014 3017 3019 3018 3018 3017 3016 3016 3015 3012 3011 3014 3016 3015 3016 3020 3024 3027 3029 3028 3028 3029 3029 3026 3025 3026 3026 3018 3011 3009 3007 3007 3007 3005 3004 3008 3012 
3045 3043 3042 3049 3057 3052 3047 3037 3027 3028 3031 3033 3036 3028 3019 3018 3018 3017 3014 3018 3023 3021 3015 3015 3018 3016 3012 3013 3019 3019 3013 3011 3013 3013 3011 3011 3013 3015 3014 3012 3008 3010 3023 3030 3027 3026 3028 3028 3023 3020 3020 3020 3018 3016 3011 3006 3007 3007 3008 3008 3011 3013 3014 3014 
3036 3037 3039 3043 3047 3044 3040 3034 3028 3028 3029 3031 3032 3027 3021 3019 3020 3018 3016 3019 3023 3021 3015 3015 3017 3016 3014 3015 3019 3020 3018 3017 3015 3013 3011 3011 3012 3012 3008 3006 3007 3011 3020 3025 3021 3019 3021 3023 3023 3021 3017 3014 3014 3014 3010 3007 3007 3007 3004 3002 3007 3011 3008 3005 
3027 3031 3035 3036 3036 3034 3032 3030 3029 3029 3028 3028 3027 3026 3023 3022 3022 3021 3019 3020 3022 3020 3016 3016 3017 3017 3016 3017 3018 3021 3025 3023 3016 3013 3012 3011 3011 3008 3002 3000 3007 3012 3017 3018 3014 3012 3015 3018 3022 3024 3015 3008 3011 3013 3010 3008 3007 3006 3000 2995 3002 3008 3002 2995 
3003 3002 3002 3005 3009 3005 3000 3001 3002 3002 3001 3003 3005 3006 3006 3005 3004 3003 3002 3004 3007 3004 2998 3000 3006 3006 3004 3004 3006 3009 3011 3011 3008 3005 3003 3002 3005 3004 2998 2997 3004 3008 3007 3007 3006 3007 3010 3013 3016 3017 3011 3007 3011 3013 3007 3001 3002 3001 2998 2995 2999 3002 2998 2994 
2977 2971 2965 2973 2981 2974 2965 2968 2972 2972 2970 2975 2981 2984 2986 2986 2985 2983 2982 2985 2990 2986 2978 2983 2994 2995 2990 2990 2993 2995 2996 2997 2999 2998 2993 2993 2998 2999 2995 2995 3001 3003 2997 2995 2998 3001 3005 3008 3009 3009 3007 3006 3011 3013 3003 2994 2995 2996 2996 2996 2996 2996 2994 2993 
2975 2973 2970 2975 2981 2977 2973 2974 2974 2974 2974 2976 2978 2982 2987 2987 2986 2983 2980 2983 2989 2989 2986 2988 2993 2994 2992 2992 2994 2995 2995 2995 2997 2996 2992 2993 2998 3001 3000 2999 3000 3000 2997 2995 2998 3001 3002 3003 3001 3000 3003 3006 3009 3009 2998 2989 2991 2993 2998 3002 2996 2990 2993 2997 
2977 2979 2981 2983 2985 2986 2988 2985 2981 2982 2982 2980 2978 2983 2991 2992 2991 2986 2980 2983 2990 2995 2998 2997 2994 2994 2995 2997 2998 2998 2996 2995 2997 2996 2993 2994 3000 3004 3006 3005 3000 2998 2998 2998 3000 3001 3000 2998 2994 2992 2999 3005 3006 3005 2994 2984 2987 2991 3001 3009 2996 2983 2992 3001 
2972 2978 2985 2986 2987 2986 2985 2983 2980 2981 2982 2981 2980 2987 2995 2994 2991 2987 2984 2988 2996 2998 2997 2996 2994 2992 2992 2994 2997 2999 3001 3001 3000 2999 2999 3000 3002 3003 3003 3003 3000 2999 2999 3000 3003 3003 3000 2996 2993 2991 2998 3004 3006 3006 2997 2988 2991 2994 3001 3006 2996 2987 2995 3004 
2966 2977 2987 2988 2988 2984 2980 2978 2978 2979 2980 2982 2983 2990 2999 2997 2991 2989 2988 2994 3001 3000 2995 2993 2994 2991 2987 2989 2995 3001 3007 3007 3004 3003 3006 3007 3003 3000 2999 2999 3000 3001 3000 3001 3005 3006 2999 2994 2992 2992 2998 3003 3007 3009 3001 2994 2996 2998 3000 3002 2997 2992 2999 3006 
2970 2977 2983 2984 2985 2983 2980 2980 2981 2982 2984 2984 2983 2988 2995 2993 2988 2988 2989 2993 2998 2996 2989 2989 2993 2992 2988 2990 2996 3001 3005 3006 3004 3003 3005 3006 3004 3002 3000 3000 3000 2999 2997 2997 3000 3002 2999 2997 2994 2993 2996 2999 3001 3002 2998 2994 2998 3001 2999 2997 2996 2995 3000 3006 
2977 2977 2978 2980 2982 2982 2982 2983 2985 2987 2990 2987 2982 2985 2989 2988 2985 2987 2990 2992 2993 2989 2983 2985 2992 2993 2990 2992 2997 3000 3002 3002 3003 3003 3002 3003 3004 3005 3003 3001 2999 2996 2993 2992 2995 2997 3000 3001 2997 2995 2995 2995 2994 2993 2992 2992 2999 3004 2998 2992 2995 2998 3001 3005 
2984 2983 2982 2983 2983 2984 2985 2987 2988 2990 2991 2988 2985 2987 2990 2988 2986 2989 2994 2993 2990 2990 2990 2989 2989 2990 2992 2993 2993 2994 2996 2998 3001 3001 3000 2999 2999 3000 3002 3003 2999 2995 2991 2990 2996 3000 2999 2997 2996 2995 2996 2997 2994 2991 2993 2995 3000 3004 2996 2990 2992 2994 2999 3003 
2991 2990 2989 2987 2985 2987 2989 2990 2992 2991 2990 2989 2988 2990 2993 2991 2988 2993 2999 2996 2988 2991 3000 2996 2985 2985 2993 2992 2986 2986 2990 2994 2998 2999 2998 2995 2991 2992 3000 3004 2999 2994 2989 2989 3000 3005 2997 2991 2992 2994 2998 3001 2995 2992 2996 3000 3002 3003 2995 2988 2988 2989 2995 3000 
2994 2993 2991 2990 2989 2990 2990 2992 2993 2994 2995 2993 2990 2992 2994 2992 2989 2993 3000 2996 2989 2992 3001 2998 2988 2988 2994 2995 2992 2993 2996 2997 2996 2996 2998 2998 2994 2994 2999 3001 2998 2995 2992 2992 3000 3004 2998 2993 2993 2995 3001 3005 3000 2995 2996 2996 2998 2999 2994 2989 2989 2990 2994 2999 
2996 2993 2990 2992 2994 2992 2991 2992 2993 2996 3000 2997 2992 2992 2994 2993 2990 2993 2998 2996 2990 2993 2999 2998 2993 2993 2995 2998 3002 3004 3006 3003 2994 2993 3000 3003 3001 2999 2998 2996 2996 2996 2996 2997 2999 3000 2999 2998 2996 2996 3004 3010 3005 3000 2994 2989 2992 2995 2993 2991 2992 2992 2995 2998 
2997 2995 2993 2994 2996 2995 2993 2992 2991 2994 2998 2996 2992 2992 2993 2991 2988 2989 2990 2991 2992 2995 2999 2998 2994 2993 2994 2996 3000 3003 3006 3002 2994 2993 3000 3003 3000 2997 2996 2995 2997 2998 2998 2998 2999 3000 3001 3002 3000 2999 3002 3005 3003 3001 2994 2989 2990 2991 2994 2996 2996 2996 2998 2999 
2997 2997 2997 2997 2997 2997 2996 2993 2989 2990 2992 2992 2992 2992 2992 2989 2985 2982 2980 2985 2993 2997 2999 2997 2992 2991 2991 2992 2994 2997 3001 2999 2994 2993 2999 3000 2995 2992 2993 2996 2999 3001 2999 2998 2999 3001 3004 3005 3004 3002 2998 2996 2999 3000 2995 2990 2988 2987 2995 3002 3001 3001 3001 3001 
2999 2999 3000 2999 2997 2997 2997 2995 2992 2992 2993 2993 2992 2993 2994 2990 2985 2983 2982 2987 2995 2997 2998 2995 2990 2990 2992 2994 2997 2999 3000 2998 2994 2994 3000 3001 2997 2994 2992 2993 2997 3000 2997 2997 3002 3005 3006 3005 3002 2999 2997 2996 2996 2996 2991 2988 2989 2991 2994 2998 3001 3003 3001 2999 
3003 3002 3002 2999 2997 2997 2998 2997 2996 2997 2998 2996 2993 2995 2998 2994 2987 2987 2991 2993 2996 2997 2997 2994 2988 2989 2994 2999 3004 3004 3001 2998 2995 2996 3000 3002 3001 2998 2991 2989 2994 2996 2995 2997 3005 3011 3007 3002 2997 2993 2998 3000 2994 2989 2986 2984 2991 2998 2993 2989 2997 3005 3000 2995 
3000 3001 3002 2999 2995 2996 2996 2998 3001 3000 3000 2998 2996 2997 2999 2997 2993 2993 2995 2996 2997 2998 2999 2996 2991 2992 2996 3000 3005 3005 3000 2999 2999 3001 3002 3002 2999 2997 2994 2993 2994 2995 2993 2995 3003 3007 3004 3001 2996 2994 2998 3001 2995 2990 2989 2988 2994 2998 2993 2989 2997 3006 3000 2995 
2993 2997 3000 2997 2993 2993 2994 2999 3005 3003 3000 3001 3002 3000 2998 2999 3001 2999 2996 2996 2997 2999 3001 3000 2997 2997 2999 3001 3002 3002 2999 3000 3006 3007 3005 3001 2993 2992 2998 3001 2997 2994 2993 2993 2997 2999 3000 2999 2998 2997 2999 3000 2997 2995 2996 2998 2997 2995 2994 2993 2999 3005 3001 2996 
2995 2998 3001 2997 2993 2994 2994 2998 3003 3002 3000 3001 3002 3001 2998 3001 3005 3003 2998 2997 2997 2998 3001 3000 2999 2998 2997 2998 3000 3000 2999 3001 3007 3008 3006 3001 2996 2995 3002 3004 3001 2999 2998 2997 2997 2997 2998 2998 2997 2997 2999 3001 2999 2998 3000 3001 2999 2997 2998 2999 3004 3009 3002 2995 
3001 3002 3003 2999 2995 2996 2997 2997 2997 2998 2999 3000 3000 2999 2999 3001 3005 3004 3001 2998 2996 2996 2998 2998 2997 2995 2994 2995 2997 2999 3000 3002 3004 3005 3004 3004 3004 3004 3005 3005 3006 3006 3006 3005 3001 2998 2997 2996 2995 2994 2999 3002 3001 3001 3001 3000 3000 3001 3003 3005 3011 3016 3004 2991 
3006 3004 3001 2998 2995 2996 2997 2996 2994 2996 3000 3001 3002 3001 2999 3001 3004 3003 3002 2999 2996 2996 2998 2998 2997 2996 2995 2996 2999 3001 3003 3003 3002 3002 3002 3003 3005 3006 3004 3005 3007 3008 3007 3006 3003 3001 2999 2998 2997 2998 3001 3003 3003 3003 3003 3004 3004 3004 3004 3005 3008 3010 3001 2991 
3012 3004 2996 2995 2994 2995 2996 2994 2991 2996 3001 3004 3007 3004 2999 2999 3001 3002 3002 3001 2999 2998 2999 2999 2998 2999 3001 3002 3003 3004 3006 3005 3000 2998 2999 3001 3003 3003 3002 3002 3006 3007 3004 3002 3003 3004 3002 3001 3003 3005 3004 3003 3003 3004 3007 3010 3008 3006 3004 3002 2999 2996 2994 2992 
3009 3003 2997 2997 2997 2997 2998 2995 2992 2996 3000 3003 3005 3004 3001 3000 2999 3000 3003 3002 3001 3000 2999 2999 3000 3002 3005 3006 3005 3006 3008 3006 3000 2997 2998 2998 2999 3000 2999 3001 3006 3007 3003 3001 3003 3004 3003 3002 3004 3005 3003 3002 3004 3006 3008 3009 3009 3009 3006 3003 2997 2991 2993 2996 
3001 3002 3003 3003 3003 3003 3003 2999 2996 2996 2997 2998 2998 3001 3005 3002 2997 2999 3003 3004 3002 3001 3000 3000 3001 3003 3007 3007 3005 305 3007 3006 3002 2999 2997 2996 2995 2995 2996 2999 3006 3009 3006 3003 3002 3001 3001 3001 3000 2999 3000 3001 3006 3009 3006 3003 3008 3012 3010 3007 3000 2993 2997 3001 
2999 3002 3005 3005 3005 3005 3005 3001 2996 2996 2996 2997 2997 3000 3003 3000 2996 2998 3003 3005 3005 3003 3001 3000 3000 3001 3004 3005 3004 3005 3006 3005 3001 2999 2997 2996 2994 2994 2996 2999 3004 3006 3006 3005 3001 2998 3001 3003 3000 2998 2998 2999 3004 3007 3003 3001 3006 3010 3007 3004 3000 2997 2999 3000 
3004 3004 3004 3003 3002 3003 3005 3000 2994 2995 2996 2999 3001 2999 2997 2996 2996 2999 3002 3005 3008 3006 3002 2999 2996 2996 2997 3000 3003 3004 3003 3001 2998 2997 2998 2998 2997 2997 2999 3000 2998 3000 3006 3007 3000 2996 3003 3007 3004 3001 2999 2998 2998 2999 3001 3003 3003 3003 2998 2994 2999 3003 2999 2995 
3004 3005 3005 3002 3000 3002 3005 3000 2994 2996 3000 3002 3004 3001 2997 2999 3001 3002 3003 3005 3009 3007 3003 3000 2998 2997 2995 2997 3001 3002 3000 2999 2997 2998 3002 3004 3001 3000 3001 3000 2996 2997 3005 3008 3002 2999 3005 3008 3006 3003 3000 2997 2997 2997 3000 3002 3003 3003 2997 2991 2999 3007 3001 2994 
3001 3004 3007 3003 3000 3003 3006 3001 2996 3001 3008 3008 3006 3006 3006 3008 3011 3009 3005 3006 3009 3008 3005 3005 3007 3004 2997 2996 2999 2999 2998 2997 2997 3001 3009 3012 3007 3003 3001 2998 2997 2998 3005 3009 3007 3006 3006 3006 3007 3006 3002 2999 3001 3002 3000 2999 3005 3010 3002 2995 3003 3009 3004 2999 
2995 3001 3008 3003 2999 3002 3005 3003 2999 3004 3010 3009 3006 3008 3010 3012 3014 3010 3004 3005 3009 3009 3006 3007 3009 3006 2999 2997 2998 2998 2997 2996 2996 3001 3012 3015 3010 3005 3002 3000 3000 3001 3003 3005 3006 3007 3006 3005 3006 3005 3001 2998 3002 3005 3001 2998 3006 3012 3004 2997 3003 3008 3005 3002 
2987 2997 3007 3002 2997 2999 3001 3003 3006 3007 3007 3006 3004 3006 3008 3009 3009 3004 2996 3001 3011 3011 3008 3005 3004 3002 3000 2999 2999 2999 2998 2997 2995 2999 3009 3013 3009 3005 3003 3003 3006 3006 3000 2997 2999 3001 3004 3005 3004 3001 2997 2995 3001 3005 3002 3000 3003 3006 3001 2997 3000 3003 3003 3003 
2985 2994 3002 2998 2993 2996 2999 3003 3008 3005 3002 3001 3000 3003 3006 3006 3006 3001 2994 3000 3010 3011 3007 3005 3003 3002 3001 3000 3000 3000 3001 2999 2994 2997 3007 3011 3007 3004 3005 3006 3007 3005 2999 2995 2999 3002 3004 3005 3003 3000 2998 2996 3000 3002 3001 3000 3002 3003 3001 3000 3000 2999 3003 3006 
2993 2992 2992 2989 2986 2992 2998 3001 3003 2999 2994 2994 2994 2998 3003 3004 3004 3002 2999 3002 3007 3006 3003 3005 3009 3007 3002 3000 2999 3001 3004 3003 2996 2997 3006 3008 3003 3002 3007 3008 3001 2998 3001 3003 3007 3010 3007 3005 3003 3002 3004 3004 2999 2995 2996 2997 3000 3004 3007 3009 3003 2997 3004 3011 
2999 2994 2990 2987 2984 2991 2999 3001 3002 2997 2992 2992 2994 2998 3003 3003 3003 3002 3002 3002 3004 3002 2998 3001 3009 3007 3000 2997 2998 3001 3005 3004 2997 2997 3003 3005 3001 3001 3007 3007 2999 2996 3003 3008 3011 3012 3007 3003 3004 3004 3006 3006 2999 2993 2994 2995 2999 3003 3006 3009 3002 2997 3003 3008 
3001 3001 3001 2996 2990 2995 3002 3003 3004 3001 2998 3000 3003 3004 3005 3004 3003 3002 3000 3001 3002 2998 2990 2992 2998 2998 2993 2993 2996 2998 3001 3001 2997 2997 2999 3001 3002 3003 3004 3004 3003 3003 3005 3006 3006 3005 3001 2999 3004 3006 3003 3000 2999 2999 2998 2997 2997 2998 2995 2993 2996 2998 2996 2994 
3002 3004 3006 3001 2995 3000 3005 3005 3004 3004 3004 3006 3009 3008 3005 3005 3004 3002 3000 3001 3003 2999 2991 2990 2994 2994 2992 2993 2996 2998 2999 2998 2996 2996 2998 3000 3004 3005 3002 3002 3005 3006 3007 3006 3004 3002 2999 2998 3003 3006 3001 2997 3000 3002 3000 2998 2998 2997 2991 2985 2993 3000 2994 2988 
2999 2999 3000 3000 3001 3005 3008 3006 3003 3005 3008 3008 3008 3006 3003 3004 3007 3005 3000 3003 3009 3008 3005 3003 3003 3001 2999 2999 3001 3001 3001 2998 2992 2992 2999 3004 3006 3006 3004 3003 3002 3003 3007 3010 3008 3006 3004 3003 3003 3003 3001 3000 3001 3001 3000 3000 3004 3006 2998 2991 2997 3004 3000 2996 
2996 2997 2997 3000 3003 3006 3009 3005 3001 3005 3010 3009 3008 3005 3002 3004 3008 3006 3001 3004 3011 3013 3013 3011 3008 3005 3003 3003 3003 3002 3001 2997 2990 2991 3000 3005 3005 3006 3007 3006 3003 3003 3008 3011 3010 3009 3008 3006 3002 2999 3002 3004 3002 3001 3001 3001 3007 3011 3003 2996 3001 3006 3005 3004 
2994 2999 3003 3001 2999 3000 3002 3000 2997 3001 3005 3007 3009 3007 3005 3006 3008 3005 3002 3004 3008 3009 3009 3008 3006 3004 3002 3001 3000 2999 2997 2996 2996 2997 2999 3000 2999 3002 3010 3014 3011 3009 3008 3008 3008 3008 3007 3004 2998 2995 3002 3007 3006 3005 3002 3000 3005 3010 3005 3000 3002 3005 3007 3010 
2992 2999 3007 3001 2995 2997 2999 2997 2995 2998 3003 3006 3009 3008 3008 3007 3006 3005 3003 3003 3005 3006 3006 3005 3004 3002 3001 3000 3000 2998 2994 2995 3000 3001 2999 2998 2997 3002 3013 3019 3015 3011 3008 3005 3006 3006 3005 3002 2997 2994 3002 3008 3008 3007 3002 2999 3003 3007 3005 3003 3004 3006 3009 3012 
2993 2998 3003 2998 2992 2999 3007 3001 2993 2998 3005 3006 3007 3007 3008 3006 3003 3002 3003 3004 3004 3004 3003 3002 3001 3000 2999 3001 3005 3002 2995 2994 2999 3002 3003 3004 3005 3009 3016 3017 3008 3003 3004 3005 3004 3002 3000 2999 3000 3001 3002 3004 3005 3005 3001 2998 3000 3001 3003 3005 3008 3010 3009 3007 
2994 2997 3000 2995 2990 3000 3011 3003 2993 2998 3006 3007 3006 3007 3008 3005 3001 3001 3004 3004 3005 3003 3001 3000 2999 2998 2998 3002 3007 3005 2996 2994 3000 3004 3007 3009 3011 3014 3017 3015 3003 2997 3001 3004 3003 3001 2999 2998 3003 3006 3004 3003 3003 3003 3000 2997 2997 2998 3003 3007 3010 3012 3008 3003 
2994 2997 3001 2996 2991 2998 3005 3000 2994 3001 3009 3011 3011 3009 3006 3004 3001 3002 3005 3007 3010 3008 3003 3001 3000 3001 3003 3004 3005 3003 2996 2997 3003 3006 3007 3008 3008 3010 3014 3013 3006 3002 3002 3003 3008 3010 3007 3004 3003 3004 3008 3011 3004 2998 2996 2995 2999 3004 3008 3012 3010 3007 3004 3001 
2994 2997 3001 2996 2992 2996 3002 2998 2995 3002 3010 3013 3013 3010 3006 3005 3004 3004 3005 3009 3015 3013 3006 3003 3003 3004 3007 3007 3004 3001 2997 2998 3004 3007 3008 3008 3008 3010 3012 3012 3008 3005 3003 3004 3012 3016 3012 3008 3003 3001 3010 3016 3004 2995 2994 2994 3001 3008 3011 3014 3008 3002 3001 3001 
2992 2996 3000 2997 2994 3000 3006 3001 2995 3000 3006 3009 3012 3011 3010 3011 3011 3008 3002 3008 3018 3016 3009 3007 3008 3010 3012 3010 3005 3001 2998 2998 3002 3005 3008 3011 3016 3019 3019 3016 3008 3004 3007 3010 3014 3016 3010 3005 3000 2999 3006 3010 3002 2996 2998 3000 3003 3006 3007 3008 3004 3000 3002 3003 
2990 2995 2999 2997 2996 3001 3008 3002 2996 2998 3003 3006 3009 3011 3013 3015 3017 3011 3001 3007 3019 3018 3012 3010 3012 3013 3015 3012 3006 3002 3000 3000 3001 3004 3008 3015 3022 3025 3022 3017 3008 3004 3009 3013 3015 3015 3009 3003 3000 2998 3002 3005 3000 2997 3001 3004 3003 3002 3003 3003 3000 2997 3001 3004 
2987 2990 2993 2993 2993 2996 2999 2999 2998 3001 3005 3005 3005 3007 3010 3013 3017 3013 3007 3006 3008 3012 3016 3015 3010 3008 3009 3008 3005 3005 3006 3007 3007 3009 3014 3018 3022 3022 3017 3012 3008 3005 3006 3007 3008 3009 3009 3009 3008 3006 3002 2998 2998 2997 2999 2999 2995 2991 2997 3001 2998 2994 2997 2999 
2985 2986 2988 2989 2990 2991 2992 2996 3001 3003 3005 3002 2999 3003 3008 3012 3016 3014 3011 3006 3000 3006 3019 3018 3008 3004 3004 3004 3004 3007 3012 3013 3012 3014 3019 3022 3022 3020 3013 3008 3007 3005 3003 3002 3003 3005 3010 3013 3014 3012 3001 2993 2996 2998 2998 2996 2988 2982 2992 3000 2996 2992 2994 2996 
2992 2989 2986 2986 2986 2993 2999 3001 3001 2998 2994 2992 2991 2998 3007 3011 3013 3011 3006 3004 3002 3007 3014 3013 3009 3005 3001 3001 3004 3007 3011 3011 3008 3011 3020 3024 3021 3018 3013 3009 3004 3001 3000 3000 3005 3007 3007 3006 3006 3005 3001 2998 3000 3002 3002 3002 2992 2985 2994 3003 3002 3000 3000 2999 
2999 2992 2986 2985 2984 2995 3005 3004 3002 2995 2987 2985 2985 2994 3007 3010 3011 3008 3004 3003 3005 3007 3010 3010 3009 3005 3000 3000 3004 3008 3011 3010 3005 3009 3021 3025 3020 3016 3013 3009 3002 2998 2998 3000 3006 3009 3005 3001 3000 2999 3000 3002 3003 3005 3006 3006 2996 2988 2997 3006 3006 3007 3004 3001 
3007 3002 2997 2996 2996 2999 3002 3000 2996 2997 2999 2998 2996 3003 3011 3014 3017 3016 3014 3011 3009 3010 3014 3013 3009 3006 3002 3002 3006 3009 3012 3013 3011 3013 3019 3021 3019 3016 3013 3010 3007 3004 3002 3002 3005 3007 3007 3007 3004 3002 3000 2999 3000 3001 3002 3002 2998 2995 3000 3004 3006 3007 3001 2995 
3014 3010 3007 3007 3006 3003 3000 2996 2993 3001 3011 3010 3007 3010 3015 3018 3021 3022 3022 3018 3012 3013 3018 3015 3009 3006 3004 3005 3008 3011 3014 3016 3017 3018 3018 3018 3017 3016 3012 3010 3010 3010 3006 3004 3004 3005 3010 3012 3008 3004 3000 2997 2998 2998 2998 2999 3000 3001 3002 3003 3006 3008 2999 2991 
3003 3003 3003 3007 3011 3008 3005 3004 3004 3009 3014 3012 3009 3011 3014 3016 3018 3017 3014 3014 3013 3017 3022 3019 3009 3007 3010 3010 3009 3012 3019 3022 3022 3021 3019 3019 3019 3017 3011 3007 3008 3007 3005 3005 3009 3012 3014 3015 3011 3008 3009 3009 3001 2996 3002 3007 3002 2997 2997 2997 3005 3012 3005 2999 
2993 2996 2999 3007 3014 3012 3009 3012 3014 3016 3017 3014 3010 3011 3013 3014 3015 3012 3007 3010 3014 3020 3026 3021 3010 3009 3015 3015 3010 3013 3023 3027 3026 3024 3020 3019 3021 3018 3010 3005 3005 3005 3004 3006 3013 3018 3019 3018 3014 3012 3018 3020 3005 2994 3005 3014 3003 2994 2992 2992 3004 3015 3010 3006 
2993 2997 3001 3007 3014 3011 3008 3010 3012 3014 3016 3012 3006 3011 3018 3019 3017 3014 3011 3010 3011 3013 3017 3015 3009 3010 3015 3017 3016 3019 3025 3026 3022 3018 3013 3012 3015 3014 3008 3005 3008 3008 3002 3001 3009 3016 3023 3026 3019 3014 3015 3014 3002 2993 3004 3012 3004 2997 3000 3003 3003 3003 3003 3003 
2993 2998 3003 3008 3012 3010 3007 3008 3009 3012 3014 3009 3002 3011 3023 3023 3020 3017 3014 3011 3007 3007 3008 3008 3009 3011 3014 3018 3021 3024 3026 3024 3018 3012 3006 3004 3009 3010 3006 3005 3010 3010 3001 2997 3005 3014 3027 3034 3024 3015 3013 3009 2999 2993 3003 3011 3005 3000 3008 3014 3003 2992 2997 3001 
2990 3000 3010 3007 3005 3009 3014 3014 3014 3013 3013 3009 3004 3009 3017 3018 3018 3017 3015 3013 3009 3010 3013 3011 3007 3008 3012 3016 3020 3022 3023 3021 3015 3012 3011 3011 3013 3012 3009 3006 3003 3002 3005 3009 3017 3024 3031 3033 3023 3014 3010 3006 3002 2999 3005 3010 3007 3004 3008 3010 3002 2995 3002 3010 
2988 3002 3017 3007 2997 3008 3020 3020 3018 3015 3011 3008 3005 3007 3010 3013 3015 3016 3017 3015 3011 3013 3017 3014 3006 3006 3010 3014 3018 3020 3020 3017 3012 3011 3016 3018 3017 3015 3012 3006 2996 2994 3009 3021 3029 3034 3034 3031 3022 3013 3007 3002 3004 3005 3007 3008 3009 3009 3007 3006 3001 2997 3008 3018 