3056 3056 3056 3054 3051 3052 3054 3051 3047 3050 3053 3048 3042 3039 3036 3033 3032 3030 3028 3028 3028 3025 3020 3015 3011 3011 3013 3013 3012 3009 3004 3004 3008 3007 3000 2997 2999 2999 2998 2999 3004 3006 3003 3001 2999 2999 3001 3003 3005 3006 3004 3002 3005 3006 2999 2994 3000 3006 3009 3011 3005 3000 2993 2986 
3050 3048 3047 3045 3043 3044 3045 3042 3039 3040 3042 3040 3036 3034 3033 3030 3026 3024 3024 3024 3025 3024 3023 3019 3014 3012 3012 3011 3010 3010 3013 3013 3012 3009 3005 3004 3008 3008 3000 2999 3006 3009 3006 3003 3000 2999 3000 3002 3006 3009 3009 3007 3004 3002 3001 3001 2999 2997 2999 3001 3003 3004 2996 2987 
3044 3041 3037 3036 3034 3035 3035 3033 3031 3031 3032 3031 3030 3030 3030 3026 3020 3019 3019 3021 3022 3024 3025 3022 3017 3013 3011 3009 3007 3011 3021 3022 3016 3012 3010 3012 3018 3016 3003 2998 3007 3012 3008 3005 3001 2999 3000 3002 3007 3012 3013 3012 3003 2997 3004 3008 2997 2987 2989 2992 3001 3009 2999 2989 
3040 3039 3039 3039 3039 3037 3035 3034 3034 3033 3031 3030 3029 3027 3024 3021 3019 3018 3018 3019 3021 3018 3015 3012 3011 3011 3012 3013 3013 3014 3015 3016 3015 3013 3012 3011 3012 3011 3008 3007 3009 3009 3008 3007 3004 3003 3005 3007 3008 3009 3007 3006 3004 3003 3005 3007 3003 2999 2998 2997 2997 2998 2997 2996 
3035 3038 3041 3043 3045 3040 3035 3036 3038 3035 3031 3029 3028 3023 3017 3016 3018 3018 3018 3018 3019 3013 3003 3002 3004 3008 3014 3017 3020 3017 3009 3008 3013 3015 3013 3010 3005 3005 3014 3017 3010 3007 3008 3009 3008 3008 3010 3012 3009 3005 3001 2999 3005 3009 3006 3005 3009 3012 3007 3002 2994 2986 2995 3004 
3039 3037 3036 3035 3034 3032 3030 3032 3036 3032 3027 3026 3025 3024 3023 3020 3017 3017 3019 3018 3016 3010 3003 3003 3008 3009 3009 3009 3009 3008 3007 3007 3006 3006 3007 3006 3003 3003 3008 3009 3004 3001 3001 3001 3001 3002 3004 3007 3009 3010 3007 3005 3004 3003 3000 2998 3005 3011 3007 3003 2996 2989 2994 2999 
3043 3036 3030 3026 3022 3023 3024 3028 3033 3029 3023 3022 3022 3025 3029 3024 3017 3017 3019 3017 3012 3007 3003 3005 3012 3011 3004 3000 2997 2999 3006 3005 2999 2997 3000 3002 3002 3002 3001 2999 2998 2996 2993 2992 2994 2995 2997 3001 3009 3015 3014 3012 3004 2996 2993 2992 3001 3010 3006 3003 2998 2993 2993 2994 
3010 3007 3004 2999 2995 2997 2999 3001 3003 3006 3008 3005 3001 3001 3002 3000 2996 2997 2999 2999 2999 2995 2990 2993 2999 2998 2994 2992 2992 2993 2997 2996 2990 2990 2993 2995 2993 2992 2994 2994 2993 2992 2995 2997 2996 2996 2996 2997 2999 3002 3006 3008 3000 2993 2990 2990 3000 3008 3003 2998 2998 2997 2997 2996 
2974 2975 2976 2970 2965 2968 2971 2971 2970 2980 2992 2987 2978 2974 2972 2972 2973 2975 2976 2979 2984 2982 2977 2978 2984 2985 2983 2984 2987 2988 2987 2985 2982 2983 2986 2986 2983 2983 2988 2990 2988 2990 2998 3002 2999 2997 2996 2994 2989 2988 2997 3002 2995 2989 2988 2988 2998 3006 2999 2993 2997 3001 3000 3000 
2959 2965 2971 2970 2968 2969 2969 2970 2971 2975 2979 2975 2970 2970 2970 2972 2974 2975 2975 2977 2979 2980 2980 2982 2985 2984 2981 2982 2987 2988 2986 2986 2987 2987 2986 2983 2979 2979 2985 2989 2991 2993 2996 2998 2998 2997 2996 2995 2993 2992 2994 2996 2998 2998 2993 2989 2996 3002 2996 2991 2994 2997 2997 2997 
2947 2958 2970 2973 2976 2974 2971 2973 2976 2971 2966 2965 2965 2969 2973 2976 2978 2978 2978 2977 2975 2979 2985 2988 2988 2985 2980 2982 2987 2989 2987 2988 2993 2992 2986 2981 2977 2977 2982 2988 2995 2998 2994 2992 2996 2998 2997 2997 2999 2999 2993 2990 3001 3009 2999 2990 2995 2999 2994 2989 2990 2991 2992 2993 
2954 2962 2970 2974 2978 2977 2976 2978 2979 2975 2970 2969 2970 2972 2974 2977 2981 2983 2983 2981 2978 2981 2988 2989 2988 2985 2982 2983 2988 2990 2990 2991 2993 2993 2992 2990 2987 2988 2991 2995 3001 3004 3002 3002 3006 3008 3008 3007 3006 3004 2999 2998 3005 3010 3001 2994 2996 2997 2994 2991 2989 2988 2988 2989 
2964 2967 2970 2974 2978 2980 2983 2982 2982 2979 2976 2976 2977 2975 2974 2978 2985 2988 2989 2986 2982 2984 2990 2990 2987 2985 2983 2985 2988 2991 2994 2994 2992 2993 2998 3001 3000 3000 3001 3003 3006 3009 3012 3015 3018 3021 3021 3020 3013 3007 3007 3007 3009 3009 3003 2998 2997 2996 2995 2993 2989 2985 2985 2986 
2974 2975 2976 2978 2979 2979 2978 2979 2981 2980 2979 2979 2980 2978 2975 2980 2987 2986 2983 2982 2982 2983 2985 2987 2987 2988 2989 2991 2994 2995 2996 2996 2995 2997 3001 3004 3005 3006 3007 3009 3015 3018 3018 3019 3021 3023 3025 3025 3020 3015 3012 3010 3013 3014 3007 3001 3000 2998 2997 2995 2988 2981 2985 2989 
2985 2984 2984 2982 2980 2976 2972 2975 2979 2981 2982 2982 2982 2980 2978 2982 2988 2983 2975 2976 2980 2981 2979 2982 2987 2992 2996 2999 3000 3000 2998 2998 3000 3002 3003 3005 3008 3010 3011 3015 3024 3028 3023 3020 3021 3022 3026 3029 3027 3023 3015 3010 3017 3021 3012 3004 3003 3001 2999 2997 2987 2978 2986 2994 
2993 2991 2988 2987 2985 2983 2981 2983 2986 2985 2985 2983 2982 2981 2981 2982 2984 2980 2974 2977 2984 2985 2983 2985 2990 2993 2997 3000 3004 3005 3004 3004 3005 3006 3007 3009 3010 3013 3016 3022 3030 3033 3027 3024 3026 3028 3028 3027 3025 3021 3016 3014 3020 3024 3014 3006 3002 2998 2998 2998 2991 2983 2986 2988 
3000 2996 2991 2991 2991 2992 2993 2994 2995 2991 2987 2985 2982 2983 2984 2982 2979 2977 2976 2981 2988 2991 2990 2991 2992 2994 2995 3000 3008 3011 3011 3011 3010 3011 3012 3012 3011 3014 3022 3029 3036 3038 3032 3029 3034 3035 3030 3024 3020 3017 3017 3018 3023 3026 3016 3007 3000 2994 2997 2999 2995 2991 2985 2979 
3001 2995 2990 2991 2993 2997 3001 2999 2996 2992 2988 2987 2987 2986 2985 2982 2980 2980 2982 2987 2992 2993 2991 2992 2995 2998 3001 3004 3006 3009 3013 3014 3014 3014 3015 3015 3014 3016 3021 3027 3033 3036 3036 3036 3038 3037 3032 3027 3024 3023 3023 3023 3026 3026 3019 3011 3004 2999 3001 3003 2998 2994 2989 2983 
3000 2993 2986 2990 2994 3000 3007 3001 2994 2991 2988 2990 2993 2990 2984 2983 2983 2986 2990 2993 2995 2993 2989 2992 2999 3005 3010 3008 3001 3003 3012 3017 3017 3018 3017 3016 3016 3017 3018 3021 3027 3033 3040 3044 3041 3038 3033 3031 3032 3033 3031 3029 3028 3026 3021 3016 3011 3007 3008 3007 3001 2996 2994 2992 
3002 2997 2992 2993 2993 3000 3007 3004 2999 2994 2990 2992 2995 2991 2985 2986 2988 2992 2997 2996 2994 2992 2990 2994 3003 3008 3012 3011 3005 3006 3014 3019 3021 3021 3018 3017 3018 3018 3020 3022 3028 3035 3045 3052 3049 3046 3040 3036 3035 3034 3033 3031 3028 3026 3022 3018 3017 3016 3012 3007 3003 2999 2997 2994 
3004 3003 3003 2997 2992 2998 3006 3006 3006 3000 2993 2994 2996 2992 2987 2989 2994 2999 3004 2999 2991 2989 2991 2997 3007 3011 3012 3012 3011 3013 3016 3020 3024 3024 3018 3016 3018 3021 3023 3026 3031 3039 3052 3060 3060 3058 3050 3042 3037 3033 3032 3031 3028 3025 3022 3019 3023 3025 3015 3006 3005 3004 2999 2994 
3008 3008 3007 3004 3001 3005 3010 3012 3014 3008 3000 3001 3003 3001 2998 3000 3004 3006 3009 3006 3001 2999 2999 3006 3016 3018 3016 3015 3014 3015 3018 3020 3022 3021 3018 3016 3017 3019 3022 3026 3030 3037 3050 3060 3062 3061 3053 3045 3038 3034 3034 3033 3029 3024 3020 3018 3023 3026 3015 3005 3006 3007 3001 2996 
3012 3010 3009 3012 3015 3015 3016 3019 3023 3017 3009 3011 3014 3015 3014 3015 3016 3015 3013 3015 3018 3016 3012 3017 3026 3027 3022 3018 3015 3016 3020 3020 3017 3016 3016 3016 3015 3016 3019 3023 3027 3033 3045 3055 3059 3060 3052 3045 3040 3036 3037 3036 3030 3023 3019 3015 3020 3022 3013 3005 3007 3008 3004 2999 
3014 3010 3006 3008 3010 3011 3012 3014 3016 3012 3008 3010 3014 3013 3012 3012 3012 3011 3009 3012 3017 3016 3013 3018 3026 3028 3026 3022 3016 3015 3018 3018 3015 3015 3017 3018 3016 3016 3018 3021 3026 3031 3038 3045 3052 3055 3047 3040 3037 3035 3035 3035 3030 3026 3022 3018 3020 3022 3016 3011 3011 3012 3008 3004 
3015 3008 3000 2997 2994 2998 3001 3002 3002 3002 3001 3004 3007 3004 3000 2999 3000 3000 3001 3003 3006 3007 3009 3014 3021 3025 3028 3024 3016 3013 3015 3015 3015 3016 3020 3021 3020 3018 3018 3020 3026 3030 3030 3033 3043 3048 3039 3032 3032 3031 3031 3031 3031 3030 3027 3024 3024 3023 3021 3019 3018 3017 3014 3011 
3011 3002 2994 2993 2993 2994 2996 2995 2995 2995 2996 3000 3003 3000 2995 2995 2997 2997 2997 2999 3001 3004 3007 3012 3018 3023 3027 3024 3017 3015 3017 3018 3017 3018 3020 3021 3020 3019 3017 3019 3027 3031 3029 3031 3043 3049 3044 3039 3038 3037 3035 3033 3032 3032 3030 3028 3026 3024 3024 3024 3020 3017 3016 3015 
3002 2995 2988 2994 3000 2997 2993 2992 2992 2992 2993 2997 3002 2999 2995 2996 3000 2999 2996 2997 3001 3004 3006 3011 3016 3020 3023 3022 3018 3019 3023 3023 3020 3019 3019 3019 3019 3018 3016 3019 3028 3033 3031 3034 3047 3056 3056 3055 3052 3049 3043 3039 3035 3032 3032 3032 3027 3023 3024 3025 3020 3014 3016 3017 
2993 2990 2987 2994 3001 2996 2991 2992 2992 2992 2991 2994 2998 2997 2997 2998 3000 2998 2993 2994 2998 3002 3006 3011 3017 3020 3021 3021 3020 3021 3026 3026 3021 3019 3019 3019 3020 3020 3019 3021 3027 3031 3033 3038 3051 3062 3064 3066 3065 3063 3060 3056 3046 3038 3036 3034 3031 3028 3028 3027 3022 3016 3018 3019 
2985 2987 2988 2992 2996 2994 2991 2992 2994 2993 2991 2991 2992 2995 2999 3000 2999 2995 2990 2990 2992 2998 3007 3013 3018 3020 3021 3021 3021 3023 3027 3026 3021 3019 3019 3021 3023 3024 3024 3024 3025 3028 3034 3043 3056 3067 3070 3073 3076 3079 3083 3082 3064 3047 3041 3035 3036 3037 3033 3029 3026 3022 3022 3021 
2984 2987 2989 2991 2992 2990 2987 2989 2991 2991 2991 2990 2989 2992 2996 2995 2993 2991 2988 2988 2989 2996 3005 3013 3020 3022 3022 3022 3023 3023 3024 3023 3019 3018 3019 3021 3024 3026 3025 3024 3025 3028 3038 3049 3063 3073 3077 3080 3083 3087 3091 3090 3070 3052 3043 3036 3037 3038 3033 3029 3028 3028 3025 3022 
2989 2990 2991 2989 2988 2984 2981 2983 2986 2988 2990 2990 2990 2988 2986 2985 2984 2985 2988 2988 2988 2993 3001 3011 3022 3026 3025 3025 3024 3022 3019 3017 3016 3017 3019 3021 3024 3025 3023 3023 3026 3032 3043 3055 3070 3082 3084 3086 3087 3087 3087 3084 3069 3054 3045 3036 3033 3030 3028 3026 3030 3033 3028 3022 
2993 2991 2989 2988 2987 2983 2979 2981 2983 2986 2989 2990 2989 2988 2986 2984 2983 2984 2986 2987 2988 2993 2999 3010 3024 3028 3025 3024 3024 3022 3018 3016 3017 3018 3019 3022 3025 3026 3022 3022 3029 3037 3049 3062 3075 3086 3087 3089 3088 3087 3085 3081 3069 3057 3049 3040 3033 3027 3028 3029 3033 3037 3030 3023 
2994 2989 2984 2986 2988 2985 2981 2982 2984 2987 2989 2989 2988 2990 2992 2992 2990 2987 2983 2985 2990 2995 3001 3011 3025 3027 3021 3020 3022 3022 3020 3020 3021 3021 3021 3023 3028 3028 3022 3022 3032 3044 3057 3069 3079 3086 3087 3088 3087 3085 3084 3081 3072 3063 3055 3048 3037 3027 3032 3036 3038 3040 3032 3024 
2999 2995 2990 2994 2997 2994 2990 2990 2990 2992 2995 2993 2990 2994 2999 2998 2995 2990 2985 2988 2994 2998 3002 3011 3022 3025 3023 3021 3021 3021 3022 3022 3023 3023 3021 3023 3028 3030 3027 3029 3040 3052 3065 3076 3082 3088 3090 3091 3088 3086 3086 3083 3070 3058 3055 3051 3039 3030 3037 3043 3041 3039 3033 3027 
3008 3008 3009 3012 3014 3011 3007 3004 3000 3003 3007 3003 2997 2999 3004 3002 2998 2996 2994 2996 3000 3003 3005 3010 3017 3023 3029 3028 3022 3020 3023 3024 3024 3023 3021 3022 3027 3032 3038 3045 3054 3064 3075 3083 3087 3091 3096 3099 3093 3088 3091 3087 3063 3043 3047 3050 3041 3034 3043 3051 3042 3032 3032 3031 
3004 3008 3012 3014 3016 3012 3008 3005 3002 3005 3010 3005 2999 3000 3002 3001 2999 2996 2994 2996 2999 3000 3001 3005 3012 3021 3031 3032 3025 3023 3025 3026 3024 3024 3024 3026 3031 3038 3047 3056 3065 3073 3081 3087 3088 3090 3097 3100 3094 3089 3092 3089 3061 3039 3047 3052 3045 3039 3050 3058 3043 3028 3030 3031 
2984 2991 2997 2999 3000 2995 2989 2991 2993 2996 3000 2999 2996 2994 2991 2993 2995 2992 2985 2986 2988 2989 2990 2996 3006 3018 3030 3033 3030 3029 3029 3027 3023 3024 3031 3036 3042 3047 3053 3062 3073 3081 3084 3085 3085 3087 3092 3095 3090 3087 3088 3086 3066 3050 3055 3058 3052 3047 3057 3065 3045 3025 3026 3027 
2976 2983 2990 2990 2989 2986 2982 2985 2988 2991 2993 2994 2995 2992 2987 2989 2993 2989 2983 2983 2985 2985 2984 2991 3001 3015 3031 3037 3036 3035 3034 3031 3028 3030 3038 3045 3051 3056 3061 3068 3078 3084 3084 3084 3085 3086 3089 3092 3090 3088 3088 3086 3073 3062 3065 3067 3059 3052 3061 3068 3046 3025 3024 3023 
2986 2990 2993 2990 2987 2988 2989 2990 2990 2990 2991 2994 2997 2995 2992 2991 2991 2991 2990 2990 2992 2990 2987 2990 2996 3013 3035 3044 3043 3042 3041 3041 3039 3041 3047 3052 3058 3064 3070 3075 3078 3081 3082 3084 3087 3089 3091 3093 3092 3092 3093 3091 3082 3075 3077 3078 3066 3056 3061 3064 3046 3028 3023 3018 
2991 2993 2995 2991 2986 2991 2996 2994 2992 2992 2992 2995 2999 2997 2993 2992 2990 2991 2993 2994 2994 2992 2988 2990 2995 3012 3039 3050 3050 3050 3051 3052 3052 3054 3056 3060 3065 3070 3074 3077 3077 3077 3080 3083 3087 3090 3091 3092 3094 3096 3095 3093 3087 3082 3083 3082 3071 3061 3063 3063 3047 3031 3024 3016 
2990 2993 2996 2991 2985 2993 3001 2998 2993 2995 2998 2998 2998 2994 2990 2989 2989 2991 2993 2993 2991 2990 2988 2992 2997 3016 3042 3055 3058 3061 3065 3066 3066 3066 3066 3067 3071 3073 3071 3070 3072 3074 3079 3083 3085 3086 3087 3089 3094 3097 3093 3090 3084 3080 3079 3077 3073 3069 3069 3068 3052 3036 3026 3017 
2990 2993 2996 2990 2985 2993 3003 2999 2993 2996 3002 3000 2997 2993 2989 2988 2988 2990 2992 2992 2990 2990 2990 2994 3001 3019 3043 3057 3062 3068 3073 3076 3075 3074 3073 3073 3076 3076 3069 3067 3069 3073 3079 3083 3082 3082 3085 3089 3095 3098 3093 3089 3085 3080 3077 3073 3074 3074 3073 3071 3054 3037 3026 3015 
2994 2993 2992 2989 2985 2992 2999 2995 2989 2994 3001 2999 2996 2994 2991 2989 2988 2988 2989 2991 2994 2994 2994 2999 3007 3021 3039 3051 3059 3066 3072 3075 3075 3074 3074 3076 3080 3079 3072 3068 3072 3075 3080 3081 3079 3079 3086 3092 3096 3099 3096 3094 3090 3085 3078 3072 3073 3074 3072 3069 3051 3033 3020 3007 
2994 2992 2991 2988 2986 2991 2995 2992 2989 2993 2998 2997 2995 2993 2991 2990 2989 2988 2987 2990 2995 2996 2995 3000 3008 3020 3034 3045 3055 3063 3070 3073 3073 3074 3074 3077 3081 3081 3074 3071 3074 3077 3080 3082 3079 3079 3086 3092 3095 3097 3096 3096 3092 3088 3079 3071 3073 3075 3071 3066 3048 3030 3017 3004 
2989 2990 2992 2991 2990 2991 2992 2994 2996 2994 2993 2992 2992 2990 2988 2990 2992 2991 2988 2988 2990 2990 2989 2994 3000 3012 3028 3040 3050 3058 3065 3069 3071 3073 3074 3076 3078 3079 3077 3075 3074 3076 3081 3084 3084 3085 3085 3086 3088 3089 3090 3091 3089 3086 3079 3072 3076 3079 3071 3063 3046 3030 3022 3014 
2986 2989 2993 2992 2991 2989 2988 2992 2997 2994 2989 2990 2991 2989 2987 2989 2993 2992 2989 2988 2988 2987 2987 2990 2995 3006 3021 3035 3047 3056 3063 3068 3069 3071 3073 3075 3076 3077 3079 3078 3076 3075 3080 3084 3087 3088 3085 3082 3083 3083 3085 3086 3085 3084 3079 3075 3080 3082 3071 3059 3044 3030 3025 3020 
2989 2990 2992 2989 2985 2984 2983 2984 2984 2987 2991 2991 2990 2991 2991 2989 2986 2989 2993 2992 2989 2989 2991 2993 2994 3002 3013 3028 3046 3060 3069 3072 3068 3069 3073 3076 3076 3077 3080 3081 3078 3076 3077 3079 3083 3085 3084 3083 3080 3079 3081 3083 3082 3082 3081 3082 3084 3084 3067 3051 3041 3032 3024 3017 
2991 2991 2992 2987 2982 2981 2980 2978 2976 2983 2992 2992 2990 2992 2994 2990 2983 2987 2995 2994 2990 2991 2994 2995 2995 2999 3005 3021 3044 3060 3071 3073 3068 3067 3072 3075 3074 3076 3080 3081 3079 3077 3076 3076 3079 3082 3083 3083 3079 3077 3079 3080 3081 3082 3083 3084 3084 3083 3063 3043 3038 3031 3023 3015 
2989 2992 2995 2991 2986 2982 2978 2980 2982 2987 2993 2991 2989 2990 2993 2992 2991 2990 2990 2990 2989 2991 2993 2995 2997 2997 2996 3010 3035 3053 3064 3069 3068 3067 3067 3067 3068 3070 3075 3078 3077 3077 3079 3080 3079 3079 3080 3081 3081 3081 3079 3079 3085 3090 3082 3075 3075 3073 3056 3039 3033 3027 3022 3018 
2986 2992 2997 2994 2990 2983 2976 2980 2985 2988 2992 2991 2988 2989 2992 2994 2997 2993 2987 2986 2988 2990 2992 2994 2997 2995 2990 3002 3026 3044 3057 3065 3067 3067 3064 3063 3063 3066 3072 3076 3075 3077 3081 3083 3080 3078 3079 3080 3082 3083 3078 3077 3088 3096 3081 3069 3068 3066 3051 3036 3030 3025 3022 3019 
2978 2987 2996 2994 2992 2984 2976 2976 2977 2982 2987 2988 2988 2989 2990 2993 2997 2994 2987 2985 2985 2985 2986 2988 2991 2993 2993 3002 3016 3032 3050 3060 3063 3066 3071 3072 3069 3068 3073 3075 3076 3077 3079 3082 3084 3085 3080 3077 3079 3079 3076 3075 3087 3095 3081 3069 3068 3066 3052 3039 3036 3032 3025 3017 
2973 2983 2994 2993 2992 2984 2976 2974 2972 2977 2984 2986 2988 2989 2989 2992 2997 2994 2987 2984 2983 2982 2982 2984 2987 2991 2995 3001 3007 3022 3043 3055 3060 3066 3076 3078 3072 3069 3072 3074 3075 3076 3077 3081 3088 3091 3082 3076 3076 3075 3073 3074 3085 3093 3080 3069 3068 3067 3054 3042 3040 3038 3027 3015 
2978 2983 2988 2986 2985 2984 2984 2984 2984 2985 2987 2987 2987 2987 2986 2990 2994 2991 2985 2984 2984 2986 2987 2988 2988 2989 2991 2996 3004 3018 3038 3052 3062 3067 3070 3069 3065 3064 3066 3068 3070 3073 3078 3083 3090 3092 3084 3078 3076 3073 3071 3071 3079 3084 3075 3067 3068 3067 3056 3045 3040 3035 3027 3018 
2982 2982 2983 2982 2980 2985 2989 2991 2992 2990 2989 2987 2985 2984 2984 2987 2991 2988 2984 2984 2985 2989 2993 2993 2992 2990 2988 2992 3000 3014 3032 3048 3062 3067 3064 3062 3059 3059 3062 3065 3067 3072 3079 3086 3091 3093 3087 3081 3076 3072 3071 3070 3074 3077 3071 3067 3067 3066 3057 3048 3041 3033 3026 3020 
2981 2982 2982 2985 2987 2985 2982 2982 2983 2985 2987 2983 2977 2979 2982 2983 2982 2985 2988 2987 2985 2991 3001 3004 3005 3000 2990 2989 2992 3004 3022 3038 3053 3061 3062 3062 3060 3062 3070 3075 3075 3077 3086 3092 3093 3092 3089 3086 3081 3078 3080 3081 3077 3074 3072 3070 3063 3056 3054 3051 3044 3037 3027 3017 
2981 2981 2981 2988 2994 2986 2977 2977 2977 2981 2986 2980 2972 2976 2983 2981 2976 2982 2992 2992 2987 2995 3007 3014 3017 3010 2995 2988 2987 2996 3013 3029 3045 3055 3060 3062 3060 3065 3077 3084 3081 3083 3091 3096 3094 3092 3092 3091 3086 3083 3089 3091 3080 3072 3072 3071 3058 3046 3050 3054 3047 3040 3027 3015 
2980 2982 2984 2991 2999 2993 2987 2987 2988 2988 2989 2990 2991 2995 2999 2994 2987 2991 2998 3001 3002 3005 3009 3014 3020 3019 3015 3007 2997 3000 3013 3028 3045 3056 3062 3065 3064 3067 3076 3082 3083 3084 3087 3090 3092 3094 3094 3093 3088 3085 3088 3089 3083 3076 3071 3064 3051 3040 3047 3053 3048 3043 3031 3020 
2980 2983 2986 2994 3003 2999 2995 2996 2998 2995 2992 2999 3008 3012 3013 3007 2998 2999 3003 3008 3014 3014 3011 3015 3024 3029 3033 3024 3006 3003 3014 3028 3045 3058 3065 3068 3067 3069 3075 3080 3083 3085 3084 3085 3091 3095 3096 3095 3091 3088 3088 3088 3084 3079 3068 3057 3044 3034 3043 3052 3049 3045 3035 3025 
2989 2990 2991 2992 2994 2995 2996 2997 2998 2995 2992 3000 3011 3012 3010 3006 3002 3000 3000 3005 3012 3014 3014 3023 3036 3041 3040 3029 3010 3008 3019 3035 3057 3069 3072 3071 3065 3066 3074 3079 3079 3081 3086 3090 3093 3096 3097 3097 3094 3092 3088 3083 3076 3069 3060 3052 3043 3035 3040 3044 3040 3037 3035 3033 
2998 2997 2995 2990 2986 2991 2996 2997 2998 2995 2992 3001 3013 3011 3007 3006 3006 3002 2997 3002 3010 3015 3018 3030 3047 3051 3046 3033 3014 3012 3024 3043 3068 3080 3079 3074 3064 3063 3073 3078 3076 3078 3088 3095 3096 3096 3098 3099 3098 3095 3087 3079 3068 3059 3053 3048 3041 3035 3036 3036 3033 3029 3035 3041 
2997 2997 2996 2992 2989 2993 2997 2996 2995 2996 2998 3004 3011 3006 2999 3001 3005 3004 3002 3006 3013 3018 3021 3031 3044 3049 3049 3041 3027 3027 3038 3054 3073 3082 3082 3077 3068 3066 3076 3083 3085 3088 3092 3095 3094 3093 3095 3096 3096 3095 3086 3076 3063 3053 3055 3055 3039 3026 3029 3032 3031 3031 3036 3042 
2997 2996 2996 2994 2992 2994 2997 2994 2992 2997 3003 3006 3009 3002 2993 2996 3004 3006 3007 3011 3016 3021 3025 3032 3042 3048 3052 3048 3039 3041 3052 3064 3077 3084 3084 3080 3071 3070 3079 3087 3094 3097 3096 3095 3092 3090 3092 3093 3095 3094 3084 3074 3059 3048 3057 3062 3038 3018 3023 3027 3030 3032 3038 3043 
2994 2993 2993 2992 2990 2993 2995 2996 2996 2997 2999 3003 3009 3008 3005 3003 3001 3005 3012 3016 3019 3026 3035 3042 3049 3053 3056 3055 3051 3052 3058 3066 3076 3083 3087 3087 3080 3077 3078 3081 3085 3088 3089 3089 3091 3092 3094 3094 3094 3092 3083 3074 3066 3058 3054 3049 3036 3025 3031 3036 3037 3039 3041 3044 
2991 2991 2990 2989 2988 2991 2994 2997 3000 2997 2994 3001 3009 3014 3017 3009 2998 3004 3017 3021 3021 3030 3044 3052 3055 3058 3059 3061 3063 3064 3064 3068 3074 3082 3090 3093 3089 3084 3077 3074 3076 3079 3081 3084 3090 3094 3095 3095 3093 3089 3081 3075 3073 3068 3052 3037 3034 3032 3039 3045 3045 3045 3044 3044